   1.1999000e+07   0.0000000e+00
   1.6640000e+04   2.0690918e+01
   2.3282000e+04   2.1728516e+01
   6.3262000e+04   2.1362305e+01
   1.2115100e+05   2.1606445e+01
   1.2661100e+05   2.2766113e+01
   1.2898400e+05   2.3986816e+01
   1.7108700e+05   2.1972656e+01
   2.1880100e+05   2.1667480e+01
   2.4521100e+05   2.0874023e+01
   2.5562000e+05   2.0935059e+01
   2.8897600e+05   2.0629883e+01
   2.9884700e+05   2.1850586e+01
   3.1008700e+05   2.1606445e+01
   3.1825100e+05   2.0874023e+01
   3.3515700e+05   2.0507812e+01
   3.3875000e+05   2.1301270e+01
   3.4420700e+05   2.1362305e+01
   3.5745200e+05   2.0629883e+01
   3.7910400e+05   2.1667480e+01
   4.0529000e+05   2.0507812e+01
   4.0783400e+05   2.0935059e+01
   4.1669400e+05   2.1972656e+01
   4.2369100e+05   2.4780273e+01
   4.2502500e+05   2.0690918e+01
   4.3381600e+05   2.0996094e+01
   5.0256200e+05   2.3620605e+01
   5.1236300e+05   2.2094727e+01
   5.1874300e+05   2.2766113e+01
   5.3925800e+05   2.2216797e+01
   5.4646600e+05   2.4841309e+01
   5.8527100e+05   2.0568848e+01
   6.3322200e+05   2.3193359e+01
   7.0423700e+05   3.8208008e+01
   7.1313600e+05   2.2399902e+01
   7.3442200e+05   2.3010254e+01
   7.7503000e+05   2.1789551e+01
   7.8191900e+05   2.0446777e+01
   8.3234900e+05   2.3254395e+01
   8.3522900e+05   2.1484375e+01
   8.4712800e+05   2.0629883e+01
   9.0231500e+05   2.1728516e+01
   9.2185000e+05   2.1484375e+01
   9.4538000e+05   2.3742676e+01
   9.6385000e+05   2.0751953e+01
   9.6957800e+05   2.1667480e+01
   1.0103500e+06   2.1545410e+01
   1.0442050e+06   2.1850586e+01
   1.0560620e+06   2.2155762e+01
   1.0937660e+06   2.0690918e+01
   1.1046740e+06   2.0812988e+01
   1.1431900e+06   2.1789551e+01
   1.1468930e+06   2.0874023e+01
   1.1523560e+06   2.3193359e+01
   1.1621490e+06   2.0629883e+01
   1.1951770e+06   2.2033691e+01
   1.2429040e+06   2.3559570e+01
   1.2492280e+06   2.2033691e+01
   1.2867290e+06   2.2460938e+01
   1.3223530e+06   2.1545410e+01
   1.3464480e+06   2.0446777e+01
   1.3600440e+06   2.1667480e+01
   1.3715030e+06   2.1728516e+01
   1.3959060e+06   2.1850586e+01
   1.4172490e+06   2.1423340e+01
   1.4245470e+06   2.2705078e+01
   1.4508090e+06   2.0935059e+01
   1.4792110e+06   2.0935059e+01
   1.4801700e+06   2.4230957e+01
   1.4893140e+06   2.1850586e+01
   1.5218920e+06   2.0507812e+01
   1.5387050e+06   2.1423340e+01
   1.5542710e+06   2.1118164e+01
   1.6192440e+06   2.1240234e+01
   1.6271470e+06   2.0996094e+01
   1.6320590e+06   2.2338867e+01
   1.6383250e+06   2.0385742e+01
   1.6732100e+06   2.1057129e+01
   1.7405720e+06   2.0629883e+01
   1.7592190e+06   2.0812988e+01
   1.8026110e+06   2.1545410e+01
   1.8151280e+06   2.0812988e+01
   1.8601330e+06   2.2338867e+01
   1.9602150e+06   2.3803711e+01
   1.9700360e+06   2.1850586e+01
   1.9905870e+06   2.0751953e+01
   2.0047360e+06   2.0690918e+01
   2.0210150e+06   2.3071289e+01
   2.0974020e+06   2.1301270e+01
   2.0997670e+06   2.1545410e+01
   2.1541270e+06   2.0812988e+01
   2.1862050e+06   2.0507812e+01
   2.1914010e+06   2.2521973e+01
   2.2391490e+06   2.0568848e+01
   2.2500410e+06   2.1057129e+01
   2.2890790e+06   2.0629883e+01
   2.3020180e+06   2.1484375e+01
   2.3091020e+06   2.1667480e+01
   2.3308570e+06   2.2094727e+01
   2.3584510e+06   2.3010254e+01
   2.3839160e+06   2.0751953e+01
   2.4662610e+06   2.1179199e+01
   2.5472160e+06   2.2399902e+01
   2.5881510e+06   2.1423340e+01
   2.6010210e+06   2.0812988e+01
   2.6358150e+06   2.0446777e+01
   2.6405990e+06   2.0507812e+01
   2.6875540e+06   2.0568848e+01
   2.7235710e+06   2.2033691e+01
   2.8222560e+06   2.0507812e+01
   2.8773660e+06   2.0812988e+01
   2.8830020e+06   2.2277832e+01
   2.9269290e+06   2.1240234e+01
   3.1393470e+06   2.1240234e+01
   3.1557560e+06   2.0202637e+01
   3.1661160e+06   2.1545410e+01
   3.1788570e+06   2.1301270e+01
   3.1917870e+06   2.2277832e+01
   3.2105850e+06   2.0019531e+01
   3.2200430e+06   2.0996094e+01
   3.2400770e+06   1.9958496e+01
   3.2420520e+06   2.4597168e+01
   3.2532820e+06   2.0568848e+01
   3.2683240e+06   2.1423340e+01
   3.2715800e+06   2.2033691e+01
   3.2954150e+06   2.1362305e+01
   3.3212870e+06   2.0080566e+01
   3.3432930e+06   2.1545410e+01
   3.3616650e+06   2.2521973e+01
   3.3657330e+06   2.0935059e+01
   3.3700160e+06   2.1179199e+01
   3.3866480e+06   2.0446777e+01
   3.3972790e+06   2.1301270e+01
   3.4217130e+06   2.0812988e+01
   3.4288690e+06   2.3071289e+01
   3.4743110e+06   2.1057129e+01
   3.5320210e+06   2.0812988e+01
   3.5348380e+06   2.2155762e+01
   3.5495570e+06   2.0690918e+01
   3.5949550e+06   2.0812988e+01
   3.6085860e+06   2.0446777e+01
   3.6170030e+06   2.0080566e+01
   3.6221660e+06   2.0263672e+01
   3.6403550e+06   2.0324707e+01
   3.6437190e+06   2.0080566e+01
   3.6599190e+06   2.0141602e+01
   3.6749440e+06   1.9958496e+01
   3.7339060e+06   2.0263672e+01
   3.7488540e+06   2.3681641e+01
   3.8030220e+06   2.1484375e+01
   3.8112970e+06   2.1301270e+01
   3.8681010e+06   2.0202637e+01
   3.8743130e+06   2.0874023e+01
   3.9399830e+06   2.0019531e+01
   3.9445160e+06   2.2644043e+01
   3.9779210e+06   2.0202637e+01
   3.9800130e+06   2.0202637e+01
   3.9820320e+06   2.1545410e+01
   4.0708890e+06   2.3437500e+01
   4.1248880e+06   2.1484375e+01
   4.2362190e+06   2.0202637e+01
   4.2448650e+06   2.2277832e+01
   4.2471480e+06   2.0080566e+01
   4.2723190e+06   2.1362305e+01
   4.3281210e+06   2.0446777e+01
   4.3966510e+06   2.3498535e+01
   4.4237630e+06   2.0141602e+01
   4.4323980e+06   2.0446777e+01
   4.5192030e+06   2.0263672e+01
   4.5812950e+06   2.3132324e+01
   4.5885830e+06   2.3010254e+01
   4.6282570e+06   2.1911621e+01
   4.6506480e+06   2.0690918e+01
   4.7124350e+06   2.0568848e+01
   4.7212740e+06   2.0507812e+01
   4.7243670e+06   2.0568848e+01
   4.7798160e+06   2.1179199e+01
   4.8134200e+06   2.2644043e+01
   5.0066030e+06   2.1545410e+01
   5.0330080e+06   2.0568848e+01
   5.0667400e+06   2.0996094e+01
   5.1332830e+06   2.1118164e+01
   5.2089970e+06   2.0629883e+01
   5.2314120e+06   2.2155762e+01
   5.2360240e+06   2.3376465e+01
   5.2434040e+06   2.1606445e+01
   5.2577430e+06   2.0202637e+01
   5.2876360e+06   2.0141602e+01
   5.3299990e+06   2.0751953e+01
   5.3373600e+06   2.1606445e+01
   5.4129100e+06   2.3071289e+01
   5.4351230e+06   2.0263672e+01
   5.4759610e+06   2.0385742e+01
   5.4836160e+06   2.0935059e+01
   5.4963810e+06   2.0324707e+01
   5.5088950e+06   2.0324707e+01
   5.5338870e+06   2.1850586e+01
   5.5496700e+06   2.0446777e+01
   5.5564960e+06   1.9958496e+01
   5.7087090e+06   2.0263672e+01
   5.7214810e+06   2.1423340e+01
   5.7469780e+06   2.1118164e+01
   5.7699650e+06   2.0080566e+01
   5.7831170e+06   2.1789551e+01
   5.7875240e+06   1.9958496e+01
   5.8090470e+06   2.0019531e+01
   5.8248550e+06   2.2216797e+01
   5.8307690e+06   2.0996094e+01
   5.8840950e+06   2.2094727e+01
   5.9406600e+06   2.0507812e+01
   6.0650230e+06   2.2155762e+01
   6.1660950e+06   2.0568848e+01
   6.3486220e+06   2.0263672e+01
   6.3886840e+06   2.0202637e+01
   6.4052850e+06   2.2033691e+01
   6.4930900e+06   2.0507812e+01
   6.5145420e+06   2.0324707e+01
   6.7783240e+06   2.1911621e+01
   6.8699110e+06   2.0385742e+01
   7.0447300e+06   2.0446777e+01
   7.1090200e+06   2.3376465e+01
   7.1921970e+06   2.2583008e+01
   7.2179820e+06   2.0935059e+01
   7.2706060e+06   2.0690918e+01
   7.3310240e+06   2.1057129e+01
   7.4662340e+06   2.1362305e+01
   7.7524770e+06   2.1057129e+01
   7.7854710e+06   2.1362305e+01
   7.8271660e+06   2.0874023e+01
   7.8606070e+06   2.1240234e+01
   7.9218010e+06   2.0629883e+01
   7.9392970e+06   2.0385742e+01
   8.0518740e+06   2.0568848e+01
   8.0739690e+06   2.3803711e+01
   8.1822420e+06   2.3742676e+01
   8.5108760e+06   2.0446777e+01
   8.5189390e+06   2.0935059e+01
   9.0778350e+06   2.0202637e+01
   9.1364910e+06   2.3315430e+01
   9.2164340e+06   2.0874023e+01
   9.3300080e+06   2.0385742e+01
   9.4285570e+06   2.0202637e+01
   9.4376770e+06   2.0629883e+01
   9.7489480e+06   2.1301270e+01
   9.8669420e+06   2.2583008e+01
   1.0128735e+07   2.1179199e+01
   1.1842320e+07   2.0446777e+01
