   1.1999000e+07   0.0000000e+00
   2.9595000e+05   2.3071289e+01
   4.4348400e+05   2.2216797e+01
   5.5576900e+05   2.2155762e+01
   5.5619800e+05   2.5451660e+01
   7.0423700e+05   4.5471191e+01
   8.6479700e+05   2.2033691e+01
   8.7274700e+05   2.3376465e+01
   1.4402910e+06   2.1728516e+01
   1.4619410e+06   2.4658203e+01
   1.5195310e+06   2.1789551e+01
   1.5246950e+06   2.2827148e+01
   1.6968640e+06   2.2155762e+01
   1.9885800e+06   2.1911621e+01
   2.0125710e+06   2.2583008e+01
   2.0624500e+06   2.2460938e+01
   2.0857670e+06   2.1911621e+01
   2.1097030e+06   2.1728516e+01
   2.6195920e+06   2.2399902e+01
   2.6994990e+06   2.1667480e+01
   3.1191290e+06   2.1606445e+01
   4.3587860e+06   2.3864746e+01
   4.5290180e+06   2.2949219e+01
   4.9033300e+06   2.2155762e+01
   5.9377810e+06   2.2094727e+01
   6.1415220e+06   2.2644043e+01
   6.6509460e+06   2.2094727e+01
   6.6558180e+06   2.1972656e+01
   7.2173400e+06   2.2888184e+01
   9.1165720e+06   2.1667480e+01
   9.3424250e+06   2.2155762e+01
   9.8279070e+06   2.1789551e+01
