   1.1999000e+07   0.0000000e+00
   8.1873000e+04   2.2460938e+01
   1.2303900e+05   2.4169922e+01
   1.9425400e+05   2.2766113e+01
   2.5135800e+05   2.9418945e+01
   2.5404100e+05   2.5878906e+01
   3.2236100e+05   2.1972656e+01
   3.2296500e+05   2.4658203e+01
   3.7142900e+05   2.3620605e+01
   4.1849600e+05   2.2338867e+01
   7.0423700e+05   4.3334961e+01
   8.5857700e+05   2.3071289e+01
   8.7266800e+05   2.4291992e+01
   8.9068900e+05   2.3559570e+01
   8.9692400e+05   2.2766113e+01
   8.9758900e+05   2.2888184e+01
   9.0670200e+05   2.2216797e+01
   9.1381400e+05   2.7832031e+01
   9.4256500e+05   2.1972656e+01
   9.8791600e+05   2.3010254e+01
   9.9357600e+05   2.3986816e+01
   1.0004040e+06   2.2094727e+01
   1.0504960e+06   2.4047852e+01
   1.0872140e+06   2.3620605e+01
   1.0998510e+06   2.3620605e+01
   1.1037670e+06   2.2583008e+01
   1.1889580e+06   2.2521973e+01
   1.3117460e+06   2.2399902e+01
   1.8776740e+06   2.4291992e+01
   1.8913810e+06   2.2094727e+01
   1.9038930e+06   2.2827148e+01
   1.9638750e+06   2.2155762e+01
   1.9957470e+06   2.3254395e+01
   2.0134500e+06   2.5512695e+01
   2.0583500e+06   2.2705078e+01
   2.0717480e+06   2.2644043e+01
   2.1399820e+06   2.2460937e+01
   2.4091840e+06   2.2155762e+01
   2.4313870e+06   2.3620605e+01
   2.4601920e+06   2.3681641e+01
   2.5007340e+06   2.2460938e+01
   2.5176840e+06   2.3559570e+01
   2.5312320e+06   2.4230957e+01
   2.5494150e+06   2.2033691e+01
   2.6011500e+06   2.4597168e+01
   2.6222540e+06   2.4230957e+01
   2.6419480e+06   2.5146484e+01
   2.6483750e+06   2.2827148e+01
   2.6809760e+06   2.2338867e+01
   2.8039010e+06   2.3986816e+01
   2.8580340e+06   2.1972656e+01
   2.8739680e+06   2.3864746e+01
   2.8965080e+06   2.2705078e+01
   2.8970630e+06   2.1972656e+01
   2.9227290e+06   2.4963379e+01
   2.9582170e+06   2.2460938e+01
   3.0056970e+06   2.5329590e+01
   3.0770550e+06   2.3498535e+01
   3.0909120e+06   2.2888184e+01
   3.1882890e+06   2.3681641e+01
   3.1999510e+06   2.3925781e+01
   3.2076160e+06   2.5939941e+01
   3.2077460e+06   2.2216797e+01
   3.2649450e+06   2.1972656e+01
   3.3270020e+06   2.2583008e+01
   3.3475070e+06   2.6489258e+01
   3.4606560e+06   2.3376465e+01
   3.4728310e+06   2.2338867e+01
   3.5351030e+06   2.1850586e+01
   3.6286440e+06   2.1911621e+01
   3.6428700e+06   2.1911621e+01
   3.6434480e+06   2.2094727e+01
   3.6688790e+06   2.2705078e+01
   3.8203490e+06   2.2094727e+01
   3.8428470e+06   2.3193359e+01
   3.8487090e+06   2.5329590e+01
   3.8490840e+06   2.2521973e+01
   3.9241120e+06   2.2460938e+01
   3.9299820e+06   2.4230957e+01
   3.9474570e+06   2.2094727e+01
   4.1950510e+06   2.2766113e+01
   4.1951890e+06   2.2277832e+01
   4.2220780e+06   2.2766113e+01
   4.2344530e+06   2.3376465e+01
   4.2445360e+06   2.3437500e+01
   4.2577490e+06   2.3559570e+01
   4.2741720e+06   2.3376465e+01
   4.2828950e+06   2.1911621e+01
   4.3026030e+06   2.2094727e+01
   4.3112620e+06   2.2583008e+01
   4.3516330e+06   2.3071289e+01
   4.3517820e+06   2.1972656e+01
   4.3688120e+06   2.2766113e+01
   4.3761060e+06   2.2766113e+01
   4.3854020e+06   2.2338867e+01
   4.3976860e+06   2.2155762e+01
   4.4095510e+06   2.2399902e+01
   4.4178560e+06   2.4291992e+01
   4.4793180e+06   2.2399902e+01
   4.5619100e+06   2.2216797e+01
   4.6179510e+06   2.2155762e+01
   4.6328700e+06   2.4536133e+01
   4.8002180e+06   2.2033691e+01
   4.8515530e+06   2.2399902e+01
   5.1761810e+06   2.2216797e+01
   5.2039310e+06   2.3498535e+01
   5.2044960e+06   2.4475098e+01
   5.6165900e+06   2.6062012e+01
   5.6512130e+06   2.3071289e+01
   5.6687760e+06   2.3376465e+01
   5.6775190e+06   2.2644043e+01
   5.7286650e+06   2.2460938e+01
   5.7453830e+06   2.2399902e+01
   5.9158390e+06   2.3620605e+01
   5.9188500e+06   2.5207520e+01
   5.9190150e+06   2.1728516e+01
   5.9280280e+06   2.2094727e+01
   6.2605400e+06   2.3376465e+01
   6.2710240e+06   2.2338867e+01
   7.6109770e+06   2.3620605e+01
   7.6901640e+06   2.2338867e+01
   8.0113320e+06   2.2338867e+01
   8.4714580e+06   2.2399902e+01
   1.0643416e+07   2.2338867e+01
   1.1713290e+07   2.4902344e+01
