   1.1999000e+07   0.0000000e+00
   7.0423700e+05   3.5583496e+01
   1.2925190e+06   2.2399902e+01
   2.1389990e+06   2.2949219e+01
   2.4852670e+06   2.3620605e+01
   2.8449900e+06   2.1850586e+01
   2.9223970e+06   2.1972656e+01
   4.4588380e+06   2.4047852e+01
   5.3743380e+06   2.2399902e+01
   7.5251410e+06   2.3010254e+01
   8.5881060e+06   2.2705078e+01
   8.9241990e+06   2.3010254e+01
   9.3076320e+06   2.3864746e+01
   1.0216550e+07   2.2521973e+01
   1.0477475e+07   2.3315430e+01
   1.0869152e+07   2.2216797e+01
   1.1015078e+07   2.2766113e+01
   1.1084897e+07   2.2277832e+01
   1.1289217e+07   2.2277832e+01
   1.1363438e+07   2.2094727e+01
   1.1796744e+07   2.2277832e+01
