   1.1999000e+07   0.0000000e+00
   7.2211000e+04   1.0620117e+01
   3.0692930e+06   1.1291504e+01
   3.1095630e+06   1.0864258e+01
   3.2519360e+06   1.1718750e+01
   3.7445670e+06   1.0742188e+01
   5.1934780e+06   1.1291504e+01
   5.4235050e+06   1.0864258e+01
   6.4195090e+06   1.0559082e+01
   6.6088360e+06   1.0559082e+01
   6.9923610e+06   1.0681152e+01
   7.2499050e+06   1.0864258e+01
   7.4220590e+06   1.1779785e+01
   8.2232880e+06   1.0620117e+01
   8.7593460e+06   1.0620117e+01
   9.6193060e+06   1.0986328e+01
   9.9276430e+06   1.0620117e+01
   1.0186642e+07   1.1230469e+01
   1.1627756e+07   1.0620117e+01
