   1.1999000e+07   0.0000000e+00
   9.9020000e+03   3.8146973e+01
   2.1236000e+04   3.6926270e+01
   2.1639000e+04   3.5522461e+01
   2.4761000e+04   4.1870117e+01
   3.0440000e+04   3.2958984e+01
   3.1633000e+04   3.3935547e+01
   3.2738000e+04   3.4179688e+01
   3.4646000e+04   3.5156250e+01
   3.8723000e+04   3.4362793e+01
   4.0516000e+04   3.4790039e+01
   4.3384000e+04   3.4545898e+01
   4.4638000e+04   3.4301758e+01
   4.4914000e+04   3.3691406e+01
   4.6528000e+04   3.3752441e+01
   4.8105000e+04   3.5217285e+01
   4.8500000e+04   3.3630371e+01
   5.0212000e+04   3.6987305e+01
   5.3423000e+04   3.6560059e+01
   5.5256000e+04   5.4870605e+01
   5.5843000e+04   4.0161133e+01
   5.6692000e+04   3.3203125e+01
   6.3862000e+04   3.4606934e+01
   7.6683000e+04   3.6560059e+01
   7.8558000e+04   3.2775879e+01
   8.0008000e+04   3.4729004e+01
   8.2643000e+04   3.5949707e+01
   8.2767000e+04   3.3508301e+01
   8.4717000e+04   3.3691406e+01
   8.6474000e+04   3.5156250e+01
   8.8075000e+04   3.5156250e+01
   9.2134000e+04   3.3203125e+01
   9.5132000e+04   3.2836914e+01
   9.9346000e+04   3.5888672e+01
   1.0254000e+05   3.2714844e+01
   1.1039600e+05   3.5339355e+01
   1.1068100e+05   3.6804199e+01
   1.2166600e+05   3.6621094e+01
   1.2637900e+05   3.3752441e+01
   1.3152400e+05   3.6376953e+01
   1.4098000e+05   3.8513184e+01
   1.4162100e+05   3.2836914e+01
   1.5623800e+05   3.5095215e+01
   1.5920400e+05   3.3935547e+01
   1.6040000e+05   3.3752441e+01
   1.6078800e+05   3.4301758e+01
   1.6349600e+05   3.6315918e+01
   1.6653100e+05   3.6437988e+01
   1.6872200e+05   3.3142090e+01
   1.7006000e+05   3.3264160e+01
   1.7360000e+05   3.5522461e+01
   1.7576000e+05   3.6193848e+01
   1.8436500e+05   3.4362793e+01
   1.9264400e+05   3.2775879e+01
   1.9577400e+05   3.2836914e+01
   2.0304200e+05   3.5339355e+01
   2.0570800e+05   3.3508301e+01
   2.1280700e+05   4.3090820e+01
   2.1461600e+05   3.3447266e+01
   2.2044800e+05   3.3996582e+01
   2.2158900e+05   3.3813477e+01
   2.2458600e+05   3.3874512e+01
   2.2929600e+05   3.3142090e+01
   2.3095400e+05   3.4973145e+01
   2.3135100e+05   3.7170410e+01
   2.3639600e+05   3.3508301e+01
   2.4041500e+05   3.3264160e+01
   2.5226900e+05   3.2714844e+01
   2.5230700e+05   3.7536621e+01
   2.5771900e+05   3.9916992e+01
   2.5975300e+05   3.4912109e+01
   2.6578200e+05   3.3081055e+01
   2.6587900e+05   3.2958984e+01
   2.6611400e+05   3.6865234e+01
   2.6917100e+05   3.6621094e+01
   2.7337700e+05   3.4301758e+01
   2.8202100e+05   3.2653809e+01
   2.8213500e+05   3.3325195e+01
   2.8226700e+05   3.3142090e+01
   2.8324200e+05   3.3447266e+01
   2.8696400e+05   3.5095215e+01
   2.9400500e+05   4.2419434e+01
   2.9743500e+05   3.3935547e+01
   3.0454900e+05   3.3813477e+01
   3.0936800e+05   3.2836914e+01
   3.1284800e+05   4.2785645e+01
   3.1566500e+05   3.4179688e+01
   3.2685300e+05   3.3630371e+01
   3.2876000e+05   3.3752441e+01
   3.3011900e+05   3.8879395e+01
   3.3163300e+05   3.3691406e+01
   3.3479000e+05   3.3508301e+01
   3.3548700e+05   3.3691406e+01
   3.4116500e+05   3.5156250e+01
   3.4182600e+05   3.7353516e+01
   3.4905900e+05   3.3203125e+01
   3.5123700e+05   3.3325195e+01
   3.5143000e+05   3.4606934e+01
   3.5407100e+05   3.4851074e+01
   3.5748900e+05   3.3203125e+01
   3.6145400e+05   3.3325195e+01
   3.6334600e+05   3.9855957e+01
   3.6732600e+05   3.9062500e+01
   3.6850700e+05   3.3874512e+01
   3.7106400e+05   3.3386230e+01
   3.7443700e+05   3.5095215e+01
   3.8605100e+05   3.8269043e+01
   3.9086400e+05   3.5156250e+01
   3.9322200e+05   3.3142090e+01
   3.9363000e+05   3.3630371e+01
   3.9896200e+05   3.6621094e+01
   4.0638100e+05   3.3935547e+01
   4.1546000e+05   3.6010742e+01
   4.2412000e+05   3.2958984e+01
   4.2888200e+05   3.4118652e+01
   4.2937400e+05   3.3325195e+01
   4.3302000e+05   3.3447266e+01
   4.3467000e+05   5.4687500e+01
   4.4282200e+05   3.3813477e+01
   4.4369900e+05   3.8269043e+01
   4.4425900e+05   3.6254883e+01
   4.4835100e+05   3.2775879e+01
   4.5001100e+05   3.2653809e+01
   4.5038900e+05   3.3996582e+01
   4.5423100e+05   3.3447266e+01
   4.5461400e+05   3.5888672e+01
   4.5684600e+05   3.6010742e+01
   4.5847900e+05   3.4179688e+01
   4.6004400e+05   3.5522461e+01
   4.6697300e+05   4.2236328e+01
   4.6956200e+05   3.6987305e+01
   4.7247400e+05   3.3508301e+01
   4.7584100e+05   3.5400391e+01
   4.7764700e+05   3.8818359e+01
   4.8185200e+05   3.6987305e+01
   4.8458200e+05   3.3691406e+01
   4.9040500e+05   3.3264160e+01
   4.9205300e+05   3.4851074e+01
   4.9367600e+05   3.3630371e+01
   4.9649200e+05   3.3020020e+01
   5.0094000e+05   3.6682129e+01
   5.0993800e+05   3.6865234e+01
   5.1079300e+05   3.3203125e+01
   5.1299800e+05   3.3569336e+01
   5.2694600e+05   3.6804199e+01
   5.2771300e+05   3.5949707e+01
   5.2956500e+05   3.2714844e+01
   5.3303200e+05   3.2958984e+01
   5.3781900e+05   3.5766602e+01
   5.3832400e+05   3.6804199e+01
   5.4114600e+05   3.4240723e+01
   5.4541800e+05   3.5522461e+01
   5.5374500e+05   3.2653809e+01
   5.6045300e+05   3.3020020e+01
   5.6449600e+05   3.2714844e+01
   5.6768200e+05   3.3264160e+01
   5.7100300e+05   4.5166016e+01
   5.7979300e+05   3.4423828e+01
   5.8172900e+05   3.4423828e+01
   5.8274600e+05   3.4240723e+01
   5.8474500e+05   3.4484863e+01
   5.8761500e+05   3.7536621e+01
   6.0968300e+05   3.6193848e+01
   6.1108100e+05   3.4790039e+01
   6.1391800e+05   3.5522461e+01
   6.1710500e+05   3.5461426e+01
   6.1845000e+05   3.4729004e+01
   6.2088500e+05   3.5278320e+01
   6.2271900e+05   3.4790039e+01
   6.3394500e+05   3.5583496e+01
   6.4474700e+05   3.3325195e+01
   6.4578100e+05   3.3508301e+01
   6.4742500e+05   3.2653809e+01
   6.5699100e+05   3.3447266e+01
   6.6616100e+05   3.3203125e+01
   6.7341700e+05   3.4912109e+01
   6.8116500e+05   3.4240723e+01
   6.8250600e+05   3.6376953e+01
   6.8758100e+05   3.6132812e+01
   6.8950600e+05   3.3020020e+01
   6.9026600e+05   3.2775879e+01
   6.9210400e+05   3.3630371e+01
   6.9331300e+05   3.3203125e+01
   6.9933500e+05   3.9733887e+01
   7.0266000e+05   3.6865234e+01
   7.1102700e+05   3.2775879e+01
   7.1640100e+05   3.5583496e+01
   7.1919500e+05   3.4973145e+01
   7.2014600e+05   3.4057617e+01
   7.2778900e+05   3.3996582e+01
   7.2892700e+05   3.3203125e+01
   7.3070200e+05   3.5400391e+01
   7.3342500e+05   3.6010742e+01
   7.3472900e+05   3.8818359e+01
   7.3670500e+05   3.4057617e+01
   7.4568000e+05   3.3508301e+01
   7.5538300e+05   3.4606934e+01
   7.5702600e+05   3.4912109e+01
   7.6021100e+05   3.6987305e+01
   7.6294400e+05   3.2897949e+01
   7.7237200e+05   3.8085938e+01
   7.7442700e+05   3.3569336e+01
   7.7892700e+05   3.2714844e+01
   7.8841900e+05   3.2897949e+01
   7.9123200e+05   3.3264160e+01
   8.0479400e+05   3.3996582e+01
   8.0701900e+05   3.4545898e+01
   8.0894400e+05   3.3447266e+01
   8.1184200e+05   3.5888672e+01
   8.1328700e+05   3.9672852e+01
   8.1604500e+05   3.2836914e+01
   8.1878200e+05   3.3142090e+01
   8.2244900e+05   3.5705566e+01
   8.2947600e+05   3.8818359e+01
   8.3702800e+05   3.4912109e+01
   8.4230000e+05   3.9001465e+01
   8.4628400e+05   3.8635254e+01
   8.4837700e+05   3.5827637e+01
   8.5893600e+05   3.4790039e+01
   8.6012600e+05   3.5583496e+01
   8.6689600e+05   3.3386230e+01
   8.6906500e+05   3.6682129e+01
   8.7217400e+05   3.5034180e+01
   8.8162000e+05   3.3081055e+01
   8.9014100e+05   3.4729004e+01
   8.9600400e+05   3.2897949e+01
   9.0611400e+05   3.4606934e+01
   9.0885800e+05   3.5705566e+01
   9.1030700e+05   3.3691406e+01
   9.1198300e+05   3.5095215e+01
   9.1830900e+05   3.3630371e+01
   9.2764600e+05   4.2175293e+01
   9.3181700e+05   3.8330078e+01
   9.3749100e+05   3.7475586e+01
   9.4105300e+05   3.2653809e+01
   9.4792500e+05   3.6621094e+01
   9.5156500e+05   3.2836914e+01
   9.5533700e+05   3.3996582e+01
   9.5775400e+05   3.8085938e+01
   9.5913900e+05   3.2775879e+01
   9.6256500e+05   3.6865234e+01
   9.6627700e+05   3.5400391e+01
   9.7094000e+05   3.4057617e+01
   9.7364500e+05   3.6682129e+01
   9.8064200e+05   3.8452148e+01
   9.8321500e+05   3.6376953e+01
   9.9094700e+05   3.4301758e+01
   9.9556200e+05   3.5217285e+01
   9.9863700e+05   3.4362793e+01
   1.0117700e+06   3.7109375e+01
   1.0179460e+06   3.6132813e+01
   1.0429860e+06   3.4057617e+01
   1.0447410e+06   5.7128906e+01
   1.0589320e+06   3.3081055e+01
   1.0609890e+06   3.3020020e+01
   1.0632120e+06   3.2653809e+01
   1.0649890e+06   3.6254883e+01
   1.0711620e+06   3.4240723e+01
   1.0730510e+06   3.3935547e+01
   1.0736000e+06   3.3081055e+01
   1.0808610e+06   3.4301758e+01
   1.0815770e+06   3.3569336e+01
   1.0833410e+06   3.4667969e+01
   1.0875530e+06   3.7536621e+01
   1.0888880e+06   3.5217285e+01
   1.1009700e+06   3.2958984e+01
   1.1088700e+06   3.7902832e+01
   1.1133970e+06   3.8024902e+01
   1.1162410e+06   3.7597656e+01
   1.1174800e+06   3.3020020e+01
   1.1196560e+06   3.8208008e+01
   1.1379100e+06   3.3752441e+01
   1.1470240e+06   3.5766602e+01
   1.1484550e+06   3.2897949e+01
   1.1529170e+06   3.3935547e+01
   1.1644130e+06   3.7658691e+01
   1.1649410e+06   3.4057617e+01
   1.1697670e+06   3.4606934e+01
   1.1822060e+06   3.5095215e+01
   1.1836090e+06   3.2653809e+01
   1.2078880e+06   3.5278320e+01
   1.2105200e+06   3.3264160e+01
   1.2118380e+06   3.4851074e+01
   1.2257070e+06   3.6743164e+01
   1.2284020e+06   3.3996582e+01
   1.2370810e+06   3.9794922e+01
   1.2405670e+06   3.5217285e+01
   1.2425080e+06   3.4179688e+01
   1.2470600e+06   3.2775879e+01
   1.2527910e+06   3.8146973e+01
   1.2540470e+06   3.3874512e+01
   1.2596410e+06   3.4667969e+01
   1.2617030e+06   3.5644531e+01
   1.2729110e+06   3.6743164e+01
   1.2793730e+06   3.2653809e+01
   1.2813130e+06   3.7170410e+01
   1.2902160e+06   3.6804199e+01
   1.2939640e+06   3.8757324e+01
   1.2994190e+06   3.9123535e+01
   1.3023150e+06   3.3691406e+01
   1.3059670e+06   3.6437988e+01
   1.3080550e+06   3.3630371e+01
   1.3096870e+06   4.1687012e+01
   1.3180080e+06   3.3081055e+01
   1.3187600e+06   3.3081055e+01
   1.3286790e+06   3.3325195e+01
   1.3315860e+06   3.5339355e+01
   1.3364330e+06   3.7353516e+01
   1.3404890e+06   3.2775879e+01
   1.3486000e+06   3.3752441e+01
   1.3538630e+06   3.6682129e+01
   1.3649590e+06   3.4484863e+01
   1.3854000e+06   3.4729004e+01
   1.3915960e+06   3.2653809e+01
   1.3957720e+06   3.3081055e+01
   1.3960100e+06   3.4973145e+01
   1.3998670e+06   3.3752441e+01
   1.4069750e+06   3.2836914e+01
   1.4110910e+06   3.3569336e+01
   1.4133860e+06   3.3508301e+01
   1.4216150e+06   3.4362793e+01
   1.4270410e+06   3.4423828e+01
   1.4359170e+06   3.2958984e+01
   1.4403880e+06   3.5949707e+01
   1.4446090e+06   3.3691406e+01
   1.4504140e+06   3.6254883e+01
   1.4542970e+06   3.2775879e+01
   1.4631930e+06   3.6315918e+01
   1.4731330e+06   3.4912109e+01
   1.4745480e+06   3.6071777e+01
   1.4787040e+06   3.3447266e+01
   1.4797120e+06   3.3447266e+01
   1.4899220e+06   3.5522461e+01
   1.4995520e+06   3.4973145e+01
   1.5020640e+06   3.4362793e+01
   1.5116150e+06   3.5766602e+01
   1.5140500e+06   3.4057617e+01
   1.5164740e+06   3.7963867e+01
   1.5198790e+06   3.3935547e+01
   1.5227600e+06   3.3325195e+01
   1.5247410e+06   3.6376953e+01
   1.5291940e+06   3.3691406e+01
   1.5326490e+06   3.3020020e+01
   1.5451070e+06   3.7475586e+01
   1.5474670e+06   3.2958984e+01
   1.5585910e+06   3.4545898e+01
   1.5705000e+06   3.4362793e+01
   1.5725000e+06   3.5522461e+01
   1.5787790e+06   3.2775879e+01
   1.5863250e+06   3.9550781e+01
   1.5869280e+06   3.2775879e+01
   1.5884960e+06   3.5278320e+01
   1.5934470e+06   3.2714844e+01
   1.5936390e+06   3.3325195e+01
   1.6028650e+06   3.3203125e+01
   1.6037720e+06   3.3386230e+01
   1.6046830e+06   3.2714844e+01
   1.6092700e+06   3.6132812e+01
   1.6162050e+06   4.1748047e+01
   1.6181370e+06   3.7109375e+01
   1.6194760e+06   3.4179688e+01
   1.6327700e+06   3.6437988e+01
   1.6377290e+06   3.3020020e+01
   1.6383790e+06   3.3264160e+01
   1.6408030e+06   3.3874512e+01
   1.6500360e+06   3.3142090e+01
   1.6559340e+06   3.3081055e+01
   1.6603510e+06   3.7353516e+01
   1.6672220e+06   3.5156250e+01
   1.6767750e+06   3.6254883e+01
   1.6789280e+06   3.8574219e+01
   1.6870220e+06   3.2897949e+01
   1.6900390e+06   3.3508301e+01
   1.6948800e+06   3.9062500e+01
   1.6975440e+06   3.4179688e+01
   1.7086050e+06   3.3630371e+01
   1.7215350e+06   3.3264160e+01
   1.7253610e+06   3.3203125e+01
   1.7261030e+06   3.7841797e+01
   1.7297950e+06   3.9550781e+01
   1.7352320e+06   3.3691406e+01
   1.7374510e+06   3.5461426e+01
   1.7397890e+06   3.3935547e+01
   1.7417910e+06   3.4545898e+01
   1.7442890e+06   3.6010742e+01
   1.7458100e+06   3.3813477e+01
   1.7499590e+06   3.5949707e+01
   1.7515160e+06   3.3691406e+01
   1.7607790e+06   3.4484863e+01
   1.7662200e+06   4.7973633e+01
   1.7700730e+06   3.5644531e+01
   1.7753700e+06   3.3874512e+01
   1.7813090e+06   4.6081543e+01
   1.7816350e+06   3.4729004e+01
   1.7915400e+06   4.0771484e+01
   1.7937240e+06   4.1076660e+01
   1.8004060e+06   3.6254883e+01
   1.8030210e+06   3.4973145e+01
   1.8031470e+06   3.4179688e+01
   1.8044770e+06   4.9621582e+01
   1.8054030e+06   3.5156250e+01
   1.8084110e+06   3.3020020e+01
   1.8119140e+06   3.3874512e+01
   1.8148350e+06   3.5461426e+01
   1.8216890e+06   3.5278320e+01
   1.8282250e+06   3.5766602e+01
   1.8311810e+06   3.4790039e+01
   1.8358280e+06   3.3020020e+01
   1.8593180e+06   3.4118652e+01
   1.8740350e+06   3.4667969e+01
   1.8757070e+06   3.7109375e+01
   1.8778130e+06   4.0039062e+01
   1.8800300e+06   3.6010742e+01
   1.8865900e+06   3.3325195e+01
   1.8870950e+06   4.2846680e+01
   1.8893270e+06   4.3029785e+01
   1.8994440e+06   3.3630371e+01
   1.9003280e+06   3.4545898e+01
   1.9018520e+06   3.2958984e+01
   1.9036520e+06   3.3447266e+01
   1.9106630e+06   3.6132812e+01
   1.9130520e+06   3.3081055e+01
   1.9145550e+06   3.4423828e+01
   1.9321100e+06   3.2958984e+01
   1.9472890e+06   3.8635254e+01
   1.9494880e+06   3.3630371e+01
   1.9522040e+06   3.3020020e+01
   1.9593100e+06   3.2958984e+01
   1.9722930e+06   3.3996582e+01
   1.9774840e+06   3.3996582e+01
   1.9842650e+06   3.3264160e+01
   2.0009480e+06   3.6682129e+01
   2.0059530e+06   3.4301758e+01
   2.0108310e+06   3.4240723e+01
   2.0116670e+06   3.6010742e+01
   2.0160970e+06   3.3020020e+01
   2.0229730e+06   3.4484863e+01
   2.0287930e+06   3.3874512e+01
   2.0323620e+06   3.4545898e+01
   2.0378660e+06   3.4118652e+01
   2.0406820e+06   3.7170410e+01
   2.0412460e+06   3.3081055e+01
   2.0459620e+06   4.0100098e+01
   2.0631490e+06   3.6682129e+01
   2.0893500e+06   3.3325195e+01
   2.0921970e+06   3.7292480e+01
   2.0957430e+06   4.1564941e+01
   2.1003370e+06   3.3630371e+01
   2.1067680e+06   3.6682129e+01
   2.1116080e+06   3.6743164e+01
   2.1174420e+06   3.3020020e+01
   2.1230540e+06   3.4057617e+01
   2.1375920e+06   3.3386230e+01
   2.1393910e+06   3.2714844e+01
   2.1406400e+06   3.8024902e+01
   2.1451940e+06   4.0710449e+01
   2.1540460e+06   3.2836914e+01
   2.1563280e+06   3.4362793e+01
   2.1663230e+06   3.4301758e+01
   2.1663980e+06   3.4545898e+01
   2.1733790e+06   4.0527344e+01
   2.1798660e+06   3.4118652e+01
   2.1895480e+06   3.2714844e+01
   2.1980310e+06   3.8757324e+01
   2.2044430e+06   3.2775879e+01
   2.2067570e+06   3.2714844e+01
   2.2071170e+06   4.8461914e+01
   2.2103230e+06   3.4057617e+01
   2.2105770e+06   3.7902832e+01
   2.2247810e+06   3.4362793e+01
   2.2270690e+06   3.3325195e+01
   2.2366360e+06   3.2653809e+01
   2.2402880e+06   3.3630371e+01
   2.2514060e+06   3.3630371e+01
   2.2543460e+06   3.7658691e+01
   2.2566530e+06   3.5095215e+01
   2.2774150e+06   3.8391113e+01
   2.2936100e+06   3.3569336e+01
   2.2961300e+06   3.3081055e+01
   2.2976250e+06   3.4484863e+01
   2.3027330e+06   3.4179688e+01
   2.3095780e+06   3.4545898e+01
   2.3144280e+06   3.3508301e+01
   2.3205690e+06   3.8879395e+01
   2.3257450e+06   3.6560059e+01
   2.3289740e+06   3.9184570e+01
   2.3325540e+06   3.7963867e+01
   2.3389220e+06   3.4362793e+01
   2.3445040e+06   3.9001465e+01
   2.3470360e+06   4.3151855e+01
   2.3514760e+06   3.3264160e+01
   2.3534880e+06   3.2714844e+01
   2.3690730e+06   3.7963867e+01
   2.3691710e+06   3.4362793e+01
   2.3737440e+06   3.5461426e+01
   2.3787120e+06   3.3081055e+01
   2.3835620e+06   3.5400391e+01
   2.3864190e+06   3.3569336e+01
   2.3942960e+06   3.2775879e+01
   2.4083630e+06   3.4912109e+01
   2.4146450e+06   3.6743164e+01
   2.4148100e+06   4.3395996e+01
   2.4187860e+06   3.8513184e+01
   2.4226110e+06   3.3142090e+01
   2.4240670e+06   3.3813477e+01
   2.4285980e+06   3.3142090e+01
   2.4433520e+06   3.2836914e+01
   2.4478320e+06   3.3142090e+01
   2.4565780e+06   3.5278320e+01
   2.4597890e+06   3.7963867e+01
   2.4783600e+06   3.6376953e+01
   2.4843350e+06   3.3325195e+01
   2.4901500e+06   3.4729004e+01
   2.4941760e+06   3.5034180e+01
   2.4981800e+06   4.1137695e+01
   2.5113990e+06   3.5583496e+01
   2.5181710e+06   3.2836914e+01
   2.5182610e+06   3.3142090e+01
   2.5197000e+06   3.3630371e+01
   2.5267320e+06   3.4301758e+01
   2.5298790e+06   3.4851074e+01
   2.5341360e+06   3.2958984e+01
   2.5374950e+06   3.6010742e+01
   2.5530680e+06   3.5034180e+01
   2.5589900e+06   3.3813477e+01
   2.5628710e+06   3.4606934e+01
   2.5661480e+06   3.3752441e+01
   2.5751640e+06   3.3508301e+01
   2.5831550e+06   3.3874512e+01
   2.5843020e+06   3.8024902e+01
   2.5896240e+06   3.5095215e+01
   2.5921330e+06   3.5461426e+01
   2.5925940e+06   3.5156250e+01
   2.5958850e+06   3.4057617e+01
   2.5965440e+06   3.9062500e+01
   2.5985230e+06   3.2714844e+01
   2.6004340e+06   3.3569336e+01
   2.6101300e+06   3.9550781e+01
   2.6131300e+06   3.5339355e+01
   2.6402670e+06   3.2775879e+01
   2.6696750e+06   3.5461426e+01
   2.6744180e+06   3.6254883e+01
   2.6775220e+06   3.4484863e+01
   2.6885840e+06   3.2653809e+01
   2.7088890e+06   3.8940430e+01
   2.7195860e+06   3.8085938e+01
   2.7248410e+06   3.4423828e+01
   2.7288130e+06   3.3386230e+01
   2.7299700e+06   3.6499023e+01
   2.7330720e+06   3.3081055e+01
   2.7472580e+06   3.4851074e+01
   2.7530960e+06   3.4179688e+01
   2.7841710e+06   3.3203125e+01
   2.7847190e+06   3.6682129e+01
   2.7890760e+06   3.5339355e+01
   2.7962610e+06   3.4912109e+01
   2.8030810e+06   4.0283203e+01
   2.8061670e+06   3.5095215e+01
   2.8073260e+06   3.5400391e+01
   2.8109890e+06   3.2653809e+01
   2.8176420e+06   3.3386230e+01
   2.8185740e+06   3.3020020e+01
   2.8302860e+06   3.2958984e+01
   2.8332740e+06   3.4057617e+01
   2.8337740e+06   3.3813477e+01
   2.8416860e+06   3.3081055e+01
   2.8453120e+06   3.5400391e+01
   2.8521440e+06   3.3569336e+01
   2.8552770e+06   3.4118652e+01
   2.8628860e+06   3.2775879e+01
   2.8654490e+06   3.2653809e+01
   2.8683040e+06   3.4484863e+01
   2.8702100e+06   3.4790039e+01
   2.8721540e+06   3.4301758e+01
   2.8751260e+06   3.4912109e+01
   2.8792110e+06   3.4179688e+01
   2.8820780e+06   3.4179688e+01
   2.8927220e+06   3.2958984e+01
   2.8974700e+06   3.4545898e+01
   2.9069710e+06   3.5461426e+01
   2.9210190e+06   3.4240723e+01
   2.9212650e+06   3.2958984e+01
   2.9291630e+06   3.8269043e+01
   2.9302550e+06   3.3081055e+01
   2.9352130e+06   3.3630371e+01
   2.9358490e+06   3.6804199e+01
   2.9488570e+06   3.4973145e+01
   2.9640370e+06   3.3447266e+01
   2.9698840e+06   3.3325195e+01
   2.9738960e+06   3.3691406e+01
   2.9803400e+06   3.6743164e+01
   2.9842640e+06   3.2897949e+01
   2.9846180e+06   3.3081055e+01
   2.9854420e+06   3.5827637e+01
   2.9929280e+06   3.4667969e+01
   2.9941120e+06   3.4667969e+01
   2.9980160e+06   3.3813477e+01
   2.9995410e+06   3.2653809e+01
   3.0080130e+06   3.6804199e+01
   3.0366340e+06   3.3691406e+01
   3.0401440e+06   3.5461426e+01
   3.0447570e+06   3.7231445e+01
   3.0512670e+06   3.2897949e+01
   3.0576770e+06   3.4423828e+01
   3.0624390e+06   3.3569336e+01
   3.0648150e+06   4.0161133e+01
   3.0893260e+06   3.3325195e+01
   3.1007230e+06   3.6010742e+01
   3.1098380e+06   3.2714844e+01
   3.1111870e+06   3.2836914e+01
   3.1176910e+06   3.3020020e+01
   3.1326160e+06   3.5949707e+01
   3.1366960e+06   3.2531738e+01
   3.1455190e+06   3.5827637e+01
   3.1471740e+06   3.3386230e+01
   3.1504300e+06   3.6926270e+01
   3.1542970e+06   3.3264160e+01
   3.1595990e+06   3.3020020e+01
   3.1610500e+06   3.4240723e+01
   3.1670360e+06   3.4179688e+01
   3.1690750e+06   3.3447266e+01
   3.1704430e+06   3.3508301e+01
   3.1813740e+06   4.1687012e+01
   3.1824270e+06   3.3325195e+01
   3.1904260e+06   4.0832520e+01
   3.1968680e+06   3.3325195e+01
   3.2038740e+06   4.1931152e+01
   3.2058080e+06   3.7292480e+01
   3.2071710e+06   3.8452148e+01
   3.2113660e+06   3.2897949e+01
   3.2160140e+06   3.2470703e+01
   3.2274420e+06   3.4973145e+01
   3.2277560e+06   3.4729004e+01
   3.2311530e+06   3.2592773e+01
   3.2363250e+06   3.3203125e+01
   3.2365700e+06   3.3752441e+01
   3.2523630e+06   3.3691406e+01
   3.2725000e+06   3.7841797e+01
   3.2828610e+06   3.6315918e+01
   3.2958990e+06   3.3447266e+01
   3.2991650e+06   3.3264160e+01
   3.3111820e+06   3.9916992e+01
   3.3125770e+06   3.9611816e+01
   3.3139940e+06   3.3264160e+01
   3.3243220e+06   3.3874512e+01
   3.3267190e+06   3.4484863e+01
   3.3279910e+06   3.3020020e+01
   3.3642310e+06   3.7231445e+01
   3.3748790e+06   3.6254883e+01
   3.3785970e+06   3.6254883e+01
   3.3843690e+06   3.5278320e+01
   3.3846630e+06   3.5705566e+01
   3.3886490e+06   3.6926270e+01
   3.3904570e+06   3.3325195e+01
   3.3923130e+06   3.8208008e+01
   3.3932980e+06   3.4545898e+01
   3.3948990e+06   4.1809082e+01
   3.3988110e+06   3.3203125e+01
   3.4066920e+06   4.0405273e+01
   3.4117830e+06   3.2775879e+01
   3.4210830e+06   3.8513184e+01
   3.4405380e+06   3.2531738e+01
   3.4560830e+06   3.3569336e+01
   3.4626200e+06   3.2592773e+01
   3.4657310e+06   3.2470703e+01
   3.4828580e+06   4.0405273e+01
   3.4974270e+06   3.3386230e+01
   3.5003000e+06   3.3142090e+01
   3.5089970e+06   3.4973145e+01
   3.5189280e+06   3.3935547e+01
   3.5199820e+06   3.2714844e+01
   3.5219220e+06   3.3264160e+01
   3.5323850e+06   3.4179688e+01
   3.5341520e+06   3.3020020e+01
   3.5342760e+06   3.2714844e+01
   3.5451130e+06   3.3020020e+01
   3.5471860e+06   3.2897949e+01
   3.5547480e+06   3.5644531e+01
   3.5674850e+06   4.0100098e+01
   3.5712210e+06   3.4301758e+01
   3.5833230e+06   3.6254883e+01
   3.5835650e+06   4.1320801e+01
   3.6171890e+06   3.8269043e+01
   3.6203900e+06   3.4118652e+01
   3.6219030e+06   3.2531738e+01
   3.6295280e+06   3.3325195e+01
   3.6327020e+06   3.6193848e+01
   3.6395760e+06   3.4606934e+01
   3.6409140e+06   3.6193848e+01
   3.6431570e+06   4.3457031e+01
   3.6473830e+06   3.8269043e+01
   3.6520870e+06   3.4423828e+01
   3.6537230e+06   4.4616699e+01
   3.6573730e+06   3.3508301e+01
   3.6623920e+06   3.4606934e+01
   3.6688870e+06   3.4179688e+01
   3.6747580e+06   3.9062500e+01
   3.6792650e+06   3.2653809e+01
   3.6815750e+06   3.2653809e+01
   3.6827190e+06   3.8818359e+01
   3.6874170e+06   3.3081055e+01
   3.6940060e+06   3.4240723e+01
   3.6954300e+06   3.7719727e+01
   3.7015770e+06   3.6926270e+01
   3.7060650e+06   3.4667969e+01
   3.7244800e+06   3.5827637e+01
   3.7274250e+06   3.5949707e+01
   3.7312270e+06   3.3020020e+01
   3.7386710e+06   3.4729004e+01
   3.7419830e+06   3.3996582e+01
   3.7508630e+06   3.4423828e+01
   3.7557470e+06   3.2775879e+01
   3.7711250e+06   3.5339355e+01
   3.7744060e+06   3.2653809e+01
   3.7796380e+06   3.4301758e+01
   3.7860180e+06   3.3813477e+01
   3.7902540e+06   3.2470703e+01
   3.7938850e+06   3.5644531e+01
   3.7969790e+06   3.4973145e+01
   3.8012310e+06   3.2470703e+01
   3.8052040e+06   3.2653809e+01
   3.8112060e+06   3.3508301e+01
   3.8138010e+06   3.2653809e+01
   3.8426990e+06   3.5278320e+01
   3.8720530e+06   3.5949707e+01
   3.8812220e+06   3.3752441e+01
   3.8879220e+06   3.5156250e+01
   3.8982640e+06   3.2958984e+01
   3.8995750e+06   3.3264160e+01
   3.9044850e+06   3.5522461e+01
   3.9109370e+06   3.3630371e+01
   3.9166260e+06   3.2470703e+01
   3.9169110e+06   3.5034180e+01
   3.9238260e+06   3.3264160e+01
   3.9315700e+06   3.4790039e+01
   3.9436530e+06   3.8391113e+01
   3.9550910e+06   3.4301758e+01
   3.9705160e+06   3.2653809e+01
   3.9765510e+06   3.3935547e+01
   3.9799180e+06   3.3691406e+01
   3.9956930e+06   3.4240723e+01
   4.0004850e+06   3.3996582e+01
   4.0259250e+06   3.5278320e+01
   4.0338070e+06   3.2958984e+01
   4.0340680e+06   3.6926270e+01
   4.0355980e+06   3.3569336e+01
   4.0375660e+06   3.6499023e+01
   4.0420740e+06   3.3752441e+01
   4.0422890e+06   3.3264160e+01
   4.0488050e+06   3.7658691e+01
   4.0540430e+06   3.4606934e+01
   4.0564490e+06   3.2653809e+01
   4.0581750e+06   3.8269043e+01
   4.0672240e+06   3.5034180e+01
   4.0731120e+06   3.6193848e+01
   4.0804050e+06   3.3691406e+01
   4.1025170e+06   3.5705566e+01
   4.1068270e+06   3.4973145e+01
   4.1135100e+06   3.3569336e+01
   4.1147060e+06   3.3447266e+01
   4.1287710e+06   3.3386230e+01
   4.1304680e+06   3.2897949e+01
   4.1374930e+06   3.5034180e+01
   4.1527780e+06   3.2958984e+01
   4.1626070e+06   3.4667969e+01
   4.1757980e+06   4.1809082e+01
   4.1837910e+06   3.7658691e+01
   4.1980030e+06   3.2653809e+01
   4.2265390e+06   3.3752441e+01
   4.2557520e+06   3.3874512e+01
   4.2689460e+06   3.4973145e+01
   4.2721260e+06   3.6071777e+01
   4.2774370e+06   3.8452148e+01
   4.2808300e+06   3.7780762e+01
   4.3070560e+06   3.4729004e+01
   4.3087660e+06   3.4606934e+01
   4.3098260e+06   3.3325195e+01
   4.3137990e+06   3.3386230e+01
   4.3344350e+06   3.6010742e+01
   4.3419670e+06   3.2836914e+01
   4.3453420e+06   3.2897949e+01
   4.3490670e+06   3.5400391e+01
   4.3524040e+06   3.6315918e+01
   4.3555390e+06   3.5949707e+01
   4.3578360e+06   3.4912109e+01
   4.3607180e+06   3.3935547e+01
   4.3644190e+06   3.3508301e+01
   4.3842020e+06   3.2653809e+01
   4.3901470e+06   3.8024902e+01
   4.3928900e+06   3.4790039e+01
   4.3981610e+06   3.6926270e+01
   4.4011310e+06   3.6376953e+01
   4.4101960e+06   3.2958984e+01
   4.4170830e+06   3.4362793e+01
   4.4186590e+06   3.3508301e+01
   4.4385980e+06   3.5278320e+01
   4.4429290e+06   3.5278320e+01
   4.4442550e+06   3.3874512e+01
   4.4500660e+06   3.2470703e+01
   4.4512830e+06   3.3752441e+01
   4.4564560e+06   3.2958984e+01
   4.4681750e+06   3.6865234e+01
   4.4759480e+06   3.4667969e+01
   4.5037010e+06   3.2836914e+01
   4.5072260e+06   3.6499023e+01
   4.5153190e+06   3.3386230e+01
   4.5202190e+06   3.4973145e+01
   4.5234610e+06   3.3996582e+01
   4.5255690e+06   4.0649414e+01
   4.5382090e+06   3.9306641e+01
   4.5792560e+06   3.4179688e+01
   4.5890330e+06   3.7841797e+01
   4.6093270e+06   3.7170410e+01
   4.6151820e+06   3.3447266e+01
   4.6215990e+06   3.6804199e+01
   4.6271720e+06   3.3508301e+01
   4.6290190e+06   3.9306641e+01
   4.6455140e+06   4.6142578e+01
   4.6524270e+06   3.6010742e+01
   4.6547430e+06   3.2470703e+01
   4.6579650e+06   3.2958984e+01
   4.6654720e+06   3.5034180e+01
   4.6797850e+06   3.2653809e+01
   4.6995980e+06   3.2592773e+01
   4.6999060e+06   3.4423828e+01
   4.7052080e+06   3.5461426e+01
   4.7126130e+06   3.3264160e+01
   4.7230430e+06   3.2531738e+01
   4.7441190e+06   3.4667969e+01
   4.7475130e+06   3.2653809e+01
   4.7522180e+06   3.7658691e+01
   4.7543630e+06   3.3569336e+01
   4.7565600e+06   3.2836914e+01
   4.7656400e+06   3.5400391e+01
   4.7756600e+06   3.3569336e+01
   4.7911020e+06   3.3630371e+01
   4.8138280e+06   3.3081055e+01
   4.8218550e+06   3.3996582e+01
   4.8284120e+06   3.3813477e+01
   4.8364760e+06   3.5583496e+01
   4.8512540e+06   3.4606934e+01
   4.8679960e+06   3.3630371e+01
   4.8738000e+06   3.2470703e+01
   4.8834960e+06   3.2592773e+01
   4.8918090e+06   3.5400391e+01
   4.9054850e+06   3.3386230e+01
   4.9142200e+06   3.8696289e+01
   4.9286320e+06   3.4851074e+01
   4.9505900e+06   3.4362793e+01
   4.9661510e+06   3.2592773e+01
   4.9775250e+06   3.4423828e+01
   4.9903810e+06   3.4484863e+01
   4.9904700e+06   3.4118652e+01
   4.9934750e+06   3.5644531e+01
   5.0118770e+06   3.4118652e+01
   5.0186520e+06   3.3142090e+01
   5.0320090e+06   3.3325195e+01
   5.0343140e+06   3.5522461e+01
   5.0351300e+06   3.2897949e+01
   5.0378680e+06   3.3203125e+01
   5.0507660e+06   3.9184570e+01
   5.0582190e+06   3.3203125e+01
   5.0647240e+06   3.3203125e+01
   5.0651580e+06   3.4545898e+01
   5.0747810e+06   3.5644531e+01
   5.0803800e+06   3.6315918e+01
   5.0833780e+06   3.3569336e+01
   5.0907790e+06   3.3203125e+01
   5.0919830e+06   3.4545898e+01
   5.1057590e+06   3.3203125e+01
   5.1112940e+06   3.4362793e+01
   5.1167470e+06   3.2592773e+01
   5.1208990e+06   3.5827637e+01
   5.1221500e+06   3.2470703e+01
   5.1262510e+06   3.2714844e+01
   5.1326210e+06   3.7109375e+01
   5.1358470e+06   3.4606934e+01
   5.1576930e+06   3.3081055e+01
   5.1630690e+06   3.3630371e+01
   5.1742730e+06   3.3203125e+01
   5.1787200e+06   3.3325195e+01
   5.1850110e+06   3.8085938e+01
   5.1921140e+06   3.3752441e+01
   5.1982790e+06   3.3325195e+01
   5.2066310e+06   3.8085938e+01
   5.2191340e+06   3.6010742e+01
   5.2235360e+06   3.3569336e+01
   5.2249970e+06   3.3081055e+01
   5.2256080e+06   3.5522461e+01
   5.2423110e+06   3.3264160e+01
   5.2561790e+06   3.4362793e+01
   5.2608740e+06   3.8208008e+01
   5.2725270e+06   3.2531738e+01
   5.2784180e+06   3.3142090e+01
   5.2866330e+06   3.4118652e+01
   5.2877890e+06   3.4973145e+01
   5.2995850e+06   3.2470703e+01
   5.3035440e+06   3.3996582e+01
   5.3054800e+06   3.2714844e+01
   5.3174210e+06   3.5888672e+01
   5.3174960e+06   3.4118652e+01
   5.3249270e+06   4.3457031e+01
   5.3299720e+06   3.3508301e+01
   5.3345780e+06   3.3813477e+01
   5.3413090e+06   3.2897949e+01
   5.3437190e+06   3.2836914e+01
   5.3507190e+06   3.2897949e+01
   5.3532200e+06   3.3142090e+01
   5.3656400e+06   3.4362793e+01
   5.3720860e+06   3.5217285e+01
   5.3766600e+06   3.2592773e+01
   5.3838110e+06   4.4433594e+01
   5.3894670e+06   3.3264160e+01
   5.3909790e+06   3.7536621e+01
   5.3919880e+06   3.4484863e+01
   5.3950290e+06   3.8879395e+01
   5.4119320e+06   3.3569336e+01
   5.4153030e+06   3.4179688e+01
   5.4332020e+06   3.5217285e+01
   5.4378060e+06   3.4118652e+01
   5.4399790e+06   3.5766602e+01
   5.4581230e+06   3.4912109e+01
   5.4618360e+06   3.2531738e+01
   5.4679140e+06   3.2775879e+01
   5.4698910e+06   3.4484863e+01
   5.4748190e+06   3.5827637e+01
   5.4796980e+06   3.6010742e+01
   5.4842090e+06   3.4912109e+01
   5.4875140e+06   3.3447266e+01
   5.4913040e+06   3.5217285e+01
   5.4927200e+06   3.3386230e+01
   5.4938870e+06   3.2836914e+01
   5.5019010e+06   3.7292480e+01
   5.5271580e+06   3.2714844e+01
   5.5333360e+06   3.4790039e+01
   5.5483870e+06   4.0405273e+01
   5.5505140e+06   3.4240723e+01
   5.5649140e+06   3.4179688e+01
   5.5718530e+06   3.4057617e+01
   5.5743920e+06   3.7902832e+01
   5.5800100e+06   3.3020020e+01
   5.5831290e+06   3.4057617e+01
   5.5927450e+06   3.5766602e+01
   5.6122280e+06   3.3630371e+01
   5.6180220e+06   3.4667969e+01
   5.6252290e+06   3.3691406e+01
   5.6299470e+06   3.2470703e+01
   5.6355950e+06   3.3325195e+01
   5.6496720e+06   3.6437988e+01
   5.6520470e+06   3.2897949e+01
   5.6703590e+06   3.3081055e+01
   5.6736220e+06   3.5827637e+01
   5.6760420e+06   3.2470703e+01
   5.6776140e+06   3.4179688e+01
   5.6814860e+06   3.9672852e+01
   5.6835850e+06   3.7963867e+01
   5.6857500e+06   3.8269043e+01
   5.6884710e+06   3.2470703e+01
   5.6916500e+06   3.3813477e+01
   5.6967650e+06   3.4484863e+01
   5.7013670e+06   3.3264160e+01
   5.7076020e+06   3.3630371e+01
   5.7111850e+06   3.5583496e+01
   5.7207140e+06   3.7292480e+01
   5.7273580e+06   3.7963867e+01
   5.7381230e+06   3.4667969e+01
   5.7392140e+06   3.3447266e+01
   5.7407850e+06   3.8574219e+01
   5.7456290e+06   3.6560059e+01
   5.7524140e+06   3.3020020e+01
   5.7557710e+06   3.4484863e+01
   5.7692610e+06   3.5644531e+01
   5.7901140e+06   3.3264160e+01
   5.7922430e+06   3.5949707e+01
   5.7945110e+06   3.3447266e+01
   5.7974450e+06   3.3447266e+01
   5.8062730e+06   3.3691406e+01
   5.8204570e+06   4.1503906e+01
   5.8315700e+06   3.4423828e+01
   5.8413270e+06   4.2968750e+01
   5.8437610e+06   3.2470703e+01
   5.8459910e+06   3.5400391e+01
   5.8564780e+06   3.4790039e+01
   5.8712410e+06   3.6071777e+01
   5.8721540e+06   3.4301758e+01
   5.8916520e+06   3.5888672e+01
   5.8977160e+06   3.3447266e+01
   5.9161440e+06   3.7780762e+01
   5.9197250e+06   3.6437988e+01
   5.9415550e+06   3.3020020e+01
   5.9513030e+06   3.2531738e+01
   5.9533550e+06   3.2714844e+01
   5.9598580e+06   3.4362793e+01
   5.9601230e+06   3.3264160e+01
   5.9683740e+06   3.3996582e+01
   5.9720630e+06   3.4790039e+01
   5.9726530e+06   3.3935547e+01
   5.9855230e+06   3.2531738e+01
   5.9962830e+06   3.3020020e+01
   6.0352110e+06   3.3630371e+01
   6.0431910e+06   3.4057617e+01
   6.0524230e+06   3.5461426e+01
   6.0585350e+06   3.6315918e+01
   6.0677670e+06   3.3996582e+01
   6.0814350e+06   3.4057617e+01
   6.0819460e+06   3.3935547e+01
   6.0913470e+06   3.4179688e+01
   6.1033600e+06   3.6560059e+01
   6.1151960e+06   3.4545898e+01
   6.1508980e+06   3.5461426e+01
   6.1523060e+06   3.5339355e+01
   6.1689940e+06   3.6376953e+01
   6.1871370e+06   3.5766602e+01
   6.1900510e+06   3.4057617e+01
   6.1928780e+06   3.3386230e+01
   6.1986150e+06   3.6682129e+01
   6.2229580e+06   3.3935547e+01
   6.2392270e+06   3.3386230e+01
   6.2525470e+06   3.4912109e+01
   6.2929750e+06   3.3691406e+01
   6.3177580e+06   3.5705566e+01
   6.3218090e+06   4.2541504e+01
   6.3380390e+06   3.7414551e+01
   6.3414350e+06   3.4118652e+01
   6.3437680e+06   3.5522461e+01
   6.3450380e+06   4.0100098e+01
   6.3736190e+06   3.4362793e+01
   6.3802680e+06   3.6437988e+01
   6.3839090e+06   3.3691406e+01
   6.3863110e+06   3.3874512e+01
   6.4206690e+06   3.3630371e+01
   6.4225880e+06   3.4667969e+01
   6.4257310e+06   3.4240723e+01
   6.4342220e+06   3.8330078e+01
   6.4451160e+06   3.3874512e+01
   6.4519780e+06   3.6743164e+01
   6.4542530e+06   4.3395996e+01
   6.4796880e+06   3.3752441e+01
   6.4806850e+06   3.4057617e+01
   6.4879980e+06   3.4912109e+01
   6.4928260e+06   3.3813477e+01
   6.5051660e+06   3.3691406e+01
   6.5102930e+06   3.4790039e+01
   6.5257790e+06   3.7475586e+01
   6.5314400e+06   3.3691406e+01
   6.5489800e+06   3.5705566e+01
   6.5547300e+06   3.4484863e+01
   6.5590670e+06   3.3691406e+01
   6.5625440e+06   3.9062500e+01
   6.5685530e+06   3.7048340e+01
   6.5722960e+06   3.3508301e+01
   6.5806300e+06   3.9001465e+01
   6.5896950e+06   4.6325684e+01
   6.5941200e+06   3.7170410e+01
   6.6278580e+06   3.4851074e+01
   6.6278750e+06   4.3762207e+01
   6.6306350e+06   3.5644531e+01
   6.6397090e+06   3.6132812e+01
   6.6417320e+06   3.5888672e+01
   6.6459410e+06   3.3508301e+01
   6.6510290e+06   3.7353516e+01
   6.6589970e+06   3.3447266e+01
   6.6605540e+06   3.6315918e+01
   6.6627240e+06   3.4240723e+01
   6.6669820e+06   3.3447266e+01
   6.6860790e+06   3.4851074e+01
   6.6973780e+06   3.6499023e+01
   6.7024340e+06   3.4484863e+01
   6.7064950e+06   3.4484863e+01
   6.7136010e+06   3.6315918e+01
   6.7200180e+06   3.5156250e+01
   6.7347540e+06   3.7475586e+01
   6.7388840e+06   3.5827637e+01
   6.7437960e+06   3.3752441e+01
   6.7521610e+06   3.4729004e+01
   6.7816490e+06   3.4179688e+01
   6.7865450e+06   3.3813477e+01
   6.7878260e+06   3.4057617e+01
   6.7950440e+06   3.3569336e+01
   6.8037210e+06   3.5095215e+01
   6.8196540e+06   3.3813477e+01
   6.8262700e+06   3.7292480e+01
   6.8311990e+06   3.6376953e+01
   6.8362850e+06   3.5095215e+01
   6.8388070e+06   3.4912109e+01
   6.8461790e+06   4.3273926e+01
   6.8548100e+06   3.9550781e+01
   6.9087800e+06   3.8513184e+01
   6.9182550e+06   3.9367676e+01
   6.9245360e+06   3.3447266e+01
   6.9330070e+06   3.3935547e+01
   6.9352500e+06   3.5400391e+01
   6.9475820e+06   3.6682129e+01
   6.9519220e+06   3.3630371e+01
   6.9612240e+06   3.3630371e+01
   6.9691580e+06   4.0588379e+01
   7.0335760e+06   3.5766602e+01
   7.0534560e+06   3.5644531e+01
   7.0624100e+06   3.3691406e+01
   7.0932460e+06   4.2175293e+01
   7.0982500e+06   3.5461426e+01
   7.1020920e+06   3.3569336e+01
   7.1027600e+06   3.4851074e+01
   7.1061200e+06   3.4606934e+01
   7.1087640e+06   3.4240723e+01
   7.1098280e+06   3.5644531e+01
   7.1149830e+06   3.3874512e+01
   7.1235690e+06   3.4606934e+01
   7.1249110e+06   4.2907715e+01
   7.1272520e+06   3.5583496e+01
   7.1441640e+06   3.4545898e+01
   7.1458060e+06   3.3569336e+01
   7.1490890e+06   3.3386230e+01
   7.1617000e+06   3.6926270e+01
   7.1893600e+06   3.4240723e+01
   7.1981440e+06   3.3874512e+01
   7.2595060e+06   4.1076660e+01
   7.2612530e+06   3.6926270e+01
   7.2617980e+06   3.4729004e+01
   7.3022000e+06   3.8391113e+01
   7.3162040e+06   3.4606934e+01
   7.3575480e+06   3.4729004e+01
   7.3596150e+06   3.3813477e+01
   7.3872850e+06   3.6193848e+01
   7.3926820e+06   3.4118652e+01
   7.3934980e+06   3.3996582e+01
   7.3970560e+06   3.3630371e+01
   7.4235280e+06   3.6071777e+01
   7.4420890e+06   3.4851074e+01
   7.4465790e+06   3.3813477e+01
   7.4603390e+06   4.0405273e+01
   7.4706140e+06   3.5644531e+01
   7.4771250e+06   3.4301758e+01
   7.4791460e+06   3.5949707e+01
   7.4844110e+06   3.6621094e+01
   7.4873810e+06   3.3630371e+01
   7.5005490e+06   3.4729004e+01
   7.5206810e+06   3.4973145e+01
   7.5293550e+06   3.7414551e+01
   7.5317680e+06   3.7963867e+01
   7.5427450e+06   3.4545898e+01
   7.5922790e+06   3.3447266e+01
   7.5936590e+06   3.6010742e+01
   7.6353000e+06   3.3386230e+01
   7.6451860e+06   3.6254883e+01
   7.6632070e+06   3.4301758e+01
   7.6664780e+06   4.0100098e+01
   7.6684790e+06   3.4301758e+01
   7.6709290e+06   3.6254883e+01
   7.6943610e+06   3.3935547e+01
   7.7418030e+06   3.8696289e+01
   7.7601250e+06   3.4362793e+01
   7.7887380e+06   3.4484863e+01
   7.7986390e+06   3.7170410e+01
   7.8073950e+06   3.5095215e+01
   7.8587900e+06   3.4179688e+01
   7.8610140e+06   3.4301758e+01
   7.8673160e+06   3.3691406e+01
   7.8751360e+06   3.4240723e+01
   7.9018020e+06   3.3508301e+01
   7.9046610e+06   3.3752441e+01
   7.9138620e+06   3.6132812e+01
   7.9256990e+06   3.4118652e+01
   7.9284840e+06   3.3691406e+01
   7.9399660e+06   3.3874512e+01
   7.9592740e+06   3.3386230e+01
   7.9663620e+06   3.3325195e+01
   7.9822800e+06   3.5705566e+01
   8.0017640e+06   3.4790039e+01
   8.0397430e+06   3.4057617e+01
   8.0404870e+06   3.6743164e+01
   8.0962850e+06   3.6987305e+01
   8.1132340e+06   3.4484863e+01
   8.1310790e+06   3.5766602e+01
   8.1439300e+06   4.4982910e+01
   8.1488720e+06   3.4484863e+01
   8.1815930e+06   3.3569336e+01
   8.1873330e+06   4.4128418e+01
   8.2175700e+06   3.6743164e+01
   8.2193760e+06   3.5949707e+01
   8.2241150e+06   3.8391113e+01
   8.2259050e+06   3.3874512e+01
   8.2293600e+06   3.8208008e+01
   8.2438520e+06   3.3752441e+01
   8.2584880e+06   3.4057617e+01
   8.2716930e+06   3.4912109e+01
   8.2757300e+06   3.6132812e+01
   8.2834330e+06   3.9550781e+01
   8.2936350e+06   3.3996582e+01
   8.3280400e+06   3.3752441e+01
   8.3292140e+06   3.4362793e+01
   8.3658730e+06   3.6193848e+01
   8.3734470e+06   3.3325195e+01
   8.3780320e+06   3.3630371e+01
   8.3854380e+06   3.3386230e+01
   8.4237770e+06   4.1259766e+01
   8.4727280e+06   3.3508301e+01
   8.4930450e+06   3.4362793e+01
   8.4951680e+06   3.5644531e+01
   8.5201070e+06   3.3630371e+01
   8.5293630e+06   3.4484863e+01
   8.5755610e+06   3.3935547e+01
   8.5999470e+06   4.3212891e+01
   8.6604630e+06   3.7414551e+01
   8.6697140e+06   3.3813477e+01
   8.6887090e+06   3.5339355e+01
   8.8049160e+06   4.1442871e+01
   8.8109930e+06   4.4250488e+01
   8.8273480e+06   3.3325195e+01
   8.8615240e+06   3.3813477e+01
   8.8696280e+06   3.4729004e+01
   8.8849940e+06   4.0771484e+01
   8.8975340e+06   3.5766602e+01
   8.9201160e+06   3.4606934e+01
   8.9506690e+06   3.6804199e+01
   8.9980130e+06   3.6865234e+01
   9.0081290e+06   3.2958984e+01
   9.0125040e+06   3.9733887e+01
   9.0194000e+06   3.4118652e+01
   9.0280520e+06   3.3081055e+01
   9.0444910e+06   3.4606934e+01
   9.0572500e+06   3.7719727e+01
   9.0771760e+06   3.3447266e+01
   9.0867230e+06   3.4362793e+01
   9.1289010e+06   4.6325684e+01
   9.1299550e+06   3.3020020e+01
   9.1474160e+06   3.6987305e+01
   9.1561760e+06   3.4790039e+01
   9.1683440e+06   3.5400391e+01
   9.1791470e+06   3.5400391e+01
   9.2221340e+06   3.3386230e+01
   9.2347240e+06   3.3264160e+01
   9.2378540e+06   3.8635254e+01
   9.2609480e+06   3.3325195e+01
   9.2656300e+06   3.4423828e+01
   9.3003100e+06   3.5827637e+01
   9.3113160e+06   3.4301758e+01
   9.3197200e+06   3.4790039e+01
   9.3288300e+06   3.5949707e+01
   9.3433410e+06   3.4790039e+01
   9.4134880e+06   3.3386230e+01
   9.4243070e+06   3.3569336e+01
   9.4327090e+06   3.3691406e+01
   9.4407780e+06   3.3264160e+01
   9.4626380e+06   3.9428711e+01
   9.4730180e+06   3.6254883e+01
   9.4926790e+06   3.3203125e+01
   9.4927400e+06   3.4240723e+01
   9.5136630e+06   3.4851074e+01
   9.5422980e+06   3.7658691e+01
   9.5601120e+06   3.4179688e+01
   9.5656620e+06   3.4301758e+01
   9.6245810e+06   3.3264160e+01
   9.6305910e+06   3.6193848e+01
   9.6575000e+06   3.4423828e+01
   9.6783080e+06   3.4301758e+01
   9.6877900e+06   3.6376953e+01
   9.7185390e+06   3.4362793e+01
   9.7442230e+06   3.9062500e+01
   9.7747200e+06   3.8024902e+01
   9.8378730e+06   3.8879395e+01
   9.8609490e+06   3.9855957e+01
   9.8978590e+06   3.3081055e+01
   9.9516470e+06   3.7841797e+01
   9.9580510e+06   3.2958984e+01
   9.9625530e+06   3.6376953e+01
   9.9698640e+06   3.3691406e+01
   1.0038873e+07   3.7170410e+01
   1.0044114e+07   3.8330078e+01
   1.0046039e+07   3.4118652e+01
   1.0081931e+07   3.4179688e+01
   1.0082797e+07   3.4606934e+01
   1.0101176e+07   3.4240723e+01
   1.0102191e+07   3.5583496e+01
   1.0110139e+07   3.3447266e+01
   1.0111793e+07   3.4240723e+01
   1.0114122e+07   3.3752441e+01
   1.0128476e+07   3.5156250e+01
   1.0141402e+07   3.3020020e+01
   1.0191480e+07   3.4179688e+01
   1.0220062e+07   3.5217285e+01
   1.0222676e+07   3.4362793e+01
   1.0222713e+07   3.3325195e+01
   1.0233403e+07   3.2958984e+01
   1.0252632e+07   3.3569336e+01
   1.0263398e+07   3.9489746e+01
   1.0290307e+07   3.5766602e+01
   1.0295073e+07   3.3447266e+01
   1.0340617e+07   3.6193848e+01
   1.0344034e+07   3.4851074e+01
   1.0348914e+07   3.4179688e+01
   1.0354632e+07   3.3752441e+01
   1.0363274e+07   3.3386230e+01
   1.0392258e+07   3.3691406e+01
   1.0420733e+07   3.4729004e+01
   1.0458819e+07   3.3020020e+01
   1.0476654e+07   3.7475586e+01
   1.0516224e+07   3.5705566e+01
   1.0522013e+07   4.0954590e+01
   1.0554207e+07   4.0405273e+01
   1.0561689e+07   3.3386230e+01
   1.0572066e+07   3.4057617e+01
   1.0585468e+07   3.3508301e+01
   1.0600915e+07   3.4362793e+01
   1.0610939e+07   3.3203125e+01
   1.0621195e+07   3.6682129e+01
   1.0626137e+07   3.3996582e+01
   1.0635804e+07   3.4912109e+01
   1.0678534e+07   3.6560059e+01
   1.0726365e+07   3.3447266e+01
   1.0730360e+07   3.4545898e+01
   1.0773440e+07   3.5156250e+01
   1.0778026e+07   3.2958984e+01
   1.0790060e+07   3.5156250e+01
   1.0802609e+07   3.6132812e+01
   1.0829393e+07   3.4057617e+01
   1.0851322e+07   3.6254883e+01
   1.0855380e+07   3.5766602e+01
   1.0857712e+07   3.4667969e+01
   1.0873923e+07   3.4057617e+01
   1.0897819e+07   3.3264160e+01
   1.0902530e+07   3.5644531e+01
   1.0931647e+07   3.4790039e+01
   1.0942471e+07   3.8024902e+01
   1.0952690e+07   3.8452148e+01
   1.0977225e+07   3.4912109e+01
   1.0996702e+07   3.3203125e+01
   1.1031550e+07   3.3325195e+01
   1.1048615e+07   3.6926270e+01
   1.1060666e+07   3.5034180e+01
   1.1069298e+07   3.4729004e+01
   1.1100811e+07   3.5278320e+01
   1.1110786e+07   3.3020020e+01
   1.1192910e+07   3.5644531e+01
   1.1195423e+07   3.2958984e+01
   1.1209477e+07   3.4118652e+01
   1.1212043e+07   3.3813477e+01
   1.1227732e+07   3.3569336e+01
   1.1245266e+07   3.3264160e+01
   1.1298017e+07   3.3691406e+01
   1.1347999e+07   3.3081055e+01
   1.1348576e+07   3.2958984e+01
   1.1372707e+07   3.4301758e+01
   1.1374297e+07   3.5156250e+01
   1.1388693e+07   3.3325195e+01
   1.1404506e+07   3.3813477e+01
   1.1423501e+07   3.3569336e+01
   1.1447898e+07   3.3020020e+01
   1.1453107e+07   3.4179688e+01
   1.1470927e+07   3.3447266e+01
   1.1473715e+07   3.6804199e+01
   1.1502853e+07   3.4240723e+01
   1.1542759e+07   3.3508301e+01
   1.1567575e+07   3.4973145e+01
   1.1572124e+07   3.3020020e+01
   1.1607315e+07   3.4423828e+01
   1.1613814e+07   3.6743164e+01
   1.1629724e+07   3.5339355e+01
   1.1632903e+07   3.2958984e+01
   1.1642117e+07   3.4423828e+01
   1.1684656e+07   3.4179688e+01
   1.1704061e+07   3.4790039e+01
   1.1745897e+07   3.5034180e+01
   1.1781479e+07   3.6010742e+01
   1.1792027e+07   3.4118652e+01
   1.1795993e+07   3.4240723e+01
   1.1846802e+07   3.6010742e+01
   1.1915811e+07   3.4179688e+01
   1.1917494e+07   3.3264160e+01
   1.1921501e+07   3.3203125e+01
   1.1968837e+07   3.3508301e+01
   1.1975706e+07   3.3752441e+01
   1.1982226e+07   3.3203125e+01
