   1.1999000e+07   0.0000000e+00
   4.2400000e+02   2.9968262e+01
   4.9410000e+03   2.8930664e+01
   7.3370000e+03   3.4973145e+01
   1.3805000e+04   3.1494141e+01
   1.5226000e+04   3.1005859e+01
   1.7143000e+04   2.9968262e+01
   1.7927000e+04   2.9663086e+01
   1.8134000e+04   3.1494141e+01
   2.4231000e+04   2.8564453e+01
   2.5025000e+04   2.9541016e+01
   2.5077000e+04   2.8564453e+01
   2.6390000e+04   2.8625488e+01
   2.8982000e+04   2.9663086e+01
   2.9115000e+04   2.8564453e+01
   3.0016000e+04   3.0151367e+01
   3.0274000e+04   3.0273438e+01
   3.0578000e+04   2.9907227e+01
   3.2206000e+04   3.0212402e+01
   3.2765000e+04   3.2653809e+01
   3.3534000e+04   3.0273438e+01
   3.5545000e+04   2.9968262e+01
   3.6401000e+04   2.9113770e+01
   3.7032000e+04   2.8747559e+01
   3.7351000e+04   2.9541016e+01
   3.9248000e+04   2.8625488e+01
   3.9547000e+04   3.2409668e+01
   3.9690000e+04   2.8442383e+01
   3.9746000e+04   3.1250000e+01
   3.9836000e+04   2.9907227e+01
   3.9953000e+04   3.0090332e+01
   4.0299000e+04   2.9113770e+01
   4.0418000e+04   2.8991699e+01
   4.0886000e+04   3.0456543e+01
   4.1284000e+04   3.4301758e+01
   4.2160000e+04   3.4118652e+01
   4.2545000e+04   3.4423828e+01
   4.3145000e+04   2.9113770e+01
   4.3370000e+04   3.3447266e+01
   4.3451000e+04   3.1433105e+01
   4.3531000e+04   3.0090332e+01
   4.3585000e+04   2.8747559e+01
   4.3633000e+04   2.8991699e+01
   4.3978000e+04   2.8564453e+01
   4.4375000e+04   2.9174805e+01
   4.4516000e+04   3.2165527e+01
   4.4824000e+04   3.4484863e+01
   4.4945000e+04   3.1005859e+01
   4.5489000e+04   2.9541016e+01
   4.5577000e+04   2.9357910e+01
   4.6521000e+04   3.0883789e+01
   4.6568000e+04   3.1921387e+01
   4.6919000e+04   3.0273438e+01
   4.6986000e+04   2.9418945e+01
   4.7044000e+04   2.9357910e+01
   4.7352000e+04   3.1311035e+01
   4.7389000e+04   3.0151367e+01
   4.7418000e+04   3.1066895e+01
   4.7466000e+04   2.9418945e+01
   4.7600000e+04   3.1372070e+01
   4.7718000e+04   3.0517578e+01
   4.8031000e+04   2.8991699e+01
   4.8134000e+04   2.9174805e+01
   4.8622000e+04   2.8564453e+01
   4.8657000e+04   3.1738281e+01
   4.9140000e+04   2.9663086e+01
   5.0584000e+04   2.8381348e+01
   5.1311000e+04   3.0395508e+01
   5.1454000e+04   2.9174805e+01
   5.1561000e+04   3.2287598e+01
   5.1940000e+04   3.0761719e+01
   5.1970000e+04   3.0273438e+01
   5.2910000e+04   3.0639648e+01
   5.3041000e+04   2.8503418e+01
   5.3357000e+04   3.2531738e+01
   5.4389000e+04   2.8381348e+01
   5.4846000e+04   3.4484863e+01
   5.5944000e+04   2.9968262e+01
   5.5961000e+04   2.8381348e+01
   5.6027000e+04   3.2531738e+01
   5.6054000e+04   3.2104492e+01
   5.6185000e+04   2.8991699e+01
   5.6445000e+04   3.1738281e+01
   5.6468000e+04   2.8686523e+01
   5.6648000e+04   2.8564453e+01
   5.6854000e+04   3.0639648e+01
   5.6864000e+04   2.8442383e+01
   5.7100000e+04   3.0273438e+01
   5.7468000e+04   2.8625488e+01
   5.7776000e+04   3.3508301e+01
   5.7828000e+04   3.1494141e+01
   5.7927000e+04   3.1921387e+01
   5.8244000e+04   2.9602051e+01
   5.8428000e+04   2.8503418e+01
   5.8500000e+04   2.8686523e+01
   5.8781000e+04   2.8930664e+01
   5.8907000e+04   2.9541016e+01
   5.9439000e+04   2.9663086e+01
   5.9450000e+04   3.0212402e+01
   6.0000000e+04   2.9235840e+01
   6.0244000e+04   2.8808594e+01
   6.0440000e+04   3.1494141e+01
   6.0721000e+04   2.9846191e+01
   6.0947000e+04   3.3752441e+01
   6.0969000e+04   3.2226562e+01
   6.1034000e+04   2.8869629e+01
   6.1198000e+04   3.1127930e+01
   6.2466000e+04   3.2714844e+01
   6.2520000e+04   3.1311035e+01
   6.2731000e+04   2.8991699e+01
   6.2880000e+04   2.9541016e+01
   6.3845000e+04   2.8991699e+01
   6.3916000e+04   2.8625488e+01
   6.4330000e+04   3.0334473e+01
   6.4464000e+04   3.2531738e+01
   6.4498000e+04   2.8808594e+01
   6.4950000e+04   3.0944824e+01
   6.5378000e+04   3.0212402e+01
   6.5453000e+04   3.0883789e+01
   6.5727000e+04   3.3020020e+01
   6.6018000e+04   3.2531738e+01
   6.6170000e+04   2.8808594e+01
   6.6477000e+04   3.1494141e+01
   6.7324000e+04   2.9235840e+01
   6.7472000e+04   2.9907227e+01
   6.7664000e+04   3.7231445e+01
   6.7844000e+04   2.9968262e+01
   6.8133000e+04   2.8869629e+01
   6.8182000e+04   3.2348633e+01
   6.8277000e+04   2.9846191e+01
   6.8357000e+04   2.9602051e+01
   6.8770000e+04   2.8381348e+01
   6.8850000e+04   3.4423828e+01
   6.8878000e+04   2.8808594e+01
   6.9306000e+04   2.8808594e+01
   6.9500000e+04   3.0822754e+01
   6.9525000e+04   2.9296875e+01
   7.0411000e+04   2.9785156e+01
   7.0996000e+04   2.9602051e+01
   7.1196000e+04   3.0273438e+01
   7.1373000e+04   3.1250000e+01
   7.1548000e+04   2.9357910e+01
   7.2429000e+04   2.9235840e+01
   7.2841000e+04   3.1616211e+01
   7.2978000e+04   3.1372070e+01
   7.3224000e+04   2.9113770e+01
   7.3396000e+04   2.8625488e+01
   7.3428000e+04   2.9052734e+01
   7.3634000e+04   3.1372070e+01
   7.3669000e+04   2.8991699e+01
   7.3980000e+04   2.9113770e+01
   7.4180000e+04   2.8808594e+01
   7.4357000e+04   2.8930664e+01
   7.4405000e+04   3.0395508e+01
   7.4518000e+04   3.3813477e+01
   7.4732000e+04   3.0395508e+01
   7.4831000e+04   2.8503418e+01
   7.4858000e+04   3.2348633e+01
   7.4911000e+04   2.9663086e+01
   7.5119000e+04   3.0151367e+01
   7.5382000e+04   2.9418945e+01
   7.5501000e+04   2.9052734e+01
   7.5524000e+04   2.8686523e+01
   7.5685000e+04   3.1250000e+01
   7.5725000e+04   2.9235840e+01
   7.5809000e+04   2.9846191e+01
   7.6236000e+04   3.0822754e+01
   7.6404000e+04   2.8808594e+01
   7.6639000e+04   3.1921387e+01
   7.6704000e+04   2.8625488e+01
   7.6945000e+04   2.9174805e+01
   7.7048000e+04   2.8564453e+01
   7.7286000e+04   2.9785156e+01
   7.7326000e+04   2.8686523e+01
   7.7480000e+04   2.8442383e+01
   7.7665000e+04   2.9602051e+01
   7.7758000e+04   2.9357910e+01
   7.7921000e+04   3.3874512e+01
   7.7981000e+04   3.3020020e+01
   7.8356000e+04   3.3203125e+01
   7.8642000e+04   2.9357910e+01
   7.8876000e+04   3.2043457e+01
   7.8916000e+04   3.0212402e+01
   7.8978000e+04   2.8991699e+01
   7.9242000e+04   2.9724121e+01
   7.9398000e+04   3.0029297e+01
   7.9488000e+04   2.9418945e+01
   7.9504000e+04   3.0700684e+01
   7.9727000e+04   3.1860352e+01
   7.9740000e+04   2.8808594e+01
   7.9833000e+04   2.8991699e+01
   8.0041000e+04   2.8747559e+01
   8.0168000e+04   2.9357910e+01
   8.0238000e+04   3.1433105e+01
   8.0377000e+04   3.1433105e+01
   8.0622000e+04   3.0700684e+01
   8.0937000e+04   2.9724121e+01
   8.1141000e+04   3.0944824e+01
   8.1283000e+04   3.1188965e+01
   8.1484000e+04   3.2470703e+01
   8.1609000e+04   2.9602051e+01
   8.1729000e+04   3.2958984e+01
   8.1805000e+04   2.8747559e+01
   8.1822000e+04   3.1127930e+01
   8.1911000e+04   2.9907227e+01
   8.2109000e+04   2.9418945e+01
   8.2298000e+04   3.0456543e+01
   8.2758000e+04   3.0578613e+01
   8.2778000e+04   3.6499023e+01
   8.2849000e+04   3.1066895e+01
   8.2949000e+04   3.1311035e+01
   8.3181000e+04   3.1250000e+01
   8.3207000e+04   3.0273438e+01
   8.3399000e+04   2.8991699e+01
   8.3606000e+04   2.8991699e+01
   8.3719000e+04   3.1799316e+01
   8.3779000e+04   2.9113770e+01
   8.3806000e+04   3.0090332e+01
   8.4084000e+04   3.0639648e+01
   8.4522000e+04   2.8625488e+01
   8.4661000e+04   2.8381348e+01
   8.4678000e+04   3.2226562e+01
   8.4991000e+04   3.0334473e+01
   8.5364000e+04   2.9724121e+01
   8.5468000e+04   3.0212402e+01
   8.5485000e+04   2.9846191e+01
   8.5601000e+04   3.1433105e+01
   8.5788000e+04   2.9418945e+01
   8.6077000e+04   2.9235840e+01
   8.6261000e+04   3.3447266e+01
   8.6325000e+04   3.0273438e+01
   8.6509000e+04   3.4667969e+01
   8.6562000e+04   2.8747559e+01
   8.6733000e+04   2.8625488e+01
   8.6813000e+04   2.9235840e+01
   8.6933000e+04   2.9602051e+01
   8.6999000e+04   2.8808594e+01
   8.7284000e+04   2.9541016e+01
   8.7598000e+04   3.0334473e+01
   8.7695000e+04   2.8808594e+01
   8.7902000e+04   2.9235840e+01
   8.7932000e+04   3.1555176e+01
   8.8185000e+04   2.9052734e+01
   8.8232000e+04   3.1311035e+01
   8.8557000e+04   3.1738281e+01
   8.8642000e+04   2.9602051e+01
   8.8886000e+04   2.9052734e+01
   8.8912000e+04   3.2836914e+01
   8.8968000e+04   2.9357910e+01
   8.9138000e+04   3.0090332e+01
   8.9643000e+04   2.9174805e+01
   8.9655000e+04   3.1982422e+01
   9.0021000e+04   3.0639648e+01
   9.0239000e+04   3.3508301e+01
   9.0326000e+04   2.9541016e+01
   9.0388000e+04   2.8747559e+01
   9.0617000e+04   2.9174805e+01
   9.0930000e+04   2.9418945e+01
   9.1016000e+04   2.9785156e+01
   9.1256000e+04   3.0273438e+01
   9.1317000e+04   2.9479980e+01
   9.1417000e+04   3.0578613e+01
   9.1524000e+04   3.1738281e+01
   9.1910000e+04   3.0273438e+01
   9.2502000e+04   3.1555176e+01
   9.2824000e+04   2.8991699e+01
   9.2856000e+04   3.2531738e+01
   9.2913000e+04   3.0639648e+01
   9.3346000e+04   3.0761719e+01
   9.4182000e+04   2.9357910e+01
   9.4257000e+04   3.0090332e+01
   9.4339000e+04   3.0029297e+01
   9.4657000e+04   3.1372070e+01
   9.4826000e+04   3.0212402e+01
   9.4887000e+04   2.8564453e+01
   9.4905000e+04   3.1982422e+01
   9.5392000e+04   2.9602051e+01
   9.5459000e+04   2.8503418e+01
   9.5674000e+04   3.4301758e+01
   9.5920000e+04   2.9296875e+01
   9.6076000e+04   2.8503418e+01
   9.6238000e+04   2.8625488e+01
   9.6385000e+04   3.0517578e+01
   9.6469000e+04   2.8564453e+01
   9.6611000e+04   3.1188965e+01
   9.6669000e+04   3.1188965e+01
   9.6713000e+04   3.5705566e+01
   9.6795000e+04   3.2104492e+01
   9.6914000e+04   2.9724121e+01
   9.6935000e+04   2.9357910e+01
   9.6984000e+04   2.9052734e+01
   9.7139000e+04   2.9418945e+01
   9.7178000e+04   3.5095215e+01
   9.7213000e+04   2.9296875e+01
   9.7249000e+04   2.9479980e+01
   9.7290000e+04   3.1127930e+01
   9.7325000e+04   2.9174805e+01
   9.7384000e+04   2.9235840e+01
   9.7515000e+04   3.1066895e+01
   9.7654000e+04   2.8869629e+01
   9.7787000e+04   2.8564453e+01
   9.7810000e+04   2.9113770e+01
   9.8027000e+04   3.0700684e+01
   9.8060000e+04   3.4423828e+01
   9.8104000e+04   3.2592773e+01
   9.8115000e+04   3.3752441e+01
   9.8166000e+04   2.8381348e+01
   9.8207000e+04   3.3142090e+01
   9.8227000e+04   3.0273438e+01
   9.8262000e+04   3.0944824e+01
   9.8286000e+04   3.2287598e+01
   9.8359000e+04   2.9174805e+01
   9.8463000e+04   2.9479980e+01
   9.8486000e+04   3.6193848e+01
   9.8568000e+04   2.8869629e+01
   9.8619000e+04   3.2592773e+01
   9.8797000e+04   3.7109375e+01
   9.8907000e+04   3.0761719e+01
   9.9171000e+04   2.9541016e+01
   9.9398000e+04   3.2531738e+01
   9.9449000e+04   3.1005859e+01
   9.9499000e+04   3.1005859e+01
   9.9677000e+04   3.0029297e+01
   9.9708000e+04   2.9602051e+01
   9.9739000e+04   3.2714844e+01
   9.9925000e+04   3.2043457e+01
   1.0003400e+05   2.8503418e+01
   1.0022900e+05   2.8869629e+01
   1.0024400e+05   3.4973145e+01
   1.0031600e+05   3.3447266e+01
   1.0035500e+05   3.1433105e+01
   1.0047900e+05   3.0578613e+01
   1.0068100e+05   2.9907227e+01
   1.0072300e+05   2.9296875e+01
   1.0074400e+05   3.2592773e+01
   1.0088300e+05   3.2348633e+01
   1.0093500e+05   2.8442383e+01
   1.0098000e+05   3.1127930e+01
   1.0110700e+05   3.2043457e+01
   1.0117500e+05   2.9724121e+01
   1.0147500e+05   3.3691406e+01
   1.0186700e+05   2.9602051e+01
   1.0200200e+05   2.8564453e+01
   1.0205800e+05   2.9418945e+01
   1.0207400e+05   3.0761719e+01
   1.0211100e+05   3.0151367e+01
   1.0214400e+05   3.0151367e+01
   1.0222000e+05   3.0639648e+01
   1.0228300e+05   2.9968262e+01
   1.0263500e+05   2.8564453e+01
   1.0266300e+05   3.1738281e+01
   1.0273700e+05   3.1433105e+01
   1.0285600e+05   2.9357910e+01
   1.0314600e+05   2.9357910e+01
   1.0352600e+05   2.8991699e+01
   1.0355400e+05   3.1921387e+01
   1.0360600e+05   3.3020020e+01
   1.0373900e+05   3.4729004e+01
   1.0380200e+05   2.9541016e+01
   1.0401900e+05   3.0334473e+01
   1.0410700e+05   3.0578613e+01
   1.0463700e+05   2.9541016e+01
   1.0484300e+05   3.0334473e+01
   1.0496600e+05   3.3386230e+01
   1.0519800e+05   3.0029297e+01
   1.0523600e+05   3.0578613e+01
   1.0526900e+05   3.0883789e+01
   1.0536700e+05   2.8442383e+01
   1.0587100e+05   3.0090332e+01
   1.0595300e+05   2.9479980e+01
   1.0607500e+05   2.8808594e+01
   1.0615900e+05   3.2653809e+01
   1.0633100e+05   3.2287598e+01
   1.0646400e+05   2.9052734e+01
   1.0655900e+05   3.2714844e+01
   1.0676700e+05   2.8564453e+01
   1.0681400e+05   2.8991699e+01
   1.0692300e+05   3.1188965e+01
   1.0702100e+05   3.3081055e+01
   1.0707300e+05   2.8869629e+01
   1.0711400e+05   3.0822754e+01
   1.0740700e+05   2.9296875e+01
   1.0743400e+05   3.1005859e+01
   1.0756600e+05   3.0334473e+01
   1.0766500e+05   3.0029297e+01
   1.0790500e+05   2.8503418e+01
   1.0792900e+05   2.9235840e+01
   1.0794800e+05   2.8564453e+01
   1.0796900e+05   3.3691406e+01
   1.0857000e+05   2.8686523e+01
   1.0871700e+05   2.9174805e+01
   1.0879900e+05   3.2287598e+01
   1.0889200e+05   2.9724121e+01
   1.0890400e+05   2.9296875e+01
   1.0894300e+05   3.0456543e+01
   1.0899300e+05   2.9541016e+01
   1.0934500e+05   2.8991699e+01
   1.0938300e+05   3.0822754e+01
   1.0949400e+05   3.1433105e+01
   1.0974700e+05   2.8503418e+01
   1.0991400e+05   2.8869629e+01
   1.0995700e+05   2.9724121e+01
   1.1002800e+05   3.1616211e+01
   1.1009200e+05   2.8808594e+01
   1.1026300e+05   2.8808594e+01
   1.1041000e+05   2.8808594e+01
   1.1117400e+05   2.9052734e+01
   1.1126800e+05   3.8269043e+01
   1.1149200e+05   2.9541016e+01
   1.1154800e+05   3.0578613e+01
   1.1234500e+05   3.1677246e+01
   1.1239900e+05   3.1555176e+01
   1.1255700e+05   3.3264160e+01
   1.1308000e+05   2.8503418e+01
   1.1404500e+05   2.9907227e+01
   1.1407200e+05   3.1860352e+01
   1.1451800e+05   2.9357910e+01
   1.1469100e+05   3.0090332e+01
   1.1477400e+05   3.2470703e+01
   1.1487000e+05   2.8564453e+01
   1.1503900e+05   2.9357910e+01
   1.1516700e+05   3.1250000e+01
   1.1517900e+05   2.8381348e+01
   1.1557800e+05   2.8930664e+01
   1.1572500e+05   3.2531738e+01
   1.1588400e+05   3.0029297e+01
   1.1597200e+05   3.0517578e+01
   1.1609000e+05   2.8686523e+01
   1.1657500e+05   2.8747559e+01
   1.1730300e+05   2.8991699e+01
   1.1733900e+05   3.0151367e+01
   1.1766900e+05   3.0883789e+01
   1.1802500e+05   3.0822754e+01
   1.1905700e+05   3.1616211e+01
   1.1931800e+05   3.0822754e+01
   1.1937400e+05   3.0822754e+01
   1.1943400e+05   3.1066895e+01
   1.1995300e+05   2.8808594e+01
   1.2143500e+05   2.9357910e+01
   1.2235900e+05   2.9296875e+01
   1.2267200e+05   3.0212402e+01
   1.2334000e+05   3.5217285e+01
   1.2352000e+05   2.9357910e+01
   1.2358900e+05   3.2043457e+01
   1.2386900e+05   3.1250000e+01
   1.2400000e+05   2.9846191e+01
   1.2403100e+05   2.9296875e+01
   1.2405600e+05   2.8442383e+01
   1.2452500e+05   2.8625488e+01
   1.2454400e+05   2.8625488e+01
   1.2496500e+05   3.2348633e+01
   1.2541900e+05   2.8808594e+01
   1.2549100e+05   2.8747559e+01
   1.2553400e+05   2.8808594e+01
   1.2558800e+05   3.0883789e+01
   1.2590000e+05   3.0090332e+01
   1.2599300e+05   2.8747559e+01
   1.2607200e+05   3.1738281e+01
   1.2617800e+05   3.1127930e+01
   1.2625200e+05   2.9296875e+01
   1.2629200e+05   3.2958984e+01
   1.2633400e+05   2.8747559e+01
   1.2653600e+05   2.9479980e+01
   1.2661600e+05   3.0456543e+01
   1.2673500e+05   2.9663086e+01
   1.2674700e+05   2.8381348e+01
   1.2700000e+05   3.1494141e+01
   1.2702300e+05   2.9602051e+01
   1.2711600e+05   3.1555176e+01
   1.2713600e+05   3.2348633e+01
   1.2726900e+05   2.8808594e+01
   1.2742400e+05   3.1005859e+01
   1.2771100e+05   3.1982422e+01
   1.2774700e+05   3.4851074e+01
   1.2784600e+05   2.8930664e+01
   1.2807000e+05   2.9052734e+01
   1.2812400e+05   3.0456543e+01
   1.2872400e+05   2.8808594e+01
   1.2887500e+05   3.1799316e+01
   1.2894100e+05   2.8991699e+01
   1.2903200e+05   2.8686523e+01
   1.2923200e+05   2.9541016e+01
   1.2935300e+05   3.1372070e+01
   1.2969800e+05   2.9968262e+01
   1.2975000e+05   2.9541016e+01
   1.2979300e+05   2.9357910e+01
   1.3002500e+05   2.8564453e+01
   1.3024100e+05   2.9113770e+01
   1.3032400e+05   3.1799316e+01
   1.3038100e+05   3.1738281e+01
   1.3040000e+05   4.0039062e+01
   1.3086000e+05   3.0944824e+01
   1.3107600e+05   3.1372070e+01
   1.3123700e+05   2.9296875e+01
   1.3138200e+05   2.8625488e+01
   1.3156300e+05   3.1372070e+01
   1.3194200e+05   2.9052734e+01
   1.3255500e+05   3.2165527e+01
   1.3291300e+05   2.9785156e+01
   1.3302200e+05   2.9296875e+01
   1.3314200e+05   2.9724121e+01
   1.3370100e+05   3.0700684e+01
   1.3371500e+05   2.9113770e+01
   1.3383200e+05   3.0517578e+01
   1.3395800e+05   2.8503418e+01
   1.3457400e+05   3.0395508e+01
   1.3468200e+05   2.9479980e+01
   1.3490500e+05   3.1555176e+01
   1.3564300e+05   2.8869629e+01
   1.3570300e+05   2.9296875e+01
   1.3627200e+05   2.8686523e+01
   1.3671100e+05   3.2043457e+01
   1.3693400e+05   3.0029297e+01
   1.3694900e+05   3.4179688e+01
   1.3703600e+05   2.8991699e+01
   1.3709200e+05   3.1738281e+01
   1.3734600e+05   3.1005859e+01
   1.3758700e+05   2.8442383e+01
   1.3765000e+05   2.9907227e+01
   1.3766700e+05   2.9479980e+01
   1.3774100e+05   3.0517578e+01
   1.3784500e+05   2.9541016e+01
   1.3800200e+05   2.8686523e+01
   1.3815000e+05   2.8869629e+01
   1.3839000e+05   2.8747559e+01
   1.3853300e+05   2.9357910e+01
   1.3872000e+05   2.8503418e+01
   1.3874800e+05   3.0334473e+01
   1.3879500e+05   3.2714844e+01
   1.3919500e+05   2.9113770e+01
   1.3926500e+05   2.9968262e+01
   1.3928800e+05   3.0151367e+01
   1.3958200e+05   2.8564453e+01
   1.3960600e+05   2.8930664e+01
   1.3961900e+05   2.9052734e+01
   1.3965100e+05   3.1738281e+01
   1.3979100e+05   3.5217285e+01
   1.3996200e+05   2.9357910e+01
   1.4005000e+05   3.1250000e+01
   1.4060000e+05   3.0151367e+01
   1.4085300e+05   3.0273438e+01
   1.4091700e+05   3.1066895e+01
   1.4097900e+05   2.9357910e+01
   1.4101400e+05   2.8442383e+01
   1.4142200e+05   3.7353516e+01
   1.4179700e+05   2.9479980e+01
   1.4214100e+05   2.9418945e+01
   1.4230700e+05   2.9785156e+01
   1.4252000e+05   3.2714844e+01
   1.4257300e+05   2.9541016e+01
   1.4262200e+05   2.9052734e+01
   1.4319300e+05   3.0822754e+01
   1.4327900e+05   2.8381348e+01
   1.4332600e+05   3.6926270e+01
   1.4335700e+05   3.2104492e+01
   1.4340100e+05   2.8991699e+01
   1.4347500e+05   3.1250000e+01
   1.4358700e+05   2.9846191e+01
   1.4368300e+05   2.9235840e+01
   1.4370000e+05   3.4729004e+01
   1.4372100e+05   3.0822754e+01
   1.4377800e+05   3.3386230e+01
   1.4384500e+05   2.8808594e+01
   1.4414400e+05   2.9541016e+01
   1.4417400e+05   2.8625488e+01
   1.4432000e+05   2.8991699e+01
   1.4475900e+05   3.1738281e+01
   1.4523700e+05   2.9724121e+01
   1.4530200e+05   3.0578613e+01
   1.4539200e+05   3.2531738e+01
   1.4573900e+05   2.9418945e+01
   1.4578400e+05   3.0700684e+01
   1.4584800e+05   2.9418945e+01
   1.4631100e+05   3.1982422e+01
   1.4708900e+05   2.9235840e+01
   1.4720700e+05   3.1616211e+01
   1.4722800e+05   2.8503418e+01
   1.4783500e+05   2.8625488e+01
   1.4818300e+05   2.9418945e+01
   1.4862000e+05   3.1677246e+01
   1.4866600e+05   2.8747559e+01
   1.4931300e+05   2.9357910e+01
   1.4936400e+05   2.9052734e+01
   1.4954400e+05   2.8381348e+01
   1.4960500e+05   2.9174805e+01
   1.4979300e+05   3.1372070e+01
   1.4995700e+05   3.1982422e+01
   1.5007700e+05   2.8930664e+01
   1.5018400e+05   2.9602051e+01
   1.5039500e+05   3.1311035e+01
   1.5061900e+05   2.9785156e+01
   1.5147000e+05   2.8808594e+01
   1.5153400e+05   2.8564453e+01
   1.5167400e+05   2.8808594e+01
   1.5198700e+05   2.9724121e+01
   1.5307800e+05   2.9968262e+01
   1.5317600e+05   2.9296875e+01
   1.5323400e+05   3.1921387e+01
   1.5358100e+05   2.8747559e+01
   1.5359500e+05   3.1372070e+01
   1.5552400e+05   2.9602051e+01
   1.5574900e+05   3.2043457e+01
   1.5617500e+05   3.4667969e+01
   1.5674900e+05   2.9968262e+01
   1.5741600e+05   3.5583496e+01
   1.5945900e+05   3.0334473e+01
   8.3550100e+05   2.8503418e+01
   1.0237920e+06   2.9479980e+01
   1.0563380e+06   2.9479980e+01
   1.1349180e+06   2.8930664e+01
   1.2236420e+06   3.0029297e+01
   1.8307390e+06   3.1433105e+01
   2.2086680e+06   2.8503418e+01
   2.3874840e+06   2.9479980e+01
   2.3903780e+06   2.8381348e+01
   2.3922580e+06   2.8381348e+01
   2.3960070e+06   2.8930664e+01
   2.4032530e+06   3.5339355e+01
   2.4042110e+06   2.9235840e+01
   2.4042460e+06   3.0822754e+01
   2.4054530e+06   2.9663086e+01
   2.4079320e+06   2.8808594e+01
   2.4087370e+06   3.0151367e+01
   2.4101480e+06   3.0517578e+01
   2.4109210e+06   3.1372070e+01
   2.4137290e+06   2.9602051e+01
   2.4169470e+06   2.8930664e+01
   2.4181440e+06   2.9235840e+01
   2.4202090e+06   2.9174805e+01
   2.4282910e+06   3.1738281e+01
   2.4294200e+06   2.9602051e+01
   2.4309840e+06   2.8503418e+01
   2.4314850e+06   2.8686523e+01
   2.4317650e+06   2.9541016e+01
   2.4325240e+06   2.8991699e+01
   2.4330090e+06   2.9724121e+01
   2.4339980e+06   2.8503418e+01
   2.4347660e+06   2.8991699e+01
   2.4356540e+06   2.9846191e+01
   2.4378650e+06   3.0761719e+01
   2.4398330e+06   3.2653809e+01
   2.4418190e+06   2.8991699e+01
   2.4476390e+06   2.8442383e+01
   2.4486070e+06   2.9113770e+01
   2.4487430e+06   2.8991699e+01
   2.4512030e+06   2.9785156e+01
   2.4521660e+06   2.8442383e+01
   2.4535110e+06   2.8991699e+01
   2.4552170e+06   2.8808594e+01
   2.4582740e+06   2.9602051e+01
   2.4613130e+06   3.0700684e+01
   2.4672150e+06   2.9418945e+01
   2.4736380e+06   2.8808594e+01
   2.4738350e+06   2.8869629e+01
   2.4797790e+06   2.9968262e+01
   2.4800080e+06   2.8503418e+01
   2.4804260e+06   2.9785156e+01
   2.4994090e+06   2.9907227e+01
   2.4995520e+06   2.9052734e+01
   2.5103740e+06   2.8808594e+01
   2.5245240e+06   2.9418945e+01
   2.5255400e+06   2.9235840e+01
   2.5318620e+06   2.8381348e+01
   2.5343190e+06   2.8991699e+01
   2.5386700e+06   2.9663086e+01
   2.5408360e+06   2.9113770e+01
   2.5523970e+06   3.1921387e+01
   2.5557310e+06   2.9479980e+01
   2.5622360e+06   2.8686523e+01
   2.5637130e+06   2.8442383e+01
   2.5681250e+06   2.8503418e+01
   2.5684890e+06   3.1005859e+01
   2.5705150e+06   3.1372070e+01
   2.5725800e+06   2.9235840e+01
   2.5739530e+06   3.4179688e+01
   2.5753560e+06   2.8442383e+01
   2.5993200e+06   2.9113770e+01
   2.6023760e+06   2.9418945e+01
   2.6070800e+06   2.9235840e+01
   2.6121870e+06   2.9418945e+01
   2.6180640e+06   2.9907227e+01
   2.6244700e+06   2.8625488e+01
   2.7536390e+06   2.9418945e+01
   2.7716740e+06   3.1738281e+01
   2.7751320e+06   2.8564453e+01
   2.7838340e+06   2.8869629e+01
   3.1295780e+06   3.5034180e+01
   3.1448900e+06   3.0517578e+01
   3.1542450e+06   3.3691406e+01
   3.1649290e+06   3.1433105e+01
   3.1902050e+06   3.2897949e+01
   3.3208820e+06   2.9541016e+01
   3.3527340e+06   2.9907227e+01
   3.4481380e+06   2.8564453e+01
   3.4595230e+06   3.5522461e+01
   3.4722800e+06   2.8747559e+01
   3.4744210e+06   2.9113770e+01
   3.4814930e+06   2.9418945e+01
   3.4964020e+06   2.9968262e+01
   3.5034820e+06   3.0761719e+01
   3.5156140e+06   2.9174805e+01
   3.5178000e+06   2.9357910e+01
   3.5206180e+06   2.9968262e+01
   3.5215330e+06   2.9602051e+01
   3.5285510e+06   2.8991699e+01
   3.5319360e+06   2.8564453e+01
   3.5545550e+06   2.9418945e+01
   3.5548080e+06   2.8808594e+01
   3.5928650e+06   2.8625488e+01
   3.5987850e+06   2.9113770e+01
   3.6158550e+06   2.8808594e+01
   3.6277080e+06   2.9296875e+01
   3.6804120e+06   2.9785156e+01
   3.6892000e+06   3.1616211e+01
   3.7603740e+06   2.9846191e+01
   3.8395590e+06   2.9602051e+01
   4.0101530e+06   2.8991699e+01
   4.0346730e+06   2.9846191e+01
   4.3969840e+06   2.8991699e+01
