   1.1998000e+07   0.0000000e+00
   3.2417300e+05   1.1596680e+01
   4.7753200e+05   1.1596680e+01
   1.9233340e+06   1.1291504e+01
   2.2315520e+06   1.1291504e+01
   2.5321620e+06   1.1291504e+01
   2.8387550e+06   1.1718750e+01
   5.7022760e+06   1.1169434e+01
   6.8421200e+06   1.1840820e+01
   7.2126990e+06   1.1352539e+01
   8.6730150e+06   1.1413574e+01
   8.9537040e+06   1.1657715e+01
   9.7922000e+06   1.1108398e+01
   1.0878844e+07   1.1108398e+01
   1.1396662e+07   1.1291504e+01
   1.1403505e+07   1.1169434e+01
   1.1416274e+07   1.1535645e+01
   1.1440104e+07   1.1291504e+01
   1.1543691e+07   1.1413574e+01
