   1.1998000e+07   0.0000000e+00
   3.1509000e+04   1.9775391e+01
   3.1649000e+04   2.4658203e+01
   3.1801000e+04   2.0874023e+01
   1.7012000e+05   1.9653320e+01
   1.7014800e+05   2.1484375e+01
   1.7019700e+05   1.9165039e+01
   1.7040100e+05   2.0202637e+01
   1.7042200e+05   1.9653320e+01
   4.2528600e+05   1.8920898e+01
   4.2544500e+05   2.2216797e+01
   4.2556200e+05   2.0080566e+01
   5.8373400e+05   2.1179199e+01
   1.0336740e+06   1.9653320e+01
   1.0337440e+06   1.9409180e+01
   1.0338230e+06   1.8859863e+01
   1.6116500e+06   2.2827148e+01
   1.6117370e+06   1.9653320e+01
   1.9851300e+06   2.2521973e+01
   2.1776630e+06   1.9348145e+01
   2.1776780e+06   1.9592285e+01
   2.1777260e+06   1.9470215e+01
   2.1777810e+06   1.9287109e+01
   2.1778310e+06   2.0690918e+01
   2.1779130e+06   2.0935059e+01
   2.1779530e+06   1.9531250e+01
   2.1962880e+06   2.1118164e+01
   2.1963480e+06   1.9042969e+01
   2.1964240e+06   1.9409180e+01
   2.1966780e+06   2.1789551e+01
   2.2075760e+06   2.1301270e+01
   2.2077060e+06   2.8625488e+01
   2.2083190e+06   1.9348145e+01
   2.2857940e+06   2.0996094e+01
   2.2858500e+06   2.4475098e+01
   2.2858860e+06   1.9836426e+01
   2.2859130e+06   2.5207520e+01
   2.2859950e+06   1.9042969e+01
   2.2860210e+06   1.9165039e+01
   2.2863020e+06   1.9409180e+01
   2.3282080e+06   1.9897461e+01
   2.4555110e+06   1.9470215e+01
   2.4838520e+06   2.2583008e+01
   2.4838880e+06   1.8920898e+01
   3.0291840e+06   2.0874023e+01
   3.0292640e+06   2.1301270e+01
   3.7672600e+06   2.7526855e+01
   3.7672920e+06   2.1423340e+01
   3.7673190e+06   1.9104004e+01
   3.7674500e+06   2.1911621e+01
   3.9996030e+06   2.2155762e+01
   3.9996860e+06   2.3376465e+01
   4.8014960e+06   2.1362305e+01
   4.8016620e+06   1.8981934e+01
   5.0877460e+06   2.1545410e+01
   5.0878170e+06   2.3620605e+01
   5.0878990e+06   2.0690918e+01
   5.0879110e+06   2.1240234e+01
   5.0882330e+06   2.0080566e+01
   5.1038640e+06   2.0935059e+01
   5.1039100e+06   2.0935059e+01
   5.1040240e+06   2.0446777e+01
   5.1040390e+06   2.1118164e+01
   5.1866950e+06   1.9042969e+01
   5.2597080e+06   1.8981934e+01
   5.3765970e+06   2.1606445e+01
   5.3767420e+06   2.0019531e+01
   5.3768100e+06   1.9897461e+01
   5.3768490e+06   1.9531250e+01
   5.3770400e+06   2.1301270e+01
   5.5481770e+06   1.9836426e+01
   5.5482590e+06   2.1606445e+01
   5.5483830e+06   2.0812988e+01
   5.5484260e+06   1.9226074e+01
   5.5484990e+06   1.9592285e+01
   5.5485410e+06   2.0874023e+01
   5.6361630e+06   1.9104004e+01
   5.6362800e+06   1.9470215e+01
   5.6363750e+06   2.1240234e+01
   5.6366610e+06   2.0629883e+01
   6.5653800e+06   1.9897461e+01
   6.5852780e+06   1.9042969e+01
   6.7868090e+06   2.2155762e+01
   6.7869660e+06   1.9042969e+01
   6.7871770e+06   2.0202637e+01
   6.9557750e+06   2.2033691e+01
   6.9558300e+06   2.2644043e+01
   6.9559560e+06   2.0263672e+01
   6.9560380e+06   2.0080566e+01
   7.1177650e+06   1.8798828e+01
   7.1178140e+06   1.9897461e+01
   7.1178310e+06   1.9409180e+01
   7.1178650e+06   1.8859863e+01
   7.1178830e+06   2.1301270e+01
   7.1179010e+06   2.0385742e+01
   7.1179350e+06   2.4353027e+01
   7.1179880e+06   2.0874023e+01
   7.1180570e+06   2.3376465e+01
   7.1180670e+06   1.8615723e+01
   7.1181180e+06   1.9775391e+01
   7.1181880e+06   1.9958496e+01
   7.1182480e+06   1.9165039e+01
   7.1183650e+06   1.9348145e+01
   7.6276400e+06   1.8676758e+01
   7.6277740e+06   1.9470215e+01
   7.6278240e+06   2.1728516e+01
   8.0252770e+06   1.8981934e+01
   8.0252970e+06   1.8737793e+01
   8.0253200e+06   1.9287109e+01
   8.0253460e+06   2.2155762e+01
   8.0253570e+06   2.0080566e+01
   8.0253900e+06   2.0141602e+01
   8.0254190e+06   2.0690918e+01
   8.0254540e+06   2.1606445e+01
   8.0255060e+06   1.9348145e+01
   8.0256650e+06   2.1362305e+01
   8.0256880e+06   2.0629883e+01
   8.2815730e+06   2.1911621e+01
   8.3719620e+06   1.9470215e+01
   8.4703640e+06   2.0507812e+01
   8.4703920e+06   2.0019531e+01
   8.4704290e+06   2.2705078e+01
   8.4705000e+06   2.1057129e+01
   8.4705460e+06   2.2521973e+01
   8.4705590e+06   1.8554688e+01
   8.6499890e+06   1.9592285e+01
   8.8916480e+06   2.0507812e+01
   9.0609220e+06   2.0385742e+01
   9.0611700e+06   2.1179199e+01
   9.0719880e+06   1.9165039e+01
   9.7721300e+06   1.8737793e+01
   1.0202277e+07   1.9287109e+01
   1.0511353e+07   1.9042969e+01
   1.0571123e+07   1.9653320e+01
   1.0573715e+07   1.8798828e+01
   1.0573793e+07   1.9470215e+01
   1.0573852e+07   2.4719238e+01
   1.0573902e+07   1.9714355e+01
   1.0573932e+07   2.5573730e+01
   1.0573947e+07   2.3193359e+01
   1.0574136e+07   2.1728516e+01
   1.0574150e+07   1.8920898e+01
   1.0631188e+07   1.9897461e+01
   1.0631311e+07   1.9287109e+01
   1.0631381e+07   2.0141602e+01
   1.0631775e+07   1.9226074e+01
   1.0631818e+07   2.1789551e+01
   1.0632097e+07   1.9775391e+01
   1.0632135e+07   1.8981934e+01
   1.0902961e+07   1.8920898e+01
   1.0903005e+07   2.1484375e+01
   1.0903048e+07   2.0935059e+01
   1.0903171e+07   2.1606445e+01
   1.0903562e+07   2.1972656e+01
   1.1203075e+07   1.8798828e+01
   1.1261945e+07   2.4658203e+01
   1.1261971e+07   1.9836426e+01
   1.1295012e+07   1.9958496e+01
   1.1339685e+07   1.8798828e+01
   1.1509670e+07   2.0446777e+01
