   1.1998000e+07   0.0000000e+00
   3.1580000e+04   2.4719238e+01
   3.1643000e+04   2.0996094e+01
   3.1672000e+04   2.0080566e+01
   3.1711000e+04   2.0935059e+01
   3.1817000e+04   2.0874023e+01
   3.1842000e+04   2.0568848e+01
   3.1918000e+04   1.8859863e+01
   3.1980000e+04   1.6906738e+01
   3.2018000e+04   1.7822266e+01
   3.2040000e+04   2.1789551e+01
   7.0710000e+04   2.1179199e+01
   1.6846200e+05   2.1850586e+01
   1.6904300e+05   1.8249512e+01
   1.6908000e+05   1.7150879e+01
   1.6909700e+05   1.9714355e+01
   1.6913700e+05   1.7150879e+01
   1.7005300e+05   1.7883301e+01
   1.7011800e+05   1.8920898e+01
   1.7013800e+05   1.9409180e+01
   1.7016700e+05   3.1433105e+01
   1.7018500e+05   1.8432617e+01
   1.7024500e+05   1.8127441e+01
   1.7026600e+05   2.1728516e+01
   1.7028000e+05   1.8310547e+01
   1.7034200e+05   1.8249512e+01
   1.7036600e+05   1.6540527e+01
   1.7039900e+05   2.0690918e+01
   1.7045700e+05   2.3010254e+01
   1.7058800e+05   1.8737793e+01
   1.7063000e+05   2.7893066e+01
   1.7081900e+05   2.4414062e+01
   1.7089800e+05   1.8920898e+01
   1.7124800e+05   1.6967773e+01
   1.7131900e+05   1.6418457e+01
   1.7138300e+05   2.3925781e+01
   1.7153600e+05   1.8798828e+01
   1.7157600e+05   1.7089844e+01
   1.7177600e+05   1.8188477e+01
   1.7203900e+05   1.6357422e+01
   1.7218600e+05   1.7211914e+01
   1.7266900e+05   1.6723633e+01
   1.7304700e+05   1.6479492e+01
   1.7422000e+05   1.6845703e+01
   1.7487500e+05   2.0324707e+01
   1.7539400e+05   2.3620605e+01
   1.8457100e+05   1.8371582e+01
   2.4602700e+05   2.3803711e+01
   4.2248600e+05   2.1179199e+01
   4.2532900e+05   2.0751953e+01
   4.2538400e+05   2.4658203e+01
   4.2552800e+05   2.2766113e+01
   4.2560500e+05   1.9836426e+01
   4.2565700e+05   2.0202637e+01
   4.2596300e+05   1.8798828e+01
   4.2610100e+05   3.6926270e+01
   5.8355300e+05   1.8981934e+01
   5.8360500e+05   3.0822754e+01
   5.8364200e+05   2.0874023e+01
   5.8367300e+05   1.7272949e+01
   5.8368400e+05   2.5146484e+01
   5.8374800e+05   1.6784668e+01
   5.8375900e+05   1.8310547e+01
   5.8383200e+05   1.8249512e+01
   5.8385800e+05   2.0385742e+01
   5.8392100e+05   1.8188477e+01
   5.8393500e+05   2.1728516e+01
   5.8484300e+05   1.9104004e+01
   6.9477800e+05   2.2399902e+01
   8.6984700e+05   2.3681641e+01
   1.0335520e+06   2.0568848e+01
   1.0335950e+06   2.3986816e+01
   1.0336720e+06   1.8554687e+01
   1.0336960e+06   2.2705078e+01
   1.0337620e+06   2.6367188e+01
   1.0338580e+06   1.7456055e+01
   1.0339070e+06   2.0385742e+01
   1.0339440e+06   2.4597168e+01
   1.0339980e+06   1.8249512e+01
   1.0340630e+06   2.0263672e+01
   1.0340750e+06   2.7770996e+01
   1.0341130e+06   1.6540527e+01
   1.0342890e+06   2.0935059e+01
   1.0345280e+06   1.7761230e+01
   1.2178910e+06   1.6601562e+01
   1.4547640e+06   2.4963379e+01
   1.6128070e+06   1.8798828e+01
   1.6131360e+06   1.8493652e+01
   1.6133740e+06   2.6794434e+01
   1.6171230e+06   2.0568848e+01
   1.8699570e+06   2.8259277e+01
   1.8703790e+06   1.7944336e+01
   1.9853980e+06   1.9653320e+01
   2.1776330e+06   2.1789551e+01
   2.1776660e+06   3.2897949e+01
   2.1776880e+06   2.1789551e+01
   2.1777110e+06   2.7160645e+01
   2.1777290e+06   2.2521973e+01
   2.1777520e+06   1.6662598e+01
   2.1777640e+06   2.0019531e+01
   2.1777900e+06   2.0080566e+01
   2.1778020e+06   1.8127441e+01
   2.1778370e+06   2.1667480e+01
   2.1778470e+06   1.9775391e+01
   2.1778680e+06   2.1484375e+01
   2.1779240e+06   1.6906738e+01
   2.1780090e+06   2.0202637e+01
   2.1780420e+06   1.7456055e+01
   2.1780940e+06   1.6845703e+01
   2.1781640e+06   2.1850586e+01
   2.1782930e+06   1.6540527e+01
   2.1783190e+06   2.6000977e+01
   2.1784310e+06   3.2104492e+01
   2.1785890e+06   1.8005371e+01
   2.1787750e+06   2.3864746e+01
   2.1788200e+06   1.7578125e+01
   2.1788440e+06   1.7883301e+01
   2.1789670e+06   2.4291992e+01
   2.1790110e+06   1.7517090e+01
   2.1792460e+06   1.8371582e+01
   2.1794660e+06   1.7089844e+01
   2.1797070e+06   1.7517090e+01
   2.1797260e+06   1.7211914e+01
   2.1799620e+06   1.8127441e+01
   2.1800070e+06   1.6357422e+01
   2.1803450e+06   1.7639160e+01
   2.1806020e+06   1.7883301e+01
   2.1813080e+06   1.6540527e+01
   2.1817930e+06   1.6540527e+01
   2.1958320e+06   1.7028809e+01
   2.1960550e+06   1.7395020e+01
   2.1961160e+06   1.8432617e+01
   2.1961790e+06   3.7231445e+01
   2.1962270e+06   1.6845703e+01
   2.1962540e+06   2.7893066e+01
   2.1962730e+06   1.6723633e+01
   2.1963040e+06   2.0629883e+01
   2.1964570e+06   2.1179199e+01
   2.1964860e+06   1.6845703e+01
   2.1966120e+06   1.7333984e+01
   2.1966280e+06   1.9531250e+01
   2.1967380e+06   2.0080566e+01
   2.1967480e+06   1.7272949e+01
   2.1967720e+06   1.7333984e+01
   2.1968660e+06   2.7465820e+01
   2.1969600e+06   1.9409180e+01
   2.1970120e+06   1.8371582e+01
   2.1970730e+06   2.1789551e+01
   2.1972170e+06   1.7822266e+01
   2.1973240e+06   1.6723633e+01
   2.1973640e+06   2.2094727e+01
   2.1975140e+06   2.3559570e+01
   2.1976670e+06   1.7395020e+01
   2.1978710e+06   2.0874023e+01
   2.1980810e+06   2.2705078e+01
   2.1982610e+06   1.6662598e+01
   2.1983360e+06   2.4902344e+01
   2.2067210e+06   1.7211914e+01
   2.2069040e+06   2.0568848e+01
   2.2069260e+06   1.6479492e+01
   2.2070540e+06   1.7272949e+01
   2.2070680e+06   2.9357910e+01
   2.2071800e+06   1.9775391e+01
   2.2072500e+06   1.7822266e+01
   2.2072850e+06   2.5939941e+01
   2.2073560e+06   1.9165039e+01
   2.2074920e+06   1.7883301e+01
   2.2075890e+06   1.6906738e+01
   2.2076730e+06   2.1118164e+01
   2.2077250e+06   2.1423340e+01
   2.2077610e+06   2.2827148e+01
   2.2078150e+06   1.9042969e+01
   2.2078440e+06   1.8615723e+01
   2.2079520e+06   2.3559570e+01
   2.2079650e+06   1.8432617e+01
   2.2080950e+06   2.3986816e+01
   2.2081090e+06   1.6540527e+01
   2.2081810e+06   2.3437500e+01
   2.2082960e+06   3.1433105e+01
   2.2084680e+06   1.6540527e+01
   2.2086660e+06   2.0141602e+01
   2.2093730e+06   1.9653320e+01
   2.2096790e+06   1.8371582e+01
   2.2852420e+06   2.1179199e+01
   2.2852900e+06   2.3742676e+01
   2.2853790e+06   2.6184082e+01
   2.2853930e+06   1.8127441e+01
   2.2855130e+06   2.0446777e+01
   2.2855260e+06   2.0996094e+01
   2.2856070e+06   1.6357422e+01
   2.2856400e+06   1.9409180e+01
   2.2857150e+06   2.3559570e+01
   2.2858430e+06   2.1972656e+01
   2.2858670e+06   1.7883301e+01
   2.2859020e+06   1.8066406e+01
   2.2859960e+06   2.0202637e+01
   2.2860700e+06   2.5512695e+01
   2.2860850e+06   1.7150879e+01
   2.2861650e+06   2.3864746e+01
   2.2862790e+06   1.8676758e+01
   2.2863250e+06   1.6601562e+01
   2.2863580e+06   1.8310547e+01
   2.2865090e+06   2.1423340e+01
   2.2866570e+06   2.3132324e+01
   2.2868750e+06   1.7822266e+01
   2.2868950e+06   2.0019531e+01
   2.2869960e+06   1.8371582e+01
   2.2871020e+06   2.1484375e+01
   2.2872170e+06   1.7517090e+01
   2.2873360e+06   1.8676758e+01
   2.2873800e+06   2.1240234e+01
   2.2875450e+06   2.1545410e+01
   2.2876500e+06   1.7150879e+01
   2.2881240e+06   1.7333984e+01
   2.2881530e+06   1.6418457e+01
   2.2882040e+06   2.2216797e+01
   2.2884280e+06   1.6357422e+01
   2.2891040e+06   2.1240234e+01
   2.2910510e+06   2.0202637e+01
   2.2930660e+06   1.7395020e+01
   2.4509500e+06   1.7517090e+01
   2.4801910e+06   1.6662598e+01
   2.4837110e+06   2.1301270e+01
   2.4838060e+06   1.7822266e+01
   2.4840190e+06   1.7333984e+01
   2.4840720e+06   2.3925781e+01
   2.6695980e+06   1.7333984e+01
   2.8742320e+06   1.6479492e+01
   3.0289270e+06   1.6662598e+01
   3.0289620e+06   1.8310547e+01
   3.0289890e+06   3.1311035e+01
   3.0290420e+06   1.6845703e+01
   3.0290650e+06   1.8005371e+01
   3.0291280e+06   2.1118164e+01
   3.0291610e+06   1.6784668e+01
   3.0292820e+06   1.8981934e+01
   3.0292960e+06   1.8005371e+01
   3.0293610e+06   2.8625488e+01
   3.0296990e+06   2.4719238e+01
   3.4057450e+06   1.6296387e+01
   3.5792160e+06   1.7639160e+01
   3.6360970e+06   1.6296387e+01
   3.7670700e+06   1.8676758e+01
   3.7671060e+06   1.8493652e+01
   3.7671170e+06   1.6235352e+01
   3.7671640e+06   2.2949219e+01
   3.7671780e+06   2.5939941e+01
   3.7671990e+06   2.3620605e+01
   3.7672390e+06   2.0263672e+01
   3.7672690e+06   1.6784668e+01
   3.7673110e+06   1.6235352e+01
   3.7673330e+06   2.6123047e+01
   3.7673610e+06   2.2766113e+01
   3.7674600e+06   1.6357422e+01
   3.7675590e+06   2.0446777e+01
   3.7676000e+06   2.0629883e+01
   3.7679540e+06   1.6967773e+01
   3.7680070e+06   1.7089844e+01
   4.3749940e+06   2.3071289e+01
   4.3750600e+06   1.8554688e+01
   4.3751410e+06   1.8859863e+01
   4.5585470e+06   2.0935059e+01
   4.5588020e+06   2.0324707e+01
   4.5589280e+06   1.8127441e+01
   4.5589480e+06   2.7160645e+01
   4.5590220e+06   2.0019531e+01
   4.5590530e+06   1.6540527e+01
   4.5591650e+06   1.7333984e+01
   4.8018060e+06   2.0751953e+01
   4.8256830e+06   2.3010254e+01
   5.0603050e+06   1.6418457e+01
   5.0874380e+06   1.7883301e+01
   5.0875830e+06   2.0996094e+01
   5.0876030e+06   1.9958496e+01
   5.0876250e+06   1.6723633e+01
   5.0877130e+06   2.7099609e+01
   5.0877690e+06   1.8188477e+01
   5.0878030e+06   2.2155762e+01
   5.0878170e+06   1.8615723e+01
   5.0878960e+06   1.7028809e+01
   5.0879250e+06   2.7343750e+01
   5.0879570e+06   1.8066406e+01
   5.0879740e+06   1.6174316e+01
   5.0880200e+06   2.0690918e+01
   5.0880500e+06   1.6174316e+01
   5.0880990e+06   1.7395020e+01
   5.0881380e+06   2.5390625e+01
   5.0882880e+06   1.6479492e+01
   5.0883280e+06   3.0944824e+01
   5.0888560e+06   1.7700195e+01
   5.1034860e+06   3.1188965e+01
   5.1035250e+06   2.2460938e+01
   5.1035410e+06   2.0690918e+01
   5.1036410e+06   2.9174805e+01
   5.1036700e+06   2.6428223e+01
   5.1037390e+06   1.6174316e+01
   5.1037490e+06   1.9531250e+01
   5.1038320e+06   1.7150879e+01
   5.1039360e+06   2.3986816e+01
   5.1040300e+06   1.7517090e+01
   5.1040710e+06   2.0507812e+01
   5.1041610e+06   1.7272949e+01
   5.1041750e+06   2.0019531e+01
   5.1042430e+06   1.9226074e+01
   5.1042580e+06   1.6418457e+01
   5.1042810e+06   1.9775391e+01
   5.1044080e+06   1.9592285e+01
   5.1044310e+06   2.3437500e+01
   5.1044480e+06   1.9897461e+01
   5.1044990e+06   1.7944336e+01
   5.1045880e+06   2.1911621e+01
   5.1048150e+06   2.1484375e+01
   5.1048910e+06   1.6174316e+01
   5.1049980e+06   1.6296387e+01
   5.1051420e+06   1.9287109e+01
   5.1051990e+06   1.8310547e+01
   5.1052160e+06   1.7150879e+01
   5.1054900e+06   1.7395020e+01
   5.1056150e+06   1.6540527e+01
   5.1057050e+06   1.7272949e+01
   5.3767740e+06   1.6784668e+01
   5.3767960e+06   2.6794434e+01
   5.3768180e+06   1.8127441e+01
   5.3768770e+06   2.0935059e+01
   5.3768980e+06   1.7150879e+01
   5.3769460e+06   2.4108887e+01
   5.3769760e+06   2.0996094e+01
   5.3769910e+06   2.4047852e+01
   5.3770390e+06   1.6906738e+01
   5.3770520e+06   1.8188477e+01
   5.3770970e+06   1.9836426e+01
   5.3771810e+06   2.6550293e+01
   5.3772240e+06   2.1362305e+01
   5.3773110e+06   2.3681641e+01
   5.3773800e+06   1.6967773e+01
   5.3773920e+06   2.0141602e+01
   5.3774250e+06   1.8371582e+01
   5.3775640e+06   1.6235352e+01
   5.3775900e+06   2.0080566e+01
   5.3785490e+06   1.6723633e+01
   5.5478990e+06   2.0324707e+01
   5.5479560e+06   1.9714355e+01
   5.5480060e+06   2.8137207e+01
   5.5480780e+06   1.6967773e+01
   5.5481110e+06   1.9165039e+01
   5.5481230e+06   2.3071289e+01
   5.5482110e+06   2.1118164e+01
   5.5482310e+06   1.7822266e+01
   5.5482730e+06   2.3925781e+01
   5.5483130e+06   1.9348145e+01
   5.5484050e+06   3.2226562e+01
   5.5485160e+06   1.7272949e+01
   5.5485440e+06   1.7700195e+01
   5.5487000e+06   2.3254395e+01
   5.5487150e+06   1.9104004e+01
   5.5488350e+06   1.7944336e+01
   5.6149080e+06   1.8371582e+01
   5.6149270e+06   2.2888184e+01
   5.6149460e+06   1.9409180e+01
   5.6150930e+06   1.8432617e+01
   5.6151220e+06   2.0874023e+01
   5.6151940e+06   1.6357422e+01
   5.6152050e+06   2.2888184e+01
   5.6152660e+06   1.6601562e+01
   5.6361060e+06   1.6174316e+01
   5.6361280e+06   2.1301270e+01
   5.6361550e+06   1.6662598e+01
   5.6362930e+06   2.3742676e+01
   5.6363180e+06   1.7761230e+01
   5.6363540e+06   2.7526855e+01
   5.6364000e+06   1.9470215e+01
   5.6364770e+06   2.4841309e+01
   5.6364960e+06   1.6418457e+01
   5.6365640e+06   1.8127441e+01
   5.6366290e+06   1.7150879e+01
   5.6368210e+06   1.8127441e+01
   5.7277910e+06   1.7395020e+01
   6.1292550e+06   1.6235352e+01
   6.1293480e+06   1.9653320e+01
   6.1294710e+06   1.8432617e+01
   6.2255100e+06   1.6601562e+01
   6.2576130e+06   1.8432617e+01
   6.2576310e+06   1.8310547e+01
   6.2579940e+06   2.0568848e+01
   6.2851930e+06   2.2338867e+01
   6.2852340e+06   1.7700195e+01
   6.2852990e+06   2.4230957e+01
   6.6938930e+06   1.7700195e+01
   6.7866840e+06   1.7578125e+01
   6.7867390e+06   2.4841309e+01
   6.7868170e+06   1.8798828e+01
   6.7868660e+06   2.0080566e+01
   6.7869170e+06   2.5024414e+01
   6.7869650e+06   1.6845703e+01
   6.7870590e+06   2.4169922e+01
   6.7870880e+06   1.8798828e+01
   6.7871830e+06   1.8615723e+01
   6.7872030e+06   1.8249512e+01
   6.7872200e+06   2.2399902e+01
   6.7872300e+06   1.8249512e+01
   6.7872940e+06   2.6428223e+01
   6.7873460e+06   2.5207520e+01
   6.7874690e+06   1.6784668e+01
   6.7875320e+06   1.6296387e+01
   6.7876500e+06   2.3498535e+01
   6.7882010e+06   1.7517090e+01
   6.9378600e+06   2.1179199e+01
   6.9556620e+06   1.7639160e+01
   6.9556970e+06   1.8615723e+01
   6.9557180e+06   2.3010254e+01
   6.9557650e+06   1.6967773e+01
   6.9558000e+06   1.8310547e+01
   6.9558150e+06   2.1057129e+01
   6.9558740e+06   1.8981934e+01
   6.9558920e+06   3.1127930e+01
   6.9559470e+06   1.7211914e+01
   6.9559720e+06   3.0212402e+01
   6.9559940e+06   1.9042969e+01
   6.9560380e+06   1.6662598e+01
   6.9561280e+06   2.6977539e+01
   6.9561380e+06   1.7517090e+01
   6.9562110e+06   1.8371582e+01
   6.9562590e+06   1.8249512e+01
   6.9564210e+06   2.1362305e+01
   6.9564820e+06   1.9958496e+01
   6.9566290e+06   1.8615723e+01
   6.9566520e+06   1.7578125e+01
   7.0053790e+06   1.7639160e+01
   7.1176540e+06   3.1738281e+01
   7.1176970e+06   2.5512695e+01
   7.1177220e+06   2.1789551e+01
   7.1177560e+06   2.3559570e+01
   7.1178020e+06   1.8005371e+01
   7.1178400e+06   2.3315430e+01
   7.1179360e+06   2.3803711e+01
   7.1179770e+06   1.7700195e+01
   7.1180530e+06   1.8798828e+01
   7.1180910e+06   1.7089844e+01
   7.1181120e+06   2.0629883e+01
   7.1181490e+06   1.6784668e+01
   7.1181950e+06   2.0935059e+01
   7.1183140e+06   2.4047852e+01
   7.1183670e+06   1.6601562e+01
   7.1184220e+06   1.6418457e+01
   7.1184560e+06   2.4902344e+01
   7.1186010e+06   1.7700195e+01
   7.1186630e+06   2.1484375e+01
   7.1188020e+06   1.6235352e+01
   7.4301150e+06   1.6296387e+01
   7.5177900e+06   1.6479492e+01
   7.5382060e+06   2.0629883e+01
   7.5386670e+06   1.8249512e+01
   7.6281370e+06   2.1728516e+01
   7.6281860e+06   2.0690918e+01
   7.6282250e+06   1.6967773e+01
   7.9414630e+06   1.6357422e+01
   7.9458680e+06   1.6906738e+01
   8.0251480e+06   1.6296387e+01
   8.0252070e+06   2.5451660e+01
   8.0252250e+06   1.8188477e+01
   8.0252530e+06   2.5756836e+01
   8.0252810e+06   3.4484863e+01
   8.0253150e+06   2.4108887e+01
   8.0253810e+06   1.9897461e+01
   8.0254310e+06   1.6418457e+01
   8.0254750e+06   1.7517090e+01
   8.0255890e+06   2.2216797e+01
   8.0256290e+06   1.8981934e+01
   8.0257110e+06   2.2827148e+01
   8.0258400e+06   1.7028809e+01
   8.0258610e+06   2.2094727e+01
   8.0260480e+06   2.3803711e+01
   8.0263020e+06   1.8127441e+01
   8.0264540e+06   1.7883301e+01
   8.0817710e+06   1.6784668e+01
   8.2821290e+06   2.9846191e+01
   8.2821990e+06   1.7150879e+01
   8.2822690e+06   1.7944336e+01
   8.2827570e+06   2.0080566e+01
   8.2828710e+06   1.9409180e+01
   8.2829220e+06   2.1362305e+01
   8.2923290e+06   1.6906738e+01
   8.3724810e+06   1.6540527e+01
   8.3726410e+06   1.6601562e+01
   8.3728490e+06   2.4230957e+01
   8.3729640e+06   2.0629883e+01
   8.3730420e+06   2.9052734e+01
   8.3731140e+06   1.7944336e+01
   8.3732150e+06   1.7089844e+01
   8.3732680e+06   1.8859863e+01
   8.3733070e+06   1.7883301e+01
   8.3734360e+06   2.1789551e+01
   8.4701700e+06   3.8635254e+01
   8.4701960e+06   1.8127441e+01
   8.4702120e+06   1.8066406e+01
   8.4702380e+06   2.5695801e+01
   8.4702660e+06   1.6235352e+01
   8.4702950e+06   1.9226074e+01
   8.4703210e+06   1.8188477e+01
   8.4703740e+06   1.7883301e+01
   8.4704290e+06   2.3193359e+01
   8.4704430e+06   1.7456055e+01
   8.4705410e+06   1.7333984e+01
   8.4705710e+06   2.6306152e+01
   8.4705830e+06   1.8920898e+01
   8.4706870e+06   1.6540527e+01
   8.4707340e+06   1.8371582e+01
   8.4709430e+06   2.1850586e+01
   8.4712380e+06   2.0507812e+01
   8.7111280e+06   1.6235352e+01
   8.7961430e+06   1.7395020e+01
   8.8321510e+06   2.2949219e+01
   8.8322490e+06   1.6479492e+01
   8.8326940e+06   2.0019531e+01
   8.8595740e+06   2.7282715e+01
   8.8596890e+06   1.8920898e+01
   8.8597380e+06   2.5085449e+01
   8.8597900e+06   1.7150879e+01
   8.8598200e+06   1.8615723e+01
   8.8598320e+06   2.0996094e+01
   8.8923620e+06   1.7211914e+01
   8.9867840e+06   1.8249512e+01
   8.9958830e+06   1.7211914e+01
   9.0010400e+06   2.4780273e+01
   9.0615060e+06   1.6784668e+01
   9.1043160e+06   1.8249512e+01
   9.1044620e+06   1.6845703e+01
   9.1045340e+06   2.0751953e+01
   9.1046200e+06   1.7211914e+01
   9.1046930e+06   1.7456055e+01
   9.1047080e+06   1.6967773e+01
   9.1047700e+06   2.5817871e+01
   9.1047800e+06   1.7211914e+01
   9.1048300e+06   2.5756836e+01
   9.1048430e+06   1.6662598e+01
   9.1049280e+06   1.7456055e+01
   9.1049560e+06   2.4047852e+01
   9.1050050e+06   1.9836426e+01
   9.1050380e+06   2.8076172e+01
   9.1052070e+06   2.0263672e+01
   9.1052440e+06   1.6357422e+01
   9.1970250e+06   1.8615723e+01
   9.4234250e+06   2.2888184e+01
   9.4237020e+06   1.6662598e+01
   9.4238930e+06   1.7456055e+01
   9.4240320e+06   2.3010254e+01
   9.4461420e+06   2.8686523e+01
   9.4462030e+06   2.2094727e+01
   9.4462480e+06   1.7517090e+01
   9.4462920e+06   2.0812988e+01
   9.4463520e+06   2.0812988e+01
   9.4463970e+06   1.7578125e+01
   9.4465320e+06   2.6123047e+01
   9.4465520e+06   1.8676758e+01
   9.4467060e+06   1.9836426e+01
   9.4886440e+06   1.6174316e+01
   9.5752520e+06   1.6357422e+01
   9.8286170e+06   1.6784668e+01
   1.0292799e+07   1.6235352e+01
   1.0454316e+07   1.6479492e+01
   1.0573579e+07   1.6601562e+01
   1.0573658e+07   2.3376465e+01
   1.0573703e+07   1.8432617e+01
   1.0573733e+07   2.1301270e+01
   1.0573807e+07   1.8859863e+01
   1.0573852e+07   3.0822754e+01
   1.0573916e+07   2.0874023e+01
   1.0573978e+07   2.0446777e+01
   1.0574062e+07   1.6662598e+01
   1.0574106e+07   2.8137207e+01
   1.0574227e+07   2.0690918e+01
   1.0574290e+07   1.7150879e+01
   1.0574367e+07   2.1667480e+01
   1.0574417e+07   1.7578125e+01
   1.0574502e+07   2.0690918e+01
   1.0574783e+07   2.0385742e+01
   1.0575042e+07   1.7028809e+01
   1.0575390e+07   1.6418457e+01
   1.0575491e+07   1.6418457e+01
   1.0576158e+07   1.6235352e+01
   1.0631593e+07   2.4414062e+01
   1.0631683e+07   1.8432617e+01
   1.0631699e+07   1.9531250e+01
   1.0631727e+07   2.8747559e+01
   1.0631770e+07   1.9165039e+01
   1.0631844e+07   2.8015137e+01
   1.0631892e+07   1.7578125e+01
   1.0631928e+07   1.7700195e+01
   1.0631982e+07   1.7456055e+01
   1.0632003e+07   1.6174316e+01
   1.0632055e+07   2.1606445e+01
   1.0632089e+07   1.7944336e+01
   1.0632154e+07   2.5329590e+01
   1.0632228e+07   1.6723633e+01
   1.0632260e+07   2.2949219e+01
   1.0632380e+07   2.2888184e+01
   1.0632497e+07   1.8371582e+01
   1.0632596e+07   1.7578125e+01
   1.0632637e+07   3.0029297e+01
   1.0632790e+07   2.1484375e+01
   1.0632924e+07   1.9897461e+01
   1.0633192e+07   1.9042969e+01
   1.0633760e+07   1.7944336e+01
   1.0704447e+07   2.1667480e+01
   1.0704632e+07   2.1667480e+01
   1.0704739e+07   2.3559570e+01
   1.0704784e+07   1.6845703e+01
   1.0902745e+07   1.7395020e+01
   1.0902770e+07   2.1972656e+01
   1.0902786e+07   3.1555176e+01
   1.0902817e+07   2.0446777e+01
   1.0902846e+07   2.3132324e+01
   1.0902898e+07   2.7832031e+01
   1.0902939e+07   1.8859863e+01
   1.0903013e+07   2.6916504e+01
   1.0903026e+07   1.7456055e+01
   1.0903138e+07   2.4841309e+01
   1.0903202e+07   1.8859863e+01
   1.0903281e+07   3.3386230e+01
   1.0903307e+07   1.6357422e+01
   1.0903371e+07   1.6479492e+01
   1.0903571e+07   2.2705078e+01
   1.0903585e+07   2.4536133e+01
   1.0903788e+07   3.0456543e+01
   1.0904119e+07   1.6235352e+01
   1.0904444e+07   1.6906738e+01
   1.0904558e+07   1.6784668e+01
   1.0979278e+07   1.6784668e+01
   1.0979329e+07   2.6062012e+01
   1.0979563e+07   1.6174316e+01
   1.1093261e+07   1.8737793e+01
   1.1139274e+07   2.4230957e+01
   1.1214916e+07   1.7761230e+01
   1.1262002e+07   2.1362305e+01
   1.1262042e+07   1.7272949e+01
   1.1262114e+07   2.2277832e+01
   1.1262247e+07   1.8981934e+01
   1.1262262e+07   2.3620605e+01
   1.1294961e+07   3.0029297e+01
   1.1294973e+07   2.1667480e+01
   1.1295021e+07   2.1850586e+01
   1.1295044e+07   1.7700195e+01
   1.1295081e+07   1.8066406e+01
   1.1295206e+07   1.9348145e+01
   1.1295235e+07   2.4353027e+01
   1.1295324e+07   1.7700195e+01
   1.1295358e+07   2.3681641e+01
   1.1295622e+07   1.9958496e+01
   1.1326181e+07   1.7211914e+01
   1.1439387e+07   1.6235352e+01
   1.1482953e+07   1.6113281e+01
   1.1512158e+07   1.8737793e+01
   1.1512585e+07   2.1118164e+01
   1.1656289e+07   1.6479492e+01
   1.1824532e+07   2.3742676e+01
   1.1825028e+07   1.6845703e+01
   1.1825122e+07   1.7578125e+01
   1.1825183e+07   1.6296387e+01
