   1.1999000e+07   0.0000000e+00
   2.6767700e+05   3.5888672e+01
   5.5634400e+05   3.3935547e+01
   5.9702800e+05   3.8269043e+01
   1.7401980e+06   3.5888672e+01
   2.1951720e+06   3.5705566e+01
   3.8181960e+06   3.5827637e+01
   3.8926300e+06   3.4118652e+01
   5.4215590e+06   3.7963867e+01
   5.5496560e+06   3.5400391e+01
   6.5964400e+06   3.5949707e+01
   6.6701260e+06   3.6010742e+01
   6.6702280e+06   3.3935547e+01
   6.9191970e+06   3.5461426e+01
   7.4220310e+06   3.7902832e+01
   8.3879980e+06   3.5583496e+01
   9.0148570e+06   3.4912109e+01
   9.4483470e+06   3.5461426e+01
   9.4484590e+06   3.5949707e+01
   9.5024280e+06   4.0954590e+01
   1.0318548e+07   3.5888672e+01
   1.0508099e+07   3.8635254e+01
