   1.1999000e+07   0.0000000e+00
   2.6771600e+05   4.2663574e+01
   2.6773600e+05   3.2653809e+01
   4.4139200e+05   4.0588379e+01
   5.0289900e+05   3.6621094e+01
   5.0293700e+05   4.1259766e+01
   5.0298500e+05   3.3020020e+01
   5.1910100e+05   3.8818359e+01
   5.5647800e+05   3.3508301e+01
   5.7736300e+05   3.4118652e+01
   5.9708700e+05   4.2785645e+01
   6.3656200e+05   3.6621094e+01
   6.3658000e+05   3.2653809e+01
   6.6869900e+05   4.0527344e+01
   7.8001900e+05   3.9428711e+01
   1.1919290e+06   3.7353516e+01
   1.7402310e+06   3.3447266e+01
   1.7402750e+06   3.4912109e+01
   1.9625400e+06   3.2775879e+01
   1.9625670e+06   4.0954590e+01
   1.9626410e+06   4.1809082e+01
   1.9868160e+06   3.3752441e+01
   2.0416390e+06   3.6437988e+01
   2.0708340e+06   3.4912109e+01
   2.1134500e+06   4.1625977e+01
   2.9054880e+06   3.4423828e+01
   2.9056940e+06   3.8452148e+01
   2.9057550e+06   3.6132812e+01
   3.4400260e+06   3.4362793e+01
   3.6037770e+06   3.5705566e+01
   3.6038460e+06   3.3874512e+01
   3.7502880e+06   3.6499023e+01
   3.7503320e+06   3.2958984e+01
   3.7504060e+06   3.6010742e+01
   3.8183250e+06   4.0771484e+01
   3.8547060e+06   3.6071777e+01
   3.8925210e+06   3.4484863e+01
   3.8925470e+06   3.3264160e+01
   3.9821060e+06   3.3081055e+01
   3.9821610e+06   3.2653809e+01
   4.0138570e+06   3.2836914e+01
   4.0617780e+06   3.4057617e+01
   4.1135430e+06   3.3081055e+01
   4.6760100e+06   3.2653809e+01
   4.7404010e+06   3.6621094e+01
   5.0070660e+06   3.8208008e+01
   5.3667680e+06   3.3020020e+01
   5.4214840e+06   3.7658691e+01
   5.4215180e+06   3.5583496e+01
   5.4475780e+06   3.4973145e+01
   5.5053310e+06   3.7170410e+01
   5.5497160e+06   3.4606934e+01
   5.5497620e+06   3.8452148e+01
   6.3244970e+06   3.9794922e+01
   6.5964870e+06   3.7780762e+01
   6.6702450e+06   3.4240723e+01
   6.8781260e+06   3.5705566e+01
   6.8785830e+06   3.2531738e+01
   6.9683710e+06   3.8085938e+01
   7.0266320e+06   3.7475586e+01
   7.0701080e+06   3.7048340e+01
   7.3830590e+06   3.8208008e+01
   7.3831810e+06   3.3569336e+01
   7.4221130e+06   3.2653809e+01
   7.4450870e+06   3.4851074e+01
   7.4687200e+06   4.1076660e+01
   7.4687820e+06   3.2836914e+01
   7.5318490e+06   3.3386230e+01
   7.5318810e+06   3.5949707e+01
   7.5319220e+06   3.2714844e+01
   7.6026410e+06   3.7719727e+01
   8.0516120e+06   3.3996582e+01
   8.1027760e+06   3.2897949e+01
   8.1724420e+06   3.2836914e+01
   8.3387390e+06   3.3264160e+01
   8.3881630e+06   3.3630371e+01
   8.5463590e+06   3.3386230e+01
   8.5464100e+06   3.2592773e+01
   8.9564220e+06   3.3081055e+01
   9.1136070e+06   3.8940430e+01
   9.3691630e+06   3.4729004e+01
   9.3692040e+06   3.3569336e+01
   9.4484470e+06   3.3325195e+01
   9.5024670e+06   3.7109375e+01
   9.5636180e+06   3.3386230e+01
   9.8110520e+06   3.3752441e+01
   1.0209075e+07   3.5583496e+01
   1.0209168e+07   3.2653809e+01
   1.0318456e+07   3.3508301e+01
   1.0417635e+07   3.8513184e+01
   1.0508169e+07   3.3935547e+01
   1.0602172e+07   4.0100098e+01
   1.0986186e+07   3.8391113e+01
   1.1054052e+07   3.3935547e+01
   1.1121419e+07   3.3935547e+01
   1.1121445e+07   3.2714844e+01
   1.1121493e+07   3.3447266e+01
   1.1179709e+07   3.3325195e+01
   1.1228027e+07   3.2836914e+01
   1.1344958e+07   3.8574219e+01
   1.1921982e+07   3.3325195e+01
