   1.1996000e+07   0.0000000e+00
   4.2110000e+03   3.7719727e+01
   8.0710000e+03   3.3508301e+01
   1.0561000e+04   3.3752441e+01
   1.4887000e+04   4.0954590e+01
   2.1695000e+04   4.5959473e+01
   2.2415000e+04   3.3203125e+01
   2.9541000e+04   3.5644531e+01
   3.2060000e+04   4.0283203e+01
   3.8384000e+04   4.8278809e+01
   4.0051000e+04   3.5949707e+01
   4.0183000e+04   3.9428711e+01
   4.6541000e+04   4.2175293e+01
   5.0743000e+04   4.7119141e+01
   5.8171000e+04   3.6132812e+01
   5.9673000e+04   3.4851074e+01
   6.5105000e+04   4.2236328e+01
   7.2434000e+04   4.3395996e+01
   7.6173000e+04   3.8208008e+01
   8.0974000e+04   4.7790527e+01
   8.2620000e+04   4.9072266e+01
   8.2756000e+04   3.9550781e+01
   8.3072000e+04   4.3090820e+01
   9.5423000e+04   3.5461426e+01
   9.6198000e+04   4.0161133e+01
   9.7273000e+04   3.9855957e+01
   9.7468000e+04   3.3142090e+01
   9.7755000e+04   4.5166016e+01
   1.0931900e+05   4.1015625e+01
   1.1631600e+05   3.9550781e+01
   1.2348400e+05   4.2236328e+01
   1.2839000e+05   4.0771484e+01
   1.3463100e+05   4.0161133e+01
   1.3650800e+05   4.5776367e+01
   1.3735300e+05   4.1687012e+01
   1.4795700e+05   3.9062500e+01
   1.5125400e+05   3.8024902e+01
   1.5725500e+05   3.6010742e+01
   1.6162600e+05   4.2846680e+01
   1.6994300e+05   3.4667969e+01
   1.7448000e+05   4.5227051e+01
   1.8762600e+05   4.3334961e+01
   1.9135000e+05   4.3579102e+01
   1.9588200e+05   3.4179688e+01
   1.9608800e+05   3.4912109e+01
   2.0073100e+05   4.0893555e+01
   2.0327300e+05   4.6508789e+01
   2.0876500e+05   3.4851074e+01
   2.1642300e+05   3.9916992e+01
   2.2632100e+05   3.7048340e+01
   2.3024200e+05   4.5471191e+01
   2.3725100e+05   4.0283203e+01
   2.4161300e+05   3.8940430e+01
   2.4462200e+05   4.5410156e+01
   2.5000400e+05   3.9001465e+01
   2.5390500e+05   4.7668457e+01
   2.5798600e+05   5.0720215e+01
   2.6392400e+05   3.3142090e+01
   2.6788700e+05   3.7841797e+01
   2.7196000e+05   4.2236328e+01
   2.7650800e+05   3.6499023e+01
   2.8104800e+05   3.9794922e+01
   2.8231400e+05   4.1809082e+01
   2.8248000e+05   3.8391113e+01
   2.8265400e+05   3.3142090e+01
   2.8284400e+05   3.6071777e+01
   2.9010000e+05   3.7963867e+01
   2.9517800e+05   4.0588379e+01
   2.9599700e+05   3.4973145e+01
   2.9974900e+05   4.6630859e+01
   3.0412300e+05   5.3344727e+01
   3.0903700e+05   4.3518066e+01
   3.1408500e+05   3.9001465e+01
   3.1428300e+05   4.4311523e+01
   3.1446000e+05   3.6743164e+01
   3.1466500e+05   5.2429199e+01
   3.1478900e+05   3.7902832e+01
   3.2484500e+05   4.1503906e+01
   3.3032000e+05   3.6621094e+01
   3.3397300e+05   3.9611816e+01
   3.3955600e+05   4.3334961e+01
   3.4582500e+05   3.8452148e+01
   3.4596800e+05   4.1870117e+01
   3.4642800e+05   3.9184570e+01
   3.6132300e+05   3.4790039e+01
   3.6586800e+05   3.9978027e+01
   3.7229900e+05   3.7170410e+01
   3.8012300e+05   4.0466309e+01
   3.8179500e+05   3.6010742e+01
   3.8192100e+05   3.9367676e+01
   3.8213800e+05   3.9611816e+01
   3.9216700e+05   4.3823242e+01
   4.0448500e+05   4.0161133e+01
   4.0873600e+05   4.7729492e+01
   4.2137000e+05   4.6447754e+01
   4.2611700e+05   3.5522461e+01
   4.3027700e+05   3.5583496e+01
   4.3069400e+05   3.6804199e+01
   4.3230300e+05   3.4057617e+01
   4.3872100e+05   3.3630371e+01
   4.4358700e+05   3.7536621e+01
   4.4903500e+05   4.2785645e+01
   4.5257700e+05   3.4057617e+01
   4.5869300e+05   4.3029785e+01
   4.6847100e+05   3.6499023e+01
   4.7392000e+05   4.1137695e+01
   4.7900300e+05   3.4362793e+01
   4.7988000e+05   3.4362793e+01
   4.8506900e+05   4.1992188e+01
   4.9196800e+05   4.0222168e+01
   4.9702800e+05   4.2907715e+01
   5.0262400e+05   4.1931152e+01
   5.0776800e+05   4.2419434e+01
   5.1311900e+05   3.6437988e+01
   5.1536500e+05   3.8574219e+01
   5.2385700e+05   3.9916992e+01
   5.2842800e+05   3.5461426e+01
   5.3408700e+05   3.8085938e+01
   5.4309000e+05   3.7902832e+01
   5.4459000e+05   4.3212891e+01
   5.4491900e+05   4.8645020e+01
   5.4633100e+05   3.5278320e+01
   5.4992500e+05   5.8471680e+01
   5.5001400e+05   4.4494629e+01
   5.5008000e+05   4.7119141e+01
   5.5009800e+05   3.9916992e+01
   5.5214300e+05   3.9184570e+01
   5.7242900e+05   3.9367676e+01
   5.7451000e+05   4.3945312e+01
   5.7686200e+05   4.3273926e+01
   5.7814400e+05   3.3264160e+01
   5.8159900e+05   4.1259766e+01
   5.8752900e+05   3.7170410e+01
   5.9023500e+05   3.8146973e+01
   5.9039200e+05   3.6804199e+01
   5.9052000e+05   4.2053223e+01
   5.9451300e+05   3.5522461e+01
   6.0004600e+05   4.3029785e+01
   6.0329200e+05   3.7963867e+01
   6.0363400e+05   3.5888672e+01
   6.0560500e+05   3.7170410e+01
   6.0573000e+05   3.6071777e+01
   6.0589500e+05   3.3264160e+01
   6.2466700e+05   3.5095215e+01
   6.2893600e+05   4.0039063e+01
   6.3136100e+05   3.3569336e+01
   6.3155700e+05   5.0109863e+01
   6.4230100e+05   3.9733887e+01
   6.5541300e+05   3.9306641e+01
   6.5767700e+05   3.4118652e+01
   6.5832700e+05   3.7048340e+01
   6.5974900e+05   4.3090820e+01
   6.6005400e+05   5.1147461e+01
   6.6061400e+05   5.3710938e+01
   6.6071000e+05   3.3874512e+01
   6.6080400e+05   3.6865234e+01
   6.6102600e+05   3.5766602e+01
   6.6129100e+05   3.4606934e+01
   6.6139300e+05   3.3935547e+01
   6.6145000e+05   5.3100586e+01
   6.7815900e+05   3.4973145e+01
   6.8258800e+05   4.1198730e+01
   6.9094600e+05   4.0466309e+01
   6.9517600e+05   3.3630371e+01
   6.9618300e+05   3.5705566e+01
   6.9687200e+05   3.7475586e+01
   6.9723200e+05   3.9916992e+01
   6.9776000e+05   4.0405273e+01
   6.9799200e+05   4.1503906e+01
   6.9810100e+05   3.3203125e+01
   6.9817900e+05   3.5217285e+01
   6.9820400e+05   4.3457031e+01
   6.9833700e+05   4.4860840e+01
   6.9849900e+05   3.4240723e+01
   6.9883200e+05   3.3508301e+01
   7.1444900e+05   3.9001465e+01
   7.1622300e+05   3.9062500e+01
   7.2014800e+05   4.6752930e+01
   7.2187300e+05   4.1320801e+01
   7.2608400e+05   3.9916992e+01
   7.2766100e+05   3.9794922e+01
   7.2851600e+05   3.3142090e+01
   7.2859000e+05   3.4545898e+01
   7.2879700e+05   3.9306641e+01
   7.2912200e+05   3.3752441e+01
   7.2918500e+05   4.1015625e+01
   7.2969200e+05   4.2968750e+01
   7.4453400e+05   3.7353516e+01
   7.4781400e+05   4.1015625e+01
   7.5205700e+05   3.3203125e+01
   7.5647800e+05   3.4423828e+01
   7.6133000e+05   3.8208008e+01
   7.6493900e+05   3.7597656e+01
   7.6543800e+05   3.5339355e+01
   7.6554700e+05   3.5095215e+01
   7.6618700e+05   3.6682129e+01
   7.6652200e+05   3.6682129e+01
   7.6670600e+05   3.3203125e+01
   7.6677600e+05   3.8085938e+01
   7.6684900e+05   3.9794922e+01
   7.8230000e+05   4.5288086e+01
   7.8637900e+05   4.0771484e+01
   7.8940800e+05   3.8024902e+01
   7.9421800e+05   3.9123535e+01
   7.9442800e+05   3.3874512e+01
   7.9452500e+05   4.7668457e+01
   7.9649000e+05   3.7658691e+01
   7.9653000e+05   4.0344238e+01
   7.9662700e+05   3.3386230e+01
   7.9668800e+05   4.0100098e+01
   7.9676800e+05   3.8635254e+01
   7.9690400e+05   4.3884277e+01
   7.9709300e+05   3.6437988e+01
   8.1639700e+05   3.8818359e+01
   8.2066900e+05   4.1442871e+01
   8.2596700e+05   4.5288086e+01
   8.2911600e+05   3.5400391e+01
   8.3121300e+05   3.3569336e+01
   8.3202000e+05   3.4912109e+01
   8.3209000e+05   3.3630371e+01
   8.3220100e+05   4.9316406e+01
   8.3226500e+05   3.4362793e+01
   8.3239300e+05   3.9306641e+01
   8.5413000e+05   4.0344238e+01
   8.5883700e+05   3.6560059e+01
   8.6569600e+05   4.1992188e+01
   8.6705300e+05   4.1503906e+01
   8.6710900e+05   3.5461426e+01
   8.6736700e+05   3.8024902e+01
   8.6744900e+05   3.3691406e+01
   8.6753200e+05   4.3457031e+01
   8.6755400e+05   3.5095215e+01
   8.6771100e+05   3.3752441e+01
   8.8768400e+05   3.9001465e+01
   8.8824400e+05   4.2602539e+01
   8.8869200e+05   3.6682129e+01
   9.0323200e+05   4.1625977e+01
   9.0445100e+05   3.6010742e+01
   9.0460200e+05   3.5156250e+01
   9.0481200e+05   4.5104980e+01
   9.0499100e+05   4.7973633e+01
   9.1813800e+05   4.1870117e+01
   9.2096300e+05   4.5471191e+01
   9.2146500e+05   4.6203613e+01
   9.2235000e+05   4.4433594e+01
   9.3650300e+05   4.0588379e+01
   9.3684200e+05   3.5278320e+01
   9.3718100e+05   4.3212891e+01
   9.3750300e+05   3.3752441e+01
   9.4729700e+05   3.8696289e+01
   9.5038200e+05   3.8818359e+01
   9.5039200e+05   4.2968750e+01
   9.5058000e+05   5.0354004e+01
   9.5062800e+05   3.4851074e+01
   9.5067500e+05   3.4240723e+01
   9.6252800e+05   3.4423828e+01
   9.6281600e+05   4.4982910e+01
   9.6299500e+05   4.2785645e+01
   9.7680100e+05   3.4057617e+01
   9.7702900e+05   4.4738770e+01
   9.7738300e+05   5.9387207e+01
   9.7748000e+05   3.4423828e+01
   9.7789100e+05   3.7536621e+01
   9.9404000e+05   3.4606934e+01
   9.9426900e+05   3.3691406e+01
   9.9437900e+05   3.3752441e+01
   9.9440500e+05   4.6203613e+01
   9.9453200e+05   3.7719727e+01
   9.9457400e+05   3.6010742e+01
   1.0094470e+06   4.1564941e+01
   1.0098340e+06   4.5104980e+01
   1.0098870e+06   3.6315918e+01
   1.0104210e+06   3.5278320e+01
   1.0106970e+06   4.1259766e+01
   1.0235200e+06   4.0100098e+01
   1.0239230e+06   4.0954590e+01
   1.0241550e+06   3.4240723e+01
   1.0242740e+06   3.4484863e+01
   1.0242910e+06   3.3508301e+01
   1.0250680e+06   3.6560059e+01
   1.0380580e+06   4.2602539e+01
   1.0387890e+06   4.0893555e+01
   1.0390270e+06   4.8522949e+01
   1.0392030e+06   3.9184570e+01
   1.0395390e+06   3.8818359e+01
   1.0513690e+06   3.4240723e+01
   1.0513830e+06   3.5461426e+01
   1.0517860e+06   3.6804199e+01
   1.0520350e+06   4.4738770e+01
   1.0522520e+06   4.3395996e+01
   1.0528550e+06   3.4423828e+01
   1.0669640e+06   4.1198730e+01
   1.0672880e+06   4.0466309e+01
   1.0674800e+06   3.7963867e+01
   1.0810880e+06   4.5776367e+01
   1.0832070e+06   5.0537109e+01
   1.0836040e+06   3.4179688e+01
   1.0915100e+06   3.4118652e+01
   1.0987210e+06   3.7353516e+01
   1.1018780e+06   4.4067383e+01
   1.1021700e+06   4.0405273e+01
   1.1027890e+06   4.2968750e+01
   1.1156390e+06   3.8513184e+01
   1.1243090e+06   4.6752930e+01
   1.1251600e+06   3.5217285e+01
   1.1254680e+06   4.9865723e+01
   1.1256400e+06   4.2480469e+01
   1.1258170e+06   3.4912109e+01
   1.1452830e+06   4.4921875e+01
   1.1479160e+06   3.5949707e+01
   1.1628750e+06   4.3273926e+01
   1.1672460e+06   3.4667969e+01
   1.1693700e+06   3.3264160e+01
   1.1731250e+06   3.3813477e+01
   1.1796670e+06   3.9550781e+01
   1.1798570e+06   3.6193848e+01
   1.1806820e+06   3.3996582e+01
   1.1807180e+06   4.7424316e+01
   1.1924430e+06   4.5959473e+01
   1.1976820e+06   3.8208008e+01
   1.2015750e+06   4.2907715e+01
   1.2028210e+06   4.3212891e+01
   1.2034590e+06   4.1625977e+01
   1.2177500e+06   4.2297363e+01
   1.2228710e+06   3.8513184e+01
   1.2251610e+06   3.9550781e+01
   1.2295680e+06   5.0903320e+01
   1.2342350e+06   3.6437988e+01
   1.2401460e+06   4.5043945e+01
   1.2460230e+06   3.4484863e+01
   1.2502960e+06   3.5949707e+01
   1.2557650e+06   4.3640137e+01
   1.2611270e+06   3.4240723e+01
   1.2646430e+06   3.7841797e+01
   1.2693720e+06   3.4362793e+01
   1.2725650e+06   3.6926270e+01
   1.2761020e+06   4.4006348e+01
   1.2785330e+06   3.6437988e+01
   1.2829930e+06   4.0588379e+01
   1.2857310e+06   4.4738770e+01
   1.2887810e+06   3.8757324e+01
   1.2916920e+06   4.4250488e+01
   1.2942670e+06   4.3212891e+01
   1.2946860e+06   3.3081055e+01
   1.2949980e+06   4.2236328e+01
   1.2952410e+06   3.3386230e+01
   1.3025730e+06   4.3273926e+01
   1.3106410e+06   3.4118652e+01
   1.3106520e+06   3.7719727e+01
   1.3141340e+06   3.6926270e+01
   1.3154940e+06   3.7109375e+01
   1.3155530e+06   3.5156250e+01
   1.3158380e+06   3.9001465e+01
   1.3159290e+06   4.1076660e+01
   1.3161260e+06   4.5349121e+01
   1.3162750e+06   3.7414551e+01
   1.3274340e+06   3.6010742e+01
   1.3333940e+06   3.8513184e+01
   1.3366950e+06   3.6254883e+01
   1.3368560e+06   4.1809082e+01
   1.3371090e+06   4.7302246e+01
   1.3478520e+06   3.4790039e+01
   1.3539580e+06   3.6987305e+01
   1.3574850e+06   5.1330566e+01
   1.3576010e+06   3.5156250e+01
   1.3578640e+06   3.3874512e+01
   1.3679500e+06   3.6071777e+01
   1.3717740e+06   4.2053223e+01
   1.3758620e+06   4.1503906e+01
   1.3761170e+06   4.2968750e+01
   1.3765360e+06   3.5888672e+01
   1.3873440e+06   3.6743164e+01
   1.3928400e+06   4.0222168e+01
   1.3961960e+06   3.8208008e+01
   1.4008630e+06   3.8635254e+01
   1.4044510e+06   4.2114258e+01
   1.4067490e+06   5.0109863e+01
   1.4105860e+06   3.7292480e+01
   1.4155520e+06   3.8391113e+01
   1.4205280e+06   3.5278320e+01
   1.4248590e+06   4.2480469e+01
   1.4267800e+06   4.0466309e+01
   1.4271600e+06   4.0771484e+01
   1.4379380e+06   3.7963867e+01
   1.4387730e+06   3.4179688e+01
   1.4414320e+06   3.5400391e+01
   1.4517440e+06   4.2846680e+01
   1.4560620e+06   3.4606934e+01
   1.4587850e+06   3.9855957e+01
   1.4600700e+06   3.4667969e+01
   1.4639320e+06   4.1687012e+01
   1.4641900e+06   4.1503906e+01
   1.4720490e+06   3.8146973e+01
   1.4731490e+06   3.5339355e+01
   1.4755620e+06   4.1259766e+01
   1.4809650e+06   3.5827637e+01
   1.4810990e+06   4.0405273e+01
   1.4813050e+06   3.6560059e+01
   1.4816120e+06   3.4790039e+01
   1.4881880e+06   3.8879395e+01
   1.5022080e+06   3.5278320e+01
   1.5059300e+06   4.3273926e+01
   1.5121390e+06   3.7292480e+01
   1.5177940e+06   3.5827637e+01
   1.5213230e+06   4.2114258e+01
   1.5252530e+06   3.9916992e+01
   1.5277940e+06   3.6193848e+01
   1.5341090e+06   4.7180176e+01
   1.5378740e+06   3.8940430e+01
   1.5381900e+06   3.3386230e+01
   1.5383880e+06   3.9611816e+01
   1.5434950e+06   5.0659180e+01
   1.5448210e+06   5.2734375e+01
   1.5451540e+06   3.3447266e+01
   1.5453020e+06   4.7302246e+01
   1.5466120e+06   3.3752441e+01
   1.5471150e+06   4.5898438e+01
   1.5674870e+06   4.1687012e+01
   1.5725050e+06   3.9611816e+01
   1.5771880e+06   4.2419434e+01
   1.5802960e+06   4.3151855e+01
   1.5825040e+06   4.3395996e+01
   1.5854520e+06   3.4606934e+01
   1.5922910e+06   3.5339355e+01
   1.5972020e+06   4.3273926e+01
   1.6028470e+06   3.7048340e+01
   1.6070040e+06   4.1870117e+01
   1.6083440e+06   3.3752441e+01
   1.6126120e+06   3.8208008e+01
   1.6217760e+06   4.0649414e+01
   1.6220170e+06   3.9245605e+01
   1.6288210e+06   3.3752441e+01
   1.6290750e+06   4.0588379e+01
   1.6291670e+06   4.5593262e+01
   1.6293030e+06   3.8330078e+01
   1.6373590e+06   3.8696289e+01
   1.6449930e+06   3.6621094e+01
   1.6498410e+06   4.2419434e+01
   1.6560680e+06   4.0405273e+01
   1.6616680e+06   3.8024902e+01
   1.6635490e+06   4.2846680e+01
   1.6637140e+06   4.7302246e+01
   1.6699840e+06   3.8635254e+01
   1.6742750e+06   3.7048340e+01
   1.6808580e+06   3.4973145e+01
   1.6810650e+06   3.6071777e+01
   1.6812710e+06   4.2053223e+01
   1.6814530e+06   4.2419434e+01
   1.6917200e+06   4.4433594e+01
   1.6938600e+06   3.3813477e+01
   1.6978260e+06   3.6987305e+01
   1.7082770e+06   3.4606934e+01
   1.7146280e+06   4.0039062e+01
   1.7187230e+06   4.2297363e+01
   1.7208070e+06   3.8635254e+01
   1.7247590e+06   4.1015625e+01
   1.7295120e+06   3.3569336e+01
   1.7297240e+06   3.6071777e+01
   1.7335650e+06   4.0771484e+01
   1.7337130e+06   5.3527832e+01
   1.7339200e+06   3.6193848e+01
   1.7400830e+06   5.2246094e+01
   1.7441020e+06   3.7719727e+01
   1.7466530e+06   4.4677734e+01
   1.7468980e+06   4.4494629e+01
   1.7470650e+06   4.0466309e+01
   1.7472480e+06   4.0832520e+01
   1.7565280e+06   3.3508301e+01
   1.7592700e+06   4.3273926e+01
   1.7641750e+06   4.1748047e+01
   1.7643970e+06   4.2846680e+01
   1.7646310e+06   3.9367676e+01
   1.7701860e+06   4.4250488e+01
   1.7760740e+06   4.4250488e+01
   1.7800570e+06   3.6926270e+01
   1.7853940e+06   3.9428711e+01
   1.7912390e+06   3.8208008e+01
   1.7976160e+06   3.3142090e+01
   1.8018460e+06   3.6926270e+01
   1.8071060e+06   3.3569336e+01
   1.8112860e+06   3.9733887e+01
   1.8189820e+06   3.4423828e+01
   1.8232670e+06   3.8330078e+01
   1.8275290e+06   3.8635254e+01
   1.8309960e+06   4.2846680e+01
   1.8352320e+06   4.1503906e+01
   1.8409140e+06   3.3996582e+01
   1.8415280e+06   4.6752930e+01
   1.8457450e+06   4.5349121e+01
   1.8529450e+06   3.6315918e+01
   1.8577830e+06   3.4606934e+01
   1.8579990e+06   4.4128418e+01
   1.8644890e+06   4.2419434e+01
   1.8681320e+06   4.5654297e+01
   1.8754640e+06   4.1564941e+01
   1.8776720e+06   3.6132812e+01
   1.8796820e+06   3.5156250e+01
   1.8813030e+06   3.7658691e+01
   1.8816730e+06   3.6499023e+01
   1.8905760e+06   3.9489746e+01
   1.8973250e+06   3.7353516e+01
   1.8974260e+06   4.4799805e+01
   1.8975920e+06   3.3935547e+01
   1.8978540e+06   3.7658691e+01
   1.9064360e+06   3.7475586e+01
   1.9124770e+06   4.5104980e+01
   1.9152000e+06   4.0588379e+01
   1.9176080e+06   3.4179688e+01
   1.9232210e+06   3.4729004e+01
   1.9259480e+06   3.9062500e+01
   1.9289810e+06   3.3081055e+01
   1.9398910e+06   3.3081055e+01
   1.9432320e+06   3.5095215e+01
   1.9433770e+06   4.0710449e+01
   1.9436150e+06   3.3142090e+01
   1.9489720e+06   3.3874512e+01
   1.9542070e+06   3.4851074e+01
   1.9576950e+06   3.5827637e+01
   1.9590320e+06   3.5278320e+01
   1.9591400e+06   3.9733887e+01
   1.9684470e+06   4.1992188e+01
   1.9703830e+06   3.6499023e+01
   1.9739090e+06   4.4677734e+01
   1.9852930e+06   4.7119141e+01
   1.9929110e+06   3.5644531e+01
   2.0016430e+06   4.5776367e+01
   2.0055260e+06   4.4067383e+01
   2.0057240e+06   4.1809082e+01
   2.0098360e+06   3.3935547e+01
   2.0113680e+06   3.9978027e+01
   2.0137490e+06   3.7231445e+01
   2.0194640e+06   4.0832520e+01
   2.0233340e+06   4.6752930e+01
   2.0292380e+06   3.7963867e+01
   2.0337710e+06   4.5349121e+01
   2.0369260e+06   3.9978027e+01
   2.0415500e+06   4.3273926e+01
   2.0461090e+06   3.4973145e+01
   2.0518320e+06   3.7841797e+01
   2.0545850e+06   4.5166016e+01
   2.0561200e+06   3.3752441e+01
   2.0562600e+06   3.4240723e+01
   2.0666860e+06   4.8828125e+01
   2.0721220e+06   3.6132812e+01
   2.0753560e+06   3.5461426e+01
   2.0802850e+06   3.7658691e+01
   2.0805910e+06   4.1748047e+01
   2.0806710e+06   4.1015625e+01
   2.0903770e+06   4.1320801e+01
   2.0949000e+06   4.1503906e+01
   2.0969130e+06   4.8461914e+01
   2.0972270e+06   3.3508301e+01
   2.0972740e+06   5.3405762e+01
   2.0973350e+06   3.5339355e+01
   2.0973460e+06   4.4311523e+01
   2.0974000e+06   3.4240723e+01
   2.0974170e+06   3.3874512e+01
   2.0974580e+06   3.3447266e+01
   2.0989680e+06   3.8940430e+01
   2.1008120e+06   3.3447266e+01
   2.1202220e+06   3.8085938e+01
   2.1222390e+06   4.0039062e+01
   2.1295750e+06   3.3203125e+01
   2.1353240e+06   3.9306641e+01
   2.1386720e+06   3.3081055e+01
   2.1432750e+06   4.5654297e+01
   2.1451650e+06   3.4606934e+01
   2.1453970e+06   3.3752441e+01
   2.1457750e+06   4.0161133e+01
   2.1509120e+06   3.4729004e+01
   2.1569190e+06   3.3935547e+01
   2.1619080e+06   4.8645020e+01
   2.1629580e+06   3.3935547e+01
   2.1700480e+06   3.3691406e+01
   2.1784520e+06   3.7475586e+01
   2.1824710e+06   4.4372559e+01
   2.1896040e+06   3.6254883e+01
   2.1933520e+06   4.3762207e+01
   2.1972330e+06   3.5278320e+01
   2.2023820e+06   3.9367676e+01
   2.2055000e+06   3.8024902e+01
   2.2078160e+06   3.4667969e+01
   2.2113010e+06   3.7902832e+01
   2.2142860e+06   4.2297363e+01
   2.2170970e+06   3.4973145e+01
   2.2194460e+06   3.9855957e+01
   2.2220650e+06   3.4729004e+01
   2.2252380e+06   3.9855957e+01
   2.2306330e+06   4.1564941e+01
   2.2310170e+06   3.7048340e+01
   2.2316510e+06   3.3264160e+01
   2.2375990e+06   4.0222168e+01
   2.2408530e+06   3.4301758e+01
   2.2440910e+06   4.1198730e+01
   2.2441840e+06   5.0964355e+01
   2.2490940e+06   4.8400879e+01
   2.2515460e+06   3.7902832e+01
   2.2549120e+06   4.1015625e+01
   2.2590700e+06   3.3325195e+01
   2.2630500e+06   4.2175293e+01
   2.2660090e+06   3.7658691e+01
   2.2704280e+06   3.3691406e+01
   2.2746450e+06   3.7414551e+01
   2.2775620e+06   4.1625977e+01
   2.2829090e+06   3.4484863e+01
   2.2882430e+06   4.4189453e+01
   2.2884100e+06   3.6560059e+01
   2.2942490e+06   5.5603027e+01
   2.2978030e+06   3.9062500e+01
   2.3049990e+06   4.0344238e+01
   2.3065800e+06   4.0405273e+01
   2.3067520e+06   4.1748047e+01
   2.3069160e+06   4.0832520e+01
   2.3071120e+06   3.4973145e+01
   2.3155910e+06   4.4067383e+01
   2.3182280e+06   4.1625977e+01
   2.3208930e+06   4.3945312e+01
   2.3255710e+06   3.7841797e+01
   2.3315960e+06   3.4057617e+01
   2.3347050e+06   3.8146973e+01
   2.3401630e+06   3.8330078e+01
   2.3437600e+06   3.7780762e+01
   2.3479150e+06   3.8330078e+01
   2.3480620e+06   3.7780762e+01
   2.3544410e+06   4.1687012e+01
   2.3595230e+06   4.3640137e+01
   2.3597200e+06   4.0832520e+01
   2.3599340e+06   3.8208008e+01
   2.3651790e+06   3.9978027e+01
   2.3722260e+06   3.6254883e+01
   2.3767060e+06   3.8818359e+01
   2.3825980e+06   3.8330078e+01
   2.3876820e+06   3.4240723e+01
   2.3889760e+06   4.6020508e+01
   2.3961380e+06   3.8574219e+01
   2.4033070e+06   4.0222168e+01
   2.4123780e+06   3.5644531e+01
   2.4169030e+06   3.7719727e+01
   2.4173090e+06   4.2419434e+01
   2.4242580e+06   3.3752441e+01
   2.4247200e+06   3.3142090e+01
   2.4310620e+06   3.7231445e+01
   2.4378200e+06   4.0283203e+01
   2.4502160e+06   3.4545898e+01
   2.4541870e+06   4.0588379e+01
   2.4612940e+06   3.9794922e+01
   2.4680700e+06   3.9611816e+01
   2.4735930e+06   3.6315918e+01
   2.4758890e+06   3.3264160e+01
   2.4842990e+06   4.4311523e+01
   2.4909370e+06   3.5156250e+01
   2.4956600e+06   4.0039062e+01
   2.5006690e+06   4.0710449e+01
   2.5007790e+06   3.8696289e+01
   2.5009780e+06   4.1564941e+01
   2.5066220e+06   3.4484863e+01
   2.5136400e+06   3.9367676e+01
   2.5175970e+06   3.6499023e+01
   2.5200670e+06   3.9306641e+01
   2.5234890e+06   3.4484863e+01
   2.5276930e+06   3.8330078e+01
   2.5327090e+06   3.6865234e+01
   2.5408510e+06   3.3996582e+01
   2.5459850e+06   4.3884277e+01
   2.5540420e+06   4.2541504e+01
   2.5625530e+06   3.6865234e+01
   2.5666830e+06   3.5034180e+01
   2.5673070e+06   3.4484863e+01
   2.5717330e+06   3.9306641e+01
   2.5768950e+06   4.1931152e+01
   2.5786730e+06   4.2053223e+01
   2.5837920e+06   3.8452148e+01
   2.5925380e+06   4.9743652e+01
   2.5956080e+06   3.8085938e+01
   2.5999450e+06   3.7231445e+01
   2.6055950e+06   3.6743164e+01
   2.6062620e+06   3.4301758e+01
   2.6089970e+06   4.4250488e+01
   2.6117910e+06   3.8146973e+01
   2.6176470e+06   3.8330078e+01
   2.6224750e+06   3.6987305e+01
   2.6269470e+06   3.3630371e+01
   2.6329600e+06   4.0771484e+01
   2.6375580e+06   4.3762207e+01
   2.6399270e+06   4.2846680e+01
   2.6400310e+06   4.4616699e+01
   2.6482610e+06   4.3212891e+01
   2.6514980e+06   3.8330078e+01
   2.6548370e+06   3.4301758e+01
   2.6623570e+06   3.3996582e+01
   2.6668910e+06   3.8818359e+01
   2.6707600e+06   3.8696289e+01
   2.6761800e+06   3.4423828e+01
   2.6772210e+06   3.4118652e+01
   2.6774130e+06   3.6254883e+01
   2.6869600e+06   4.0039062e+01
   2.6945250e+06   3.6926270e+01
   2.6948010e+06   3.8574219e+01
   2.6957580e+06   4.0283203e+01
   2.6958450e+06   4.8889160e+01
   2.7025970e+06   3.5461426e+01
   2.7121040e+06   3.5766602e+01
   2.7236960e+06   3.3386230e+01
   2.7287210e+06   4.1320801e+01
   2.7345150e+06   4.3212891e+01
   2.7389690e+06   3.4973145e+01
   2.7393040e+06   3.6926270e+01
   2.7434370e+06   4.2114258e+01
   2.7437410e+06   3.6376953e+01
   2.7437790e+06   4.0710449e+01
   2.7439120e+06   4.2663574e+01
   2.7439290e+06   3.8085938e+01
   2.7439600e+06   3.5461426e+01
   2.7440890e+06   3.4057617e+01
   2.7441910e+06   3.4240723e+01
   2.7442920e+06   3.5217285e+01
   2.7635320e+06   4.0649414e+01
   2.7669260e+06   4.2602539e+01
   2.7696800e+06   4.4677734e+01
   2.7700640e+06   4.0161133e+01
   2.7702810e+06   3.7292480e+01
   2.7755720e+06   3.5217285e+01
   2.7835270e+06   4.2297363e+01
   2.7885120e+06   4.0771484e+01
   2.7900490e+06   3.7597656e+01
   2.7946240e+06   3.4667969e+01
   2.7965380e+06   3.5095215e+01
   2.7967950e+06   3.7597656e+01
   2.7969330e+06   3.4729004e+01
   2.7969860e+06   3.7414551e+01
   2.7970860e+06   3.3142090e+01
   2.8179770e+06   3.8452148e+01
   2.8208970e+06   4.5104980e+01
   2.8294040e+06   4.0161133e+01
   2.8358520e+06   3.4423828e+01
   2.8403960e+06   3.6804199e+01
   2.8407520e+06   3.8330078e+01
   2.8410820e+06   3.6743164e+01
   2.8413600e+06   3.4362793e+01
   2.8413830e+06   3.4545898e+01
   2.8416000e+06   3.6132812e+01
   2.8421460e+06   4.0588379e+01
   2.8422110e+06   4.4067383e+01
   2.8646890e+06   3.6254883e+01
   2.8659680e+06   3.5156250e+01
   2.8692920e+06   4.8706055e+01
   2.8707030e+06   3.9733887e+01
   2.8754520e+06   3.5400391e+01
   2.8798630e+06   4.1748047e+01
   2.8822760e+06   3.8635254e+01
   2.8828400e+06   4.6020508e+01
   2.8836630e+06   3.3325195e+01
   2.8841010e+06   4.7790527e+01
   2.8842120e+06   7.1411133e+01
   2.8843770e+06   4.0222168e+01
   2.9046480e+06   3.8574219e+01
   2.9081460e+06   4.7058105e+01
   2.9114390e+06   4.0893555e+01
   2.9167450e+06   3.4729004e+01
   2.9270090e+06   3.8085938e+01
   2.9272950e+06   3.4423828e+01
   2.9361900e+06   3.7902832e+01
   2.9365490e+06   4.5593262e+01
   2.9484870e+06   3.3142090e+01
   2.9488860e+06   4.4128418e+01
   2.9626830e+06   4.1259766e+01
   2.9630060e+06   4.2846680e+01
   2.9634600e+06   3.7475586e+01
   2.9817580e+06   3.8696289e+01
   2.9820260e+06   3.7475586e+01
   2.9983830e+06   4.2907715e+01
   3.0015470e+06   3.5766602e+01
   3.0018230e+06   3.3813477e+01
   3.0018840e+06   3.7536621e+01
   3.0148680e+06   4.3395996e+01
   3.0185610e+06   3.5339355e+01
   3.0230280e+06   3.3569336e+01
   3.0232780e+06   4.4433594e+01
   3.0234920e+06   3.8635254e+01
   3.0238370e+06   3.5217285e+01
   3.0423060e+06   4.5898438e+01
   3.0458420e+06   4.4494629e+01
   3.0460510e+06   4.4372559e+01
   3.0463790e+06   3.4362793e+01
   3.0464280e+06   5.1452637e+01
   3.0592830e+06   3.6804199e+01
   3.0643430e+06   3.3691406e+01
   3.0805690e+06   4.4128418e+01
   3.0833360e+06   3.8024902e+01
   3.0841090e+06   3.6071777e+01
   3.0970990e+06   3.7048340e+01
   3.0980080e+06   3.6499023e+01
   3.1081010e+06   3.6926270e+01
   3.1119360e+06   4.7302246e+01
   3.1155860e+06   4.4860840e+01
   3.1198510e+06   4.2602539e+01
   3.1236630e+06   3.6071777e+01
   3.1270360e+06   4.3273926e+01
   3.1274620e+06   3.4484863e+01
   3.1275340e+06   3.5095215e+01
   3.1360910e+06   3.5888672e+01
   3.1407930e+06   4.0832520e+01
   3.1467370e+06   3.5949707e+01
   3.1471050e+06   3.6315918e+01
   3.1535110e+06   3.6132812e+01
   3.1592450e+06   4.1442871e+01
   3.1654080e+06   4.2419434e+01
   3.1658110e+06   3.8269043e+01
   3.1724130e+06   3.8024902e+01
   3.1828160e+06   4.2541504e+01
   3.1832340e+06   4.1259766e+01
   3.1907010e+06   3.5461426e+01
   3.1933070e+06   3.4545898e+01
   3.1969750e+06   4.8950195e+01
   3.2002280e+06   3.4240723e+01
   3.2005090e+06   3.5644531e+01
   3.2073690e+06   3.8024902e+01
   3.2115660e+06   3.8635254e+01
   3.2181260e+06   3.7597656e+01
   3.2278070e+06   4.3457031e+01
   3.2387900e+06   3.6132812e+01
   3.2395410e+06   4.3212891e+01
   3.2474750e+06   3.3508301e+01
   3.2534050e+06   3.7658691e+01
   3.2548200e+06   3.4912109e+01
   3.2572530e+06   3.4118652e+01
   3.2596890e+06   4.4555664e+01
   3.2599390e+06   4.2053223e+01
   3.2601570e+06   3.4240723e+01
   3.2605580e+06   3.4057617e+01
   3.2666610e+06   3.9672852e+01
   3.2692900e+06   4.2236328e+01
   3.2693810e+06   4.0771484e+01
   3.2695850e+06   4.1870117e+01
   3.2697760e+06   3.3569336e+01
   3.2770870e+06   3.4301758e+01
   3.2792470e+06   3.4545898e+01
   3.2811340e+06   4.6997070e+01
   3.2814690e+06   3.7414551e+01
   3.2909530e+06   4.1564941e+01
   3.2939450e+06   4.3945312e+01
   3.2997100e+06   4.1137695e+01
   3.3030780e+06   4.7363281e+01
   3.3034860e+06   3.5949707e+01
   3.3129240e+06   3.4729004e+01
   3.3179720e+06   3.9428711e+01
   3.3226090e+06   3.6376953e+01
   3.3251580e+06   4.4128418e+01
   3.3321910e+06   3.3813477e+01
   3.3370840e+06   3.6499023e+01
   3.3388760e+06   3.4301758e+01
   3.3391080e+06   4.7058105e+01
   3.3392240e+06   3.4118652e+01
   3.3466400e+06   3.5339355e+01
   3.3473000e+06   3.5034180e+01
   3.3475500e+06   3.9855957e+01
   3.3547380e+06   3.3447266e+01
   3.3587060e+06   3.3508301e+01
   3.3643470e+06   4.0039062e+01
   3.3691730e+06   3.7597656e+01
   3.3738190e+06   4.1320801e+01
   3.3781740e+06   3.6804199e+01
   3.3784870e+06   4.3701172e+01
   3.3788880e+06   3.3752441e+01
   3.3868400e+06   4.0161133e+01
   3.3901020e+06   4.2663574e+01
   3.3937590e+06   4.5288086e+01
   3.3940180e+06   3.6987305e+01
   3.3941480e+06   4.1320801e+01
   3.3988820e+06   4.0588379e+01
   3.4038670e+06   3.8818359e+01
   3.4039550e+06   4.1320801e+01
   3.4042870e+06   4.0649414e+01
   3.4163620e+06   3.6254883e+01
   3.4233690e+06   3.6926270e+01
   3.4288620e+06   4.7302246e+01
   3.4434490e+06   3.7658691e+01
   3.4519080e+06   3.5400391e+01
   3.4572850e+06   4.3762207e+01
   3.4608860e+06   3.7780762e+01
   3.4645110e+06   3.9306641e+01
   3.4704640e+06   3.3386230e+01
   3.4758690e+06   3.5156250e+01
   3.4812540e+06   4.6813965e+01
   3.4855280e+06   3.9489746e+01
   3.4900720e+06   3.9062500e+01
   3.4959510e+06   3.3691406e+01
   3.4987910e+06   3.7170410e+01
   3.5090960e+06   4.0527344e+01
   3.5139300e+06   4.1259766e+01
   3.5200570e+06   3.9672852e+01
   3.5232210e+06   4.1687012e+01
   3.5272170e+06   3.8024902e+01
   3.5316440e+06   3.9123535e+01
   3.5348650e+06   3.9489746e+01
   3.5428090e+06   3.7902832e+01
   3.5480280e+06   3.4729004e+01
   3.5505110e+06   3.8330078e+01
   3.5514200e+06   3.3386230e+01
   3.5524310e+06   4.1564941e+01
   3.5579720e+06   4.5715332e+01
   3.5674270e+06   4.2236328e+01
   3.5692570e+06   3.4240723e+01
   3.5693480e+06   4.4494629e+01
   3.5695010e+06   3.6804199e+01
   3.5695740e+06   4.4799805e+01
   3.5698690e+06   3.4851074e+01
   3.5774610e+06   3.4851074e+01
   3.5824920e+06   3.3569336e+01
   3.5827030e+06   3.6987305e+01
   3.5880200e+06   3.8879395e+01
   3.5902970e+06   4.3212891e+01
   3.5905730e+06   4.3212891e+01
   3.5906920e+06   3.4545898e+01
   3.5908580e+06   3.7048340e+01
   3.5950000e+06   3.9611816e+01
   3.6031480e+06   3.7841797e+01
   3.6061990e+06   3.7292480e+01
   3.6135530e+06   4.2846680e+01
   3.6174300e+06   3.7841797e+01
   3.6231300e+06   4.1137695e+01
   3.6263320e+06   3.4667969e+01
   3.6295910e+06   3.4851074e+01
   3.6330130e+06   4.0588379e+01
   3.6391770e+06   3.8879395e+01
   3.6425900e+06   3.5888672e+01
   3.6523120e+06   3.4973145e+01
   3.6525450e+06   3.5339355e+01
   3.6559040e+06   4.8828125e+01
   3.6583990e+06   4.1748047e+01
   3.6651560e+06   3.8879395e+01
   3.6680850e+06   4.0283203e+01
   3.6726350e+06   3.8146973e+01
   3.6830810e+06   3.8879395e+01
   3.6863200e+06   4.8767090e+01
   3.6882270e+06   3.6499023e+01
   3.6885140e+06   4.1259766e+01
   3.6885870e+06   3.9184570e+01
   3.6955090e+06   3.4301758e+01
   3.7001870e+06   3.7109375e+01
   3.7045770e+06   3.6682129e+01
   3.7160830e+06   3.5705566e+01
   3.7200570e+06   4.0893555e+01
   3.7253320e+06   3.8452148e+01
   3.7304990e+06   3.9062500e+01
   3.7390800e+06   3.3264160e+01
   3.7492730e+06   3.8757324e+01
   3.7566080e+06   3.6804199e+01
   3.7591700e+06   3.8391113e+01
   3.7629340e+06   3.6865234e+01
   3.7661850e+06   4.1809082e+01
   3.7682410e+06   3.3508301e+01
   3.7762520e+06   3.3325195e+01
   3.7766850e+06   3.7231445e+01
   3.7880070e+06   3.7841797e+01
   3.7913830e+06   3.7231445e+01
   3.7925140e+06   4.4982910e+01
   3.7926420e+06   4.0222168e+01
   3.7927580e+06   4.2053223e+01
   3.8004550e+06   3.8208008e+01
   3.8029980e+06   3.7292480e+01
   3.8094040e+06   4.3029785e+01
   3.8129740e+06   4.7302246e+01
   3.8170230e+06   3.9184570e+01
   3.8248690e+06   3.9306641e+01
   3.8308620e+06   3.7170410e+01
   3.8345790e+06   3.8330078e+01
   3.8404200e+06   3.8757324e+01
   3.8441550e+06   4.1748047e+01
   3.8469970e+06   4.0527344e+01
   3.8535670e+06   3.5400391e+01
   3.8562670e+06   3.5034180e+01
   3.8586790e+06   3.7231445e+01
   3.8623900e+06   3.3386230e+01
   3.8672800e+06   4.1259766e+01
   3.8731280e+06   3.9916992e+01
   3.8768990e+06   4.1625977e+01
   3.8832960e+06   4.2785645e+01
   3.8859170e+06   3.7109375e+01
   3.8965120e+06   3.9855957e+01
   3.9022070e+06   3.6193848e+01
   3.9064280e+06   3.4973145e+01
   3.9117450e+06   3.5827637e+01
   3.9157430e+06   3.5400391e+01
   3.9195530e+06   3.4973145e+01
   3.9239450e+06   3.7658691e+01
   3.9331490e+06   3.7536621e+01
   3.9371130e+06   3.5644531e+01
   3.9450930e+06   3.6621094e+01
   3.9515530e+06   4.1992188e+01
   3.9566170e+06   5.3588867e+01
   3.9567320e+06   3.4362793e+01
   3.9569330e+06   3.5339355e+01
   3.9652560e+06   4.1198730e+01
   3.9731340e+06   3.7597656e+01
   3.9784160e+06   3.9001465e+01
   3.9862620e+06   4.3395996e+01
   3.9904930e+06   4.4921875e+01
   3.9948260e+06   3.5949707e+01
   3.9952700e+06   3.4729004e+01
   4.0022130e+06   3.7109375e+01
   4.0096390e+06   4.1564941e+01
   4.0144590e+06   4.2602539e+01
   4.0231690e+06   3.5522461e+01
   4.0305190e+06   3.7292480e+01
   4.0334940e+06   4.5349121e+01
   4.0338040e+06   3.8391113e+01
   4.0380470e+06   4.0893555e+01
   4.0468760e+06   4.0588379e+01
   4.0510690e+06   3.7048340e+01
   4.0594450e+06   3.6376953e+01
   4.0725090e+06   4.2419434e+01
   4.0830200e+06   3.9245605e+01
   4.0892190e+06   3.7109375e+01
   4.0954810e+06   3.5949707e+01
   4.0996960e+06   4.5166016e+01
   4.1069190e+06   3.8940430e+01
   4.1154870e+06   3.3325195e+01
   4.1186100e+06   3.5522461e+01
   4.1206610e+06   3.7292480e+01
   4.1268510e+06   3.6376953e+01
   4.1330720e+06   3.8208008e+01
   4.1381480e+06   3.4851074e+01
   4.1439830e+06   4.4006348e+01
   4.1482680e+06   3.8879395e+01
   4.1520860e+06   3.6682129e+01
   4.1523300e+06   3.8513184e+01
   4.1580530e+06   4.1259766e+01
   4.1669160e+06   3.6132812e+01
   4.1673440e+06   3.5461426e+01
   4.1708610e+06   3.3691406e+01
   4.1761040e+06   3.9184570e+01
   4.1856040e+06   4.4189453e+01
   4.1897430e+06   3.9550781e+01
   4.1898290e+06   4.8095703e+01
   4.1902260e+06   3.8757324e+01
   4.1904320e+06   3.9001465e+01
   4.2058510e+06   3.6437988e+01
   4.2097640e+06   3.7719727e+01
   4.2153090e+06   3.7780762e+01
   4.2251450e+06   3.9672852e+01
   4.2341960e+06   3.8513184e+01
   4.2344120e+06   3.8757324e+01
   4.2345310e+06   4.0100098e+01
   4.2432810e+06   3.3996582e+01
   4.2456040e+06   4.2053223e+01
   4.2459060e+06   3.8513184e+01
   4.2462400e+06   3.7414551e+01
   4.2572590e+06   3.5583496e+01
   4.2648090e+06   3.8269043e+01
   4.2701850e+06   3.9489746e+01
   4.2781700e+06   3.3813477e+01
   4.2855320e+06   3.3264160e+01
   4.2899500e+06   3.4362793e+01
   4.2997500e+06   4.3395996e+01
   4.3052470e+06   3.4790039e+01
   4.3083340e+06   3.4790039e+01
   4.3177010e+06   4.0527344e+01
   4.3294050e+06   3.9001465e+01
   4.3325380e+06   3.5339355e+01
   4.3375410e+06   3.8085938e+01
   4.3415630e+06   3.3752441e+01
   4.3440560e+06   3.3691406e+01
   4.3511560e+06   3.5339355e+01
   4.3561380e+06   4.5837402e+01
   4.3604510e+06   3.8574219e+01
   4.3657070e+06   3.7536621e+01
   4.3658750e+06   3.6071777e+01
   4.3701250e+06   3.4301758e+01
   4.3794510e+06   3.5034180e+01
   4.3839930e+06   3.3264160e+01
   4.3842520e+06   4.4128418e+01
   4.3899950e+06   4.3762207e+01
   4.3907880e+06   3.3752441e+01
   4.3910420e+06   3.5461426e+01
   4.3911150e+06   3.6071777e+01
   4.3912000e+06   4.2541504e+01
   4.4007760e+06   4.0222168e+01
   4.4010960e+06   4.0954590e+01
   4.4011540e+06   3.6743164e+01
   4.4014210e+06   4.8034668e+01
   4.4015140e+06   3.7719727e+01
   4.4136820e+06   3.3447266e+01
   4.4219460e+06   3.7292480e+01
   4.4226900e+06   4.7241211e+01
   4.4289780e+06   4.3212891e+01
   4.4353310e+06   3.6926270e+01
   4.4440620e+06   4.2968750e+01
   4.4507320e+06   4.0100098e+01
   4.4580680e+06   3.9855957e+01
   4.4650810e+06   4.1442871e+01
   4.4701600e+06   3.9306641e+01
   4.4720900e+06   3.4057617e+01
   4.4761610e+06   3.4484863e+01
   4.4826210e+06   3.5400391e+01
   4.4881440e+06   3.3325195e+01
   4.4973870e+06   4.0588379e+01
   4.5029250e+06   3.6132812e+01
   4.5263020e+06   3.5034180e+01
   4.5282830e+06   4.0527344e+01
   4.5403670e+06   3.5339355e+01
   4.5419570e+06   3.5278320e+01
   4.5421920e+06   4.0222168e+01
   4.5517760e+06   3.4362793e+01
   4.5628200e+06   3.8146973e+01
   4.5631770e+06   4.4738770e+01
   4.5778370e+06   4.1931152e+01
   4.5832050e+06   4.2053223e+01
   4.6019500e+06   4.1198730e+01
   4.6054720e+06   4.3151855e+01
   4.6167190e+06   3.7170410e+01
   4.6266350e+06   4.0344238e+01
   4.6368620e+06   3.6804199e+01
   4.6451170e+06   3.3264160e+01
   4.6527690e+06   4.1564941e+01
   4.6534940e+06   3.6315918e+01
   4.6537990e+06   3.6560059e+01
   4.6636960e+06   3.5583496e+01
   4.6768780e+06   3.8696289e+01
   4.6813730e+06   3.8940430e+01
   4.6840170e+06   3.3447266e+01
   4.6885540e+06   4.2297363e+01
   4.6886630e+06   4.6020508e+01
   4.7030990e+06   3.5827637e+01
   4.7032490e+06   3.9794922e+01
   4.7032770e+06   3.4057617e+01
   4.7032990e+06   3.5339355e+01
   4.7033680e+06   3.4301758e+01
   4.7034790e+06   4.3334961e+01
   4.7035420e+06   3.6010742e+01
   4.7221230e+06   3.4606934e+01
   4.7252390e+06   3.9367676e+01
   4.7323910e+06   4.1076660e+01
   4.7360510e+06   3.3996582e+01
   4.7403560e+06   3.4362793e+01
   4.7424350e+06   3.5949707e+01
   4.7448260e+06   3.3630371e+01
   4.7503910e+06   3.3996582e+01
   4.7519340e+06   3.6865234e+01
   4.7561860e+06   4.4738770e+01
   4.7582450e+06   3.7292480e+01
   4.7589520e+06   3.8757324e+01
   4.7591830e+06   3.5644531e+01
   4.7595880e+06   4.7058105e+01
   4.7596330e+06   3.4790039e+01
   4.7598840e+06   5.2185059e+01
   4.7599250e+06   3.5339355e+01
   4.7599730e+06   3.8330078e+01
   4.7599900e+06   3.5766602e+01
   4.7846180e+06   4.0527344e+01
   4.7931760e+06   4.2358398e+01
   4.8023290e+06   4.8217773e+01
   4.8042220e+06   3.3386230e+01
   4.8090220e+06   3.6376953e+01
   4.8097070e+06   3.6376953e+01
   4.8099970e+06   4.1259766e+01
   4.8101440e+06   3.3569336e+01
   4.8104490e+06   3.6865234e+01
   4.8107140e+06   4.4921875e+01
   4.8108670e+06   4.3579102e+01
   4.8110460e+06   4.9865723e+01
   4.8112030e+06   3.5461426e+01
   4.8113460e+06   3.4118652e+01
   4.8429820e+06   4.5532227e+01
   4.8448210e+06   4.0527344e+01
   4.8455310e+06   4.0771484e+01
   4.8468700e+06   3.5095215e+01
   4.8470190e+06   3.4179688e+01
   4.8470840e+06   3.3874512e+01
   4.8471410e+06   3.4973145e+01
   4.8471680e+06   3.8024902e+01
   4.8472340e+06   3.8818359e+01
   4.8474130e+06   4.7729492e+01
   4.8600200e+06   3.4240723e+01
   4.8717030e+06   4.1870117e+01
   4.8794160e+06   3.3935547e+01
   4.8851620e+06   3.5949707e+01
   4.8857420e+06   3.6437988e+01
   4.8866180e+06   3.9306641e+01
   4.8869510e+06   3.7475586e+01
   4.8870240e+06   3.5888672e+01
   4.8873260e+06   4.3334961e+01
   4.8874360e+06   3.4057617e+01
   4.8874600e+06   4.4799805e+01
   4.8876310e+06   3.5095215e+01
   4.9025790e+06   3.9672852e+01
   4.9070180e+06   4.1259766e+01
   4.9149540e+06   4.0527344e+01
   4.9187950e+06   4.5837402e+01
   4.9253580e+06   3.6315918e+01
   4.9282890e+06   3.7658691e+01
   4.9286960e+06   3.4790039e+01
   4.9415490e+06   3.4667969e+01
   4.9450570e+06   3.4912109e+01
   4.9457660e+06   3.9489746e+01
   4.9466730e+06   3.6193848e+01
   4.9468670e+06   3.3996582e+01
   4.9470820e+06   3.4240723e+01
   4.9472330e+06   3.3325195e+01
   4.9473160e+06   5.0231934e+01
   4.9473440e+06   3.4851074e+01
   4.9474170e+06   4.2236328e+01
   4.9476150e+06   3.3569336e+01
   4.9670500e+06   3.3508301e+01
   4.9783880e+06   3.9672852e+01
   4.9798140e+06   4.5043945e+01
   4.9830700e+06   3.9672852e+01
   4.9874050e+06   3.6865234e+01
   4.9886960e+06   3.4118652e+01
   4.9890000e+06   3.9855957e+01
   4.9892500e+06   3.8513184e+01
   4.9894930e+06   4.0893555e+01
   4.9995600e+06   3.5583496e+01
   5.0047910e+06   4.5654297e+01
   5.0089110e+06   3.6499023e+01
   5.0091350e+06   3.8330078e+01
   5.0094230e+06   4.0893555e+01
   5.0102530e+06   3.7963867e+01
   5.0105610e+06   4.2724609e+01
   5.0107110e+06   3.3691406e+01
   5.0107990e+06   3.5461426e+01
   5.0109140e+06   4.2297363e+01
   5.0109910e+06   3.4484863e+01
   5.0110940e+06   3.5949707e+01
   5.0301560e+06   3.7902832e+01
   5.0376060e+06   3.5400391e+01
   5.0455040e+06   4.0649414e+01
   5.0499790e+06   3.9733887e+01
   5.0555730e+06   3.8330078e+01
   5.0615830e+06   4.2175293e+01
   5.0642090e+06   4.7668457e+01
   5.0646790e+06   3.8208008e+01
   5.0728520e+06   4.1748047e+01
   5.0733740e+06   3.5217285e+01
   5.0750210e+06   3.6682129e+01
   5.0751350e+06   3.4851074e+01
   5.0752610e+06   3.3630371e+01
   5.0755610e+06   3.4790039e+01
   5.0756080e+06   3.4484863e+01
   5.0757950e+06   3.7353516e+01
   5.0996940e+06   3.6193848e+01
   5.1015720e+06   3.8269043e+01
   5.1056930e+06   3.9794922e+01
   5.1153730e+06   3.3569336e+01
   5.1195090e+06   3.4545898e+01
   5.1201320e+06   3.7109375e+01
   5.1285030e+06   3.3264160e+01
   5.1340550e+06   3.9794922e+01
   5.1445710e+06   3.8085938e+01
   5.1446450e+06   3.3508301e+01
   5.1448130e+06   5.7983398e+01
   5.1449730e+06   3.6193848e+01
   5.1450920e+06   3.3569336e+01
   5.1636550e+06   4.0710449e+01
   5.1682720e+06   3.3386230e+01
   5.1726480e+06   3.8391113e+01
   5.1868750e+06   3.9611816e+01
   5.1903950e+06   4.6386719e+01
   5.1940460e+06   4.4677734e+01
   5.1987730e+06   3.4179688e+01
   5.2031410e+06   3.3996582e+01
   5.2033280e+06   3.4179688e+01
   5.2077130e+06   3.8757324e+01
   5.2121650e+06   4.3395996e+01
   5.2129230e+06   3.7780762e+01
   5.2130470e+06   4.5837402e+01
   5.2208020e+06   3.7841797e+01
   5.2265010e+06   3.4118652e+01
   5.2280390e+06   3.5949707e+01
   5.2311120e+06   3.4973145e+01
   5.2318300e+06   4.5410156e+01
   5.2337750e+06   3.6437988e+01
   5.2370610e+06   3.5949707e+01
   5.2427530e+06   3.4667969e+01
   5.2448080e+06   4.8706055e+01
   5.2497970e+06   4.2480469e+01
   5.2536660e+06   3.6865234e+01
   5.2571610e+06   4.1748047e+01
   5.2603950e+06   4.1015625e+01
   5.2633630e+06   3.5949707e+01
   5.2691440e+06   3.3264160e+01
   5.2717670e+06   3.4912109e+01
   5.2750390e+06   3.9306641e+01
   5.2772910e+06   3.3752441e+01
   5.2808790e+06   3.5278320e+01
   5.2847290e+06   3.7719727e+01
   5.2875780e+06   3.7231445e+01
   5.2923040e+06   3.7536621e+01
   5.3013260e+06   3.7048340e+01
   5.3065960e+06   4.4250488e+01
   5.3095740e+06   5.4199219e+01
   5.3154450e+06   4.1625977e+01
   5.3217660e+06   3.5827637e+01
   5.3255440e+06   3.8757324e+01
   5.3274380e+06   3.3752441e+01
   5.3376440e+06   4.0466309e+01
   5.3388370e+06   4.7485352e+01
   5.3392320e+06   4.1870117e+01
   5.3447700e+06   3.3691406e+01
   5.3509170e+06   4.9987793e+01
   5.3533280e+06   3.6010742e+01
   5.3573080e+06   3.4606934e+01
   5.3604390e+06   3.7536621e+01
   5.3670390e+06   3.9062500e+01
   5.3709760e+06   4.7546387e+01
   5.3726830e+06   3.4729004e+01
   5.3731900e+06   3.4057617e+01
   5.3758280e+06   4.3945312e+01
   5.3843650e+06   4.0588379e+01
   5.3873450e+06   4.3579102e+01
   5.3908080e+06   4.3090820e+01
   5.3955670e+06   3.6254883e+01
   5.3985480e+06   3.8146973e+01
   5.4004020e+06   3.5095215e+01
   5.4047470e+06   4.3029785e+01
   5.4091820e+06   3.6193848e+01
   5.4120980e+06   3.3508301e+01
   5.4160960e+06   3.4790039e+01
   5.4172880e+06   3.7597656e+01
   5.4205200e+06   3.9733887e+01
   5.4273620e+06   4.0222168e+01
   5.4310790e+06   3.4057617e+01
   5.4334350e+06   3.6499023e+01
   5.4367810e+06   3.9123535e+01
   5.4399800e+06   4.2724609e+01
   5.4479150e+06   4.1870117e+01
   5.4513630e+06   4.7119141e+01
   5.4543490e+06   3.6987305e+01
   5.4579400e+06   3.3752441e+01
   5.4593010e+06   3.9184570e+01
   5.4632310e+06   3.9794922e+01
   5.4695800e+06   3.9611816e+01
   5.4699440e+06   3.7719727e+01
   5.4751870e+06   3.8635254e+01
   5.4773410e+06   4.8645020e+01
   5.4825610e+06   3.4667969e+01
   5.4904420e+06   4.2358398e+01
   5.4909390e+06   4.1137695e+01
   5.4912980e+06   3.4851074e+01
   5.4984250e+06   4.3273926e+01
   5.5021310e+06   3.5400391e+01
   5.5058150e+06   3.7597656e+01
   5.5099440e+06   3.4973145e+01
   5.5175590e+06   3.5583496e+01
   5.5226320e+06   3.8696289e+01
   5.5258070e+06   5.1879883e+01
   5.5296760e+06   3.9916992e+01
   5.5381540e+06   3.4301758e+01
   5.5425180e+06   3.7536621e+01
   5.5458720e+06   4.3579102e+01
   5.5543170e+06   3.7902832e+01
   5.5598400e+06   5.0231934e+01
   5.5655810e+06   3.4790039e+01
   5.5729660e+06   3.6437988e+01
   5.5777310e+06   3.9489746e+01
   5.5802520e+06   4.3029785e+01
   5.5835660e+06   3.3813477e+01
   5.5875270e+06   4.2480469e+01
   5.5882390e+06   3.7475586e+01
   5.5942180e+06   3.6071777e+01
   5.5992480e+06   3.3813477e+01
   5.6017630e+06   4.4677734e+01
   5.6021650e+06   3.4118652e+01
   5.6026130e+06   3.3386230e+01
   5.6090060e+06   3.8085938e+01
   5.6121110e+06   3.4667969e+01
   5.6158610e+06   4.5288086e+01
   5.6195960e+06   4.8278809e+01
   5.6238780e+06   3.8024902e+01
   5.6288320e+06   4.4860840e+01
   5.6326340e+06   3.7780762e+01
   5.6409230e+06   3.4179688e+01
   5.6551020e+06   4.0344238e+01
   5.6596960e+06   3.9184570e+01
   5.6652450e+06   3.3752441e+01
   5.6698420e+06   3.7597656e+01
   5.6760680e+06   4.5837402e+01
   5.6774210e+06   4.8217773e+01
   5.6777130e+06   3.4851074e+01
   5.6974920e+06   3.8513184e+01
   5.7067420e+06   4.1503906e+01
   5.7069360e+06   3.3447266e+01
   5.7072870e+06   3.4606934e+01
   5.7073710e+06   4.1137695e+01
   5.7159440e+06   4.1931152e+01
   5.7228770e+06   3.3935547e+01
   5.7286440e+06   3.8330078e+01
   5.7336560e+06   3.7170410e+01
   5.7403560e+06   3.7414551e+01
   5.7506270e+06   3.4301758e+01
   5.7562430e+06   4.3273926e+01
   5.7574160e+06   3.9184570e+01
   5.7576770e+06   4.7302246e+01
   5.7577990e+06   4.1687012e+01
   5.7643910e+06   4.2358398e+01
   5.7674790e+06   4.0527344e+01
   5.7736600e+06   3.9245605e+01
   5.7806660e+06   3.8330078e+01
   5.7854280e+06   4.1503906e+01
   5.7900400e+06   4.2236328e+01
   5.7941930e+06   4.0771484e+01
   5.7983580e+06   3.8330078e+01
   5.8017400e+06   3.5461426e+01
   5.8100440e+06   4.7851562e+01
   5.8190390e+06   4.6569824e+01
   5.8215810e+06   3.7048340e+01
   5.8287710e+06   4.0832520e+01
   5.8330970e+06   4.7607422e+01
   5.8385240e+06   4.2236328e+01
   5.8445950e+06   3.3447266e+01
   5.8495460e+06   3.6804199e+01
   5.8552300e+06   4.4189453e+01
   5.8618280e+06   4.5776367e+01
   5.8670280e+06   4.0954590e+01
   5.8721000e+06   3.8513184e+01
   5.8744310e+06   3.8513184e+01
   5.8808650e+06   3.6132812e+01
   5.8865540e+06   3.9978027e+01
   5.8916280e+06   4.0222168e+01
   5.8960170e+06   3.6499023e+01
   5.9026740e+06   3.4057617e+01
   5.9093120e+06   3.4362793e+01
   5.9143240e+06   4.9072266e+01
   5.9269330e+06   3.4667969e+01
   5.9344950e+06   4.3823242e+01
   5.9419470e+06   3.3752441e+01
   5.9469750e+06   3.8146973e+01
   5.9589230e+06   4.4433594e+01
   5.9734050e+06   4.8583984e+01
   5.9789510e+06   4.3762207e+01
   5.9863310e+06   3.5705566e+01
   5.9895780e+06   4.0283203e+01
   5.9933450e+06   4.5349121e+01
   6.0014820e+06   3.6621094e+01
   6.0052550e+06   3.6376953e+01
   6.0090640e+06   4.1931152e+01
   6.0125330e+06   3.7048340e+01
   6.0151320e+06   3.6376953e+01
   6.0206400e+06   3.6499023e+01
   6.0247710e+06   3.8452148e+01
   6.0277730e+06   3.9367676e+01
   6.0359220e+06   4.6264648e+01
   6.0388160e+06   3.9062500e+01
   6.0411750e+06   4.0100098e+01
   6.0448170e+06   4.1320801e+01
   6.0487460e+06   3.4362793e+01
   6.0573960e+06   4.1625977e+01
   6.0623570e+06   3.9245605e+01
   6.0652930e+06   3.8024902e+01
   6.0680150e+06   3.7719727e+01
   6.0728940e+06   3.9855957e+01
   6.0753840e+06   4.1015625e+01
   6.0880600e+06   3.5644531e+01
   6.0915580e+06   3.4912109e+01
   6.0958380e+06   3.5705566e+01
   6.1022590e+06   3.4362793e+01
   6.1068000e+06   4.3090820e+01
   6.1118840e+06   3.7780762e+01
   6.1161400e+06   3.4729004e+01
   6.1175540e+06   3.3935547e+01
   6.1225190e+06   3.9428711e+01
   6.1277640e+06   4.2297363e+01
   6.1332220e+06   4.3334961e+01
   6.1383350e+06   4.2785645e+01
   6.1427440e+06   3.5705566e+01
   6.1460860e+06   3.6254883e+01
   6.1511970e+06   3.4851074e+01
   6.1610010e+06   3.3935547e+01
   6.1678500e+06   3.3996582e+01
   6.1747960e+06   4.0344238e+01
   6.1814970e+06   3.4545898e+01
   6.1844890e+06   4.0100098e+01
   6.1976800e+06   4.1992188e+01
   6.2047150e+06   4.1687012e+01
   6.2203490e+06   4.1137695e+01
   6.2246620e+06   3.8024902e+01
   6.2330680e+06   4.3151855e+01
   6.2417530e+06   3.3569336e+01
   6.2468970e+06   3.6682129e+01
   6.2517920e+06   3.4973145e+01
   6.2570600e+06   3.3630371e+01
   6.2666090e+06   4.1870117e+01
   6.2782740e+06   4.3518066e+01
   6.2844510e+06   4.6386719e+01
   6.2907950e+06   4.2968750e+01
   6.2927150e+06   3.9550781e+01
   6.2972110e+06   4.0466309e+01
   6.3101010e+06   3.8513184e+01
   6.3156450e+06   3.6254883e+01
   6.3163840e+06   3.8696289e+01
   6.3239540e+06   4.8461914e+01
   6.3394270e+06   3.4240723e+01
   6.3452000e+06   5.0292969e+01
   6.3507450e+06   3.7841797e+01
   6.3544440e+06   3.5156250e+01
   6.3644610e+06   3.8879395e+01
   6.3745320e+06   4.1381836e+01
   6.3796410e+06   4.8522949e+01
   6.3846650e+06   3.6071777e+01
   6.3899530e+06   3.4423828e+01
   6.3944770e+06   3.7353516e+01
   6.4012930e+06   3.4240723e+01
   6.4072880e+06   3.4851074e+01
   6.4109790e+06   4.0222168e+01
   6.4164060e+06   4.0527344e+01
   6.4241020e+06   3.8208008e+01
   6.4272590e+06   3.6254883e+01
   6.4297340e+06   3.4484863e+01
   6.4322860e+06   3.5095215e+01
   6.4379900e+06   3.4973145e+01
   6.4417940e+06   3.4606934e+01
   6.4472440e+06   3.8513184e+01
   6.4571730e+06   3.4484863e+01
   6.4612480e+06   4.6264648e+01
   6.4676810e+06   3.7292480e+01
   6.4743710e+06   3.3935547e+01
   6.4821650e+06   3.4484863e+01
   6.4878200e+06   3.9794922e+01
   6.5080320e+06   4.3395996e+01
   6.5160800e+06   3.5034180e+01
   6.5236430e+06   3.8879395e+01
   6.5275220e+06   3.4851074e+01
   6.5377330e+06   3.5461426e+01
   6.5448010e+06   3.8757324e+01
   6.5529000e+06   4.3395996e+01
   6.5680380e+06   4.1259766e+01
   6.5921690e+06   4.1625977e+01
   6.5960460e+06   4.3395996e+01
   6.6061590e+06   3.6560059e+01
   6.6124200e+06   3.8635254e+01
   6.6290080e+06   3.6071777e+01
   6.6379700e+06   4.0100098e+01
   6.6552610e+06   4.1137695e+01
   6.6726130e+06   3.4423828e+01
   6.6853830e+06   3.5522461e+01
   6.7106830e+06   3.4179688e+01
   6.7194540e+06   3.9001465e+01
   6.7228130e+06   4.1198730e+01
   6.7279350e+06   3.6560059e+01
   6.7353630e+06   3.9794922e+01
   6.7479690e+06   3.6560059e+01
   6.7553230e+06   4.0039062e+01
   6.7711780e+06   3.3386230e+01
   6.8070270e+06   3.9855957e+01
   6.8190170e+06   4.5043945e+01
   6.8220190e+06   3.5339355e+01
   6.8380080e+06   3.6499023e+01
   6.8438870e+06   3.6682129e+01
   6.8579770e+06   3.8269043e+01
   6.8804400e+06   3.4179688e+01
   6.8920000e+06   3.8391113e+01
   6.9024720e+06   3.5095215e+01
   6.9249810e+06   3.4240723e+01
   6.9256570e+06   3.7536621e+01
   6.9430870e+06   4.0527344e+01
   6.9485030e+06   4.3823242e+01
   6.9562550e+06   4.1931152e+01
   6.9645140e+06   4.0527344e+01
   6.9743770e+06   3.7780762e+01
   6.9887490e+06   3.6743164e+01
   7.0508280e+06   3.6071777e+01
   7.0526800e+06   4.0161133e+01
   7.0586140e+06   3.8330078e+01
   7.0734460e+06   4.1748047e+01
   7.0790580e+06   4.0283203e+01
   7.0834100e+06   3.9611816e+01
   7.1197740e+06   3.6926270e+01
   7.1322740e+06   3.4729004e+01
   7.1351950e+06   4.2846680e+01
   7.1564110e+06   3.3752441e+01
   7.1716740e+06   3.3386230e+01
   7.1862380e+06   3.6071777e+01
   7.1978450e+06   4.2602539e+01
   7.2399830e+06   4.1015625e+01
   7.2560020e+06   3.4973145e+01
   7.2958060e+06   3.5827637e+01
   7.3113730e+06   3.6987305e+01
   7.3232090e+06   3.5461426e+01
   7.3311030e+06   3.3386230e+01
   7.3652820e+06   3.6743164e+01
   7.3656110e+06   4.2846680e+01
   7.3933610e+06   3.6560059e+01
   7.3943380e+06   4.8767090e+01
   7.3951890e+06   4.3395996e+01
   7.3956840e+06   3.8879395e+01
   7.5503610e+06   3.8696289e+01
   7.5560600e+06   3.3447266e+01
   7.5782140e+06   3.5888672e+01
   7.5872370e+06   3.4790039e+01
   7.5912120e+06   3.3630371e+01
   7.6602720e+06   3.3630371e+01
   7.6943450e+06   3.8208008e+01
   7.7102590e+06   3.4362793e+01
   7.7771310e+06   3.6743164e+01
   7.8144490e+06   3.5400391e+01
   7.8197820e+06   3.6865234e+01
   7.8290220e+06   3.5034180e+01
   7.8689340e+06   3.7902832e+01
   7.8907250e+06   3.5278320e+01
   7.9293930e+06   3.6376953e+01
   7.9419350e+06   4.1625977e+01
   7.9855410e+06   3.4118652e+01
   8.0442690e+06   4.0954590e+01
   8.0446510e+06   3.3813477e+01
   8.0447860e+06   3.4484863e+01
   8.0448120e+06   3.5583496e+01
   8.0448630e+06   3.5705566e+01
   8.0814180e+06   4.8950195e+01
   8.0818140e+06   3.8269043e+01
   8.0822010e+06   3.4057617e+01
   8.0826690e+06   3.4362793e+01
   8.0830660e+06   3.3691406e+01
   8.0834810e+06   4.7241211e+01
   8.0835950e+06   3.8635254e+01
   8.0836160e+06   4.3029785e+01
   8.1240660e+06   4.0649414e+01
   8.1287070e+06   3.5644531e+01
   8.1292010e+06   3.3630371e+01
   8.1298550e+06   4.4372559e+01
   8.1309970e+06   3.6987305e+01
   8.1670920e+06   3.7353516e+01
   8.1796030e+06   4.3762207e+01
   8.1799650e+06   4.6691895e+01
   8.1930130e+06   3.9916992e+01
   8.1955970e+06   3.5400391e+01
   8.1978560e+06   5.3161621e+01
   8.1979830e+06   3.6804199e+01
   8.1980630e+06   3.7658691e+01
   8.1981240e+06   3.3447266e+01
   8.1982510e+06   3.9428711e+01
   8.2455740e+06   4.3823242e+01
   8.2535230e+06   4.2053223e+01
   8.2605530e+06   3.8879395e+01
   8.2654390e+06   3.7536621e+01
   8.2712680e+06   3.6071777e+01
   8.2733130e+06   3.7536621e+01
   8.2735760e+06   5.1452637e+01
   8.2737070e+06   4.4433594e+01
   8.2737900e+06   3.3569336e+01
   8.2738540e+06   3.4606934e+01
   8.2998100e+06   3.6865234e+01
   8.3155000e+06   3.5705566e+01
   8.3263660e+06   4.0954590e+01
   8.3285230e+06   4.9011230e+01
   8.3441410e+06   3.5156250e+01
   8.3504510e+06   3.7475586e+01
   8.3588300e+06   4.2663574e+01
   8.3638230e+06   3.5034180e+01
   8.3688090e+06   3.5583496e+01
   8.3693680e+06   3.8879395e+01
   8.3798460e+06   3.4423828e+01
   8.3833380e+06   4.0710449e+01
   8.3892200e+06   3.7780762e+01
   8.3913270e+06   3.7170410e+01
   8.3916640e+06   4.2053223e+01
   8.3994370e+06   4.4372559e+01
   8.4053820e+06   3.7170410e+01
   8.4103430e+06   3.9001465e+01
   8.4111090e+06   3.7109375e+01
   8.4208610e+06   3.9001465e+01
   8.4227150e+06   4.0466309e+01
   8.4238530e+06   4.3029785e+01
   8.4246010e+06   4.9865723e+01
   8.4453710e+06   3.8696289e+01
   8.4484990e+06   4.4860840e+01
   8.4487650e+06   3.5217285e+01
   8.4665410e+06   3.6315918e+01
   8.4719220e+06   3.8818359e+01
   8.4755210e+06   3.5095215e+01
   8.4792240e+06   4.4372559e+01
   8.4832350e+06   4.9438477e+01
   8.4921400e+06   3.6132812e+01
   8.4950990e+06   3.7292480e+01
   8.4986440e+06   3.9489746e+01
   8.5151470e+06   3.9184570e+01
   8.5180000e+06   4.6691895e+01
   8.5230770e+06   3.9794922e+01
   8.5265060e+06   3.7658691e+01
   8.5301130e+06   3.4667969e+01
   8.5338990e+06   3.6621094e+01
   8.5391760e+06   3.9123535e+01
   8.5487490e+06   3.8635254e+01
   8.5530690e+06   3.9123535e+01
   8.5575490e+06   4.6752930e+01
   8.5611810e+06   4.1198730e+01
   8.5622700e+06   3.8085938e+01
   8.5852640e+06   3.7231445e+01
   8.5932750e+06   3.4362793e+01
   8.5980700e+06   3.4362793e+01
   8.6017710e+06   3.5705566e+01
   8.6185550e+06   4.1442871e+01
   8.6224870e+06   3.9672852e+01
   8.6268630e+06   3.7353516e+01
   8.6288060e+06   3.6865234e+01
   8.6334350e+06   4.3701172e+01
   8.6365580e+06   3.8024902e+01
   8.6398210e+06   3.4301758e+01
   8.6450360e+06   4.1076660e+01
   8.6544890e+06   3.7048340e+01
   8.6639550e+06   3.4973145e+01
   8.6692540e+06   3.3630371e+01
   8.6746550e+06   3.7780762e+01
   8.6834790e+06   3.7048340e+01
   8.6850090e+06   3.8818359e+01
   8.6862740e+06   4.1687012e+01
   8.6918150e+06   3.5217285e+01
   8.7047000e+06   4.2846680e+01
   8.7085310e+06   3.3813477e+01
   8.7177170e+06   4.4860840e+01
   8.7315110e+06   3.8208008e+01
   8.7381130e+06   3.5278320e+01
   8.7448440e+06   4.2114258e+01
   8.7482140e+06   3.9489746e+01
   8.7578090e+06   4.5837402e+01
   8.7641870e+06   4.1076660e+01
   8.7756550e+06   3.4118652e+01
   8.7818900e+06   4.1748047e+01
   8.7881690e+06   3.4362793e+01
   8.7920660e+06   3.6437988e+01
   8.7993760e+06   3.8330078e+01
   8.8056720e+06   3.8940430e+01
   8.8128790e+06   4.0588379e+01
   8.8184890e+06   3.9306641e+01
   8.8216720e+06   3.6254883e+01
   8.8382360e+06   3.4729004e+01
   8.8428330e+06   3.4484863e+01
   8.8485810e+06   4.0527344e+01
   8.8521760e+06   3.3935547e+01
   8.8654370e+06   4.0710449e+01
   8.8710720e+06   3.4484863e+01
   8.8752360e+06   3.7780762e+01
   8.8805260e+06   3.5034180e+01
   8.8833690e+06   3.6560059e+01
   8.8897190e+06   3.3996582e+01
   8.8939020e+06   4.1503906e+01
   8.9007740e+06   3.7780762e+01
   8.9047530e+06   3.3752441e+01
   8.9103000e+06   3.8024902e+01
   8.9191090e+06   3.7170410e+01
   8.9239090e+06   3.9062500e+01
   8.9331030e+06   3.3996582e+01
   8.9399890e+06   3.3935547e+01
   8.9412320e+06   4.4921875e+01
   8.9493960e+06   3.5400391e+01
   8.9517570e+06   3.8391113e+01
   8.9558070e+06   3.6987305e+01
   8.9819890e+06   3.4484863e+01
   8.9868660e+06   3.5522461e+01
   8.9983100e+06   3.5400391e+01
   9.0120040e+06   3.5583496e+01
   9.0168150e+06   4.1076660e+01
   9.0246450e+06   4.3884277e+01
   9.0310690e+06   3.6193848e+01
   9.0411540e+06   3.3935547e+01
   9.0458250e+06   3.5278320e+01
   9.0539400e+06   3.4606934e+01
   9.0692570e+06   4.1503906e+01
   9.0783190e+06   4.0344238e+01
   9.0862550e+06   3.8940430e+01
   9.0913250e+06   3.3935547e+01
   9.1203970e+06   4.1503906e+01
   9.1316000e+06   4.5654297e+01
   9.1434350e+06   4.3701172e+01
   9.1531460e+06   3.4790039e+01
   9.1580080e+06   4.6264648e+01
   9.1618740e+06   3.9367676e+01
   9.1679700e+06   3.3630371e+01
   9.1971830e+06   3.9672852e+01
   9.2066050e+06   3.5949707e+01
   9.2127240e+06   3.7353516e+01
   9.2259500e+06   3.3996582e+01
   9.2873330e+06   3.8330078e+01
   9.3022490e+06   3.6315918e+01
   9.3350210e+06   3.5583496e+01
   9.3848840e+06   4.1564941e+01
   9.4025590e+06   3.5827637e+01
   9.4413990e+06   3.6926270e+01
   9.4434510e+06   4.1259766e+01
   9.4742610e+06   3.8391113e+01
   9.5041090e+06   3.3569336e+01
   9.5607420e+06   3.6560059e+01
   9.5630170e+06   3.4484863e+01
   9.5897240e+06   3.3630371e+01
   9.6214200e+06   3.6437988e+01
   9.6216360e+06   3.6376953e+01
   9.6217760e+06   3.4423828e+01
   9.6219490e+06   4.6752930e+01
   9.6220760e+06   3.7536621e+01
   9.6221060e+06   3.3691406e+01
   9.6221540e+06   3.3569336e+01
   9.6222280e+06   3.6926270e+01
   9.6761520e+06   3.4362793e+01
   9.6855540e+06   3.7231445e+01
   9.6858990e+06   4.0344238e+01
   9.6863980e+06   3.9672852e+01
   9.6876530e+06   4.2968750e+01
   9.6877810e+06   3.9428711e+01
   9.6878940e+06   3.8696289e+01
   9.7573130e+06   3.4362793e+01
   9.7586770e+06   4.2541504e+01
   9.7596270e+06   3.6682129e+01
   9.7607940e+06   3.9306641e+01
   9.7608690e+06   3.8635254e+01
   9.7609310e+06   3.5034180e+01
   9.7610270e+06   3.7109375e+01
   9.7613790e+06   4.6142578e+01
   9.7951140e+06   3.5583496e+01
   9.8493200e+06   3.6987305e+01
   9.8643760e+06   4.1503906e+01
   9.8839410e+06   3.9184570e+01
   9.8861180e+06   3.7109375e+01
   9.8906910e+06   3.9428711e+01
   9.8979250e+06   4.0283203e+01
   9.9052940e+06   3.3508301e+01
   9.9178130e+06   3.7536621e+01
   9.9218580e+06   3.7292480e+01
   9.9247660e+06   3.4912109e+01
   9.9272120e+06   4.1198730e+01
   9.9308770e+06   3.5156250e+01
   9.9341810e+06   4.3395996e+01
   9.9490060e+06   4.1503906e+01
   9.9516830e+06   3.9184570e+01
   9.9550720e+06   3.3447266e+01
   9.9633540e+06   3.4484863e+01
   9.9672820e+06   4.6386719e+01
   9.9713620e+06   3.4118652e+01
   9.9745870e+06   3.3203125e+01
   9.9784180e+06   3.8024902e+01
   9.9945130e+06   3.7231445e+01
   1.0000797e+07   3.8818359e+01
   1.0005771e+07   4.0771484e+01
   1.0026376e+07   3.3813477e+01
   1.0051065e+07   4.0466309e+01
   1.0061078e+07   3.6987305e+01
   1.0067202e+07   3.6743164e+01
   1.0074535e+07   4.1320801e+01
   1.0096425e+07   4.4372559e+01
   1.0105558e+07   3.3203125e+01
   1.0136143e+07   3.6926270e+01
   1.0144950e+07   4.3395996e+01
   1.0147902e+07   3.6315918e+01
   1.0153477e+07   3.8452148e+01
   1.0155237e+07   3.4240723e+01
   1.0162765e+07   3.9489746e+01
   1.0166852e+07   3.4729004e+01
   1.0169091e+07   3.4973145e+01
   1.0171717e+07   3.3447266e+01
   1.0172577e+07   3.7902832e+01
   1.0179155e+07   3.4362793e+01
   1.0187109e+07   4.7546387e+01
   1.0194114e+07   3.7902832e+01
   1.0270251e+07   4.6264648e+01
   1.0285754e+07   3.5156250e+01
   1.0286972e+07   3.4362793e+01
   1.0294919e+07   3.6499023e+01
   1.0317178e+07   3.4423828e+01
   1.0358382e+07   3.4057617e+01
   1.0373394e+07   4.1931152e+01
   1.0388173e+07   3.3386230e+01
   1.0395188e+07   3.6499023e+01
   1.0419767e+07   3.7231445e+01
   1.0438821e+07   4.3640137e+01
   1.0455687e+07   3.9916992e+01
   1.0477877e+07   3.3508301e+01
   1.0493452e+07   3.3264160e+01
   1.0575944e+07   4.2541504e+01
   1.0581014e+07   4.6081543e+01
   1.0839678e+07   3.6132812e+01
   1.0850355e+07   3.5278320e+01
   1.0861649e+07   3.8330078e+01
   1.0996569e+07   3.3386230e+01
   1.1154175e+07   3.4729004e+01
   1.1193893e+07   3.8696289e+01
   1.1625611e+07   3.3325195e+01
