   1.1996000e+07   0.0000000e+00
   6.3851000e+04   4.4311523e+01
   5.5012900e+05   4.5532227e+01
   6.6101000e+05   4.5043945e+01
   6.9728100e+05   4.9804688e+01
   6.9816300e+05   4.7119141e+01
   7.2969400e+05   4.5776367e+01
   7.6653000e+05   4.8217773e+01
   8.0864400e+05   4.4738770e+01
   2.7441500e+06   4.4189453e+01
   4.3893380e+06   4.4067383e+01
   4.7033790e+06   4.5227051e+01
   4.7599470e+06   4.3273926e+01
   4.9473860e+06   4.5959473e+01
   4.9494580e+06   4.3884277e+01
   5.0757990e+06   4.6691895e+01
   5.8432230e+06   4.3273926e+01
   7.4711830e+06   4.3945312e+01
   7.9409660e+06   4.7241211e+01
   8.0447310e+06   4.4555664e+01
   8.2739390e+06   4.7424316e+01
   9.3035730e+06   4.6508789e+01
   9.7613310e+06   4.3762207e+01
   1.0673897e+07   4.2602539e+01
   1.0969995e+07   4.2358398e+01
