   1.1996000e+07   0.0000000e+00
   2.2022000e+04   3.0700684e+01
   9.5897000e+04   2.8930664e+01
   9.6013000e+04   3.0090332e+01
   1.7521700e+05   2.9602051e+01
   5.4997400e+05   3.3325195e+01
   5.5002200e+05   2.8564453e+01
   5.5003200e+05   3.0456543e+01
   5.5005900e+05   3.0212402e+01
   5.5007100e+05   3.1188965e+01
   5.5082500e+05   2.9235840e+01
   6.0379500e+05   3.5339355e+01
   6.0412500e+05   3.0883789e+01
   6.0561200e+05   3.4790039e+01
   6.0575400e+05   2.8686523e+01
   6.6130900e+05   2.9663086e+01
   6.9817700e+05   2.9052734e+01
   6.9819800e+05   3.5461426e+01
   6.9835400e+05   2.9724121e+01
   7.2953500e+05   3.1005859e+01
   7.3074900e+05   3.0212402e+01
   7.6530300e+05   2.8808594e+01
   7.6666000e+05   3.1127930e+01
   7.8942800e+05   3.4973145e+01
   7.9503300e+05   3.1066895e+01
   7.9645600e+05   3.1066895e+01
   7.9652200e+05   3.2409668e+01
   7.9662400e+05   2.8808594e+01
   7.9690300e+05   2.8991699e+01
   8.3216400e+05   2.9724121e+01
   8.3220700e+05   2.9602051e+01
   8.3258700e+05   2.9296875e+01
   8.6712700e+05   2.8930664e+01
   8.6733100e+05   3.5278320e+01
   8.6745400e+05   2.8747559e+01
   8.6830900e+05   3.0029297e+01
   9.0583300e+05   3.1127930e+01
   9.3770100e+05   3.2104492e+01
   9.3802000e+05   2.8625488e+01
   9.6360100e+05   2.8564453e+01
   9.7705400e+05   3.3142090e+01
   1.0101540e+06   2.8564453e+01
   1.0103700e+06   3.0517578e+01
   1.0245850e+06   2.9479980e+01
   1.0838650e+06   3.0151367e+01
   1.0845970e+06   3.4057617e+01
   1.0880910e+06   2.8869629e+01
   1.1253950e+06   3.0883789e+01
   1.1794740e+06   3.0944824e+01
   1.1797110e+06   3.2897949e+01
   1.5453780e+06   3.6499023e+01
   1.5472920e+06   3.1066895e+01
   2.0970400e+06   3.0395508e+01
   2.0971660e+06   3.4606934e+01
   2.0973020e+06   2.8869629e+01
   2.0973180e+06   3.3813477e+01
   2.0975070e+06   2.9785156e+01
   2.0981160e+06   2.8808594e+01
   2.6786660e+06   2.9235840e+01
   2.7433860e+06   2.9235840e+01
   2.7435890e+06   2.9846191e+01
   2.7437800e+06   3.4240723e+01
   2.7438390e+06   3.2714844e+01
   2.7441910e+06   2.9479980e+01
   2.7952520e+06   2.9724121e+01
   2.7969760e+06   2.8686523e+01
   2.8406570e+06   2.9846191e+01
   2.8409910e+06   3.5217285e+01
   2.8421460e+06   2.9174805e+01
   2.8433040e+06   3.3386230e+01
   2.8832340e+06   2.8564453e+01
   2.9272700e+06   3.0761719e+01
   2.9486170e+06   2.9357910e+01
   2.9487720e+06   2.9357910e+01
   2.9635180e+06   3.4851074e+01
   2.9821950e+06   3.4851074e+01
   3.0231430e+06   2.9724121e+01
   3.0459040e+06   2.9479980e+01
   3.0680620e+06   2.9602051e+01
   3.1275480e+06   3.1188965e+01
   3.1655980e+06   3.2165527e+01
   3.1829260e+06   3.0883789e+01
   3.1831950e+06   3.0517578e+01
   3.2605480e+06   3.2897949e+01
   3.3785860e+06   3.1555176e+01
   4.7032540e+06   3.0944824e+01
   4.7032730e+06   3.3386230e+01
   4.7034840e+06   3.1127930e+01
   4.7036190e+06   2.9968262e+01
   4.7594390e+06   3.0700684e+01
   4.7596100e+06   3.0151367e+01
   4.7597620e+06   3.0029297e+01
   4.7597990e+06   2.8991699e+01
   4.7598210e+06   2.9418945e+01
   4.8100980e+06   3.1555176e+01
   4.8105650e+06   3.6071777e+01
   4.8109420e+06   3.0883789e+01
   4.8470740e+06   2.9968262e+01
   4.8471550e+06   3.0822754e+01
   4.8474780e+06   3.0395508e+01
   4.8475330e+06   3.2531738e+01
   4.8871370e+06   3.0456543e+01
   4.8872150e+06   3.0517578e+01
   4.8873440e+06   3.7658691e+01
   4.9286240e+06   2.9296875e+01
   4.9472970e+06   3.2958984e+01
   4.9473600e+06   3.4484863e+01
   4.9890180e+06   3.1188965e+01
   5.0091120e+06   3.4851074e+01
   5.0107450e+06   2.8808594e+01
   5.0108520e+06   3.3020020e+01
   5.0110080e+06   3.1799316e+01
   5.0111850e+06   3.1250000e+01
   5.0755290e+06   3.2165527e+01
   5.0756280e+06   3.1250000e+01
   5.1453150e+06   3.2043457e+01
   5.1456410e+06   2.9785156e+01
   6.4991840e+06   2.9357910e+01
   8.0447120e+06   3.1250000e+01
   8.0447480e+06   3.1311035e+01
   8.0836130e+06   3.0822754e+01
   8.1307980e+06   3.6560059e+01
   8.1309090e+06   2.9846191e+01
   8.1979670e+06   3.4179688e+01
   8.2737020e+06   3.0822754e+01
   8.2739230e+06   2.9418945e+01
   8.3699580e+06   3.0273438e+01
   8.3793410e+06   2.8869629e+01
   8.4105460e+06   2.8869629e+01
   8.4106740e+06   2.9418945e+01
   9.6217070e+06   2.9907227e+01
   9.6218560e+06   3.1066895e+01
   9.6219040e+06   2.8442383e+01
   9.6219820e+06   2.8503418e+01
   9.6220590e+06   4.0466309e+01
   9.6877120e+06   2.8564453e+01
   9.7609510e+06   3.0639648e+01
   9.7610070e+06   2.8686523e+01
   9.7613840e+06   2.8930664e+01
   1.0578524e+07   3.0151367e+01
