   1.1996000e+07   0.0000000e+00
   1.4397300e+05   4.8034668e+01
   1.6830300e+05   4.8156738e+01
   2.4417600e+05   5.1330566e+01
   3.9082800e+05   4.9011230e+01
   4.5580400e+05   5.0476074e+01
   5.5005000e+05   5.1208496e+01
   5.8781400e+05   4.8645020e+01
   6.0387700e+05   4.8645020e+01
   6.3873200e+05   5.0537109e+01
   6.7556500e+05   5.1025391e+01
   7.6661000e+05   4.8950195e+01
   7.9692500e+05   4.9133301e+01
   8.8515400e+05   4.9194336e+01
   1.0183350e+06   5.0170898e+01
   1.0250780e+06   4.8156738e+01
   1.0382440e+06   5.0354004e+01
   1.0497350e+06   4.8217773e+01
   1.0673520e+06   4.9560547e+01
   1.0680180e+06   5.2673340e+01
   1.2035370e+06   5.9875488e+01
   1.2144210e+06   5.0048828e+01
   1.3792300e+06   4.8706055e+01
   1.4268420e+06   4.8278809e+01
   1.4818290e+06   4.8889160e+01
   1.6372360e+06   4.8156738e+01
   1.6622740e+06   5.0109863e+01
   1.6905350e+06   5.0292969e+01
   1.7268730e+06   5.0537109e+01
   1.7854190e+06   4.9865723e+01
   1.8107900e+06   4.9560547e+01
   1.8671280e+06   5.0170898e+01
   2.0972410e+06   6.4270020e+01
   2.0973190e+06   4.8278809e+01
   2.1116680e+06   4.8278809e+01
   2.1149030e+06   4.7973633e+01
   2.3045700e+06   4.8889160e+01
   2.3822750e+06   4.8095703e+01
   2.7438630e+06   5.2307129e+01
   2.7445110e+06   5.3771973e+01
   2.9044840e+06   5.0231934e+01
   2.9367830e+06   4.9560547e+01
   3.0831610e+06   4.7851562e+01
   3.1602020e+06   4.8645020e+01
   3.3603590e+06   4.9377441e+01
   3.3684960e+06   4.8950195e+01
   3.7593390e+06   5.0048828e+01
   4.0677580e+06   4.9743652e+01
   4.1385540e+06   4.7790527e+01
   4.9039180e+06   4.7790527e+01
   5.0105500e+06   5.9875488e+01
   5.0579280e+06   4.8767090e+01
   5.3534460e+06   4.9133301e+01
   5.4685440e+06   4.9743652e+01
   5.7051200e+06   4.8278809e+01
   5.9357610e+06   4.9194336e+01
   6.2676770e+06   4.9621582e+01
   6.2702800e+06   5.2307129e+01
   6.3300060e+06   5.3405762e+01
   6.3452180e+06   4.7851562e+01
   6.6876430e+06   4.8889160e+01
   6.8509980e+06   5.0903320e+01
   6.8736790e+06   5.0964355e+01
   6.9155860e+06   4.9926758e+01
   6.9305060e+06   4.8034668e+01
   6.9485820e+06   4.9743652e+01
   7.2805250e+06   4.9011230e+01
   7.5509580e+06   5.0903320e+01
   7.6960480e+06   4.9438477e+01
   7.8464370e+06   4.7790527e+01
   7.8692920e+06   5.0415039e+01
   7.8765050e+06   4.9865723e+01
   8.1294050e+06   5.2124023e+01
   8.1304370e+06   5.1452637e+01
   8.2361160e+06   4.8767090e+01
   8.2487340e+06   4.7973633e+01
   8.3015660e+06   4.7973633e+01
   8.3298460e+06   4.9377441e+01
   8.4357550e+06   4.9255371e+01
   8.4827020e+06   5.0476074e+01
   8.5452090e+06   4.7790527e+01
   8.7653720e+06   4.8034668e+01
   8.7744190e+06   4.7912598e+01
   9.6178800e+06   5.1757812e+01
   9.6242410e+06   4.7729492e+01
   9.6872910e+06   5.0231934e+01
   9.6878120e+06   4.8400879e+01
   9.8719750e+06   4.7363281e+01
   9.8962690e+06   4.9316406e+01
   9.9856600e+06   4.7302246e+01
   1.0404982e+07   4.7973633e+01
   1.0656037e+07   4.8522949e+01
   1.1179300e+07   4.7729492e+01
   1.1279639e+07   4.8889160e+01
   1.1304575e+07   4.7241211e+01
   1.1337182e+07   5.0476074e+01
   1.1405761e+07   4.7607422e+01
   1.1771468e+07   4.9743652e+01
   1.1849684e+07   4.8400879e+01
   1.1924432e+07   5.1086426e+01
