   1.1996000e+07   0.0000000e+00
   2.0862200e+05   4.1503906e+01
   5.5319600e+05   4.1198730e+01
   7.5199400e+05   4.0893555e+01
   8.6703700e+05   4.3151855e+01
   1.5444400e+06   4.0954590e+01
   3.2939650e+06   4.0588379e+01
   3.8091460e+06   4.1687012e+01
   4.7590350e+06   4.0466309e+01
   4.8868090e+06   4.0649414e+01
   4.9473940e+06   4.1076660e+01
   5.0123970e+06   4.1259766e+01
   5.0722700e+06   4.0893555e+01
   5.9984610e+06   4.2175293e+01
   6.3438120e+06   4.1748047e+01
   7.0930340e+06   4.0771484e+01
   7.9910950e+06   4.1320801e+01
   8.0866590e+06   4.1931152e+01
   8.2090050e+06   4.2297363e+01
   8.2735070e+06   4.3212891e+01
   1.1388870e+07   4.1687012e+01
   1.1579055e+07   4.0405273e+01
   1.1908243e+07   4.3884277e+01
