   1.1996000e+07   0.0000000e+00
   2.1856000e+04   3.4790039e+01
   3.5516000e+05   3.6743164e+01
   3.6984000e+05   3.4606934e+01
   4.4100000e+05   3.8696289e+01
   4.6091200e+05   3.4057617e+01
   4.9422400e+05   4.0710449e+01
   5.3229300e+05   3.6621094e+01
   5.4993200e+05   3.6376953e+01
   5.6317800e+05   3.9184570e+01
   5.6369700e+05   3.9733887e+01
   5.6574000e+05   3.4057617e+01
   5.7216900e+05   3.6010742e+01
   5.7600100e+05   3.4118652e+01
   5.7612900e+05   3.4118652e+01
   5.7871100e+05   3.6560059e+01
   5.7994200e+05   3.5583496e+01
   5.8505800e+05   3.4545898e+01
   5.8523900e+05   3.4667969e+01
   6.0178600e+05   3.5522461e+01
   6.0551400e+05   3.7536621e+01
   6.0577700e+05   3.5583496e+01
   6.1685300e+05   3.3996582e+01
   6.1904200e+05   3.9306641e+01
   6.3646000e+05   3.3996582e+01
   6.6117900e+05   3.6376953e+01
   6.7522900e+05   3.4912109e+01
   6.8596500e+05   3.8452148e+01
   6.8798700e+05   3.4973145e+01
   6.9125400e+05   3.4606934e+01
   6.9821200e+05   3.4912109e+01
   7.0933200e+05   3.5827637e+01
   7.2359400e+05   3.4118652e+01
   7.2944400e+05   3.6804199e+01
   7.5150700e+05   3.3874512e+01
   7.6674900e+05   4.0771484e+01
   7.6682200e+05   3.4301758e+01
   7.8520900e+05   3.4240723e+01
   8.2138400e+05   3.4179688e+01
   9.2085100e+05   3.7841797e+01
   9.9605800e+05   3.4179688e+01
   1.0380800e+06   3.6682129e+01
   1.0386910e+06   3.4851074e+01
   1.0513570e+06   3.5949707e+01
   1.1245260e+06   4.3151855e+01
   1.1467390e+06   4.2358398e+01
   1.1620460e+06   3.7597656e+01
   1.2937520e+06   3.6621094e+01
   1.2942750e+06   3.4179688e+01
   1.4427220e+06   3.4362793e+01
   1.5476620e+06   3.4118652e+01
   1.7874340e+06   3.6682129e+01
   1.8121810e+06   3.4790039e+01
   1.8343440e+06   3.4484863e+01
   1.8620290e+06   3.8452148e+01
   1.8723490e+06   3.3874512e+01
   1.8804890e+06   3.8940430e+01
   1.9255170e+06   4.3151855e+01
   2.0014190e+06   3.3996582e+01
   2.0368720e+06   3.5217285e+01
   2.0971980e+06   3.8757324e+01
   2.1395040e+06   4.1198730e+01
   2.1430910e+06   3.4729004e+01
   2.1606220e+06   3.8635254e+01
   2.1974730e+06   3.5461426e+01
   2.2089460e+06   3.4301758e+01
   2.2213950e+06   3.4057617e+01
   2.2593620e+06   3.6437988e+01
   2.3962140e+06   3.5827637e+01
   2.4827200e+06   4.2236328e+01
   2.5322720e+06   3.5095215e+01
   2.5529080e+06   4.5104980e+01
   2.5994510e+06   3.3935547e+01
   2.6212400e+06   3.4240723e+01
   2.6794900e+06   3.9794922e+01
   2.6904460e+06   4.0649414e+01
   2.7138560e+06   3.6987305e+01
   2.7437130e+06   3.4484863e+01
   2.7438810e+06   4.2419434e+01
   2.7442690e+06   3.4790039e+01
   2.7528870e+06   3.5644531e+01
   2.7971190e+06   3.5461426e+01
   2.8217460e+06   3.8879395e+01
   2.8266910e+06   3.6132812e+01
   2.8417700e+06   3.5217285e+01
   2.8426780e+06   3.8513184e+01
   2.8567980e+06   3.4851074e+01
   2.8597200e+06   3.3874512e+01
   2.8841070e+06   3.6743164e+01
   2.8842780e+06   3.5217285e+01
   2.9053260e+06   3.5888672e+01
   2.9265440e+06   3.6437988e+01
   2.9364640e+06   3.6376953e+01
   2.9812230e+06   3.5888672e+01
   3.0457330e+06   3.7109375e+01
   3.0831240e+06   3.5644531e+01
   3.0843480e+06   3.4606934e+01
   3.1648090e+06   3.6743164e+01
   3.2000050e+06   3.3996582e+01
   3.2173730e+06   3.4545898e+01
   3.2176370e+06   3.7536621e+01
   3.4144180e+06   3.3874512e+01
   3.7170210e+06   3.6376953e+01
   3.7639240e+06   3.9062500e+01
   3.7961120e+06   3.4057617e+01
   3.8126630e+06   3.4484863e+01
   3.8158840e+06   3.4790039e+01
   3.8492280e+06   3.6987305e+01
   4.0718910e+06   3.4057617e+01
   4.1246310e+06   3.4667969e+01
   4.1444150e+06   3.4423828e+01
   4.2433430e+06   3.4301758e+01
   4.2580180e+06   3.9123535e+01
   4.5556070e+06   3.8330078e+01
   4.5669240e+06   3.5949707e+01
   4.6519910e+06   3.4667969e+01
   4.7033390e+06   3.5949707e+01
   4.7034520e+06   3.9001465e+01
   4.7035000e+06   3.5400391e+01
   4.7125500e+06   3.6987305e+01
   4.8101190e+06   3.4667969e+01
   4.8448370e+06   4.1687012e+01
   4.8476330e+06   3.4179688e+01
   4.8624740e+06   3.8452148e+01
   4.8702260e+06   3.4301758e+01
   4.9034690e+06   3.5888672e+01
   5.0110590e+06   3.3874512e+01
   5.0494450e+06   3.6132812e+01
   5.0755430e+06   3.4667969e+01
   5.1295990e+06   3.4667969e+01
   5.1705610e+06   3.3874512e+01
   5.1940920e+06   3.7109375e+01
   5.2117140e+06   3.5156250e+01
   5.2260020e+06   3.4362793e+01
   5.2390990e+06   3.4423828e+01
   5.2570520e+06   3.4240723e+01
   5.3447830e+06   3.5766602e+01
   5.3903700e+06   3.9672852e+01
   5.4661300e+06   3.4667969e+01
   5.5177760e+06   3.5461426e+01
   5.6765900e+06   3.3935547e+01
   5.7186340e+06   3.4606934e+01
   5.8998410e+06   3.4606934e+01
   5.9477550e+06   3.4057617e+01
   5.9782490e+06   3.3874512e+01
   6.0871820e+06   3.4179688e+01
   6.1636200e+06   3.4729004e+01
   6.1883760e+06   3.5827637e+01
   6.2253210e+06   3.3264160e+01
   6.3569840e+06   4.3640137e+01
   6.3790810e+06   3.6987305e+01
   6.5367990e+06   3.3447266e+01
   6.5884200e+06   3.5339355e+01
   6.6092450e+06   3.4973145e+01
   6.6839920e+06   3.6193848e+01
   6.6912840e+06   3.5583496e+01
   6.7951860e+06   3.6254883e+01
   6.9318230e+06   3.9001465e+01
   6.9702250e+06   3.3325195e+01
   7.1186140e+06   3.7353516e+01
   7.1783020e+06   4.0649414e+01
   7.3270140e+06   3.7109375e+01
   7.3950010e+06   3.3813477e+01
   7.4026040e+06   3.5095215e+01
   7.4940620e+06   3.4606934e+01
   7.5143300e+06   3.5827637e+01
   7.5868420e+06   3.5827637e+01
   7.6029210e+06   4.6264648e+01
   7.6460370e+06   3.3630371e+01
   7.7188330e+06   3.7292480e+01
   7.8900410e+06   3.5339355e+01
   7.8904320e+06   3.5461426e+01
   7.9224620e+06   3.6865234e+01
   8.0554740e+06   3.5034180e+01
   8.0664450e+06   3.3813477e+01
   8.0757920e+06   3.4240723e+01
   8.1113490e+06   3.3203125e+01
   8.1628490e+06   3.5339355e+01
   8.1722210e+06   3.6071777e+01
   8.1877490e+06   3.3264160e+01
   8.1980270e+06   3.6437988e+01
   8.2428310e+06   3.9978027e+01
   8.2450880e+06   3.3935547e+01
   8.2597230e+06   3.3325195e+01
   8.3065350e+06   3.3325195e+01
   8.3135070e+06   3.4423828e+01
   8.3444690e+06   3.9062500e+01
   8.4100670e+06   3.4667969e+01
   8.4240820e+06   3.8818359e+01
   8.4480940e+06   3.5095215e+01
   8.4855840e+06   3.4240723e+01
   8.5079000e+06   3.4240723e+01
   8.5994800e+06   3.4973145e+01
   8.6229250e+06   3.3203125e+01
   8.7276490e+06   3.8085938e+01
   8.7811340e+06   3.4667969e+01
   8.9232190e+06   3.3630371e+01
   9.3532360e+06   3.5278320e+01
   9.5454540e+06   3.6010742e+01
   9.5455530e+06   3.7048340e+01
   9.5506700e+06   3.7109375e+01
   9.5921050e+06   3.4912109e+01
   9.6216060e+06   3.9855957e+01
   9.6217850e+06   3.5766602e+01
   9.6552950e+06   4.0161133e+01
   9.6753110e+06   3.5583496e+01
   9.6778120e+06   3.6193848e+01
   9.6845840e+06   3.5034180e+01
   9.6853410e+06   3.9062500e+01
   9.7108080e+06   3.6499023e+01
   9.7411670e+06   3.5766602e+01
   9.7530460e+06   3.7719727e+01
   9.7570270e+06   3.4851074e+01
   9.8216500e+06   3.5827637e+01
   9.8441740e+06   3.3386230e+01
   9.9879020e+06   3.4118652e+01
   1.0248292e+07   3.8879395e+01
   1.0321396e+07   3.4118652e+01
   1.0546527e+07   3.5888672e+01
   1.0704293e+07   3.6865234e+01
   1.0748804e+07   3.5705566e+01
   1.0749752e+07   3.4545898e+01
   1.0762295e+07   3.7597656e+01
   1.0793698e+07   3.5339355e+01
   1.0827999e+07   3.7353516e+01
   1.0855297e+07   3.8208008e+01
   1.0975346e+07   3.4240723e+01
   1.1019838e+07   3.8330078e+01
   1.1217960e+07   3.4179688e+01
   1.1254189e+07   3.5522461e+01
   1.1315970e+07   3.6682129e+01
   1.1365990e+07   3.3691406e+01
   1.1379268e+07   3.4362793e+01
   1.1485943e+07   3.3325195e+01
   1.1501044e+07   3.6315918e+01
   1.1759566e+07   3.5766602e+01
   1.1857846e+07   3.4179688e+01
   1.1874653e+07   3.4179688e+01
