   1.1996000e+07   0.0000000e+00
   3.7608200e+05   5.4321289e+01
   6.9800000e+05   5.8776855e+01
   7.7180900e+05   6.6711426e+01
   1.6503240e+06   5.4199219e+01
   2.0068550e+06   7.4218750e+01
   2.0350640e+06   5.7434082e+01
   2.6489980e+06   5.6457520e+01
   2.7634300e+06   6.0974121e+01
   3.9446960e+06   7.5073242e+01
   3.9676200e+06   5.4077148e+01
   4.1283400e+06   5.5114746e+01
   4.9076990e+06   7.5195312e+01
   5.7083920e+06   5.3588867e+01
   5.9829960e+06   5.5175781e+01
   6.4190580e+06   7.3852539e+01
   6.5926420e+06   7.3242188e+01
   7.0993100e+06   5.6945801e+01
   7.1311900e+06   7.2143555e+01
   7.5258590e+06   8.0017090e+01
   8.3204230e+06   6.8664551e+01
   8.3472380e+06   8.0871582e+01
   8.8167430e+06   5.3710938e+01
   9.7977080e+06   8.1726074e+01
   9.8122870e+06   7.8430176e+01
   9.8167800e+06   5.3466797e+01
   9.8177850e+06   7.7087402e+01
   9.8334830e+06   5.2551270e+01
   1.0025699e+07   5.8166504e+01
   1.0066644e+07   7.7026367e+01
   1.0072377e+07   5.9631348e+01
   1.0115483e+07   6.9580078e+01
   1.0122568e+07   6.6101074e+01
   1.0132324e+07   6.5612793e+01
   1.0134110e+07   6.5429688e+01
   1.0135012e+07   7.2570801e+01
   1.0135361e+07   5.3222656e+01
   1.0136314e+07   5.7067871e+01
   1.0421022e+07   5.2795410e+01
   1.0493164e+07   5.4687500e+01
   1.1137837e+07   5.3222656e+01
   1.1459664e+07   5.2795410e+01
