   1.1996000e+07   0.0000000e+00
   4.9300000e+02   5.9875488e+01
   1.4830000e+04   5.9570312e+01
   1.7405000e+04   6.3476562e+01
   2.2860000e+04   6.5673828e+01
   2.5110000e+04   6.2500000e+01
   1.5980430e+06   5.9814453e+01
   2.5719700e+06   5.9509277e+01
   2.6004650e+06   6.0729980e+01
   2.7779830e+06   6.3232422e+01
   3.4515090e+06   6.2744141e+01
   6.4847270e+06   5.8654785e+01
   9.6294940e+06   5.9020996e+01
   1.0481807e+07   6.0241699e+01
   1.0638119e+07   5.9692383e+01
   1.1278007e+07   5.9997559e+01
