   1.1996000e+07   0.0000000e+00
   1.9480000e+03   3.2348633e+01
   1.0068000e+04   3.4057617e+01
   1.0463000e+04   3.2592773e+01
   1.6943000e+04   3.3630371e+01
   2.2828000e+04   3.3447266e+01
   2.3041000e+04   6.0607910e+01
   3.4912000e+04   3.3630371e+01
   5.1010000e+04   3.3447266e+01
   5.1461000e+04   3.2714844e+01
   5.9969000e+04   3.3813477e+01
   6.0939000e+04   3.3142090e+01
   6.6953000e+04   3.2226562e+01
   8.8663000e+04   3.3935547e+01
   9.6815000e+04   3.3996582e+01
   1.1420200e+05   3.5156250e+01
   1.3120400e+05   3.5034180e+01
   1.5618000e+05   3.4301758e+01
   1.5816600e+05   3.4729004e+01
   1.6551300e+05   3.3020020e+01
   1.6654600e+05   3.2104492e+01
   1.8358800e+05   3.2958984e+01
   1.8855300e+05   3.2470703e+01
   1.8880100e+05   3.3813477e+01
   1.9669700e+05   3.4973145e+01
   2.1696000e+05   4.1931152e+01
   2.1724600e+05   3.4912109e+01
   2.2770900e+05   3.4301758e+01
   2.4187600e+05   3.2592773e+01
   2.5060100e+05   3.2409668e+01
   2.5218200e+05   3.5156250e+01
   2.5657100e+05   3.2531738e+01
   2.6074400e+05   3.4973145e+01
   2.6948500e+05   3.2226562e+01
   2.7197700e+05   3.3386230e+01
   2.8689500e+05   3.2897949e+01
   3.0911200e+05   3.4667969e+01
   3.3876400e+05   3.2531738e+01
   3.4543300e+05   3.2531738e+01
   3.6428000e+05   3.5949707e+01
   3.6564800e+05   3.5827637e+01
   3.7609300e+05   3.5888672e+01
   3.9044600e+05   3.4973145e+01
   3.9165000e+05   3.3630371e+01
   4.0586900e+05   3.4301758e+01
   4.1112000e+05   3.3874512e+01
   4.4441900e+05   3.3386230e+01
   4.5259200e+05   3.2714844e+01
   5.0448200e+05   3.2531738e+01
   5.1272300e+05   3.4484863e+01
   5.1714400e+05   3.2348633e+01
   5.2049400e+05   3.2348633e+01
   5.4378900e+05   3.3996582e+01
   5.4989000e+05   3.2104492e+01
   5.4990300e+05   3.8452148e+01
   5.4992900e+05   4.0222168e+01
   5.4994400e+05   7.6171875e+01
   5.4995900e+05   7.0007324e+01
   5.4997200e+05   6.9213867e+01
   5.5000000e+05   7.5439453e+01
   5.5001500e+05   5.7678223e+01
   5.5004300e+05   5.8776855e+01
   5.5006500e+05   4.5715332e+01
   5.5009300e+05   5.5847168e+01
   5.5011600e+05   4.8278809e+01
   5.5015400e+05   4.1870117e+01
   5.5017600e+05   4.5471191e+01
   5.5018900e+05   3.6254883e+01
   5.5028200e+05   3.9489746e+01
   5.5031400e+05   3.5583496e+01
   5.5039300e+05   4.7607422e+01
   5.5040700e+05   5.1513672e+01
   5.5050400e+05   3.2104492e+01
   5.5057300e+05   3.3447266e+01
   5.5118300e+05   3.2775879e+01
   5.5120400e+05   3.3386230e+01
   5.5126400e+05   3.3325195e+01
   5.5234900e+05   4.0771484e+01
   5.5299800e+05   3.8818359e+01
   5.5344000e+05   4.1442871e+01
   5.5372600e+05   3.2165527e+01
   5.5403100e+05   3.6804199e+01
   5.5444300e+05   3.4912109e+01
   5.5521200e+05   3.3874512e+01
   5.5549100e+05   3.3691406e+01
   5.9384900e+05   3.2165527e+01
   5.9885800e+05   3.2470703e+01
   6.0378600e+05   5.2124023e+01
   6.0417400e+05   5.4687500e+01
   6.0432600e+05   3.3264160e+01
   6.0438600e+05   5.5175781e+01
   6.0443600e+05   3.8757324e+01
   6.0460500e+05   4.8339844e+01
   6.0466200e+05   4.1137695e+01
   6.0467700e+05   4.5776367e+01
   6.0490400e+05   5.3222656e+01
   6.0511100e+05   4.6752930e+01
   6.0516300e+05   4.6875000e+01
   6.0530200e+05   3.3874512e+01
   6.0531800e+05   4.9377441e+01
   6.0540200e+05   5.4565430e+01
   6.0551200e+05   3.5034180e+01
   6.0552300e+05   3.8269043e+01
   6.0557500e+05   3.5278320e+01
   6.0558900e+05   5.7189941e+01
   6.0562600e+05   3.9978027e+01
   6.0564700e+05   3.6682129e+01
   6.0567800e+05   3.9367676e+01
   6.0570100e+05   7.3486328e+01
   6.0571500e+05   3.5583496e+01
   6.0574700e+05   3.4667969e+01
   6.0578000e+05   7.4157715e+01
   6.0579200e+05   4.4250488e+01
   6.0582300e+05   4.7973633e+01
   6.0585000e+05   4.9133301e+01
   6.0587500e+05   3.7170410e+01
   6.0588500e+05   4.1809082e+01
   6.0591400e+05   3.4851074e+01
   6.0596300e+05   4.2114258e+01
   6.0602700e+05   3.6682129e+01
   6.0609300e+05   4.0588379e+01
   6.0614900e+05   3.8940430e+01
   6.0616200e+05   3.2409668e+01
   6.0623800e+05   3.3264160e+01
   6.0632300e+05   3.4729004e+01
   6.0649200e+05   3.5278320e+01
   6.0665900e+05   3.2470703e+01
   6.0705100e+05   3.3508301e+01
   6.0740400e+05   3.3935547e+01
   6.0763600e+05   3.4240723e+01
   6.0782100e+05   3.2775879e+01
   6.0820000e+05   3.3081055e+01
   6.0913400e+05   3.6437988e+01
   6.0947300e+05   3.8208008e+01
   6.1004700e+05   3.9550781e+01
   6.1031700e+05   3.4790039e+01
   6.3031300e+05   3.4179688e+01
   6.3116800e+05   3.2287598e+01
   6.5495400e+05   3.3874512e+01
   6.5979200e+05   6.1218262e+01
   6.6004500e+05   3.9916992e+01
   6.6006500e+05   5.0781250e+01
   6.6014200e+05   5.9631348e+01
   6.6026900e+05   3.7536621e+01
   6.6038700e+05   4.1198730e+01
   6.6041200e+05   3.2348633e+01
   6.6048300e+05   4.2663574e+01
   6.6061200e+05   6.0546875e+01
   6.6068800e+05   3.7902832e+01
   6.6080900e+05   5.4931641e+01
   6.6084800e+05   5.2429199e+01
   6.6098900e+05   5.1208496e+01
   6.6101400e+05   4.5349121e+01
   6.6103800e+05   5.9326172e+01
   6.6106700e+05   3.6865234e+01
   6.6112000e+05   3.6804199e+01
   6.6114000e+05   4.7302246e+01
   6.6115600e+05   3.5766602e+01
   6.6116900e+05   3.5827637e+01
   6.6118500e+05   5.4992676e+01
   6.6119500e+05   4.5471191e+01
   6.6122300e+05   3.4912109e+01
   6.6125000e+05   4.5043945e+01
   6.6127200e+05   8.2763672e+01
   6.6129600e+05   5.4016113e+01
   6.6130900e+05   3.3996582e+01
   6.6133400e+05   3.3020020e+01
   6.6137000e+05   4.5898438e+01
   6.6139200e+05   3.5583496e+01
   6.6143600e+05   3.3569336e+01
   6.6146600e+05   3.7902832e+01
   6.6148600e+05   3.6315918e+01
   6.6165100e+05   3.7963867e+01
   6.6263300e+05   3.4301758e+01
   6.6277100e+05   3.3020020e+01
   6.6315200e+05   3.4667969e+01
   6.6328900e+05   3.3691406e+01
   6.6394500e+05   3.7658691e+01
   6.6461800e+05   3.6560059e+01
   6.6515800e+05   3.5827637e+01
   6.6659700e+05   3.8391113e+01
   6.9673400e+05   5.8227539e+01
   6.9703300e+05   3.3020020e+01
   6.9709500e+05   5.4077148e+01
   6.9735900e+05   4.9072266e+01
   6.9741300e+05   3.9672852e+01
   6.9746600e+05   3.5034180e+01
   6.9749300e+05   3.7292480e+01
   6.9760600e+05   5.9814453e+01
   6.9765500e+05   4.1625977e+01
   6.9782100e+05   3.5400391e+01
   6.9783600e+05   4.8217773e+01
   6.9789500e+05   3.3203125e+01
   6.9798600e+05   4.0405273e+01
   6.9801900e+05   5.0354004e+01
   6.9805000e+05   5.0292969e+01
   6.9807400e+05   4.1625977e+01
   6.9808600e+05   4.7302246e+01
   6.9812200e+05   4.2785645e+01
   6.9814700e+05   8.4594727e+01
   6.9817400e+05   4.5654297e+01
   6.9820900e+05   4.6081543e+01
   6.9823000e+05   3.5217285e+01
   6.9824900e+05   3.4484863e+01
   6.9826700e+05   4.1809082e+01
   6.9828300e+05   3.2348633e+01
   6.9831500e+05   3.6499023e+01
   6.9833400e+05   3.4179688e+01
   6.9834700e+05   4.6936035e+01
   6.9836200e+05   7.4096680e+01
   6.9838500e+05   3.3386230e+01
   6.9840300e+05   4.0954590e+01
   6.9842700e+05   3.2653809e+01
   6.9848900e+05   3.4118652e+01
   6.9856300e+05   3.6865234e+01
   6.9858500e+05   3.8635254e+01
   6.9866800e+05   3.4484863e+01
   6.9868800e+05   3.3630371e+01
   6.9874200e+05   3.3386230e+01
   6.9884700e+05   3.4240723e+01
   6.9914000e+05   3.4057617e+01
   6.9973900e+05   3.8146973e+01
   7.0265000e+05   3.3447266e+01
   7.0290300e+05   3.3630371e+01
   7.0364400e+05   4.4250488e+01
   7.0410700e+05   3.5156250e+01
   7.1020300e+05   3.3935547e+01
   7.2836100e+05   5.2368164e+01
   7.2873000e+05   4.8828125e+01
   7.2907600e+05   4.3884277e+01
   7.2915800e+05   5.6396484e+01
   7.2931600e+05   4.7180176e+01
   7.2934500e+05   4.0954590e+01
   7.2940000e+05   3.7109375e+01
   7.2941500e+05   3.5034180e+01
   7.2942500e+05   3.2653809e+01
   7.2945600e+05   3.2226562e+01
   7.2946600e+05   5.6823730e+01
   7.2949100e+05   3.5278320e+01
   7.2952900e+05   3.6987305e+01
   7.2955200e+05   4.6630859e+01
   7.2958500e+05   6.6955566e+01
   7.2960500e+05   6.4758301e+01
   7.2961900e+05   4.3640137e+01
   7.2965500e+05   5.1452637e+01
   7.2969200e+05   4.3212891e+01
   7.2970700e+05   5.8288574e+01
   7.2971700e+05   3.2226562e+01
   7.2974500e+05   3.7414551e+01
   7.2975800e+05   3.6499023e+01
   7.2978600e+05   3.7353516e+01
   7.2980700e+05   3.2897949e+01
   7.2982600e+05   3.5949707e+01
   7.2984200e+05   4.0527344e+01
   7.2995000e+05   3.3691406e+01
   7.3002300e+05   3.4118652e+01
   7.3020900e+05   3.7414551e+01
   7.3050900e+05   3.2409668e+01
   7.3154900e+05   3.2287598e+01
   7.3234000e+05   3.3264160e+01
   7.3333300e+05   3.6926270e+01
   7.3433000e+05   3.6499023e+01
   7.3527800e+05   3.8024902e+01
   7.6548400e+05   4.8461914e+01
   7.6581600e+05   6.3049316e+01
   7.6605500e+05   3.4606934e+01
   7.6612400e+05   4.9011230e+01
   7.6628500e+05   3.9123535e+01
   7.6639300e+05   5.2185059e+01
   7.6643400e+05   3.2836914e+01
   7.6647700e+05   4.5288086e+01
   7.6650300e+05   3.3203125e+01
   7.6652300e+05   3.5400391e+01
   7.6656800e+05   3.5095215e+01
   7.6658100e+05   5.5114746e+01
   7.6659500e+05   5.0354004e+01
   7.6662000e+05   6.0424805e+01
   7.6663900e+05   3.8208008e+01
   7.6665900e+05   5.2978516e+01
   7.6667600e+05   3.7292480e+01
   7.6671300e+05   3.8208008e+01
   7.6673400e+05   4.3334961e+01
   7.6675400e+05   4.7790527e+01
   7.6677700e+05   3.8574219e+01
   7.6680200e+05   6.2988281e+01
   7.6682900e+05   6.2194824e+01
   7.6684800e+05   3.3203125e+01
   7.6687500e+05   3.7475586e+01
   7.6690000e+05   5.3955078e+01
   7.6691300e+05   3.9550781e+01
   7.6697900e+05   4.1442871e+01
   7.6705300e+05   3.3813477e+01
   7.6713400e+05   4.2480469e+01
   7.6714400e+05   3.4118652e+01
   7.6723000e+05   3.4118652e+01
   7.6740000e+05   3.4973145e+01
   7.6771600e+05   3.3325195e+01
   7.6859200e+05   3.6376953e+01
   7.6979200e+05   3.2348633e+01
   7.7067200e+05   3.5888672e+01
   7.7178300e+05   3.5766602e+01
   7.7208300e+05   4.5288086e+01
   7.7359400e+05   3.2897949e+01
   7.9627800e+05   5.6213379e+01
   7.9629200e+05   3.4057617e+01
   7.9640800e+05   4.6569824e+01
   7.9645700e+05   3.6437988e+01
   7.9649000e+05   4.8400879e+01
   7.9652700e+05   3.6071777e+01
   7.9653800e+05   4.0832520e+01
   7.9656500e+05   3.6499023e+01
   7.9659000e+05   4.3701172e+01
   7.9661700e+05   3.6865234e+01
   7.9663400e+05   4.5715332e+01
   7.9666100e+05   4.3212891e+01
   7.9668100e+05   7.8796387e+01
   7.9671400e+05   4.6813965e+01
   7.9672600e+05   3.3691406e+01
   7.9677200e+05   5.7312012e+01
   7.9688000e+05   4.2053223e+01
   7.9695300e+05   5.1452637e+01
   7.9702700e+05   3.5034180e+01
   7.9711100e+05   3.5339355e+01
   7.9715800e+05   3.6499023e+01
   7.9724600e+05   3.5766602e+01
   7.9735000e+05   3.3691406e+01
   7.9744800e+05   4.1015625e+01
   7.9750400e+05   3.2653809e+01
   7.9764200e+05   3.3813477e+01
   7.9903500e+05   3.2653809e+01
   7.9920300e+05   4.7302246e+01
   8.0035800e+05   3.2592773e+01
   8.0125200e+05   3.9184570e+01
   8.0204300e+05   3.9306641e+01
   8.3183300e+05   3.2226562e+01
   8.3187400e+05   3.9794922e+01
   8.3188700e+05   5.7617188e+01
   8.3191800e+05   4.2053223e+01
   8.3200400e+05   3.4362793e+01
   8.3203600e+05   4.3945312e+01
   8.3208000e+05   4.9316406e+01
   8.3210000e+05   3.4606934e+01
   8.3212600e+05   4.4860840e+01
   8.3214500e+05   4.1442871e+01
   8.3218300e+05   4.6813965e+01
   8.3219600e+05   5.9448242e+01
   8.3220900e+05   3.4179688e+01
   8.3222700e+05   3.7780762e+01
   8.3224100e+05   3.7658691e+01
   8.3225500e+05   6.1279297e+01
   8.3228600e+05   7.9650879e+01
   8.3230600e+05   5.4260254e+01
   8.3233300e+05   3.4362793e+01
   8.3236000e+05   5.9448242e+01
   8.3237900e+05   3.9184570e+01
   8.3239200e+05   5.3894043e+01
   8.3242200e+05   3.3691406e+01
   8.3243200e+05   3.6804199e+01
   8.3246500e+05   3.4729004e+01
   8.3251000e+05   3.4606934e+01
   8.3252100e+05   3.3325195e+01
   8.3277000e+05   4.7790527e+01
   8.3428900e+05   3.5156250e+01
   8.3478900e+05   3.3508301e+01
   8.3502500e+05   3.6376953e+01
   8.3534900e+05   3.3264160e+01
   8.3567400e+05   3.8940430e+01
   8.3601900e+05   3.2226562e+01
   8.3639000e+05   3.2531738e+01
   8.3740900e+05   3.4545898e+01
   8.6706600e+05   5.6945801e+01
   8.6709100e+05   3.7902832e+01
   8.6712200e+05   5.5297852e+01
   8.6724200e+05   5.9082031e+01
   8.6726500e+05   5.8593750e+01
   8.6728800e+05   3.3264160e+01
   8.6733000e+05   4.8156738e+01
   8.6734700e+05   3.4484863e+01
   8.6738300e+05   3.6315918e+01
   8.6741200e+05   3.9733887e+01
   8.6743100e+05   7.8247070e+01
   8.6744700e+05   3.6254883e+01
   8.6746800e+05   3.7231445e+01
   8.6748000e+05   4.1320801e+01
   8.6750200e+05   3.6010742e+01
   8.6752400e+05   3.2836914e+01
   8.6753700e+05   3.3508301e+01
   8.6757800e+05   4.0527344e+01
   8.6759600e+05   6.1218262e+01
   8.6761000e+05   3.2897949e+01
   8.6764400e+05   3.2714844e+01
   8.6765500e+05   3.8574219e+01
   8.6766900e+05   3.3569336e+01
   8.6768900e+05   3.3020020e+01
   8.6773500e+05   3.7353516e+01
   8.6776100e+05   3.5766602e+01
   8.6781900e+05   3.2348633e+01
   8.6783500e+05   3.2531738e+01
   8.6791700e+05   3.5461426e+01
   8.6812700e+05   3.4179688e+01
   8.6833500e+05   3.6193848e+01
   8.6868600e+05   3.3935547e+01
   8.6963900e+05   3.2653809e+01
   8.7125900e+05   3.4179688e+01
   8.7150200e+05   3.5583496e+01
   8.7237500e+05   3.2836914e+01
   8.7301400e+05   3.4240723e+01
   8.8844100e+05   3.2592773e+01
   8.8852600e+05   5.2307129e+01
   8.8865600e+05   3.3264160e+01
   8.8886000e+05   4.5410156e+01
   8.8888500e+05   4.5166016e+01
   8.8927100e+05   3.6010742e+01
   9.0484600e+05   4.7851562e+01
   9.0504400e+05   4.1748047e+01
   9.0516200e+05   3.3264160e+01
   9.0521800e+05   3.7170410e+01
   9.0530600e+05   3.5888672e+01
   9.0557200e+05   4.5959473e+01
   9.0559500e+05   3.2958984e+01
   9.0570000e+05   3.3325195e+01
   9.0577800e+05   3.7231445e+01
   9.0604200e+05   3.3203125e+01
   9.2186700e+05   3.2836914e+01
   9.2202100e+05   5.8227539e+01
   9.2208800e+05   5.9326172e+01
   9.2235500e+05   7.6599121e+01
   9.2248200e+05   4.0954590e+01
   9.2264300e+05   3.6315918e+01
   9.2269900e+05   4.2968750e+01
   9.2285100e+05   3.9794922e+01
   9.2297300e+05   3.6254883e+01
   9.2308800e+05   3.7597656e+01
   9.3702500e+05   6.1096191e+01
   9.3739100e+05   3.9306641e+01
   9.3742600e+05   4.1259766e+01
   9.3752100e+05   3.6193848e+01
   9.3768100e+05   4.7424316e+01
   9.3790300e+05   4.7973633e+01
   9.3792800e+05   3.5461426e+01
   9.3796400e+05   3.8146973e+01
   9.3848800e+05   4.7058105e+01
   9.5047200e+05   6.0302734e+01
   9.5050100e+05   5.0048828e+01
   9.5074600e+05   4.9072266e+01
   9.5081900e+05   3.8330078e+01
   9.5104200e+05   5.7495117e+01
   9.5107800e+05   4.3945313e+01
   9.5126400e+05   3.7414551e+01
   9.5162200e+05   3.7841797e+01
   9.5169200e+05   3.2653809e+01
   9.6289700e+05   3.9855957e+01
   9.6292400e+05   3.2348633e+01
   9.6295000e+05   6.3171387e+01
   9.6299600e+05   3.7963867e+01
   9.6313500e+05   3.4484863e+01
   9.6322500e+05   4.8889160e+01
   9.6333900e+05   4.0588379e+01
   9.6352900e+05   3.4118652e+01
   9.6358900e+05   4.9926758e+01
   9.7720300e+05   4.3334961e+01
   9.7726500e+05   5.2612305e+01
   9.7740200e+05   3.4729004e+01
   9.7742300e+05   3.3569336e+01
   9.7754400e+05   3.5644531e+01
   9.7756900e+05   5.7067871e+01
   9.7762100e+05   5.1025391e+01
   9.7769800e+05   3.3203125e+01
   9.7788200e+05   3.9611816e+01
   9.7822300e+05   3.3508301e+01
   9.9446800e+05   4.2846680e+01
   9.9449600e+05   3.2165527e+01
   9.9457000e+05   6.9946289e+01
   9.9475500e+05   4.2480469e+01
   9.9477900e+05   6.3171387e+01
   9.9491200e+05   4.7607422e+01
   9.9510000e+05   4.6081543e+01
   9.9519600e+05   5.9326172e+01
   1.0091350e+06   3.6315918e+01
   1.0097720e+06   3.9855957e+01
   1.0097900e+06   5.2673340e+01
   1.0098690e+06   5.6701660e+01
   1.0099710e+06   4.0527344e+01
   1.0099820e+06   4.3334961e+01
   1.0101560e+06   4.4250488e+01
   1.0102440e+06   3.2165527e+01
   1.0102800e+06   5.4138184e+01
   1.0103650e+06   4.1381836e+01
   1.0105690e+06   3.3630371e+01
   1.0242520e+06   4.1870117e+01
   1.0243440e+06   4.3090820e+01
   1.0245760e+06   4.6752930e+01
   1.0246190e+06   5.1635742e+01
   1.0248780e+06   5.7861328e+01
   1.0249330e+06   4.3212891e+01
   1.0381530e+06   3.4545898e+01
   1.0384040e+06   3.7353516e+01
   1.0384590e+06   5.0781250e+01
   1.0385620e+06   5.5236816e+01
   1.0385960e+06   3.3447266e+01
   1.0386190e+06   3.2287598e+01
   1.0387530e+06   3.8574219e+01
   1.0391590e+06   4.4189453e+01
   1.0393830e+06   3.3142090e+01
   1.0514250e+06   3.2470703e+01
   1.0515200e+06   3.6987305e+01
   1.0519140e+06   4.8034668e+01
   1.0521090e+06   4.5410156e+01
   1.0521740e+06   5.5175781e+01
   1.0673130e+06   5.3344727e+01
   1.0674950e+06   3.2775879e+01
   1.0675530e+06   3.2531738e+01
   1.0675710e+06   6.4147949e+01
   1.0677570e+06   4.9621582e+01
   1.0679900e+06   5.0415039e+01
   1.0829790e+06   3.2226562e+01
   1.0837120e+06   4.2175293e+01
   1.0838740e+06   4.8095703e+01
   1.0838900e+06   4.1198730e+01
   1.0842910e+06   3.9978027e+01
   1.1022460e+06   3.3752441e+01
   1.1023260e+06   4.1503906e+01
   1.1024750e+06   3.5278320e+01
   1.1025720e+06   5.7006836e+01
   1.1025910e+06   3.9184570e+01
   1.1027300e+06   5.1147461e+01
   1.1027450e+06   3.3996582e+01
   1.1029090e+06   4.7119141e+01
   1.1029190e+06   5.1025391e+01
   1.1029540e+06   3.2714844e+01
   1.1166720e+06   3.2348633e+01
   1.1253830e+06   4.0405273e+01
   1.1255650e+06   3.6132812e+01
   1.1255950e+06   5.5419922e+01
   1.1257630e+06   3.4667969e+01
   1.1260160e+06   3.5095215e+01
   1.1261050e+06   3.2287598e+01
   1.1447550e+06   3.2348633e+01
   1.1476600e+06   3.3081055e+01
   1.1478170e+06   3.3203125e+01
   1.1480310e+06   3.6865234e+01
   1.1480480e+06   4.4677734e+01
   1.1481750e+06   3.2470703e+01
   1.1484050e+06   3.4851074e+01
   1.1644140e+06   3.2653809e+01
   1.1803490e+06   6.4697266e+01
   1.2028860e+06   3.3386230e+01
   1.2037860e+06   3.4973145e+01
   1.2040810e+06   3.4667969e+01
   1.2183010e+06   3.2836914e+01
   1.2204230e+06   3.2531738e+01
   1.2230340e+06   3.4179688e+01
   1.2272080e+06   3.5278320e+01
   1.2354900e+06   3.2958984e+01
   1.2524340e+06   3.2714844e+01
   1.2613490e+06   3.3020020e+01
   1.2829730e+06   3.2287598e+01
   1.3102010e+06   3.2836914e+01
   1.3272510e+06   3.4606934e+01
   1.3445180e+06   3.5034180e+01
   1.3465180e+06   3.4240723e+01
   1.3533170e+06   3.2226562e+01
   1.3554440e+06   3.5949707e+01
   1.3613090e+06   3.6071777e+01
   1.3670230e+06   3.3874512e+01
   1.3719260e+06   3.7292480e+01
   1.3875770e+06   3.6804199e+01
   1.3975260e+06   3.7475586e+01
   1.4081400e+06   3.3447266e+01
   1.4111630e+06   3.2836914e+01
   1.4221320e+06   3.4729004e+01
   1.4271230e+06   3.5461426e+01
   1.4536830e+06   3.4484863e+01
   1.4653350e+06   3.3813477e+01
   1.4742000e+06   3.3081055e+01
   1.4789150e+06   3.4362793e+01
   1.4801890e+06   3.2531738e+01
   1.4941870e+06   3.3996582e+01
   1.4969610e+06   3.2287598e+01
   1.5008180e+06   3.2653809e+01
   1.5102410e+06   3.5400391e+01
   1.5181950e+06   3.3142090e+01
   1.5232600e+06   3.3325195e+01
   1.5449580e+06   6.2500000e+01
   1.5450220e+06   4.2541504e+01
   1.5450960e+06   4.4616699e+01
   1.5451720e+06   4.0771484e+01
   1.5464660e+06   3.7597656e+01
   1.5468280e+06   6.4208984e+01
   1.5573590e+06   3.2653809e+01
   1.5596130e+06   3.3996582e+01
   1.5670280e+06   3.4484863e+01
   1.5673030e+06   3.3020020e+01
   1.5692930e+06   3.6743164e+01
   1.5737630e+06   3.2897949e+01
   1.5759790e+06   3.3142090e+01
   1.5853140e+06   3.3630371e+01
   1.5899680e+06   3.4057617e+01
   1.6270540e+06   3.2104492e+01
   1.6300220e+06   3.2592773e+01
   1.6443110e+06   3.2409668e+01
   1.6604370e+06   3.3935547e+01
   1.6699130e+06   3.3142090e+01
   1.6701140e+06   3.3569336e+01
   1.6776850e+06   3.2348633e+01
   1.6796490e+06   3.2104492e+01
   1.6832590e+06   3.6193848e+01
   1.6975510e+06   3.4179688e+01
   1.7108730e+06   3.3264160e+01
   1.7156630e+06   3.3996582e+01
   1.7378590e+06   3.2714844e+01
   1.7474100e+06   3.3874512e+01
   1.7552340e+06   3.2104492e+01
   1.7692470e+06   3.6804199e+01
   1.7804180e+06   3.3264160e+01
   1.7828640e+06   3.3569336e+01
   1.7892640e+06   3.6743164e+01
   1.8171790e+06   3.4973145e+01
   1.8295470e+06   3.2531738e+01
   1.8507530e+06   3.4851074e+01
   1.8526840e+06   3.3996582e+01
   1.8553730e+06   3.5461426e+01
   1.8585630e+06   3.4179688e+01
   1.8699940e+06   3.6865234e+01
   1.8772650e+06   3.4179688e+01
   1.8968530e+06   3.2714844e+01
   1.9077280e+06   3.3508301e+01
   1.9090050e+06   3.2653809e+01
   1.9246050e+06   3.4545898e+01
   1.9262000e+06   3.4545898e+01
   1.9307220e+06   3.3325195e+01
   1.9585610e+06   3.7963867e+01
   1.9753600e+06   3.2287598e+01
   1.9947030e+06   3.5278320e+01
   1.9989930e+06   3.6315918e+01
   2.0125720e+06   3.5644531e+01
   2.0221710e+06   3.2897949e+01
   2.0230610e+06   3.2653809e+01
   2.0273810e+06   3.3508301e+01
   2.0366400e+06   3.3203125e+01
   2.0381930e+06   3.2348633e+01
   2.0729480e+06   3.4851074e+01
   2.0850800e+06   3.2409668e+01
   2.0967290e+06   6.3293457e+01
   2.0967890e+06   3.3508301e+01
   2.0971060e+06   3.3691406e+01
   2.0971300e+06   3.8513184e+01
   2.0971600e+06   3.7780762e+01
   2.0971810e+06   4.3212891e+01
   2.0972130e+06   4.0527344e+01
   2.0972310e+06   5.1513672e+01
   2.0972410e+06   4.2175293e+01
   2.0972690e+06   9.9548340e+01
   2.0973050e+06   4.1381836e+01
   2.0973260e+06   3.4729004e+01
   2.0973590e+06   7.9345703e+01
   2.0973770e+06   4.3090820e+01
   2.0974000e+06   5.4687500e+01
   2.0974220e+06   4.9438477e+01
   2.0974550e+06   3.4484863e+01
   2.0975050e+06   3.9367676e+01
   2.0975300e+06   5.3894043e+01
   2.0975420e+06   4.6020508e+01
   2.0976750e+06   4.1687012e+01
   2.0978130e+06   3.5095215e+01
   2.0981990e+06   3.2104492e+01
   2.0982940e+06   3.2409668e+01
   2.0983250e+06   3.5339355e+01
   2.0991860e+06   3.2470703e+01
   2.0997510e+06   3.2836914e+01
   2.1000510e+06   3.2531738e+01
   2.1002960e+06   3.3691406e+01
   2.1017060e+06   3.3996582e+01
   2.1044150e+06   3.5095215e+01
   2.1050640e+06   4.4433594e+01
   2.1380800e+06   3.2836914e+01
   2.1392490e+06   3.2592773e+01
   2.1648940e+06   3.3447266e+01
   2.1781280e+06   3.5461426e+01
   2.1831760e+06   3.2348633e+01
   2.1973160e+06   3.2348633e+01
   2.2170310e+06   3.4545898e+01
   2.2203760e+06   3.4118652e+01
   2.2376110e+06   3.4729004e+01
   2.2506830e+06   3.2165527e+01
   2.2707810e+06   3.3691406e+01
   2.2793740e+06   3.2348633e+01
   2.2825180e+06   3.3935547e+01
   2.2920720e+06   3.5278320e+01
   2.2961780e+06   3.2470703e+01
   2.3214270e+06   3.5766602e+01
   2.3325850e+06   3.5217285e+01
   2.3445430e+06   3.2470703e+01
   2.3563910e+06   3.3630371e+01
   2.3879510e+06   3.5949707e+01
   2.3922190e+06   3.3020020e+01
   2.4093470e+06   3.3630371e+01
   2.4149580e+06   3.7658691e+01
   2.4245890e+06   3.2226562e+01
   2.4262760e+06   3.5461426e+01
   2.4470420e+06   3.3447266e+01
   2.4568520e+06   3.2592773e+01
   2.4724330e+06   3.2287598e+01
   2.4744700e+06   3.3691406e+01
   2.5028610e+06   3.7414551e+01
   2.5089780e+06   3.3752441e+01
   2.5387940e+06   3.3508301e+01
   2.5441290e+06   3.4240723e+01
   2.5682150e+06   3.8269043e+01
   2.5699530e+06   3.3203125e+01
   2.5787970e+06   3.7353516e+01
   2.5869880e+06   3.2531738e+01
   2.5997880e+06   3.2409668e+01
   2.6152570e+06   3.2226562e+01
   2.6279610e+06   3.5217285e+01
   2.6521950e+06   3.2409668e+01
   2.7061040e+06   3.4851074e+01
   2.7277830e+06   3.3508301e+01
   2.7387140e+06   3.5034180e+01
   2.7431150e+06   6.7260742e+01
   2.7432590e+06   6.4331055e+01
   2.7433380e+06   4.2419434e+01
   2.7434340e+06   3.5217285e+01
   2.7434980e+06   3.2836914e+01
   2.7435430e+06   3.5705566e+01
   2.7436370e+06   3.3691406e+01
   2.7437200e+06   3.8024902e+01
   2.7437320e+06   5.0659180e+01
   2.7437610e+06   3.2958984e+01
   2.7438030e+06   8.8195801e+01
   2.7438180e+06   5.2307129e+01
   2.7438400e+06   4.7912598e+01
   2.7438620e+06   3.3203125e+01
   2.7438910e+06   8.1848145e+01
   2.7439280e+06   3.4118652e+01
   2.7439450e+06   3.5705566e+01
   2.7439640e+06   3.8024902e+01
   2.7439840e+06   5.1696777e+01
   2.7440100e+06   3.2531738e+01
   2.7440350e+06   3.2836914e+01
   2.7440650e+06   4.8461914e+01
   2.7441130e+06   3.4912109e+01
   2.7441600e+06   3.9001465e+01
   2.7441930e+06   3.3386230e+01
   2.7443070e+06   3.6071777e+01
   2.7444170e+06   4.5349121e+01
   2.7445670e+06   3.6132812e+01
   2.7446520e+06   3.4667969e+01
   2.7459020e+06   3.3569336e+01
   2.7464010e+06   3.2958984e+01
   2.7466890e+06   3.2836914e+01
   2.7480780e+06   4.0649414e+01
   2.7501790e+06   3.6071777e+01
   2.7783060e+06   3.7292480e+01
   2.7860980e+06   3.5583496e+01
   2.7953820e+06   5.1940918e+01
   2.7955890e+06   4.4006348e+01
   2.7957490e+06   5.5297852e+01
   2.7960230e+06   7.2814941e+01
   2.7962850e+06   6.4758301e+01
   2.7964420e+06   4.9255371e+01
   2.7965140e+06   5.2490234e+01
   2.7965440e+06   3.3325195e+01
   2.7965920e+06   3.4423828e+01
   2.7966510e+06   3.5156250e+01
   2.7966940e+06   7.0251465e+01
   2.7967900e+06   6.7504883e+01
   2.7968130e+06   3.3935547e+01
   2.7968730e+06   3.8452148e+01
   2.7968930e+06   3.9672852e+01
   2.7969040e+06   5.0598145e+01
   2.7969430e+06   3.3325195e+01
   2.7969960e+06   3.7597656e+01
   2.7970150e+06   3.6376953e+01
   2.7970460e+06   5.9814453e+01
   2.7970580e+06   9.5031738e+01
   2.7970910e+06   4.6997070e+01
   2.7971120e+06   6.0852051e+01
   2.7971250e+06   3.4118652e+01
   2.7971550e+06   3.4484863e+01
   2.7971690e+06   5.6152344e+01
   2.7972070e+06   3.6743164e+01
   2.7972190e+06   4.3212891e+01
   2.7972370e+06   4.1015625e+01
   2.7972590e+06   5.7556152e+01
   2.7972860e+06   3.6743164e+01
   2.7973160e+06   3.5949707e+01
   2.7973310e+06   5.5969238e+01
   2.7973580e+06   3.2653809e+01
   2.7974030e+06   3.7658691e+01
   2.7975440e+06   3.6621094e+01
   2.7975790e+06   3.5827637e+01
   2.7976280e+06   3.5949707e+01
   2.7977480e+06   3.2775879e+01
   2.7980900e+06   3.3203125e+01
   2.7981490e+06   3.2897949e+01
   2.7986160e+06   3.3996582e+01
   2.7990100e+06   3.4179688e+01
   2.7992290e+06   3.7658691e+01
   2.7997090e+06   3.3142090e+01
   2.8000560e+06   4.1137695e+01
   2.8006330e+06   3.3813477e+01
   2.8011840e+06   3.3020020e+01
   2.8015710e+06   3.8879395e+01
   2.8399540e+06   3.4057617e+01
   2.8408590e+06   5.6335449e+01
   2.8408950e+06   3.7902832e+01
   2.8410090e+06   3.2592773e+01
   2.8410550e+06   4.0466309e+01
   2.8410910e+06   5.5480957e+01
   2.8411750e+06   3.9489746e+01
   2.8412290e+06   5.0476074e+01
   2.8412810e+06   4.8767090e+01
   2.8413310e+06   3.4484863e+01
   2.8413510e+06   3.9550781e+01
   2.8415130e+06   5.2307129e+01
   2.8415280e+06   4.0283203e+01
   2.8416550e+06   3.3325195e+01
   2.8416990e+06   5.3344727e+01
   2.8417710e+06   3.2287598e+01
   2.8418680e+06   4.0832520e+01
   2.8418940e+06   3.8818359e+01
   2.8419190e+06   3.2348633e+01
   2.8419350e+06   3.8635254e+01
   2.8419690e+06   4.6203613e+01
   2.8419990e+06   8.8867188e+01
   2.8420200e+06   5.5358887e+01
   2.8420320e+06   5.0537109e+01
   2.8420640e+06   4.6203613e+01
   2.8420750e+06   5.7495117e+01
   2.8420950e+06   4.2846680e+01
   2.8421130e+06   4.1931152e+01
   2.8421300e+06   3.8452148e+01
   2.8421540e+06   3.4667969e+01
   2.8421910e+06   3.7414551e+01
   2.8422040e+06   4.0344238e+01
   2.8422470e+06   4.2053223e+01
   2.8422620e+06   3.2165527e+01
   2.8423260e+06   4.1259766e+01
   2.8423560e+06   3.3142090e+01
   2.8425080e+06   3.4729004e+01
   2.8426160e+06   3.7902832e+01
   2.8430240e+06   3.3081055e+01
   2.8457150e+06   3.8818359e+01
   2.8459550e+06   3.5095215e+01
   2.8828800e+06   5.4748535e+01
   2.8831870e+06   5.0415039e+01
   2.8832440e+06   4.0405273e+01
   2.8833430e+06   3.7292480e+01
   2.8833750e+06   3.6376953e+01
   2.8834350e+06   5.3344727e+01
   2.8834610e+06   3.5400391e+01
   2.8836320e+06   5.0598145e+01
   2.8836500e+06   5.4687500e+01
   2.8838020e+06   4.6813965e+01
   2.8838370e+06   4.4128418e+01
   2.8839100e+06   3.4118652e+01
   2.8839540e+06   6.3720703e+01
   2.8839760e+06   3.3874512e+01
   2.8840210e+06   6.2744141e+01
   2.8840530e+06   5.1879883e+01
   2.8840780e+06   4.7668457e+01
   2.8841200e+06   3.6926270e+01
   2.8841550e+06   7.7087402e+01
   2.8841790e+06   3.9123535e+01
   2.8842060e+06   3.8940430e+01
   2.8842250e+06   5.9875488e+01
   2.8842800e+06   3.2287598e+01
   2.8842950e+06   5.7434082e+01
   2.8843270e+06   3.8940430e+01
   2.8843550e+06   3.5278320e+01
   2.8843900e+06   3.6865234e+01
   2.8844090e+06   3.3508301e+01
   2.8844240e+06   3.2897949e+01
   2.8844500e+06   3.6254883e+01
   2.8845230e+06   3.3447266e+01
   2.8845760e+06   3.5400391e+01
   2.8846450e+06   4.3579102e+01
   2.8863410e+06   3.4973145e+01
   2.8871670e+06   3.2287598e+01
   2.8874890e+06   3.3325195e+01
   2.8882240e+06   3.5705566e+01
   2.8890000e+06   3.2165527e+01
   2.9171430e+06   3.2531738e+01
   2.9174950e+06   4.7973633e+01
   2.9270350e+06   5.0109863e+01
   2.9364160e+06   5.1635742e+01
   2.9487700e+06   4.5410156e+01
   2.9487820e+06   4.4982910e+01
   2.9488740e+06   3.6376953e+01
   2.9491030e+06   6.0913086e+01
   2.9493740e+06   3.3691406e+01
   2.9565670e+06   3.4484863e+01
   2.9627830e+06   3.2287598e+01
   2.9629500e+06   4.5043945e+01
   2.9630760e+06   3.5522461e+01
   2.9631660e+06   3.2592773e+01
   2.9633620e+06   5.9753418e+01
   2.9729850e+06   3.4240723e+01
   2.9757280e+06   3.4667969e+01
   2.9818560e+06   5.0109863e+01
   2.9818850e+06   5.1025391e+01
   2.9820200e+06   3.5644531e+01
   2.9820860e+06   3.9245605e+01
   2.9821230e+06   3.4362793e+01
   2.9822230e+06   5.0170898e+01
   2.9916900e+06   3.2714844e+01
   3.0016490e+06   4.5959473e+01
   3.0018370e+06   3.5034180e+01
   3.0018790e+06   5.1086426e+01
   3.0020800e+06   5.3405762e+01
   3.0092370e+06   3.3996582e+01
   3.0145950e+06   3.3020020e+01
   3.0232210e+06   5.3283691e+01
   3.0235900e+06   3.5217285e+01
   3.0237510e+06   5.0109863e+01
   3.0375690e+06   3.5461426e+01
   3.0459420e+06   4.2907715e+01
   3.0462100e+06   5.9631348e+01
   3.0462320e+06   3.7658691e+01
   3.0462690e+06   3.6071777e+01
   3.0467340e+06   3.4912109e+01
   3.0611060e+06   3.4057617e+01
   3.0636930e+06   3.2409668e+01
   3.0681290e+06   6.0363770e+01
   3.0683140e+06   3.5949707e+01
   3.0764750e+06   3.9611816e+01
   3.0776100e+06   3.2958984e+01
   3.0794470e+06   3.3569336e+01
   3.0799600e+06   3.2775879e+01
   3.0842650e+06   3.9306641e+01
   3.0844310e+06   6.6650391e+01
   3.0970450e+06   4.0039062e+01
   3.1098390e+06   3.5888672e+01
   3.1467480e+06   3.9428711e+01
   3.1471240e+06   3.3020020e+01
   3.1658110e+06   3.2897949e+01
   3.1658250e+06   3.4301758e+01
   3.1802440e+06   3.5888672e+01
   3.2003170e+06   3.4362793e+01
   3.2186080e+06   4.0222168e+01
   3.2302650e+06   3.3203125e+01
   3.2392610e+06   3.2714844e+01
   3.2395400e+06   6.3171387e+01
   3.2524610e+06   3.2897949e+01
   3.2537040e+06   3.3874512e+01
   3.2598390e+06   3.2409668e+01
   3.2601030e+06   3.4057617e+01
   3.2607030e+06   3.3386230e+01
   3.2804120e+06   3.5644531e+01
   3.2940260e+06   3.6132812e+01
   3.2974230e+06   3.4606934e+01
   3.3253620e+06   3.5095215e+01
   3.3255370e+06   3.2653809e+01
   3.3319790e+06   3.7536621e+01
   3.3381310e+06   3.4545898e+01
   3.3459650e+06   3.4729004e+01
   3.3485380e+06   3.3752441e+01
   3.3579370e+06   3.4729004e+01
   3.3687590e+06   4.0344238e+01
   3.3770270e+06   3.2958984e+01
   3.3860830e+06   3.3874512e+01
   3.3949570e+06   3.3081055e+01
   3.4275340e+06   3.2897949e+01
   3.4330290e+06   3.2836914e+01
   3.4543250e+06   3.3325195e+01
   3.4962240e+06   3.2470703e+01
   3.5275370e+06   3.4545898e+01
   3.5796730e+06   3.2714844e+01
   3.5882980e+06   3.6315918e+01
   3.6147290e+06   3.2409668e+01
   3.6266760e+06   3.4362793e+01
   3.6278480e+06   3.2714844e+01
   3.6283940e+06   3.2958984e+01
   3.6304750e+06   3.3569336e+01
   3.6419030e+06   3.7353516e+01
   3.6784490e+06   3.5278320e+01
   3.6860640e+06   4.4738770e+01
   3.6898040e+06   3.6193848e+01
   3.7157550e+06   3.7048340e+01
   3.7171050e+06   3.4423828e+01
   3.7379780e+06   3.4179688e+01
   3.7547740e+06   4.1992188e+01
   3.8011440e+06   3.2714844e+01
   3.8104890e+06   3.6010742e+01
   3.8153470e+06   3.3203125e+01
   3.8387610e+06   3.3874512e+01
   3.8648160e+06   3.2897949e+01
   3.8714810e+06   3.3020020e+01
   3.8904990e+06   3.2836914e+01
   3.8937650e+06   3.4851074e+01
   3.8999190e+06   3.4545898e+01
   3.9059840e+06   3.2775879e+01
   3.9261570e+06   3.2836914e+01
   3.9361690e+06   3.2531738e+01
   3.9431560e+06   3.2409668e+01
   3.9483000e+06   3.3264160e+01
   3.9495930e+06   3.2714844e+01
   3.9591950e+06   3.2775879e+01
   3.9640970e+06   3.6376953e+01
   4.0099950e+06   3.5766602e+01
   4.0108460e+06   3.4179688e+01
   4.0299800e+06   3.5034180e+01
   4.0480100e+06   3.3325195e+01
   4.0547990e+06   3.3081055e+01
   4.0608450e+06   3.5095215e+01
   4.0849950e+06   3.7536621e+01
   4.0956660e+06   3.2836914e+01
   4.1083070e+06   3.3935547e+01
   4.1157900e+06   3.2714844e+01
   4.1191210e+06   3.2897949e+01
   4.1203310e+06   3.4484863e+01
   4.1249580e+06   3.7170410e+01
   4.1361320e+06   3.5217285e+01
   4.1484320e+06   3.5583496e+01
   4.1519980e+06   3.3752441e+01
   4.2353930e+06   3.2897949e+01
   4.2402030e+06   3.4790039e+01
   4.2501520e+06   3.3081055e+01
   4.2564630e+06   3.6682129e+01
   4.2637280e+06   3.2470703e+01
   4.2735820e+06   3.3508301e+01
   4.2761040e+06   3.2775879e+01
   4.2825000e+06   3.3325195e+01
   4.2870320e+06   3.2470703e+01
   4.2933950e+06   3.7048340e+01
   4.3074510e+06   3.2836914e+01
   4.3227400e+06   3.2714844e+01
   4.3376430e+06   3.4057617e+01
   4.3386500e+06   3.3813477e+01
   4.3525690e+06   3.3142090e+01
   4.3614260e+06   4.0344238e+01
   4.3786340e+06   3.4545898e+01
   4.3863600e+06   3.6987305e+01
   4.4022230e+06   3.3874512e+01
   4.4068720e+06   3.2958984e+01
   4.4674320e+06   3.7475586e+01
   4.4877560e+06   3.3874512e+01
   4.5075540e+06   3.2470703e+01
   4.5120600e+06   3.3264160e+01
   4.5170770e+06   3.3203125e+01
   4.5226460e+06   3.3447266e+01
   4.5355280e+06   3.3630371e+01
   4.5729440e+06   3.4118652e+01
   4.5836700e+06   3.2775879e+01
   4.5883320e+06   3.5339355e+01
   4.5983780e+06   3.8391113e+01
   4.6180070e+06   3.4606934e+01
   4.6248930e+06   3.2531738e+01
   4.6364830e+06   3.4240723e+01
   4.6564690e+06   3.5339355e+01
   4.6584110e+06   3.3935547e+01
   4.6639990e+06   3.4912109e+01
   4.6662630e+06   3.2836914e+01
   4.6876490e+06   3.2897949e+01
   4.6991830e+06   3.7780762e+01
   4.7023180e+06   3.7231445e+01
   4.7028740e+06   7.8979492e+01
   4.7029660e+06   6.5551758e+01
   4.7030280e+06   5.5236816e+01
   4.7030860e+06   3.5278320e+01
   4.7031760e+06   3.2836914e+01
   4.7032630e+06   5.6396484e+01
   4.7033130e+06   3.3264160e+01
   4.7033560e+06   6.4331055e+01
   4.7033730e+06   4.0954590e+01
   4.7033870e+06   1.0034180e+02
   4.7034060e+06   3.7536621e+01
   4.7034420e+06   6.8420410e+01
   4.7034730e+06   4.0588379e+01
   4.7034840e+06   5.9265137e+01
   4.7035020e+06   4.1992188e+01
   4.7035130e+06   3.6132812e+01
   4.7035510e+06   3.6926270e+01
   4.7035630e+06   4.4799805e+01
   4.7036030e+06   4.6569824e+01
   4.7036600e+06   3.4790039e+01
   4.7036780e+06   3.2714844e+01
   4.7037200e+06   3.6926270e+01
   4.7037510e+06   3.2470703e+01
   4.7038510e+06   3.3996582e+01
   4.7039000e+06   3.6376953e+01
   4.7039750e+06   3.9978027e+01
   4.7040570e+06   4.0222168e+01
   4.7042350e+06   3.3996582e+01
   4.7043540e+06   3.7353516e+01
   4.7047570e+06   3.5095215e+01
   4.7052120e+06   3.5278320e+01
   4.7063520e+06   3.5644531e+01
   4.7069280e+06   3.6804199e+01
   4.7073760e+06   3.3203125e+01
   4.7102170e+06   3.7048340e+01
   4.7108970e+06   4.4738770e+01
   4.7110340e+06   3.3203125e+01
   4.7479210e+06   3.2897949e+01
   4.7581770e+06   3.2592773e+01
   4.7587490e+06   7.0678711e+01
   4.7591040e+06   7.4035645e+01
   4.7591920e+06   4.1625977e+01
   4.7593550e+06   5.0659180e+01
   4.7593670e+06   3.2470703e+01
   4.7593960e+06   4.4433594e+01
   4.7594950e+06   3.3081055e+01
   4.7595350e+06   5.5908203e+01
   4.7595730e+06   6.0485840e+01
   4.7596040e+06   4.4982910e+01
   4.7597000e+06   6.1035156e+01
   4.7597260e+06   5.2734375e+01
   4.7597420e+06   4.2907715e+01
   4.7597550e+06   3.3630371e+01
   4.7597870e+06   3.6987305e+01
   4.7598040e+06   6.7504883e+01
   4.7598220e+06   6.3232422e+01
   4.7598510e+06   3.4667969e+01
   4.7598830e+06   5.0964355e+01
   4.7598940e+06   6.2561035e+01
   4.7599060e+06   4.2541504e+01
   4.7599510e+06   3.9245605e+01
   4.7599620e+06   5.3466797e+01
   4.7599810e+06   4.2419434e+01
   4.7600030e+06   3.8879395e+01
   4.7600460e+06   4.2907715e+01
   4.7602410e+06   4.9743652e+01
   4.7602550e+06   3.5583496e+01
   4.7602940e+06   3.9123535e+01
   4.7603630e+06   3.7109375e+01
   4.7603880e+06   4.2175293e+01
   4.7604500e+06   3.6071777e+01
   4.7606260e+06   3.4729004e+01
   4.7608450e+06   3.9062500e+01
   4.7609040e+06   3.3447266e+01
   4.7610160e+06   3.3264160e+01
   4.7618250e+06   3.2653809e+01
   4.7619740e+06   3.4912109e+01
   4.7627500e+06   3.2409668e+01
   4.7630950e+06   3.6254883e+01
   4.8099410e+06   6.1462402e+01
   4.8101370e+06   4.8095703e+01
   4.8101950e+06   3.8391113e+01
   4.8102070e+06   6.5002441e+01
   4.8103240e+06   3.5339355e+01
   4.8103500e+06   5.9936523e+01
   4.8104220e+06   4.2419434e+01
   4.8104970e+06   4.6447754e+01
   4.8106120e+06   3.4301758e+01
   4.8107480e+06   3.6865234e+01
   4.8107720e+06   5.4565430e+01
   4.8107830e+06   3.7841797e+01
   4.8108100e+06   7.6904297e+01
   4.8108390e+06   5.2795410e+01
   4.8108490e+06   3.3874512e+01
   4.8108880e+06   6.1523438e+01
   4.8109050e+06   5.3649902e+01
   4.8109320e+06   4.9377441e+01
   4.8109470e+06   4.0893555e+01
   4.8109590e+06   5.2673340e+01
   4.8109800e+06   3.9306641e+01
   4.8110110e+06   7.0800781e+01
   4.8110210e+06   4.4189453e+01
   4.8110420e+06   4.8828125e+01
   4.8110590e+06   4.2358398e+01
   4.8110730e+06   4.5776367e+01
   4.8110920e+06   3.7963867e+01
   4.8111160e+06   3.2897949e+01
   4.8111590e+06   3.2531738e+01
   4.8111880e+06   3.8513184e+01
   4.8111990e+06   3.8146973e+01
   4.8112540e+06   4.1748047e+01
   4.8113750e+06   3.7353516e+01
   4.8115250e+06   3.6560059e+01
   4.8132760e+06   3.3508301e+01
   4.8137940e+06   3.3752441e+01
   4.8150490e+06   3.4545898e+01
   4.8154920e+06   3.7048340e+01
   4.8463410e+06   3.2836914e+01
   4.8467130e+06   5.3161621e+01
   4.8469590e+06   3.7475586e+01
   4.8469970e+06   6.1096191e+01
   4.8470990e+06   3.8696289e+01
   4.8471170e+06   5.2124023e+01
   4.8471330e+06   3.9428711e+01
   4.8471930e+06   8.8806152e+01
   4.8472160e+06   4.8645020e+01
   4.8472370e+06   4.1015625e+01
   4.8472900e+06   3.4484863e+01
   4.8473060e+06   3.3996582e+01
   4.8473360e+06   3.5095215e+01
   4.8473700e+06   3.6193848e+01
   4.8473840e+06   3.4729004e+01
   4.8474160e+06   3.8818359e+01
   4.8474370e+06   4.4555664e+01
   4.8474640e+06   5.9020996e+01
   4.8474980e+06   3.2836914e+01
   4.8475390e+06   3.4606934e+01
   4.8476090e+06   3.7353516e+01
   4.8479070e+06   3.5766602e+01
   4.8481050e+06   4.2480469e+01
   4.8484630e+06   3.9184570e+01
   4.8486870e+06   3.4179688e+01
   4.8492660e+06   3.3325195e+01
   4.8495900e+06   3.2836914e+01
   4.8502140e+06   3.5400391e+01
   4.8504190e+06   3.2836914e+01
   4.8508390e+06   3.5583496e+01
   4.8516820e+06   3.9367676e+01
   4.8520220e+06   3.4118652e+01
   4.8864370e+06   3.9855957e+01
   4.8866230e+06   6.0791016e+01
   4.8869590e+06   6.0913086e+01
   4.8870520e+06   4.0710449e+01
   4.8870730e+06   3.3508301e+01
   4.8870990e+06   4.0466309e+01
   4.8871330e+06   3.7780762e+01
   4.8871580e+06   7.0800781e+01
   4.8871940e+06   4.2480469e+01
   4.8872510e+06   7.0129395e+01
   4.8872700e+06   4.6447754e+01
   4.8873040e+06   5.0048828e+01
   4.8873250e+06   5.9143066e+01
   4.8873410e+06   5.2673340e+01
   4.8873620e+06   3.4301758e+01
   4.8873810e+06   5.5908203e+01
   4.8874280e+06   4.3945312e+01
   4.8874480e+06   3.8940430e+01
   4.8874720e+06   3.5095215e+01
   4.8875000e+06   4.7058105e+01
   4.8875120e+06   3.3508301e+01
   4.8875590e+06   4.8706055e+01
   4.8875730e+06   4.3701172e+01
   4.8876310e+06   3.7719727e+01
   4.8876920e+06   3.4912109e+01
   4.8879140e+06   3.3508301e+01
   4.8879560e+06   3.4545898e+01
   4.8882980e+06   3.7658691e+01
   4.8885960e+06   3.2897949e+01
   4.8889760e+06   3.6682129e+01
   4.8905420e+06   3.4729004e+01
   4.8913900e+06   3.9489746e+01
   4.8919030e+06   3.5156250e+01
   4.8930700e+06   4.5104980e+01
   4.9465140e+06   3.6193848e+01
   4.9469520e+06   4.1076660e+01
   4.9470260e+06   5.0048828e+01
   4.9470730e+06   3.4057617e+01
   4.9470990e+06   3.3813477e+01
   4.9471270e+06   6.0424805e+01
   4.9471470e+06   3.2958984e+01
   4.9471690e+06   5.3039551e+01
   4.9471940e+06   4.2419434e+01
   4.9472180e+06   5.1208496e+01
   4.9472420e+06   3.3630371e+01
   4.9472550e+06   3.4912109e+01
   4.9472680e+06   3.6804199e+01
   4.9472920e+06   1.0406494e+02
   4.9473250e+06   5.5480957e+01
   4.9473400e+06   3.4301758e+01
   4.9473990e+06   3.2531738e+01
   4.9474120e+06   3.6071777e+01
   4.9474420e+06   3.9916992e+01
   4.9474890e+06   3.6193848e+01
   4.9475160e+06   3.4301758e+01
   4.9475440e+06   3.5522461e+01
   4.9475600e+06   5.6823730e+01
   4.9476120e+06   3.9062500e+01
   4.9476280e+06   3.9245605e+01
   4.9477580e+06   3.5278320e+01
   4.9480920e+06   3.4240723e+01
   4.9485120e+06   3.5400391e+01
   4.9504070e+06   3.2409668e+01
   4.9517910e+06   3.6865234e+01
   4.9536760e+06   3.6926270e+01
   5.0089900e+06   3.6010742e+01
   5.0105870e+06   7.7697754e+01
   5.0106010e+06   3.2592773e+01
   5.0106170e+06   3.3203125e+01
   5.0106590e+06   4.2602539e+01
   5.0107130e+06   3.3447266e+01
   5.0107440e+06   4.5227051e+01
   5.0107710e+06   3.8879395e+01
   5.0107860e+06   4.9072266e+01
   5.0108120e+06   5.1452637e+01
   5.0108330e+06   3.7475586e+01
   5.0108780e+06   3.3630371e+01
   5.0109100e+06   7.2387695e+01
   5.0109330e+06   4.2846680e+01
   5.0109980e+06   3.4362793e+01
   5.0110230e+06   4.7241211e+01
   5.0110360e+06   4.0161133e+01
   5.0110570e+06   4.8278809e+01
   5.0110780e+06   3.5583496e+01
   5.0110930e+06   3.3142090e+01
   5.0111380e+06   3.3630371e+01
   5.0111900e+06   3.7048340e+01
   5.0112230e+06   3.8879395e+01
   5.0112510e+06   4.2480469e+01
   5.0113390e+06   3.8635254e+01
   5.0114360e+06   3.2470703e+01
   5.0115310e+06   3.3752441e+01
   5.0119090e+06   3.3813477e+01
   5.0136590e+06   4.2480469e+01
   5.0145720e+06   3.4790039e+01
   5.0514760e+06   3.5156250e+01
   5.0632140e+06   3.4240723e+01
   5.0699350e+06   3.4667969e+01
   5.0746780e+06   3.2714844e+01
   5.0752100e+06   6.0668945e+01
   5.0752240e+06   3.3569336e+01
   5.0752520e+06   3.3203125e+01
   5.0752670e+06   3.6926270e+01
   5.0753180e+06   3.7536621e+01
   5.0753450e+06   4.0161133e+01
   5.0753690e+06   4.6264648e+01
   5.0754390e+06   6.6833496e+01
   5.0754740e+06   5.0659180e+01
   5.0755150e+06   5.3588867e+01
   5.0755380e+06   5.7983398e+01
   5.0755720e+06   3.7414551e+01
   5.0755910e+06   5.1086426e+01
   5.0756100e+06   5.8715820e+01
   5.0756280e+06   3.2470703e+01
   5.0756490e+06   5.2490234e+01
   5.0756800e+06   3.2653809e+01
   5.0757090e+06   5.1269531e+01
   5.0757290e+06   4.0832520e+01
   5.0757780e+06   4.0710449e+01
   5.0758040e+06   3.3874512e+01
   5.0758530e+06   3.4179688e+01
   5.0759660e+06   3.8024902e+01
   5.0759880e+06   4.0283203e+01
   5.0760500e+06   3.6193848e+01
   5.0760900e+06   3.2714844e+01
   5.0761510e+06   3.5949707e+01
   5.0761790e+06   3.4667969e+01
   5.0763970e+06   3.4240723e+01
   5.0785010e+06   3.2958984e+01
   5.0793750e+06   3.4790039e+01
   5.0802650e+06   3.5705566e+01
   5.0941320e+06   3.3325195e+01
   5.1448970e+06   4.5959473e+01
   5.1450570e+06   4.1381836e+01
   5.1453480e+06   4.5288086e+01
   5.1705600e+06   3.3142090e+01
   5.1967000e+06   3.6437988e+01
   5.1992980e+06   3.3020020e+01
   5.2053900e+06   3.3508301e+01
   5.2121630e+06   3.4118652e+01
   5.2396050e+06   3.4973145e+01
   5.2873400e+06   3.5644531e+01
   5.2922220e+06   3.2714844e+01
   5.3060910e+06   3.5278320e+01
   5.3122610e+06   3.5705566e+01
   5.3460380e+06   3.5217285e+01
   5.3800620e+06   3.4179688e+01
   5.3975200e+06   3.8330078e+01
   5.4122110e+06   3.4973145e+01
   5.4231800e+06   3.4179688e+01
   5.4516040e+06   3.7231445e+01
   5.4844780e+06   3.3508301e+01
   5.4926520e+06   3.3020020e+01
   5.4971360e+06   3.5217285e+01
   5.5014650e+06   3.3996582e+01
   5.5200760e+06   3.3203125e+01
   5.5212180e+06   3.4790039e+01
   5.5385180e+06   3.3569336e+01
   5.5597530e+06   3.5278320e+01
   5.5924760e+06   3.6437988e+01
   5.6108330e+06   3.3264160e+01
   5.6213560e+06   3.4057617e+01
   5.6834190e+06   3.5949707e+01
   5.7173590e+06   3.4851074e+01
   5.7424140e+06   3.3203125e+01
   5.7459040e+06   3.5888672e+01
   5.7503940e+06   3.3020020e+01
   5.7601860e+06   3.3447266e+01
   5.7767350e+06   3.3386230e+01
   5.8526840e+06   3.2714844e+01
   5.8826290e+06   3.6621094e+01
   5.9191600e+06   3.9428711e+01
   5.9324770e+06   3.4240723e+01
   5.9589390e+06   3.6865234e+01
   5.9895470e+06   3.4362793e+01
   5.9938190e+06   3.4301758e+01
   6.0337670e+06   3.7963867e+01
   6.0503920e+06   3.2348633e+01
   6.0603470e+06   3.3752441e+01
   6.0640070e+06   3.4057617e+01
   6.0845060e+06   3.2409668e+01
   6.0874490e+06   3.3508301e+01
   6.0906030e+06   3.2104492e+01
   6.1766670e+06   3.2409668e+01
   6.1918750e+06   3.5949707e+01
   6.2940750e+06   3.1982422e+01
   6.3142000e+06   3.3752441e+01
   6.3252930e+06   3.4851074e+01
   6.3298830e+06   3.3386230e+01
   6.3480590e+06   3.3508301e+01
   6.3511960e+06   3.4179688e+01
   6.4087360e+06   3.5156250e+01
   6.4247710e+06   3.2897949e+01
   6.4314230e+06   3.3386230e+01
   6.4389880e+06   3.6560059e+01
   6.4785110e+06   3.4973145e+01
   6.4863750e+06   3.2226562e+01
   6.4872290e+06   3.2592773e+01
   6.5003160e+06   3.2287598e+01
   6.5228450e+06   3.1921387e+01
   6.5391300e+06   3.3142090e+01
   6.5410180e+06   3.6437988e+01
   6.5617950e+06   3.2714844e+01
   6.5670320e+06   3.5034180e+01
   6.5712210e+06   3.2470703e+01
   6.6202670e+06   3.2348633e+01
   6.6288420e+06   3.6132812e+01
   6.6334330e+06   3.1982422e+01
   6.6422660e+06   3.3386230e+01
   6.6637180e+06   3.2653809e+01
   6.6890160e+06   3.3386230e+01
   6.6935020e+06   3.3264160e+01
   6.7229920e+06   3.2165527e+01
   6.7311750e+06   3.2348633e+01
   6.7393370e+06   3.6193848e+01
   6.7535140e+06   3.1921387e+01
   6.7543110e+06   3.1982422e+01
   6.7568440e+06   3.2226562e+01
   6.8124110e+06   3.5461426e+01
   6.8196510e+06   3.2226562e+01
   6.8523470e+06   3.5583496e+01
   6.8620970e+06   3.2470703e+01
   6.8694380e+06   3.8513184e+01
   6.8907410e+06   3.2653809e+01
   6.8927340e+06   3.2531738e+01
   6.9048720e+06   3.2409668e+01
   6.9153570e+06   3.3081055e+01
   6.9171790e+06   3.1982422e+01
   6.9441540e+06   3.3691406e+01
   6.9690760e+06   3.2531738e+01
   6.9703840e+06   3.2409668e+01
   6.9837050e+06   3.2592773e+01
   6.9921800e+06   3.7048340e+01
   7.0451170e+06   3.3569336e+01
   7.0640170e+06   3.3935547e+01
   7.0675730e+06   3.3386230e+01
   7.1705280e+06   3.2531738e+01
   7.2023730e+06   3.2043457e+01
   7.2084660e+06   3.6621094e+01
   7.2431530e+06   3.4484863e+01
   7.2505180e+06   3.3752441e+01
   7.2637280e+06   3.2165527e+01
   7.2808630e+06   3.4851074e+01
   7.2842870e+06   3.2104492e+01
   7.2866570e+06   3.3020020e+01
   7.3025100e+06   3.2531738e+01
   7.3115990e+06   3.3386230e+01
   7.3464090e+06   3.6926270e+01
   7.3599080e+06   3.5278320e+01
   7.3732260e+06   3.2897949e+01
   7.3909430e+06   3.4179688e+01
   7.4017060e+06   3.3447266e+01
   7.4133190e+06   3.8513184e+01
   7.4201770e+06   3.5156250e+01
   7.4489230e+06   3.7231445e+01
   7.4757840e+06   3.3081055e+01
   7.5195390e+06   3.3264160e+01
   7.5520860e+06   3.5278320e+01
   7.5598260e+06   3.4973145e+01
   7.5712900e+06   3.6071777e+01
   7.6011400e+06   3.5400391e+01
   7.6074050e+06   3.3996582e+01
   7.6125680e+06   3.4484863e+01
   7.6826480e+06   3.4057617e+01
   7.7213910e+06   3.3020020e+01
   7.7343310e+06   3.4362793e+01
   7.7503760e+06   3.3325195e+01
   7.7636370e+06   3.8879395e+01
   7.7776500e+06   3.2897949e+01
   7.8287880e+06   3.3264160e+01
   7.8428590e+06   3.5644531e+01
   7.8516860e+06   3.2104492e+01
   7.8547310e+06   3.4362793e+01
   7.8607750e+06   3.5949707e+01
   7.8752310e+06   3.2043457e+01
   7.8846450e+06   3.2043457e+01
   7.9017110e+06   3.4057617e+01
   7.9188470e+06   3.2836914e+01
   7.9621920e+06   3.2226562e+01
   7.9724580e+06   3.2348633e+01
   7.9874660e+06   3.4667969e+01
   7.9986090e+06   3.2348633e+01
   8.0232930e+06   3.3691406e+01
   8.0344400e+06   3.3020020e+01
   8.0446070e+06   3.4057617e+01
   8.0446230e+06   4.0954590e+01
   8.0446430e+06   4.7546387e+01
   8.0446700e+06   6.4392090e+01
   8.0447000e+06   3.6132812e+01
   8.0447150e+06   6.8237305e+01
   8.0447260e+06   4.5288086e+01
   8.0447470e+06   7.2265625e+01
   8.0447760e+06   4.1809082e+01
   8.0447980e+06   4.3701172e+01
   8.0448340e+06   8.1298828e+01
   8.0448850e+06   3.5034180e+01
   8.0449280e+06   5.9997559e+01
   8.0449480e+06   3.8513184e+01
   8.0449700e+06   3.7719727e+01
   8.0450060e+06   3.7658691e+01
   8.0450180e+06   3.4851074e+01
   8.0451100e+06   3.3569336e+01
   8.0451340e+06   3.3996582e+01
   8.0451480e+06   3.2775879e+01
   8.0452090e+06   3.6926270e+01
   8.0453020e+06   3.9672852e+01
   8.0453800e+06   4.7180176e+01
   8.0454620e+06   3.7414551e+01
   8.0455360e+06   3.8757324e+01
   8.0456650e+06   3.8085938e+01
   8.0463690e+06   3.8208008e+01
   8.0470450e+06   3.6743164e+01
   8.0476530e+06   3.4790039e+01
   8.0484560e+06   3.4729004e+01
   8.0494770e+06   3.2348633e+01
   8.0495810e+06   3.2897949e+01
   8.0498590e+06   3.4545898e+01
   8.0527670e+06   3.2226562e+01
   8.0823410e+06   6.4575195e+01
   8.0824020e+06   3.5278320e+01
   8.0825970e+06   3.1982422e+01
   8.0826230e+06   4.6081543e+01
   8.0826520e+06   4.8889160e+01
   8.0827650e+06   3.5034180e+01
   8.0827790e+06   3.3020020e+01
   8.0828660e+06   4.0344238e+01
   8.0828860e+06   5.5297852e+01
   8.0829210e+06   5.1208496e+01
   8.0829460e+06   3.2653809e+01
   8.0829860e+06   3.5034180e+01
   8.0830470e+06   6.3415527e+01
   8.0830580e+06   6.7382812e+01
   8.0830820e+06   3.6193848e+01
   8.0831140e+06   3.9184570e+01
   8.0831460e+06   3.5949707e+01
   8.0831930e+06   5.6091309e+01
   8.0832790e+06   3.5949707e+01
   8.0832980e+06   3.6010742e+01
   8.0833150e+06   3.9916992e+01
   8.0833510e+06   3.2043457e+01
   8.0833640e+06   9.1125488e+01
   8.0833920e+06   4.0893555e+01
   8.0834120e+06   4.0100098e+01
   8.0834470e+06   3.2470703e+01
   8.0834660e+06   3.6376953e+01
   8.0834870e+06   5.8410645e+01
   8.0835020e+06   4.5593262e+01
   8.0835160e+06   3.5827637e+01
   8.0835460e+06   3.3081055e+01
   8.0835640e+06   5.2001953e+01
   8.0835790e+06   4.1442871e+01
   8.0835900e+06   4.2968750e+01
   8.0836430e+06   3.8574219e+01
   8.0836580e+06   3.8085938e+01
   8.0836920e+06   3.3874512e+01
   8.0837200e+06   4.9804688e+01
   8.0837400e+06   5.6091309e+01
   8.0837660e+06   3.5278320e+01
   8.0838180e+06   3.2165527e+01
   8.0838660e+06   3.4240723e+01
   8.0839330e+06   3.2531738e+01
   8.0841050e+06   3.5827637e+01
   8.0842320e+06   3.7292480e+01
   8.0843100e+06   3.6682129e+01
   8.0846730e+06   3.3874512e+01
   8.0856290e+06   3.3264160e+01
   8.0858930e+06   3.4301758e+01
   8.0861890e+06   3.7597656e+01
   8.0870070e+06   3.4912109e+01
   8.0883320e+06   4.4128418e+01
   8.1290390e+06   3.3569336e+01
   8.1294000e+06   5.2673340e+01
   8.1296630e+06   5.2551270e+01
   8.1297240e+06   5.1269531e+01
   8.1299120e+06   4.5959473e+01
   8.1300550e+06   5.7250977e+01
   8.1302920e+06   4.9499512e+01
   8.1303020e+06   3.4423828e+01
   8.1303240e+06   3.4484863e+01
   8.1304650e+06   3.2531738e+01
   8.1305390e+06   5.4565430e+01
   8.1305860e+06   3.2653809e+01
   8.1306560e+06   3.7414551e+01
   8.1307010e+06   3.8330078e+01
   8.1307160e+06   5.0476074e+01
   8.1307440e+06   3.3508301e+01
   8.1307680e+06   7.4707031e+01
   8.1307870e+06   5.5908203e+01
   8.1308050e+06   3.8024902e+01
   8.1308200e+06   4.1748047e+01
   8.1308400e+06   3.9184570e+01
   8.1308640e+06   4.7790527e+01
   8.1308790e+06   7.7331543e+01
   8.1309040e+06   3.4240723e+01
   8.1309360e+06   3.2287598e+01
   8.1309840e+06   3.4301758e+01
   8.1310030e+06   3.6499023e+01
   8.1310330e+06   4.5715332e+01
   8.1310640e+06   3.7353516e+01
   8.1311400e+06   3.3203125e+01
   8.1311650e+06   3.5583496e+01
   8.1312100e+06   3.3142090e+01
   8.1312420e+06   3.3447266e+01
   8.1314060e+06   3.4118652e+01
   8.1315720e+06   3.2653809e+01
   8.1316980e+06   3.3081055e+01
   8.1320980e+06   3.5522461e+01
   8.1338800e+06   3.2287598e+01
   8.1344500e+06   3.4973145e+01
   8.1349810e+06   3.3630371e+01
   8.1358460e+06   3.8879395e+01
   8.1960070e+06   5.5114746e+01
   8.1972680e+06   3.4179688e+01
   8.1976220e+06   3.2165527e+01
   8.1976780e+06   4.6508789e+01
   8.1977100e+06   6.4086914e+01
   8.1977800e+06   3.7902832e+01
   8.1977950e+06   3.6926270e+01
   8.1978670e+06   3.5034180e+01
   8.1978900e+06   5.5969238e+01
   8.1979060e+06   4.9072266e+01
   8.1979370e+06   7.1594238e+01
   8.1979520e+06   3.4667969e+01
   8.1979830e+06   4.1198730e+01
   8.1979930e+06   3.3264160e+01
   8.1980270e+06   8.1970215e+01
   8.1980400e+06   4.9072266e+01
   8.1980660e+06   3.6865234e+01
   8.1980760e+06   4.4494629e+01
   8.1981010e+06   3.5766602e+01
   8.1981230e+06   4.4189453e+01
   8.1981360e+06   4.4433594e+01
   8.1981690e+06   3.8635254e+01
   8.1983790e+06   3.9001465e+01
   8.1984560e+06   3.4057617e+01
   8.1984810e+06   3.2409668e+01
   8.1985600e+06   3.8635254e+01
   8.1986870e+06   3.4301758e+01
   8.1995810e+06   3.5827637e+01
   8.1996700e+06   3.3142090e+01
   8.1998490e+06   3.4179688e+01
   8.2000690e+06   3.7048340e+01
   8.2005170e+06   3.5339355e+01
   8.2014850e+06   4.6630859e+01
   8.2028750e+06   3.7841797e+01
   8.2548480e+06   3.3386230e+01
   8.2679630e+06   3.2531738e+01
   8.2692280e+06   3.2043457e+01
   8.2712730e+06   3.2104492e+01
   8.2734050e+06   4.2053223e+01
   8.2734670e+06   6.9091797e+01
   8.2734980e+06   4.2968750e+01
   8.2735440e+06   3.6804199e+01
   8.2735620e+06   3.4545898e+01
   8.2735770e+06   3.7414551e+01
   8.2736180e+06   5.5541992e+01
   8.2736450e+06   5.8044434e+01
   8.2736720e+06   3.8208008e+01
   8.2737100e+06   5.2673340e+01
   8.2737220e+06   4.0344238e+01
   8.2737720e+06   5.4199219e+01
   8.2738180e+06   3.8024902e+01
   8.2738430e+06   4.2663574e+01
   8.2738880e+06   3.2958984e+01
   8.2739210e+06   3.9550781e+01
   8.2739400e+06   3.4851074e+01
   8.2740720e+06   3.2348633e+01
   8.2741390e+06   3.3630371e+01
   8.2741770e+06   3.1921387e+01
   8.2742980e+06   3.2897949e+01
   8.2746350e+06   3.4362793e+01
   8.2747410e+06   3.3630371e+01
   8.2755740e+06   3.2226562e+01
   8.2762280e+06   3.2043457e+01
   8.2773520e+06   3.4240723e+01
   8.2778730e+06   3.2165527e+01
   8.3358930e+06   3.3325195e+01
   8.3389460e+06   3.4179688e+01
   8.3693060e+06   5.0720215e+01
   8.3900270e+06   3.3813477e+01
   8.3982580e+06   3.4851074e+01
   8.4107720e+06   3.3996582e+01
   8.4198560e+06   3.3081055e+01
   8.4229800e+06   3.2043457e+01
   8.4466200e+06   3.2836914e+01
   8.4486460e+06   4.2114258e+01
   8.4842770e+06   3.3203125e+01
   8.4862080e+06   3.1982422e+01
   8.5065780e+06   3.2897949e+01
   8.5142730e+06   3.5095215e+01
   8.5475900e+06   3.2836914e+01
   8.5514740e+06   3.5095215e+01
   8.5601000e+06   3.2104492e+01
   8.5632260e+06   3.9367676e+01
   8.5680860e+06   3.2653809e+01
   8.5709630e+06   3.5705566e+01
   8.5787790e+06   3.3203125e+01
   8.5931920e+06   3.2409668e+01
   8.6144180e+06   3.3386230e+01
   8.6399710e+06   3.8330078e+01
   8.6432100e+06   3.4057617e+01
   8.6451140e+06   3.8513184e+01
   8.6637150e+06   3.2714844e+01
   8.6649780e+06   3.4973145e+01
   8.6879810e+06   3.4057617e+01
   8.7207890e+06   3.1921387e+01
   8.7270130e+06   3.3264160e+01
   8.7287220e+06   3.2104492e+01
   8.7406560e+06   3.3020020e+01
   8.7852430e+06   3.5827637e+01
   8.8121240e+06   3.3935547e+01
   8.8682130e+06   3.2043457e+01
   8.9097570e+06   3.2165527e+01
   8.9385030e+06   3.2043457e+01
   8.9498720e+06   3.1982422e+01
   8.9979240e+06   3.2714844e+01
   9.0473370e+06   3.3935547e+01
   9.0699490e+06   3.2836914e+01
   9.0816840e+06   3.6621094e+01
   9.0843380e+06   3.4606934e+01
   9.0912010e+06   3.2226562e+01
   9.1073090e+06   3.3508301e+01
   9.1454250e+06   3.2348633e+01
   9.1628350e+06   3.2165527e+01
   9.1988000e+06   3.4179688e+01
   9.2441620e+06   3.3142090e+01
   9.2560080e+06   3.3264160e+01
   9.2902210e+06   3.2226562e+01
   9.3414030e+06   3.3386230e+01
   9.3492930e+06   3.4301758e+01
   9.3701770e+06   3.2714844e+01
   9.4295980e+06   3.2348633e+01
   9.4643810e+06   3.3020020e+01
   9.4808180e+06   3.5400391e+01
   9.4979640e+06   3.4606934e+01
   9.5087180e+06   3.4118652e+01
   9.5120810e+06   3.3203125e+01
   9.5293860e+06   3.2409668e+01
   9.5374930e+06   3.2470703e+01
   9.5719650e+06   3.4912109e+01
   9.5736720e+06   3.4667969e+01
   9.5957790e+06   3.4545898e+01
   9.6013590e+06   3.2775879e+01
   9.6214830e+06   6.0607910e+01
   9.6215540e+06   4.6997070e+01
   9.6215940e+06   3.3142090e+01
   9.6216280e+06   3.3874512e+01
   9.6216410e+06   4.1564941e+01
   9.6216610e+06   3.4484863e+01
   9.6218190e+06   3.9062500e+01
   9.6218580e+06   4.2114258e+01
   9.6218960e+06   3.5095215e+01
   9.6219120e+06   3.7048340e+01
   9.6219260e+06   3.5095215e+01
   9.6219470e+06   6.2622070e+01
   9.6219740e+06   5.3039551e+01
   9.6219840e+06   3.5827637e+01
   9.6219960e+06   3.9489746e+01
   9.6220060e+06   5.7373047e+01
   9.6220340e+06   3.4423828e+01
   9.6220580e+06   4.9804688e+01
   9.6220800e+06   5.4931641e+01
   9.6221060e+06   3.3508301e+01
   9.6221210e+06   3.3142090e+01
   9.6221630e+06   4.6875000e+01
   9.6221970e+06   3.6804199e+01
   9.6222120e+06   4.0161133e+01
   9.6222550e+06   3.7414551e+01
   9.6222760e+06   3.8391113e+01
   9.6223090e+06   3.8879395e+01
   9.6223350e+06   3.2836914e+01
   9.6224710e+06   3.2836914e+01
   9.6225070e+06   3.7719727e+01
   9.6225250e+06   3.3386230e+01
   9.6226000e+06   3.4484863e+01
   9.6226140e+06   3.4973145e+01
   9.6228870e+06   3.3996582e+01
   9.6232450e+06   3.2165527e+01
   9.6236530e+06   3.2775879e+01
   9.6242530e+06   3.3630371e+01
   9.6245930e+06   3.6376953e+01
   9.6248170e+06   3.3142090e+01
   9.6249700e+06   3.4973145e+01
   9.6289650e+06   4.0832520e+01
   9.6857700e+06   3.7048340e+01
   9.6862420e+06   5.0170898e+01
   9.6862900e+06   4.8034668e+01
   9.6863980e+06   3.2653809e+01
   9.6864660e+06   4.0649414e+01
   9.6864790e+06   6.5673828e+01
   9.6866020e+06   4.2236328e+01
   9.6867010e+06   4.6081543e+01
   9.6868490e+06   3.2958984e+01
   9.6868800e+06   4.0771484e+01
   9.6868930e+06   6.6833496e+01
   9.6870010e+06   3.9001465e+01
   9.6870440e+06   5.5175781e+01
   9.6870900e+06   4.6508789e+01
   9.6872730e+06   3.9245605e+01
   9.6873010e+06   3.5766602e+01
   9.6873330e+06   3.4057617e+01
   9.6873700e+06   3.5339355e+01
   9.6873930e+06   3.7292480e+01
   9.6874390e+06   4.7729492e+01
   9.6874600e+06   4.2846680e+01
   9.6874990e+06   3.5644531e+01
   9.6875330e+06   4.8400879e+01
   9.6875600e+06   3.2226562e+01
   9.6875810e+06   5.7495117e+01
   9.6875930e+06   5.1879883e+01
   9.6876110e+06   3.2836914e+01
   9.6876280e+06   7.6965332e+01
   9.6876520e+06   4.2175293e+01
   9.6876760e+06   3.7597656e+01
   9.6876970e+06   3.9611816e+01
   9.6877210e+06   5.3283691e+01
   9.6877420e+06   6.2744141e+01
   9.6877620e+06   3.3325195e+01
   9.6877790e+06   4.8278809e+01
   9.6878030e+06   3.7841797e+01
   9.6878740e+06   3.6376953e+01
   9.6879180e+06   3.6621094e+01
   9.6879430e+06   4.3029785e+01
   9.6880030e+06   3.8635254e+01
   9.6880810e+06   3.9184570e+01
   9.6881520e+06   4.0283203e+01
   9.6882940e+06   3.3142090e+01
   9.6883650e+06   3.4362793e+01
   9.6899860e+06   3.2958984e+01
   9.6915080e+06   3.8085938e+01
   9.7577100e+06   5.7739258e+01
   9.7583410e+06   3.5339355e+01
   9.7583930e+06   4.4555664e+01
   9.7584390e+06   3.7231445e+01
   9.7605290e+06   3.4057617e+01
   9.7605970e+06   4.1503906e+01
   9.7606900e+06   5.5725098e+01
   9.7607340e+06   4.3823242e+01
   9.7607480e+06   3.9123535e+01
   9.7607700e+06   3.5400391e+01
   9.7608010e+06   4.6142578e+01
   9.7608170e+06   4.8828125e+01
   9.7608290e+06   5.2917480e+01
   9.7608550e+06   7.6660156e+01
   9.7608820e+06   7.1655273e+01
   9.7609040e+06   3.9733887e+01
   9.7609280e+06   4.7302246e+01
   9.7609560e+06   4.5227051e+01
   9.7609880e+06   4.9560547e+01
   9.7610060e+06   3.6560059e+01
   9.7610220e+06   3.8940430e+01
   9.7610550e+06   5.4687500e+01
   9.7610650e+06   3.3447266e+01
   9.7610780e+06   4.4799805e+01
   9.7611140e+06   4.0588379e+01
   9.7612410e+06   3.3325195e+01
   9.7612860e+06   3.3142090e+01
   9.7613150e+06   3.4240723e+01
   9.7613400e+06   3.3508301e+01
   9.7613950e+06   4.5959473e+01
   9.7614350e+06   3.2165527e+01
   9.7614830e+06   4.0832520e+01
   9.7628410e+06   3.3020020e+01
   9.7633210e+06   3.3996582e+01
   9.7647040e+06   3.7780762e+01
   9.8360760e+06   3.6193848e+01
   9.8509060e+06   3.2287598e+01
   9.8709170e+06   3.4362793e+01
   9.8729200e+06   3.3264160e+01
   9.8783850e+06   3.5339355e+01
   9.8876060e+06   3.2958984e+01
   9.9039010e+06   3.4912109e+01
   9.9182060e+06   3.7170410e+01
   9.9395750e+06   3.6499023e+01
   9.9431150e+06   3.3752441e+01
   9.9509240e+06   3.3142090e+01
   9.9818830e+06   3.5949707e+01
   9.9857150e+06   3.3447266e+01
   1.0002015e+07   3.3447266e+01
   1.0003292e+07   3.5034180e+01
   1.0055101e+07   3.3081055e+01
   1.0069353e+07   3.5644531e+01
   1.0070615e+07   3.2348633e+01
   1.0075420e+07   3.2287598e+01
   1.0083784e+07   3.4057617e+01
   1.0088434e+07   3.3081055e+01
   1.0091346e+07   3.5644531e+01
   1.0096041e+07   3.5217285e+01
   1.0099980e+07   3.3508301e+01
   1.0161521e+07   3.7780762e+01
   1.0180820e+07   3.4423828e+01
   1.0182708e+07   3.3081055e+01
   1.0190786e+07   3.3142090e+01
   1.0197881e+07   3.3325195e+01
   1.0212270e+07   3.5827637e+01
   1.0229772e+07   3.6071777e+01
   1.0251477e+07   4.0710449e+01
   1.0265786e+07   3.3630371e+01
   1.0290723e+07   3.5949707e+01
   1.0329904e+07   3.9672852e+01
   1.0358865e+07   3.4667969e+01
   1.0360203e+07   3.3996582e+01
   1.0363775e+07   3.3752441e+01
   1.0450529e+07   3.2165527e+01
   1.0454167e+07   3.2897949e+01
   1.0478805e+07   3.3264160e+01
   1.0505257e+07   3.2470703e+01
   1.0519597e+07   3.4057617e+01
   1.0523038e+07   3.2592773e+01
   1.0586272e+07   3.5522461e+01
   1.0594387e+07   3.2226562e+01
   1.0613711e+07   3.7353516e+01
   1.0621414e+07   3.9978027e+01
   1.0637715e+07   3.3264160e+01
   1.0651310e+07   3.2470703e+01
   1.0677080e+07   3.2531738e+01
   1.0706824e+07   3.4118652e+01
   1.0728500e+07   3.3630371e+01
   1.0747535e+07   3.4118652e+01
   1.0768053e+07   3.2592773e+01
   1.0774713e+07   3.4057617e+01
   1.0783459e+07   3.6926270e+01
   1.0785544e+07   3.6376953e+01
   1.0787235e+07   3.8085938e+01
   1.0810887e+07   3.5644531e+01
   1.0828765e+07   3.3264160e+01
   1.0848025e+07   3.9428711e+01
   1.0850619e+07   3.9184570e+01
   1.0915314e+07   3.4912109e+01
   1.0930642e+07   3.4057617e+01
   1.0965366e+07   3.4362793e+01
   1.0973523e+07   3.2287598e+01
   1.0981806e+07   3.2958984e+01
   1.1045711e+07   3.3020020e+01
   1.1066985e+07   3.3691406e+01
   1.1097090e+07   3.3203125e+01
   1.1111658e+07   3.2714844e+01
   1.1124002e+07   3.8085938e+01
   1.1143530e+07   3.7109375e+01
   1.1146135e+07   3.3508301e+01
   1.1149064e+07   3.5705566e+01
   1.1228854e+07   3.4301758e+01
   1.1254014e+07   4.1992188e+01
   1.1261929e+07   3.3142090e+01
   1.1271317e+07   3.2287598e+01
   1.1273137e+07   3.2958984e+01
   1.1342697e+07   3.6437988e+01
   1.1351108e+07   3.2409668e+01
   1.1360512e+07   3.5888672e+01
   1.1391953e+07   3.4790039e+01
   1.1470778e+07   3.4118652e+01
   1.1482160e+07   3.6560059e+01
   1.1503257e+07   3.5766602e+01
   1.1534210e+07   3.5400391e+01
   1.1593279e+07   3.6132812e+01
   1.1610053e+07   3.4667969e+01
   1.1612650e+07   3.2714844e+01
   1.1693077e+07   3.4118652e+01
   1.1707571e+07   3.3203125e+01
   1.1716732e+07   3.5400391e+01
   1.1722985e+07   3.5583496e+01
   1.1728899e+07   3.2165527e+01
   1.1737546e+07   3.3203125e+01
   1.1782029e+07   3.2775879e+01
   1.1819984e+07   3.2592773e+01
   1.1824034e+07   3.4790039e+01
   1.1829360e+07   3.3325195e+01
   1.1852721e+07   3.5644531e+01
   1.1955488e+07   3.2470703e+01
   1.1979446e+07   3.2470703e+01
