   1.1996000e+07   0.0000000e+00
   5.4986900e+05   6.1645508e+01
   6.0558600e+05   5.5908203e+01
   6.0565900e+05   5.1940918e+01
   6.0649200e+05   4.7668457e+01
   6.6107100e+05   4.9682617e+01
   6.6114200e+05   5.7983398e+01
   6.6120200e+05   4.5104980e+01
   6.9797400e+05   5.6884766e+01
   6.9810500e+05   4.5837402e+01
   7.2934700e+05   8.4716797e+01
   7.2948400e+05   4.8889160e+01
   7.2958400e+05   4.6325684e+01
   7.6653300e+05   4.9987793e+01
   7.6662500e+05   4.4433594e+01
   7.6694800e+05   4.4738770e+01
   7.9634400e+05   6.0607910e+01
   7.9649700e+05   4.4311523e+01
   7.9658800e+05   4.9133301e+01
   7.9666500e+05   4.5593262e+01
   7.9674300e+05   5.1513672e+01
   8.3189100e+05   5.5236816e+01
   8.3202600e+05   5.6213379e+01
   8.3212000e+05   4.5471191e+01
   8.3219500e+05   5.0964355e+01
   8.6708100e+05   5.4443359e+01
   8.6723100e+05   4.4555664e+01
   8.6735700e+05   4.3762207e+01
   8.6749900e+05   4.6569824e+01
   1.3864890e+06   4.4372559e+01
   1.4019270e+06   4.6875000e+01
   1.5450210e+06   5.0170898e+01
   2.0967490e+06   6.2744141e+01
   2.0967600e+06   4.4006348e+01
   2.7433360e+06   5.0476074e+01
   2.7433850e+06   5.4504395e+01
   2.7435020e+06   5.0354004e+01
   2.7968950e+06   5.4809570e+01
   2.7969840e+06   4.4067383e+01
   2.8417910e+06   6.9274902e+01
   2.8419190e+06   6.0485840e+01
   2.8419770e+06   4.6936035e+01
   2.8420420e+06   4.4067383e+01
   2.8839010e+06   5.2185059e+01
   2.8841180e+06   5.0476074e+01
   2.8842610e+06   4.5288086e+01
   2.9096870e+06   5.5053711e+01
   3.5640050e+06   4.3518066e+01
   3.8363340e+06   4.4616699e+01
   4.7029550e+06   5.1513672e+01
   4.7030160e+06   5.3955078e+01
   4.7032260e+06   4.5227051e+01
   4.7033790e+06   4.6020508e+01
   4.7034710e+06   4.8461914e+01
   4.7594950e+06   4.8156738e+01
   4.7597220e+06   7.7575684e+01
   4.7598160e+06   4.3945312e+01
   4.7598660e+06   4.6813965e+01
   4.8099940e+06   5.5847168e+01
   4.8102350e+06   5.4626465e+01
   4.8106340e+06   6.2438965e+01
   4.8107910e+06   4.5227051e+01
   4.8469290e+06   4.8156738e+01
   4.8470500e+06   5.0659180e+01
   4.8471080e+06   5.8288574e+01
   4.8471360e+06   4.9011230e+01
   4.8472580e+06   4.5715332e+01
   4.8473540e+06   4.3579102e+01
   4.8869760e+06   5.2612305e+01
   4.8870900e+06   5.2795410e+01
   4.8871910e+06   4.5593262e+01
   4.8872800e+06   4.5471191e+01
   4.9470520e+06   6.3293457e+01
   4.9471700e+06   5.0231934e+01
   4.9472610e+06   5.2734375e+01
   5.0106570e+06   4.9682617e+01
   5.0107380e+06   4.6508789e+01
   5.0107950e+06   4.7363281e+01
   5.0108370e+06   4.6081543e+01
   5.0109400e+06   4.3579102e+01
   5.0752620e+06   5.5358887e+01
   5.0754720e+06   5.4382324e+01
   5.0755540e+06   4.3762207e+01
   5.0755990e+06   4.5104980e+01
   6.5794200e+06   4.3151855e+01
   6.8106110e+06   5.7739258e+01
   8.0445510e+06   4.4433594e+01
   8.0447100e+06   5.4443359e+01
   8.0827570e+06   4.7729492e+01
   8.0829990e+06   6.4514160e+01
   8.0831810e+06   4.6875000e+01
   8.1305710e+06   4.8400879e+01
   8.1306620e+06   4.9804688e+01
   8.1310100e+06   4.3823242e+01
   8.1976790e+06   5.7189941e+01
   8.1978350e+06   5.3955078e+01
   8.1979320e+06   4.4921875e+01
   8.2734330e+06   5.1452637e+01
   8.2735400e+06   4.7485352e+01
   8.2736510e+06   4.6569824e+01
   9.6215740e+06   4.2907715e+01
   9.6220030e+06   4.4616699e+01
   9.6863190e+06   4.9316406e+01
   9.6874880e+06   5.6701660e+01
   9.6875650e+06   5.5969238e+01
   9.7606690e+06   4.6081543e+01
   9.7608080e+06   5.2978516e+01
   9.7608460e+06   4.4555664e+01
