   1.1998000e+07   0.0000000e+00
   9.8410000e+03   1.7517090e+01
   1.0975000e+04   1.5930176e+01
   2.3235000e+04   1.8554688e+01
   5.2094000e+04   1.5991211e+01
   6.8221000e+04   1.7333984e+01
   7.1529000e+04   1.5686035e+01
   8.3167000e+04   1.5625000e+01
   1.0744500e+05   1.6723633e+01
   1.3882700e+05   1.7089844e+01
   1.6455100e+05   1.7639160e+01
   1.8547400e+05   1.5808105e+01
   1.9307400e+05   1.6235352e+01
   2.0828600e+05   1.5502930e+01
   2.2498700e+05   1.7578125e+01
   2.4290100e+05   1.5380859e+01
   2.7674000e+05   1.7028809e+01
   3.2512700e+05   1.6601562e+01
   3.4761600e+05   1.5808105e+01
   3.5312700e+05   1.6784668e+01
   3.5353100e+05   2.4169922e+01
   3.5361100e+05   1.5380859e+01
   3.5372800e+05   1.5808105e+01
   3.5387300e+05   1.7639160e+01
   3.5429100e+05   1.7211914e+01
   3.5695200e+05   1.6906738e+01
   3.5722500e+05   1.7822266e+01
   3.6147600e+05   1.7456055e+01
   3.6244300e+05   1.5747070e+01
   3.6275400e+05   1.6479492e+01
   3.6328700e+05   1.6235352e+01
   3.6342000e+05   2.0202637e+01
   3.6345000e+05   1.7211914e+01
   3.6356800e+05   1.5747070e+01
   3.6410700e+05   1.7639160e+01
   3.6414300e+05   1.5686035e+01
   3.6451500e+05   1.6845703e+01
   3.6713900e+05   1.7639160e+01
   3.6826700e+05   1.6723633e+01
   3.6953000e+05   1.5625000e+01
   3.6965000e+05   2.0141602e+01
   3.7085900e+05   1.6784668e+01
   3.7099000e+05   1.6540527e+01
   3.7533400e+05   1.5869141e+01
   3.7761200e+05   1.5808105e+01
   3.9236300e+05   1.5869141e+01
   4.0632500e+05   1.5380859e+01
   4.1850900e+05   1.6052246e+01
   4.5618100e+05   1.6113281e+01
   4.6038400e+05   1.5625000e+01
   4.6087600e+05   1.7761230e+01
   4.6108100e+05   1.7333984e+01
   4.6131800e+05   1.7456055e+01
   4.6136800e+05   1.5625000e+01
   4.6145300e+05   2.0324707e+01
   4.6155000e+05   1.9653320e+01
   4.6175900e+05   1.5625000e+01
   4.6183500e+05   1.6662598e+01
   4.6196300e+05   2.1423340e+01
   4.6201600e+05   1.6784668e+01
   4.6413400e+05   1.6540527e+01
   4.6484600e+05   1.5380859e+01
   4.6637400e+05   1.5869141e+01
   4.6646300e+05   1.6174316e+01
   4.6665300e+05   1.6784668e+01
   4.6724000e+05   1.7028809e+01
   4.7125900e+05   1.7700195e+01
   4.7347600e+05   1.5502930e+01
   4.7428900e+05   1.8615723e+01
   4.7626500e+05   1.6845703e+01
   4.7963200e+05   1.5808105e+01
   4.9528400e+05   1.8615723e+01
   6.1188900e+05   1.5563965e+01
   6.4248600e+05   1.5686035e+01
   6.4643000e+05   1.5625000e+01
   6.5327500e+05   1.5808105e+01
   6.7560100e+05   1.7150879e+01
   6.8609900e+05   1.6357422e+01
   6.9014900e+05   1.5625000e+01
   6.9249600e+05   1.8371582e+01
   7.1081600e+05   1.8676758e+01
   7.1233000e+05   1.5808105e+01
   7.2687000e+05   1.5686035e+01
   7.3957400e+05   1.5502930e+01
   7.7031400e+05   1.6601562e+01
   7.8943600e+05   1.5380859e+01
   7.9382000e+05   1.5625000e+01
   8.3594700e+05   1.9348145e+01
   8.6420100e+05   1.6235352e+01
   8.6765800e+05   1.8859863e+01
   9.0477700e+05   1.6418457e+01
   9.0479900e+05   1.5625000e+01
   9.3526300e+05   1.5808105e+01
   9.3529700e+05   1.6357422e+01
   9.4401400e+05   1.5686035e+01
   9.5432400e+05   1.5930176e+01
   9.5464700e+05   1.7822266e+01
   9.5489400e+05   1.6967773e+01
   9.5508000e+05   1.8127441e+01
   9.5510000e+05   1.6235352e+01
   9.5517700e+05   1.5441895e+01
   9.5522200e+05   1.6662598e+01
   9.5539000e+05   1.6052246e+01
   9.5574700e+05   1.8005371e+01
   9.5622900e+05   1.7333984e+01
   9.5660600e+05   1.5380859e+01
   9.5801200e+05   1.6723633e+01
   9.5858900e+05   1.6052246e+01
   9.5947700e+05   1.5747070e+01
   9.6131400e+05   1.5930176e+01
   9.6411100e+05   1.6357422e+01
   9.6460900e+05   1.8737793e+01
   9.6535500e+05   1.7395020e+01
   9.6596800e+05   1.6845703e+01
   9.6602400e+05   1.7700195e+01
   9.6656700e+05   1.6357422e+01
   9.6794600e+05   1.6967773e+01
   9.6802800e+05   1.8798828e+01
   9.7044500e+05   1.7944336e+01
   9.7386000e+05   1.7089844e+01
   9.9251100e+05   1.5686035e+01
   1.0627570e+06   1.5563965e+01
   1.1254150e+06   1.6906738e+01
   1.1459140e+06   1.5563965e+01
   1.1529640e+06   1.5686035e+01
   1.2314770e+06   1.6357422e+01
   1.2410590e+06   2.0629883e+01
   1.2413700e+06   1.5625000e+01
   1.2414790e+06   1.7395020e+01
   1.2415010e+06   1.7578125e+01
   1.2416160e+06   1.6174316e+01
   1.2418690e+06   1.5808105e+01
   1.2420920e+06   1.6113281e+01
   1.2422460e+06   1.7272949e+01
   1.2438330e+06   1.5686035e+01
   1.2458220e+06   1.5686035e+01
   1.2459020e+06   1.8066406e+01
   1.2475590e+06   1.5563965e+01
   1.2486380e+06   1.9592285e+01
   1.2503890e+06   1.6845703e+01
   1.2520420e+06   1.7211914e+01
   1.2531180e+06   1.5563965e+01
   1.2543090e+06   1.6113281e+01
   1.2555970e+06   1.6601562e+01
   1.2573930e+06   1.5441895e+01
   1.2594080e+06   1.6296387e+01
   1.2606600e+06   1.5380859e+01
   1.2818680e+06   1.5930176e+01
   1.2863040e+06   1.6296387e+01
   1.3054780e+06   1.8310547e+01
   1.3057360e+06   1.6113281e+01
   1.3059060e+06   1.7395020e+01
   1.3060660e+06   1.6906738e+01
   1.3068130e+06   1.5869141e+01
   1.3077150e+06   1.5808105e+01
   1.3083290e+06   1.8127441e+01
   1.3085600e+06   1.6052246e+01
   1.3093960e+06   1.6235352e+01
   1.3139680e+06   1.5502930e+01
   1.3149960e+06   1.5625000e+01
   1.3169560e+06   1.7822266e+01
   1.3231500e+06   1.6662598e+01
   1.3297610e+06   1.7700195e+01
   1.3297830e+06   1.5686035e+01
   1.3642080e+06   1.5380859e+01
   1.3787480e+06   1.6723633e+01
   1.4000240e+06   1.6601562e+01
   1.4144790e+06   1.6784668e+01
   1.4148920e+06   1.6540527e+01
   1.4863690e+06   1.6052246e+01
   1.5003080e+06   1.5869141e+01
   1.5087790e+06   1.6479492e+01
   1.5088080e+06   1.5808105e+01
   1.5092600e+06   1.5441895e+01
   1.5099990e+06   1.5441895e+01
   1.5112050e+06   1.5930176e+01
   1.5114190e+06   1.7395020e+01
   1.5126430e+06   1.6479492e+01
   1.5138160e+06   1.5869141e+01
   1.5141440e+06   1.6540527e+01
   1.5144290e+06   1.7822266e+01
   1.5157670e+06   1.5991211e+01
   1.5161290e+06   1.5502930e+01
   1.5180520e+06   1.5686035e+01
   1.5180980e+06   1.6052246e+01
   1.5213300e+06   1.5930176e+01
   1.5232950e+06   1.6357422e+01
   1.5260380e+06   1.9104004e+01
   1.5324080e+06   1.8127441e+01
   1.5397980e+06   1.5380859e+01
   1.5420110e+06   1.7395020e+01
   1.5501420e+06   1.7028809e+01
   1.5646910e+06   1.7822266e+01
   1.5858550e+06   1.5686035e+01
   1.6034150e+06   1.6967773e+01
   1.6056630e+06   1.6296387e+01
   1.6294850e+06   1.5747070e+01
   1.6616020e+06   1.5686035e+01
   1.6617770e+06   1.6296387e+01
   1.6628830e+06   1.7211914e+01
   1.7054010e+06   1.6662598e+01
   1.7213830e+06   1.5502930e+01
   1.7214950e+06   1.8005371e+01
   1.7216070e+06   1.6052246e+01
   1.7219030e+06   1.7395020e+01
   1.7220800e+06   1.7272949e+01
   1.7227980e+06   1.6479492e+01
   1.7230620e+06   1.8432617e+01
   1.7232870e+06   1.7028809e+01
   1.7262080e+06   1.8005371e+01
   1.7272390e+06   1.6174316e+01
   1.7276430e+06   1.8493652e+01
   1.7290230e+06   1.6540527e+01
   1.7297240e+06   1.6052246e+01
   1.7301730e+06   1.6174316e+01
   1.7309730e+06   1.9348145e+01
   1.7312950e+06   1.5441895e+01
   1.7352010e+06   1.5502930e+01
   1.7410670e+06   1.6906738e+01
   1.7457050e+06   1.6723633e+01
   1.7601080e+06   1.6479492e+01
   1.8224390e+06   1.7517090e+01
   1.8336740e+06   1.5625000e+01
   1.8458320e+06   1.5747070e+01
   1.8804350e+06   1.5625000e+01
   1.8924390e+06   1.5869141e+01
   1.9003970e+06   1.5563965e+01
   1.9124900e+06   1.5869141e+01
   1.9356650e+06   2.0446777e+01
   1.9373340e+06   1.5686035e+01
   1.9651350e+06   1.5380859e+01
   1.9654940e+06   1.6174316e+01
   1.9693870e+06   1.5869141e+01
   1.9699850e+06   1.8676758e+01
   1.9704240e+06   1.5808105e+01
   1.9710950e+06   1.5747070e+01
   1.9732110e+06   1.5930176e+01
   1.9784910e+06   1.6601562e+01
   1.9864680e+06   1.6418457e+01
   1.9887160e+06   1.6784668e+01
   1.9948590e+06   1.5930176e+01
   2.0403040e+06   1.5441895e+01
   2.0404940e+06   1.6540527e+01
   2.0405340e+06   1.5625000e+01
   2.0405950e+06   1.7028809e+01
   2.0408500e+06   1.6845703e+01
   2.0411250e+06   1.6662598e+01
   2.0414370e+06   1.5930176e+01
   2.0464750e+06   1.5563965e+01
   2.0472360e+06   1.5686035e+01
   2.0491380e+06   1.9531250e+01
   2.0553840e+06   1.5808105e+01
   2.0692610e+06   1.5686035e+01
   2.1191880e+06   2.0507812e+01
   2.1427430e+06   1.5380859e+01
   2.1887010e+06   1.6479492e+01
   2.2797020e+06   1.6052246e+01
   2.2878340e+06   1.5991211e+01
   2.3162420e+06   1.5502930e+01
   2.3600390e+06   1.7150879e+01
   2.3603930e+06   1.6174316e+01
   2.3610750e+06   1.6357422e+01
   2.3616420e+06   1.7944336e+01
   2.3620300e+06   1.5808105e+01
   2.3629800e+06   1.5930176e+01
   2.3632480e+06   1.8615723e+01
   2.3637800e+06   1.7028809e+01
   2.3642850e+06   1.5686035e+01
   2.3645010e+06   1.6479492e+01
   2.3651440e+06   1.5869141e+01
   2.3666820e+06   1.7517090e+01
   2.3698520e+06   1.7578125e+01
   2.3719220e+06   1.8310547e+01
   2.3743620e+06   1.5625000e+01
   2.3756990e+06   1.6113281e+01
   2.3857410e+06   1.5991211e+01
   2.3903210e+06   1.6418457e+01
   2.3903370e+06   1.5625000e+01
   2.3905390e+06   1.5869141e+01
   2.3905640e+06   2.0874023e+01
   2.3914410e+06   1.7150879e+01
   2.4082840e+06   1.6479492e+01
   2.4790490e+06   1.6357422e+01
   2.5186800e+06   1.6174316e+01
   2.5193150e+06   1.6174316e+01
   2.5197300e+06   1.5625000e+01
   2.5210370e+06   1.5686035e+01
   2.5217460e+06   1.5869141e+01
   2.5219220e+06   1.5502930e+01
   2.5233880e+06   1.5869141e+01
   2.5240070e+06   1.6479492e+01
   2.5240540e+06   1.7456055e+01
   2.5240690e+06   1.6479492e+01
   2.5251470e+06   2.0874023e+01
   2.5255800e+06   1.7089844e+01
   2.5259710e+06   1.5502930e+01
   2.5284820e+06   1.9226074e+01
   2.5309050e+06   1.5441895e+01
   2.5323430e+06   1.5991211e+01
   2.5338040e+06   1.6296387e+01
   2.5346180e+06   1.5686035e+01
   2.5365950e+06   1.6479492e+01
   2.5414270e+06   2.2460938e+01
   2.5450920e+06   1.6418457e+01
   2.5491480e+06   1.8371582e+01
   2.5977160e+06   2.0874023e+01
   2.8082520e+06   1.5441895e+01
   2.8928800e+06   1.5625000e+01
   2.8976870e+06   1.6235352e+01
   2.9435370e+06   1.6418457e+01
   2.9999250e+06   1.6479492e+01
   3.1323540e+06   1.5258789e+01
   3.1328140e+06   1.7456055e+01
   3.1328540e+06   1.7272949e+01
   3.1806740e+06   1.6113281e+01
   3.1808510e+06   1.5747070e+01
   3.1808740e+06   1.6906738e+01
   3.1811590e+06   1.6540527e+01
   3.1813940e+06   1.8615723e+01
   3.1815220e+06   1.8005371e+01
   3.1815640e+06   1.5258789e+01
   3.1818650e+06   1.5380859e+01
   3.1820830e+06   1.5136719e+01
   3.1821870e+06   1.5747070e+01
   3.1824110e+06   1.5258789e+01
   3.1829360e+06   1.6235352e+01
   3.1830630e+06   1.6479492e+01
   3.1849310e+06   1.7211914e+01
   3.1850080e+06   1.7517090e+01
   3.1860380e+06   1.5380859e+01
   3.1869560e+06   1.9958496e+01
   3.1872850e+06   1.7761230e+01
   3.1882480e+06   1.7517090e+01
   3.1884520e+06   1.5136719e+01
   3.1890450e+06   1.5502930e+01
   3.1895130e+06   1.5319824e+01
   3.1898410e+06   1.5625000e+01
   3.1903680e+06   1.6906738e+01
   3.1909890e+06   1.5441895e+01
   3.1924470e+06   1.7822266e+01
   3.1935890e+06   1.9836426e+01
   3.1939180e+06   1.5197754e+01
   3.1959080e+06   1.6235352e+01
   3.1963270e+06   1.5502930e+01
   3.1964090e+06   1.9714355e+01
   3.1969810e+06   1.6540527e+01
   3.1991120e+06   1.5808105e+01
   3.2014760e+06   1.5930176e+01
   3.2059440e+06   1.5136719e+01
   3.2256450e+06   1.6662598e+01
   3.3182380e+06   1.6357422e+01
   3.3888020e+06   1.5747070e+01
   3.3889580e+06   1.5869141e+01
   3.3890610e+06   1.5625000e+01
   3.3891670e+06   1.5625000e+01
   3.3893080e+06   1.7456055e+01
   3.3894200e+06   1.5380859e+01
   3.3895680e+06   1.6662598e+01
   3.3896690e+06   1.6540527e+01
   3.3905230e+06   1.5136719e+01
   3.3909770e+06   1.5258789e+01
   3.3912540e+06   1.6540527e+01
   3.3917350e+06   1.5441895e+01
   3.3920830e+06   1.5136719e+01
   3.3928500e+06   1.5991211e+01
   3.3937820e+06   1.6357422e+01
   3.3939290e+06   1.6174316e+01
   3.3956430e+06   1.6235352e+01
   3.3959630e+06   1.6662598e+01
   3.3961990e+06   1.7883301e+01
   3.3965060e+06   1.5319824e+01
   3.3965170e+06   1.5380859e+01
   3.3970930e+06   1.5686035e+01
   3.3973960e+06   1.9165039e+01
   3.3978090e+06   1.5441895e+01
   3.3981930e+06   1.6845703e+01
   3.3987080e+06   1.5197754e+01
   3.3988010e+06   1.7944336e+01
   3.3994810e+06   1.6418457e+01
   3.4003510e+06   1.5319824e+01
   3.4019480e+06   1.6235352e+01
   3.4041640e+06   1.5319824e+01
   3.4056340e+06   1.5441895e+01
   3.4058080e+06   1.5930176e+01
   3.4075190e+06   1.5563965e+01
   3.4152460e+06   1.9470215e+01
   3.4235190e+06   1.7089844e+01
   3.4350180e+06   1.5197754e+01
   3.4558780e+06   1.5380859e+01
   3.4992500e+06   2.3193359e+01
   3.4994680e+06   1.6113281e+01
   3.4998430e+06   1.5380859e+01
   3.5002280e+06   1.5136719e+01
   3.5005190e+06   1.5197754e+01
   3.5007460e+06   1.7150879e+01
   3.5010200e+06   1.5319824e+01
   3.5012770e+06   1.5808105e+01
   3.5020490e+06   1.6235352e+01
   3.5027320e+06   1.6906738e+01
   3.5029180e+06   1.6235352e+01
   3.5029690e+06   1.7944336e+01
   3.5034750e+06   1.8798828e+01
   3.5040070e+06   1.5441895e+01
   3.5046180e+06   1.5380859e+01
   3.5061860e+06   1.6174316e+01
   3.5066820e+06   1.6906738e+01
   3.5070970e+06   1.7150879e+01
   3.5073810e+06   1.6906738e+01
   3.5079690e+06   1.5258789e+01
   3.5111400e+06   1.6174316e+01
   3.5118630e+06   1.6357422e+01
   3.5147840e+06   1.6601562e+01
   3.5168380e+06   1.6052246e+01
   3.5172740e+06   1.5380859e+01
   3.5216860e+06   1.7822266e+01
   3.5248300e+06   1.5869141e+01
   3.5614150e+06   1.5136719e+01
   3.6070910e+06   1.5380859e+01
   3.6090450e+06   1.5563965e+01
   3.6143560e+06   1.5625000e+01
   3.6414040e+06   1.6967773e+01
   3.7128490e+06   1.6479492e+01
   3.7426460e+06   1.6784668e+01
   3.7427480e+06   1.7761230e+01
   3.7430180e+06   1.5502930e+01
   3.7431360e+06   1.6174316e+01
   3.7440720e+06   1.6357422e+01
   3.7449850e+06   1.5441895e+01
   3.7450770e+06   1.5747070e+01
   3.7459770e+06   1.8920898e+01
   3.7460010e+06   2.0935059e+01
   3.7465930e+06   1.5502930e+01
   3.7467520e+06   1.5625000e+01
   3.7468920e+06   1.5136719e+01
   3.7490920e+06   1.5563965e+01
   3.7496080e+06   1.7150879e+01
   3.7503110e+06   1.7822266e+01
   3.7504590e+06   1.5869141e+01
   3.7514030e+06   1.5258789e+01
   3.7517120e+06   1.6235352e+01
   3.7524560e+06   1.5808105e+01
   3.7534940e+06   1.9531250e+01
   3.7566060e+06   1.5625000e+01
   3.7578530e+06   1.6906738e+01
   3.7600460e+06   1.8798828e+01
   3.7603500e+06   1.5197754e+01
   3.7646630e+06   1.7272949e+01
   3.7677810e+06   1.6601562e+01
   3.8046920e+06   1.6601563e+01
   3.8050040e+06   1.5197754e+01
   3.8053250e+06   1.5441895e+01
   3.8054040e+06   1.5808105e+01
   3.8056100e+06   1.5930176e+01
   3.8056710e+06   1.5136719e+01
   3.8065220e+06   1.7944336e+01
   3.8066720e+06   2.0568848e+01
   3.8070560e+06   1.8371582e+01
   3.8075280e+06   1.5808105e+01
   3.8090050e+06   1.5563965e+01
   3.8102390e+06   1.6296387e+01
   3.8113420e+06   1.7089844e+01
   3.8121960e+06   1.7089844e+01
   3.8153600e+06   1.6357422e+01
   3.8183690e+06   1.5686035e+01
   3.8203590e+06   2.0019531e+01
   3.8205590e+06   1.6662598e+01
   3.8228560e+06   1.6418457e+01
   3.8657810e+06   1.5441895e+01
   3.8659950e+06   1.5502930e+01
   3.8661640e+06   1.6052246e+01
   3.8663060e+06   1.7883301e+01
   3.8666170e+06   1.7028809e+01
   3.8671240e+06   1.5869141e+01
   3.8671480e+06   2.0996094e+01
   3.8675780e+06   1.5197754e+01
   3.8676690e+06   1.5808105e+01
   3.8705470e+06   1.5380859e+01
   3.8729610e+06   1.5930176e+01
   3.8741480e+06   2.0874023e+01
   3.8755000e+06   1.6235352e+01
   3.8833430e+06   1.5930176e+01
   3.8839920e+06   1.5991211e+01
   3.8868210e+06   1.5197754e+01
   3.8913010e+06   1.6113281e+01
   3.8916690e+06   1.5136719e+01
   3.8944010e+06   1.7089844e+01
   3.8967380e+06   1.8676758e+01
   4.0367050e+06   1.5502930e+01
   4.0591790e+06   1.5136719e+01
   4.0732170e+06   1.6174316e+01
   4.0752740e+06   1.6418457e+01
   4.0818570e+06   2.1972656e+01
   4.0952610e+06   2.0751953e+01
   4.0962220e+06   1.5441895e+01
   4.0985110e+06   1.5136719e+01
   4.1639950e+06   1.6113281e+01
   4.1685480e+06   1.5747070e+01
   4.1903920e+06   1.5380859e+01
   4.1968900e+06   1.6174316e+01
   4.2297020e+06   1.5502930e+01
   4.2512260e+06   2.4780273e+01
   4.2527690e+06   1.6479492e+01
   4.2546640e+06   1.5930176e+01
   4.2546880e+06   1.8432617e+01
   4.2555590e+06   1.5991211e+01
   4.2558340e+06   1.6357422e+01
   4.2565620e+06   1.5686035e+01
   4.2576210e+06   2.1606445e+01
   4.2583820e+06   1.6723633e+01
   4.2588050e+06   2.0141602e+01
   4.2591030e+06   1.6723633e+01
   4.2614060e+06   1.7211914e+01
   4.2614800e+06   1.7333984e+01
   4.2620230e+06   1.7028809e+01
   4.2628810e+06   1.6845703e+01
   4.2651180e+06   1.5930176e+01
   4.2677300e+06   2.1850586e+01
   4.2773500e+06   1.8066406e+01
   4.2956600e+06   1.5686035e+01
   4.3079250e+06   1.5625000e+01
   4.3079560e+06   1.8005371e+01
   4.3583350e+06   1.5747070e+01
   4.3585950e+06   1.6113281e+01
   4.3586770e+06   1.5625000e+01
   4.3587130e+06   1.5441895e+01
   4.3588140e+06   1.5625000e+01
   4.3589370e+06   1.5747070e+01
   4.3598590e+06   1.5502930e+01
   4.3606720e+06   1.7211914e+01
   4.3607350e+06   1.5136719e+01
   4.3614560e+06   1.7700195e+01
   4.3625750e+06   1.6052246e+01
   4.3645280e+06   1.6723633e+01
   4.3687590e+06   1.9958496e+01
   4.3732790e+06   1.7089844e+01
   4.4185160e+06   1.7150879e+01
   4.4806650e+06   1.9287109e+01
   4.5287990e+06   1.5502930e+01
   4.5456130e+06   1.6296387e+01
   4.5761680e+06   1.7395020e+01
   4.6266570e+06   1.5441895e+01
   4.6981170e+06   1.5441895e+01
   4.7440650e+06   1.7333984e+01
   4.7737850e+06   1.6601562e+01
   4.8214910e+06   1.6540527e+01
   4.8347120e+06   1.5197754e+01
   4.8449230e+06   1.6113281e+01
   4.8455350e+06   1.5380859e+01
   4.8526290e+06   1.5197754e+01
   4.8836500e+06   1.6723633e+01
   4.8901030e+06   1.6174316e+01
   4.9779560e+06   1.6357422e+01
   4.9780110e+06   1.5197754e+01
   4.9780730e+06   2.1240234e+01
   4.9781370e+06   1.5380859e+01
   4.9782000e+06   1.7150879e+01
   4.9783350e+06   1.5625000e+01
   4.9786200e+06   1.7395020e+01
   4.9791290e+06   1.7822266e+01
   4.9796040e+06   1.7272949e+01
   4.9799120e+06   1.5502930e+01
   4.9815990e+06   1.6601562e+01
   4.9821430e+06   1.7395020e+01
   4.9833970e+06   1.5930176e+01
   4.9836760e+06   2.0080566e+01
   4.9840090e+06   1.5808105e+01
   4.9845400e+06   1.7272949e+01
   4.9849670e+06   1.6418457e+01
   4.9854910e+06   1.5563965e+01
   4.9859260e+06   1.6723633e+01
   4.9869500e+06   2.1362305e+01
   4.9875200e+06   1.5380859e+01
   4.9880960e+06   1.6418457e+01
   4.9885030e+06   1.6540527e+01
   4.9888700e+06   1.5441895e+01
   4.9899450e+06   1.5197754e+01
   4.9902810e+06   1.6418457e+01
   4.9916080e+06   1.6418457e+01
   4.9918760e+06   1.7944336e+01
   4.9951990e+06   1.9653320e+01
   4.9975790e+06   1.9531250e+01
   5.0004530e+06   1.5441895e+01
   5.0025270e+06   1.5502930e+01
   5.0138560e+06   1.5197754e+01
   5.0256900e+06   1.5625000e+01
   5.0436150e+06   1.5930176e+01
   5.1269000e+06   1.8981934e+01
   5.2062330e+06   1.6113281e+01
   5.2500120e+06   1.5563965e+01
   5.2629930e+06   1.6479492e+01
   5.3457490e+06   1.5319824e+01
   5.4461340e+06   1.6540527e+01
   5.4780360e+06   1.6601562e+01
   5.4796210e+06   1.5869141e+01
   5.4798580e+06   1.8737793e+01
   5.4800050e+06   1.7517090e+01
   5.4800320e+06   1.5197754e+01
   5.4803670e+06   1.7150879e+01
   5.4806610e+06   1.7700195e+01
   5.4809380e+06   1.6296387e+01
   5.4811870e+06   1.5869141e+01
   5.4814080e+06   1.5747070e+01
   5.4820120e+06   1.5502930e+01
   5.4822020e+06   1.6845703e+01
   5.4825770e+06   1.8371582e+01
   5.4829500e+06   1.5869141e+01
   5.4831670e+06   1.5930176e+01
   5.4832070e+06   1.5930176e+01
   5.4852280e+06   1.5502930e+01
   5.4853780e+06   1.6906738e+01
   5.4869460e+06   1.6174316e+01
   5.4869680e+06   1.5747070e+01
   5.4882370e+06   1.5441895e+01
   5.4885700e+06   1.6662598e+01
   5.4892780e+06   1.5136719e+01
   5.4904310e+06   1.7395020e+01
   5.4904860e+06   1.5197754e+01
   5.4910950e+06   1.5441895e+01
   5.4916030e+06   1.6174316e+01
   5.4933320e+06   1.6906738e+01
   5.4943990e+06   1.5197754e+01
   5.4961590e+06   1.6479492e+01
   5.4966110e+06   1.6662598e+01
   5.4988510e+06   1.6174316e+01
   5.5016010e+06   1.6418457e+01
   5.5030770e+06   1.5747070e+01
   5.5062560e+06   1.5136719e+01
   5.5141080e+06   1.5258789e+01
   5.5295650e+06   1.5319824e+01
   5.5511630e+06   1.5136719e+01
   5.5708650e+06   1.5808105e+01
   5.5945620e+06   1.5441895e+01
   5.6734090e+06   1.7089844e+01
   5.6734260e+06   1.7150879e+01
   5.6957790e+06   1.5380859e+01
   5.7083690e+06   2.1179199e+01
   5.7579210e+06   1.8737793e+01
   5.7594150e+06   1.5502930e+01
   5.7942260e+06   1.5747070e+01
   5.8438400e+06   1.7272949e+01
   5.8576190e+06   1.7333984e+01
   5.9431680e+06   1.5441895e+01
   5.9708200e+06   1.6418457e+01
   6.0003780e+06   1.5869141e+01
   6.0005270e+06   1.5991211e+01
   6.0011070e+06   1.6723633e+01
   6.0012890e+06   1.6052246e+01
   6.0014990e+06   1.6235352e+01
   6.0017080e+06   1.5563965e+01
   6.0017210e+06   1.7150879e+01
   6.0030730e+06   1.7028809e+01
   6.0031220e+06   1.7395020e+01
   6.0032090e+06   1.5625000e+01
   6.0033450e+06   1.5686035e+01
   6.0042410e+06   1.5441895e+01
   6.0059350e+06   1.7272949e+01
   6.0061490e+06   1.5686035e+01
   6.0072580e+06   1.6174316e+01
   6.0077340e+06   1.5502930e+01
   6.0080860e+06   1.6784668e+01
   6.0110310e+06   1.5441895e+01
   6.0129230e+06   1.6235352e+01
   6.0162190e+06   1.5808105e+01
   6.0172130e+06   1.7150879e+01
   6.0172270e+06   1.5502930e+01
   6.0271910e+06   1.6235352e+01
   6.0341760e+06   1.6784668e+01
   6.0352710e+06   1.5563965e+01
   6.0473920e+06   1.6906738e+01
   6.1550110e+06   1.8127441e+01
   6.1947830e+06   1.6052246e+01
   6.1956700e+06   1.5930176e+01
   6.2087570e+06   1.5441895e+01
   6.2470570e+06   1.6845703e+01
   6.3101170e+06   1.6540527e+01
   6.3121630e+06   1.7517090e+01
   6.3353520e+06   1.7395020e+01
   6.4088490e+06   1.6906738e+01
   6.5133720e+06   1.5502930e+01
   6.5948890e+06   1.7028809e+01
   6.5949890e+06   1.8981934e+01
   6.5951860e+06   1.5686035e+01
   6.5952180e+06   1.5991211e+01
   6.5956770e+06   1.5563965e+01
   6.5957860e+06   1.6662598e+01
   6.5962080e+06   1.7639160e+01
   6.5963320e+06   1.8066406e+01
   6.5965300e+06   1.6052246e+01
   6.5966950e+06   1.6723633e+01
   6.5973880e+06   1.6418457e+01
   6.6009310e+06   1.7761230e+01
   6.6024510e+06   1.7150879e+01
   6.6026690e+06   2.2277832e+01
   6.6041610e+06   1.6235352e+01
   6.6044730e+06   1.7822266e+01
   6.6050080e+06   1.7272949e+01
   6.6056450e+06   1.7395020e+01
   6.6066990e+06   1.6113281e+01
   6.6072300e+06   1.6662598e+01
   6.6077410e+06   1.5991211e+01
   6.6091110e+06   1.5625000e+01
   6.6101080e+06   1.5930176e+01
   6.6111090e+06   1.6357422e+01
   6.6131380e+06   1.6601562e+01
   6.6201410e+06   1.6601562e+01
   6.6218070e+06   1.6784668e+01
   6.8820880e+06   1.7456055e+01
   6.8825120e+06   1.8188477e+01
   6.8825640e+06   1.6845703e+01
   6.8837160e+06   1.5502930e+01
   6.8838330e+06   1.6967773e+01
   6.8847360e+06   1.5869141e+01
   6.8848400e+06   1.5563965e+01
   6.8860010e+06   1.5563965e+01
   6.8861170e+06   1.6418457e+01
   6.8868990e+06   1.6418457e+01
   6.8897340e+06   1.8310547e+01
   6.8914950e+06   1.5686035e+01
   6.8937720e+06   1.7028809e+01
   6.8942500e+06   1.5930176e+01
   6.8946630e+06   1.6357422e+01
   6.8947330e+06   1.5625000e+01
   6.8951810e+06   1.6052246e+01
   6.8960730e+06   1.5747070e+01
   6.8977190e+06   1.6418457e+01
   6.8995850e+06   1.7639160e+01
   6.9036480e+06   1.6235352e+01
   6.9041580e+06   1.6296387e+01
   6.9093700e+06   1.8371582e+01
   6.9327090e+06   1.6357422e+01
   6.9696040e+06   1.5747070e+01
   7.1131000e+06   1.8066406e+01
   7.2036590e+06   1.6967773e+01
   7.2160940e+06   1.5625000e+01
   7.3015930e+06   1.9409180e+01
   7.3883850e+06   1.5686035e+01
   7.3934160e+06   1.5747070e+01
   7.3961790e+06   1.6052246e+01
   7.4796950e+06   1.6418457e+01
   7.6078830e+06   1.8188477e+01
   7.6184070e+06   1.6235352e+01
   7.6185900e+06   1.6906738e+01
   7.6186140e+06   1.6479492e+01
   7.6186790e+06   1.6967773e+01
   7.6187000e+06   1.6845703e+01
   7.6188320e+06   1.7272949e+01
   7.6191590e+06   1.7822266e+01
   7.6193130e+06   1.6845703e+01
   7.6196060e+06   1.6967773e+01
   7.6196870e+06   1.7761230e+01
   7.6207430e+06   1.6418457e+01
   7.6213160e+06   1.5991211e+01
   7.6219800e+06   1.5441895e+01
   7.6224220e+06   1.6906738e+01
   7.6237000e+06   1.5991211e+01
   7.6247890e+06   1.7761230e+01
   7.6262890e+06   1.6967773e+01
   7.6266810e+06   1.6479492e+01
   7.6268560e+06   1.6479492e+01
   7.6272710e+06   1.9348145e+01
   7.6279090e+06   2.0629883e+01
   7.6286870e+06   1.5686035e+01
   7.6290860e+06   1.8676758e+01
   7.6295030e+06   1.5747070e+01
   7.6308980e+06   1.6296387e+01
   7.6313840e+06   1.9653320e+01
   7.6318610e+06   1.7883301e+01
   7.6325680e+06   1.6235352e+01
   7.6330450e+06   1.7333984e+01
   7.6331030e+06   1.7028809e+01
   7.6347680e+06   1.7517090e+01
   7.6363860e+06   1.5808105e+01
   7.6365420e+06   1.6296387e+01
   7.6374710e+06   1.6418457e+01
   7.6499120e+06   1.5991211e+01
   7.6539380e+06   1.5747070e+01
   7.7364190e+06   1.6418457e+01
   7.7462080e+06   1.7028809e+01
   7.7462530e+06   1.7150879e+01
   7.7463060e+06   1.7883301e+01
   7.7465920e+06   1.6662598e+01
   7.7469830e+06   1.6784668e+01
   7.7471760e+06   1.6052246e+01
   7.7492500e+06   1.9470215e+01
   7.7504030e+06   1.7761230e+01
   7.7514560e+06   1.6723633e+01
   7.7518790e+06   1.5991211e+01
   7.7536510e+06   1.7089844e+01
   7.7547330e+06   1.5686035e+01
   7.7568930e+06   1.5625000e+01
   7.7573820e+06   1.9470215e+01
   7.7620030e+06   1.5991211e+01
   7.7649940e+06   1.8981934e+01
   7.7715950e+06   1.6906738e+01
   7.8174510e+06   1.7028809e+01
   7.8270840e+06   1.6784668e+01
   7.8367500e+06   1.5686035e+01
   7.8558200e+06   1.5869141e+01
   7.8629060e+06   1.5625000e+01
   7.8883530e+06   1.5808105e+01
   7.9073100e+06   1.5991211e+01
   7.9490250e+06   1.6174316e+01
   7.9491230e+06   1.6845703e+01
   7.9491840e+06   1.6540527e+01
   7.9492540e+06   1.5563965e+01
   7.9494840e+06   1.8371582e+01
   7.9495330e+06   1.7211914e+01
   7.9496180e+06   1.5930176e+01
   7.9497490e+06   1.8432617e+01
   7.9501260e+06   1.5502930e+01
   7.9504260e+06   1.7089844e+01
   7.9510730e+06   1.5563965e+01
   7.9516630e+06   1.7333984e+01
   7.9534970e+06   1.6113281e+01
   7.9535860e+06   1.7150879e+01
   7.9543420e+06   1.6235352e+01
   7.9543840e+06   1.7456055e+01
   7.9552110e+06   1.5563965e+01
   7.9556300e+06   1.6784668e+01
   7.9582920e+06   1.7211914e+01
   7.9588890e+06   1.6601562e+01
   7.9593030e+06   1.8310547e+01
   7.9598980e+06   1.7456055e+01
   7.9602140e+06   1.5747070e+01
   7.9611720e+06   1.9165039e+01
   7.9622810e+06   1.5686035e+01
   7.9650440e+06   1.9653320e+01
   7.9778760e+06   1.5991211e+01
   7.9863030e+06   1.6113281e+01
   7.9891060e+06   1.5502930e+01
   8.0471230e+06   1.5625000e+01
   8.1124650e+06   1.5930176e+01
   8.2135720e+06   1.6052246e+01
   8.2433290e+06   1.5747070e+01
   8.3384680e+06   1.6540527e+01
   8.3521500e+06   1.5563965e+01
   8.3986710e+06   1.7089844e+01
   8.3987710e+06   1.5686035e+01
   8.3989870e+06   1.6967773e+01
   8.3990860e+06   1.8066406e+01
   8.3992250e+06   1.5563965e+01
   8.3993410e+06   1.9775391e+01
   8.3995070e+06   1.6235352e+01
   8.3999040e+06   1.7456055e+01
   8.4022770e+06   1.7150879e+01
   8.4025690e+06   1.6235352e+01
   8.4028430e+06   1.5502930e+01
   8.4028750e+06   1.7578125e+01
   8.4041270e+06   1.5625000e+01
   8.4042110e+06   1.5747070e+01
   8.4077270e+06   1.9104004e+01
   8.4095670e+06   1.6418457e+01
   8.4096320e+06   1.5686035e+01
   8.4117670e+06   1.6723633e+01
   8.4126240e+06   1.8310547e+01
   8.4127890e+06   1.6540527e+01
   8.4197910e+06   1.8249512e+01
   8.5169510e+06   1.5747070e+01
   8.5170170e+06   1.5441895e+01
   8.5344170e+06   1.6113281e+01
   8.5924100e+06   1.6540527e+01
   8.5978620e+06   1.7822266e+01
   8.5981080e+06   2.3437500e+01
   8.5981970e+06   1.5625000e+01
   8.5986050e+06   1.5686035e+01
   8.5986180e+06   2.0263672e+01
   8.5988350e+06   1.5869141e+01
   8.5989250e+06   1.8005371e+01
   8.5993220e+06   1.6784668e+01
   8.5994180e+06   2.0202637e+01
   8.5994820e+06   1.5441895e+01
   8.5999400e+06   1.5441895e+01
   8.6003930e+06   1.6235352e+01
   8.6023000e+06   1.8188477e+01
   8.6034310e+06   1.8737793e+01
   8.6042570e+06   1.5441895e+01
   8.6047590e+06   1.5441895e+01
   8.6047870e+06   1.6479492e+01
   8.6053630e+06   1.5502930e+01
   8.6065940e+06   1.5502930e+01
   8.6078090e+06   1.6357422e+01
   8.6083220e+06   1.7822266e+01
   8.6095600e+06   1.5563965e+01
   8.6096520e+06   1.9348145e+01
   8.6099470e+06   1.7333984e+01
   8.6125980e+06   1.5625000e+01
   8.6154560e+06   1.9653320e+01
   8.6189980e+06   1.5563965e+01
   8.6273710e+06   1.5930176e+01
   8.7345350e+06   1.5747070e+01
   8.7346840e+06   1.7639160e+01
   8.7347890e+06   1.6540527e+01
   8.7350840e+06   1.6052246e+01
   8.7352070e+06   1.6540527e+01
   8.7353100e+06   2.0324707e+01
   8.7355160e+06   1.6418457e+01
   8.7356300e+06   1.6052246e+01
   8.7368700e+06   1.6296387e+01
   8.7375720e+06   1.6357422e+01
   8.7383860e+06   1.5869141e+01
   8.7391170e+06   1.6540527e+01
   8.7415110e+06   1.5625000e+01
   8.7428680e+06   1.6357422e+01
   8.7440530e+06   1.6845703e+01
   8.7443290e+06   1.5808105e+01
   8.7474260e+06   1.7639160e+01
   8.7475270e+06   1.6357422e+01
   8.7502940e+06   1.6052246e+01
   8.7537790e+06   2.0141602e+01
   8.7554040e+06   1.6601562e+01
   8.7582850e+06   1.5686035e+01
   8.7617370e+06   1.7639160e+01
   8.7740080e+06   1.7578125e+01
   8.8058750e+06   1.5808105e+01
   8.8303600e+06   1.6052246e+01
   8.8306840e+06   1.7150879e+01
   8.8310440e+06   1.5686035e+01
   8.8316410e+06   1.5625000e+01
   8.8317910e+06   1.7272949e+01
   8.8325600e+06   1.7089844e+01
   8.8326560e+06   1.5625000e+01
   8.8343730e+06   1.5747070e+01
   8.8349920e+06   1.6174316e+01
   8.8358950e+06   1.8859863e+01
   8.8359350e+06   1.6296387e+01
   8.8360940e+06   1.5502930e+01
   8.8373930e+06   1.8371582e+01
   8.8394800e+06   1.6418457e+01
   8.8401770e+06   1.8798828e+01
   8.8406730e+06   1.6296387e+01
   8.8406880e+06   1.6113281e+01
   8.8424590e+06   1.5441895e+01
   8.8425420e+06   1.5502930e+01
   8.8429060e+06   1.8066406e+01
   8.8436550e+06   1.5441895e+01
   8.8471800e+06   1.5625000e+01
   8.8486870e+06   1.5869141e+01
   8.8512560e+06   1.6357422e+01
   8.8684980e+06   2.3132324e+01
   8.9656800e+06   1.5686035e+01
   8.9912820e+06   1.6052246e+01
   9.0409620e+06   1.5380859e+01
   9.0414200e+06   1.5747070e+01
   9.0543380e+06   1.5563965e+01
   9.1380630e+06   1.5441895e+01
   9.1396120e+06   1.5686035e+01
   9.1495710e+06   1.6723633e+01
   9.2120060e+06   1.5625000e+01
   9.2155870e+06   1.7028809e+01
   9.3190670e+06   1.8005371e+01
   9.3568460e+06   1.5380859e+01
   9.3893000e+06   1.5747070e+01
   9.4286160e+06   1.6662598e+01
   9.4725250e+06   1.6052246e+01
   9.5089640e+06   1.5563965e+01
   9.5696090e+06   1.5930176e+01
   9.5697700e+06   1.8981934e+01
   9.5697910e+06   1.5991211e+01
   9.5698770e+06   1.8432617e+01
   9.5701000e+06   1.5686035e+01
   9.5702690e+06   1.5441895e+01
   9.5703410e+06   1.5686035e+01
   9.5708030e+06   1.6723633e+01
   9.5716410e+06   1.6662598e+01
   9.5726410e+06   1.5625000e+01
   9.5730350e+06   1.6723633e+01
   9.5732220e+06   1.8066406e+01
   9.5736850e+06   1.5502930e+01
   9.5742370e+06   1.6662598e+01
   9.5750630e+06   1.7761230e+01
   9.5768830e+06   1.8310547e+01
   9.5770090e+06   1.6418457e+01
   9.5771080e+06   1.5686035e+01
   9.5773110e+06   1.9226074e+01
   9.5777770e+06   1.5380859e+01
   9.5780670e+06   1.5441895e+01
   9.5789170e+06   1.5686035e+01
   9.5791200e+06   1.6540527e+01
   9.5795650e+06   2.0446777e+01
   9.5803290e+06   1.7150879e+01
   9.5803640e+06   1.5686035e+01
   9.5810230e+06   1.6418457e+01
   9.5822060e+06   1.6479492e+01
   9.5827520e+06   1.5625000e+01
   9.5838830e+06   1.6601562e+01
   9.5869800e+06   1.5747070e+01
   9.5875780e+06   1.5563965e+01
   9.6710590e+06   1.5869141e+01
   9.6958030e+06   1.6662598e+01
   9.6959810e+06   1.6296387e+01
   9.6959980e+06   1.5563965e+01
   9.6961760e+06   1.8371582e+01
   9.6964490e+06   1.5686035e+01
   9.6965230e+06   1.6296387e+01
   9.6965960e+06   1.5808105e+01
   9.6966950e+06   1.6418457e+01
   9.6968210e+06   1.6540527e+01
   9.6968580e+06   1.7639160e+01
   9.6968730e+06   1.5563965e+01
   9.6971890e+06   2.2277832e+01
   9.6977890e+06   1.5747070e+01
   9.6978030e+06   2.0568848e+01
   9.6981430e+06   1.7517090e+01
   9.6992390e+06   1.6601562e+01
   9.6997250e+06   1.5747070e+01
   9.7020790e+06   1.9226074e+01
   9.7036440e+06   1.6235352e+01
   9.7045980e+06   1.5930176e+01
   9.7053670e+06   1.5869141e+01
   9.7057810e+06   1.6418457e+01
   9.7058460e+06   1.7700195e+01
   9.7062070e+06   1.6113281e+01
   9.7065670e+06   1.6296387e+01
   9.7072630e+06   1.6601562e+01
   9.7074580e+06   1.5441895e+01
   9.7076270e+06   1.5319824e+01
   9.7114750e+06   1.9348145e+01
   9.7143190e+06   1.6418457e+01
   9.7164700e+06   1.5563965e+01
   9.7164850e+06   1.7028809e+01
   9.7165040e+06   1.6113281e+01
   9.7201600e+06   1.7028809e+01
   9.7280910e+06   2.0324707e+01
   9.7775520e+06   1.6357422e+01
   9.8457620e+06   1.8554688e+01
   9.8983230e+06   1.6357422e+01
   9.9257990e+06   1.5502930e+01
   9.9750810e+06   1.5686035e+01
   1.0026641e+07   1.8066406e+01
   1.0044818e+07   1.5808105e+01
   1.0072920e+07   1.6845703e+01
   1.0072931e+07   1.7517090e+01
   1.0073014e+07   1.6296387e+01
   1.0073080e+07   1.5808105e+01
   1.0073131e+07   1.5686035e+01
   1.0073975e+07   1.6662598e+01
   1.0074041e+07   1.6174316e+01
   1.0074467e+07   1.5441895e+01
   1.0074770e+07   1.6418457e+01
   1.0074887e+07   1.9531250e+01
   1.0075149e+07   1.6540527e+01
   1.0075311e+07   1.7395020e+01
   1.0075528e+07   1.6113281e+01
   1.0075668e+07   1.7211914e+01
   1.0076887e+07   1.5930176e+01
   1.0077507e+07   1.8188477e+01
   1.0078122e+07   1.5686035e+01
   1.0078466e+07   1.7089844e+01
   1.0078918e+07   1.6540527e+01
   1.0080963e+07   1.6235352e+01
   1.0081141e+07   2.0996094e+01
   1.0081405e+07   1.6784668e+01
   1.0081677e+07   1.5319824e+01
   1.0084682e+07   1.7578125e+01
   1.0085038e+07   1.6601562e+01
   1.0085324e+07   1.7578125e+01
   1.0085618e+07   1.5747070e+01
   1.0087029e+07   1.5563965e+01
   1.0087457e+07   1.5869141e+01
   1.0098200e+07   1.5808105e+01
   1.0100604e+07   1.9287109e+01
   1.0145777e+07   1.6418457e+01
   1.0182031e+07   1.5991211e+01
   1.0214105e+07   2.0202637e+01
   1.0214337e+07   1.7211914e+01
   1.0214640e+07   1.5808105e+01
   1.0214876e+07   1.5502930e+01
   1.0215190e+07   1.6845703e+01
   1.0215252e+07   1.7272949e+01
   1.0215371e+07   1.5502930e+01
   1.0215984e+07   1.5991211e+01
   1.0216490e+07   1.5625000e+01
   1.0218634e+07   1.5991211e+01
   1.0219068e+07   1.6052246e+01
   1.0219845e+07   1.6174316e+01
   1.0221145e+07   1.5319824e+01
   1.0226090e+07   1.8249512e+01
   1.0226626e+07   1.6967773e+01
   1.0227014e+07   1.9958496e+01
   1.0228162e+07   1.6601562e+01
   1.0230541e+07   1.7395020e+01
   1.0236615e+07   1.5808105e+01
   1.0237038e+07   1.5686035e+01
   1.0425451e+07   1.6296387e+01
   1.0450775e+07   1.5563965e+01
   1.0450936e+07   1.5747070e+01
   1.0554200e+07   1.5380859e+01
   1.0554228e+07   1.5869141e+01
   1.0554370e+07   1.5686035e+01
   1.0554647e+07   1.9531250e+01
   1.0554903e+07   1.5869141e+01
   1.0555313e+07   1.6418457e+01
   1.0555812e+07   1.5625000e+01
   1.0556080e+07   1.5808105e+01
   1.0556460e+07   1.5808105e+01
   1.0556490e+07   1.6784668e+01
   1.0557159e+07   1.6723633e+01
   1.0560568e+07   1.5869141e+01
   1.0561208e+07   1.6784668e+01
   1.0561654e+07   1.5380859e+01
   1.0562650e+07   1.6296387e+01
   1.0562941e+07   2.5268555e+01
   1.0563232e+07   1.5380859e+01
   1.0563575e+07   1.5502930e+01
   1.0563712e+07   1.5563965e+01
   1.0564959e+07   1.6967773e+01
   1.0566704e+07   1.7150879e+01
   1.0568208e+07   1.8920898e+01
   1.0570442e+07   1.7089844e+01
   1.0570784e+07   1.5625000e+01
   1.0572932e+07   1.7211914e+01
   1.0580161e+07   1.5319824e+01
   1.0587276e+07   1.6662598e+01
   1.0646326e+07   1.6845703e+01
   1.0646620e+07   1.5502930e+01
   1.0646789e+07   1.5808105e+01
   1.0646834e+07   1.5441895e+01
   1.0647137e+07   1.5747070e+01
   1.0647381e+07   1.5991211e+01
   1.0647807e+07   1.6601562e+01
   1.0649004e+07   1.6967773e+01
   1.0650179e+07   2.0629883e+01
   1.0650704e+07   1.8798828e+01
   1.0650830e+07   1.5502930e+01
   1.0653856e+07   2.4291992e+01
   1.0654291e+07   1.5502930e+01
   1.0656791e+07   1.5869141e+01
   1.0656943e+07   1.6479492e+01
   1.0657335e+07   1.5319824e+01
   1.0659550e+07   1.6235352e+01
   1.0664077e+07   1.6723633e+01
   1.0672981e+07   1.6235352e+01
   1.0675995e+07   1.5502930e+01
   1.0679050e+07   1.6784668e+01
   1.0737040e+07   1.5747070e+01
   1.0737173e+07   1.9104004e+01
   1.0737307e+07   1.6418457e+01
   1.0737406e+07   1.5747070e+01
   1.0737446e+07   2.0690918e+01
   1.0737497e+07   1.8127441e+01
   1.0737602e+07   1.7700195e+01
   1.0737738e+07   1.5441895e+01
   1.0737937e+07   1.5502930e+01
   1.0738136e+07   1.6723633e+01
   1.0738213e+07   1.7456055e+01
   1.0738319e+07   1.5747070e+01
   1.0738626e+07   1.6418457e+01
   1.0738882e+07   1.5502930e+01
   1.0739539e+07   1.6113281e+01
   1.0739561e+07   1.9409180e+01
   1.0740626e+07   1.5319824e+01
   1.0740964e+07   1.6540527e+01
   1.0742462e+07   2.0385742e+01
   1.0743142e+07   1.5747070e+01
   1.0743169e+07   1.5686035e+01
   1.0743535e+07   1.5747070e+01
   1.0745310e+07   1.7578125e+01
   1.0746908e+07   1.6174316e+01
   1.0746997e+07   1.5380859e+01
   1.0747564e+07   1.6113281e+01
   1.0749036e+07   1.5869141e+01
   1.0750997e+07   1.5625000e+01
   1.0755351e+07   1.5441895e+01
   1.0757177e+07   1.7517090e+01
   1.0763744e+07   1.6113281e+01
   1.0771615e+07   1.6052246e+01
   1.0833131e+07   1.6052246e+01
   1.0833185e+07   1.5686035e+01
   1.0833227e+07   1.7517090e+01
   1.0833246e+07   1.5319824e+01
   1.0833439e+07   1.9897461e+01
   1.0833589e+07   1.6784668e+01
   1.0833977e+07   1.6601562e+01
   1.0834479e+07   1.6418457e+01
   1.0835234e+07   1.7822266e+01
   1.0835620e+07   1.7272949e+01
   1.0835639e+07   1.7456055e+01
   1.0835851e+07   1.7700195e+01
   1.0836697e+07   1.8066406e+01
   1.0836823e+07   1.7272949e+01
   1.0837903e+07   1.7700195e+01
   1.0841418e+07   1.6052246e+01
   1.0848394e+07   1.5319824e+01
   1.0848466e+07   1.5441895e+01
   1.0848911e+07   1.5563965e+01
   1.0851995e+07   1.5380859e+01
   1.0854592e+07   1.5747070e+01
   1.0976703e+07   1.5930176e+01
   1.0990547e+07   1.5747070e+01
   1.1040290e+07   1.7028809e+01
   1.1040974e+07   1.7822266e+01
   1.1047453e+07   1.8493652e+01
   1.1075193e+07   1.6601562e+01
   1.1075378e+07   1.6845703e+01
   1.1075443e+07   1.5625000e+01
   1.1075535e+07   1.7150879e+01
   1.1075805e+07   1.5380859e+01
   1.1076067e+07   1.5747070e+01
   1.1077085e+07   1.8188477e+01
   1.1077497e+07   1.7700195e+01
   1.1080117e+07   1.6784668e+01
   1.1080876e+07   1.7639160e+01
   1.1081010e+07   1.8249512e+01
   1.1087457e+07   1.6723633e+01
   1.1089134e+07   1.7700195e+01
   1.1089352e+07   1.6235352e+01
   1.1122916e+07   1.5502930e+01
   1.1157514e+07   1.6601562e+01
   1.1225827e+07   1.5930176e+01
   1.1253031e+07   1.5563965e+01
   1.1286728e+07   1.5441895e+01
   1.1291429e+07   1.6662598e+01
   1.1358677e+07   1.8737793e+01
   1.1358925e+07   1.5686035e+01
   1.1359116e+07   1.8310547e+01
   1.1359536e+07   1.5502930e+01
   1.1360664e+07   1.5441895e+01
   1.1361329e+07   1.9104004e+01
   1.1361549e+07   1.7028809e+01
   1.1363114e+07   1.6174316e+01
   1.1363944e+07   1.6174316e+01
   1.1363978e+07   1.5808105e+01
   1.1366043e+07   1.5686035e+01
   1.1366922e+07   1.6174316e+01
   1.1368093e+07   1.6174316e+01
   1.1368723e+07   1.6052246e+01
   1.1370103e+07   1.8432617e+01
   1.1370677e+07   1.6662598e+01
   1.1372140e+07   1.8310547e+01
   1.1372392e+07   1.5991211e+01
   1.1378021e+07   1.9714355e+01
   1.1388601e+07   1.5319824e+01
   1.1412600e+07   1.6784668e+01
   1.1412840e+07   1.9104004e+01
   1.1413082e+07   1.9531250e+01
   1.1413169e+07   2.0141602e+01
   1.1413350e+07   1.5930176e+01
   1.1413543e+07   1.6296387e+01
   1.1413642e+07   1.7150879e+01
   1.1413745e+07   1.5869141e+01
   1.1413933e+07   1.7272949e+01
   1.1414069e+07   1.6113281e+01
   1.1414765e+07   1.5441895e+01
   1.1415041e+07   2.0629883e+01
   1.1419319e+07   1.5502930e+01
   1.1421157e+07   1.9348145e+01
   1.1421556e+07   1.5441895e+01
   1.1423566e+07   1.5625000e+01
   1.1423946e+07   1.7822266e+01
   1.1424711e+07   1.6662598e+01
   1.1427984e+07   1.7822266e+01
   1.1428588e+07   1.5441895e+01
   1.1501766e+07   1.6723633e+01
   1.1510008e+07   1.7211914e+01
   1.1519137e+07   1.5625000e+01
   1.1639592e+07   1.5502930e+01
   1.1639822e+07   1.5930176e+01
   1.1639919e+07   1.8066406e+01
   1.1640132e+07   1.5747070e+01
   1.1641032e+07   1.7211914e+01
   1.1641335e+07   1.8798828e+01
   1.1641457e+07   1.5563965e+01
   1.1642064e+07   1.6235352e+01
   1.1642099e+07   1.5808105e+01
   1.1645640e+07   1.7089844e+01
   1.1645676e+07   1.5869141e+01
   1.1646062e+07   1.7395020e+01
   1.1646078e+07   1.6601562e+01
   1.1647231e+07   1.6174316e+01
   1.1647277e+07   1.5441895e+01
   1.1649997e+07   1.6174316e+01
   1.1650556e+07   1.7578125e+01
   1.1651535e+07   1.5380859e+01
   1.1669010e+07   1.5441895e+01
   1.1669504e+07   1.7883301e+01
   1.1709895e+07   1.5625000e+01
   1.1745348e+07   1.5441895e+01
   1.1753845e+07   1.6906738e+01
   1.1826859e+07   1.5930176e+01
   1.1862385e+07   1.5441895e+01
   1.1952759e+07   1.7822266e+01
   1.1969055e+07   1.5686035e+01
   1.1988939e+07   1.5991211e+01
