   1.1998000e+07   0.0000000e+00
   8.1100000e+03   2.2338867e+01
   1.0833000e+04   2.3315430e+01
   4.2638000e+04   2.2094727e+01
   6.6645000e+04   2.1545410e+01
   6.7060000e+04   2.1911621e+01
   7.5120000e+04   2.1484375e+01
   7.7837000e+04   2.0874023e+01
   8.2805000e+04   2.5146484e+01
   8.7012000e+04   2.4047852e+01
   9.2236000e+04   2.1545410e+01
   9.2356000e+04   2.0568848e+01
   9.2586000e+04   2.4780273e+01
   9.2799000e+04   2.3132324e+01
   1.1212100e+05   2.1667480e+01
   1.1712400e+05   2.0812988e+01
   1.2007000e+05   2.1484375e+01
   1.4375100e+05   2.2399902e+01
   1.4724200e+05   2.3803711e+01
   1.5937800e+05   2.2766113e+01
   1.7228200e+05   2.0629883e+01
   1.7280500e+05   2.1606445e+01
   1.7606200e+05   2.5512695e+01
   1.7808800e+05   2.0629883e+01
   1.8350500e+05   2.2949219e+01
   2.2683000e+05   2.1423340e+01
   2.3284000e+05   2.1850586e+01
   2.5286000e+05   2.0751953e+01
   2.5599900e+05   2.3071289e+01
   2.7232100e+05   2.1057129e+01
   2.7603000e+05   2.1118164e+01
   2.7768800e+05   2.0629883e+01
   2.8321800e+05   2.8686523e+01
   3.0171300e+05   2.1301270e+01
   3.0621700e+05   2.1301270e+01
   3.0853800e+05   2.2216797e+01
   3.3480000e+05   2.0935059e+01
   3.4851600e+05   2.2583008e+01
   3.5333900e+05   2.1240234e+01
   3.5345000e+05   2.0690918e+01
   3.5366100e+05   2.8564453e+01
   3.5388800e+05   3.0273438e+01
   3.5398400e+05   2.2583008e+01
   3.5421800e+05   2.3803711e+01
   3.5435000e+05   2.8137207e+01
   3.5484900e+05   2.4414062e+01
   3.6388900e+05   2.0874023e+01
   3.8144000e+05   2.1057129e+01
   3.8663100e+05   2.1667480e+01
   4.3835400e+05   2.1301270e+01
   4.4533900e+05   2.2399902e+01
   4.4859200e+05   2.2277832e+01
   4.5267300e+05   2.3986816e+01
   4.5298800e+05   2.0568848e+01
   4.5355500e+05   2.1484375e+01
   4.6080600e+05   2.0568848e+01
   4.6125300e+05   2.0690918e+01
   4.6131300e+05   2.2949219e+01
   4.6150100e+05   2.5878906e+01
   4.6154300e+05   2.1179199e+01
   4.6176500e+05   2.0751953e+01
   4.6180500e+05   2.0690918e+01
   4.6214600e+05   2.1301270e+01
   4.6241400e+05   2.5512695e+01
   4.6260200e+05   3.1860352e+01
   4.6310700e+05   2.3254395e+01
   4.6340000e+05   2.1911621e+01
   4.9092200e+05   2.1606445e+01
   5.0775700e+05   2.1118164e+01
   5.1044900e+05   2.2644043e+01
   5.3312900e+05   2.0690918e+01
   5.9288400e+05   2.1789551e+01
   6.1310600e+05   2.0629883e+01
   6.1574700e+05   2.3681641e+01
   6.1716300e+05   2.0690918e+01
   6.4209400e+05   2.3315430e+01
   6.4721400e+05   2.2033691e+01
   6.4870100e+05   2.1240234e+01
   6.5729200e+05   2.0812988e+01
   6.6751600e+05   2.1423340e+01
   6.7088600e+05   2.1423340e+01
   6.8863500e+05   2.1545410e+01
   7.1293000e+05   2.0935059e+01
   7.1787800e+05   2.3376465e+01
   7.2673200e+05   2.0751953e+01
   7.4845700e+05   2.0874023e+01
   7.5012400e+05   2.4597168e+01
   7.6189300e+05   2.0812988e+01
   7.6478000e+05   2.6306152e+01
   7.8381700e+05   2.3010254e+01
   7.8608500e+05   2.1362305e+01
   8.1217600e+05   2.2949219e+01
   8.2017500e+05   2.1850586e+01
   8.2814000e+05   2.1667480e+01
   8.3116200e+05   2.1667480e+01
   8.3522200e+05   2.1179199e+01
   8.4009400e+05   2.0629883e+01
   8.6486200e+05   2.1606445e+01
   8.7661000e+05   2.0996094e+01
   8.8839700e+05   2.0874023e+01
   9.0655600e+05   2.2644043e+01
   9.1768100e+05   2.1240234e+01
   9.3468000e+05   2.2583008e+01
   9.3621500e+05   2.0629883e+01
   9.5516300e+05   2.0996094e+01
   9.5580000e+05   2.1240234e+01
   9.5625100e+05   2.1545410e+01
   9.5711700e+05   2.0996094e+01
   9.5729800e+05   2.1179199e+01
   9.8545300e+05   2.1606445e+01
   1.0132500e+06   2.4414062e+01
   1.0220350e+06   2.0690918e+01
   1.0388300e+06   2.1240234e+01
   1.0471050e+06   2.1179199e+01
   1.0625600e+06   2.1484375e+01
   1.0698560e+06   2.3986816e+01
   1.0847850e+06   2.1484375e+01
   1.0893260e+06   2.0812988e+01
   1.0942660e+06   2.1850586e+01
   1.1214340e+06   2.1057129e+01
   1.1683280e+06   2.0568848e+01
   1.1685190e+06   2.3864746e+01
   1.1805280e+06   2.1545410e+01
   1.1823100e+06   2.1118164e+01
   1.2023270e+06   2.1179199e+01
   1.2053950e+06   2.2277832e+01
   1.2112780e+06   2.3193359e+01
   1.2127240e+06   2.1301270e+01
   1.2221550e+06   2.1362305e+01
   1.2367780e+06   2.2277832e+01
   1.2405720e+06   2.4169922e+01
   1.2407990e+06   2.1484375e+01
   1.2421690e+06   2.3620605e+01
   1.2423900e+06   2.1118164e+01
   1.2519930e+06   2.2705078e+01
   1.2580520e+06   2.3010254e+01
   1.2932720e+06   2.2033691e+01
   1.3049170e+06   2.1240234e+01
   1.3051530e+06   2.0812988e+01
   1.3057270e+06   2.1362305e+01
   1.3060670e+06   2.0996094e+01
   1.3063310e+06   2.3559570e+01
   1.3077430e+06   2.1484375e+01
   1.3202960e+06   2.1789551e+01
   1.3211710e+06   2.0751953e+01
   1.3225080e+06   2.0996094e+01
   1.3231640e+06   2.0751953e+01
   1.3643070e+06   2.0751953e+01
   1.3704280e+06   2.0874023e+01
   1.3777160e+06   2.4536133e+01
   1.3786050e+06   2.1362305e+01
   1.4035680e+06   2.2094727e+01
   1.4060650e+06   2.0690918e+01
   1.4149880e+06   2.1240234e+01
   1.4162890e+06   2.1118164e+01
   1.4207300e+06   2.1911621e+01
   1.4407240e+06   2.1179199e+01
   1.4426020e+06   2.1362305e+01
   1.4475050e+06   2.1667480e+01
   1.4592990e+06   2.1301270e+01
   1.4956940e+06   2.3620605e+01
   1.5004380e+06   2.1179199e+01
   1.5055290e+06   2.1301270e+01
   1.5088130e+06   2.1057129e+01
   1.5091540e+06   2.3986816e+01
   1.5092890e+06   2.0812988e+01
   1.5093210e+06   2.2338867e+01
   1.5094200e+06   2.5878906e+01
   1.5095500e+06   2.3010254e+01
   1.5103560e+06   2.1728516e+01
   1.5105420e+06   2.4169922e+01
   1.5212010e+06   2.2460938e+01
   1.5449260e+06   2.0751953e+01
   1.5468770e+06   2.0935059e+01
   1.5555280e+06   2.0690918e+01
   1.5592190e+06   2.1240234e+01
   1.5615130e+06   2.0690918e+01
   1.5839960e+06   2.0690918e+01
   1.6111880e+06   2.1423340e+01
   1.6608860e+06   2.3498535e+01
   1.6639190e+06   2.5756836e+01
   1.6648820e+06   2.2277832e+01
   1.7065290e+06   2.2216797e+01
   1.7203570e+06   2.2644043e+01
   1.7215240e+06   2.0935059e+01
   1.7220530e+06   2.1606445e+01
   1.7461020e+06   2.0751953e+01
   1.7490050e+06   2.3498535e+01
   1.7611140e+06   2.1057129e+01
   1.7663480e+06   2.0568848e+01
   1.8232320e+06   2.0751953e+01
   1.8244610e+06   2.0568848e+01
   1.8279990e+06   2.1057129e+01
   1.8358360e+06   2.1240234e+01
   1.8451860e+06   2.1972656e+01
   1.8476690e+06   2.0874023e+01
   1.9186330e+06   2.3254395e+01
   1.9318570e+06   2.2949219e+01
   1.9350890e+06   2.2399902e+01
   1.9356410e+06   2.4291992e+01
   1.9369380e+06   2.5817871e+01
   1.9369670e+06   2.0996094e+01
   1.9373030e+06   2.1606445e+01
   1.9394760e+06   2.0629883e+01
   1.9549820e+06   2.0690918e+01
   1.9652750e+06   2.3315430e+01
   1.9654560e+06   2.1179199e+01
   1.9655580e+06   2.0690918e+01
   1.9656440e+06   2.1240234e+01
   1.9664040e+06   2.3071289e+01
   1.9886980e+06   2.2644043e+01
   1.9899080e+06   2.3681641e+01
   2.0146200e+06   2.0568848e+01
   2.0181450e+06   2.1362305e+01
   2.0403570e+06   2.2888184e+01
   2.0408700e+06   2.4902344e+01
   2.0410680e+06   2.3437500e+01
   2.0411960e+06   2.8564453e+01
   2.0415640e+06   2.1057129e+01
   2.0415810e+06   2.1728516e+01
   2.0665160e+06   2.0629883e+01
   2.0827600e+06   2.2521973e+01
   2.0869090e+06   2.1179199e+01
   2.0927160e+06   2.1057129e+01
   2.1011240e+06   2.1240234e+01
   2.1087710e+06   2.0629883e+01
   2.1121290e+06   2.1484375e+01
   2.1185940e+06   2.1057129e+01
   2.1189920e+06   2.1179199e+01
   2.1260120e+06   2.1850586e+01
   2.1273510e+06   2.1118164e+01
   2.1371120e+06   2.0874023e+01
   2.1442390e+06   2.0568848e+01
   2.1447090e+06   2.1118164e+01
   2.1500370e+06   2.1850586e+01
   2.1515090e+06   2.0812988e+01
   2.1576390e+06   2.0935059e+01
   2.1692030e+06   2.2521973e+01
   2.1812250e+06   2.2399902e+01
   2.1838270e+06   2.0935059e+01
   2.1892400e+06   2.4230957e+01
   2.2283030e+06   2.1240234e+01
   2.2284520e+06   2.1789551e+01
   2.2625870e+06   2.2705078e+01
   2.2681910e+06   2.0935059e+01
   2.2729970e+06   2.0812988e+01
   2.2829070e+06   2.1850586e+01
   2.2957590e+06   2.2888184e+01
   2.2986610e+06   2.0996094e+01
   2.3034210e+06   2.1362305e+01
   2.3269550e+06   2.1606445e+01
   2.3343260e+06   2.0629883e+01
   2.3366240e+06   2.1545410e+01
   2.3395840e+06   2.0751953e+01
   2.3627780e+06   2.1484375e+01
   2.3633740e+06   2.2705078e+01
   2.3665900e+06   2.1850586e+01
   2.3898520e+06   2.0996094e+01
   2.3911090e+06   2.1972656e+01
   2.4362240e+06   2.2338867e+01
   2.4758190e+06   2.2583008e+01
   2.4901160e+06   2.0568848e+01
   2.4932600e+06   2.1850586e+01
   2.5026030e+06   2.3315430e+01
   2.5038070e+06   2.2705078e+01
   2.5185400e+06   2.4291992e+01
   2.5186610e+06   2.0935059e+01
   2.5188970e+06   2.5207520e+01
   2.5191250e+06   2.2888184e+01
   2.5192110e+06   2.4414062e+01
   2.5193700e+06   2.2094727e+01
   2.5199670e+06   2.0874023e+01
   2.5239830e+06   2.2949219e+01
   2.5241960e+06   2.2277832e+01
   2.5247580e+06   2.1728516e+01
   2.5444000e+06   2.2155762e+01
   2.5503280e+06   2.3437500e+01
   2.5532970e+06   2.1057129e+01
   2.5746680e+06   2.0690918e+01
   2.5796810e+06   2.0690918e+01
   2.5828010e+06   2.0874023e+01
   2.6095750e+06   2.0996094e+01
   2.6111890e+06   2.2644043e+01
   2.6115310e+06   2.3193359e+01
   2.6172170e+06   2.1179199e+01
   2.6262920e+06   2.2644043e+01
   2.6300960e+06   2.2216797e+01
   2.6466590e+06   2.2216797e+01
   2.6606930e+06   2.1301270e+01
   2.6835430e+06   2.0874023e+01
   2.6868660e+06   2.0751953e+01
   2.6989840e+06   2.0935059e+01
   2.7000590e+06   2.2155762e+01
   2.7079310e+06   2.2705078e+01
   2.7226210e+06   2.1850586e+01
   2.7284160e+06   2.0751953e+01
   2.7400620e+06   2.2094727e+01
   2.7682100e+06   2.2033691e+01
   2.7884090e+06   2.0874023e+01
   2.8209730e+06   2.1362305e+01
   2.8273960e+06   2.0812988e+01
   2.8406360e+06   2.0812988e+01
   2.8477110e+06   2.1118164e+01
   2.8508720e+06   2.2155762e+01
   2.8595810e+06   2.0935059e+01
   2.8781790e+06   2.2094727e+01
   2.8802000e+06   2.2644043e+01
   2.9254050e+06   2.1667480e+01
   2.9387060e+06   2.1240234e+01
   2.9453980e+06   2.0629883e+01
   2.9755880e+06   2.5695801e+01
   2.9820710e+06   2.4291992e+01
   2.9899630e+06   2.1972656e+01
   2.9977580e+06   2.1179199e+01
   3.0002920e+06   2.0751953e+01
   3.0033320e+06   2.0507812e+01
   3.0279810e+06   2.0812988e+01
   3.0321820e+06   2.1179199e+01
   3.0458210e+06   2.2155762e+01
   3.0514900e+06   2.2644043e+01
   3.0594520e+06   2.0446777e+01
   3.0694930e+06   2.1179199e+01
   3.0726470e+06   2.0385742e+01
   3.0880090e+06   2.2705078e+01
   3.0889530e+06   2.0690918e+01
   3.0953950e+06   2.2521973e+01
   3.1088320e+06   2.2338867e+01
   3.1348800e+06   2.1240234e+01
   3.1422060e+06   2.5390625e+01
   3.1446060e+06   2.1667480e+01
   3.1470350e+06   2.0690918e+01
   3.1643950e+06   2.5268555e+01
   3.1701920e+06   2.0385742e+01
   3.1807770e+06   2.0629883e+01
   3.1809620e+06   2.4597168e+01
   3.1812910e+06   2.4475098e+01
   3.1813490e+06   2.0507812e+01
   3.1817370e+06   2.0446777e+01
   3.1820650e+06   2.1240234e+01
   3.1826650e+06   2.1545410e+01
   3.1843820e+06   2.0935059e+01
   3.1850340e+06   2.0446777e+01
   3.1875500e+06   2.1667480e+01
   3.1894370e+06   2.1301270e+01
   3.1960620e+06   2.3254395e+01
   3.1966030e+06   2.1728516e+01
   3.1966530e+06   2.1179199e+01
   3.1975100e+06   2.4597168e+01
   3.2223940e+06   2.1179199e+01
   3.2291540e+06   2.1789551e+01
   3.2791980e+06   2.0935059e+01
   3.3230480e+06   2.1057129e+01
   3.3433470e+06   2.3376465e+01
   3.3600760e+06   2.1606445e+01
   3.3890600e+06   2.0874023e+01
   3.3890760e+06   2.2888184e+01
   3.3892670e+06   2.1057129e+01
   3.3895580e+06   2.4353027e+01
   3.3897510e+06   2.3132324e+01
   3.3899440e+06   2.1362305e+01
   3.3900150e+06   2.0202637e+01
   3.3901540e+06   2.0385742e+01
   3.3906760e+06   2.5939941e+01
   3.3944330e+06   2.2338867e+01
   3.3947860e+06   2.4719238e+01
   3.3953580e+06   2.1301270e+01
   3.3986460e+06   2.1240234e+01
   3.3994500e+06   2.2644043e+01
   3.3994900e+06   2.0324707e+01
   3.4029050e+06   2.0324707e+01
   3.4029400e+06   2.1057129e+01
   3.4066120e+06   2.0568848e+01
   3.4580590e+06   2.5573730e+01
   3.4728640e+06   2.1423340e+01
   3.4732100e+06   2.2277832e+01
   3.4788930e+06   2.0629883e+01
   3.4806980e+06   2.2094727e+01
   3.4994130e+06   2.0324707e+01
   3.4994670e+06   2.4719238e+01
   3.4996230e+06   2.0812988e+01
   3.4997630e+06   2.3315430e+01
   3.4997760e+06   2.4719238e+01
   3.4998630e+06   2.5268555e+01
   3.5000640e+06   2.2827148e+01
   3.5003760e+06   2.1911621e+01
   3.5004840e+06   2.3254395e+01
   3.5008740e+06   2.2033691e+01
   3.5106820e+06   2.1301270e+01
   3.5434510e+06   2.1728516e+01
   3.5442000e+06   2.0385742e+01
   3.5791410e+06   2.0202637e+01
   3.6393690e+06   2.0690918e+01
   3.6809760e+06   2.0935059e+01
   3.6841780e+06   2.1423340e+01
   3.6877250e+06   2.0324707e+01
   3.6917790e+06   2.0874023e+01
   3.6985770e+06   2.0812988e+01
   3.7055420e+06   2.2460938e+01
   3.7112520e+06   2.0874023e+01
   3.7119090e+06   2.1789551e+01
   3.7120400e+06   2.1606445e+01
   3.7131910e+06   2.1484375e+01
   3.7275400e+06   2.1911621e+01
   3.7421680e+06   2.1545410e+01
   3.7426970e+06   2.1301270e+01
   3.7431780e+06   2.1789551e+01
   3.7496590e+06   2.2583008e+01
   3.7574340e+06   2.1484375e+01
   3.7587080e+06   2.0202637e+01
   3.7790760e+06   2.2155762e+01
   3.7810200e+06   2.1606445e+01
   3.7851200e+06   2.0202637e+01
   3.8049620e+06   2.0874023e+01
   3.8051250e+06   2.2155762e+01
   3.8052480e+06   2.5451660e+01
   3.8053220e+06   2.1179199e+01
   3.8053870e+06   2.6977539e+01
   3.8055210e+06   2.1484375e+01
   3.8055990e+06   2.3498535e+01
   3.8056880e+06   2.1606445e+01
   3.8059110e+06   2.4597168e+01
   3.8059350e+06   2.4353027e+01
   3.8147290e+06   2.0812988e+01
   3.8302280e+06   2.0324707e+01
   3.8426700e+06   2.0874023e+01
   3.8450250e+06   2.6550293e+01
   3.8641310e+06   2.2155762e+01
   3.8660930e+06   2.1240234e+01
   3.8663140e+06   2.0202637e+01
   3.8664170e+06   2.0507812e+01
   3.8664610e+06   2.0263672e+01
   3.8666290e+06   2.1911621e+01
   3.8667910e+06   2.1972656e+01
   3.8668550e+06   2.2155762e+01
   3.8672900e+06   2.2033691e+01
   3.8676030e+06   2.0507812e+01
   3.8737770e+06   2.4291992e+01
   3.8743060e+06   2.0202637e+01
   3.8749500e+06   2.1057129e+01
   3.8980490e+06   2.1606445e+01
   3.9157930e+06   2.0935059e+01
   3.9258320e+06   2.1606445e+01
   3.9416140e+06   2.1789551e+01
   3.9480250e+06   2.1606445e+01
   3.9495300e+06   2.0996094e+01
   3.9878540e+06   2.0507812e+01
   3.9934400e+06   2.1606445e+01
   3.9967560e+06   2.1545410e+01
   3.9994710e+06   2.4475098e+01
   4.0183710e+06   2.0263672e+01
   4.0256980e+06   2.0629883e+01
   4.0294210e+06   2.0874023e+01
   4.0358490e+06   2.0629883e+01
   4.0450420e+06   2.1301270e+01
   4.0616470e+06   2.0263672e+01
   4.0841650e+06   2.0385742e+01
   4.0856210e+06   2.4047852e+01
   4.0959410e+06   2.0751953e+01
   4.0982010e+06   2.2277832e+01
   4.0993130e+06   2.1545410e+01
   4.1113000e+06   2.1179199e+01
   4.1278020e+06   2.0385742e+01
   4.1589640e+06   2.1118164e+01
   4.1722780e+06   2.0690918e+01
   4.1900130e+06   2.1118164e+01
   4.2174330e+06   2.0935059e+01
   4.2187780e+06   2.3986816e+01
   4.2296510e+06   2.0568848e+01
   4.2415120e+06   2.0935059e+01
   4.2453580e+06   2.2766113e+01
   4.2511970e+06   2.1057129e+01
   4.2513560e+06   2.6855469e+01
   4.2513920e+06   2.0629883e+01
   4.2518550e+06   2.3559570e+01
   4.2559550e+06   2.3071289e+01
   4.2565490e+06   2.0324707e+01
   4.2567870e+06   2.0629883e+01
   4.2569620e+06   2.0996094e+01
   4.2574740e+06   2.1484375e+01
   4.3020980e+06   2.0385742e+01
   4.3080170e+06   2.1606445e+01
   4.3202350e+06   2.2277832e+01
   4.3303250e+06   2.1118164e+01
   4.3468080e+06   2.1972656e+01
   4.3478760e+06   2.0263672e+01
   4.3539030e+06   2.1789551e+01
   4.3584170e+06   2.3925781e+01
   4.3584760e+06   2.0385742e+01
   4.3586300e+06   2.0507812e+01
   4.3588400e+06   2.0507812e+01
   4.3589330e+06   2.0629883e+01
   4.3631590e+06   2.0568848e+01
   4.3839070e+06   2.1240234e+01
   4.3906230e+06   2.2888184e+01
   4.3966490e+06   2.0385742e+01
   4.4158920e+06   2.0812988e+01
   4.4319120e+06   2.1484375e+01
   4.4453590e+06   2.0507812e+01
   4.4534090e+06   2.2705078e+01
   4.4536390e+06   2.1484375e+01
   4.4584010e+06   2.2277832e+01
   4.4893040e+06   2.1911621e+01
   4.4900710e+06   2.0751953e+01
   4.5084680e+06   2.0568848e+01
   4.5130420e+06   2.0690918e+01
   4.5198260e+06   2.2521973e+01
   4.5247440e+06   2.3071289e+01
   4.5315830e+06   2.0507812e+01
   4.5394980e+06   2.0874023e+01
   4.5613480e+06   2.2521973e+01
   4.5741640e+06   2.3376465e+01
   4.6112470e+06   2.3986816e+01
   4.6186580e+06   2.1118164e+01
   4.6305970e+06   2.1362305e+01
   4.6455690e+06   2.0507812e+01
   4.6528970e+06   2.2277832e+01
   4.6591460e+06   2.0568848e+01
   4.6633430e+06   2.0263672e+01
   4.6853940e+06   2.1362305e+01
   4.7051570e+06   2.0202637e+01
   4.7124290e+06   2.2521973e+01
   4.7278860e+06   2.2399902e+01
   4.7345560e+06   2.0568848e+01
   4.7347910e+06   2.0263672e+01
   4.7663910e+06   2.2766113e+01
   4.7721370e+06   2.0263672e+01
   4.7765290e+06   2.3071289e+01
   4.7901690e+06   2.0263672e+01
   4.8232580e+06   2.1423340e+01
   4.8263320e+06   2.1240234e+01
   4.8308010e+06   2.3437500e+01
   4.8422930e+06   2.0629883e+01
   4.8451740e+06   2.2338867e+01
   4.8595320e+06   2.0202637e+01
   4.8661870e+06   2.0202637e+01
   4.8737650e+06   2.0324707e+01
   4.8788790e+06   2.2460938e+01
   4.8838980e+06   2.5146484e+01
   4.8932520e+06   2.1667480e+01
   4.9038640e+06   2.1545410e+01
   4.9134430e+06   2.1301270e+01
   4.9243550e+06   2.0446777e+01
   4.9296820e+06   2.2705078e+01
   4.9342350e+06   2.2277832e+01
   4.9506940e+06   2.0935059e+01
   4.9572590e+06   2.0751953e+01
   4.9617880e+06   2.0202637e+01
   4.9646330e+06   2.3132324e+01
   4.9776550e+06   2.3925781e+01
   4.9780110e+06   2.2827148e+01
   4.9780530e+06   2.3254395e+01
   4.9781050e+06   2.1057129e+01
   4.9782060e+06   2.5390625e+01
   4.9783280e+06   2.1179199e+01
   4.9784390e+06   2.3986816e+01
   4.9785460e+06   2.2216797e+01
   4.9786550e+06   2.0568848e+01
   4.9842350e+06   2.1423340e+01
   4.9848380e+06   2.0507812e+01
   4.9889140e+06   2.1240234e+01
   4.9889430e+06   2.1728516e+01
   4.9944770e+06   2.0690918e+01
   4.9950590e+06   2.0812988e+01
   5.0189400e+06   2.1240234e+01
   5.0247560e+06   2.2216797e+01
   5.0856650e+06   2.3864746e+01
   5.1070770e+06   2.1118164e+01
   5.1183440e+06   2.2521973e+01
   5.1262750e+06   2.0874023e+01
   5.1273010e+06   2.4230957e+01
   5.1655880e+06   2.2155762e+01
   5.1717640e+06   2.0751953e+01
   5.2153330e+06   2.2277832e+01
   5.2250970e+06   2.3620605e+01
   5.2292430e+06   2.1240234e+01
   5.2431260e+06   2.0751953e+01
   5.2516070e+06   2.1850586e+01
   5.2611760e+06   2.0385742e+01
   5.2631280e+06   2.2644043e+01
   5.2651870e+06   2.0874023e+01
   5.2736510e+06   2.2460938e+01
   5.2816520e+06   2.1240234e+01
   5.2970630e+06   2.0935059e+01
   5.3051670e+06   2.0568848e+01
   5.3067230e+06   2.0874023e+01
   5.3093080e+06   2.0812988e+01
   5.3098350e+06   2.0935059e+01
   5.3241060e+06   2.2705078e+01
   5.3457610e+06   2.1179199e+01
   5.3524610e+06   2.0996094e+01
   5.3601200e+06   2.0507812e+01
   5.3658120e+06   2.0263672e+01
   5.3786870e+06   2.0263672e+01
   5.3838050e+06   2.0996094e+01
   5.3887360e+06   2.0446777e+01
   5.3936560e+06   2.1545410e+01
   5.4377010e+06   2.2338867e+01
   5.4619100e+06   2.1972656e+01
   5.4722170e+06   2.2338867e+01
   5.4762280e+06   3.0639648e+01
   5.4799420e+06   2.5085449e+01
   5.4802860e+06   2.2155762e+01
   5.4803650e+06   2.2827148e+01
   5.4805050e+06   2.1179199e+01
   5.4805630e+06   2.7832031e+01
   5.4807280e+06   2.0935059e+01
   5.4807760e+06   2.2399902e+01
   5.4808230e+06   2.5390625e+01
   5.4809910e+06   2.1545410e+01
   5.4811190e+06   2.0751953e+01
   5.4811440e+06   2.0874023e+01
   5.4824570e+06   2.0629883e+01
   5.4877600e+06   2.2216797e+01
   5.4891650e+06   2.0324707e+01
   5.4903290e+06   2.0507812e+01
   5.5194290e+06   2.0507812e+01
   5.5741970e+06   2.1789551e+01
   5.5900570e+06   3.0090332e+01
   5.5969850e+06   2.3620605e+01
   5.5973700e+06   2.0629883e+01
   5.6215290e+06   2.3498535e+01
   5.6361060e+06   2.1301270e+01
   5.6501640e+06   2.5268555e+01
   5.6523560e+06   2.0568848e+01
   5.6653100e+06   2.0324707e+01
   5.6676700e+06   2.0874023e+01
   5.6695130e+06   2.2583008e+01
   5.6747350e+06   2.1423340e+01
   5.6805280e+06   2.0812988e+01
   5.6858310e+06   2.4108887e+01
   5.6911930e+06   2.2216797e+01
   5.7094090e+06   2.2766113e+01
   5.7123570e+06   2.3437500e+01
   5.7516120e+06   2.1301270e+01
   5.7571510e+06   2.5390625e+01
   5.7583180e+06   2.0202637e+01
   5.7834620e+06   2.2888184e+01
   5.7845470e+06   2.1850586e+01
   5.8053500e+06   2.1118164e+01
   5.8257440e+06   2.0751953e+01
   5.8371650e+06   2.0751953e+01
   5.8579650e+06   2.2583008e+01
   5.8589390e+06   2.2827148e+01
   5.8595510e+06   2.2277832e+01
   5.8596680e+06   2.6855469e+01
   5.8815860e+06   2.1728516e+01
   5.8829420e+06   2.3559570e+01
   5.8838650e+06   2.4902344e+01
   5.9194500e+06   2.0324707e+01
   5.9285900e+06   2.0202637e+01
   5.9429400e+06   2.0385742e+01
   5.9437740e+06   2.0385742e+01
   5.9692880e+06   2.0324707e+01
   5.9777830e+06   2.2216797e+01
   5.9871090e+06   2.1667480e+01
   5.9872120e+06   2.2460938e+01
   5.9873560e+06   2.1179199e+01
   5.9999390e+06   2.2338867e+01
   6.0004780e+06   2.1423340e+01
   6.0005840e+06   2.3132324e+01
   6.0009430e+06   2.2644043e+01
   6.0017050e+06   2.3681641e+01
   6.0021220e+06   2.2338867e+01
   6.0071260e+06   2.2460938e+01
   6.0075410e+06   2.3010254e+01
   6.0165680e+06   2.1118164e+01
   6.0601750e+06   2.2277832e+01
   6.0610440e+06   2.0751953e+01
   6.0813430e+06   2.1057129e+01
   6.1022160e+06   2.0812988e+01
   6.1068540e+06   2.0874023e+01
   6.1145390e+06   2.1606445e+01
   6.1176700e+06   2.1545410e+01
   6.1239040e+06   2.0629883e+01
   6.1494790e+06   2.2521973e+01
   6.1528590e+06   2.0996094e+01
   6.1547190e+06   2.1606445e+01
   6.1674120e+06   2.1728516e+01
   6.1814720e+06   2.1484375e+01
   6.2073370e+06   2.2155762e+01
   6.2135350e+06   2.0874023e+01
   6.2180750e+06   2.0751953e+01
   6.2227370e+06   2.0935059e+01
   6.2433790e+06   2.4169922e+01
   6.2473500e+06   2.0996094e+01
   6.2524830e+06   2.2033691e+01
   6.2863740e+06   2.1850586e+01
   6.3014170e+06   2.1423340e+01
   6.3088040e+06   2.0568848e+01
   6.3146970e+06   2.4169922e+01
   6.3296200e+06   2.1179199e+01
   6.3595310e+06   2.1301270e+01
   6.3646220e+06   2.1179199e+01
   6.4048660e+06   2.1362305e+01
   6.4084140e+06   2.4230957e+01
   6.4137550e+06   2.2583008e+01
   6.4175040e+06   2.0568848e+01
   6.4241190e+06   2.1118164e+01
   6.4377460e+06   2.1850586e+01
   6.4454120e+06   2.0690918e+01
   6.4586750e+06   2.1484375e+01
   6.4870540e+06   2.1362305e+01
   6.5949720e+06   2.3742676e+01
   6.5950540e+06   2.0996094e+01
   6.5950860e+06   2.4780273e+01
   6.5951930e+06   2.3620605e+01
   6.5952680e+06   3.0761719e+01
   6.5954500e+06   2.2094727e+01
   6.5954820e+06   2.1484375e+01
   6.5955610e+06   2.0629883e+01
   6.5955980e+06   2.3803711e+01
   6.5956450e+06   2.5268555e+01
   6.6038800e+06   2.0629883e+01
   6.6078300e+06   2.1057129e+01
   6.6079990e+06   2.4353027e+01
   6.6207640e+06   2.2705078e+01
   6.6335600e+06   2.2338867e+01
   6.6378420e+06   2.1362305e+01
   6.6490210e+06   2.0751953e+01
   6.6500280e+06   2.0690918e+01
   6.6625990e+06   2.0690918e+01
   6.6725820e+06   2.1911621e+01
   6.7026390e+06   2.1545410e+01
   6.7123210e+06   2.0874023e+01
   6.7294690e+06   2.2033691e+01
   6.7400420e+06   2.1667480e+01
   6.7484350e+06   2.0751953e+01
   6.7589520e+06   2.0751953e+01
   6.7624840e+06   2.0629883e+01
   6.7625220e+06   2.1240234e+01
   6.7663690e+06   2.5695801e+01
   6.7751450e+06   2.0874023e+01
   6.7868550e+06   2.1362305e+01
   6.7964370e+06   2.1423340e+01
   6.8291640e+06   2.0751953e+01
   6.8297600e+06   2.0935059e+01
   6.8337760e+06   2.1789551e+01
   6.8445330e+06   2.1850586e+01
   6.8618940e+06   2.0935059e+01
   6.8759630e+06   2.1118164e+01
   6.8819710e+06   2.0812988e+01
   6.8821960e+06   2.0812988e+01
   6.8823150e+06   3.0456543e+01
   6.8824580e+06   2.1179199e+01
   6.8828770e+06   2.2216797e+01
   6.8829260e+06   2.5207520e+01
   6.8897960e+06   3.1616211e+01
   6.9049140e+06   2.6550293e+01
   6.9552680e+06   2.2216797e+01
   6.9589290e+06   2.0568848e+01
   6.9604180e+06   2.1972656e+01
   6.9649880e+06   2.0568848e+01
   6.9923380e+06   2.1606445e+01
   7.0222220e+06   2.1362305e+01
   7.0425020e+06   2.0812988e+01
   7.0559090e+06   2.1606445e+01
   7.0706420e+06   2.1911621e+01
   7.0794560e+06   2.1179199e+01
   7.1149540e+06   2.3498535e+01
   7.1379400e+06   2.3071289e+01
   7.1426340e+06   2.0568848e+01
   7.1543830e+06   2.3193359e+01
   7.1794540e+06   2.0812988e+01
   7.1982530e+06   2.1789551e+01
   7.1992480e+06   2.6245117e+01
   7.2038170e+06   2.4169922e+01
   7.2116440e+06   2.1362305e+01
   7.2126520e+06   2.1240234e+01
   7.2129730e+06   2.0629883e+01
   7.2132700e+06   2.2460938e+01
   7.2451510e+06   2.0690918e+01
   7.2534540e+06   2.0568848e+01
   7.2893230e+06   2.0751953e+01
   7.2950220e+06   2.1484375e+01
   7.3029170e+06   2.0935059e+01
   7.3360320e+06   2.2399902e+01
   7.3514250e+06   2.2705078e+01
   7.3546220e+06   2.2644043e+01
   7.3731770e+06   2.1484375e+01
   7.3759440e+06   2.4047852e+01
   7.3811050e+06   2.1972656e+01
   7.3967500e+06   2.5878906e+01
   7.4011420e+06   2.0996094e+01
   7.4013460e+06   2.0690918e+01
   7.4060670e+06   2.1423340e+01
   7.4095530e+06   2.1057129e+01
   7.4200680e+06   2.1423340e+01
   7.4379520e+06   2.1728516e+01
   7.4724180e+06   2.3071289e+01
   7.4744070e+06   2.6062012e+01
   7.4816280e+06   2.2094727e+01
   7.5072020e+06   2.1057129e+01
   7.5135390e+06   2.1240234e+01
   7.5168520e+06   2.0935059e+01
   7.5240470e+06   2.0690918e+01
   7.5262000e+06   2.0874023e+01
   7.5536930e+06   2.2094727e+01
   7.5552580e+06   2.3010254e+01
   7.5675910e+06   2.0629883e+01
   7.5921420e+06   2.1362305e+01
   7.5955350e+06   2.1484375e+01
   7.6020080e+06   2.0996094e+01
   7.6049730e+06   2.0568848e+01
   7.6181920e+06   2.1789551e+01
   7.6184030e+06   2.6428223e+01
   7.6185250e+06   2.2216797e+01
   7.6187200e+06   2.1301270e+01
   7.6188200e+06   2.0935059e+01
   7.6188960e+06   2.1362305e+01
   7.6190170e+06   2.5390625e+01
   7.6194120e+06   2.2521973e+01
   7.6197010e+06   2.1911621e+01
   7.6239980e+06   2.1972656e+01
   7.6252330e+06   2.2155762e+01
   7.6257610e+06   2.1301270e+01
   7.6263000e+06   2.1850586e+01
   7.6275360e+06   2.0812988e+01
   7.6281430e+06   2.4291992e+01
   7.6315040e+06   2.4230957e+01
   7.6336260e+06   2.2338867e+01
   7.6353550e+06   2.0751953e+01
   7.6603110e+06   2.1484375e+01
   7.6981610e+06   2.1179199e+01
   7.7143710e+06   2.2827148e+01
   7.7186430e+06   2.4108887e+01
   7.7341200e+06   2.2583008e+01
   7.7463470e+06   2.5695801e+01
   7.7464630e+06   2.0751953e+01
   7.7464790e+06   2.7465820e+01
   7.7465620e+06   2.4169922e+01
   7.7467540e+06   2.2583008e+01
   7.7467790e+06   2.1728516e+01
   7.7468370e+06   2.6489258e+01
   7.7473380e+06   2.5268555e+01
   7.7540880e+06   2.1057129e+01
   7.7551720e+06   2.2766113e+01
   7.7558070e+06   2.4291992e+01
   7.7560960e+06   2.5207520e+01
   7.7584370e+06   2.1179199e+01
   7.7653350e+06   2.1423340e+01
   7.7694780e+06   2.0568848e+01
   7.7802700e+06   2.0935059e+01
   7.7915020e+06   2.1484375e+01
   7.8014170e+06   2.3376465e+01
   7.8276340e+06   2.1301270e+01
   7.8303010e+06   2.0996094e+01
   7.8461750e+06   2.0568848e+01
   7.8580590e+06   2.0935059e+01
   7.8740750e+06   2.1484375e+01
   7.8792110e+06   2.2827148e+01
   7.8817480e+06   2.1728516e+01
   7.8960670e+06   2.2155762e+01
   7.9031510e+06   2.1606445e+01
   7.9076550e+06   2.1911621e+01
   7.9198310e+06   2.0874023e+01
   7.9272610e+06   2.2216797e+01
   7.9484680e+06   2.5268555e+01
   7.9487190e+06   2.3620605e+01
   7.9490870e+06   2.1972656e+01
   7.9493910e+06   2.3925781e+01
   7.9498300e+06   2.2338867e+01
   7.9506970e+06   2.1179199e+01
   7.9559200e+06   2.0996094e+01
   7.9835820e+06   2.1057129e+01
   8.0109690e+06   2.2827148e+01
   8.0257880e+06   2.0874023e+01
   8.0450040e+06   2.1301270e+01
   8.0546190e+06   2.5756836e+01
   8.0546880e+06   2.0935059e+01
   8.0600410e+06   2.2888184e+01
   8.0703080e+06   2.0812988e+01
   8.0821920e+06   2.2277832e+01
   8.0877000e+06   2.1606445e+01
   8.1048120e+06   2.0568848e+01
   8.1142460e+06   2.0874023e+01
   8.1316560e+06   2.1545410e+01
   8.1749380e+06   2.2521973e+01
   8.2053690e+06   2.0996094e+01
   8.2133320e+06   2.1423340e+01
   8.2329100e+06   2.2277832e+01
   8.2396070e+06   2.1301270e+01
   8.2414470e+06   2.1423340e+01
   8.2521920e+06   2.0568848e+01
   8.2565250e+06   2.0874023e+01
   8.2618030e+06   2.0629883e+01
   8.2663750e+06   2.2827148e+01
   8.2751030e+06   2.0568848e+01
   8.2783050e+06   2.1484375e+01
   8.3324990e+06   2.0629883e+01
   8.3422120e+06   2.2155762e+01
   8.3771520e+06   2.0874023e+01
   8.3986140e+06   2.3620605e+01
   8.3990970e+06   2.1789551e+01
   8.3995340e+06   2.0751953e+01
   8.3996630e+06   2.4353027e+01
   8.4055280e+06   2.2277832e+01
   8.4067490e+06   2.0690918e+01
   8.4416920e+06   2.1179199e+01
   8.4702310e+06   2.2216797e+01
   8.4835930e+06   2.2155762e+01
   8.5157320e+06   2.1423340e+01
   8.5388610e+06   2.2033691e+01
   8.5417850e+06   2.3986816e+01
   8.5463030e+06   2.0935059e+01
   8.5484150e+06   2.1057129e+01
   8.5611670e+06   2.2033691e+01
   8.5645770e+06   2.1301270e+01
   8.5649180e+06   2.1728516e+01
   8.5980090e+06   2.5817871e+01
   8.5981780e+06   2.4719238e+01
   8.5983680e+06   2.1240234e+01
   8.5985680e+06   2.0629883e+01
   8.5986630e+06   2.2033691e+01
   8.5987800e+06   2.1667480e+01
   8.5988620e+06   2.2033691e+01
   8.5992440e+06   2.3193359e+01
   8.6002680e+06   2.0935059e+01
   8.6168480e+06   2.1240234e+01
   8.6286260e+06   2.1667480e+01
   8.6644820e+06   2.0568848e+01
   8.6710240e+06   2.3681641e+01
   8.6890310e+06   2.4658203e+01
   8.7276620e+06   2.0874023e+01
   8.7345260e+06   2.5451660e+01
   8.7350100e+06   2.2521973e+01
   8.7352530e+06   2.0812988e+01
   8.7355560e+06   2.3742676e+01
   8.7357890e+06   2.0568848e+01
   8.7358150e+06   2.1606445e+01
   8.7359370e+06   2.1240234e+01
   8.7366620e+06   2.4475098e+01
   8.7476890e+06   2.1240234e+01
   8.7481600e+06   2.1240234e+01
   8.7800850e+06   2.0568848e+01
   8.7878570e+06   2.1179199e+01
   8.7967740e+06   2.1606445e+01
   8.8303970e+06   2.3315430e+01
   8.8304280e+06   2.1301270e+01
   8.8305310e+06   2.6245117e+01
   8.8305810e+06   2.1850586e+01
   8.8307750e+06   2.3864746e+01
   8.8308670e+06   2.1179199e+01
   8.8312950e+06   2.2155762e+01
   8.8324990e+06   2.4841309e+01
   8.8442250e+06   2.1179199e+01
   8.8812860e+06   2.1301270e+01
   8.9074240e+06   2.3071289e+01
   8.9104470e+06   2.1728516e+01
   8.9264220e+06   2.3437500e+01
   8.9307890e+06   2.0629883e+01
   8.9370480e+06   2.0996094e+01
   8.9640710e+06   2.1911621e+01
   8.9893920e+06   3.1921387e+01
   8.9922040e+06   2.0568848e+01
   8.9923490e+06   2.1179199e+01
   9.0187820e+06   2.0690918e+01
   9.0465940e+06   2.3376465e+01
   9.0764090e+06   2.3254395e+01
   9.1030590e+06   2.0568848e+01
   9.1059650e+06   2.0690918e+01
   9.1139430e+06   2.3254395e+01
   9.1202810e+06   2.2766113e+01
   9.1259390e+06   2.0996094e+01
   9.1315790e+06   2.1484375e+01
   9.1374060e+06   2.2399902e+01
   9.1377680e+06   2.2277832e+01
   9.1423710e+06   2.0507812e+01
   9.1690380e+06   2.0568848e+01
   9.2105040e+06   2.1545410e+01
   9.2137250e+06   2.2705078e+01
   9.2321000e+06   2.1728516e+01
   9.2370270e+06   2.0874023e+01
   9.2576930e+06   2.1057129e+01
   9.2689180e+06   2.1606445e+01
   9.2940370e+06   2.0751953e+01
   9.3898310e+06   2.0751953e+01
   9.4024800e+06   2.2460938e+01
   9.4117390e+06   2.0507812e+01
   9.4216760e+06   2.2583008e+01
   9.4295120e+06   2.1057129e+01
   9.4388890e+06   2.0751953e+01
   9.4449670e+06   2.0385742e+01
   9.4548150e+06   2.1240234e+01
   9.4573760e+06   2.3071289e+01
   9.4661080e+06   2.2277832e+01
   9.4846820e+06   2.1362305e+01
   9.4944260e+06   2.1057129e+01
   9.5001800e+06   2.1789551e+01
   9.5021090e+06   2.0812988e+01
   9.5038830e+06   2.2277832e+01
   9.5093080e+06   2.1118164e+01
   9.5251150e+06   2.0690918e+01
   9.5304450e+06   2.0385742e+01
   9.5437770e+06   2.1789551e+01
   9.5514450e+06   2.2583008e+01
   9.5652190e+06   2.1484375e+01
   9.5668530e+06   2.1545410e+01
   9.5697940e+06   2.1179199e+01
   9.5698320e+06   2.0568848e+01
   9.5698560e+06   2.1911621e+01
   9.5699570e+06   2.3071289e+01
   9.5701340e+06   2.8259277e+01
   9.5722880e+06   2.0446777e+01
   9.5759710e+06   2.1179199e+01
   9.5880890e+06   2.2521973e+01
   9.5911150e+06   2.2766113e+01
   9.6330450e+06   2.1728516e+01
   9.6485200e+06   2.7526855e+01
   9.6558580e+06   2.0385742e+01
   9.6729080e+06   2.1240234e+01
   9.6950510e+06   2.2399902e+01
   9.6956940e+06   2.1118164e+01
   9.6961350e+06   2.1301270e+01
   9.6962740e+06   2.1423340e+01
   9.6964440e+06   2.2888184e+01
   9.6965550e+06   2.7282715e+01
   9.6971710e+06   2.0874023e+01
   9.7024730e+06   2.2216797e+01
   9.7039900e+06   2.1240234e+01
   9.7077490e+06   2.0507812e+01
   9.7255500e+06   2.2216797e+01
   9.7258500e+06   2.0385742e+01
   9.7420120e+06   2.1484375e+01
   9.7540510e+06   2.4230957e+01
   9.7954730e+06   2.3132324e+01
   9.8011210e+06   2.0446777e+01
   9.8031630e+06   2.0385742e+01
   9.8053350e+06   2.1057129e+01
   9.8127670e+06   2.4597168e+01
   9.8171030e+06   2.0935059e+01
   9.8274080e+06   2.0446777e+01
   9.8495980e+06   2.0568848e+01
   9.8767440e+06   2.0812988e+01
   9.8792340e+06   2.2216797e+01
   9.9129660e+06   2.4780273e+01
   9.9171140e+06   2.1118164e+01
   9.9343280e+06   2.0568848e+01
   9.9438440e+06   2.0446777e+01
   9.9668810e+06   2.1423340e+01
   9.9803290e+06   2.1667480e+01
   9.9941390e+06   2.1911621e+01
   9.9945560e+06   2.2216797e+01
   1.0004846e+07   2.2644043e+01
   1.0006527e+07   2.0507812e+01
   1.0007274e+07   2.1240234e+01
   1.0057388e+07   2.0874023e+01
   1.0072634e+07   2.1728516e+01
   1.0072729e+07   2.0507812e+01
   1.0072750e+07   2.0507812e+01
   1.0072773e+07   2.1362305e+01
   1.0072926e+07   2.3803711e+01
   1.0072971e+07   2.3925781e+01
   1.0073145e+07   2.5573730e+01
   1.0073433e+07   2.4902344e+01
   1.0073905e+07   2.1362305e+01
   1.0073982e+07   2.1850586e+01
   1.0074129e+07   2.0385742e+01
   1.0080050e+07   2.2644043e+01
   1.0080393e+07   2.0874023e+01
   1.0080882e+07   2.0751953e+01
   1.0084810e+07   2.0935059e+01
   1.0085001e+07   2.3254395e+01
   1.0126336e+07   2.2033691e+01
   1.0126559e+07   2.4353027e+01
   1.0135582e+07   2.1667480e+01
   1.0156585e+07   2.1179199e+01
   1.0180942e+07   2.2460938e+01
   1.0188797e+07   2.3437500e+01
   1.0213981e+07   2.2460938e+01
   1.0214225e+07   2.2460938e+01
   1.0214258e+07   2.2094727e+01
   1.0214460e+07   2.1972656e+01
   1.0214543e+07   2.0751953e+01
   1.0214921e+07   2.7343750e+01
   1.0215762e+07   2.1484375e+01
   1.0217094e+07   2.1911621e+01
   1.0227975e+07   2.1667480e+01
   1.0235617e+07   2.0751953e+01
   1.0247436e+07   2.0690918e+01
   1.0253312e+07   2.1850586e+01
   1.0269476e+07   2.0507812e+01
   1.0298719e+07   2.2216797e+01
   1.0318302e+07   2.1301270e+01
   1.0402901e+07   2.1850586e+01
   1.0407112e+07   2.0446777e+01
   1.0430120e+07   2.1118164e+01
   1.0436574e+07   2.1057129e+01
   1.0453663e+07   2.0568848e+01
   1.0461155e+07   2.1911621e+01
   1.0469831e+07   2.0629883e+01
   1.0515091e+07   2.1972656e+01
   1.0521596e+07   2.0996094e+01
   1.0532299e+07   2.0446777e+01
   1.0535818e+07   2.1972656e+01
   1.0551247e+07   2.0935059e+01
   1.0554294e+07   2.1179199e+01
   1.0554388e+07   2.2583008e+01
   1.0554441e+07   2.4169922e+01
   1.0554458e+07   2.5451660e+01
   1.0554615e+07   2.1057129e+01
   1.0554685e+07   2.2460938e+01
   1.0554753e+07   2.1972656e+01
   1.0554869e+07   2.0629883e+01
   1.0554968e+07   2.0446777e+01
   1.0555062e+07   2.1057129e+01
   1.0555237e+07   2.1606445e+01
   1.0555382e+07   2.1728516e+01
   1.0560847e+07   2.5451660e+01
   1.0579741e+07   2.2277832e+01
   1.0598787e+07   2.0385742e+01
   1.0617047e+07   2.2644043e+01
   1.0637636e+07   2.1179199e+01
   1.0646548e+07   2.2888184e+01
   1.0646892e+07   2.2094727e+01
   1.0647018e+07   2.1240234e+01
   1.0647044e+07   2.1301270e+01
   1.0647151e+07   2.5634766e+01
   1.0647250e+07   2.2644043e+01
   1.0647906e+07   2.1545410e+01
   1.0648209e+07   2.1240234e+01
   1.0717723e+07   2.0996094e+01
   1.0737441e+07   2.7282715e+01
   1.0737529e+07   2.1972656e+01
   1.0737638e+07   2.1972656e+01
   1.0738004e+07   2.2583008e+01
   1.0738087e+07   2.6733398e+01
   1.0768371e+07   2.1057129e+01
   1.0777515e+07   2.0874023e+01
   1.0813365e+07   2.4108887e+01
   1.0832943e+07   2.1972656e+01
   1.0833176e+07   2.0629883e+01
   1.0833303e+07   2.0507812e+01
   1.0833557e+07   2.1545410e+01
   1.0833721e+07   2.1545410e+01
   1.0834207e+07   2.2277832e+01
   1.0834314e+07   2.3498535e+01
   1.0834573e+07   2.4230957e+01
   1.0843063e+07   2.0568848e+01
   1.0848098e+07   2.0935059e+01
   1.0871975e+07   2.1545410e+01
   1.0878945e+07   2.1667480e+01
   1.0894746e+07   2.2949219e+01
   1.0930540e+07   2.2583008e+01
   1.0960075e+07   2.2460938e+01
   1.1016248e+07   2.1118164e+01
   1.1020648e+07   2.1972656e+01
   1.1021646e+07   2.0568848e+01
   1.1026662e+07   2.1667480e+01
   1.1039848e+07   2.1179199e+01
   1.1040003e+07   2.5634766e+01
   1.1040090e+07   2.3559570e+01
   1.1040783e+07   2.6855469e+01
   1.1075644e+07   2.0751953e+01
   1.1075806e+07   2.1057129e+01
   1.1075955e+07   2.1911621e+01
   1.1076018e+07   2.0874023e+01
   1.1076805e+07   2.3498535e+01
   1.1099347e+07   2.1484375e+01
   1.1117047e+07   2.1545410e+01
   1.1121482e+07   2.0385742e+01
   1.1135748e+07   2.0935059e+01
   1.1139901e+07   2.0690918e+01
   1.1152683e+07   2.1667480e+01
   1.1165521e+07   2.1484375e+01
   1.1165773e+07   2.3925781e+01
   1.1176165e+07   2.0629883e+01
   1.1194287e+07   2.0996094e+01
   1.1198220e+07   2.1423340e+01
   1.1206171e+07   2.1057129e+01
   1.1216142e+07   2.0385742e+01
   1.1220666e+07   2.0996094e+01
   1.1223847e+07   2.1789551e+01
   1.1253457e+07   2.0874023e+01
   1.1264925e+07   2.0996094e+01
   1.1270886e+07   2.2094727e+01
   1.1274003e+07   2.1667480e+01
   1.1276985e+07   2.5695801e+01
   1.1280659e+07   2.0751953e+01
   1.1301121e+07   2.0874023e+01
   1.1347755e+07   2.0568848e+01
   1.1358455e+07   2.1423340e+01
   1.1358831e+07   2.1057129e+01
   1.1358927e+07   2.0690918e+01
   1.1359541e+07   2.0446777e+01
   1.1359565e+07   2.4353027e+01
   1.1359806e+07   2.1057129e+01
   1.1360112e+07   2.0690918e+01
   1.1360157e+07   2.1118164e+01
   1.1360339e+07   2.0629883e+01
   1.1401911e+07   2.3132324e+01
   1.1407451e+07   2.1423340e+01
   1.1413041e+07   2.4230957e+01
   1.1413705e+07   2.1118164e+01
   1.1413733e+07   2.0446777e+01
   1.1468818e+07   2.0385742e+01
   1.1471861e+07   2.0507812e+01
   1.1476355e+07   2.1667480e+01
   1.1486709e+07   2.1423340e+01
   1.1489081e+07   2.1179199e+01
   1.1503789e+07   2.1423340e+01
   1.1505320e+07   2.3254395e+01
   1.1517934e+07   2.2216797e+01
   1.1556732e+07   2.2033691e+01
   1.1570981e+07   2.2460938e+01
   1.1587136e+07   2.0751953e+01
   1.1639910e+07   2.0935059e+01
   1.1640153e+07   2.1789551e+01
   1.1640195e+07   3.1738281e+01
   1.1640242e+07   2.2094727e+01
   1.1640673e+07   2.0690918e+01
   1.1646184e+07   2.3376465e+01
   1.1686078e+07   2.0568848e+01
   1.1686219e+07   2.0568848e+01
   1.1686683e+07   2.4047852e+01
   1.1745386e+07   2.1606445e+01
   1.1747690e+07   2.3071289e+01
   1.1812424e+07   2.3254395e+01
   1.1837123e+07   2.5390625e+01
   1.1842435e+07   2.2216797e+01
   1.1855853e+07   2.3071289e+01
   1.1886125e+07   2.0507812e+01
   1.1904405e+07   2.1484375e+01
   1.1921327e+07   2.0751953e+01
   1.1943326e+07   2.1545410e+01
   1.1943550e+07   2.0751953e+01
   1.1969271e+07   2.0690918e+01
