   1.1999000e+07   0.0000000e+00
   1.2640000e+03   2.2094727e+01
   2.9200000e+03   2.1728516e+01
   3.4230000e+03   2.2033691e+01
   2.9685000e+04   2.0812988e+01
   2.9835000e+04   2.1911621e+01
   3.1774000e+04   2.0996094e+01
   3.7767000e+04   2.2155762e+01
   3.7997000e+04   2.1911621e+01
   4.1971000e+04   2.1606445e+01
   4.3152000e+04   2.0629883e+01
   4.5525000e+04   2.3010254e+01
   4.5734000e+04   2.1057129e+01
   4.5923000e+04   2.0874023e+01
   4.7849000e+04   2.4108887e+01
   4.8102000e+04   2.0690918e+01
   5.3967000e+04   2.1789551e+01
   5.4200000e+04   2.2827148e+01
   7.7652000e+04   2.3620605e+01
   8.3070000e+04   2.2033691e+01
   8.4250000e+04   2.2644043e+01
   8.4662000e+04   2.3071289e+01
   9.1653000e+04   2.1606445e+01
   9.2576000e+04   2.1484375e+01
   9.4779000e+04   2.2338867e+01
   9.6082000e+04   2.5207520e+01
   9.7322000e+04   2.4963379e+01
   9.7763000e+04   2.2766113e+01
   1.0716000e+05   2.2399902e+01
   1.0961700e+05   2.0996094e+01
   1.1066800e+05   2.0812988e+01
   1.1147000e+05   2.4353027e+01
   1.1322700e+05   2.0812988e+01
   1.2022000e+05   2.1667480e+01
   1.2372500e+05   2.5878906e+01
   1.3087600e+05   2.5146484e+01
   1.3097100e+05   2.3315430e+01
   1.3406700e+05   2.1240234e+01
   1.5590900e+05   2.1484375e+01
   1.5627700e+05   2.1118164e+01
   1.5810600e+05   2.1850586e+01
   1.5897000e+05   2.1057129e+01
   1.7141100e+05   2.1606445e+01
   1.8299900e+05   2.1301270e+01
   1.8499400e+05   2.7526855e+01
   1.8669300e+05   2.4902344e+01
   2.1238200e+05   2.0935059e+01
   2.1275700e+05   2.6000977e+01
   2.3657300e+05   2.0568848e+01
   2.3906700e+05   2.3620605e+01
   2.3932700e+05   2.0935059e+01
   2.4073000e+05   2.0751953e+01
   2.4295700e+05   2.2644043e+01
   2.5651700e+05   2.2277832e+01
   2.5679400e+05   2.1118164e+01
   2.6765100e+05   2.2155762e+01
   2.6826800e+05   2.3498535e+01
   2.6850700e+05   2.7709961e+01
   2.8088500e+05   2.2521973e+01
   2.8218100e+05   2.3071289e+01
   2.8762400e+05   2.1606445e+01
   2.9323200e+05   2.3742676e+01
   3.3013000e+05   2.2338867e+01
   3.3747300e+05   2.5756836e+01
   3.4350800e+05   2.4047852e+01
   3.4386300e+05   2.1362305e+01
   3.4423500e+05   2.1728516e+01
   3.5379800e+05   2.1057129e+01
   3.7314500e+05   2.1301270e+01
   3.7456500e+05   2.2705078e+01
   3.7526600e+05   2.1362305e+01
   3.7557500e+05   2.3376465e+01
   3.8503300e+05   2.4841309e+01
   3.8806800e+05   2.0996094e+01
   3.8835000e+05   2.1728516e+01
   3.9906200e+05   2.2277832e+01
   4.0060900e+05   2.1667480e+01
   4.0382700e+05   2.0690918e+01
   4.0875900e+05   2.5634766e+01
   4.1516500e+05   2.4414062e+01
   4.2552800e+05   2.3010254e+01
   4.2592800e+05   2.2949219e+01
   4.3477900e+05   2.3254395e+01
   4.3623400e+05   2.0812988e+01
   4.5585800e+05   2.1118164e+01
   4.5724800e+05   2.1362305e+01
   4.6651400e+05   2.0568848e+01
   4.8506400e+05   2.4291992e+01
   4.8548300e+05   2.3071289e+01
   4.8587000e+05   2.0568848e+01
   4.8654100e+05   2.2155762e+01
   4.9076600e+05   2.1545410e+01
   4.9617900e+05   2.1484375e+01
   5.0875900e+05   2.4108887e+01
   5.1027800e+05   2.1301270e+01
   5.1038400e+05   2.1240234e+01
   5.1879100e+05   2.2033691e+01
   5.2092500e+05   2.1118164e+01
   5.2666900e+05   2.0507812e+01
   5.2685200e+05   2.0874023e+01
   5.3214200e+05   2.6916504e+01
   5.4423700e+05   2.1484375e+01
   5.5482700e+05   2.1057129e+01
   5.5587500e+05   2.1606445e+01
   5.5618500e+05   2.1362305e+01
   5.6326900e+05   2.3437500e+01
   5.8043100e+05   2.2521973e+01
   5.8060500e+05   2.1240234e+01
   5.8573500e+05   2.2460938e+01
   5.8980000e+05   2.1911621e+01
   5.9572400e+05   2.5695801e+01
   5.9576200e+05   2.3193359e+01
   5.9718100e+05   2.1606445e+01
   5.9730000e+05   2.1545410e+01
   6.0067200e+05   2.1789551e+01
   6.1013600e+05   2.1362305e+01
   6.1231200e+05   2.0812988e+01
   6.2237900e+05   2.0935059e+01
   6.2635900e+05   2.1240234e+01
   6.3183000e+05   2.3986816e+01
   6.4766900e+05   2.0996094e+01
   6.6560200e+05   2.1728516e+01
   6.7071400e+05   2.2277832e+01
   6.7724900e+05   2.1240234e+01
   6.7848200e+05   2.5878906e+01
   6.8060500e+05   2.1850586e+01
   6.8766800e+05   2.2705078e+01
   7.0004300e+05   2.2644043e+01
   7.0370700e+05   2.3132324e+01
   7.0406000e+05   2.1484375e+01
   7.1956000e+05   2.0629883e+01
   7.2285200e+05   2.1484375e+01
   7.3060900e+05   2.2827148e+01
   7.3471500e+05   2.3010254e+01
   7.4921300e+05   2.1972656e+01
   7.8024800e+05   2.3071289e+01
   7.8048200e+05   2.1606445e+01
   7.8671000e+05   2.0568848e+01
   8.0094200e+05   2.1484375e+01
   8.0302000e+05   2.1057129e+01
   8.2148600e+05   2.3986816e+01
   8.3210400e+05   2.3803711e+01
   8.4696400e+05   2.0874023e+01
   8.6379400e+05   2.1240234e+01
   8.6388700e+05   2.1057129e+01
   8.7014300e+05   2.0812988e+01
   8.7362200e+05   2.0996094e+01
   8.7670000e+05   2.1057129e+01
   8.8758600e+05   2.0507812e+01
   8.8765700e+05   2.3742676e+01
   8.8795600e+05   2.3437500e+01
   8.8824800e+05   2.2399902e+01
   8.8955900e+05   2.1972656e+01
   8.9446400e+05   2.3254395e+01
   8.9786100e+05   2.4108887e+01
   9.0467000e+05   2.1301270e+01
   9.0521100e+05   2.3132324e+01
   9.0541500e+05   2.1301270e+01
   9.0863300e+05   2.1667480e+01
   9.0871200e+05   2.2277832e+01
   9.1124700e+05   2.0812988e+01
   9.1589100e+05   2.1301270e+01
   9.1758200e+05   2.2583008e+01
   9.3918700e+05   2.0996094e+01
   9.3941500e+05   2.4597168e+01
   9.4457500e+05   2.2399902e+01
   9.4878300e+05   2.2766113e+01
   9.5713100e+05   2.1362305e+01
   9.5744200e+05   2.1728516e+01
   9.5833900e+05   2.5024414e+01
   9.9346100e+05   2.1789551e+01
   9.9539300e+05   2.1789551e+01
   1.0017610e+06   2.4719238e+01
   1.0024300e+06   2.1789551e+01
   1.0031900e+06   2.3498535e+01
   1.0058260e+06   2.0629883e+01
   1.0086250e+06   2.2766113e+01
   1.0139760e+06   2.1423340e+01
   1.0160650e+06   2.0935059e+01
   1.0358580e+06   2.2827148e+01
   1.0384250e+06   2.3620605e+01
   1.0402810e+06   2.1484375e+01
   1.0505620e+06   2.1850586e+01
   1.0509760e+06   2.8747559e+01
   1.0754310e+06   2.2277832e+01
   1.1080380e+06   2.2827148e+01
   1.1181480e+06   2.3620605e+01
   1.1185050e+06   2.2094727e+01
   1.1210790e+06   2.2888184e+01
   1.1274680e+06   2.2583008e+01
   1.1280510e+06   2.3437500e+01
   1.1392000e+06   2.2277832e+01
   1.1404990e+06   2.4230957e+01
   1.1518720e+06   2.2094727e+01
   1.1529160e+06   2.1606445e+01
   1.1706730e+06   2.1667480e+01
   1.1754070e+06   2.3742676e+01
   1.1851550e+06   2.1545410e+01
   1.1899300e+06   2.3681641e+01
   1.1975600e+06   2.1179199e+01
   1.1984490e+06   2.2827148e+01
   1.2018240e+06   2.1423340e+01
   1.2021160e+06   2.0935059e+01
   1.2181090e+06   2.1606445e+01
   1.2190670e+06   2.0507812e+01
   1.2348780e+06   2.2644043e+01
   1.2403200e+06   2.1484375e+01
   1.2640320e+06   2.4536133e+01
   1.2678540e+06   2.0507812e+01
   1.2683780e+06   2.1362305e+01
   1.2684500e+06   2.5268555e+01
   1.2756440e+06   2.3315430e+01
   1.2809550e+06   2.0629883e+01
   1.2845860e+06   2.1240234e+01
   1.2906930e+06   2.1606445e+01
   1.3054050e+06   2.0996094e+01
   1.3284380e+06   2.2155762e+01
   1.3292140e+06   2.1911621e+01
   1.3461830e+06   2.4780273e+01
   1.3555990e+06   2.0690918e+01
   1.3560050e+06   2.4597168e+01
   1.3647300e+06   2.1667480e+01
   1.3706370e+06   2.4169922e+01
   1.3767530e+06   2.1667480e+01
   1.3789590e+06   2.0812988e+01
   1.3862720e+06   2.0751953e+01
   1.3906740e+06   2.1240234e+01
   1.3941730e+06   2.2888184e+01
   1.3958320e+06   2.2644043e+01
   1.4023670e+06   2.3071289e+01
   1.4148990e+06   2.1850586e+01
   1.4186060e+06   2.1545410e+01
   1.4186780e+06   2.3132324e+01
   1.4220450e+06   2.1362305e+01
   1.4221150e+06   2.2583008e+01
   1.4223500e+06   2.2277832e+01
   1.4286990e+06   2.1667480e+01
   1.4324990e+06   2.5756836e+01
   1.4379050e+06   2.2827148e+01
   1.4380910e+06   2.1362305e+01
   1.4385200e+06   2.2521973e+01
   1.4500430e+06   2.2705078e+01
   1.4538880e+06   2.0812988e+01
   1.4540660e+06   2.2033691e+01
   1.4542270e+06   2.9235840e+01
   1.4543580e+06   2.4597168e+01
   1.4546010e+06   2.7404785e+01
   1.4572290e+06   2.7160645e+01
   1.4572610e+06   2.2216797e+01
   1.4573340e+06   2.3132324e+01
   1.4588320e+06   2.2827148e+01
   1.4600240e+06   2.4475098e+01
   1.4603280e+06   2.1240234e+01
   1.4614890e+06   2.1972656e+01
   1.4644990e+06   2.1240234e+01
   1.5052170e+06   2.2521973e+01
   1.5116140e+06   3.2592773e+01
   1.5180870e+06   2.2888184e+01
   1.5199740e+06   2.0812988e+01
   1.5252580e+06   2.0507812e+01
   1.5508840e+06   2.2644043e+01
   1.5563760e+06   2.0996094e+01
   1.5848350e+06   2.2460938e+01
   1.5990600e+06   2.2155762e+01
   1.6096560e+06   2.1545410e+01
   1.6098810e+06   2.4780273e+01
   1.6169520e+06   2.2155762e+01
   1.6219870e+06   2.8747559e+01
   1.6338530e+06   2.1362305e+01
   1.6488780e+06   2.1057129e+01
   1.6489840e+06   2.1789551e+01
   1.6525900e+06   2.1911621e+01
   1.6654230e+06   2.6245117e+01
   1.6659690e+06   2.1606445e+01
   1.6679250e+06   2.0507812e+01
   1.6766760e+06   2.0812988e+01
   1.6770460e+06   2.2094727e+01
   1.6837470e+06   2.3254395e+01
   1.6858910e+06   2.3132324e+01
   1.7019730e+06   2.2460937e+01
   1.7182440e+06   2.1118164e+01
   1.7182830e+06   2.4169922e+01
   1.7184700e+06   2.2521973e+01
   1.7185400e+06   2.3315430e+01
   1.7293950e+06   2.2888184e+01
   1.7294470e+06   2.0568848e+01
   1.7295070e+06   2.0568848e+01
   1.7296910e+06   2.4353027e+01
   1.7489300e+06   2.1728516e+01
   1.7552630e+06   2.1728516e+01
   1.7608110e+06   2.6123047e+01
   1.7611620e+06   2.0690918e+01
   1.7745860e+06   2.1850586e+01
   1.7746810e+06   2.2399902e+01
   1.7822440e+06   2.3437500e+01
   1.7936090e+06   2.1667480e+01
   1.7940130e+06   2.2644043e+01
   1.7940850e+06   2.0629883e+01
   1.7942430e+06   2.1972656e+01
   1.8339950e+06   2.9174805e+01
   1.8340850e+06   2.1850586e+01
   1.8341040e+06   2.2033691e+01
   1.8435760e+06   2.5817871e+01
   1.8532610e+06   2.8015137e+01
   1.8534300e+06   2.2216797e+01
   1.8553760e+06   2.1850586e+01
   1.8583140e+06   2.1789551e+01
   1.8595190e+06   2.2888184e+01
   1.8609730e+06   2.2033691e+01
   1.8614460e+06   2.3071289e+01
   1.8635460e+06   2.7709961e+01
   1.8684420e+06   2.1911621e+01
   1.8740470e+06   2.0690918e+01
   1.8852470e+06   2.0812988e+01
   1.8979150e+06   2.0507812e+01
   1.9118150e+06   2.2399902e+01
   1.9223170e+06   2.4414062e+01
   1.9434770e+06   2.2033691e+01
   1.9445420e+06   2.1667480e+01
   1.9447570e+06   2.5024414e+01
   1.9563480e+06   2.2033691e+01
   1.9587830e+06   2.0996094e+01
   1.9651830e+06   2.3925781e+01
   1.9729430e+06   2.1301270e+01
   1.9843320e+06   2.3437500e+01
   1.9915400e+06   2.4169922e+01
   2.0007420e+06   2.0874023e+01
   2.0125010e+06   2.1118164e+01
   2.0271210e+06   2.1362305e+01
   2.0279650e+06   2.0629883e+01
   2.0304320e+06   2.1423340e+01
   2.0492420e+06   2.0507812e+01
   2.0494540e+06   2.2705078e+01
   2.0597020e+06   2.1850586e+01
   2.0665820e+06   2.5085449e+01
   2.0666600e+06   2.1850586e+01
   2.0740680e+06   2.1240234e+01
   2.0775510e+06   2.6062012e+01
   2.0863100e+06   2.1301270e+01
   2.0900810e+06   2.5878906e+01
   2.0901930e+06   2.0812988e+01
   2.0908870e+06   2.1789551e+01
   2.0961070e+06   2.5573730e+01
   2.0984320e+06   2.2216797e+01
   2.1146130e+06   2.1362305e+01
   2.1150010e+06   2.2277832e+01
   2.1206470e+06   2.3132324e+01
   2.1221040e+06   2.2216797e+01
   2.1417260e+06   2.5390625e+01
   2.1440460e+06   2.0690918e+01
   2.1441430e+06   2.1972656e+01
   2.1444110e+06   2.1179199e+01
   2.1527030e+06   2.2521973e+01
   2.1534060e+06   2.2155762e+01
   2.1563890e+06   2.0935059e+01
   2.1573620e+06   2.1118164e+01
   2.1587030e+06   2.2338867e+01
   2.1656780e+06   2.2277832e+01
   2.1661750e+06   2.4841309e+01
   2.1662690e+06   2.0690918e+01
   2.1665450e+06   2.2460938e+01
   2.2034740e+06   2.1850586e+01
   2.2212670e+06   2.0629883e+01
   2.2265830e+06   2.4291992e+01
   2.2267110e+06   2.3864746e+01
   2.2268710e+06   2.0996094e+01
   2.2276720e+06   2.3986816e+01
   2.2331570e+06   2.3376465e+01
   2.2336700e+06   2.1484375e+01
   2.2338470e+06   2.4597168e+01
   2.2381870e+06   2.1118164e+01
   2.2392970e+06   2.0507812e+01
   2.2495250e+06   2.2277832e+01
   2.2549490e+06   2.2033691e+01
   2.2706470e+06   2.1240234e+01
   2.2719390e+06   2.0507812e+01
   2.2811770e+06   2.2888184e+01
   2.2826650e+06   2.0812988e+01
   2.2839890e+06   2.3376465e+01
   2.2862470e+06   2.2399902e+01
   2.2895470e+06   2.2705078e+01
   2.2895720e+06   2.0935059e+01
   2.2897060e+06   2.1240234e+01
   2.2897790e+06   2.2644043e+01
   2.2908750e+06   2.1850586e+01
   2.3029390e+06   2.1484375e+01
   2.3031600e+06   2.2033691e+01
   2.3102210e+06   2.3681641e+01
   2.3105460e+06   2.1484375e+01
   2.3129540e+06   2.0568848e+01
   2.3178590e+06   2.0996094e+01
   2.3266990e+06   2.0507812e+01
   2.3386070e+06   2.1728516e+01
   2.3400900e+06   2.0629883e+01
   2.3408810e+06   2.3559570e+01
   2.3415440e+06   2.0690918e+01
   2.3457460e+06   2.3437500e+01
   2.3465540e+06   2.5268555e+01
   2.3563930e+06   2.3742676e+01
   2.3565680e+06   2.1667480e+01
   2.3566090e+06   2.0507812e+01
   2.3567370e+06   2.1789551e+01
   2.3624920e+06   2.0507812e+01
   2.3634800e+06   2.2277832e+01
   2.3726250e+06   2.3132324e+01
   2.3782820e+06   2.1972656e+01
   2.3932140e+06   2.0874023e+01
   2.3938370e+06   2.3132324e+01
   2.3959880e+06   2.2033691e+01
   2.4042540e+06   2.4414062e+01
   2.4046530e+06   2.0507812e+01
   2.4133250e+06   2.0996094e+01
   2.4145300e+06   2.0629883e+01
   2.4150060e+06   2.2583008e+01
   2.4462110e+06   2.0690918e+01
   2.4467150e+06   2.1179199e+01
   2.4468930e+06   2.2583008e+01
   2.4474040e+06   2.2949219e+01
   2.4475990e+06   2.2399902e+01
   2.4545590e+06   2.3437500e+01
   2.4719440e+06   2.3132324e+01
   2.4738200e+06   2.3376465e+01
   2.4789760e+06   2.1728516e+01
   2.4848300e+06   2.0874023e+01
   2.4850410e+06   2.0507812e+01
   2.4944850e+06   2.3559570e+01
   2.5002370e+06   2.2155762e+01
   2.5025970e+06   2.5756836e+01
   2.5038220e+06   2.5451660e+01
   2.5058750e+06   2.4780273e+01
   2.5192300e+06   2.0874023e+01
   2.5229980e+06   2.2338867e+01
   2.5368510e+06   2.1911621e+01
   2.5430880e+06   2.2155762e+01
   2.5452980e+06   2.2094727e+01
   2.5503160e+06   2.1545410e+01
   2.5639940e+06   2.0812988e+01
   2.5645000e+06   2.1240234e+01
   2.5655100e+06   2.1179199e+01
   2.5679200e+06   2.2888184e+01
   2.5751350e+06   2.1057129e+01
   2.5813890e+06   2.3437500e+01
   2.5981410e+06   2.0568848e+01
   2.6124620e+06   2.3071289e+01
   2.6173290e+06   2.3742676e+01
   2.6311310e+06   2.2766113e+01
   2.6411700e+06   2.0751953e+01
   2.6435410e+06   2.1484375e+01
   2.6456090e+06   2.2033691e+01
   2.6532110e+06   2.1301270e+01
   2.6547900e+06   2.1118164e+01
   2.6757490e+06   2.2766113e+01
   2.6963650e+06   2.1789551e+01
   2.6965450e+06   2.0629883e+01
   2.7069180e+06   2.2888184e+01
   2.7071210e+06   2.0812988e+01
   2.7109010e+06   2.5024414e+01
   2.7188650e+06   2.5817871e+01
   2.7236020e+06   2.2216797e+01
   2.7324160e+06   2.5390625e+01
   2.7348820e+06   2.7160645e+01
   2.7452790e+06   2.0935059e+01
   2.7525980e+06   2.2583008e+01
   2.7602070e+06   2.0507812e+01
   2.7687380e+06   2.2460937e+01
   2.7695570e+06   2.2338867e+01
   2.7708490e+06   2.0568848e+01
   2.7749200e+06   2.5207520e+01
   2.7759910e+06   2.0629883e+01
   2.7784280e+06   2.1057129e+01
   2.7833910e+06   2.4414062e+01
   2.7892080e+06   2.0568848e+01
   2.7931260e+06   2.0874023e+01
   2.8081970e+06   2.3132324e+01
   2.8082700e+06   2.1606445e+01
   2.8084070e+06   2.3010254e+01
   2.8084820e+06   2.1545410e+01
   2.8092100e+06   2.1179199e+01
   2.8097130e+06   2.0996094e+01
   2.8126790e+06   2.5634766e+01
   2.8170000e+06   2.1972656e+01
   2.8215200e+06   2.2338867e+01
   2.8229040e+06   2.5573730e+01
   2.8243120e+06   2.5390625e+01
   2.8280940e+06   2.0690918e+01
   2.8304310e+06   2.3986816e+01
   2.8364580e+06   2.0996094e+01
   2.8378410e+06   2.4963379e+01
   2.8387640e+06   2.2338867e+01
   2.8589950e+06   2.2277832e+01
   2.8627570e+06   2.4475098e+01
   2.8642820e+06   2.0629883e+01
   2.8927300e+06   2.4169922e+01
   2.9012690e+06   2.2094727e+01
   2.9032220e+06   2.1118164e+01
   2.9037740e+06   2.2460937e+01
   2.9051630e+06   2.2766113e+01
   2.9110580e+06   2.2277832e+01
   2.9159350e+06   2.3986816e+01
   2.9180400e+06   2.2338867e+01
   2.9184960e+06   2.5146484e+01
   2.9276570e+06   2.0996094e+01
   2.9327780e+06   2.0751953e+01
   2.9350050e+06   2.2094727e+01
   2.9397190e+06   2.1850586e+01
   2.9449320e+06   2.0812988e+01
   2.9525930e+06   2.6184082e+01
   2.9846030e+06   2.1057129e+01
   2.9997820e+06   2.4963379e+01
   3.0011990e+06   2.2399902e+01
   3.0156290e+06   2.1301270e+01
   3.0159890e+06   2.3071289e+01
   3.0226500e+06   2.2277832e+01
   3.0305750e+06   2.0629883e+01
   3.0309040e+06   2.0751953e+01
   3.0372310e+06   2.8930664e+01
   3.0396900e+06   2.1911621e+01
   3.0465740e+06   2.2949219e+01
   3.0540780e+06   2.2033691e+01
   3.0544620e+06   2.1118164e+01
   3.0678440e+06   2.1789551e+01
   3.0909010e+06   2.1423340e+01
   3.0952220e+06   2.1240234e+01
   3.0972690e+06   2.2888184e+01
   3.0995200e+06   2.1118164e+01
   3.1072200e+06   2.1240234e+01
   3.1076030e+06   2.2033691e+01
   3.1116600e+06   2.2644043e+01
   3.1117240e+06   2.0874023e+01
   3.1235490e+06   2.4169922e+01
   3.1371470e+06   2.0568848e+01
   3.1377720e+06   2.5085449e+01
   3.1406750e+06   2.2766113e+01
   3.1409460e+06   2.1789551e+01
   3.1421680e+06   2.1728516e+01
   3.1553570e+06   2.3559570e+01
   3.1674760e+06   2.4475098e+01
   3.1981790e+06   2.2155762e+01
   3.1983100e+06   2.1179199e+01
   3.1986800e+06   2.1972656e+01
   3.1988940e+06   2.1606445e+01
   3.1989760e+06   2.0996094e+01
   3.2060510e+06   2.2094727e+01
   3.2065930e+06   2.0935059e+01
   3.2068020e+06   2.0935059e+01
   3.2068970e+06   2.1362305e+01
   3.2073960e+06   2.1362305e+01
   3.2184080e+06   2.0812988e+01
   3.2210450e+06   2.1606445e+01
   3.2215440e+06   2.1911621e+01
   3.2269100e+06   2.1789551e+01
   3.2281460e+06   2.3498535e+01
   3.2336590e+06   2.1301270e+01
   3.2451380e+06   2.4536133e+01
   3.2580130e+06   2.1911621e+01
   3.2583440e+06   2.0935059e+01
   3.2667890e+06   2.1362305e+01
   3.2687070e+06   2.4108887e+01
   3.2716960e+06   2.0629883e+01
   3.2747410e+06   2.2033691e+01
   3.2817270e+06   2.1423340e+01
   3.2901870e+06   2.2216797e+01
   3.2921400e+06   2.4047852e+01
   3.2923400e+06   2.2155762e+01
   3.2943930e+06   2.1850586e+01
   3.2953260e+06   2.2521973e+01
   3.3018610e+06   2.3071289e+01
   3.3026540e+06   2.4047852e+01
   3.3030430e+06   2.0751953e+01
   3.3061370e+06   2.1179199e+01
   3.3066260e+06   2.2460938e+01
   3.3143770e+06   2.2644043e+01
   3.3187820e+06   2.1484375e+01
   3.3196670e+06   2.0629883e+01
   3.3331830e+06   2.0629883e+01
   3.3333850e+06   2.4414063e+01
   3.3502160e+06   2.8869629e+01
   3.3503000e+06   2.2705078e+01
   3.3508640e+06   2.1545410e+01
   3.3608250e+06   2.3559570e+01
   3.3694690e+06   2.1667480e+01
   3.3698000e+06   2.0812988e+01
   3.3763530e+06   2.1301270e+01
   3.3869210e+06   2.5695801e+01
   3.3874250e+06   2.7648926e+01
   3.3926240e+06   2.0935059e+01
   3.4043670e+06   2.0751953e+01
   3.4187240e+06   2.1728516e+01
   3.4226640e+06   2.6367188e+01
   3.4284810e+06   2.0812988e+01
   3.4333400e+06   2.5024414e+01
   3.4335030e+06   2.2155762e+01
   3.4464430e+06   2.0629883e+01
   3.4535310e+06   2.0507812e+01
   3.4582100e+06   2.5573730e+01
   3.4583540e+06   2.3925781e+01
   3.4586410e+06   2.0751953e+01
   3.4587670e+06   2.1179199e+01
   3.4590110e+06   2.1423340e+01
   3.4738480e+06   2.1789551e+01
   3.4773470e+06   2.2216797e+01
   3.4775380e+06   2.1179199e+01
   3.4779030e+06   2.2766113e+01
   3.4827030e+06   2.1911621e+01
   3.4991030e+06   2.0690918e+01
   3.5072270e+06   2.1362305e+01
   3.5092780e+06   2.3620605e+01
   3.5150980e+06   2.0812988e+01
   3.5199440e+06   2.4597168e+01
   3.5212410e+06   2.0568848e+01
   3.5252720e+06   2.3803711e+01
   3.5282680e+06   2.1789551e+01
   3.5288720e+06   2.0507812e+01
   3.5293670e+06   2.1850586e+01
   3.5299230e+06   2.2216797e+01
   3.5305600e+06   2.1301270e+01
   3.5341550e+06   2.0751953e+01
   3.5352110e+06   2.0629883e+01
   3.5405090e+06   2.2583008e+01
   3.5405330e+06   2.3376465e+01
   3.5409900e+06   2.0507812e+01
   3.5604310e+06   2.1728516e+01
   3.5613800e+06   2.2888184e+01
   3.5800860e+06   2.0690918e+01
   3.5904740e+06   2.1423340e+01
   3.5970200e+06   2.3010254e+01
   3.6021460e+06   2.4414063e+01
   3.6098290e+06   2.1484375e+01
   3.6129110e+06   2.3315430e+01
   3.6152020e+06   2.2521973e+01
   3.6155920e+06   2.1667480e+01
   3.6264820e+06   2.0568848e+01
   3.6273360e+06   2.1240234e+01
   3.6302650e+06   2.0568848e+01
   3.6351730e+06   2.2033691e+01
   3.6354120e+06   2.1850586e+01
   3.6597750e+06   2.5329590e+01
   3.6598370e+06   2.4780273e+01
   3.6604920e+06   2.0812988e+01
   3.6606740e+06   2.1179199e+01
   3.6635190e+06   2.2094727e+01
   3.6694310e+06   2.1606445e+01
   3.6698310e+06   2.0812988e+01
   3.6721190e+06   2.0690918e+01
   3.6723830e+06   2.3010254e+01
   3.6862320e+06   2.3132324e+01
   3.6865530e+06   2.1972656e+01
   3.6942550e+06   2.5573730e+01
   3.7067530e+06   2.2216797e+01
   3.7352550e+06   2.0629883e+01
   3.7354470e+06   2.6733398e+01
   3.7428980e+06   2.5756836e+01
   3.7430830e+06   2.3498535e+01
   3.7435530e+06   2.0690918e+01
   3.7484310e+06   2.1240234e+01
   3.7545720e+06   2.1057129e+01
   3.7564300e+06   2.3071289e+01
   3.7641260e+06   2.2094727e+01
   3.7655230e+06   2.1728516e+01
   3.7659390e+06   2.0751953e+01
   3.7709580e+06   2.4963379e+01
   3.7725530e+06   2.2460938e+01
   3.7782610e+06   2.1850586e+01
   3.7913490e+06   2.1179199e+01
   3.7953950e+06   2.1423340e+01
   3.8162550e+06   2.1118164e+01
   3.8200500e+06   2.1728516e+01
   3.8322700e+06   2.4353027e+01
   3.8323840e+06   2.1911621e+01
   3.8446730e+06   2.0874023e+01
   3.8531440e+06   2.4719238e+01
   3.8624950e+06   2.0629883e+01
   3.8629180e+06   2.0568848e+01
   3.8676920e+06   2.1057129e+01
   3.8725960e+06   2.1179199e+01
   3.8803930e+06   2.1179199e+01
   3.8928810e+06   2.2399902e+01
   3.8944310e+06   2.2033691e+01
   3.8993450e+06   2.0690918e+01
   3.9062590e+06   2.2094727e+01
   3.9092550e+06   2.1545410e+01
   3.9100620e+06   2.2705078e+01
   3.9101350e+06   2.0996094e+01
   3.9150850e+06   2.4475098e+01
   3.9358310e+06   2.0996094e+01
   3.9365350e+06   2.6245117e+01
   3.9410510e+06   2.2827148e+01
   3.9444950e+06   2.0935059e+01
   3.9453480e+06   2.0874023e+01
   3.9510040e+06   2.1972656e+01
   3.9589110e+06   2.0690918e+01
   3.9597170e+06   2.0629883e+01
   3.9608110e+06   2.0629883e+01
   3.9682870e+06   2.1301270e+01
   3.9734840e+06   2.1972656e+01
   3.9902310e+06   2.3437500e+01
   3.9971650e+06   2.1911621e+01
   4.0013720e+06   2.1118164e+01
   4.0019230e+06   2.2705078e+01
   4.0060040e+06   2.6916504e+01
   4.0062550e+06   2.0996094e+01
   4.0063460e+06   2.2399902e+01
   4.0064300e+06   2.1545410e+01
   4.0064860e+06   2.5634766e+01
   4.0067180e+06   2.2583008e+01
   4.0182130e+06   2.3010254e+01
   4.0187670e+06   2.1667480e+01
   4.0194250e+06   2.1423340e+01
   4.0197900e+06   2.1789551e+01
   4.0318650e+06   2.2399902e+01
   4.0381930e+06   2.2216797e+01
   4.0421640e+06   2.1789551e+01
   4.0436970e+06   2.5268555e+01
   4.0447400e+06   2.1179199e+01
   4.0471530e+06   2.1850586e+01
   4.0522860e+06   2.0935059e+01
   4.0525080e+06   2.0690918e+01
   4.0526430e+06   2.1728516e+01
   4.0529490e+06   2.2399902e+01
   4.0538020e+06   2.3925781e+01
   4.0636830e+06   2.0751953e+01
   4.0641060e+06   2.3437500e+01
   4.0648320e+06   2.4414063e+01
   4.0651370e+06   2.0935059e+01
   4.0657950e+06   2.1789551e+01
   4.0666430e+06   2.1057129e+01
   4.0667090e+06   2.2399902e+01
   4.0697830e+06   2.0690918e+01
   4.0698540e+06   2.1545410e+01
   4.0701090e+06   2.7832031e+01
   4.0702700e+06   2.0507813e+01
   4.0704100e+06   2.1057129e+01
   4.0823340e+06   2.0690918e+01
   4.0891850e+06   2.2705078e+01
   4.0895570e+06   2.0751953e+01
   4.0990020e+06   2.1423340e+01
   4.1126600e+06   2.1850586e+01
   4.1140730e+06   2.4536133e+01
   4.1270100e+06   2.1118164e+01
   4.1271530e+06   2.1728516e+01
   4.1394610e+06   2.1789551e+01
   4.1395130e+06   2.4536133e+01
   4.1481270e+06   2.1057129e+01
   4.1485440e+06   2.3315430e+01
   4.1501200e+06   2.0751953e+01
   4.1559220e+06   2.1728516e+01
   4.1566760e+06   2.8503418e+01
   4.1684970e+06   2.0874023e+01
   4.1777190e+06   2.5085449e+01
   4.1778930e+06   2.1911621e+01
   4.1945640e+06   2.0629883e+01
   4.2016510e+06   2.3498535e+01
   4.2172620e+06   2.1545410e+01
   4.2181000e+06   2.0935059e+01
   4.2183170e+06   2.1850586e+01
   4.2185520e+06   2.0996094e+01
   4.2188660e+06   2.1545410e+01
   4.2190430e+06   2.6306152e+01
   4.2554840e+06   2.0996094e+01
   4.2610840e+06   2.5390625e+01
   4.2673030e+06   2.0812988e+01
   4.2673160e+06   2.1118164e+01
   4.2675000e+06   2.2888184e+01
   4.2817550e+06   2.0629883e+01
   4.2846820e+06   2.0690918e+01
   4.2852730e+06   2.1667480e+01
   4.2864040e+06   2.3193359e+01
   4.2869970e+06   2.5756836e+01
   4.2876980e+06   2.0935059e+01
   4.2897660e+06   2.2399902e+01
   4.2964330e+06   2.4780273e+01
   4.3158510e+06   2.0568848e+01
   4.3159580e+06   2.7832031e+01
   4.3388550e+06   2.3010254e+01
   4.3438820e+06   2.1667480e+01
   4.3573630e+06   2.0874023e+01
   4.3853990e+06   2.0751953e+01
   4.3909450e+06   2.3620605e+01
   4.3912650e+06   2.3254395e+01
   4.3913920e+06   2.3315430e+01
   4.4004390e+06   2.4353027e+01
   4.4011270e+06   2.2399902e+01
   4.4012840e+06   2.2094727e+01
   4.4016840e+06   2.0690918e+01
   4.4024470e+06   2.0690918e+01
   4.4025140e+06   2.1484375e+01
   4.4031640e+06   2.0629883e+01
   4.4042980e+06   2.1972656e+01
   4.4081330e+06   2.8808594e+01
   4.4127420e+06   2.1240234e+01
   4.4129170e+06   2.3315430e+01
   4.4131780e+06   2.1850586e+01
   4.4293000e+06   2.3986816e+01
   4.4297480e+06   2.2766113e+01
   4.4305600e+06   2.1301270e+01
   4.4307190e+06   2.0812988e+01
   4.4338740e+06   2.4230957e+01
   4.4398460e+06   2.0507813e+01
   4.4423630e+06   2.2033691e+01
   4.4462990e+06   2.3010254e+01
   4.4580390e+06   2.1606445e+01
   4.4581380e+06   2.2277832e+01
   4.4625050e+06   2.0996094e+01
   4.4658870e+06   2.1606445e+01
   4.4761810e+06   2.2216797e+01
   4.4765400e+06   2.0568848e+01
   4.4770090e+06   2.1118164e+01
   4.4878670e+06   2.1240234e+01
   4.4881180e+06   2.1362305e+01
   4.4884410e+06   2.3254395e+01
   4.5052020e+06   2.2583008e+01
   4.5058950e+06   2.0629883e+01
   4.5211800e+06   2.2705078e+01
   4.5222080e+06   2.0568848e+01
   4.5283750e+06   2.1179199e+01
   4.5365580e+06   2.3010254e+01
   4.5367680e+06   2.2033691e+01
   4.5383640e+06   2.3803711e+01
   4.5437460e+06   2.0690918e+01
   4.5453090e+06   2.0812988e+01
   4.5454680e+06   2.0568848e+01
   4.5455110e+06   2.0507813e+01
   4.5456850e+06   2.0629883e+01
   4.5495230e+06   2.0874023e+01
   4.5609410e+06   2.1606445e+01
   4.5612800e+06   2.5146484e+01
   4.5704770e+06   2.1667480e+01
   4.5782560e+06   2.0935059e+01
   4.5805630e+06   2.1362305e+01
   4.5806400e+06   2.0507812e+01
   4.5887230e+06   2.2521973e+01
   4.6065080e+06   2.5024414e+01
   4.6103520e+06   2.0629883e+01
   4.6106510e+06   2.2888184e+01
   4.6191000e+06   2.3437500e+01
   4.6192100e+06   2.5390625e+01
   4.6222330e+06   2.2216797e+01
   4.6228540e+06   2.1484375e+01
   4.6293110e+06   2.6611328e+01
   4.6423440e+06   2.2888184e+01
   4.6473920e+06   2.6611328e+01
   4.6624990e+06   2.0690918e+01
   4.6635280e+06   2.1545410e+01
   4.6681650e+06   2.1240234e+01
   4.6738480e+06   2.2949219e+01
   4.6739340e+06   2.4902344e+01
   4.6790000e+06   2.2399902e+01
   4.6957430e+06   2.0568848e+01
   4.6961300e+06   2.1911621e+01
   4.7045790e+06   2.1728516e+01
   4.7046680e+06   2.6550293e+01
   4.7081190e+06   2.4353027e+01
   4.7085310e+06   2.1118164e+01
   4.7194500e+06   2.2460938e+01
   4.7212110e+06   2.0568848e+01
   4.7213450e+06   2.1728516e+01
   4.7214490e+06   2.0690918e+01
   4.7262750e+06   2.1179199e+01
   4.7311070e+06   2.0812988e+01
   4.7311310e+06   2.3132324e+01
   4.7314970e+06   2.1972656e+01
   4.7463970e+06   2.5146484e+01
   4.7465630e+06   2.1728516e+01
   4.7472830e+06   2.1972656e+01
   4.7555800e+06   2.4169922e+01
   4.7658510e+06   2.0507812e+01
   4.7672800e+06   2.0935059e+01
   4.7713160e+06   2.3010254e+01
   4.7722610e+06   2.1362305e+01
   4.7761250e+06   2.1850586e+01
   4.7809690e+06   2.5573730e+01
   4.7870490e+06   2.2399902e+01
   4.7889100e+06   2.1301270e+01
   4.8017470e+06   2.0690918e+01
   4.8273290e+06   2.0568848e+01
   4.8296870e+06   2.1606445e+01
   4.8302880e+06   2.0751953e+01
   4.8410620e+06   2.3254395e+01
   4.8412010e+06   2.2216797e+01
   4.8424940e+06   2.2521973e+01
   4.8428950e+06   2.3864746e+01
   4.8494660e+06   2.3437500e+01
   4.8495800e+06   2.2338867e+01
   4.8572410e+06   2.1606445e+01
   4.8753040e+06   2.0690918e+01
   4.8754270e+06   2.1057129e+01
   4.8754770e+06   2.1362305e+01
   4.8781860e+06   2.0935059e+01
   4.8784170e+06   2.0874023e+01
   4.8790940e+06   2.2583008e+01
   4.8853050e+06   2.0629883e+01
   4.8870560e+06   2.1362305e+01
   4.8921040e+06   2.1484375e+01
   4.8923500e+06   2.1850586e+01
   4.8924920e+06   2.1057129e+01
   4.9003990e+06   2.2277832e+01
   4.9030200e+06   2.4291992e+01
   4.9038320e+06   2.0751953e+01
   4.9060600e+06   2.2033691e+01
   4.9165680e+06   2.0690918e+01
   4.9180680e+06   2.0568848e+01
   4.9186010e+06   2.0568848e+01
   4.9197080e+06   2.1362305e+01
   4.9363710e+06   2.0690918e+01
   4.9377850e+06   2.0629883e+01
   4.9477260e+06   2.4414063e+01
   4.9512880e+06   2.1606445e+01
   4.9710010e+06   2.0568848e+01
   4.9989200e+06   2.1606445e+01
   5.0007720e+06   2.2460938e+01
   5.0168570e+06   2.2521973e+01
   5.0242410e+06   2.1301270e+01
   5.0248480e+06   2.1545410e+01
   5.0314490e+06   2.1911621e+01
   5.0348860e+06   2.2216797e+01
   5.0380530e+06   2.1362305e+01
   5.0399050e+06   2.5329590e+01
   5.0412850e+06   2.2094727e+01
   5.0504540e+06   2.3376465e+01
   5.0560680e+06   2.0629883e+01
   5.0584260e+06   2.0507812e+01
   5.0686170e+06   2.2155762e+01
   5.0690140e+06   2.3071289e+01
   5.0738070e+06   2.3803711e+01
   5.0820950e+06   2.0874023e+01
   5.0858080e+06   2.2644043e+01
   5.0888160e+06   2.4414063e+01
   5.0946390e+06   2.2277832e+01
   5.1024410e+06   2.4230957e+01
   5.1041610e+06   2.2277832e+01
   5.1044980e+06   2.1972656e+01
   5.1102550e+06   2.3620605e+01
   5.1190580e+06   2.1972656e+01
   5.1307080e+06   2.0812988e+01
   5.1399170e+06   2.3437500e+01
   5.1400060e+06   2.4108887e+01
   5.1471620e+06   2.1057129e+01
   5.1479270e+06   2.5573730e+01
   5.1480780e+06   2.3254395e+01
   5.1490860e+06   2.2216797e+01
   5.1518720e+06   2.0751953e+01
   5.1532900e+06   2.1179199e+01
   5.1590960e+06   2.3254395e+01
   5.1624350e+06   2.1118164e+01
   5.1630820e+06   2.1850586e+01
   5.1644680e+06   2.1118164e+01
   5.1741920e+06   2.1911621e+01
   5.1840530e+06   2.3437500e+01
   5.1844430e+06   2.0629883e+01
   5.1868170e+06   2.2216797e+01
   5.1896900e+06   2.5512695e+01
   5.1909490e+06   2.1911621e+01
   5.1955110e+06   2.0812988e+01
   5.1992510e+06   2.1484375e+01
   5.2230170e+06   2.1362305e+01
   5.2265530e+06   2.0629883e+01
   5.2270870e+06   2.3925781e+01
   5.2346470e+06   2.6611328e+01
   5.2351770e+06   2.1057129e+01
   5.2513310e+06   2.1484375e+01
   5.2630420e+06   2.1240234e+01
   5.2746630e+06   2.2033691e+01
   5.2750740e+06   2.1606445e+01
   5.2774540e+06   2.3864746e+01
   5.2779670e+06   2.0629883e+01
   5.3047290e+06   2.1362305e+01
   5.3122640e+06   2.1789551e+01
   5.3124240e+06   2.3315430e+01
   5.3124960e+06   2.0568848e+01
   5.3194230e+06   2.5756836e+01
   5.3202620e+06   2.2705078e+01
   5.3236310e+06   2.2460938e+01
   5.3238590e+06   2.1972656e+01
   5.3240500e+06   2.1850586e+01
   5.3357430e+06   2.0874023e+01
   5.3403440e+06   2.0812988e+01
   5.3481760e+06   2.6367188e+01
   5.3512190e+06   2.2277832e+01
   5.3537490e+06   2.1606445e+01
   5.3591630e+06   2.6000977e+01
   5.3626110e+06   2.2216797e+01
   5.3694560e+06   2.2766113e+01
   5.3776160e+06   2.0690918e+01
   5.3877570e+06   2.0690918e+01
   5.3937420e+06   2.0507812e+01
   5.3940050e+06   2.0568848e+01
   5.4013380e+06   2.4597168e+01
   5.4089080e+06   2.0690918e+01
   5.4210050e+06   2.5085449e+01
   5.4218750e+06   2.0935059e+01
   5.4229620e+06   2.2766113e+01
   5.4231480e+06   2.1362305e+01
   5.4240510e+06   2.4108887e+01
   5.4273390e+06   2.1484375e+01
   5.4287850e+06   2.3376465e+01
   5.4362830e+06   2.3742676e+01
   5.4419550e+06   2.6000977e+01
   5.4515290e+06   2.3742676e+01
   5.4647300e+06   2.2888184e+01
   5.4662040e+06   2.0935059e+01
   5.4720540e+06   2.1362305e+01
   5.4748600e+06   2.4047852e+01
   5.4869440e+06   2.1362305e+01
   5.4873430e+06   2.0874023e+01
   5.4875190e+06   2.1484375e+01
   5.4976430e+06   2.0690918e+01
   5.5050590e+06   2.1667480e+01
   5.5055990e+06   2.1972656e+01
   5.5058160e+06   2.1911621e+01
   5.5058760e+06   2.4169922e+01
   5.5203930e+06   2.2888184e+01
   5.5255180e+06   2.2216797e+01
   5.5356350e+06   2.1850586e+01
   5.5427360e+06   2.4230957e+01
   5.5428740e+06   2.0629883e+01
   5.5429460e+06   2.1545410e+01
   5.5503760e+06   2.3437500e+01
   5.5514980e+06   2.1789551e+01
   5.5519470e+06   2.0568848e+01
   5.5523690e+06   2.6611328e+01
   5.5712050e+06   2.4902344e+01
   5.5722600e+06   2.1545410e+01
   5.5728540e+06   2.2583008e+01
   5.5790830e+06   2.2277832e+01
   5.5791670e+06   2.0935059e+01
   5.5803550e+06   2.2033691e+01
   5.5865610e+06   2.2338867e+01
   5.5865810e+06   2.1972656e+01
   5.5866270e+06   2.1728516e+01
   5.5953990e+06   2.0507812e+01
   5.5957160e+06   2.2827148e+01
   5.6080320e+06   2.4902344e+01
   5.6083470e+06   2.0568848e+01
   5.6092330e+06   2.2949219e+01
   5.6174790e+06   2.0996094e+01
   5.6219460e+06   2.0874023e+01
   5.6223550e+06   2.0812988e+01
   5.6427620e+06   2.4902344e+01
   5.6430910e+06   2.1606445e+01
   5.6522520e+06   2.3132324e+01
   5.6540510e+06   2.1240234e+01
   5.6592560e+06   2.0629883e+01
   5.6664330e+06   2.1057129e+01
   5.6675380e+06   2.1545410e+01
   5.6683330e+06   2.0629883e+01
   5.6719680e+06   2.5878906e+01
   5.6819200e+06   2.2888184e+01
   5.6822690e+06   2.2827148e+01
   5.6825910e+06   2.0690918e+01
   5.6827840e+06   2.2888184e+01
   5.6873720e+06   2.1606445e+01
   5.6891040e+06   2.0507812e+01
   5.6896500e+06   2.2216797e+01
   5.6981150e+06   2.1240234e+01
   5.7003260e+06   2.3071289e+01
   5.7013560e+06   2.5878906e+01
   5.7026730e+06   2.1362305e+01
   5.7060990e+06   2.1484375e+01
   5.7136680e+06   2.1728516e+01
   5.7286240e+06   2.2583008e+01
   5.7347020e+06   2.5085449e+01
   5.7567190e+06   2.0568848e+01
   5.7654340e+06   2.0935059e+01
   5.7656970e+06   2.6367188e+01
   5.7672980e+06   2.6428223e+01
   5.7681610e+06   2.2277832e+01
   5.7736060e+06   2.3803711e+01
   5.7844180e+06   2.2460938e+01
   5.7845220e+06   2.2399902e+01
   5.7846420e+06   2.1911621e+01
   5.7956060e+06   2.1911621e+01
   5.8143750e+06   2.1362305e+01
   5.8233490e+06   2.1545410e+01
   5.8235460e+06   2.0996094e+01
   5.8261000e+06   2.3071289e+01
   5.8261180e+06   2.0568848e+01
   5.8265590e+06   2.1667480e+01
   5.8343080e+06   2.1362305e+01
   5.8360210e+06   2.1362305e+01
   5.8361290e+06   2.1728516e+01
   5.8362660e+06   2.9663086e+01
   5.8367210e+06   2.3315430e+01
   5.8385870e+06   2.2705078e+01
   5.8390160e+06   2.4047852e+01
   5.8391680e+06   2.1057129e+01
   5.8411850e+06   2.0629883e+01
   5.8473400e+06   2.3742676e+01
   5.8496710e+06   2.1850586e+01
   5.8559680e+06   2.1179199e+01
   5.8576370e+06   2.2583008e+01
   5.8579830e+06   2.1301270e+01
   5.8592460e+06   2.2338867e+01
   5.8639990e+06   2.2277832e+01
   5.8648980e+06   2.2094727e+01
   5.8670290e+06   2.1606445e+01
   5.8749310e+06   2.3010254e+01
   5.8780890e+06   2.1667480e+01
   5.8788380e+06   2.1789551e+01
   5.8867360e+06   2.3986816e+01
   5.8990690e+06   2.2766113e+01
   5.9119960e+06   2.0507812e+01
   5.9198430e+06   2.1240234e+01
   5.9213030e+06   2.4291992e+01
   5.9223500e+06   2.1972656e+01
   5.9227190e+06   2.0812988e+01
   5.9436520e+06   2.1972656e+01
   5.9443940e+06   2.2705078e+01
   5.9446280e+06   2.1545410e+01
   5.9485360e+06   2.2277832e+01
   5.9546310e+06   2.2949219e+01
   5.9551020e+06   2.5024414e+01
   5.9593630e+06   2.2766113e+01
   5.9595850e+06   2.1606445e+01
   5.9612540e+06   2.1240234e+01
   5.9631810e+06   2.3559570e+01
   5.9710010e+06   2.1850586e+01
   5.9715130e+06   2.1667480e+01
   5.9768300e+06   2.4536133e+01
   5.9830780e+06   2.1789551e+01
   5.9859410e+06   2.1972656e+01
   5.9924180e+06   2.0507812e+01
   5.9960170e+06   2.4536133e+01
   6.0048500e+06   2.1789551e+01
   6.0060120e+06   2.1484375e+01
   6.0078740e+06   2.0812988e+01
   6.0085440e+06   2.3315430e+01
   6.0194100e+06   2.1850586e+01
   6.0214060e+06   2.1911621e+01
   6.0215010e+06   2.3315430e+01
   6.0218560e+06   2.5634766e+01
   6.0222510e+06   2.6000977e+01
   6.0340710e+06   2.2338867e+01
   6.0342510e+06   2.4108887e+01
   6.0469350e+06   2.1972656e+01
   6.0564690e+06   2.3681641e+01
   6.0565460e+06   2.2033691e+01
   6.0573000e+06   2.2705078e+01
   6.0698820e+06   2.2277832e+01
   6.0788170e+06   2.2338867e+01
   6.0960880e+06   2.2155762e+01
   6.1000320e+06   2.0690918e+01
   6.1061880e+06   2.1728516e+01
   6.1101710e+06   2.0751953e+01
   6.1113090e+06   2.1057129e+01
   6.1113670e+06   2.1118164e+01
   6.1114570e+06   2.0385742e+01
   6.1173420e+06   2.2338867e+01
   6.1184440e+06   2.3864746e+01
   6.1220780e+06   2.3681641e+01
   6.1224950e+06   2.4047852e+01
   6.1272620e+06   2.4230957e+01
   6.1291930e+06   2.1057129e+01
   6.1345340e+06   2.1545410e+01
   6.1373860e+06   2.3803711e+01
   6.1478520e+06   2.3742676e+01
   6.1610160e+06   2.1240234e+01
   6.1669900e+06   2.4230957e+01
   6.1717830e+06   2.1179199e+01
   6.1797690e+06   2.1667480e+01
   6.1864830e+06   2.1667480e+01
   6.1995090e+06   2.1240234e+01
   6.2115670e+06   2.2277832e+01
   6.2117370e+06   2.1484375e+01
   6.2329610e+06   2.0874023e+01
   6.2377850e+06   2.1179199e+01
   6.2469460e+06   2.3864746e+01
   6.2540680e+06   2.0751953e+01
   6.2596080e+06   2.4047852e+01
   6.2687450e+06   2.0935059e+01
   6.2776260e+06   2.1362305e+01
   6.2779860e+06   2.1667480e+01
   6.2787430e+06   2.1972656e+01
   6.2888390e+06   2.3010254e+01
   6.3074350e+06   2.0507812e+01
   6.3074990e+06   2.0446777e+01
   6.3078290e+06   2.4658203e+01
   6.3079220e+06   2.1606445e+01
   6.3229730e+06   2.2521973e+01
   6.3233320e+06   2.5878906e+01
   6.3283110e+06   2.1728516e+01
   6.3384540e+06   2.0446777e+01
   6.3391360e+06   2.0935059e+01
   6.3564240e+06   2.0751953e+01
   6.3731390e+06   2.2583008e+01
   6.3737910e+06   2.4169922e+01
   6.3776030e+06   2.0446777e+01
   6.3958900e+06   2.3498535e+01
   6.3959970e+06   2.0385742e+01
   6.3975550e+06   2.4353027e+01
   6.3987810e+06   2.0690918e+01
   6.4097640e+06   2.1057129e+01
   6.4109690e+06   3.1677246e+01
   6.4189530e+06   2.0874023e+01
   6.4308890e+06   2.4536133e+01
   6.4320900e+06   2.0446777e+01
   6.4321420e+06   2.1972656e+01
   6.4328990e+06   2.0935059e+01
   6.4347220e+06   2.2277832e+01
   6.4370330e+06   2.2521973e+01
   6.4530060e+06   2.1179199e+01
   6.4832700e+06   2.4902344e+01
   6.4840550e+06   2.2949219e+01
   6.4881870e+06   2.1118164e+01
   6.4912980e+06   2.2094727e+01
   6.4932340e+06   2.0446777e+01
   6.4950000e+06   2.0935059e+01
   6.4985180e+06   2.3559570e+01
   6.5069700e+06   2.2827148e+01
   6.5152030e+06   2.1362305e+01
   6.5154700e+06   2.0751953e+01
   6.5170310e+06   2.1118164e+01
   6.5181720e+06   2.4169922e+01
   6.5196720e+06   2.1667480e+01
   6.5197840e+06   2.0385742e+01
   6.5198650e+06   2.1545410e+01
   6.5202470e+06   2.0751953e+01
   6.5210510e+06   2.3376465e+01
   6.5350080e+06   2.1484375e+01
   6.5397190e+06   2.0751953e+01
   6.5419530e+06   2.2338867e+01
   6.5424600e+06   2.2338867e+01
   6.5600820e+06   2.4841309e+01
   6.5714380e+06   2.1667480e+01
   6.5716520e+06   2.2155762e+01
   6.5732400e+06   2.0751953e+01
   6.5898930e+06   2.1301270e+01
   6.5901290e+06   2.1545410e+01
   6.5955290e+06   2.1240234e+01
   6.6050580e+06   2.4230957e+01
   6.6085780e+06   2.0690918e+01
   6.6089960e+06   2.1911621e+01
   6.6141890e+06   2.9663086e+01
   6.6244170e+06   2.0874023e+01
   6.6246320e+06   2.2644043e+01
   6.6315400e+06   2.0629883e+01
   6.6405000e+06   2.3742676e+01
   6.6407870e+06   2.1972656e+01
   6.6481510e+06   2.1484375e+01
   6.6485880e+06   2.0812988e+01
   6.6640670e+06   2.2094727e+01
   6.6722410e+06   2.1972656e+01
   6.6725670e+06   2.2827148e+01
   6.6810010e+06   2.2033691e+01
   6.6817780e+06   2.0385742e+01
   6.6819760e+06   2.0812988e+01
   6.6822930e+06   2.3315430e+01
   6.6823380e+06   2.0507812e+01
   6.7028490e+06   2.3132324e+01
   6.7097260e+06   2.2338867e+01
   6.7099850e+06   2.0385742e+01
   6.7124740e+06   2.1728516e+01
   6.7143940e+06   2.0812988e+01
   6.7310000e+06   2.1301270e+01
   6.7311210e+06   2.1118164e+01
   6.7312710e+06   2.0996094e+01
   6.7319720e+06   2.3864746e+01
   6.7370810e+06   2.1301270e+01
   6.7431540e+06   2.0751953e+01
   6.7531420e+06   2.0446777e+01
   6.7611670e+06   2.1911621e+01
   6.7614520e+06   2.1057129e+01
   6.7641050e+06   2.0507812e+01
   6.7687100e+06   2.1118164e+01
   6.7689590e+06   2.1606445e+01
   6.7691380e+06   2.1179199e+01
   6.7704570e+06   2.3254395e+01
   6.7737130e+06   2.1057129e+01
   6.7783210e+06   2.3742676e+01
   6.7805790e+06   2.0385742e+01
   6.7868610e+06   2.2521973e+01
   6.7869430e+06   2.3559570e+01
   6.7975660e+06   2.2583008e+01
   6.8069310e+06   2.1606445e+01
   6.8075090e+06   2.1301270e+01
   6.8120410e+06   2.2460938e+01
   6.8304530e+06   2.0996094e+01
   6.8335010e+06   2.2644043e+01
   6.8336680e+06   2.1057129e+01
   6.8482380e+06   2.1850586e+01
   6.8522240e+06   2.0935059e+01
   6.8646030e+06   2.5451660e+01
   6.8651200e+06   2.9907227e+01
   6.8651630e+06   2.4169922e+01
   6.8755530e+06   2.1911621e+01
   6.8756950e+06   2.0996094e+01
   6.8757820e+06   2.5695801e+01
   6.8849620e+06   2.0629883e+01
   6.8873280e+06   2.3925781e+01
   6.8878840e+06   2.6672363e+01
   6.8911890e+06   2.2949219e+01
   6.8938760e+06   2.1972656e+01
   6.8942460e+06   2.0568848e+01
   6.9047330e+06   2.0751953e+01
   6.9049590e+06   2.3742676e+01
   6.9097650e+06   2.1118164e+01
   6.9102650e+06   2.0385742e+01
   6.9179830e+06   2.2583008e+01
   6.9193580e+06   2.1789551e+01
   6.9347620e+06   2.0812988e+01
   6.9355580e+06   2.0446777e+01
   6.9367040e+06   2.6977539e+01
   6.9422370e+06   2.1118164e+01
   6.9676190e+06   2.9174805e+01
   6.9695490e+06   2.1118164e+01
   6.9713860e+06   2.1667480e+01
   6.9850550e+06   2.4902344e+01
   6.9902200e+06   2.2155762e+01
   6.9906970e+06   2.3132324e+01
   6.9949760e+06   2.3681641e+01
   6.9950570e+06   2.1789551e+01
   6.9987050e+06   2.4780273e+01
   7.0005960e+06   2.0446777e+01
   7.0054720e+06   2.0751953e+01
   7.0064040e+06   2.0935059e+01
   7.0223020e+06   2.4169922e+01
   7.0227140e+06   2.0996094e+01
   7.0306200e+06   2.0507812e+01
   7.0307730e+06   2.4108887e+01
   7.0308950e+06   2.0751953e+01
   7.0378550e+06   2.1301270e+01
   7.0412720e+06   2.2766113e+01
   7.0426500e+06   2.5085449e+01
   7.0445600e+06   2.3254395e+01
   7.0447570e+06   2.1057129e+01
   7.0478070e+06   2.4230957e+01
   7.0523340e+06   2.0629883e+01
   7.0530150e+06   2.1789551e+01
   7.0643200e+06   2.3925781e+01
   7.0718520e+06   2.4719238e+01
   7.0808210e+06   2.2277832e+01
   7.0863050e+06   2.1972656e+01
   7.1168010e+06   2.2827148e+01
   7.1168680e+06   2.1850586e+01
   7.1209460e+06   2.0507812e+01
   7.1278390e+06   2.5024414e+01
   7.1361560e+06   2.2949219e+01
   7.1366510e+06   2.1484375e+01
   7.1367140e+06   2.1911621e+01
   7.1454130e+06   2.3803711e+01
   7.1455930e+06   2.1179199e+01
   7.1457960e+06   2.8869629e+01
   7.1459400e+06   2.2094727e+01
   7.1476340e+06   2.0812988e+01
   7.1526340e+06   2.3498535e+01
   7.1528890e+06   2.1057129e+01
   7.1609490e+06   2.4047852e+01
   7.1610850e+06   2.0935059e+01
   7.1698710e+06   2.1972656e+01
   7.1722980e+06   2.0751953e+01
   7.1774800e+06   2.1301270e+01
   7.1782040e+06   2.0507812e+01
   7.1912870e+06   2.8076172e+01
   7.1914910e+06   2.0751953e+01
   7.1986150e+06   2.1362305e+01
   7.1996460e+06   2.0751953e+01
   7.2201200e+06   2.1606445e+01
   7.2239040e+06   2.1972656e+01
   7.2416150e+06   2.2827148e+01
   7.2639740e+06   2.2216797e+01
   7.2641540e+06   2.1667480e+01
   7.2647790e+06   2.1118164e+01
   7.2648730e+06   2.4658203e+01
   7.2650530e+06   2.1423340e+01
   7.2662090e+06   2.0507812e+01
   7.2886580e+06   2.1362305e+01
   7.3163360e+06   2.0874023e+01
   7.3166310e+06   2.4780273e+01
   7.3277810e+06   2.1423340e+01
   7.3309840e+06   2.4414062e+01
   7.3322440e+06   2.1606445e+01
   7.3611910e+06   2.0507812e+01
   7.3708060e+06   2.2094727e+01
   7.3715380e+06   2.7221680e+01
   7.3784180e+06   2.1057129e+01
   7.3788190e+06   2.1972656e+01
   7.3789350e+06   2.1179199e+01
   7.3808010e+06   2.1423340e+01
   7.3843870e+06   2.0385742e+01
   7.3844830e+06   2.5207520e+01
   7.3845920e+06   2.0385742e+01
   7.3846100e+06   2.1911621e+01
   7.3854860e+06   2.3010254e+01
   7.3979360e+06   2.3498535e+01
   7.3984530e+06   2.2338867e+01
   7.3988110e+06   2.0935059e+01
   7.4065100e+06   2.1728516e+01
   7.4103090e+06   2.0690918e+01
   7.4109400e+06   2.1118164e+01
   7.4140930e+06   2.3803711e+01
   7.4230120e+06   2.0507812e+01
   7.4240700e+06   2.1179199e+01
   7.4255830e+06   2.0629883e+01
   7.4258480e+06   2.1911621e+01
   7.4459560e+06   2.2277832e+01
   7.4460160e+06   2.1667480e+01
   7.4600800e+06   2.1118164e+01
   7.4635800e+06   2.3193359e+01
   7.4801090e+06   2.1179199e+01
   7.4845550e+06   2.0629883e+01
   7.4880600e+06   2.0874023e+01
   7.4960950e+06   2.1362305e+01
   7.4963240e+06   2.0690918e+01
   7.5063070e+06   2.4719238e+01
   7.5068080e+06   2.0629883e+01
   7.5068690e+06   2.1240234e+01
   7.5162660e+06   2.3925781e+01
   7.5293360e+06   2.2216797e+01
   7.5404020e+06   2.2216797e+01
   7.5585500e+06   2.0812988e+01
   7.5596990e+06   2.1301270e+01
   7.5851880e+06   2.0507812e+01
   7.5926770e+06   2.3132324e+01
   7.5932180e+06   2.2644043e+01
   7.6000970e+06   2.0812988e+01
   7.6084830e+06   2.3498535e+01
   7.6173320e+06   2.1118164e+01
   7.6174660e+06   2.4047852e+01
   7.6181380e+06   2.4108887e+01
   7.6186020e+06   2.2399902e+01
   7.6191340e+06   2.0874023e+01
   7.6272850e+06   2.4658203e+01
   7.6390630e+06   2.1850586e+01
   7.6396660e+06   2.3132324e+01
   7.6402460e+06   2.0446777e+01
   7.6405710e+06   2.2216797e+01
   7.6435180e+06   2.1118164e+01
   7.6439720e+06   2.0812988e+01
   7.6442360e+06   2.1484375e+01
   7.6501230e+06   2.5024414e+01
   7.6502140e+06   2.2644043e+01
   7.6503630e+06   2.2583008e+01
   7.6540740e+06   2.4536133e+01
   7.6541950e+06   2.5207520e+01
   7.6584420e+06   2.1545410e+01
   7.6697340e+06   2.0629883e+01
   7.6842230e+06   2.6916504e+01
   7.6992720e+06   2.0812988e+01
   7.7132550e+06   2.0874023e+01
   7.7185280e+06   2.2705078e+01
   7.7244060e+06   2.2094727e+01
   7.7246690e+06   3.2531738e+01
   7.7355550e+06   2.6550293e+01
   7.7702950e+06   2.1545410e+01
   7.7706110e+06   2.3620605e+01
   7.7781950e+06   2.3132324e+01
   7.7895010e+06   2.0568848e+01
   7.7902430e+06   2.0507812e+01
   7.7918040e+06   2.3193359e+01
   7.7937430e+06   2.0568848e+01
   7.7947690e+06   2.1484375e+01
   7.8075320e+06   2.2399902e+01
   7.8077160e+06   2.1484375e+01
   7.8132160e+06   2.1728516e+01
   7.8132960e+06   2.1545410e+01
   7.8265250e+06   2.1240234e+01
   7.8330410e+06   2.0996094e+01
   7.8390000e+06   2.5024414e+01
   7.8391190e+06   2.2644043e+01
   7.8476520e+06   2.0996094e+01
   7.8482440e+06   2.1911621e+01
   7.8490700e+06   2.2827148e+01
   7.8624590e+06   2.0812988e+01
   7.8626180e+06   2.3925781e+01
   7.8628300e+06   2.1118164e+01
   7.8681420e+06   2.1057129e+01
   7.8686480e+06   2.3559570e+01
   7.8747030e+06   2.2888184e+01
   7.8874130e+06   2.0446777e+01
   7.8875910e+06   2.1423340e+01
   7.8877530e+06   2.5756836e+01
   7.8897230e+06   2.1118164e+01
   7.8900670e+06   2.1240234e+01
   7.8934250e+06   2.5634766e+01
   7.9010930e+06   2.3986816e+01
   7.9016710e+06   2.1667480e+01
   7.9056370e+06   2.0996094e+01
   7.9063560e+06   2.2949219e+01
   7.9067720e+06   2.3803711e+01
   7.9087390e+06   2.1545410e+01
   7.9093850e+06   2.5878906e+01
   7.9094750e+06   2.0690918e+01
   7.9122040e+06   2.0507812e+01
   7.9241110e+06   2.1972656e+01
   7.9271110e+06   2.2277832e+01
   7.9363810e+06   2.3254395e+01
   7.9485480e+06   2.3864746e+01
   7.9600730e+06   2.2888184e+01
   7.9629230e+06   2.1362305e+01
   7.9633460e+06   2.1118164e+01
   7.9637060e+06   2.0385742e+01
   7.9680590e+06   2.0690918e+01
   7.9681090e+06   2.1484375e+01
   7.9683410e+06   2.0446777e+01
   7.9765450e+06   2.1301270e+01
   7.9767770e+06   2.1423340e+01
   7.9782980e+06   2.2583008e+01
   7.9818840e+06   2.2277832e+01
   7.9847730e+06   2.2705078e+01
   7.9892800e+06   2.3559570e+01
   7.9893510e+06   2.1057129e+01
   7.9894870e+06   2.0874023e+01
   7.9896340e+06   2.0385742e+01
   7.9903720e+06   2.5573730e+01
   7.9927130e+06   2.3254395e+01
   7.9927710e+06   2.0812988e+01
   7.9929420e+06   2.1728516e+01
   7.9930450e+06   2.2338867e+01
   7.9932860e+06   2.1362305e+01
   7.9962080e+06   2.1484375e+01
   7.9969200e+06   2.5390625e+01
   8.0047810e+06   2.3559570e+01
   8.0049110e+06   2.0874023e+01
   8.0167700e+06   2.5146484e+01
   8.0168670e+06   2.3010254e+01
   8.0298260e+06   2.2888184e+01
   8.0338190e+06   2.0996094e+01
   8.0357190e+06   2.2888184e+01
   8.0478320e+06   2.0874023e+01
   8.0566360e+06   2.0507812e+01
   8.0584720e+06   2.1728516e+01
   8.0672730e+06   2.2399902e+01
   8.0708570e+06   2.5939941e+01
   8.0717510e+06   2.1423340e+01
   8.0756030e+06   2.2705078e+01
   8.0766660e+06   2.3010254e+01
   8.0770610e+06   2.0751953e+01
   8.0922180e+06   2.1606445e+01
   8.0968080e+06   2.4353027e+01
   8.0990180e+06   2.2888184e+01
   8.1126290e+06   2.0812988e+01
   8.1390560e+06   2.7465820e+01
   8.1392900e+06   2.4841309e+01
   8.1408950e+06   2.2583008e+01
   8.1411290e+06   2.0507812e+01
   8.1457620e+06   2.1118164e+01
   8.1483260e+06   2.3071289e+01
   8.1565840e+06   2.5451660e+01
   8.1713340e+06   2.0568848e+01
   8.1812040e+06   2.1606445e+01
   8.1863790e+06   2.1240234e+01
   8.1870360e+06   2.0629883e+01
   8.1968240e+06   2.3620605e+01
   8.2014230e+06   2.3559570e+01
   8.2114910e+06   2.4536133e+01
   8.2224060e+06   2.0690918e+01
   8.2252700e+06   2.1911621e+01
   8.2312340e+06   2.2583008e+01
   8.2335030e+06   2.1911621e+01
   8.2338440e+06   2.0568848e+01
   8.2359850e+06   2.3681641e+01
   8.2460840e+06   2.2766113e+01
   8.2656320e+06   2.5146484e+01
   8.2681160e+06   2.2033691e+01
   8.2725790e+06   2.1606445e+01
   8.2738470e+06   2.0935059e+01
   8.2962060e+06   2.0751953e+01
   8.3157160e+06   2.2888184e+01
   8.3322670e+06   2.2644043e+01
   8.3326390e+06   2.4963379e+01
   8.3328000e+06   2.0874023e+01
   8.3472730e+06   2.6611328e+01
   8.3568190e+06   2.2155762e+01
   8.3599150e+06   2.1911621e+01
   8.3600840e+06   2.2338867e+01
   8.3607370e+06   2.1484375e+01
   8.3634590e+06   2.1179199e+01
   8.3643910e+06   2.0385742e+01
   8.3649150e+06   2.3071289e+01
   8.3650070e+06   2.2705078e+01
   8.3655540e+06   2.1545410e+01
   8.3702350e+06   2.2827148e+01
   8.3709210e+06   2.1118164e+01
   8.3808260e+06   2.1423340e+01
   8.3835240e+06   2.6000977e+01
   8.3836910e+06   2.3742676e+01
   8.3901650e+06   2.0935059e+01
   8.3904300e+06   2.4902344e+01
   8.3957030e+06   2.0874023e+01
   8.4029570e+06   2.0507812e+01
   8.4038440e+06   2.3376465e+01
   8.4044760e+06   2.1606445e+01
   8.4048390e+06   2.5573730e+01
   8.4059840e+06   2.1240234e+01
   8.4125830e+06   2.2766113e+01
   8.4130470e+06   2.1972656e+01
   8.4209990e+06   2.1972656e+01
   8.4367630e+06   2.1667480e+01
   8.4369280e+06   2.2705078e+01
   8.4380710e+06   2.6550293e+01
   8.4401380e+06   2.4780273e+01
   8.4405280e+06   2.0446777e+01
   8.4408290e+06   2.1057129e+01
   8.4413000e+06   2.3132324e+01
   8.4434010e+06   2.1484375e+01
   8.4461100e+06   2.1179199e+01
   8.4502920e+06   2.2949219e+01
   8.4560110e+06   2.2644043e+01
   8.4570880e+06   2.0996094e+01
   8.4572350e+06   2.1545410e+01
   8.4572610e+06   2.1911621e+01
   8.4576060e+06   2.3010254e+01
   8.4694870e+06   2.0629883e+01
   8.4746580e+06   2.2460938e+01
   8.4865180e+06   2.0446777e+01
   8.4866690e+06   2.0629883e+01
   8.4945280e+06   2.1911621e+01
   8.4965570e+06   2.1484375e+01
   8.5291630e+06   2.0385742e+01
   8.5306540e+06   2.1118164e+01
   8.5360480e+06   2.1423340e+01
   8.5442970e+06   2.4902344e+01
   8.5538470e+06   2.4047852e+01
   8.5629760e+06   2.1301270e+01
   8.5631840e+06   2.0385742e+01
   8.5678620e+06   2.2094727e+01
   8.5742300e+06   2.2888184e+01
   8.5796090e+06   2.0446777e+01
   8.5800800e+06   2.0629883e+01
   8.5828060e+06   2.0385742e+01
   8.5844460e+06   2.2460938e+01
   8.5871490e+06   2.2155762e+01
   8.5872930e+06   2.0568848e+01
   8.5880620e+06   2.4963379e+01
   8.5931760e+06   2.2094727e+01
   8.6046480e+06   2.0996094e+01
   8.6051080e+06   2.5024414e+01
   8.6052820e+06   2.3376465e+01
   8.6054230e+06   2.0690918e+01
   8.6192560e+06   2.2766113e+01
   8.6213760e+06   2.3864746e+01
   8.6292210e+06   2.2460938e+01
   8.6420240e+06   2.2033691e+01
   8.6423020e+06   2.3803711e+01
   8.6423530e+06   2.1484375e+01
   8.6441470e+06   2.3620605e+01
   8.6575350e+06   2.4536133e+01
   8.6601310e+06   2.2521973e+01
   8.6624700e+06   2.3559570e+01
   8.6820240e+06   2.2949219e+01
   8.6822440e+06   2.1118164e+01
   8.6887890e+06   2.4291992e+01
   8.6891340e+06   2.0874023e+01
   8.6961700e+06   2.2094727e+01
   8.6968810e+06   2.1484375e+01
   8.6979420e+06   2.0874023e+01
   8.7052510e+06   2.0690918e+01
   8.7390820e+06   2.1179199e+01
   8.7453710e+06   2.1850586e+01
   8.7456210e+06   2.0568848e+01
   8.7505340e+06   2.0385742e+01
   8.7508620e+06   2.0996094e+01
   8.7508980e+06   2.2216797e+01
   8.7513130e+06   2.1789551e+01
   8.7632990e+06   2.1911621e+01
   8.7635030e+06   2.2216797e+01
   8.7787720e+06   2.2827148e+01
   8.7840460e+06   2.5695801e+01
   8.7907890e+06   2.1789551e+01
   8.7942910e+06   2.0751953e+01
   8.7968880e+06   2.7282715e+01
   8.7978010e+06   2.2766113e+01
   8.7982590e+06   2.1606445e+01
   8.7985140e+06   2.3742676e+01
   8.7987540e+06   2.0690918e+01
   8.8147380e+06   2.4597168e+01
   8.8204130e+06   2.3315430e+01
   8.8208800e+06   2.1423340e+01
   8.8314450e+06   2.1240234e+01
   8.8326020e+06   2.1911621e+01
   8.8810540e+06   2.1606445e+01
   8.8829010e+06   2.1057129e+01
   8.8883720e+06   2.0690918e+01
   8.8946840e+06   2.5939941e+01
   8.8964820e+06   2.3498535e+01
   8.8970660e+06   2.0751953e+01
   8.8981200e+06   2.0935059e+01
   8.8988310e+06   2.0751953e+01
   8.8991620e+06   2.1606445e+01
   8.9237900e+06   2.2216797e+01
   8.9541340e+06   2.0629883e+01
   8.9557580e+06   2.0568848e+01
   8.9588490e+06   2.0690918e+01
   8.9668970e+06   2.5634766e+01
   8.9880770e+06   2.1179199e+01
   8.9998520e+06   2.3803711e+01
   9.0015590e+06   2.0751953e+01
   9.0016220e+06   2.2583008e+01
   9.0017520e+06   2.3071289e+01
   9.0018360e+06   2.2766113e+01
   9.0070720e+06   2.2766113e+01
   9.0073310e+06   2.1057129e+01
   9.0124670e+06   2.0935059e+01
   9.0133410e+06   2.0690918e+01
   9.0139980e+06   2.4963379e+01
   9.0226110e+06   2.1789551e+01
   9.0228100e+06   2.3864746e+01
   9.0277500e+06   2.0996094e+01
   9.0311500e+06   2.1484375e+01
   9.0312390e+06   2.6367188e+01
   9.0313340e+06   2.1179199e+01
   9.0354800e+06   2.3925781e+01
   9.0413820e+06   2.1179199e+01
   9.0418390e+06   2.1240234e+01
   9.0503310e+06   2.0690918e+01
   9.0506140e+06   2.2705078e+01
   9.0507860e+06   2.1850586e+01
   9.0516880e+06   2.6123047e+01
   9.0530940e+06   2.4414062e+01
   9.0670170e+06   2.1301270e+01
   9.0703690e+06   2.1667480e+01
   9.0826710e+06   2.2827148e+01
   9.0890460e+06   2.4108887e+01
   9.0926980e+06   2.1423340e+01
   9.0927430e+06   2.5878906e+01
   9.0931390e+06   2.1301270e+01
   9.0938190e+06   2.1545410e+01
   9.1007820e+06   2.2460938e+01
   9.1008700e+06   2.4719238e+01
   9.1013600e+06   2.1057129e+01
   9.1016280e+06   2.3376465e+01
   9.1017190e+06   2.2705078e+01
   9.1130650e+06   2.2705078e+01
   9.1132150e+06   2.1362305e+01
   9.1136050e+06   2.4719238e+01
   9.1136920e+06   2.1179199e+01
   9.1141880e+06   2.1423340e+01
   9.1187040e+06   2.1057129e+01
   9.1403770e+06   2.1362305e+01
   9.1422870e+06   2.2216797e+01
   9.1516760e+06   2.1179199e+01
   9.1620870e+06   2.1911621e+01
   9.1789720e+06   2.2705078e+01
   9.1789970e+06   2.7648926e+01
   9.1921460e+06   2.1362305e+01
   9.1922100e+06   2.3986816e+01
   9.1999700e+06   2.1728516e+01
   9.2133070e+06   2.3132324e+01
   9.2140820e+06   2.3193359e+01
   9.2158720e+06   2.2827148e+01
   9.2160610e+06   2.7099609e+01
   9.2162350e+06   2.3742676e+01
   9.2163480e+06   2.2583008e+01
   9.2290520e+06   2.2216797e+01
   9.2309220e+06   2.3254395e+01
   9.2313360e+06   2.1484375e+01
   9.2314430e+06   2.4108887e+01
   9.2382080e+06   2.1057129e+01
   9.2390270e+06   2.0935059e+01
   9.2431150e+06   2.2583008e+01
   9.2435280e+06   2.3559570e+01
   9.2442580e+06   2.0874023e+01
   9.2472530e+06   2.0751953e+01
   9.2503080e+06   2.2949219e+01
   9.2561790e+06   2.2216797e+01
   9.2606710e+06   2.2521973e+01
   9.2612500e+06   2.3620605e+01
   9.2691130e+06   2.3071289e+01
   9.2716770e+06   2.2521973e+01
   9.2720090e+06   2.1972656e+01
   9.2814540e+06   2.5939941e+01
   9.3134880e+06   2.1179199e+01
   9.3175560e+06   2.1850586e+01
   9.3178180e+06   2.5146484e+01
   9.3246270e+06   2.1484375e+01
   9.3277220e+06   2.1606445e+01
   9.3302160e+06   2.1850586e+01
   9.3304400e+06   2.1789551e+01
   9.3469810e+06   2.0996094e+01
   9.3470780e+06   2.2705078e+01
   9.3476780e+06   2.1240234e+01
   9.3525810e+06   2.3681641e+01
   9.3571800e+06   2.2521973e+01
   9.3586540e+06   2.2399902e+01
   9.3910940e+06   2.3498535e+01
   9.3920230e+06   2.2583008e+01
   9.4053140e+06   2.1118164e+01
   9.4053930e+06   2.4780273e+01
   9.4058590e+06   2.3681641e+01
   9.4062930e+06   2.2460938e+01
   9.4143370e+06   2.6000977e+01
   9.4143700e+06   2.4719238e+01
   9.4144530e+06   2.1057129e+01
   9.4243840e+06   2.2827148e+01
   9.4265080e+06   2.1606445e+01
   9.4384290e+06   2.0690918e+01
   9.4389120e+06   2.2216797e+01
   9.4480340e+06   2.4841309e+01
   9.4497750e+06   2.5268555e+01
   9.4530950e+06   2.7770996e+01
   9.4532510e+06   2.2277832e+01
   9.4534180e+06   2.1301270e+01
   9.4535640e+06   2.0935059e+01
   9.4553690e+06   2.3498535e+01
   9.4574130e+06   2.1667480e+01
   9.4707970e+06   2.0935059e+01
   9.4853820e+06   2.1362305e+01
   9.4916850e+06   2.0996094e+01
   9.4980900e+06   2.1606445e+01
   9.4987970e+06   2.2399902e+01
   9.5086980e+06   2.1301270e+01
   9.5215100e+06   2.1179199e+01
   9.5228560e+06   2.5817871e+01
   9.5232840e+06   2.5329590e+01
   9.5307910e+06   2.1057129e+01
   9.5309800e+06   2.2460938e+01
   9.5312390e+06   2.1484375e+01
   9.5317660e+06   2.2949219e+01
   9.5483660e+06   2.2277832e+01
   9.5484110e+06   2.1667480e+01
   9.5484730e+06   2.0751953e+01
   9.5640990e+06   2.0812988e+01
   9.5661230e+06   2.3620605e+01
   9.5752610e+06   2.6367188e+01
   9.5853370e+06   2.1789551e+01
   9.5942470e+06   2.3376465e+01
   9.5944180e+06   2.1484375e+01
   9.5954640e+06   2.3254395e+01
   9.5961810e+06   2.0812988e+01
   9.6003600e+06   2.2827148e+01
   9.6014910e+06   2.4353027e+01
   9.6058040e+06   2.1301270e+01
   9.6073920e+06   2.2216797e+01
   9.6139490e+06   2.0935059e+01
   9.6141600e+06   2.2766113e+01
   9.6280810e+06   2.6123047e+01
   9.6310740e+06   2.2949219e+01
   9.6318870e+06   2.0690918e+01
   9.6340540e+06   2.0874023e+01
   9.6398700e+06   2.4536133e+01
   9.6498050e+06   2.2888184e+01
   9.6627290e+06   2.0935059e+01
   9.6687410e+06   2.1606445e+01
   9.6689490e+06   2.3193359e+01
   9.6694620e+06   2.3315430e+01
   9.6718610e+06   2.2399902e+01
   9.6914190e+06   2.3559570e+01
   9.6914990e+06   2.1301270e+01
   9.6917980e+06   2.2827148e+01
   9.6924390e+06   2.0751953e+01
   9.6939510e+06   2.2155762e+01
   9.6946360e+06   2.0935059e+01
   9.7022020e+06   2.1301270e+01
   9.7031390e+06   2.1057129e+01
   9.7075520e+06   2.3254395e+01
   9.7168550e+06   2.2827148e+01
   9.7204100e+06   2.3315430e+01
   9.7241110e+06   2.2521973e+01
   9.7247230e+06   2.0690918e+01
   9.7268890e+06   2.1545410e+01
   9.7273610e+06   2.2888184e+01
   9.7290630e+06   2.1728516e+01
   9.7294150e+06   2.0935059e+01
   9.7302440e+06   2.0812988e+01
   9.7317800e+06   2.0812988e+01
   9.7377590e+06   2.4169922e+01
   9.7382700e+06   2.2399902e+01
   9.7452370e+06   2.2155762e+01
   9.7468630e+06   2.3071289e+01
   9.7470290e+06   3.3630371e+01
   9.7471120e+06   2.1972656e+01
   9.7623280e+06   2.2705078e+01
   9.7644040e+06   2.3498535e+01
   9.7706760e+06   2.3071289e+01
   9.7819730e+06   2.4108887e+01
   9.7903580e+06   2.0935059e+01
   9.7930660e+06   2.2766113e+01
   9.7953350e+06   2.2033691e+01
   9.7954750e+06   2.3010254e+01
   9.8047180e+06   2.1484375e+01
   9.8138230e+06   2.3437500e+01
   9.8150490e+06   2.8991699e+01
   9.8247920e+06   2.4414062e+01
   9.8251900e+06   2.1118164e+01
   9.8299260e+06   2.7282715e+01
   9.8303320e+06   2.3925781e+01
   9.8423690e+06   2.1850586e+01
   9.8722190e+06   2.6794434e+01
   9.8910690e+06   2.1972656e+01
   9.9224810e+06   2.2338867e+01
   9.9394440e+06   2.0935059e+01
   9.9407560e+06   2.6367188e+01
   9.9410570e+06   2.0935059e+01
   9.9432170e+06   2.2521973e+01
   9.9435330e+06   2.1057129e+01
   9.9436470e+06   2.0690918e+01
   9.9500520e+06   2.3132324e+01
   9.9577730e+06   2.1972656e+01
   9.9603560e+06   2.3376465e+01
   9.9815300e+06   2.2155762e+01
   9.9927150e+06   2.5329590e+01
   9.9937480e+06   2.1057129e+01
   1.0001719e+07   2.1484375e+01
   1.0011351e+07   2.0874023e+01
   1.0022404e+07   2.2155762e+01
   1.0022668e+07   2.0812988e+01
   1.0022728e+07   2.1240234e+01
   1.0027728e+07   2.1789551e+01
   1.0028346e+07   2.1606445e+01
   1.0028610e+07   2.2094727e+01
   1.0029475e+07   2.3193359e+01
   1.0029594e+07   2.1728516e+01
   1.0029789e+07   2.1057129e+01
   1.0032522e+07   2.3315430e+01
   1.0040334e+07   2.3254395e+01
   1.0043540e+07   2.2338867e+01
   1.0057552e+07   2.0935059e+01
   1.0069297e+07   2.3193359e+01
   1.0072399e+07   2.1118164e+01
   1.0081215e+07   2.1789551e+01
   1.0081874e+07   2.2583008e+01
   1.0093395e+07   2.3193359e+01
   1.0093849e+07   2.1850586e+01
   1.0102182e+07   2.4597168e+01
   1.0114426e+07   2.1301270e+01
   1.0114624e+07   2.1667480e+01
   1.0126000e+07   2.0690918e+01
   1.0130417e+07   2.3254395e+01
   1.0135014e+07   2.1789551e+01
   1.0143626e+07   2.4230957e+01
   1.0143788e+07   2.6733398e+01
   1.0152172e+07   2.2766113e+01
   1.0164465e+07   2.3071289e+01
   1.0164627e+07   2.1728516e+01
   1.0164724e+07   2.0874023e+01
   1.0165134e+07   2.4963379e+01
   1.0186447e+07   2.1850586e+01
   1.0196386e+07   2.1240234e+01
   1.0196993e+07   2.1240234e+01
   1.0197854e+07   2.3742676e+01
   1.0205178e+07   2.0996094e+01
   1.0211458e+07   2.1789551e+01
   1.0220284e+07   2.3010254e+01
   1.0220770e+07   2.4597168e+01
   1.0221441e+07   2.2277832e+01
   1.0225015e+07   2.3193359e+01
   1.0225751e+07   2.1667480e+01
   1.0233001e+07   2.1789551e+01
   1.0233423e+07   2.1240234e+01
   1.0234170e+07   2.1484375e+01
   1.0234760e+07   2.0812988e+01
   1.0242910e+07   2.0812988e+01
   1.0243139e+07   2.2521973e+01
   1.0247231e+07   2.0812988e+01
   1.0255133e+07   2.2583008e+01
   1.0268032e+07   2.3437500e+01
   1.0284752e+07   2.1911621e+01
   1.0287650e+07   2.1423340e+01
   1.0290133e+07   2.1362305e+01
   1.0290170e+07   2.0690918e+01
   1.0302830e+07   2.1850586e+01
   1.0304829e+07   2.3132324e+01
   1.0314051e+07   2.2521973e+01
   1.0314341e+07   2.1484375e+01
   1.0317326e+07   2.1484375e+01
   1.0331851e+07   2.1728516e+01
   1.0341960e+07   2.0690918e+01
   1.0360431e+07   2.1911621e+01
   1.0361056e+07   2.1179199e+01
   1.0372715e+07   2.1423340e+01
   1.0373459e+07   2.2949219e+01
   1.0375926e+07   2.1179199e+01
   1.0398922e+07   2.1972656e+01
   1.0408521e+07   2.2094727e+01
   1.0413704e+07   2.1728516e+01
   1.0413941e+07   2.2827148e+01
   1.0420937e+07   2.3498535e+01
   1.0426686e+07   2.2216797e+01
   1.0427379e+07   2.0751953e+01
   1.0428260e+07   2.1545410e+01
   1.0457362e+07   2.3132324e+01
   1.0459252e+07   2.1240234e+01
   1.0476987e+07   2.4475098e+01
   1.0499010e+07   2.4291992e+01
   1.0532175e+07   2.1545410e+01
   1.0539991e+07   2.1606445e+01
   1.0542217e+07   2.8625488e+01
   1.0543747e+07   2.1118164e+01
   1.0565826e+07   2.5634766e+01
   1.0566654e+07   2.9235840e+01
   1.0587223e+07   2.6489258e+01
   1.0590815e+07   2.1972656e+01
   1.0591182e+07   2.2033691e+01
   1.0609931e+07   2.1240234e+01
   1.0616156e+07   2.1972656e+01
   1.0616384e+07   2.1911621e+01
   1.0618065e+07   2.1728516e+01
   1.0621818e+07   2.1667480e+01
   1.0634426e+07   2.0751953e+01
   1.0640452e+07   2.1484375e+01
   1.0654560e+07   2.1179199e+01
   1.0666856e+07   2.1118164e+01
   1.0667897e+07   2.2338867e+01
   1.0670764e+07   2.1484375e+01
   1.0671489e+07   2.2766113e+01
   1.0684520e+07   2.1850586e+01
   1.0686045e+07   2.0874023e+01
   1.0686844e+07   2.2399902e+01
   1.0687123e+07   2.4291992e+01
   1.0693172e+07   2.2338867e+01
   1.0693898e+07   2.2094727e+01
   1.0698035e+07   2.2094727e+01
   1.0705123e+07   2.2705078e+01
   1.0705928e+07   2.2277832e+01
   1.0711216e+07   2.2094727e+01
   1.0712294e+07   2.4353027e+01
   1.0719479e+07   2.3864746e+01
   1.0720084e+07   2.2155762e+01
   1.0721184e+07   2.1484375e+01
   1.0723247e+07   2.0874023e+01
   1.0725307e+07   2.5207520e+01
   1.0730907e+07   2.5146484e+01
   1.0745866e+07   3.1372070e+01
   1.0746877e+07   2.1423340e+01
   1.0750100e+07   2.0690918e+01
   1.0750258e+07   2.3742676e+01
   1.0756584e+07   2.1423340e+01
   1.0758671e+07   2.0874023e+01
   1.0764513e+07   2.8076172e+01
   1.0768948e+07   2.2399902e+01
   1.0772322e+07   2.2277832e+01
   1.0776457e+07   2.1423340e+01
   1.0776780e+07   2.2827148e+01
   1.0789183e+07   2.1850586e+01
   1.0792229e+07   2.3864746e+01
   1.0799258e+07   2.0751953e+01
   1.0801426e+07   2.1362305e+01
   1.0802570e+07   2.3986816e+01
   1.0803735e+07   2.0935059e+01
   1.0809972e+07   2.2460938e+01
   1.0812615e+07   2.1667480e+01
   1.0813355e+07   2.5390625e+01
   1.0824083e+07   2.6123047e+01
   1.0825695e+07   2.0751953e+01
   1.0831329e+07   2.2216797e+01
   1.0843304e+07   2.1545410e+01
   1.0843400e+07   2.1911621e+01
   1.0843411e+07   2.0935059e+01
   1.0847689e+07   2.3559570e+01
   1.0871672e+07   2.1362305e+01
   1.0873427e+07   2.1972656e+01
   1.0879620e+07   2.2094727e+01
   1.0879916e+07   2.2521973e+01
   1.0885074e+07   2.0874023e+01
   1.0889091e+07   2.1667480e+01
   1.0889976e+07   2.2094727e+01
   1.0890085e+07   2.0996094e+01
   1.0892320e+07   2.1423340e+01
   1.0900483e+07   2.3498535e+01
   1.0900834e+07   2.1850586e+01
   1.0900860e+07   2.2094727e+01
   1.0912089e+07   2.5573730e+01
   1.0934888e+07   2.1179199e+01
   1.0937398e+07   2.3071289e+01
   1.0939868e+07   2.2216797e+01
   1.0943974e+07   2.2827148e+01
   1.0957308e+07   2.0812988e+01
   1.0959865e+07   2.4047852e+01
   1.0962433e+07   2.5573730e+01
   1.0969177e+07   2.1423340e+01
   1.0987518e+07   2.2949219e+01
   1.0987981e+07   2.4475098e+01
   1.0989276e+07   2.2949219e+01
   1.0995757e+07   2.1362305e+01
   1.0995975e+07   2.0812988e+01
   1.1019530e+07   2.2705078e+01
   1.1023610e+07   2.1667480e+01
   1.1024112e+07   2.0996094e+01
   1.1036016e+07   2.2399902e+01
   1.1040352e+07   2.1423340e+01
   1.1045039e+07   2.0935059e+01
   1.1045205e+07   2.2766113e+01
   1.1056176e+07   2.0690918e+01
   1.1056450e+07   2.0935059e+01
   1.1056555e+07   2.0751953e+01
   1.1058392e+07   2.0690918e+01
   1.1069688e+07   2.1728516e+01
   1.1069988e+07   2.1362305e+01
   1.1078061e+07   2.4963379e+01
   1.1082897e+07   2.2644043e+01
   1.1083062e+07   2.0690918e+01
   1.1092267e+07   2.2705078e+01
   1.1092688e+07   2.1606445e+01
   1.1100730e+07   2.1301270e+01
   1.1110581e+07   2.5573730e+01
   1.1112231e+07   2.2155762e+01
   1.1130119e+07   2.0996094e+01
   1.1130446e+07   2.0874023e+01
   1.1135636e+07   2.3376465e+01
   1.1144558e+07   2.2888184e+01
   1.1146680e+07   2.2827148e+01
   1.1148017e+07   2.2705078e+01
   1.1153159e+07   2.3559570e+01
   1.1167712e+07   2.1850586e+01
   1.1170054e+07   2.1728516e+01
   1.1174892e+07   2.1484375e+01
   1.1176326e+07   2.4047852e+01
   1.1187402e+07   2.1545410e+01
   1.1193816e+07   2.1728516e+01
   1.1201693e+07   2.2705078e+01
   1.1212568e+07   2.3193359e+01
   1.1212924e+07   2.1972656e+01
   1.1212964e+07   2.4414062e+01
   1.1220587e+07   2.1423340e+01
   1.1220691e+07   2.5939941e+01
   1.1221907e+07   2.2949219e+01
   1.1222708e+07   2.1545410e+01
   1.1226684e+07   2.0996094e+01
   1.1238245e+07   2.1484375e+01
   1.1238867e+07   2.2888184e+01
   1.1244977e+07   2.3620605e+01
   1.1245400e+07   2.1972656e+01
   1.1249308e+07   2.5817871e+01
   1.1265944e+07   2.2644043e+01
   1.1272183e+07   2.6733398e+01
   1.1278384e+07   2.2705078e+01
   1.1278823e+07   2.1728516e+01
   1.1280149e+07   2.1667480e+01
   1.1291225e+07   2.3437500e+01
   1.1298469e+07   2.6855469e+01
   1.1299171e+07   2.3132324e+01
   1.1300129e+07   2.1423340e+01
   1.1301496e+07   2.1484375e+01
   1.1311678e+07   2.3681641e+01
   1.1317393e+07   2.0996094e+01
   1.1318288e+07   2.0812988e+01
   1.1345867e+07   2.2521973e+01
   1.1355053e+07   2.0690918e+01
   1.1355468e+07   2.7465820e+01
   1.1358780e+07   2.2216797e+01
   1.1367166e+07   2.2460938e+01
   1.1367508e+07   2.1728516e+01
   1.1369822e+07   2.1972656e+01
   1.1376612e+07   2.2521973e+01
   1.1388734e+07   2.0874023e+01
   1.1398966e+07   2.2888184e+01
   1.1406265e+07   2.3742676e+01
   1.1414390e+07   2.1789551e+01
   1.1415621e+07   2.1179199e+01
   1.1427633e+07   2.3071289e+01
   1.1430591e+07   2.2949219e+01
   1.1434248e+07   2.0874023e+01
   1.1439930e+07   2.3437500e+01
   1.1441835e+07   2.1057129e+01
   1.1449396e+07   2.1118164e+01
   1.1450153e+07   2.2644043e+01
   1.1450501e+07   2.1606445e+01
   1.1460401e+07   2.1362305e+01
   1.1467555e+07   2.1057129e+01
   1.1467649e+07   2.3193359e+01
   1.1473402e+07   2.1545410e+01
   1.1486673e+07   2.0812988e+01
   1.1515626e+07   2.3925781e+01
   1.1516026e+07   2.1240234e+01
   1.1522845e+07   2.1850586e+01
   1.1527956e+07   2.1057129e+01
   1.1532595e+07   2.1362305e+01
   1.1536345e+07   2.1301270e+01
   1.1536764e+07   2.0690918e+01
   1.1537239e+07   2.4047852e+01
   1.1537639e+07   2.1972656e+01
   1.1543759e+07   2.3864746e+01
   1.1556188e+07   2.1057129e+01
   1.1581354e+07   2.5939941e+01
   1.1583371e+07   2.2583008e+01
   1.1600353e+07   2.1484375e+01
   1.1603132e+07   2.3071289e+01
   1.1604205e+07   2.5390625e+01
   1.1605466e+07   2.1667480e+01
   1.1623905e+07   2.2460938e+01
   1.1624158e+07   2.4108887e+01
   1.1624336e+07   2.1667480e+01
   1.1624470e+07   2.1362305e+01
   1.1624872e+07   2.1179199e+01
   1.1630853e+07   2.2583008e+01
   1.1639165e+07   2.2155762e+01
   1.1655844e+07   2.6367188e+01
   1.1657194e+07   2.4597168e+01
   1.1660132e+07   2.2705078e+01
   1.1660375e+07   2.1301270e+01
   1.1660667e+07   2.6489258e+01
   1.1667022e+07   2.1423340e+01
   1.1681958e+07   2.9907227e+01
   1.1682107e+07   2.1484375e+01
   1.1682209e+07   2.1728516e+01
   1.1690439e+07   2.1362305e+01
   1.1691058e+07   2.1423340e+01
   1.1692044e+07   2.1606445e+01
   1.1698753e+07   2.3681641e+01
   1.1698856e+07   2.3925781e+01
   1.1699513e+07   2.4658203e+01
   1.1712231e+07   2.0935059e+01
   1.1729954e+07   2.1667480e+01
   1.1736589e+07   2.1179199e+01
   1.1738748e+07   2.1057129e+01
   1.1739233e+07   2.1606445e+01
   1.1739692e+07   2.0812988e+01
   1.1751661e+07   2.1972656e+01
   1.1751852e+07   2.2888184e+01
   1.1752123e+07   2.1606445e+01
   1.1754493e+07   2.3376465e+01
   1.1769423e+07   2.1545410e+01
   1.1769931e+07   2.4902344e+01
   1.1778484e+07   2.5024414e+01
   1.1779285e+07   2.0935059e+01
   1.1785937e+07   2.1301270e+01
   1.1786712e+07   2.1911621e+01
   1.1788618e+07   2.2033691e+01
   1.1789280e+07   2.1057129e+01
   1.1789321e+07   2.2827148e+01
   1.1792179e+07   2.2521973e+01
   1.1792238e+07   2.4414063e+01
   1.1792466e+07   2.1545410e+01
   1.1793568e+07   2.3254395e+01
   1.1797892e+07   2.3010254e+01
   1.1800278e+07   2.1484375e+01
   1.1805194e+07   2.5817871e+01
   1.1805434e+07   2.1118164e+01
   1.1816972e+07   2.1850586e+01
   1.1818612e+07   2.3071289e+01
   1.1821122e+07   2.3254395e+01
   1.1821483e+07   2.1911621e+01
   1.1821708e+07   2.2399902e+01
   1.1821828e+07   2.2094727e+01
   1.1824689e+07   2.1423340e+01
   1.1827623e+07   2.2888184e+01
   1.1830608e+07   2.1484375e+01
   1.1846798e+07   2.1179199e+01
   1.1851508e+07   2.4475098e+01
   1.1856883e+07   2.0690918e+01
   1.1857170e+07   2.2460938e+01
   1.1866401e+07   2.3376465e+01
   1.1867128e+07   2.1118164e+01
   1.1867349e+07   2.2460938e+01
   1.1886965e+07   2.2827148e+01
   1.1890810e+07   2.1606445e+01
   1.1891155e+07   2.0751953e+01
   1.1892316e+07   2.7526855e+01
   1.1898105e+07   2.3803711e+01
   1.1898237e+07   2.1301270e+01
   1.1903173e+07   2.3559570e+01
   1.1915388e+07   2.7587891e+01
   1.1916949e+07   2.2949219e+01
   1.1922462e+07   2.0690918e+01
   1.1935645e+07   2.1667480e+01
   1.1948543e+07   2.3620605e+01
   1.1948848e+07   2.2094727e+01
   1.1968680e+07   2.2644043e+01
   1.1968883e+07   2.3498535e+01
   1.1976863e+07   2.5756836e+01
   1.1978523e+07   2.1118164e+01
   1.1979445e+07   2.2583008e+01
   1.1986806e+07   2.1606445e+01
   1.1987753e+07   2.2949219e+01
   1.1998588e+07   2.2399902e+01
