   1.1999000e+07   0.0000000e+00
   2.0083500e+05   1.0681152e+01
   3.3832700e+05   1.0803223e+01
   6.2441600e+05   1.1535645e+01
   1.8954470e+06   1.1840820e+01
   2.1743920e+06   1.0864258e+01
   3.4806760e+06   1.1230469e+01
   4.3452200e+06   1.1535645e+01
   4.9262230e+06   1.0803223e+01
   5.0401140e+06   1.1474609e+01
   5.2263990e+06   1.0620117e+01
   5.7619410e+06   1.0803223e+01
   6.8373970e+06   1.0986328e+01
   7.4536150e+06   1.2329102e+01
   7.4779490e+06   1.0681152e+01
   8.1186020e+06   1.0681152e+01
   9.3364240e+06   1.1108398e+01
   9.3936400e+06   1.0986328e+01
   9.6850430e+06   1.0925293e+01
   1.0790038e+07   1.1291504e+01
