   1.1999000e+07   0.0000000e+00
   8.6170000e+03   3.3081055e+01
   3.7011800e+05   3.3935547e+01
   4.6352900e+05   3.3142090e+01
   8.5724700e+05   3.5644531e+01
   1.1712600e+06   3.3142090e+01
   1.2247160e+06   3.4301758e+01
   1.2501210e+06   3.3081055e+01
   1.4266560e+06   3.4484863e+01
   1.6012940e+06   3.4484863e+01
   1.9521360e+06   3.8269043e+01
   2.0721030e+06   3.8757324e+01
   2.1000470e+06   3.7353516e+01
   2.1069040e+06   3.5583496e+01
   2.1097600e+06   3.3935547e+01
   2.1192240e+06   3.2897949e+01
   2.1215190e+06   3.3752441e+01
   2.1623250e+06   3.7658691e+01
   2.4612810e+06   3.3813477e+01
   2.4941030e+06   3.3752441e+01
   2.5428870e+06   3.3264160e+01
   2.6346090e+06   3.3813477e+01
   2.6658550e+06   3.3020020e+01
   2.7349200e+06   3.4851074e+01
   2.8575810e+06   3.2897949e+01
   2.8913550e+06   3.3142090e+01
   3.0115620e+06   3.3264160e+01
   3.2236630e+06   3.3447266e+01
   3.2705690e+06   3.9550781e+01
   3.2708480e+06   3.5339355e+01
   3.4443680e+06   3.2897949e+01
   3.4651810e+06   4.7912598e+01
   3.4652750e+06   3.3264160e+01
   3.4655240e+06   3.7841797e+01
   3.5007810e+06   4.2968750e+01
   3.5433060e+06   3.3447266e+01
   3.5932530e+06   3.3691406e+01
   3.8370670e+06   4.1320801e+01
   4.1714200e+06   4.0222168e+01
   4.1716520e+06   3.4790039e+01
   4.3731540e+06   3.3081055e+01
   4.4103430e+06   3.8635254e+01
   4.4112910e+06   4.1320801e+01
   4.4128860e+06   4.5043945e+01
   4.4129420e+06   4.0771484e+01
   4.4130060e+06   4.0222168e+01
   4.4130860e+06   3.5339355e+01
   4.4131800e+06   3.6682129e+01
   4.4133630e+06   4.5898437e+01
   4.4168930e+06   4.8583984e+01
   4.4182790e+06   4.1870117e+01
   4.4215020e+06   4.9743652e+01
   4.5293870e+06   4.1442871e+01
   4.5295390e+06   4.5593262e+01
   4.5304130e+06   5.1879883e+01
   4.5304710e+06   4.4311523e+01
   4.5306910e+06   4.8889160e+01
   4.5308640e+06   5.3283691e+01
   4.5310610e+06   5.2551270e+01
   4.5311550e+06   3.5644531e+01
   4.5313020e+06   3.3752441e+01
   4.5314170e+06   3.9001465e+01
   4.5315360e+06   3.6132812e+01
   4.5317520e+06   3.7048340e+01
   4.5321780e+06   4.4250488e+01
   4.5323380e+06   3.8940430e+01
   4.5325510e+06   4.9804687e+01
   4.5327210e+06   3.8818359e+01
   4.5328390e+06   3.3569336e+01
   4.5330580e+06   3.8513184e+01
   4.5332830e+06   4.1625977e+01
   4.5335410e+06   4.4311523e+01
   4.6065530e+06   3.3691406e+01
   4.8595870e+06   3.4729004e+01
   4.9773960e+06   3.4790039e+01
   5.1453830e+06   3.3752441e+01
   5.2911230e+06   4.0527344e+01
   5.3499220e+06   3.4423828e+01
   5.5059580e+06   3.3508301e+01
   5.5717740e+06   3.3386230e+01
   5.6728950e+06   3.6132812e+01
   5.7572700e+06   3.7536621e+01
   5.7921040e+06   4.1137695e+01
   6.1615250e+06   3.4667969e+01
   6.1785850e+06   3.7048340e+01
   6.5313230e+06   3.8635254e+01
   6.5673830e+06   3.8635254e+01
   6.6643840e+06   3.6804199e+01
   6.7394200e+06   3.7902832e+01
   6.8022290e+06   3.9672852e+01
   6.8937810e+06   3.3508301e+01
   7.1030590e+06   3.3874512e+01
   7.3405460e+06   3.4729004e+01
   7.4633490e+06   3.4912109e+01
   7.4792830e+06   3.4057617e+01
   7.6335740e+06   3.4545898e+01
   7.6412570e+06   4.9926758e+01
   7.6413220e+06   5.1330566e+01
   7.6414640e+06   4.5837402e+01
   7.6415490e+06   4.0283203e+01
   7.6416420e+06   4.1503906e+01
   7.6417660e+06   4.5043945e+01
   7.6419340e+06   4.9133301e+01
   7.6420570e+06   4.3090820e+01
   7.6422730e+06   5.1208496e+01
   7.6424050e+06   4.0954590e+01
   7.6425380e+06   3.7719727e+01
   7.6427740e+06   4.1748047e+01
   7.7751750e+06   3.3569336e+01
   7.8037820e+06   3.3813477e+01
   7.8067340e+06   3.8635254e+01
   7.8212220e+06   4.4372559e+01
   7.8212670e+06   4.5715332e+01
   8.0534730e+06   5.7983398e+01
   8.0535910e+06   5.0415039e+01
   8.0537740e+06   3.9916992e+01
   8.0538360e+06   3.7292480e+01
   8.1480220e+06   4.0832520e+01
   8.1481220e+06   4.4738770e+01
   8.1481790e+06   4.2968750e+01
   8.1482980e+06   5.2062988e+01
   8.2835650e+06   3.4423828e+01
   8.2936680e+06   3.3752441e+01
   8.4125820e+06   3.3569336e+01
   8.6495570e+06   3.5339355e+01
   8.7955080e+06   3.6987305e+01
   8.8830230e+06   3.9001465e+01
   8.9038990e+06   3.5888672e+01
   9.1098690e+06   3.6071777e+01
   9.1912710e+06   3.7170410e+01
   9.3510260e+06   3.7353516e+01
   9.3982650e+06   3.5461426e+01
   9.6059500e+06   4.1625977e+01
   9.6202990e+06   3.8024902e+01
   9.8473650e+06   3.4179688e+01
   1.0007678e+07   3.4362793e+01
   1.0155837e+07   3.4545898e+01
   1.0310129e+07   3.4606934e+01
   1.0393688e+07   3.7536621e+01
   1.0489940e+07   3.7475586e+01
   1.0790988e+07   3.3996582e+01
   1.0873825e+07   3.3691406e+01
   1.1229733e+07   3.9184570e+01
