   1.1999000e+07   0.0000000e+00
   2.3932000e+04   3.1616211e+01
   1.7172500e+05   3.7414551e+01
   1.7363600e+05   4.1076660e+01
   1.7434900e+05   3.1311035e+01
   1.7626300e+05   3.3691406e+01
   1.8930700e+05   4.1809082e+01
   1.9018500e+05   3.0761719e+01
   2.2741500e+05   4.5288086e+01
   2.2850900e+05   4.1320801e+01
   4.4957000e+05   3.0822754e+01
   4.5741900e+05   3.3447266e+01
   4.7849300e+05   3.1799316e+01
   4.9566800e+05   3.4912109e+01
   5.5642800e+05   4.3579102e+01
   5.6471500e+05   3.7841797e+01
   5.7912700e+05   4.7485352e+01
   5.8191200e+05   3.4729004e+01
   5.8838900e+05   4.4799805e+01
   5.9942800e+05   4.1137695e+01
   5.9953300e+05   3.2409668e+01
   6.0468900e+05   4.8767090e+01
   6.1013400e+05   4.4921875e+01
   6.1760200e+05   4.8095703e+01
   6.2667100e+05   5.0292969e+01
   6.3989400e+05   3.9245605e+01
   6.4005100e+05   3.6132812e+01
   6.4042400e+05   3.3996582e+01
   6.4189000e+05   3.5095215e+01
   6.5415600e+05   3.9123535e+01
   6.5561700e+05   3.5095215e+01
   6.6240200e+05   3.6254883e+01
   6.6510400e+05   3.6987305e+01
   6.6972500e+05   4.1748047e+01
   6.7644800e+05   4.8767090e+01
   6.9049600e+05   4.5837402e+01
   6.9061200e+05   3.4301758e+01
   6.9872200e+05   3.5217285e+01
   7.1478800e+05   4.7119141e+01
   7.1489200e+05   3.5644531e+01
   7.2817200e+05   3.1982422e+01
   7.4008000e+05   4.6203613e+01
   7.4947100e+05   4.1137695e+01
   7.5121800e+05   3.7841797e+01
   7.5134400e+05   3.6865234e+01
   7.5179800e+05   3.2348633e+01
   7.5375500e+05   3.9184570e+01
   7.5919300e+05   3.1555176e+01
   7.5944500e+05   3.2897949e+01
   7.6268900e+05   3.1494141e+01
   7.6522100e+05   3.8574219e+01
   7.6764400e+05   3.2775879e+01
   7.7013000e+05   3.3386230e+01
   7.7596700e+05   3.2104492e+01
   7.8892800e+05   4.3518066e+01
   8.0539000e+05   4.6997070e+01
   8.0882000e+05   4.2541504e+01
   8.0902600e+05   3.3081055e+01
   8.2224700e+05   3.2958984e+01
   8.2236800e+05   3.0883789e+01
   8.2263700e+05   3.0883789e+01
   8.4582900e+05   3.9611816e+01
   8.4830200e+05   4.3212891e+01
   8.4859700e+05   3.6621094e+01
   8.5339300e+05   4.9743652e+01
   8.6529800e+05   4.1687012e+01
   8.6568800e+05   3.2592773e+01
   8.6821600e+05   4.4372559e+01
   8.7186600e+05   3.6132812e+01
   8.7756500e+05   3.0944824e+01
   8.8174500e+05   3.8024902e+01
   8.8671100e+05   3.3081055e+01
   8.8755300e+05   3.2653809e+01
   8.8765900e+05   3.1494141e+01
   8.9231600e+05   4.6020508e+01
   8.9347000e+05   4.0039063e+01
   8.9630500e+05   4.2175293e+01
   9.0714600e+05   5.8532715e+01
   9.0764900e+05   3.6499023e+01
   9.1240000e+05   3.2897949e+01
   9.2215900e+05   3.3752441e+01
   9.2374600e+05   4.0954590e+01
   9.2443300e+05   3.3996582e+01
   9.2938200e+05   4.7058105e+01
   9.3000300e+05   3.1616211e+01
   9.4223000e+05   4.1992188e+01
   9.4281500e+05   3.1250000e+01
   9.4519800e+05   3.4484863e+01
   9.4909200e+05   3.8085938e+01
   9.5253100e+05   4.8645020e+01
   9.5573500e+05   4.0283203e+01
   9.6759300e+05   4.8461914e+01
   9.6850100e+05   3.6193848e+01
   9.6866200e+05   3.2775879e+01
   9.7179500e+05   3.6926270e+01
   9.7228500e+05   3.2104492e+01
   9.7550500e+05   3.2043457e+01
   9.7588700e+05   3.1311035e+01
   9.8102400e+05   3.4118652e+01
   9.8141200e+05   3.8513184e+01
   9.8458700e+05   3.3081055e+01
   9.8646900e+05   3.1921387e+01
   9.8846100e+05   3.3691406e+01
   9.9159300e+05   3.1616211e+01
   9.9475200e+05   3.2104492e+01
   9.9614100e+05   3.1555176e+01
   9.9845500e+05   3.6865234e+01
   1.0117170e+06   4.4555664e+01
   1.0120010e+06   3.1555176e+01
   1.0151600e+06   3.2531738e+01
   1.0185820e+06   3.4423828e+01
   1.0191400e+06   3.7231445e+01
   1.0194640e+06   3.1921387e+01
   1.0218510e+06   3.1433105e+01
   1.0221470e+06   3.3935547e+01
   1.0395110e+06   5.1025391e+01
   1.0472390e+06   4.9194336e+01
   1.0530440e+06   3.1005859e+01
   1.0532150e+06   5.6152344e+01
   1.0597940e+06   3.7780762e+01
   1.0779360e+06   4.5349121e+01
   1.0821010e+06   3.7414551e+01
   1.0826190e+06   4.7790527e+01
   1.0880030e+06   3.9550781e+01
   1.1110890e+06   4.7668457e+01
   1.1111610e+06   3.4790039e+01
   1.1113530e+06   3.1860352e+01
   1.1143310e+06   3.5705566e+01
   1.1185770e+06   3.4301758e+01
   1.1205150e+06   3.3386230e+01
   1.1207660e+06   3.5034180e+01
   1.1242410e+06   3.5034180e+01
   1.1257320e+06   3.6987305e+01
   1.1345450e+06   4.4128418e+01
   1.1370970e+06   3.6865234e+01
   1.1413270e+06   3.7780762e+01
   1.1425560e+06   3.6621094e+01
   1.1523960e+06   4.4860840e+01
   1.1588270e+06   4.5532227e+01
   1.1589940e+06   3.1494141e+01
   1.1611370e+06   3.7902832e+01
   1.1638920e+06   3.1250000e+01
   1.1645800e+06   3.2592773e+01
   1.1654850e+06   3.3996582e+01
   1.1686420e+06   3.7414551e+01
   1.1726260e+06   3.2836914e+01
   1.1742880e+06   3.5034180e+01
   1.1800170e+06   5.7250977e+01
   1.1851050e+06   3.9855957e+01
   1.1862300e+06   4.4433594e+01
   1.1864970e+06   3.2531738e+01
   1.1886640e+06   3.5827637e+01
   1.1922780e+06   3.3508301e+01
   1.1976150e+06   3.1188965e+01
   1.2127960e+06   4.0832520e+01
   1.2152170e+06   4.7424316e+01
   1.2155450e+06   3.1311035e+01
   1.2158580e+06   3.2165527e+01
   1.2185210e+06   3.0822754e+01
   1.2211290e+06   3.3447266e+01
   1.2233220e+06   3.2409668e+01
   1.2286350e+06   3.0761719e+01
   1.2409920e+06   4.8828125e+01
   1.2491720e+06   4.8095703e+01
   1.2514070e+06   4.0100098e+01
   1.2518590e+06   3.5522461e+01
   1.2548110e+06   4.4799805e+01
   1.2713830e+06   3.9306641e+01
   1.2732510e+06   4.3334961e+01
   1.2774660e+06   4.8217773e+01
   1.2776640e+06   3.2714844e+01
   1.2789730e+06   3.1311035e+01
   1.2838270e+06   4.2724609e+01
   1.2849960e+06   3.1372070e+01
   1.2882720e+06   3.6437988e+01
   1.2885750e+06   3.2653809e+01
   1.2994410e+06   3.9306641e+01
   1.3022120e+06   4.2236328e+01
   1.3026310e+06   4.1870117e+01
   1.3054410e+06   3.5888672e+01
   1.3093410e+06   3.3020020e+01
   1.3164270e+06   3.5034180e+01
   1.3176740e+06   3.8391113e+01
   1.3410680e+06   5.3283691e+01
   1.3412310e+06   4.0527344e+01
   1.3413970e+06   3.3813477e+01
   1.3439140e+06   3.8208008e+01
   1.3462490e+06   3.4729004e+01
   1.3495630e+06   3.1372070e+01
   1.3521220e+06   3.1555176e+01
   1.3624740e+06   3.8574219e+01
   1.3646640e+06   3.9123535e+01
   1.3657240e+06   3.3447266e+01
   1.3720540e+06   3.1677246e+01
   1.3757660e+06   3.8452148e+01
   1.3785840e+06   3.7414551e+01
   1.3791020e+06   3.2165527e+01
   1.3865830e+06   4.4738770e+01
   1.4033790e+06   4.0222168e+01
   1.4035970e+06   3.4484863e+01
   1.4129090e+06   3.9672852e+01
   1.4135170e+06   4.3090820e+01
   1.4186120e+06   4.3823242e+01
   1.4409310e+06   4.5715332e+01
   1.4450860e+06   4.2297363e+01
   1.4472760e+06   4.0710449e+01
   1.4474690e+06   3.3630371e+01
   1.4554110e+06   4.2297363e+01
   1.4574440e+06   4.1381836e+01
   1.4599510e+06   4.2846680e+01
   1.4610990e+06   3.6376953e+01
   1.4616820e+06   3.1127930e+01
   1.4721760e+06   4.5349121e+01
   1.4726300e+06   3.3325195e+01
   1.4728050e+06   4.1564941e+01
   1.4780070e+06   4.3151855e+01
   1.4811340e+06   3.5522461e+01
   1.4813020e+06   3.2592773e+01
   1.4826780e+06   3.4240723e+01
   1.4840530e+06   3.0822754e+01
   1.4841970e+06   3.1860352e+01
   1.4861990e+06   3.4729004e+01
   1.4885520e+06   3.1494141e+01
   1.4887460e+06   3.3081055e+01
   1.4912390e+06   4.0466309e+01
   1.4930540e+06   3.1005859e+01
   1.4975290e+06   3.1860352e+01
   1.4993810e+06   3.1127930e+01
   1.4995910e+06   3.2531738e+01
   1.4999260e+06   3.2592773e+01
   1.5040070e+06   3.3081055e+01
   1.5068660e+06   3.4423828e+01
   1.5091560e+06   4.2114258e+01
   1.5095120e+06   3.2287598e+01
   1.5120310e+06   3.8879395e+01
   1.5138700e+06   3.6376953e+01
   1.5226900e+06   5.3161621e+01
   1.5306050e+06   4.1259766e+01
   1.5420500e+06   5.3405762e+01
   1.5461490e+06   4.2175293e+01
   1.5467490e+06   3.9184570e+01
   1.5473640e+06   3.5705566e+01
   1.5532220e+06   4.2053223e+01
   1.5563980e+06   4.6936035e+01
   1.5711380e+06   5.4565430e+01
   1.5714430e+06   3.4301758e+01
   1.5854900e+06   4.2114258e+01
   1.5917470e+06   4.7546387e+01
   1.5935560e+06   4.1442871e+01
   1.6000280e+06   4.9438477e+01
   1.6066590e+06   3.7414551e+01
   1.6075140e+06   3.8635254e+01
   1.6078770e+06   4.3884277e+01
   1.6159740e+06   4.3823242e+01
   1.6189860e+06   4.5410156e+01
   1.6206760e+06   4.6569824e+01
   1.6238040e+06   3.9855957e+01
   1.6242610e+06   3.1677246e+01
   1.6254110e+06   3.3935547e+01
   1.6348440e+06   4.7180176e+01
   1.6351650e+06   3.5400391e+01
   1.6422110e+06   4.5043945e+01
   1.6443330e+06   4.3273926e+01
   1.6465250e+06   4.2419434e+01
   1.6522300e+06   3.7048340e+01
   1.6545240e+06   4.0100098e+01
   1.6561200e+06   4.3579102e+01
   1.6567100e+06   3.5339355e+01
   1.6579440e+06   3.1860352e+01
   1.6611880e+06   3.3874512e+01
   1.6613040e+06   3.7048340e+01
   1.6649650e+06   3.4667969e+01
   1.6698840e+06   3.4179688e+01
   1.6735870e+06   3.5827637e+01
   1.6745880e+06   3.1372070e+01
   1.6764360e+06   3.1372070e+01
   1.6829450e+06   4.2724609e+01
   1.6831780e+06   3.8513184e+01
   1.6859330e+06   3.7109375e+01
   1.6861700e+06   3.3813477e+01
   1.6883530e+06   3.1799316e+01
   1.6903950e+06   3.2470703e+01
   1.6920310e+06   3.1799316e+01
   1.6939550e+06   3.2531738e+01
   1.6977770e+06   3.3142090e+01
   1.6980010e+06   3.3142090e+01
   1.6999950e+06   3.2226562e+01
   1.7015630e+06   3.6499023e+01
   1.7046040e+06   3.9733887e+01
   1.7047370e+06   3.2653809e+01
   1.7067020e+06   3.8818359e+01
   1.7166480e+06   3.2836914e+01
   1.7201840e+06   3.2592773e+01
   1.7234000e+06   3.3386230e+01
   1.7311930e+06   3.6682129e+01
   1.7314980e+06   3.0944824e+01
   1.7368870e+06   3.1433105e+01
   1.7518350e+06   3.4973145e+01
   1.7546300e+06   3.3996582e+01
   1.7585150e+06   3.1005859e+01
   1.7606090e+06   3.6437988e+01
   1.7629700e+06   3.3081055e+01
   1.7667260e+06   3.3508301e+01
   1.7696350e+06   3.6499023e+01
   1.7716860e+06   3.5034180e+01
   1.7738190e+06   3.1677246e+01
   1.7846450e+06   4.6203613e+01
   1.7873700e+06   4.0222168e+01
   1.7990060e+06   3.9428711e+01
   1.8017700e+06   4.7485352e+01
   1.8048520e+06   3.8513184e+01
   1.8051870e+06   3.6865234e+01
   1.8100340e+06   3.8146973e+01
   1.8163410e+06   4.5593262e+01
   1.8164230e+06   3.5034180e+01
   1.8176460e+06   3.0822754e+01
   1.8239840e+06   3.7414551e+01
   1.8306480e+06   4.0771484e+01
   1.8389290e+06   4.7180176e+01
   1.8418990e+06   4.8645020e+01
   1.8421590e+06   3.4423828e+01
   1.8442390e+06   3.4057617e+01
   1.8453960e+06   3.3264160e+01
   1.8455150e+06   3.3569336e+01
   1.8540010e+06   3.7841797e+01
   1.8581180e+06   4.3457031e+01
   1.8586000e+06   3.2592773e+01
   1.8587360e+06   3.8452148e+01
   1.8614870e+06   3.3508301e+01
   1.8616110e+06   3.2470703e+01
   1.8660990e+06   4.2175293e+01
   1.8730690e+06   4.3518066e+01
   1.8741470e+06   3.5461426e+01
   1.8818230e+06   4.5593262e+01
   1.8915560e+06   5.0415039e+01
   1.8942510e+06   4.1381836e+01
   1.8953230e+06   3.2165527e+01
   1.8970100e+06   3.9306641e+01
   1.8986850e+06   3.5827637e+01
   1.9046970e+06   3.6071777e+01
   1.9092390e+06   4.5776367e+01
   1.9243920e+06   5.0903320e+01
   1.9269110e+06   3.7353516e+01
   1.9360530e+06   5.2551270e+01
   1.9454950e+06   4.9804688e+01
   1.9597470e+06   4.9926758e+01
   1.9661780e+06   4.5715332e+01
   1.9675200e+06   4.6020508e+01
   1.9707150e+06   4.8339844e+01
   1.9723140e+06   3.5644531e+01
   1.9789420e+06   3.7170410e+01
   1.9947880e+06   5.3833008e+01
   2.0008170e+06   4.4555664e+01
   2.0026790e+06   3.7963867e+01
   2.0056160e+06   4.0161133e+01
   2.0160760e+06   4.7302246e+01
   2.0188400e+06   4.4799805e+01
   2.0195390e+06   4.1381836e+01
   2.0199760e+06   3.4484863e+01
   2.0239960e+06   4.5715332e+01
   2.0287850e+06   3.7780762e+01
   2.0309460e+06   3.1005859e+01
   2.0365580e+06   3.1066895e+01
   2.0384090e+06   4.1625977e+01
   2.0386060e+06   3.3569336e+01
   2.0417740e+06   3.4606934e+01
   2.0436250e+06   3.1738281e+01
   2.0452900e+06   3.0822754e+01
   2.0486860e+06   3.8879395e+01
   2.0524200e+06   3.8818359e+01
   2.0645070e+06   4.1137695e+01
   2.0673420e+06   4.7302246e+01
   2.0689400e+06   3.7231445e+01
   2.0695740e+06   4.0405273e+01
   2.0727420e+06   3.7841797e+01
   2.0806660e+06   5.1391602e+01
   2.0939480e+06   3.9611816e+01
   2.1323370e+06   4.5104980e+01
   2.1360000e+06   4.9072266e+01
   2.1376900e+06   4.4494629e+01
   2.1378780e+06   3.6560059e+01
   2.1381470e+06   3.1738281e+01
   2.1398240e+06   3.4301758e+01
   2.1398940e+06   3.1433105e+01
   2.1432900e+06   3.1555176e+01
   2.1439020e+06   3.1738281e+01
   2.1447490e+06   3.4790039e+01
   2.1458800e+06   3.9184570e+01
   2.1480440e+06   3.8513184e+01
   2.1485940e+06   3.2653809e+01
   2.1548970e+06   4.6081543e+01
   2.1565170e+06   3.7170410e+01
   2.1570250e+06   3.2043457e+01
   2.1572550e+06   3.3874512e+01
   2.1600980e+06   3.2531738e+01
   2.1660830e+06   4.0710449e+01
   2.1669890e+06   3.3813477e+01
   2.1698870e+06   4.6325684e+01
   2.1744950e+06   3.8391113e+01
   2.1757550e+06   4.2602539e+01
   2.1823020e+06   4.2175293e+01
   2.1895510e+06   4.2968750e+01
   2.1913130e+06   4.0954590e+01
   2.1939980e+06   4.3884277e+01
   2.1945800e+06   3.4606934e+01
   2.2001630e+06   3.3264160e+01
   2.2024680e+06   3.3203125e+01
   2.2047060e+06   3.0944824e+01
   2.2055510e+06   3.4851074e+01
   2.2072080e+06   3.4118652e+01
   2.2103050e+06   4.1748047e+01
   2.2228590e+06   5.7556152e+01
   2.2232750e+06   3.8879395e+01
   2.2238940e+06   3.8146973e+01
   2.2283750e+06   4.2358398e+01
   2.2289320e+06   3.8940430e+01
   2.2297040e+06   4.2602539e+01
   2.2311800e+06   3.2958984e+01
   2.2328090e+06   3.2165527e+01
   2.2335550e+06   3.3081055e+01
   2.2344370e+06   3.1066895e+01
   2.2363520e+06   3.8330078e+01
   2.2374190e+06   3.0883789e+01
   2.2412570e+06   3.4729004e+01
   2.2483220e+06   4.1625977e+01
   2.2488870e+06   3.4545898e+01
   2.2506370e+06   4.0100098e+01
   2.2512420e+06   3.0761719e+01
   2.2515010e+06   3.1311035e+01
   2.2530100e+06   3.5278320e+01
   2.2548660e+06   3.4545898e+01
   2.2582350e+06   3.4423828e+01
   2.2583650e+06   3.2531738e+01
   2.2638350e+06   3.1677246e+01
   2.2689660e+06   3.4790039e+01
   2.2788500e+06   3.4851074e+01
   2.2824510e+06   3.1188965e+01
   2.2847550e+06   3.5705566e+01
   2.2856720e+06   3.2226562e+01
   2.2882980e+06   3.1127930e+01
   2.2893070e+06   3.5644531e+01
   2.2901740e+06   3.3325195e+01
   2.2940280e+06   3.5888672e+01
   2.2962710e+06   3.7048340e+01
   2.2964020e+06   3.4301758e+01
   2.3167160e+06   5.0292969e+01
   2.3238170e+06   3.1311035e+01
   2.3288770e+06   4.7241211e+01
   2.3332180e+06   5.0109863e+01
   2.3334450e+06   3.5522461e+01
   2.3398550e+06   4.5532227e+01
   2.3423780e+06   4.4067383e+01
   2.3437710e+06   3.5278320e+01
   2.3507830e+06   4.6386719e+01
   2.3541290e+06   3.2104492e+01
   2.3542280e+06   4.9682617e+01
   2.3570180e+06   3.2226562e+01
   2.3572810e+06   3.3996582e+01
   2.3666500e+06   4.4189453e+01
   2.3673160e+06   4.1992188e+01
   2.3715470e+06   4.0649414e+01
   2.3718630e+06   3.1799316e+01
   2.3750530e+06   3.6254883e+01
   2.3768660e+06   3.8085938e+01
   2.3774570e+06   3.9855957e+01
   2.3865290e+06   3.1494141e+01
   2.3907480e+06   4.4555664e+01
   2.3910040e+06   3.8024902e+01
   2.3916020e+06   3.9428711e+01
   2.3935580e+06   3.1127930e+01
   2.3962060e+06   3.4912109e+01
   2.3963680e+06   3.1860352e+01
   2.3992290e+06   3.1250000e+01
   2.4028560e+06   3.3264160e+01
   2.4031550e+06   3.1433105e+01
   2.4050970e+06   3.2653809e+01
   2.4055360e+06   3.5278320e+01
   2.4125160e+06   3.2653809e+01
   2.4132820e+06   3.3264160e+01
   2.4136620e+06   3.0761719e+01
   2.4144960e+06   3.3386230e+01
   2.4203960e+06   3.8330078e+01
   2.4238360e+06   3.1677246e+01
   2.4271590e+06   3.6193848e+01
   2.4276960e+06   3.6376953e+01
   2.4314320e+06   4.0954590e+01
   2.4321390e+06   3.6437988e+01
   2.4351950e+06   4.2175293e+01
   2.4366440e+06   3.3081055e+01
   2.4377600e+06   3.1738281e+01
   2.4389170e+06   3.2653809e+01
   2.4392370e+06   3.1066895e+01
   2.4419560e+06   3.4179688e+01
   2.4429280e+06   3.1921387e+01
   2.4456930e+06   3.7719727e+01
   2.4479690e+06   4.2419434e+01
   2.4482500e+06   3.3203125e+01
   2.4812820e+06   4.5776367e+01
   2.4820080e+06   4.3579102e+01
   2.4821430e+06   3.7292480e+01
   2.4864890e+06   3.8330078e+01
   2.4954950e+06   5.5541992e+01
   2.4955820e+06   3.8085938e+01
   2.4957530e+06   4.1503906e+01
   2.4971350e+06   3.2470703e+01
   2.4990500e+06   3.9489746e+01
   2.5016800e+06   4.8461914e+01
   2.5032930e+06   3.1372070e+01
   2.5099350e+06   3.5949707e+01
   2.5110780e+06   3.0822754e+01
   2.5141770e+06   3.8024902e+01
   2.5150060e+06   3.0883789e+01
   2.5153290e+06   3.0944824e+01
   2.5278190e+06   4.5349121e+01
   2.5281230e+06   3.9184570e+01
   2.5311930e+06   4.5166016e+01
   2.5372160e+06   4.7241211e+01
   2.5374510e+06   3.9550781e+01
   2.5566510e+06   5.4260254e+01
   2.5625600e+06   4.6875000e+01
   2.5678890e+06   4.9621582e+01
   2.5700320e+06   4.3884277e+01
   2.5722390e+06   3.8940430e+01
   2.5734850e+06   3.7414551e+01
   2.5754800e+06   3.9489746e+01
   2.5769280e+06   3.1311035e+01
   2.5820150e+06   3.8452148e+01
   2.5821860e+06   3.3203125e+01
   2.5846460e+06   4.1259766e+01
   2.5887010e+06   4.4128418e+01
   2.5900510e+06   3.1860352e+01
   2.5903180e+06   3.6682129e+01
   2.5961740e+06   4.2968750e+01
   2.6023500e+06   3.9306641e+01
   2.6063910e+06   4.1015625e+01
   2.6156930e+06   5.1147461e+01
   2.6177940e+06   3.4851074e+01
   2.6284000e+06   5.0231934e+01
   2.6286080e+06   3.4973145e+01
   2.6290410e+06   3.3630371e+01
   2.6371960e+06   5.1269531e+01
   2.6382400e+06   4.6936035e+01
   2.6406670e+06   3.0822754e+01
   2.6410210e+06   4.4738770e+01
   2.6413450e+06   3.3752441e+01
   2.6463830e+06   4.1992188e+01
   2.6481700e+06   3.3874512e+01
   2.6490760e+06   4.3945312e+01
   2.6492250e+06   3.3691406e+01
   2.6509700e+06   3.3142090e+01
   2.6513450e+06   3.8146973e+01
   2.6520040e+06   3.0761719e+01
   2.6572520e+06   3.4729004e+01
   2.6596450e+06   3.6560059e+01
   2.6619060e+06   3.7414551e+01
   2.6682830e+06   3.1066895e+01
   2.6767870e+06   3.2226562e+01
   2.6782630e+06   3.3386230e+01
   2.6787840e+06   3.1250000e+01
   2.6791520e+06   3.1616211e+01
   2.6814480e+06   3.0883789e+01
   2.6833440e+06   3.5278320e+01
   2.6884050e+06   3.2653809e+01
   2.6934240e+06   3.1799316e+01
   2.6956500e+06   3.7353516e+01
   2.6990390e+06   3.2165527e+01
   2.6996240e+06   3.0883789e+01
   2.7027780e+06   3.0883789e+01
   2.7092190e+06   3.1616211e+01
   2.7212900e+06   3.6376953e+01
   2.7226380e+06   3.3813477e+01
   2.7290550e+06   3.3203125e+01
   2.7436280e+06   3.1433105e+01
   2.7451100e+06   3.4729004e+01
   2.7498630e+06   3.0761719e+01
   2.7504960e+06   3.1127930e+01
   2.7542040e+06   3.3569336e+01
   2.7647430e+06   3.3325195e+01
   2.7696560e+06   3.7292480e+01
   2.7711790e+06   3.1494141e+01
   2.7781340e+06   3.6499023e+01
   2.7878550e+06   4.6875000e+01
   2.7880340e+06   4.1992188e+01
   2.7881730e+06   3.1005859e+01
   2.7945040e+06   4.2785645e+01
   2.7959740e+06   3.8574219e+01
   2.7982230e+06   3.2348633e+01
   2.8018400e+06   3.3020020e+01
   2.8039560e+06   3.6376953e+01
   2.8105040e+06   4.0283203e+01
   2.8156350e+06   3.8146973e+01
   2.8177100e+06   4.7119141e+01
   2.8204240e+06   3.3325195e+01
   2.8262020e+06   5.1391602e+01
   2.8296460e+06   3.1188965e+01
   2.8432960e+06   5.0048828e+01
   2.8681960e+06   3.5888672e+01
   2.8684360e+06   3.1188965e+01
   2.8740290e+06   4.6142578e+01
   2.8747910e+06   3.6071777e+01
   2.8759060e+06   3.8452148e+01
   2.8849940e+06   3.8940430e+01
   2.8857110e+06   4.5166016e+01
   2.8869550e+06   3.0883789e+01
   2.8879010e+06   4.2785645e+01
   2.8881110e+06   3.4423828e+01
   2.8885060e+06   3.1982422e+01
   2.8907730e+06   3.2287598e+01
   2.8918130e+06   3.2653809e+01
   2.8957670e+06   3.1921387e+01
   2.8960350e+06   3.1066895e+01
   2.8991210e+06   3.2531738e+01
   2.8992440e+06   3.2775879e+01
   2.9021140e+06   3.5766602e+01
   2.9030600e+06   3.5949707e+01
   2.9051550e+06   3.2043457e+01
   2.9127300e+06   3.9428711e+01
   2.9145830e+06   3.5705566e+01
   2.9148000e+06   4.2602539e+01
   2.9172150e+06   3.5705566e+01
   2.9188180e+06   3.0944824e+01
   2.9216010e+06   3.1494141e+01
   2.9221190e+06   3.1311035e+01
   2.9253040e+06   4.1564941e+01
   2.9258110e+06   3.0761719e+01
   2.9281330e+06   3.2775879e+01
   2.9284770e+06   3.0944824e+01
   2.9312950e+06   3.1677246e+01
   2.9385330e+06   3.9611816e+01
   2.9444190e+06   4.7912598e+01
   2.9456070e+06   3.7902832e+01
   2.9489220e+06   5.0231934e+01
   2.9495710e+06   3.5644531e+01
   2.9497120e+06   3.1616211e+01
   2.9530800e+06   3.5522461e+01
   2.9582610e+06   4.6325684e+01
   2.9637000e+06   4.2358398e+01
   2.9884120e+06   4.8339844e+01
   2.9891770e+06   4.1381836e+01
   3.0014240e+06   3.8330078e+01
   3.0061270e+06   4.1381836e+01
   3.0092590e+06   3.5766602e+01
   3.0103200e+06   4.5471191e+01
   3.0153030e+06   3.9916992e+01
   3.0164270e+06   3.8513184e+01
   3.0169630e+06   3.7109375e+01
   3.0175840e+06   3.7841797e+01
   3.0181300e+06   3.6621094e+01
   3.0267250e+06   3.8391113e+01
   3.0329100e+06   4.8156738e+01
   3.0331750e+06   3.2348633e+01
   3.0352350e+06   4.5837402e+01
   3.0361820e+06   3.7841797e+01
   3.0381890e+06   3.4118652e+01
   3.0402540e+06   3.3081055e+01
   3.0436470e+06   4.2358398e+01
   3.0460180e+06   3.4851074e+01
   3.0472600e+06   3.2409668e+01
   3.0536050e+06   5.0231934e+01
   3.0538120e+06   3.4729004e+01
   3.0542400e+06   3.4240723e+01
   3.0560000e+06   3.9367676e+01
   3.0565000e+06   3.2348633e+01
   3.0595960e+06   3.2287598e+01
   3.0689650e+06   4.5166016e+01
   3.0709140e+06   4.3273926e+01
   3.0729080e+06   4.4555664e+01
   3.0738530e+06   3.2165527e+01
   3.0829890e+06   4.3823242e+01
   3.0833040e+06   4.1809082e+01
   3.0909170e+06   3.5461426e+01
   3.0920490e+06   3.5705566e+01
   3.0923400e+06   3.3874512e+01
   3.0938860e+06   3.2104492e+01
   3.0962500e+06   3.2104492e+01
   3.0982280e+06   3.8818359e+01
   3.0984410e+06   3.2043457e+01
   3.0986330e+06   3.1982422e+01
   3.1010230e+06   3.6132812e+01
   3.1092220e+06   4.6020508e+01
   3.1096610e+06   3.4545898e+01
   3.1101530e+06   3.2104492e+01
   3.1120610e+06   3.2897949e+01
   3.1252410e+06   4.6020508e+01
   3.1254360e+06   3.8024902e+01
   3.1261820e+06   3.8696289e+01
   3.1290380e+06   3.3264160e+01
   3.1389440e+06   4.0832520e+01
   3.1390940e+06   4.1870117e+01
   3.1411090e+06   3.4301758e+01
   3.1424170e+06   3.2714844e+01
   3.1460310e+06   4.4311523e+01
   3.1468260e+06   3.4362793e+01
   3.1495460e+06   3.1677246e+01
   3.1503570e+06   3.2104492e+01
   3.1607930e+06   3.9611816e+01
   3.1610530e+06   3.4484863e+01
   3.1632730e+06   3.7109375e+01
   3.1635040e+06   3.4973145e+01
   3.1660760e+06   3.4118652e+01
   3.1665550e+06   3.3874512e+01
   3.1667580e+06   3.3691406e+01
   3.1671210e+06   3.4790039e+01
   3.1718170e+06   3.2958984e+01
   3.1760640e+06   3.7292480e+01
   3.1863550e+06   3.6132812e+01
   3.1889390e+06   3.9428711e+01
   3.1891120e+06   3.7719727e+01
   3.1937800e+06   3.1921387e+01
   3.1963720e+06   3.9611816e+01
   3.1978750e+06   3.4362793e+01
   3.1990360e+06   3.4240723e+01
   3.1997340e+06   3.6560059e+01
   3.2034380e+06   3.1860352e+01
   3.2089480e+06   3.4301758e+01
   3.2110500e+06   3.2714844e+01
   3.2180870e+06   3.2531738e+01
   3.2259990e+06   4.2785645e+01
   3.2279310e+06   5.4077148e+01
   3.2329800e+06   4.2358398e+01
   3.2337590e+06   3.7841797e+01
   3.2345360e+06   3.2348633e+01
   3.2407500e+06   4.3640137e+01
   3.2410690e+06   3.8635254e+01
   3.2516040e+06   4.2602539e+01
   3.2587980e+06   3.9245605e+01
   3.2612010e+06   4.9377441e+01
   3.2634210e+06   4.3090820e+01
   3.2646330e+06   3.1555176e+01
   3.2713540e+06   4.3945312e+01
   3.2723160e+06   3.9611816e+01
   3.2836930e+06   3.9550781e+01
   3.2840160e+06   3.2226562e+01
   3.2868230e+06   4.2297363e+01
   3.2919830e+06   4.5654297e+01
   3.3003960e+06   4.6203613e+01
   3.4144470e+06   5.1696777e+01
   3.4205080e+06   4.5593262e+01
   3.4217580e+06   5.0170898e+01
   3.4266000e+06   5.2978516e+01
   3.4277950e+06   3.8696289e+01
   3.4323900e+06   3.6437988e+01
   3.4332420e+06   3.9855957e+01
   3.4346180e+06   3.2958984e+01
   3.4352630e+06   3.4240723e+01
   3.4457100e+06   3.1921387e+01
   3.4491210e+06   3.3447266e+01
   3.4510340e+06   3.4790039e+01
   3.4570510e+06   3.2104492e+01
   3.4581060e+06   4.3945312e+01
   3.4610430e+06   3.4179688e+01
   3.4684110e+06   3.6865234e+01
   3.4687220e+06   3.2226562e+01
   3.4704480e+06   3.3020020e+01
   3.4722890e+06   3.6132812e+01
   3.9478020e+06   3.3203125e+01
   4.2314790e+06   3.3691406e+01
   4.2461500e+06   3.2592773e+01
   4.2988260e+06   3.8757324e+01
   4.3272700e+06   5.1452637e+01
   4.3275270e+06   3.2958984e+01
   4.3395610e+06   4.1564941e+01
   4.3418270e+06   3.3691406e+01
   4.3493420e+06   3.4973145e+01
   4.3670040e+06   4.0893555e+01
   4.3675520e+06   3.3508301e+01
   4.3684840e+06   3.6315918e+01
   4.3758060e+06   4.0527344e+01
   4.3984850e+06   4.7790527e+01
   4.4155510e+06   3.4423828e+01
   4.4278080e+06   4.8706055e+01
   4.4488550e+06   3.9245605e+01
   4.5855630e+06   3.7719727e+01
   4.6147540e+06   4.7851563e+01
   4.6148480e+06   3.2836914e+01
   4.6361960e+06   4.3823242e+01
   4.6479510e+06   4.8461914e+01
   4.6481540e+06   3.3081055e+01
   4.6583510e+06   4.3090820e+01
   4.6584940e+06   3.4790039e+01
   4.6786410e+06   3.9184570e+01
   4.6787350e+06   3.6437988e+01
   4.6851180e+06   5.4382324e+01
   4.6875490e+06   3.6315918e+01
   4.7005390e+06   4.6813965e+01
   4.7024840e+06   3.3569336e+01
   4.7041400e+06   3.1738281e+01
   4.7064720e+06   4.2419434e+01
   4.7369980e+06   5.2734375e+01
   4.7371080e+06   3.4118652e+01
   4.7464090e+06   3.8208008e+01
   4.7466200e+06   3.1982422e+01
   4.7469580e+06   3.2531738e+01
   4.7591260e+06   4.4250488e+01
   4.7728960e+06   4.7424316e+01
   4.7731500e+06   3.5583496e+01
   4.7814780e+06   3.2104492e+01
   4.7880510e+06   4.4616699e+01
   4.7924690e+06   3.6621094e+01
   4.8024220e+06   4.5349121e+01
   4.8030550e+06   4.6691895e+01
   4.8037700e+06   3.2226562e+01
   4.8112100e+06   3.5583496e+01
   4.8128820e+06   4.4006348e+01
   4.8307650e+06   4.1503906e+01
   4.8416160e+06   4.4433594e+01
   4.8424180e+06   3.4912109e+01
   4.8702530e+06   4.6264648e+01
   4.8788080e+06   4.3823242e+01
   4.8803350e+06   3.8269043e+01
   4.8822740e+06   3.4606934e+01
   4.9161840e+06   3.1738281e+01
   4.9164790e+06   4.4555664e+01
   4.9173270e+06   3.6132813e+01
   4.9396850e+06   4.8156738e+01
   4.9417370e+06   3.2104492e+01
   4.9432950e+06   3.8024902e+01
   4.9482780e+06   3.7963867e+01
   4.9505600e+06   3.5461426e+01
   4.9514220e+06   3.5522461e+01
   4.9561900e+06   4.7729492e+01
   4.9609870e+06   3.1738281e+01
   4.9648040e+06   3.4484863e+01
   4.9664340e+06   3.3752441e+01
   4.9687890e+06   3.3081055e+01
   4.9813820e+06   4.5837402e+01
   4.9852830e+06   3.7658691e+01
   4.9879670e+06   4.2236328e+01
   5.0062380e+06   5.4016113e+01
   5.0256910e+06   4.3395996e+01
   5.0260890e+06   3.8452148e+01
   5.0306910e+06   3.7475586e+01
   5.0308710e+06   3.1738281e+01
   5.0322230e+06   3.1738281e+01
   5.0448180e+06   3.9794922e+01
   5.0497490e+06   3.5461426e+01
   5.0501110e+06   3.2592773e+01
   5.0502250e+06   3.4667969e+01
   5.0586000e+06   4.3762207e+01
   5.0617690e+06   4.3334961e+01
   5.0631530e+06   3.9611816e+01
   5.0651530e+06   4.4860840e+01
   5.0686660e+06   4.4494629e+01
   5.0728280e+06   3.9855957e+01
   5.0780680e+06   3.9123535e+01
   5.0787490e+06   3.3264160e+01
   5.0810510e+06   3.6254883e+01
   5.0825760e+06   4.1503906e+01
   5.0986360e+06   3.5278320e+01
   5.1005030e+06   4.4799805e+01
   5.2037070e+06   4.6752930e+01
   5.2080950e+06   3.7231445e+01
   5.2104290e+06   4.2785645e+01
   5.2107910e+06   3.7109375e+01
   5.2122150e+06   3.4362793e+01
   5.2140380e+06   3.7536621e+01
   5.2160190e+06   3.8391113e+01
   5.2211800e+06   4.0832520e+01
   5.2214510e+06   3.4484863e+01
   5.2273870e+06   3.8269043e+01
   5.2280980e+06   3.3386230e+01
   5.2355550e+06   4.2541504e+01
   5.2406970e+06   3.7902832e+01
   5.2433780e+06   3.5278320e+01
   5.2539790e+06   4.0283203e+01
   5.2555840e+06   4.4250488e+01
   5.2610540e+06   4.6936035e+01
   5.2732810e+06   3.9916992e+01
   5.2749440e+06   3.8391113e+01
   5.2788120e+06   3.9001465e+01
   5.2815680e+06   3.5888672e+01
   5.2887420e+06   4.9194336e+01
   5.3271500e+06   5.3283691e+01
   5.3330080e+06   5.2490234e+01
   5.3394420e+06   3.1860352e+01
   5.3478710e+06   3.1921387e+01
   5.3610810e+06   5.9204102e+01
   5.3657940e+06   3.6682129e+01
   5.3670330e+06   3.7841797e+01
   5.3680160e+06   4.5715332e+01
   5.3719590e+06   4.0039062e+01
   5.3736120e+06   3.5522461e+01
   5.3745400e+06   3.7536621e+01
   5.3776080e+06   4.9133301e+01
   5.3788410e+06   3.2348633e+01
   5.3803340e+06   3.4423828e+01
   5.4080480e+06   4.2419434e+01
   5.4214640e+06   4.3762207e+01
   5.4222640e+06   4.8889160e+01
   5.4243410e+06   3.2714844e+01
   5.4263150e+06   3.2958984e+01
   5.4274320e+06   3.9978027e+01
   5.4357910e+06   4.0405273e+01
   5.4368910e+06   3.3508301e+01
   5.4376340e+06   3.1860352e+01
   5.4397900e+06   3.6010742e+01
   5.4468930e+06   3.5827637e+01
   5.4780850e+06   5.4992676e+01
   5.4904740e+06   4.5715332e+01
   5.4986290e+06   4.0466309e+01
   5.5140500e+06   3.2165527e+01
   5.5332050e+06   4.1442871e+01
   5.5343610e+06   3.3569336e+01
   5.5356130e+06   3.3874512e+01
   5.5411510e+06   4.5471191e+01
   5.5440390e+06   3.5583496e+01
   5.5487880e+06   4.9133301e+01
   5.5495520e+06   3.4484863e+01
   5.5605240e+06   4.9133301e+01
   5.5611040e+06   3.5705566e+01
   5.5659790e+06   4.2358398e+01
   5.5671340e+06   3.9184570e+01
   5.5677030e+06   3.6682129e+01
   5.5707780e+06   3.9123535e+01
   5.5719070e+06   3.1555176e+01
   5.5776050e+06   4.2602539e+01
   5.5780330e+06   3.1677246e+01
   5.5816790e+06   3.1677246e+01
   5.5886700e+06   3.7780762e+01
   5.5943700e+06   3.6376953e+01
   5.5947160e+06   3.3508301e+01
   5.5950310e+06   4.4250488e+01
   5.5951440e+06   3.3142090e+01
   5.6014310e+06   3.9245605e+01
   5.6053530e+06   3.4301758e+01
   5.6071020e+06   3.3325195e+01
   5.6075880e+06   3.7963867e+01
   5.6078910e+06   4.1564941e+01
   5.6127780e+06   3.4118652e+01
   5.6162410e+06   4.3090820e+01
   5.6177830e+06   4.0405273e+01
   5.6211980e+06   4.8583984e+01
   5.6235940e+06   3.9733887e+01
   5.6247900e+06   3.5217285e+01
   5.6266380e+06   3.4912109e+01
   5.6280010e+06   3.2775879e+01
   5.6284330e+06   3.4423828e+01
   5.6295920e+06   3.2226563e+01
   5.6323580e+06   3.6376953e+01
   5.6439390e+06   3.1555176e+01
   5.6527490e+06   4.2785645e+01
   5.6536180e+06   3.4667969e+01
   5.6557200e+06   3.8635254e+01
   5.6571480e+06   3.3752441e+01
   5.6587590e+06   3.3508301e+01
   5.6613400e+06   4.7424316e+01
   5.6674600e+06   3.5278320e+01
   5.6802750e+06   4.4372559e+01
   5.6818290e+06   4.2785645e+01
   5.6842980e+06   3.5034180e+01
   5.6885210e+06   3.6193848e+01
   5.6914290e+06   3.7353516e+01
   5.6975800e+06   4.2297363e+01
   5.6978070e+06   3.3813477e+01
   5.6986290e+06   3.1738281e+01
   5.6993330e+06   3.6132812e+01
   5.7019430e+06   4.5349121e+01
   5.7169040e+06   4.5410156e+01
   5.7188430e+06   4.1748047e+01
   5.7444690e+06   3.2043457e+01
   5.7643580e+06   5.2673340e+01
   5.7741080e+06   4.6447754e+01
   5.7743960e+06   4.3701172e+01
   5.7754060e+06   3.4606934e+01
   5.7880340e+06   3.1738281e+01
   5.8517830e+06   6.5368652e+01
   5.8524340e+06   4.6264648e+01
   5.8530320e+06   3.4118652e+01
   5.8550790e+06   4.4555664e+01
   5.8554990e+06   3.1616211e+01
   5.8569340e+06   3.3447266e+01
   5.8574190e+06   3.5095215e+01
   5.8669930e+06   4.1076660e+01
   5.8676360e+06   3.6437988e+01
   5.8679360e+06   3.3203125e+01
   5.8687850e+06   3.5949707e+01
   5.8759860e+06   4.7851562e+01
   5.8869200e+06   4.7119141e+01
   5.8872660e+06   3.5949707e+01
   5.8912540e+06   4.2297363e+01
   5.8918420e+06   3.4118652e+01
   5.8932570e+06   3.5156250e+01
   5.9050810e+06   5.3588867e+01
   5.9087250e+06   3.9916992e+01
   5.9089960e+06   3.1982422e+01
   5.9100810e+06   3.1921387e+01
   5.9105750e+06   3.7597656e+01
   5.9140990e+06   3.8330078e+01
   5.9159680e+06   3.2348633e+01
   5.9183760e+06   3.8940430e+01
   5.9192400e+06   3.1616211e+01
   5.9214080e+06   3.1555176e+01
   5.9239090e+06   3.4851074e+01
   5.9242940e+06   3.1616211e+01
   5.9362010e+06   6.2377930e+01
   5.9388610e+06   3.8879395e+01
   5.9392150e+06   3.3264160e+01
   5.9425450e+06   3.4729004e+01
   5.9430660e+06   3.7780762e+01
   5.9433300e+06   3.8146973e+01
   5.9435310e+06   3.2714844e+01
   5.9478370e+06   3.2226562e+01
   5.9536790e+06   3.6315918e+01
   5.9541530e+06   3.1921387e+01
   5.9544250e+06   3.1860352e+01
   5.9557490e+06   3.8146973e+01
   5.9610360e+06   4.1870117e+01
   5.9619840e+06   3.5217285e+01
   5.9688980e+06   4.5654297e+01
   5.9706140e+06   3.9855957e+01
   5.9736530e+06   4.1442871e+01
   5.9774930e+06   3.9611816e+01
   5.9779380e+06   3.4851074e+01
   5.9783850e+06   3.5034180e+01
   5.9827510e+06   3.9794922e+01
   5.9830570e+06   3.6010742e+01
   5.9832830e+06   3.1921387e+01
   5.9906490e+06   4.1503906e+01
   5.9908040e+06   3.5583496e+01
   5.9910650e+06   3.1860352e+01
   5.9911360e+06   3.4179688e+01
   6.0056390e+06   4.7241211e+01
   6.0062480e+06   3.6987305e+01
   6.0096970e+06   3.3142090e+01
   6.0163810e+06   4.4616699e+01
   6.0184050e+06   3.6926270e+01
   6.0189580e+06   3.5949707e+01
   6.0224380e+06   3.8940430e+01
   6.0231270e+06   3.3264160e+01
   6.0248170e+06   3.4912109e+01
   6.0275480e+06   3.5644531e+01
   6.0285680e+06   4.6386719e+01
   6.0308790e+06   3.8146973e+01
   6.0311110e+06   3.7963867e+01
   6.0338680e+06   3.2226562e+01
   6.0360780e+06   3.9794922e+01
   6.0376030e+06   4.1931152e+01
   6.0379200e+06   3.4790039e+01
   6.0514910e+06   5.3894043e+01
   6.0668430e+06   5.0292969e+01
   6.0753230e+06   4.9804688e+01
   6.0754220e+06   3.2958984e+01
   6.0781230e+06   4.0222168e+01
   6.0783560e+06   3.2714844e+01
   6.0821800e+06   3.7841797e+01
   6.0825830e+06   3.2897949e+01
   6.0881750e+06   3.8574219e+01
   6.0902300e+06   4.9377441e+01
   6.0920670e+06   4.2419434e+01
   6.0933610e+06   3.2653809e+01
   6.1008510e+06   3.3325195e+01
   6.1019520e+06   3.8269043e+01
   6.1057240e+06   4.3273926e+01
   6.1061940e+06   3.6315918e+01
   6.1114480e+06   4.1259766e+01
   6.1157850e+06   3.4484863e+01
   6.1230900e+06   4.3273926e+01
   6.1253220e+06   5.2490234e+01
   6.1302180e+06   3.6193848e+01
   6.1307550e+06   3.4484863e+01
   6.1338770e+06   3.4851074e+01
   6.1344380e+06   3.2470703e+01
   6.1353280e+06   3.5034180e+01
   6.1374850e+06   3.4973145e+01
   6.1394720e+06   3.7353516e+01
   6.1447200e+06   3.5400391e+01
   6.1465680e+06   3.8757324e+01
   6.1545810e+06   3.3203125e+01
   6.1551320e+06   3.1982422e+01
   6.1575240e+06   3.4301758e+01
   6.1660890e+06   3.1982422e+01
   6.2222560e+06   3.9611816e+01
   6.2222760e+06   3.2348633e+01
   6.2287560e+06   4.0710449e+01
   6.2290660e+06   3.6865234e+01
   6.2335850e+06   3.3081055e+01
   6.2372200e+06   3.4667969e+01
   6.2382840e+06   3.4851074e+01
   6.2454580e+06   4.1564941e+01
   6.2527290e+06   4.3884277e+01
   6.2549340e+06   5.0781250e+01
   6.2601690e+06   3.6621094e+01
   6.2851420e+06   3.9367676e+01
   6.2889890e+06   4.7790527e+01
   6.2945800e+06   3.3508301e+01
   6.3079810e+06   4.1076660e+01
   6.3120750e+06   3.9306641e+01
   6.3124490e+06   3.3264160e+01
   6.3126760e+06   3.4301758e+01
   6.3307560e+06   3.7048340e+01
   6.3335490e+06   3.8085938e+01
   6.3342340e+06   4.5593262e+01
   6.3388580e+06   5.4138184e+01
   6.3399830e+06   3.8208008e+01
   6.3425330e+06   4.0649414e+01
   6.3434690e+06   3.5034180e+01
   6.3446740e+06   3.7170410e+01
   6.3491470e+06   3.2287598e+01
   6.3575220e+06   3.2043457e+01
   6.3639760e+06   4.5104980e+01
   6.3697960e+06   3.9062500e+01
   6.3700070e+06   3.7292480e+01
   6.3738720e+06   3.3935547e+01
   6.3741970e+06   3.5156250e+01
   6.3826420e+06   3.6987305e+01
   6.3830930e+06   3.3508301e+01
   6.3912680e+06   3.5827637e+01
   6.3920740e+06   3.2165527e+01
   6.3949400e+06   3.6682129e+01
   6.4003970e+06   4.0649414e+01
   6.4024600e+06   4.3701172e+01
   6.4123680e+06   4.6386719e+01
   6.4307120e+06   5.8410645e+01
   6.4309240e+06   4.6264648e+01
   6.4355130e+06   4.0588379e+01
   6.4433270e+06   5.0231934e+01
   6.4466610e+06   3.8574219e+01
   6.4557340e+06   4.5166016e+01
   6.4587520e+06   3.3569336e+01
   6.4621640e+06   4.6386719e+01
   6.4649580e+06   3.2592773e+01
   6.4708290e+06   4.1198730e+01
   6.4736620e+06   4.0039062e+01
   6.4885020e+06   4.5104980e+01
   6.4887340e+06   3.4790039e+01
   6.4897730e+06   3.7170410e+01
   6.4928270e+06   3.7353516e+01
   6.4951450e+06   3.2165527e+01
   6.4958840e+06   3.4484863e+01
   6.4965420e+06   3.2958984e+01
   6.5023310e+06   3.2531738e+01
   6.5041150e+06   3.4545898e+01
   6.5069040e+06   3.6987305e+01
   6.5078240e+06   3.4301758e+01
   6.5121750e+06   3.3935547e+01
   6.5175140e+06   3.2897949e+01
   6.5222250e+06   3.5339355e+01
   6.5246360e+06   3.4362793e+01
   6.5398350e+06   3.2287598e+01
   6.5488260e+06   3.5278320e+01
   7.0775030e+06   3.3569336e+01
   7.4288840e+06   3.3203125e+01
   7.4328970e+06   3.3325195e+01
   7.4820160e+06   3.7780762e+01
   7.4859680e+06   3.2531738e+01
   7.4991340e+06   3.6254883e+01
   7.5075140e+06   3.3813477e+01
   7.5126010e+06   3.1982422e+01
   7.5218940e+06   3.2470703e+01
   7.5446770e+06   3.7841797e+01
   7.5622030e+06   4.2785645e+01
   7.5900720e+06   3.6987305e+01
   7.6006890e+06   3.9367676e+01
   7.6162690e+06   3.7292480e+01
   7.6260700e+06   3.8330078e+01
   7.6316160e+06   3.4240723e+01
   7.6470370e+06   4.2419434e+01
   7.6568590e+06   3.9184570e+01
   7.6879210e+06   4.3640137e+01
   7.7019520e+06   4.1076660e+01
   7.7077270e+06   3.3020020e+01
   7.7250030e+06   3.4179688e+01
   7.7415030e+06   4.3579102e+01
   7.7500810e+06   3.3935547e+01
   7.8430410e+06   4.3151855e+01
   7.8440160e+06   4.0100098e+01
   7.8553940e+06   3.8085938e+01
   7.8657500e+06   4.3640137e+01
   7.9331970e+06   4.6691895e+01
   7.9493880e+06   4.7729492e+01
   7.9802730e+06   4.4189453e+01
   7.9805770e+06   3.4912109e+01
   8.0578930e+06   3.1860352e+01
   8.0946460e+06   3.4484863e+01
   8.1087950e+06   3.5217285e+01
   8.2222060e+06   4.2968750e+01
   8.2225770e+06   3.5827637e+01
   8.2230220e+06   3.8391113e+01
   8.2251920e+06   3.5034180e+01
   8.2262060e+06   4.1748047e+01
   8.2690030e+06   5.1757812e+01
   8.2701930e+06   3.5217285e+01
   8.2747130e+06   3.2653809e+01
   8.2749950e+06   3.4851074e+01
   8.2766130e+06   3.5156250e+01
   8.2795640e+06   3.2714844e+01
   8.2806240e+06   3.2592773e+01
   8.2837270e+06   3.4545898e+01
   8.2902390e+06   3.1982422e+01
   8.2965310e+06   4.4494629e+01
   8.3052460e+06   4.1259766e+01
   8.3083140e+06   3.7414551e+01
   8.3133780e+06   3.2897949e+01
   8.3409160e+06   3.9367676e+01
   8.3419370e+06   5.1818848e+01
   8.3422760e+06   3.3081055e+01
   8.3458100e+06   3.3569336e+01
   8.3478660e+06   3.7231445e+01
   8.3507430e+06   3.4729004e+01
   8.3585670e+06   4.8339844e+01
   8.3587350e+06   3.6437988e+01
   8.3598000e+06   3.3203125e+01
   8.3787770e+06   4.5288086e+01
   8.3881510e+06   4.0161133e+01
   8.3896620e+06   3.8757324e+01
   8.3934110e+06   3.1860352e+01
   8.3941740e+06   3.4362793e+01
   8.4018500e+06   3.3691406e+01
   8.4081440e+06   3.6132812e+01
   8.4166190e+06   4.3701172e+01
   8.4173760e+06   4.4189453e+01
   8.4178260e+06   3.3203125e+01
   8.4247770e+06   4.8889160e+01
   8.4254130e+06   3.4790039e+01
   8.4332830e+06   4.2907715e+01
   8.4408350e+06   4.3640137e+01
   8.4422760e+06   3.6560059e+01
   8.4455920e+06   3.2653809e+01
   8.4517360e+06   3.6071777e+01
   8.4571960e+06   3.8024902e+01
   8.4583630e+06   3.7475586e+01
   8.4592030e+06   3.3203125e+01
   8.4668400e+06   4.4067383e+01
   8.4681460e+06   3.3630371e+01
   8.4816150e+06   5.1818848e+01
   8.4886690e+06   3.3020020e+01
   8.4889830e+06   3.5095215e+01
   8.4896610e+06   3.4179688e+01
   8.5018520e+06   3.9916992e+01
   8.5025710e+06   3.6071777e+01
   8.5093410e+06   3.8574219e+01
   8.5179650e+06   4.7302246e+01
   8.5181480e+06   3.1860352e+01
   8.5300530e+06   4.2541504e+01
   8.5347840e+06   4.0283203e+01
   8.5631270e+06   4.5715332e+01
   8.6214000e+06   4.4616699e+01
   8.6216250e+06   3.5522461e+01
   8.6372290e+06   4.0466309e+01
   8.6373160e+06   3.2287598e+01
   8.6374620e+06   3.3508301e+01
   8.6466790e+06   4.0649414e+01
   8.6506940e+06   4.0161133e+01
   8.6512060e+06   3.6926270e+01
   8.6535260e+06   3.4484863e+01
   8.6694110e+06   3.5705566e+01
   8.6695600e+06   3.4606934e+01
   8.6697470e+06   3.4423828e+01
   8.6727000e+06   3.6193848e+01
   8.6732220e+06   3.2897949e+01
   8.6779060e+06   3.2775879e+01
   8.6849440e+06   4.1625977e+01
   8.6890350e+06   3.8574219e+01
   8.6972140e+06   3.6499023e+01
   8.6976840e+06   3.5461426e+01
   8.7055510e+06   3.2470703e+01
   8.7123680e+06   3.3752441e+01
   8.7240290e+06   3.2409668e+01
   8.7265070e+06   3.2958984e+01
   8.7291520e+06   4.0344238e+01
   8.7300080e+06   3.2775879e+01
   8.7786410e+06   4.8461914e+01
   8.7789700e+06   3.6987305e+01
   8.7791450e+06   3.3752441e+01
   8.7818650e+06   3.6499023e+01
   8.7842930e+06   4.2907715e+01
   8.7865410e+06   3.3020020e+01
   8.7885500e+06   3.3081055e+01
   8.7907900e+06   3.3691406e+01
   8.7935070e+06   3.3325195e+01
   8.8094200e+06   4.1748047e+01
   8.8151130e+06   3.6865234e+01
   8.8168500e+06   3.2897949e+01
   8.8314690e+06   4.6020508e+01
   8.8352500e+06   3.8757324e+01
   8.8355310e+06   3.5522461e+01
   8.8487810e+06   5.2978516e+01
   8.8604860e+06   4.6630859e+01
   8.8614240e+06   4.2541504e+01
   8.8635350e+06   3.7414551e+01
   8.8654040e+06   3.5827637e+01
   8.8681570e+06   3.4667969e+01
   8.8691770e+06   3.4179688e+01
   8.8703050e+06   3.3691406e+01
   8.8727130e+06   3.2653809e+01
   8.8762670e+06   3.4484863e+01
   8.8774130e+06   3.2043457e+01
   8.8801660e+06   3.3325195e+01
   8.8836970e+06   3.4301758e+01
   8.8992430e+06   4.6142578e+01
   8.9030780e+06   3.8513184e+01
   8.9091080e+06   4.1870117e+01
   8.9147060e+06   3.7109375e+01
   8.9149700e+06   4.2907715e+01
   8.9164560e+06   3.5461426e+01
   8.9195080e+06   3.6865234e+01
   8.9288440e+06   4.1748047e+01
   8.9369250e+06   3.3386230e+01
   8.9373210e+06   3.1982422e+01
   8.9462200e+06   3.6254883e+01
   8.9470040e+06   3.3691406e+01
   8.9546960e+06   5.5358887e+01
   8.9550800e+06   3.3752441e+01
   8.9592490e+06   3.3264160e+01
   8.9596570e+06   3.2531738e+01
   8.9690030e+06   3.5217285e+01
   8.9951680e+06   4.5837402e+01
   8.9954940e+06   3.8696289e+01
   8.9992800e+06   3.5522461e+01
   8.9995760e+06   3.1555176e+01
   9.0097860e+06   4.8095703e+01
   9.0105960e+06   3.7231445e+01
   9.0108000e+06   3.3386230e+01
   9.0291350e+06   4.4494629e+01
   9.0313390e+06   4.0588379e+01
   9.0314450e+06   3.1494141e+01
   9.0511190e+06   4.6386719e+01
   9.0522470e+06   4.0893555e+01
   9.0580790e+06   3.9123535e+01
   9.0619950e+06   3.1860352e+01
   9.0659770e+06   4.0222168e+01
   9.0698650e+06   3.4057617e+01
   9.0705970e+06   3.1677246e+01
   9.0748180e+06   3.4851074e+01
   9.0781440e+06   3.6132812e+01
   9.0855670e+06   3.7536621e+01
   9.0989230e+06   4.7058105e+01
   9.1231910e+06   3.9978027e+01
   9.1388240e+06   4.2846680e+01
   9.1516260e+06   4.4738770e+01
   9.1517090e+06   3.5034180e+01
   9.1564950e+06   3.9855957e+01
   9.1568800e+06   3.7780762e+01
   9.1581220e+06   3.9184570e+01
   9.1596570e+06   3.6926270e+01
   9.1609080e+06   4.0405273e+01
   9.1616660e+06   3.3325195e+01
   9.1621000e+06   3.4179688e+01
   9.1639860e+06   3.1860352e+01
   9.1656980e+06   3.4057617e+01
   9.1663150e+06   3.5400391e+01
   9.1683260e+06   3.2226562e+01
   9.1696960e+06   3.1860352e+01
   9.1719940e+06   3.7597656e+01
   9.1769240e+06   3.8574219e+01
   9.1796360e+06   3.6437988e+01
   9.1836610e+06   3.1555176e+01
   9.1873310e+06   3.5644531e+01
   9.1902990e+06   3.3630371e+01
   9.2016270e+06   3.5522461e+01
   9.2073750e+06   3.3508301e+01
   9.2137990e+06   3.4973145e+01
   9.2233270e+06   4.1870117e+01
   9.2337380e+06   3.4790039e+01
   9.2341240e+06   3.8452148e+01
   9.2404600e+06   3.3813477e+01
   9.2409510e+06   3.4057617e+01
   9.2427500e+06   3.3508301e+01
   9.2512100e+06   4.6997070e+01
   9.2513460e+06   3.4240723e+01
   9.2515840e+06   3.8085938e+01
   9.2536190e+06   3.5705566e+01
   9.2550570e+06   3.4545898e+01
   9.2594170e+06   3.2348633e+01
   9.2598610e+06   3.2836914e+01
   9.2623420e+06   3.6865234e+01
   9.2665730e+06   3.3264160e+01
   9.2750670e+06   3.9306641e+01
   9.2780390e+06   3.4362793e+01
   9.2793180e+06   4.5898438e+01
   9.2906140e+06   3.6499023e+01
   9.2907810e+06   3.1921387e+01
   9.2974890e+06   3.8879395e+01
   9.3002320e+06   3.3447266e+01
   9.3009270e+06   3.1555176e+01
   9.3032060e+06   3.9184570e+01
   9.3037250e+06   3.3508301e+01
   9.3127190e+06   3.5827637e+01
   9.3156610e+06   3.9550781e+01
   9.3207540e+06   3.7658691e+01
   9.3211940e+06   3.6376953e+01
   9.3225570e+06   3.3630371e+01
   9.3338780e+06   5.2734375e+01
   9.3342070e+06   3.1555176e+01
   9.3345070e+06   3.2836914e+01
   9.3349200e+06   3.2897949e+01
   9.3423000e+06   3.5583496e+01
   9.3487310e+06   4.3334961e+01
   9.3527750e+06   3.5278320e+01
   9.3555420e+06   3.4179688e+01
   9.3580460e+06   3.2165527e+01
   9.3600910e+06   3.2958984e+01
   9.3638630e+06   3.4362793e+01
   9.3682690e+06   4.1259766e+01
   9.3705720e+06   3.7597656e+01
   9.3718080e+06   3.1494141e+01
   9.3731550e+06   3.4240723e+01
   9.3785910e+06   3.2714844e+01
   9.3810640e+06   3.8513184e+01
   9.3824960e+06   3.2653809e+01
   9.3865940e+06   3.2348633e+01
   9.3870160e+06   3.5705566e+01
   9.3899460e+06   3.5583496e+01
   9.4012400e+06   3.4729004e+01
   9.4031230e+06   3.9794922e+01
   9.4044450e+06   3.4606934e+01
   9.4053700e+06   3.6865234e+01
   9.4080380e+06   3.3813477e+01
   9.4084190e+06   3.1616211e+01
   9.4122530e+06   3.4057617e+01
   9.4136210e+06   3.4667969e+01
   9.4138950e+06   3.1860352e+01
   9.4220350e+06   5.0476074e+01
   9.4275040e+06   3.2958984e+01
   9.4305130e+06   3.8208008e+01
   9.4316480e+06   3.2409668e+01
   9.4319990e+06   3.5888672e+01
   9.4323020e+06   3.4057617e+01
   9.4367040e+06   4.2846680e+01
   9.4405640e+06   3.3935547e+01
   9.4449960e+06   4.4860840e+01
   9.4522990e+06   3.7292480e+01
   9.4527400e+06   3.1555176e+01
   9.4555260e+06   3.3752441e+01
   9.4611090e+06   3.9611816e+01
   9.4624120e+06   3.2592773e+01
   9.4690950e+06   4.2968750e+01
   9.4708150e+06   3.1372070e+01
   9.4766250e+06   3.1738281e+01
   9.4784170e+06   3.5156250e+01
   9.4796660e+06   3.3935547e+01
   9.4855240e+06   3.4179688e+01
   9.4874820e+06   3.1799316e+01
   9.4879710e+06   3.3142090e+01
   9.4959610e+06   3.1921387e+01
   9.5034970e+06   3.3813477e+01
   9.5055530e+06   3.2409668e+01
   9.5620940e+06   4.4738770e+01
   9.5687860e+06   4.4372559e+01
   9.5960060e+06   3.9916992e+01
   9.6055070e+06   3.8208008e+01
   9.6057400e+06   3.8574219e+01
   9.6097830e+06   4.4311523e+01
   9.6136260e+06   4.3701172e+01
   9.6160850e+06   3.5766602e+01
   9.6347710e+06   4.0222168e+01
   9.6364870e+06   3.4729004e+01
   9.6366670e+06   3.2897949e+01
   9.6374890e+06   3.1494141e+01
   9.6400640e+06   3.5827637e+01
   9.6404550e+06   3.3813477e+01
   9.6414570e+06   3.2165527e+01
   9.6425090e+06   3.2287598e+01
   9.6453840e+06   3.2165527e+01
   9.6495460e+06   3.9245605e+01
   9.6502360e+06   3.2043457e+01
   9.6642610e+06   3.7048340e+01
   9.6678960e+06   3.6437988e+01
   9.6702560e+06   3.4057617e+01
   9.6743970e+06   3.2043457e+01
   9.6823560e+06   5.1452637e+01
   9.6837100e+06   3.3630371e+01
   9.6839080e+06   3.2836914e+01
   9.6842700e+06   3.4973145e+01
   9.6852160e+06   3.2470703e+01
   9.6882740e+06   3.5888672e+01
   9.6920110e+06   3.2592773e+01
   9.7031940e+06   3.5644531e+01
   9.7191000e+06   3.7353516e+01
   9.7307780e+06   3.7170410e+01
   9.7309500e+06   3.1494141e+01
   9.7418790e+06   3.7170410e+01
   9.7448260e+06   3.2714844e+01
   9.7457180e+06   3.3813477e+01
   9.7482530e+06   3.2836914e+01
   9.7537230e+06   3.4545898e+01
   9.7566980e+06   3.3630371e+01
   9.7577920e+06   3.1433105e+01
   9.7857730e+06   4.9987793e+01
   9.7858800e+06   3.4057617e+01
   9.7941910e+06   4.8706055e+01
   9.8024410e+06   4.4433594e+01
   9.8039510e+06   4.5532227e+01
   9.8071310e+06   3.2897949e+01
   9.8073080e+06   3.3386230e+01
   9.8132700e+06   4.5715332e+01
   9.8146390e+06   3.4179688e+01
   9.8501790e+06   4.4006348e+01
   9.8522300e+06   3.1616211e+01
   9.8524920e+06   3.1921387e+01
   9.8744740e+06   5.4016113e+01
   9.8755160e+06   4.6386719e+01
   9.8759940e+06   3.4362793e+01
   9.8773060e+06   3.5217285e+01
   9.8785550e+06   3.6987305e+01
   9.8792170e+06   3.5278320e+01
   9.8878300e+06   3.5034180e+01
   9.8879730e+06   3.6071777e+01
   9.8915510e+06   3.8146973e+01
   9.9179570e+06   4.3151855e+01
   9.9189360e+06   3.6315918e+01
   9.9207090e+06   4.4555664e+01
   9.9217550e+06   3.6376953e+01
   9.9269700e+06   3.3447266e+01
   9.9287710e+06   3.1433105e+01
   9.9298770e+06   3.3630371e+01
   9.9344410e+06   3.6560059e+01
   9.9417580e+06   4.3395996e+01
   9.9460080e+06   3.6132812e+01
   9.9479790e+06   3.3020020e+01
   9.9684850e+06   3.7597656e+01
   9.9812930e+06   3.1616211e+01
   9.9876400e+06   4.1442871e+01
   9.9881390e+06   4.2175293e+01
   1.0031199e+07   4.4189453e+01
   1.0031839e+07   3.9733887e+01
   1.0054290e+07   5.0964355e+01
   1.0055164e+07   3.8146973e+01
   1.0055823e+07   3.3630371e+01
   1.0063082e+07   4.4982910e+01
   1.0066382e+07   3.3081055e+01
   1.0070732e+07   4.0710449e+01
   1.0074251e+07   4.7180176e+01
   1.0080812e+07   5.0781250e+01
   1.0083790e+07   3.2348633e+01
   1.0089878e+07   3.3264160e+01
   1.0092763e+07   3.1372070e+01
   1.0097636e+07   3.2043457e+01
   1.0141661e+07   3.2409668e+01
   1.0147663e+07   3.1494141e+01
   1.0152974e+07   3.1433105e+01
   1.0163302e+07   4.0588379e+01
   1.0165064e+07   3.3447266e+01
   1.0166341e+07   3.1982422e+01
   1.0170011e+07   3.5827637e+01
   1.0170843e+07   3.5034180e+01
   1.0179259e+07   3.5888672e+01
   1.0183263e+07   3.5339355e+01
   1.0185381e+07   3.7963867e+01
   1.0186228e+07   3.4667969e+01
   1.0192876e+07   3.2348633e+01
   1.0193874e+07   3.3081055e+01
   1.0216559e+07   4.4555664e+01
   1.0220800e+07   3.9489746e+01
   1.0224489e+07   4.4677734e+01
   1.0228041e+07   3.8330078e+01
   1.0231174e+07   4.7973633e+01
   1.0231465e+07   3.3142090e+01
   1.0236784e+07   3.3081055e+01
   1.0239111e+07   3.3630371e+01
   1.0242908e+07   3.1433105e+01
   1.0251017e+07   3.8635254e+01
   1.0253529e+07   4.0954590e+01
   1.0254721e+07   3.3264160e+01
   1.0258023e+07   3.3630371e+01
   1.0258962e+07   3.2104492e+01
   1.0259347e+07   3.3874512e+01
   1.0264527e+07   3.5949707e+01
   1.0266248e+07   3.2226562e+01
   1.0274996e+07   3.7292480e+01
   1.0282639e+07   3.5156250e+01
   1.0285228e+07   3.3935547e+01
   1.0289704e+07   3.5095215e+01
   1.0293809e+07   3.4973145e+01
   1.0298851e+07   3.1677246e+01
   1.0314722e+07   4.4311523e+01
   1.0315637e+07   3.2775879e+01
   1.0317763e+07   3.2470703e+01
   1.0323224e+07   3.2104492e+01
   1.0332581e+07   4.8217773e+01
   1.0333720e+07   3.4057617e+01
   1.0335520e+07   3.2043457e+01
   1.0337006e+07   3.3996582e+01
   1.0337203e+07   3.3081055e+01
   1.0339250e+07   4.1198730e+01
   1.0344335e+07   3.2470703e+01
   1.0345081e+07   3.3325195e+01
   1.0345599e+07   3.2592773e+01
   1.0351062e+07   3.9794922e+01
   1.0351825e+07   3.8269043e+01
   1.0360734e+07   3.4362793e+01
   1.0363462e+07   3.2043457e+01
   1.0888293e+07   3.1982422e+01
   1.1148592e+07   3.3569336e+01
   1.1176001e+07   3.7048340e+01
   1.1182724e+07   3.6987305e+01
   1.1203583e+07   3.1677246e+01
   1.1214829e+07   3.1799316e+01
   1.1218828e+07   3.5583496e+01
   1.1233617e+07   3.2775879e+01
   1.1261644e+07   3.2958984e+01
   1.1278405e+07   3.5888672e+01
   1.1291983e+07   3.3691406e+01
   1.1312539e+07   3.1433105e+01
   1.1315587e+07   3.1738281e+01
   1.1336887e+07   3.5461426e+01
   1.1345936e+07   4.2175293e+01
   1.1397689e+07   4.6691895e+01
   1.1398004e+07   3.6560059e+01
   1.1412647e+07   4.4860840e+01
   1.1413065e+07   3.3203125e+01
   1.1426311e+07   3.4545898e+01
   1.1432244e+07   3.8696289e+01
   1.1453635e+07   3.4179688e+01
   1.1477621e+07   3.1677246e+01
   1.1478542e+07   4.9194336e+01
   1.1515451e+07   4.6630859e+01
   1.1515578e+07   3.2714844e+01
   1.1526616e+07   4.2785645e+01
   1.1557213e+07   4.1809082e+01
   1.1557570e+07   3.5583496e+01
   1.1595163e+07   3.4545898e+01
   1.1595222e+07   4.3151855e+01
   1.1688057e+07   4.6691895e+01
   1.1709353e+07   3.6621094e+01
   1.1734314e+07   3.4240723e+01
   1.1737689e+07   3.2836914e+01
   1.1740557e+07   3.2836914e+01
   1.1747189e+07   3.1372070e+01
   1.1767244e+07   3.1982422e+01
   1.1811716e+07   3.7414551e+01
   1.1816528e+07   4.3029785e+01
   1.1845724e+07   3.1677246e+01
   1.1848725e+07   5.0170898e+01
   1.1873230e+07   4.3762207e+01
   1.1874724e+07   3.2531738e+01
   1.1894044e+07   4.1259766e+01
   1.1894250e+07   3.3691406e+01
   1.1899265e+07   3.6437988e+01
   1.1899705e+07   3.3813477e+01
   1.1920984e+07   4.2175293e+01
   1.1926715e+07   3.4484863e+01
   1.1930429e+07   3.3386230e+01
