   1.1999000e+07   0.0000000e+00
   4.0636000e+04   2.5939941e+01
   8.0416000e+04   2.7099609e+01
   1.8502100e+05   2.6428223e+01
   2.9924400e+05   2.6306152e+01
   4.0948000e+05   2.7160645e+01
   4.1551800e+05   2.6306152e+01
   4.3775500e+05   3.1372070e+01
   4.6106100e+05   2.6672363e+01
   5.6346200e+05   2.8259277e+01
   7.6375800e+05   2.9479980e+01
   7.8282900e+05   2.6611328e+01
   7.8894700e+05   2.8991699e+01
   9.0682600e+05   2.7343750e+01
   9.2985900e+05   2.6916504e+01
   1.0259290e+06   2.6428223e+01
   1.0306140e+06   2.9235840e+01
   1.1520170e+06   2.6794434e+01
   1.2084060e+06   2.6428223e+01
   1.2121430e+06   2.7282715e+01
   1.3287410e+06   2.6184082e+01
   1.4126670e+06   2.7587891e+01
   1.4476400e+06   2.7343750e+01
   1.5096660e+06   3.1860352e+01
   1.6300980e+06   2.6062012e+01
   1.6979800e+06   2.8076172e+01
   1.8348900e+06   2.5939941e+01
   1.9797180e+06   2.6123047e+01
   2.0284550e+06   2.6062012e+01
   2.0289150e+06   2.7404785e+01
   2.0849760e+06   2.7160645e+01
   2.0871040e+06   2.6489258e+01
   2.1571050e+06   2.9541016e+01
   2.1576270e+06   2.7404785e+01
   2.1720690e+06   2.7221680e+01
   2.2867950e+06   2.6062012e+01
   2.4549460e+06   2.6123047e+01
   2.5196330e+06   2.6428223e+01
   2.7304470e+06   2.6123047e+01
   2.7657090e+06   2.6245117e+01
   2.8685220e+06   2.6062012e+01
   2.8848020e+06   2.6367188e+01
   2.8995020e+06   2.7282715e+01
   2.9051560e+06   2.7465820e+01
   3.0634140e+06   2.6611328e+01
   3.2717540e+06   2.8503418e+01
   3.6695020e+06   2.7099609e+01
   3.7363490e+06   2.6428223e+01
   3.7633840e+06   2.9174805e+01
   3.8131070e+06   3.0334473e+01
   3.8216540e+06   2.9479980e+01
   3.9071580e+06   2.8625488e+01
   3.9302310e+06   2.9235840e+01
   3.9442040e+06   2.7893066e+01
   4.0842450e+06   2.6916504e+01
   4.3483280e+06   2.7038574e+01
   4.4305140e+06   2.6489258e+01
   4.5118550e+06   2.8015137e+01
   4.6403220e+06   2.6428223e+01
   4.7076030e+06   2.6916504e+01
   4.7123670e+06   2.7221680e+01
   4.7378110e+06   3.0395508e+01
   4.8533160e+06   2.7770996e+01
   5.1015360e+06   2.8137207e+01
   5.3307640e+06   2.6855469e+01
   5.7474730e+06   3.0029297e+01
   5.8081730e+06   2.8320312e+01
   5.9934790e+06   2.9907227e+01
   6.1012150e+06   2.8076172e+01
   6.5683250e+06   2.7404785e+01
   6.8554660e+06   2.6611328e+01
   6.8915280e+06   2.6855469e+01
   6.8958160e+06   2.8015137e+01
   6.9274550e+06   2.6550293e+01
   7.0476280e+06   2.7465820e+01
   7.2109270e+06   2.7282715e+01
   7.4290200e+06   2.6977539e+01
   7.4314770e+06   2.7404785e+01
   7.4614890e+06   2.7832031e+01
   7.5809040e+06   2.9846191e+01
   7.6345580e+06   2.6489258e+01
   7.7632330e+06   2.7404785e+01
   7.7664090e+06   2.8015137e+01
   7.7714810e+06   2.6550293e+01
   7.7721740e+06   2.7648926e+01
   7.7740690e+06   2.7221680e+01
   7.7853500e+06   2.7465820e+01
   7.8127950e+06   2.7893066e+01
   8.0434060e+06   2.9296875e+01
   8.1647240e+06   2.6672363e+01
   8.2082280e+06   2.7832031e+01
   8.3617730e+06   2.7160645e+01
   8.5020390e+06   2.7587891e+01
   8.5235410e+06   2.7954102e+01
   8.8425650e+06   2.8808594e+01
   9.1178660e+06   2.6977539e+01
   9.1400500e+06   3.0639648e+01
   9.3656930e+06   2.9296875e+01
   9.5005400e+06   2.6672363e+01
   9.5374760e+06   2.6794434e+01
   9.5430270e+06   2.6977539e+01
   9.6728100e+06   2.8137207e+01
   9.6738770e+06   2.7770996e+01
   9.7348850e+06   2.7648926e+01
   9.7732850e+06   2.9174805e+01
   9.7784440e+06   2.8259277e+01
   9.9142700e+06   2.6550293e+01
   1.0000522e+07   2.6733398e+01
   1.0227410e+07   2.7099609e+01
   1.0231601e+07   2.6489258e+01
   1.0320912e+07   2.6977539e+01
   1.0658921e+07   2.6733398e+01
   1.0808575e+07   2.6489258e+01
   1.0809055e+07   3.2104492e+01
   1.0810243e+07   2.8198242e+01
   1.0831717e+07   2.6977539e+01
   1.0993691e+07   2.6611328e+01
   1.1260805e+07   2.9907227e+01
   1.1385962e+07   3.3386230e+01
   1.1595165e+07   2.6489258e+01
   1.1597731e+07   2.8564453e+01
   1.1629829e+07   2.7221680e+01
   1.1748156e+07   2.6794434e+01
   1.1872946e+07   3.0151367e+01
   1.1973613e+07   2.7526855e+01
