   1.1999000e+07   0.0000000e+00
   8.9090000e+03   3.0090332e+01
   9.0930000e+03   3.0090332e+01
   1.1910000e+04   3.2287598e+01
   1.7566000e+04   3.3203125e+01
   2.0214000e+04   3.1066895e+01
   2.2212000e+04   3.1188965e+01
   2.6258000e+04   2.8930664e+01
   3.2040000e+04   3.1005859e+01
   3.5192000e+04   3.0334473e+01
   4.0989000e+04   3.3569336e+01
   5.7054000e+04   2.8442383e+01
   5.9666000e+04   2.8869629e+01
   6.1901000e+04   3.3264160e+01
   7.7992000e+04   2.9663086e+01
   9.3222000e+04   2.8503418e+01
   1.0001700e+05   3.2653809e+01
   1.0199900e+05   3.3508301e+01
   1.0354400e+05   3.0944824e+01
   1.0383100e+05   2.9907227e+01
   1.0784900e+05   2.9541016e+01
   1.0819800e+05   2.8869629e+01
   1.1414100e+05   2.8625488e+01
   1.1876400e+05   3.3813477e+01
   1.1935300e+05   3.2348633e+01
   1.2549700e+05   2.9113770e+01
   1.2635400e+05   2.9113770e+01
   1.4036300e+05   3.6437988e+01
   1.5410500e+05   3.4362793e+01
   1.5469500e+05   2.9907227e+01
   1.6904100e+05   2.8808594e+01
   1.7647000e+05   2.8442383e+01
   1.9729000e+05   2.8625488e+01
   2.0206500e+05   2.8564453e+01
   2.0291700e+05   3.1494141e+01
   2.3353900e+05   3.1433105e+01
   2.3709200e+05   3.0639648e+01
   2.3925900e+05   2.9113770e+01
   2.4416500e+05   2.8808594e+01
   2.7358800e+05   2.8625488e+01
   2.7855100e+05   3.6376953e+01
   2.8368300e+05   2.9052734e+01
   2.9450800e+05   2.9785156e+01
   2.9625500e+05   3.4118652e+01
   2.9855600e+05   3.0883789e+01
   3.1518100e+05   4.2297363e+01
   3.2407400e+05   3.0883789e+01
   3.2606700e+05   3.1860352e+01
   3.2945000e+05   2.8564453e+01
   3.3312100e+05   3.6010742e+01
   3.3462300e+05   2.9846191e+01
   3.3543200e+05   2.8625488e+01
   3.5746800e+05   2.8991699e+01
   3.6663000e+05   3.3264160e+01
   3.7424100e+05   2.8503418e+01
   3.7879300e+05   2.9174805e+01
   3.8134300e+05   3.1433105e+01
   3.8404200e+05   3.1066895e+01
   3.9434700e+05   3.2897949e+01
   4.0245100e+05   2.9357910e+01
   4.1391100e+05   3.3630371e+01
   4.1476900e+05   2.8869629e+01
   4.1649800e+05   3.4118652e+01
   4.1939700e+05   3.2958984e+01
   4.2244400e+05   2.9479980e+01
   4.2276200e+05   2.9907227e+01
   4.2846400e+05   2.9785156e+01
   4.3469600e+05   2.8564453e+01
   4.3489000e+05   3.2470703e+01
   4.3938500e+05   3.2043457e+01
   4.4141700e+05   3.3020020e+01
   4.4410000e+05   3.1433105e+01
   4.4441100e+05   3.3325195e+01
   4.4488900e+05   2.9479980e+01
   4.4616900e+05   3.0944824e+01
   4.4795200e+05   2.8503418e+01
   4.7539700e+05   3.0639648e+01
   4.7804000e+05   2.8808594e+01
   4.8149000e+05   2.9357910e+01
   4.9135800e+05   2.8808594e+01
   4.9418800e+05   3.3386230e+01
   4.9431900e+05   2.8930664e+01
   5.0439600e+05   2.9785156e+01
   5.0466200e+05   2.9113770e+01
   5.1035500e+05   3.0029297e+01
   5.1204800e+05   2.9235840e+01
   5.5229900e+05   3.2531738e+01
   5.5590800e+05   2.8930664e+01
   5.6590700e+05   3.1005859e+01
   5.8348400e+05   2.8747559e+01
   5.8362200e+05   2.9113770e+01
   5.8916200e+05   3.0334473e+01
   5.9770500e+05   3.5034180e+01
   6.0111500e+05   2.9907227e+01
   6.0357500e+05   3.1799316e+01
   6.0466300e+05   2.9296875e+01
   6.0836200e+05   3.2104492e+01
   6.2038200e+05   2.9846191e+01
   6.3062800e+05   3.1738281e+01
   6.3600300e+05   2.8564453e+01
   6.4194800e+05   2.8442383e+01
   6.4619300e+05   3.0151367e+01
   6.5440300e+05   2.8442383e+01
   6.8436600e+05   2.9113770e+01
   6.8687100e+05   3.0090332e+01
   6.9401400e+05   2.8686523e+01
   6.9530900e+05   3.4484863e+01
   6.9746100e+05   3.5644531e+01
   7.0854800e+05   3.5217285e+01
   7.0882800e+05   2.9235840e+01
   7.1033400e+05   2.8747559e+01
   7.1109200e+05   2.9235840e+01
   7.2097600e+05   2.9235840e+01
   7.3238900e+05   2.8564453e+01
   7.3948300e+05   3.0090332e+01
   7.4264700e+05   2.9052734e+01
   7.4359100e+05   2.9357910e+01
   7.4935800e+05   2.9479980e+01
   7.5354600e+05   3.3447266e+01
   7.5463700e+05   3.3447266e+01
   7.5624500e+05   2.9541016e+01
   7.6954300e+05   2.9541016e+01
   7.8253200e+05   3.4301758e+01
   7.9636600e+05   2.9113770e+01
   8.0620400e+05   3.0517578e+01
   8.1587200e+05   3.4362793e+01
   8.2156900e+05   3.3325195e+01
   8.2174500e+05   2.8442383e+01
   8.2257500e+05   3.0822754e+01
   8.4150200e+05   2.9174805e+01
   8.5956700e+05   2.9174805e+01
   8.6058600e+05   2.8442383e+01
   8.6834200e+05   2.9418945e+01
   8.8345700e+05   2.8686523e+01
   8.8470900e+05   2.8808594e+01
   9.0205400e+05   2.8869629e+01
   9.1068300e+05   2.8564453e+01
   9.1957300e+05   2.8503418e+01
   9.2096100e+05   3.8574219e+01
   9.2684300e+05   3.0273438e+01
   9.5228400e+05   3.0212402e+01
   9.5565600e+05   2.9541016e+01
   9.5572300e+05   2.8869629e+01
   9.8390500e+05   3.0212402e+01
   9.8772600e+05   2.8991699e+01
   9.9762900e+05   3.3874512e+01
   1.0248550e+06   2.8747559e+01
   1.0343540e+06   2.8564453e+01
   1.0409590e+06   2.8564453e+01
   1.0413750e+06   2.8686523e+01
   1.0489380e+06   2.9663086e+01
   1.0596690e+06   3.3691406e+01
   1.0640410e+06   3.1433105e+01
   1.0666340e+06   2.9541016e+01
   1.0732640e+06   3.0151367e+01
   1.0801670e+06   2.9907227e+01
   1.1001980e+06   3.0334473e+01
   1.1043890e+06   3.1005859e+01
   1.1068660e+06   3.0944824e+01
   1.1156890e+06   2.9724121e+01
   1.1235090e+06   2.9907227e+01
   1.1318130e+06   2.8991699e+01
   1.1375710e+06   2.8625488e+01
   1.1414210e+06   2.8869629e+01
   1.1451840e+06   2.8503418e+01
   1.1458720e+06   2.8625488e+01
   1.1512910e+06   2.8747559e+01
   1.1644390e+06   3.1188965e+01
   1.1704110e+06   3.0517578e+01
   1.1720080e+06   2.8503418e+01
   1.1797610e+06   2.8869629e+01
   1.1799120e+06   2.8686523e+01
   1.1853510e+06   3.1311035e+01
   1.1859280e+06   3.1372070e+01
   1.2042810e+06   3.1433105e+01
   1.2094680e+06   2.8991699e+01
   1.2129020e+06   3.1799316e+01
   1.2152820e+06   2.9846191e+01
   1.2193630e+06   2.9357910e+01
   1.2198040e+06   2.8442383e+01
   1.2341140e+06   2.8564453e+01
   1.2419670e+06   3.0090332e+01
   1.2437740e+06   2.9113770e+01
   1.2528310e+06   3.2836914e+01
   1.2609900e+06   3.8879395e+01
   1.2635210e+06   3.2165527e+01
   1.2652340e+06   2.9785156e+01
   1.2900340e+06   3.1372070e+01
   1.2902410e+06   2.8747559e+01
   1.2986970e+06   2.9663086e+01
   1.3029690e+06   3.7719727e+01
   1.3053440e+06   3.2836914e+01
   1.3061570e+06   2.8625488e+01
   1.3091100e+06   2.9541016e+01
   1.3128550e+06   3.0822754e+01
   1.3250420e+06   3.0883789e+01
   1.3273570e+06   3.2409668e+01
   1.3285350e+06   3.0395508e+01
   1.3338660e+06   3.0029297e+01
   1.3359930e+06   2.9724121e+01
   1.3413930e+06   2.8625488e+01
   1.3599640e+06   3.1250000e+01
   1.3603370e+06   2.9235840e+01
   1.3711460e+06   3.0395508e+01
   1.3897410e+06   3.0273438e+01
   1.3924340e+06   3.2409668e+01
   1.3956660e+06   2.9479980e+01
   1.3976660e+06   3.0395508e+01
   1.3979070e+06   2.8503418e+01
   1.4061930e+06   2.9602051e+01
   1.4134500e+06   2.9602051e+01
   1.4186360e+06   2.8564453e+01
   1.4365550e+06   2.8442383e+01
   1.4415390e+06   2.9602051e+01
   1.4465300e+06   3.2897949e+01
   1.4476700e+06   3.0151367e+01
   1.4600450e+06   2.9174805e+01
   1.4628600e+06   2.9846191e+01
   1.4727670e+06   2.8869629e+01
   1.4760640e+06   3.2470703e+01
   1.4859280e+06   2.9602051e+01
   1.4875970e+06   2.9724121e+01
   1.4914350e+06   2.9052734e+01
   1.4985520e+06   3.0029297e+01
   1.4994820e+06   2.9113770e+01
   1.5031460e+06   2.8564453e+01
   1.5117710e+06   3.1250000e+01
   1.5119640e+06   2.9846191e+01
   1.5311420e+06   2.9418945e+01
   1.5311690e+06   3.0029297e+01
   1.5431220e+06   3.3569336e+01
   1.5461240e+06   3.3508301e+01
   1.5491070e+06   2.9602051e+01
   1.5607170e+06   3.9428711e+01
   1.5631050e+06   2.9113770e+01
   1.5678940e+06   3.0883789e+01
   1.5713330e+06   2.9663086e+01
   1.5806550e+06   3.1555176e+01
   1.5863410e+06   3.2592773e+01
   1.5925580e+06   2.9541016e+01
   1.5928460e+06   3.0761719e+01
   1.5978810e+06   2.9785156e+01
   1.5983150e+06   3.0578613e+01
   1.6038530e+06   3.0822754e+01
   1.6059370e+06   2.8503418e+01
   1.6087450e+06   3.3203125e+01
   1.6129880e+06   2.9663086e+01
   1.6208520e+06   2.8625488e+01
   1.6347620e+06   3.1250000e+01
   1.6472980e+06   3.1188965e+01
   1.6489650e+06   2.9479980e+01
   1.6527550e+06   2.8991699e+01
   1.6532510e+06   2.9235840e+01
   1.6558520e+06   2.9357910e+01
   1.6580260e+06   2.9113770e+01
   1.6626930e+06   3.1616211e+01
   1.6898780e+06   3.0273438e+01
   1.7023080e+06   2.9174805e+01
   1.7261590e+06   2.8564453e+01
   1.7354000e+06   2.8869629e+01
   1.7415180e+06   2.8930664e+01
   1.7442980e+06   3.2531738e+01
   1.7663590e+06   2.9663086e+01
   1.7716540e+06   3.0456543e+01
   1.7828550e+06   3.0212402e+01
   1.7974990e+06   2.8564453e+01
   1.8024870e+06   3.3447266e+01
   1.8192510e+06   3.0517578e+01
   1.8193800e+06   2.9602051e+01
   1.8266800e+06   3.0517578e+01
   1.8393790e+06   2.9907227e+01
   1.8529520e+06   3.0639648e+01
   1.8554910e+06   3.3081055e+01
   1.8578030e+06   2.9785156e+01
   1.8769350e+06   2.8442383e+01
   1.8899950e+06   2.8808594e+01
   1.9076420e+06   3.2043457e+01
   1.9078050e+06   2.9418945e+01
   1.9255610e+06   2.8747559e+01
   1.9323340e+06   3.0883789e+01
   1.9353950e+06   2.9907227e+01
   1.9424020e+06   2.9907227e+01
   1.9567140e+06   3.4423828e+01
   1.9578310e+06   2.9541016e+01
   1.9584870e+06   2.9235840e+01
   1.9727090e+06   2.9113770e+01
   1.9843630e+06   2.9418945e+01
   1.9920930e+06   3.0395508e+01
   1.9989320e+06   3.0761719e+01
   2.0025010e+06   3.2226563e+01
   2.0054680e+06   2.8686523e+01
   2.0161250e+06   2.8625488e+01
   2.0336520e+06   2.9235840e+01
   2.0393190e+06   2.9052734e+01
   2.0462660e+06   2.8930664e+01
   2.0495730e+06   2.9541016e+01
   2.0731620e+06   2.8869629e+01
   2.0892390e+06   2.9296875e+01
   2.1250960e+06   3.2409668e+01
   2.1327600e+06   3.0212402e+01
   2.1422040e+06   2.9174805e+01
   2.1453760e+06   2.9785156e+01
   2.1494760e+06   2.9113770e+01
   2.1525630e+06   2.9724121e+01
   2.1618710e+06   3.3752441e+01
   2.1936860e+06   2.8808594e+01
   2.2043140e+06   2.9418945e+01
   2.2250480e+06   2.8869629e+01
   2.2282340e+06   2.8869629e+01
   2.2315930e+06   3.0761719e+01
   2.2417200e+06   2.9174805e+01
   2.2432840e+06   2.8686523e+01
   2.2462520e+06   2.9235840e+01
   2.2552610e+06   3.0212402e+01
   2.2617920e+06   3.0273438e+01
   2.2703860e+06   2.9418945e+01
   2.2747500e+06   3.1677246e+01
   2.2835630e+06   3.1005859e+01
   2.3016360e+06   3.2043457e+01
   2.3064100e+06   3.0334473e+01
   2.3110850e+06   3.5156250e+01
   2.3174990e+06   3.0456543e+01
   2.3201910e+06   3.0761719e+01
   2.3258570e+06   2.8564453e+01
   2.3282120e+06   2.9968262e+01
   2.3293850e+06   2.8991699e+01
   2.3301710e+06   2.9541016e+01
   2.3331450e+06   3.1799316e+01
   2.3334020e+06   2.9174805e+01
   2.3438540e+06   2.9663086e+01
   2.3442290e+06   3.1250000e+01
   2.3445590e+06   3.0334473e+01
   2.3539940e+06   3.5522461e+01
   2.3691430e+06   2.8869629e+01
   2.3692860e+06   2.8869629e+01
   2.3704950e+06   3.2653809e+01
   2.3828130e+06   3.0151367e+01
   2.3857190e+06   3.2226562e+01
   2.4155180e+06   2.8991699e+01
   2.4207340e+06   3.3935547e+01
   2.4266090e+06   3.2043457e+01
   2.4347530e+06   3.3569336e+01
   2.4468520e+06   2.9235840e+01
   2.4714030e+06   2.9846191e+01
   2.4750750e+06   3.0090332e+01
   2.4770750e+06   3.0761719e+01
   2.4926670e+06   3.4851074e+01
   2.5027310e+06   2.9968262e+01
   2.5101710e+06   2.8686523e+01
   2.5181700e+06   3.0151367e+01
   2.5193680e+06   3.0334473e+01
   2.5195910e+06   2.8564453e+01
   2.5198440e+06   2.9846191e+01
   2.5263730e+06   2.9663086e+01
   2.5313290e+06   3.5766602e+01
   2.5416550e+06   2.8930664e+01
   2.5417090e+06   2.9541016e+01
   2.5448710e+06   2.9663086e+01
   2.5491400e+06   2.9846191e+01
   2.5542190e+06   2.9479980e+01
   2.5615280e+06   2.9724121e+01
   2.5616590e+06   2.8503418e+01
   2.5654730e+06   2.8991699e+01
   2.5689060e+06   3.4606934e+01
   2.5742010e+06   3.0212402e+01
   2.5784360e+06   2.8808594e+01
   2.5802030e+06   2.8564453e+01
   2.5816600e+06   2.8869629e+01
   2.5847740e+06   3.0639648e+01
   2.5860730e+06   3.0212402e+01
   2.5933300e+06   2.8503418e+01
   2.6065170e+06   3.2714844e+01
   2.6136270e+06   3.1250000e+01
   2.6148390e+06   3.0517578e+01
   2.6168930e+06   2.9602051e+01
   2.6249960e+06   2.9541016e+01
   2.6286510e+06   3.0090332e+01
   2.6309190e+06   2.9052734e+01
   2.6378780e+06   3.1982422e+01
   2.6485320e+06   3.2348633e+01
   2.6553160e+06   3.1188965e+01
   2.6555330e+06   2.9235840e+01
   2.6613390e+06   2.9357910e+01
   2.6700470e+06   3.3264160e+01
   2.6726370e+06   2.9357910e+01
   2.6771220e+06   3.5339355e+01
   2.6881300e+06   3.0090332e+01
   2.6923600e+06   2.9907227e+01
   2.6977990e+06   2.9113770e+01
   2.7059330e+06   3.6071777e+01
   2.7122630e+06   2.8686523e+01
   2.7215250e+06   2.9052734e+01
   2.7254470e+06   2.9296875e+01
   2.7401240e+06   2.9907227e+01
   2.7497680e+06   2.8442383e+01
   2.7500110e+06   2.8747559e+01
   2.7587420e+06   3.0517578e+01
   2.7608120e+06   3.0639648e+01
   2.7630240e+06   3.2043457e+01
   2.7691090e+06   3.7231445e+01
   2.7758210e+06   3.0517578e+01
   2.7804890e+06   3.2958984e+01
   2.7808890e+06   3.0456543e+01
   2.7837980e+06   3.0395508e+01
   2.7955420e+06   3.2165527e+01
   2.8020390e+06   2.8930664e+01
   2.8035510e+06   2.9479980e+01
   2.8081600e+06   2.8991699e+01
   2.8103950e+06   2.8991699e+01
   2.8125950e+06   3.0578613e+01
   2.8240400e+06   2.9418945e+01
   2.8256160e+06   2.9724121e+01
   2.8284240e+06   3.0212402e+01
   2.8287970e+06   2.8991699e+01
   2.8349170e+06   2.9052734e+01
   2.8401330e+06   2.8686523e+01
   2.8468950e+06   3.1677246e+01
   2.8539100e+06   2.8747559e+01
   2.8559470e+06   2.9357910e+01
   2.8616190e+06   3.1127930e+01
   2.8953810e+06   3.2714844e+01
   2.8958280e+06   3.0212402e+01
   2.9030190e+06   3.1005859e+01
   2.9168520e+06   3.1677246e+01
   2.9199810e+06   2.8930664e+01
   2.9306780e+06   2.8503418e+01
   2.9337440e+06   3.2775879e+01
   2.9422070e+06   3.0578613e+01
   2.9534360e+06   3.2165527e+01
   2.9544090e+06   2.9296875e+01
   2.9627770e+06   2.9052734e+01
   2.9641370e+06   2.8564453e+01
   2.9809070e+06   2.9846191e+01
   2.9858220e+06   3.3020020e+01
   2.9899900e+06   3.0822754e+01
   2.9969290e+06   2.8991699e+01
   3.0010260e+06   2.9357910e+01
   3.0059890e+06   3.1738281e+01
   3.0070430e+06   2.8747559e+01
   3.0090990e+06   2.8137207e+01
   3.0099750e+06   3.0700684e+01
   3.0147220e+06   2.9663086e+01
   3.0212230e+06   2.9052734e+01
   3.0217770e+06   2.9785156e+01
   3.0298230e+06   2.9235840e+01
   3.0312250e+06   2.8747559e+01
   3.0319130e+06   2.8991699e+01
   3.0459800e+06   2.8503418e+01
   3.0475940e+06   3.0151367e+01
   3.0550350e+06   2.8930664e+01
   3.0653640e+06   4.5043945e+01
   3.0670330e+06   3.1433105e+01
   3.0732270e+06   3.0212402e+01
   3.0737820e+06   2.9785156e+01
   3.0765080e+06   2.8015137e+01
   3.0772260e+06   2.9724121e+01
   3.0819490e+06   3.1677246e+01
   3.0881790e+06   2.9541016e+01
   3.0931210e+06   2.8503418e+01
   3.0964770e+06   3.0090332e+01
   3.1018920e+06   2.8442383e+01
   3.1048760e+06   3.2409668e+01
   3.1100150e+06   3.0395508e+01
   3.1203270e+06   2.9663086e+01
   3.1228380e+06   3.2470703e+01
   3.1248930e+06   2.9907227e+01
   3.1290900e+06   2.9785156e+01
   3.1406380e+06   2.9724121e+01
   3.1541840e+06   2.9602051e+01
   3.1562660e+06   2.8930664e+01
   3.1606640e+06   2.8137207e+01
   3.1683760e+06   2.9479980e+01
   3.1730230e+06   2.8991699e+01
   3.1737080e+06   2.9479980e+01
   3.1769130e+06   2.9602051e+01
   3.1891820e+06   3.1188965e+01
   3.1934610e+06   2.8015137e+01
   3.2153180e+06   3.4484863e+01
   3.2165180e+06   3.0090332e+01
   3.2170210e+06   3.0456543e+01
   3.2225830e+06   2.9602051e+01
   3.2240380e+06   2.9479980e+01
   3.2283850e+06   2.8015137e+01
   3.2297770e+06   3.3752441e+01
   3.2364230e+06   2.8320313e+01
   3.2475980e+06   2.9052734e+01
   3.2622800e+06   2.8808594e+01
   3.2704170e+06   2.8442383e+01
   3.3141020e+06   2.8747559e+01
   3.3161420e+06   2.8198242e+01
   3.3282990e+06   3.1982422e+01
   3.3289860e+06   3.0517578e+01
   3.3323930e+06   3.0395508e+01
   3.3351360e+06   3.1433105e+01
   3.3363620e+06   2.9052734e+01
   3.3438020e+06   2.8808594e+01
   3.3446950e+06   4.0466309e+01
   3.3460810e+06   2.8747559e+01
   3.3489220e+06   2.9235840e+01
   3.3496150e+06   3.3935547e+01
   3.3547160e+06   2.9724121e+01
   3.3571770e+06   2.8686523e+01
   3.3579530e+06   2.9174805e+01
   3.3631520e+06   2.8503418e+01
   3.3720920e+06   3.0273438e+01
   3.3803050e+06   2.8808594e+01
   3.3940120e+06   2.9663086e+01
   3.4011020e+06   2.9541016e+01
   3.4100840e+06   2.9907227e+01
   3.4128350e+06   2.9235840e+01
   3.4136450e+06   3.0029297e+01
   3.4136750e+06   3.0517578e+01
   3.4236700e+06   3.5217285e+01
   3.4244720e+06   3.0517578e+01
   3.4735770e+06   2.9602051e+01
   3.4830650e+06   3.0944824e+01
   3.4892260e+06   3.1066895e+01
   3.4894030e+06   3.1921387e+01
   3.5014440e+06   2.8076172e+01
   3.5064280e+06   3.2958984e+01
   3.5190900e+06   2.9479980e+01
   3.5199510e+06   2.8686523e+01
   3.5203010e+06   2.8259277e+01
   3.5321150e+06   2.8625488e+01
   3.5364760e+06   2.8076172e+01
   3.5406100e+06   3.1066895e+01
   3.5468060e+06   2.9724121e+01
   3.5508120e+06   2.8930664e+01
   3.5613020e+06   3.2043457e+01
   3.5681930e+06   2.8625488e+01
   3.5807060e+06   3.0639648e+01
   3.5964170e+06   3.0883789e+01
   3.5993690e+06   2.8686523e+01
   3.6458590e+06   2.8991699e+01
   3.6515410e+06   2.8259277e+01
   3.6516400e+06   2.8991699e+01
   3.6649590e+06   2.8564453e+01
   3.6696760e+06   2.8259277e+01
   3.6698910e+06   2.8869629e+01
   3.6779210e+06   2.8869629e+01
   3.6782980e+06   3.4606934e+01
   3.6868030e+06   2.8381348e+01
   3.6930990e+06   2.8564453e+01
   3.6973270e+06   3.3630371e+01
   3.7122250e+06   3.2897949e+01
   3.7352570e+06   2.9968262e+01
   3.7419570e+06   2.9418945e+01
   3.7516030e+06   3.0029297e+01
   3.7567990e+06   3.2897949e+01
   3.7570420e+06   2.8869629e+01
   3.7706630e+06   2.9174805e+01
   3.7912810e+06   3.1127930e+01
   3.8042280e+06   3.9306641e+01
   3.8147060e+06   2.9907227e+01
   3.8229560e+06   3.2836914e+01
   3.8259830e+06   3.0944824e+01
   3.8260130e+06   2.8747559e+01
   3.8311470e+06   2.8564453e+01
   3.8414370e+06   2.9541016e+01
   3.8576600e+06   2.8564453e+01
   3.8591810e+06   3.0822754e+01
   3.8617920e+06   2.8625488e+01
   3.8644830e+06   2.9052734e+01
   3.8650570e+06   3.0517578e+01
   3.8656160e+06   2.8137207e+01
   3.8660900e+06   2.8991699e+01
   3.8722520e+06   2.8442383e+01
   3.8804090e+06   3.0883789e+01
   3.8865320e+06   2.9724121e+01
   3.8874530e+06   3.0578613e+01
   3.9893370e+06   3.2714844e+01
   4.0138660e+06   2.8381348e+01
   4.0166820e+06   2.8259277e+01
   4.0203960e+06   3.2836914e+01
   4.0229360e+06   3.0517578e+01
   4.0235460e+06   3.0517578e+01
   4.0249910e+06   3.6865234e+01
   4.0285860e+06   3.3081055e+01
   4.0337030e+06   3.4179688e+01
   4.0362690e+06   2.8869629e+01
   4.0382840e+06   2.8259277e+01
   4.0397810e+06   2.8259277e+01
   4.0527320e+06   3.0090332e+01
   4.0532140e+06   3.0395508e+01
   4.0639580e+06   3.0639648e+01
   4.0664640e+06   2.8869629e+01
   4.0687980e+06   3.0944824e+01
   4.0828580e+06   2.9235840e+01
   4.0909230e+06   2.8320312e+01
   4.1002320e+06   3.0090332e+01
   4.1020900e+06   2.9602051e+01
   4.1036740e+06   2.9052734e+01
   4.1158540e+06   2.8869629e+01
   4.1160860e+06   3.3752441e+01
   4.1245370e+06   2.9418945e+01
   4.1302200e+06   3.0395508e+01
   4.1349230e+06   2.8625488e+01
   4.1444150e+06   2.9235840e+01
   4.1456370e+06   2.8076172e+01
   4.1556130e+06   2.8320313e+01
   4.1592800e+06   2.9785156e+01
   4.1721010e+06   3.1005859e+01
   4.1862900e+06   3.0029297e+01
   4.1882200e+06   2.9296875e+01
   4.1918250e+06   2.8686523e+01
   4.1944060e+06   2.9907227e+01
   4.1991260e+06   3.0456543e+01
   4.2075240e+06   3.5156250e+01
   4.2099690e+06   3.1921387e+01
   4.2114600e+06   2.9724121e+01
   4.2146580e+06   3.1982422e+01
   4.2211910e+06   2.9724121e+01
   4.2225920e+06   2.8320312e+01
   4.2242310e+06   2.8930664e+01
   4.2301410e+06   2.8320312e+01
   4.2312450e+06   3.1799316e+01
   4.2345800e+06   3.0822754e+01
   4.2360800e+06   3.4240723e+01
   4.2402000e+06   2.8808594e+01
   4.2551320e+06   2.8808594e+01
   4.2629910e+06   3.4606934e+01
   4.2776520e+06   3.4790039e+01
   4.2879940e+06   3.1921387e+01
   4.2961510e+06   3.2165527e+01
   4.3038910e+06   3.0944824e+01
   4.3118960e+06   2.9174805e+01
   4.3147130e+06   2.8991699e+01
   4.3248690e+06   3.1433105e+01
   4.3267720e+06   2.8686523e+01
   4.3533890e+06   2.9785156e+01
   4.3585590e+06   3.0700684e+01
   4.3634740e+06   2.8503418e+01
   4.3749070e+06   3.1677246e+01
   4.3880510e+06   2.8747559e+01
   4.3890740e+06   2.8991699e+01
   4.3944690e+06   2.9418945e+01
   4.3968040e+06   3.2104492e+01
   4.3988680e+06   3.1494141e+01
   4.4021180e+06   2.9052734e+01
   4.4046330e+06   2.8564453e+01
   4.4221120e+06   3.1616211e+01
   4.4264110e+06   3.3508301e+01
   4.4301600e+06   3.0212402e+01
   4.4405770e+06   2.9479980e+01
   4.4441930e+06   2.8808594e+01
   4.4531720e+06   2.8869629e+01
   4.4545240e+06   3.0029297e+01
   4.4595550e+06   3.1311035e+01
   4.4633790e+06   2.9052734e+01
   4.4682180e+06   3.0578613e+01
   4.4858280e+06   3.0090332e+01
   4.4869740e+06   2.8259277e+01
   4.4959590e+06   3.0639648e+01
   4.5020070e+06   2.9785156e+01
   4.5075190e+06   2.8564453e+01
   4.5234050e+06   2.9479980e+01
   4.5322210e+06   3.1860352e+01
   4.5324010e+06   2.9907227e+01
   4.5400030e+06   2.9357910e+01
   4.5604340e+06   2.8320312e+01
   4.5734180e+06   3.0273438e+01
   4.5739230e+06   2.8076172e+01
   4.5814550e+06   2.8015137e+01
   4.5817200e+06   3.0212402e+01
   4.5852740e+06   2.8442383e+01
   4.6029680e+06   2.9968262e+01
   4.6138880e+06   2.8625488e+01
   4.6160130e+06   2.8442383e+01
   4.6176090e+06   2.9418945e+01
   4.6212090e+06   2.8442383e+01
   4.6485460e+06   2.9113770e+01
   4.6504990e+06   3.3935547e+01
   4.6571000e+06   2.9052734e+01
   4.6637870e+06   2.9052734e+01
   4.6661040e+06   2.8137207e+01
   4.6762070e+06   2.9418945e+01
   4.6789850e+06   2.8259277e+01
   4.6876350e+06   3.0273438e+01
   4.6908630e+06   2.8991699e+01
   4.7045130e+06   2.8015137e+01
   4.7056480e+06   2.9357910e+01
   4.7061450e+06   2.8869629e+01
   4.7189770e+06   3.3386230e+01
   4.7249230e+06   2.9663086e+01
   4.7343940e+06   3.1921387e+01
   4.7433390e+06   2.8137207e+01
   4.7564970e+06   3.0883789e+01
   4.7660720e+06   2.8442383e+01
   4.7759710e+06   3.7109375e+01
   4.7907020e+06   3.2775879e+01
   4.8040290e+06   2.8625488e+01
   4.8223900e+06   2.9418945e+01
   4.8227200e+06   2.8686523e+01
   4.8277920e+06   2.9113770e+01
   4.8367940e+06   2.9907227e+01
   4.8419350e+06   2.9724121e+01
   4.8549710e+06   2.8869629e+01
   4.8627220e+06   2.8076172e+01
   4.8655740e+06   2.8320312e+01
   4.8756100e+06   3.3752441e+01
   4.8760500e+06   2.8015137e+01
   4.8810280e+06   3.4606934e+01
   4.8850460e+06   2.8686523e+01
   4.8873240e+06   2.9846191e+01
   4.8920230e+06   2.9235840e+01
   4.9148570e+06   2.9235840e+01
   4.9167060e+06   2.9846191e+01
   4.9173440e+06   2.9174805e+01
   4.9247980e+06   3.1677246e+01
   4.9350100e+06   2.9479980e+01
   4.9357380e+06   2.8076172e+01
   4.9390920e+06   3.1311035e+01
   4.9422390e+06   3.1188965e+01
   4.9424630e+06   3.0029297e+01
   4.9529870e+06   3.4179688e+01
   4.9559390e+06   2.9052734e+01
   4.9559500e+06   3.1982422e+01
   4.9663710e+06   2.9663086e+01
   4.9752430e+06   2.8259277e+01
   4.9816880e+06   3.7658691e+01
   4.9840390e+06   3.0456543e+01
   4.9916260e+06   2.9907227e+01
   4.9939470e+06   2.8625488e+01
   4.9955520e+06   2.8869629e+01
   5.0083580e+06   2.8381348e+01
   5.0136280e+06   2.8381348e+01
   5.0197500e+06   3.1005859e+01
   5.0231720e+06   2.9113770e+01
   5.0268000e+06   3.2226562e+01
   5.0341980e+06   2.8686523e+01
   5.0344660e+06   2.8381348e+01
   5.0440370e+06   2.9663086e+01
   5.0464930e+06   3.1250000e+01
   5.0616990e+06   2.9113770e+01
   5.0724420e+06   2.9663086e+01
   5.0727650e+06   2.9052734e+01
   5.0758460e+06   2.8808594e+01
   5.0776770e+06   2.8381348e+01
   5.0874850e+06   2.8808594e+01
   5.0911670e+06   2.9479980e+01
   5.1508600e+06   2.8503418e+01
   5.1557600e+06   2.8015137e+01
   5.1560120e+06   2.9235840e+01
   5.1594180e+06   2.9602051e+01
   5.1606790e+06   2.8381348e+01
   5.1665900e+06   2.8320312e+01
   5.1675940e+06   2.8137207e+01
   5.1677110e+06   2.8076172e+01
   5.1787110e+06   3.1433105e+01
   5.1864060e+06   2.8869629e+01
   5.1947380e+06   2.9968262e+01
   5.2003230e+06   2.8015137e+01
   5.2011150e+06   2.9296875e+01
   5.2014430e+06   2.8015137e+01
   5.2071900e+06   2.9418945e+01
   5.2143260e+06   3.1799316e+01
   5.2190040e+06   2.8137207e+01
   5.2216980e+06   2.9907227e+01
   5.2340160e+06   2.8442383e+01
   5.2351470e+06   3.6376953e+01
   5.2413680e+06   2.8930664e+01
   5.2551550e+06   2.8259277e+01
   5.2743750e+06   3.0883789e+01
   5.2787490e+06   2.8015137e+01
   5.2812780e+06   3.2043457e+01
   5.2816900e+06   2.9541016e+01
   5.2836290e+06   2.8991699e+01
   5.2863330e+06   3.0395508e+01
   5.2886680e+06   2.8015137e+01
   5.3061610e+06   2.9235840e+01
   5.3085410e+06   2.8930664e+01
   5.3139960e+06   2.8137207e+01
   5.3167870e+06   2.9907227e+01
   5.3169970e+06   3.0273438e+01
   5.3180290e+06   2.8564453e+01
   5.3202970e+06   2.8869629e+01
   5.3309660e+06   2.8137207e+01
   5.3410250e+06   3.1127930e+01
   5.3538820e+06   3.2470703e+01
   5.3542690e+06   3.5095215e+01
   5.3579970e+06   2.8808594e+01
   5.3586470e+06   2.8503418e+01
   5.3618440e+06   3.0761719e+01
   5.3657640e+06   2.9418945e+01
   5.3712410e+06   3.0517578e+01
   5.3781400e+06   3.1005859e+01
   5.3815160e+06   2.8747559e+01
   5.3841490e+06   3.1372070e+01
   5.3845380e+06   2.8137207e+01
   5.3918600e+06   3.2287598e+01
   5.3996290e+06   3.3081055e+01
   5.4110690e+06   2.8442383e+01
   5.4119200e+06   3.1799316e+01
   5.4123810e+06   3.0761719e+01
   5.4138700e+06   2.8808594e+01
   5.4205630e+06   3.0517578e+01
   5.4251900e+06   3.4667969e+01
   5.4322260e+06   2.9052734e+01
   5.4420330e+06   2.9663086e+01
   5.4604750e+06   2.8076172e+01
   5.4715390e+06   2.9846191e+01
   5.4731080e+06   2.9235840e+01
   5.5371300e+06   3.1066895e+01
   5.5566000e+06   2.9602051e+01
   5.5633780e+06   2.8564453e+01
   5.5687550e+06   2.8320312e+01
   5.5949620e+06   2.8991699e+01
   5.5950930e+06   2.9541016e+01
   5.5952180e+06   2.8625488e+01
   5.6119160e+06   2.9602051e+01
   5.6140960e+06   3.0578613e+01
   5.6173910e+06   3.0029297e+01
   5.6335680e+06   3.3874512e+01
   5.6341490e+06   2.9174805e+01
   5.6425300e+06   3.4851074e+01
   5.6548540e+06   2.9907227e+01
   5.6736240e+06   2.8747559e+01
   5.6744800e+06   2.8137207e+01
   5.6836060e+06   2.8076172e+01
   5.6836900e+06   2.8625488e+01
   5.6913650e+06   2.9602051e+01
   5.6969860e+06   2.9357910e+01
   5.7060910e+06   2.9418945e+01
   5.7382630e+06   2.8381348e+01
   5.7502370e+06   3.1311035e+01
   5.7548900e+06   2.8869629e+01
   5.7550790e+06   2.9602051e+01
   5.7663540e+06   2.8320313e+01
   5.7796160e+06   3.0090332e+01
   5.7835720e+06   2.9052734e+01
   5.8011180e+06   2.8198242e+01
   5.8111120e+06   2.9052734e+01
   5.8149800e+06   3.2836914e+01
   5.8184630e+06   3.3264160e+01
   5.8190090e+06   2.8808594e+01
   5.8314010e+06   3.0883789e+01
   5.8337390e+06   2.8381348e+01
   5.8463360e+06   3.2226562e+01
   5.8557460e+06   2.8076172e+01
   5.8561980e+06   3.0517578e+01
   5.8644090e+06   3.0578613e+01
   5.8681880e+06   3.0883789e+01
   5.8773070e+06   2.8625488e+01
   5.8835960e+06   2.8503418e+01
   5.8911790e+06   3.4423828e+01
   5.8912760e+06   2.9113770e+01
   5.8915200e+06   2.9724121e+01
   5.9233620e+06   2.9113770e+01
   5.9286600e+06   2.8015137e+01
   5.9391800e+06   2.8259277e+01
   5.9509640e+06   2.8869629e+01
   5.9545020e+06   3.0273438e+01
   5.9600070e+06   2.8381348e+01
   5.9661080e+06   3.2348633e+01
   5.9704570e+06   3.4118652e+01
   5.9783400e+06   3.0151367e+01
   5.9848750e+06   3.0029297e+01
   5.9899090e+06   3.0700684e+01
   5.9909930e+06   2.8015137e+01
   5.9912440e+06   2.8381348e+01
   5.9948970e+06   2.8503418e+01
   6.0090750e+06   3.1677246e+01
   6.0248270e+06   2.9663086e+01
   6.0306760e+06   2.9113770e+01
   6.0419880e+06   3.6071777e+01
   6.0511140e+06   2.9479980e+01
   6.0681050e+06   3.1311035e+01
   6.0729410e+06   2.9296875e+01
   6.0913470e+06   2.9174805e+01
   6.1031140e+06   2.9724121e+01
   6.1046180e+06   3.2226562e+01
   6.1059280e+06   3.1555176e+01
   6.1108390e+06   3.1982422e+01
   6.1131620e+06   2.8747559e+01
   6.1203270e+06   3.1127930e+01
   6.1251560e+06   2.9052734e+01
   6.1373230e+06   3.0944824e+01
   6.1580850e+06   2.8747559e+01
   6.1638570e+06   3.2775879e+01
   6.1733880e+06   3.3264160e+01
   6.1894090e+06   3.0334473e+01
   6.2167570e+06   3.1005859e+01
   6.2352120e+06   3.1494141e+01
   6.2391980e+06   2.8930664e+01
   6.2431350e+06   2.9846191e+01
   6.2452810e+06   3.1555176e+01
   6.2519840e+06   3.0029297e+01
   6.2522490e+06   3.0578613e+01
   6.2585430e+06   3.1494141e+01
   6.2642900e+06   2.9296875e+01
   6.2661840e+06   2.9357910e+01
   6.2688260e+06   3.0151367e+01
   6.2722290e+06   2.9052734e+01
   6.2729720e+06   2.9846191e+01
   6.2782690e+06   3.3081055e+01
   6.2841800e+06   2.9113770e+01
   6.2856950e+06   2.9357910e+01
   6.2930330e+06   3.0029297e+01
   6.2939740e+06   3.1860352e+01
   6.3009890e+06   2.9663086e+01
   6.3014760e+06   2.9479980e+01
   6.3023700e+06   2.8991699e+01
   6.3029960e+06   2.8869629e+01
   6.3035800e+06   2.9785156e+01
   6.3218570e+06   3.2531738e+01
   6.3277890e+06   3.2653809e+01
   6.3299250e+06   2.9541016e+01
   6.3515280e+06   2.9907227e+01
   6.3581350e+06   3.1250000e+01
   6.3591470e+06   2.9296875e+01
   6.3650790e+06   2.8808594e+01
   6.3672090e+06   3.0090332e+01
   6.4079220e+06   2.9113770e+01
   6.4139200e+06   2.9602051e+01
   6.4148540e+06   3.3020020e+01
   6.4151660e+06   2.8930664e+01
   6.4183250e+06   2.9296875e+01
   6.4230140e+06   2.8747559e+01
   6.4274320e+06   2.9907227e+01
   6.4484690e+06   3.0029297e+01
   6.4510660e+06   3.0151367e+01
   6.4643170e+06   3.4790039e+01
   6.4816800e+06   2.9418945e+01
   6.4820950e+06   2.9663086e+01
   6.4848070e+06   3.0151367e+01
   6.5122480e+06   3.1433105e+01
   6.5153390e+06   2.8930664e+01
   6.5155140e+06   3.0761719e+01
   6.5303290e+06   2.9418945e+01
   6.5385080e+06   3.0029297e+01
   6.5389710e+06   3.2409668e+01
   6.5544610e+06   2.8869629e+01
   6.5613170e+06   2.9357910e+01
   6.5793960e+06   2.8869629e+01
   6.5794980e+06   2.9052734e+01
   6.5867710e+06   2.9846191e+01
   6.5937930e+06   2.9479980e+01
   6.6001160e+06   3.3630371e+01
   6.6111670e+06   3.1188965e+01
   6.6139240e+06   3.0273438e+01
   6.6286270e+06   2.9479980e+01
   6.6392660e+06   3.3569336e+01
   6.6489790e+06   3.6865234e+01
   6.6647470e+06   3.1005859e+01
   6.6689320e+06   3.5705566e+01
   6.6746690e+06   3.0578613e+01
   6.6799180e+06   2.9541016e+01
   6.6890090e+06   3.0456543e+01
   6.6912460e+06   3.5766602e+01
   6.6966340e+06   2.9113770e+01
   6.7034730e+06   2.8930664e+01
   6.7056350e+06   2.8808594e+01
   6.7098130e+06   2.9235840e+01
   6.7168040e+06   3.1982422e+01
   6.7197660e+06   2.8808594e+01
   6.7241400e+06   2.9541016e+01
   6.7300170e+06   2.9846191e+01
   6.7397690e+06   3.0090332e+01
   6.7434530e+06   2.9602051e+01
   6.7688620e+06   3.1677246e+01
   6.7768880e+06   3.8635254e+01
   6.7857760e+06   3.5278320e+01
   6.7863140e+06   2.8869629e+01
   6.7939690e+06   2.9724121e+01
   6.8039200e+06   2.9479980e+01
   6.8120210e+06   2.9235840e+01
   6.8183070e+06   3.1311035e+01
   6.8226760e+06   3.2958984e+01
   6.8369280e+06   2.9724121e+01
   6.9555870e+06   3.3142090e+01
   6.9651570e+06   2.9846191e+01
   6.9653970e+06   2.9724121e+01
   6.9670500e+06   3.0639648e+01
   6.9681780e+06   2.9235840e+01
   6.9822260e+06   2.9357910e+01
   6.9871090e+06   2.9174805e+01
   7.0011580e+06   3.0639648e+01
   7.0038220e+06   3.1738281e+01
   7.0568860e+06   3.4118652e+01
   7.0636720e+06   3.1188965e+01
   7.0795790e+06   2.9235840e+01
   7.0868260e+06   2.9602051e+01
   7.0956930e+06   3.0334473e+01
   7.1001010e+06   3.1005859e+01
   7.1031040e+06   3.1982422e+01
   7.1115720e+06   3.2470703e+01
   7.1150130e+06   2.9296875e+01
   7.1243580e+06   2.9357910e+01
   7.1253320e+06   2.9785156e+01
   7.1347100e+06   3.2409668e+01
   7.1460540e+06   3.2348633e+01
   7.1586610e+06   2.9418945e+01
   7.1614150e+06   3.3081055e+01
   7.1738500e+06   3.1677246e+01
   7.1991680e+06   3.3935547e+01
   7.1997540e+06   2.9602051e+01
   7.2069660e+06   2.9235840e+01
   7.2175170e+06   3.1799316e+01
   7.2384810e+06   2.8808594e+01
   7.2447060e+06   3.0761719e+01
   7.2501520e+06   2.8991699e+01
   7.2505430e+06   2.9418945e+01
   7.2524310e+06   2.8747559e+01
   7.2588200e+06   2.9174805e+01
   7.2602400e+06   3.2592773e+01
   7.2673270e+06   3.0578613e+01
   7.2839980e+06   2.8747559e+01
   7.2909110e+06   3.1433105e+01
   7.2948230e+06   3.0029297e+01
   7.2982690e+06   3.2897949e+01
   7.3138830e+06   2.9357910e+01
   7.3220300e+06   3.1494141e+01
   7.3289220e+06   3.0944824e+01
   7.3375130e+06   2.9113770e+01
   7.3425430e+06   3.1005859e+01
   7.3514070e+06   2.9052734e+01
   7.3549400e+06   3.0639648e+01
   7.3564560e+06   3.3508301e+01
   7.3874670e+06   3.1372070e+01
   7.3920830e+06   3.2287598e+01
   7.3991420e+06   2.9296875e+01
   7.4220580e+06   2.9052734e+01
   7.4228910e+06   2.9113770e+01
   7.4589190e+06   3.1250000e+01
   7.4661700e+06   3.0822754e+01
   7.4747220e+06   2.8930664e+01
   7.4875950e+06   2.9968262e+01
   7.4952210e+06   2.9785156e+01
   7.4998740e+06   2.8747559e+01
   7.5487810e+06   3.2836914e+01
   7.5589030e+06   2.9968262e+01
   7.5808550e+06   2.9357910e+01
   7.5945800e+06   3.4179688e+01
   7.6056140e+06   3.2714844e+01
   7.6135030e+06   3.0822754e+01
   7.6138740e+06   2.9602051e+01
   7.6179230e+06   2.8930664e+01
   7.6405700e+06   2.9602051e+01
   7.6411650e+06   3.3508301e+01
   7.6809110e+06   3.1921387e+01
   7.7063290e+06   2.9724121e+01
   7.7115280e+06   3.1188965e+01
   7.7291350e+06   2.9968262e+01
   7.7620920e+06   3.0212402e+01
   7.7910460e+06   3.1433105e+01
   7.8095690e+06   2.9663086e+01
   7.8278220e+06   3.1860352e+01
   7.8285020e+06   2.9479980e+01
   7.8313000e+06   3.1066895e+01
   7.8364000e+06   2.8747559e+01
   7.8427040e+06   3.0029297e+01
   7.8527580e+06   2.9174805e+01
   7.8651610e+06   3.0273438e+01
   7.8670230e+06   3.2104492e+01
   7.8674690e+06   3.0212402e+01
   7.8835870e+06   2.9479980e+01
   7.8845260e+06   3.1005859e+01
   7.8848160e+06   2.9357910e+01
   7.8954160e+06   2.9418945e+01
   7.8969690e+06   3.1555176e+01
   7.9019170e+06   2.9785156e+01
   7.9120640e+06   3.2592773e+01
   7.9229380e+06   2.8869629e+01
   7.9278240e+06   3.4851074e+01
   7.9331190e+06   2.9602051e+01
   7.9349780e+06   2.9296875e+01
   7.9387340e+06   2.9418945e+01
   7.9453340e+06   2.9968262e+01
   7.9696520e+06   3.3386230e+01
   8.0059950e+06   2.9113770e+01
   8.0096130e+06   3.2409668e+01
   8.0098890e+06   2.9968262e+01
   8.0133180e+06   3.1799316e+01
   8.0159890e+06   3.1555176e+01
   8.0277140e+06   3.1494141e+01
   8.0311070e+06   3.3630371e+01
   8.0318480e+06   3.1799316e+01
   8.0377200e+06   2.8869629e+01
   8.0404290e+06   2.8930664e+01
   8.0426860e+06   2.9968262e+01
   8.0468160e+06   3.4423828e+01
   8.0544120e+06   2.9785156e+01
   8.0623050e+06   3.0334473e+01
   8.0721140e+06   3.3203125e+01
   8.0725270e+06   3.1616211e+01
   8.0809350e+06   2.9602051e+01
   8.0827860e+06   2.9174805e+01
   8.0884710e+06   2.9785156e+01
   8.0934750e+06   2.9418945e+01
   8.0942840e+06   2.8930664e+01
   8.1563070e+06   2.9907227e+01
   8.1571470e+06   3.2287598e+01
   8.1840590e+06   3.2287598e+01
   8.1923710e+06   3.1433105e+01
   8.2002650e+06   2.9052734e+01
   8.2011180e+06   2.9113770e+01
   8.2087390e+06   2.9602051e+01
   8.2130790e+06   2.9479980e+01
   8.2177080e+06   3.1188965e+01
   8.2307740e+06   3.0090332e+01
   8.2316730e+06   3.1250000e+01
   8.2318290e+06   2.9113770e+01
   8.2399310e+06   3.1127930e+01
   8.2456530e+06   2.8930664e+01
   8.2485980e+06   3.6315918e+01
   8.2499550e+06   3.0639648e+01
   8.2659900e+06   2.8991699e+01
   8.2684660e+06   3.1188965e+01
   8.2716400e+06   3.0761719e+01
   8.2809910e+06   3.0578613e+01
   8.2894990e+06   3.0700684e+01
   8.2913930e+06   2.9541016e+01
   8.2950860e+06   2.9113770e+01
   8.2957950e+06   3.0456543e+01
   8.2979740e+06   2.9663086e+01
   8.3068510e+06   2.8747559e+01
   8.3101950e+06   2.9479980e+01
   8.3149460e+06   3.1677246e+01
   8.3159900e+06   2.9541016e+01
   8.3292330e+06   2.8991699e+01
   8.3403640e+06   2.9602051e+01
   8.3474200e+06   2.8808594e+01
   8.3542930e+06   3.1372070e+01
   8.3572900e+06   3.0212402e+01
   8.3640470e+06   2.9846191e+01
   8.3661380e+06   2.9663086e+01
   8.3758810e+06   2.9418945e+01
   8.3805960e+06   2.8991699e+01
   8.3815610e+06   3.0212402e+01
   8.3849790e+06   3.1372070e+01
   8.3896750e+06   2.8747559e+01
   8.3922270e+06   3.0395508e+01
   8.3987960e+06   2.9968262e+01
   8.4013780e+06   2.9296875e+01
   8.4086070e+06   2.9907227e+01
   8.4177670e+06   3.3813477e+01
   8.4185770e+06   3.0151367e+01
   8.4260750e+06   3.0090332e+01
   8.4320220e+06   3.1005859e+01
   8.4341800e+06   3.1921387e+01
   8.4384420e+06   3.0334473e+01
   8.4400870e+06   2.8808594e+01
   8.4420250e+06   2.8930664e+01
   8.4525520e+06   2.9052734e+01
   8.4586190e+06   2.9724121e+01
   8.4686750e+06   2.9174805e+01
   8.4801620e+06   3.1555176e+01
   8.4827600e+06   2.9052734e+01
   8.4866770e+06   3.0151367e+01
   8.4946780e+06   3.0944824e+01
   8.4990540e+06   2.8747559e+01
   8.5179310e+06   3.1738281e+01
   8.5219550e+06   2.8747559e+01
   8.5394880e+06   2.9052734e+01
   8.5518500e+06   2.8869629e+01
   8.5588770e+06   3.1188965e+01
   8.5609600e+06   3.2470703e+01
   8.5701020e+06   2.9418945e+01
   8.5793540e+06   3.0456543e+01
   8.6090690e+06   2.8991699e+01
   8.6113250e+06   3.0639648e+01
   8.6177260e+06   2.8747559e+01
   8.6224760e+06   2.8991699e+01
   8.6532370e+06   3.1738281e+01
   8.6743360e+06   3.6193848e+01
   8.6787340e+06   3.3081055e+01
   8.6843690e+06   3.0944824e+01
   8.6983990e+06   3.1860352e+01
   8.7015610e+06   3.3752441e+01
   8.7038600e+06   3.0151367e+01
   8.7087830e+06   3.0273438e+01
   8.7132080e+06   2.9296875e+01
   8.7143460e+06   2.9541016e+01
   8.7154420e+06   2.9846191e+01
   8.7506510e+06   3.3020020e+01
   8.7512200e+06   3.1188965e+01
   8.7623780e+06   3.3020020e+01
   8.7629230e+06   2.9541016e+01
   8.7646460e+06   3.4423828e+01
   8.7669730e+06   2.9174805e+01
   8.7679490e+06   3.0090332e+01
   8.7872190e+06   3.4667969e+01
   8.7884160e+06   2.9724121e+01
   8.8095460e+06   3.0273438e+01
   8.8120030e+06   2.9785156e+01
   8.8121870e+06   2.9174805e+01
   8.8219600e+06   3.0212402e+01
   8.8362790e+06   3.0090332e+01
   8.8499850e+06   3.0273438e+01
   8.8751940e+06   3.0212402e+01
   8.8771980e+06   3.2226562e+01
   8.8813980e+06   3.1921387e+01
   8.8867440e+06   3.0273438e+01
   8.8878600e+06   2.9846191e+01
   8.8883650e+06   3.0456543e+01
   8.8915300e+06   3.0090332e+01
   8.9012430e+06   2.9174805e+01
   8.9079620e+06   3.8146973e+01
   8.9081880e+06   3.0334473e+01
   8.9092460e+06   2.9785156e+01
   8.9114420e+06   3.2836914e+01
   8.9120270e+06   3.3203125e+01
   8.9136230e+06   2.9846191e+01
   8.9142680e+06   3.3020020e+01
   8.9263380e+06   3.0456543e+01
   8.9305750e+06   3.0517578e+01
   8.9329100e+06   2.9418945e+01
   8.9479500e+06   3.2470703e+01
   8.9530450e+06   2.8747559e+01
   8.9551630e+06   2.9968262e+01
   8.9631150e+06   3.0517578e+01
   8.9819130e+06   2.9296875e+01
   8.9971510e+06   2.9907227e+01
   9.0101840e+06   2.8442383e+01
   9.0105300e+06   3.0761719e+01
   9.0161630e+06   2.9296875e+01
   9.0186710e+06   3.2348633e+01
   9.0208090e+06   2.8625488e+01
   9.0222520e+06   3.0883789e+01
   9.0233700e+06   3.1799316e+01
   9.0292610e+06   2.8381348e+01
   9.0457300e+06   3.1494141e+01
   9.0497720e+06   3.0700684e+01
   9.0566680e+06   3.2836914e+01
   9.0679510e+06   3.5278320e+01
   9.0718070e+06   2.8869629e+01
   9.0749560e+06   2.9296875e+01
   9.1232630e+06   2.9479980e+01
   9.1233930e+06   3.0456543e+01
   9.1355280e+06   2.9785156e+01
   9.1386380e+06   3.0700684e+01
   9.1414920e+06   3.4912109e+01
   9.1468580e+06   3.1005859e+01
   9.1529970e+06   3.1494141e+01
   9.1562260e+06   2.8564453e+01
   9.1619130e+06   2.9907227e+01
   9.1706650e+06   3.0517578e+01
   9.1902880e+06   3.0334473e+01
   9.2059860e+06   2.9418945e+01
   9.2095700e+06   3.2714844e+01
   9.2226680e+06   2.9296875e+01
   9.2306550e+06   3.7353516e+01
   9.2374960e+06   3.0761719e+01
   9.2453520e+06   2.9174805e+01
   9.2545140e+06   2.8320312e+01
   9.2650550e+06   2.9296875e+01
   9.2669500e+06   3.2653809e+01
   9.2805370e+06   3.1372070e+01
   9.2849830e+06   2.8503418e+01
   9.2971220e+06   3.1982422e+01
   9.3000150e+06   2.9602051e+01
   9.3153220e+06   3.2897949e+01
   9.3186580e+06   2.9174805e+01
   9.3194660e+06   3.3203125e+01
   9.3211810e+06   3.0395508e+01
   9.3342820e+06   3.0944824e+01
   9.3419860e+06   3.2104492e+01
   9.3450050e+06   3.3508301e+01
   9.3585360e+06   2.8869629e+01
   9.3670080e+06   2.8503418e+01
   9.3681270e+06   3.1494141e+01
   9.3760340e+06   2.9907227e+01
   9.3823870e+06   2.9479980e+01
   9.3909650e+06   3.0334473e+01
   9.3910240e+06   2.8930664e+01
   9.4039500e+06   3.1005859e+01
   9.4046290e+06   3.2897949e+01
   9.4211900e+06   2.8442383e+01
   9.4270270e+06   2.9479980e+01
   9.4310250e+06   2.9174805e+01
   9.4391330e+06   3.0822754e+01
   9.4589230e+06   2.8808594e+01
   9.4619040e+06   3.0273438e+01
   9.4677900e+06   2.8381348e+01
   9.4791170e+06   2.8930664e+01
   9.4901000e+06   2.8442383e+01
   9.4943230e+06   3.2287598e+01
   9.4960140e+06   3.0273438e+01
   9.5026500e+06   3.0090332e+01
   9.5029940e+06   3.2714844e+01
   9.5033280e+06   3.0456543e+01
   9.5540860e+06   3.0151367e+01
   9.5589500e+06   2.8503418e+01
   9.5685900e+06   2.8381348e+01
   9.5913320e+06   2.8686523e+01
   9.6013700e+06   2.8503418e+01
   9.6051370e+06   2.8869629e+01
   9.6060660e+06   2.8442383e+01
   9.6095970e+06   3.1066895e+01
   9.6101210e+06   2.9541016e+01
   9.6134570e+06   2.8320312e+01
   9.6365290e+06   2.9174805e+01
   9.6376040e+06   4.0100098e+01
   9.6377320e+06   3.0395508e+01
   9.6434830e+06   2.8442383e+01
   9.6486640e+06   2.9541016e+01
   9.6520110e+06   2.8930664e+01
   9.6578720e+06   2.9113770e+01
   9.6623140e+06   2.8442383e+01
   9.6646450e+06   3.0517578e+01
   9.6647890e+06   2.9113770e+01
   9.6664190e+06   3.1311035e+01
   9.6680260e+06   2.8503418e+01
   9.6778610e+06   2.9479980e+01
   9.6791920e+06   2.9663086e+01
   9.6965800e+06   2.8991699e+01
   9.7049480e+06   3.2897949e+01
   9.7084670e+06   3.1738281e+01
   9.7189490e+06   2.8625488e+01
   9.7195280e+06   2.8686523e+01
   9.7199830e+06   3.0578613e+01
   9.7238990e+06   2.9174805e+01
   9.7567860e+06   2.8686523e+01
   9.7801220e+06   2.9296875e+01
   9.7803930e+06   2.9602051e+01
   9.7809520e+06   2.9296875e+01
   9.7811800e+06   2.9296875e+01
   9.7817110e+06   2.9052734e+01
   9.7883190e+06   2.9296875e+01
   9.7991180e+06   2.9113770e+01
   9.8039000e+06   2.8991699e+01
   9.8104940e+06   2.8991699e+01
   9.8518870e+06   2.9663086e+01
   9.8540260e+06   3.0090332e+01
   9.8673660e+06   2.9174805e+01
   9.8701280e+06   2.9052734e+01
   9.8717320e+06   3.0700684e+01
   9.8720190e+06   2.8442383e+01
   9.8917120e+06   3.1372070e+01
   9.8936000e+06   2.9846191e+01
   9.8940770e+06   3.2775879e+01
   9.9105070e+06   2.9785156e+01
   9.9109650e+06   2.8686523e+01
   9.9149600e+06   2.8442383e+01
   9.9208830e+06   3.0395508e+01
   9.9423660e+06   3.0883789e+01
   9.9571070e+06   2.9602051e+01
   9.9801940e+06   2.8320312e+01
   9.9835070e+06   3.0456543e+01
   9.9856690e+06   2.9296875e+01
   9.9886490e+06   3.2470703e+01
   9.9975800e+06   2.8381348e+01
   9.9988470e+06   3.1616211e+01
   1.0004027e+07   3.1433105e+01
   1.0013519e+07   3.0761719e+01
   1.0017185e+07   3.2348633e+01
   1.0023767e+07   2.8930664e+01
   1.0035681e+07   3.0212402e+01
   1.0053626e+07   2.9174805e+01
   1.0055188e+07   2.9907227e+01
   1.0083084e+07   2.8686523e+01
   1.0092145e+07   2.8686523e+01
   1.0113845e+07   3.3691406e+01
   1.0127506e+07   3.2592773e+01
   1.0135055e+07   3.5339355e+01
   1.0142295e+07   2.9113770e+01
   1.0149575e+07   3.2531738e+01
   1.0165215e+07   3.2165527e+01
   1.0169578e+07   3.5522461e+01
   1.0194511e+07   3.0517578e+01
   1.0199837e+07   2.9052734e+01
   1.0200761e+07   2.8869629e+01
   1.0203122e+07   2.9113770e+01
   1.0203370e+07   2.8747559e+01
   1.0206131e+07   2.9724121e+01
   1.0212107e+07   3.2531738e+01
   1.0218584e+07   2.8381348e+01
   1.0223599e+07   2.8869629e+01
   1.0241729e+07   2.9174805e+01
   1.0245532e+07   2.9235840e+01
   1.0254619e+07   3.1555176e+01
   1.0262101e+07   3.0151367e+01
   1.0268726e+07   3.4484863e+01
   1.0292454e+07   2.8442383e+01
   1.0294451e+07   2.8808594e+01
   1.0298454e+07   3.0151367e+01
   1.0299047e+07   2.8686523e+01
   1.0305845e+07   2.9785156e+01
   1.0306279e+07   3.0517578e+01
   1.0309400e+07   2.8320312e+01
   1.0311410e+07   2.8930664e+01
   1.0315952e+07   3.3508301e+01
   1.0316958e+07   3.0639648e+01
   1.0322473e+07   2.9479980e+01
   1.0325957e+07   2.8625488e+01
   1.0327047e+07   2.9724121e+01
   1.0327462e+07   3.1372070e+01
   1.0336381e+07   2.8747559e+01
   1.0363258e+07   3.4484863e+01
   1.0386304e+07   3.6682129e+01
   1.0386482e+07   3.3569336e+01
   1.0394187e+07   3.3874512e+01
   1.0399298e+07   3.1982422e+01
   1.0415134e+07   3.0334473e+01
   1.0420758e+07   3.2409668e+01
   1.0425927e+07   2.9235840e+01
   1.0438310e+07   2.9113770e+01
   1.0440026e+07   2.9602051e+01
   1.0449175e+07   2.8320312e+01
   1.0453481e+07   3.0029297e+01
   1.0456997e+07   3.3386230e+01
   1.0460464e+07   2.8747559e+01
   1.0467912e+07   3.0395508e+01
   1.0469679e+07   3.2531738e+01
   1.0482134e+07   2.8686523e+01
   1.0488498e+07   2.8320312e+01
   1.0496380e+07   3.2714844e+01
   1.0503133e+07   2.9785156e+01
   1.0508783e+07   3.1921387e+01
   1.0513319e+07   3.0456543e+01
   1.0513944e+07   2.8869629e+01
   1.0520381e+07   3.2226562e+01
   1.0531242e+07   2.8564453e+01
   1.0531489e+07   2.8503418e+01
   1.0545485e+07   3.0517578e+01
   1.0558429e+07   3.2409668e+01
   1.0558767e+07   2.8747559e+01
   1.0561673e+07   2.8442383e+01
   1.0575025e+07   3.4179688e+01
   1.0575307e+07   3.5034180e+01
   1.0582337e+07   2.8869629e+01
   1.0588520e+07   2.9174805e+01
   1.0654888e+07   3.1250000e+01
   1.0668831e+07   3.1188965e+01
   1.0678953e+07   3.2775879e+01
   1.0679213e+07   2.8564453e+01
   1.0684719e+07   3.0761719e+01
   1.0688884e+07   3.1616211e+01
   1.0692117e+07   2.8442383e+01
   1.0693904e+07   3.0700684e+01
   1.0696786e+07   2.9602051e+01
   1.0704403e+07   3.3203125e+01
   1.0706871e+07   2.9113770e+01
   1.0707112e+07   2.8320312e+01
   1.0716740e+07   2.9357910e+01
   1.0719430e+07   3.0456543e+01
   1.0721311e+07   3.2104492e+01
   1.0723575e+07   3.2653809e+01
   1.0732942e+07   3.0761719e+01
   1.0738231e+07   2.9357910e+01
   1.0743289e+07   3.0212402e+01
   1.0773502e+07   3.0273438e+01
   1.0789129e+07   2.8930664e+01
   1.0879236e+07   2.9602051e+01
   1.0903314e+07   3.1433105e+01
   1.0907309e+07   3.0639648e+01
   1.0910721e+07   2.8625488e+01
   1.0911273e+07   3.0639648e+01
   1.0913479e+07   3.0944824e+01
   1.0916567e+07   3.0334473e+01
   1.0923062e+07   2.9479980e+01
   1.0924181e+07   3.0761719e+01
   1.0927067e+07   2.9174805e+01
   1.0931716e+07   3.1982422e+01
   1.0933156e+07   2.8564453e+01
   1.0938921e+07   3.0578613e+01
   1.0945315e+07   3.2531738e+01
   1.0949942e+07   3.1616211e+01
   1.0951170e+07   2.9907227e+01
   1.0952810e+07   2.8625488e+01
   1.0964477e+07   2.9541016e+01
   1.0966655e+07   2.9052734e+01
   1.0969281e+07   3.1677246e+01
   1.0970006e+07   3.5217285e+01
   1.0975639e+07   3.0883789e+01
   1.0976603e+07   3.1066895e+01
   1.0978238e+07   3.1066895e+01
   1.0996256e+07   2.9052734e+01
   1.0997228e+07   2.9785156e+01
   1.0999820e+07   2.8625488e+01
   1.1006645e+07   3.0883789e+01
   1.1020903e+07   2.9968262e+01
   1.1024545e+07   3.0639648e+01
   1.1028293e+07   2.8320312e+01
   1.1031608e+07   2.8503418e+01
   1.1032492e+07   2.9907227e+01
   1.1037998e+07   2.9113770e+01
   1.1052109e+07   2.8625488e+01
   1.1057217e+07   3.1616211e+01
   1.1064743e+07   3.2958984e+01
   1.1072356e+07   3.0395508e+01
   1.1073841e+07   2.8686523e+01
   1.1077279e+07   2.8381348e+01
   1.1080100e+07   3.3447266e+01
   1.1094128e+07   2.9235840e+01
   1.1105764e+07   3.1066895e+01
   1.1107683e+07   2.9907227e+01
   1.1111090e+07   3.0212402e+01
   1.1116646e+07   2.8564453e+01
   1.1118243e+07   2.9602051e+01
   1.1125325e+07   2.9357910e+01
   1.1136818e+07   2.8930664e+01
   1.1138670e+07   3.1005859e+01
   1.1138918e+07   2.9479980e+01
   1.1144258e+07   3.0090332e+01
   1.1148040e+07   2.9968262e+01
   1.1150968e+07   3.5278320e+01
   1.1155522e+07   2.8442383e+01
   1.1159008e+07   2.8564453e+01
   1.1163407e+07   3.2226562e+01
   1.1167935e+07   3.1250000e+01
   1.1169500e+07   2.8808594e+01
   1.1180405e+07   3.0273438e+01
   1.1181131e+07   2.8991699e+01
   1.1181672e+07   3.0212402e+01
   1.1187858e+07   2.9418945e+01
   1.1188178e+07   2.9296875e+01
   1.1197563e+07   2.8930664e+01
   1.1202954e+07   3.0761719e+01
   1.1206575e+07   2.8930664e+01
   1.1210453e+07   2.9296875e+01
   1.1216497e+07   3.0700684e+01
   1.1230273e+07   3.0151367e+01
   1.1256857e+07   2.9418945e+01
   1.1260733e+07   2.8747559e+01
   1.1262278e+07   3.5095215e+01
   1.1273304e+07   2.9296875e+01
   1.1274744e+07   3.1555176e+01
   1.1286309e+07   3.1005859e+01
   1.1299038e+07   2.9052734e+01
   1.1305540e+07   3.5217285e+01
   1.1306439e+07   2.9846191e+01
   1.1313849e+07   3.1188965e+01
   1.1316176e+07   3.0761719e+01
   1.1321307e+07   2.8320312e+01
   1.1323966e+07   2.9907227e+01
   1.1327862e+07   2.9052734e+01
   1.1340023e+07   2.9724121e+01
   1.1349340e+07   2.9602051e+01
   1.1350675e+07   2.9174805e+01
   1.1353682e+07   3.3752441e+01
   1.1362075e+07   2.8869629e+01
   1.1365567e+07   2.9052734e+01
   1.1368803e+07   2.9846191e+01
   1.1369673e+07   2.9479980e+01
   1.1381910e+07   2.9113770e+01
   1.1387990e+07   3.4667969e+01
   1.1396391e+07   3.1921387e+01
   1.1411202e+07   2.9418945e+01
   1.1423005e+07   3.3935547e+01
   1.1423317e+07   2.9785156e+01
   1.1439857e+07   2.8564453e+01
   1.1442154e+07   2.8808594e+01
   1.1462005e+07   2.8869629e+01
   1.1477560e+07   2.9785156e+01
   1.1484551e+07   2.9357910e+01
   1.1515811e+07   2.9602051e+01
   1.1516591e+07   3.0456543e+01
   1.1516821e+07   2.9113770e+01
   1.1531841e+07   2.8686523e+01
   1.1535657e+07   3.0822754e+01
   1.1537882e+07   3.1311035e+01
   1.1546745e+07   3.1311035e+01
   1.1557573e+07   2.8625488e+01
   1.1566373e+07   2.8625488e+01
   1.1587254e+07   2.8808594e+01
   1.1591901e+07   3.0517578e+01
   1.1593822e+07   2.9785156e+01
   1.1595417e+07   2.8686523e+01
   1.1618020e+07   2.9235840e+01
   1.1626248e+07   3.1677246e+01
   1.1641103e+07   2.9418945e+01
   1.1647253e+07   3.0761719e+01
   1.1649432e+07   2.8930664e+01
   1.1655676e+07   2.9357910e+01
   1.1656241e+07   2.9602051e+01
   1.1659907e+07   3.0822754e+01
   1.1667154e+07   2.9846191e+01
   1.1667674e+07   2.8381348e+01
   1.1676692e+07   3.1005859e+01
   1.1684288e+07   3.8940430e+01
   1.1686190e+07   3.1066895e+01
   1.1686843e+07   2.9785156e+01
   1.1696112e+07   2.9846191e+01
   1.1699705e+07   2.8442383e+01
   1.1708640e+07   2.8991699e+01
   1.1714378e+07   2.9602051e+01
   1.1720482e+07   3.0151367e+01
   1.1724534e+07   2.8625488e+01
   1.1729322e+07   2.9724121e+01
   1.1730203e+07   3.8391113e+01
   1.1739300e+07   3.1127930e+01
   1.1746597e+07   2.9602051e+01
   1.1746706e+07   3.1188965e+01
   1.1747109e+07   3.0212402e+01
   1.1765494e+07   2.8320312e+01
   1.1774352e+07   3.1311035e+01
   1.1787198e+07   3.0090332e+01
   1.1789908e+07   3.0639648e+01
   1.1797338e+07   2.9052734e+01
   1.1802672e+07   3.0517578e+01
   1.1808056e+07   2.9479980e+01
   1.1813101e+07   2.8747559e+01
   1.1823721e+07   2.9541016e+01
   1.1828573e+07   3.4423828e+01
   1.1860207e+07   2.8381348e+01
   1.1861980e+07   2.9418945e+01
   1.1892261e+07   3.0700684e+01
   1.1899159e+07   3.0700684e+01
   1.1905641e+07   2.9174805e+01
   1.1922004e+07   3.4118652e+01
   1.1953101e+07   2.8564453e+01
   1.1956751e+07   2.8808594e+01
   1.1958788e+07   3.1555176e+01
   1.1963879e+07   3.0761719e+01
   1.1973927e+07   2.9663086e+01
   1.1980595e+07   2.8625488e+01
   1.1993182e+07   3.2165527e+01
   1.1996200e+07   2.8991699e+01
