   1.1996000e+07   0.0000000e+00
   2.0700000e+03   2.5695801e+01
   3.9430000e+03   2.8381348e+01
   4.0320000e+03   1.4117432e+02
   4.0440000e+03   2.6489258e+01
   2.6526000e+04   1.4196777e+02
   2.6537000e+04   2.5024414e+01
   4.9626000e+04   2.3193359e+01
   5.1356000e+04   2.7893066e+01
   6.6207000e+04   3.1555176e+01
   6.6223000e+04   2.5634766e+01
   7.0328000e+04   3.4484863e+01
   7.1754000e+04   2.3254395e+01
   7.1806000e+04   1.5203857e+02
   7.4182000e+04   2.3864746e+01
   7.5099000e+04   1.4056396e+02
   7.6783000e+04   3.3569336e+01
   1.3295600e+05   1.3568115e+02
   1.3297300e+05   2.7404785e+01
   1.3347700e+05   2.3986816e+01
   1.3514300e+05   1.5234375e+02
   1.3515700e+05   2.4597168e+01
   1.3698100e+05   1.3153076e+02
   1.3721200e+05   1.3549805e+02
   1.3799400e+05   3.4057617e+01
   1.3840700e+05   1.3555908e+02
   1.5028600e+05   2.5390625e+01
   1.5046300e+05   2.5573730e+01
   1.5049500e+05   1.2573242e+02
   1.5050700e+05   3.1921387e+01
   1.8483300e+05   1.4758301e+02
   1.8485100e+05   2.3376465e+01
   1.8489800e+05   7.9406738e+01
   1.8494700e+05   2.9052734e+01
   1.8499200e+05   2.5817871e+01
   1.8508300e+05   7.0007324e+01
   2.0642500e+05   3.9001465e+01
   2.4277600e+05   1.5295410e+02
   2.4283700e+05   8.6730957e+01
   2.4289900e+05   5.5603027e+01
   2.4292600e+05   2.4169922e+01
   2.4295400e+05   2.3376465e+01
   2.4298300e+05   4.7058105e+01
   2.4316200e+05   3.2165527e+01
   2.4318200e+05   1.0284424e+02
   2.8058200e+05   4.5654297e+01
   3.2753100e+05   1.6210938e+02
   3.2755000e+05   2.6916504e+01
   3.7167300e+05   1.4935303e+02
   3.7172200e+05   6.9091797e+01
   3.7177900e+05   5.6823730e+01
   3.7180500e+05   3.0456543e+01
   3.7185200e+05   3.4606934e+01
   3.7196500e+05   3.8940430e+01
   3.7200400e+05   2.3620605e+01
   4.1794400e+05   1.4135742e+02
   4.7978000e+05   3.5705566e+01
   4.7979500e+05   2.4536133e+01
   4.8014900e+05   3.2165527e+01
   4.8043300e+05   2.3254395e+01
   5.0385800e+05   1.6723633e+02
   5.0386800e+05   2.8259277e+01
   5.3781400e+05   1.4025879e+02
   5.4341800e+05   1.3153076e+02
   5.8629200e+05   2.3620605e+01
   5.8635600e+05   1.4593506e+02
   5.8670400e+05   2.3864746e+01
   5.8675500e+05   2.3010254e+01
   6.2457100e+05   3.4606934e+01
   6.8392800e+05   3.5156250e+01
   6.8480800e+05   3.4729004e+01
   6.8482100e+05   2.5390625e+01
   6.8668800e+05   1.4166260e+02
   6.8910100e+05   1.4373779e+02
   7.1674200e+05   2.5085449e+01
   7.1799400e+05   3.0944824e+01
   7.1832900e+05   2.5024414e+01
   7.1865900e+05   1.2658691e+02
   7.1867000e+05   2.3498535e+01
   7.1887400e+05   3.3874512e+01
   7.1901500e+05   1.2731934e+02
   7.1936000e+05   3.8085938e+01
   7.1938000e+05   2.6428223e+01
   7.1943900e+05   8.1481934e+01
   7.1947600e+05   2.5939941e+01
   7.1950800e+05   4.6081543e+01
   7.4318300e+05   3.8635254e+01
   7.4319900e+05   2.3376465e+01
   7.9471300e+05   2.3315430e+01
   7.9539300e+05   3.9062500e+01
   7.9547000e+05   9.7473145e+01
   7.9568700e+05   3.4179688e+01
   7.9570900e+05   2.3864746e+01
   7.9576900e+05   2.4291992e+01
   8.2821800e+05   2.8808594e+01
   8.2823000e+05   2.6489258e+01
   8.2930700e+05   3.6010742e+01
   8.3131500e+05   3.3935547e+01
   8.3152800e+05   3.6926270e+01
   8.3154900e+05   2.3803711e+01
   8.8113200e+05   1.3305664e+02
   9.0561900e+05   2.3254395e+01
   9.0593500e+05   1.4978027e+02
   9.0594500e+05   2.5085449e+01
   9.0598100e+05   2.5024414e+01
   9.0605700e+05   3.4179688e+01
   9.0607500e+05   2.4291992e+01
   9.2531400e+05   1.4233398e+02
   9.2532700e+05   2.8930664e+01
   9.8636900e+05   3.2226562e+01
   9.8771200e+05   1.3220215e+02
   9.8772200e+05   2.6245117e+01
   9.9157900e+05   3.6315918e+01
   1.0047280e+06   2.3254395e+01
   1.0048860e+06   2.4047852e+01
   1.0425210e+06   2.3742676e+01
   1.0426910e+06   2.4414062e+01
   1.0856910e+06   2.3986816e+01
   1.1233950e+06   2.3498535e+01
   1.1499750e+06   1.5173340e+02
   1.1499870e+06   2.5207520e+01
   1.1508730e+06   3.4057617e+01
   1.1942460e+06   1.6076660e+02
   1.1953930e+06   3.7109375e+01
   1.1954070e+06   2.6550293e+01
   1.1974460e+06   1.5112305e+02
   1.1976020e+06   3.3142090e+01
   1.2107510e+06   2.3803711e+01
   1.2108360e+06   2.4047852e+01
   1.2110250e+06   2.6184082e+01
   1.2353700e+06   2.3498535e+01
   1.2354720e+06   2.4353027e+01
   1.2628070e+06   1.5026855e+02
   1.2628240e+06   2.4047852e+01
   1.3120700e+06   3.6926270e+01
   1.3194350e+06   4.0039062e+01
   1.3867960e+06   4.3701172e+01
   1.4125840e+06   3.2775879e+01
   1.4125950e+06   2.4414062e+01
   1.4128070e+06   2.6428223e+01
   1.4136880e+06   2.3071289e+01
   1.4522450e+06   3.2592773e+01
   1.4522590e+06   2.5817871e+01
   1.4523330e+06   1.0290527e+02
   1.4523840e+06   5.0292969e+01
   1.4524050e+06   2.5573730e+01
   1.4524440e+06   2.6794434e+01
   1.4528220e+06   3.1372070e+01
   1.4528400e+06   9.4238281e+01
   1.4663280e+06   2.9968262e+01
   1.4663960e+06   9.6984863e+01
   1.4664480e+06   4.8461914e+01
   1.4664670e+06   2.5146484e+01
   1.4665070e+06   2.5024414e+01
   1.4665290e+06   2.5695801e+01
   1.4666270e+06   2.8747559e+01
   1.4667090e+06   3.4545898e+01
   1.4669060e+06   2.7893066e+01
   1.4669240e+06   2.6184082e+01
   1.4815920e+06   2.3803711e+01
   1.4817450e+06   2.7099609e+01
   1.4817610e+06   1.4263916e+02
   1.4817720e+06   3.2531738e+01
   1.4818380e+06   9.3933105e+01
   1.4818520e+06   2.4475098e+01
   1.4819060e+06   5.4199219e+01
   1.4819730e+06   5.1757812e+01
   1.4820660e+06   2.6123047e+01
   1.4820880e+06   7.1105957e+01
   1.4822150e+06   2.6611328e+01
   1.4822340e+06   8.8745117e+01
   1.5210620e+06   2.3376465e+01
   1.5212610e+06   3.6743164e+01
   1.5212720e+06   3.7841797e+01
   1.5213400e+06   3.8879395e+01
   1.5214170e+06   8.9477539e+01
   1.5567220e+06   2.3803711e+01
   1.5568670e+06   2.3193359e+01
   1.5570850e+06   2.4047852e+01
   1.5787750e+06   3.1677246e+01
   1.5787890e+06   2.8015137e+01
   1.6050240e+06   3.1982422e+01
   1.6520430e+06   2.5024414e+01
   1.6537140e+06   4.6264648e+01
   1.6537270e+06   2.3071289e+01
   1.6855320e+06   2.3132324e+01
   1.7073220e+06   2.7221680e+01
   1.7090850e+06   3.8696289e+01
   1.7108640e+06   1.3781738e+02
   1.7108770e+06   2.9602051e+01
   1.7416270e+06   2.5817871e+01
   1.7422770e+06   2.6184082e+01
   1.7586770e+06   2.6184082e+01
   1.7590340e+06   1.3720703e+02
   1.7590480e+06   2.3620605e+01
   1.7724660e+06   2.9418945e+01
   1.8332660e+06   1.5795898e+02
   1.8737920e+06   2.7648926e+01
   1.8738480e+06   2.4047852e+01
   1.8738910e+06   2.5573730e+01
   1.9039860e+06   2.3986816e+01
   1.9304240e+06   2.3315430e+01
   1.9306040e+06   4.0039062e+01
   1.9306160e+06   3.2958984e+01
   1.9309330e+06   3.2714844e+01
   1.9311630e+06   4.5715332e+01
   1.9312400e+06   8.2702637e+01
   1.9313950e+06   2.9235840e+01
   1.9633580e+06   3.7353516e+01
   1.9649450e+06   3.3874512e+01
   1.9848720e+06   2.4597168e+01
   2.0091220e+06   3.5400391e+01
   2.0091360e+06   2.8381348e+01
   2.0096980e+06   2.3437500e+01
   2.0100240e+06   1.4361572e+02
   2.0100350e+06   3.4118652e+01
   2.0101160e+06   4.0649414e+01
   2.0490950e+06   2.4963379e+01
   2.0500820e+06   2.2949219e+01
   2.0686520e+06   2.3986816e+01
   2.0689670e+06   3.1860352e+01
   2.0690690e+06   3.0395508e+01
   2.0691130e+06   2.5939941e+01
   2.0711190e+06   2.5817871e+01
   2.0712780e+06   2.4597168e+01
   2.0715690e+06   2.8991699e+01
   2.0715830e+06   2.5939941e+01
   2.0716800e+06   3.0639648e+01
   2.0722200e+06   3.5217285e+01
   2.0722380e+06   2.3132324e+01
   2.0724750e+06   3.1066895e+01
   2.0872010e+06   2.8625488e+01
   2.0886550e+06   2.3742676e+01
   2.1199760e+06   2.3254395e+01
   2.1434550e+06   2.4719238e+01
   2.1851020e+06   2.8381348e+01
   2.1865390e+06   2.4963379e+01
   2.2083280e+06   2.3620605e+01
   2.2220030e+06   2.3925781e+01
   2.2384030e+06   2.4902344e+01
   2.2728990e+06   2.3925781e+01
   2.3149520e+06   2.3437500e+01
   2.3155110e+06   2.4047852e+01
   2.3411790e+06   2.4414062e+01
   2.3415890e+06   2.4047852e+01
   2.3421920e+06   2.4475098e+01
   2.3443450e+06   1.5551758e+02
   2.3444190e+06   1.2280273e+02
   2.3445380e+06   2.4536133e+01
   2.3653920e+06   2.4291992e+01
   2.3863490e+06   2.3071289e+01
   2.4165080e+06   2.6428223e+01
   2.4165460e+06   2.5085449e+01
   2.4400960e+06   3.1433105e+01
   2.4409880e+06   2.4597168e+01
   2.4441270e+06   1.4050293e+02
   2.4960660e+06   2.8930664e+01
   2.5138410e+06   2.3437500e+01
   2.5166600e+06   2.3315430e+01
   2.5339030e+06   2.5695801e+01
   2.5343560e+06   2.5451660e+01
   2.5522630e+06   2.2949219e+01
   2.5524250e+06   2.3315430e+01
   2.5677740e+06   4.3518066e+01
   2.5677850e+06   2.8747559e+01
   2.5740340e+06   1.5435791e+02
   2.5741740e+06   2.6123047e+01
   2.5854000e+06   2.3315430e+01
   2.5863020e+06   2.3132324e+01
   2.6454000e+06   2.5817871e+01
   2.7017810e+06   3.6499023e+01
   2.7017940e+06   2.6245117e+01
   2.7533480e+06   3.9550781e+01
   2.7554400e+06   3.2226562e+01
   2.7845080e+06   2.3315430e+01
   2.7846060e+06   2.5451660e+01
   2.8035510e+06   1.3043213e+02
   2.8035620e+06   2.3437500e+01
   2.8053400e+06   3.7048340e+01
   2.8053540e+06   2.3193359e+01
   2.8504700e+06   1.4776611e+02
   2.8907270e+06   4.3212891e+01
   2.9196060e+06   4.9377441e+01
   2.9196190e+06   2.3620605e+01
   2.9199570e+06   4.0344238e+01
   2.9638000e+06   3.3752441e+01
   2.9638640e+06   1.0607910e+02
   2.9638780e+06   2.6489258e+01
   2.9639280e+06   2.7099609e+01
   2.9639410e+06   2.4597168e+01
   2.9639760e+06   8.7402344e+01
   2.9640940e+06   3.9001465e+01
   2.9771680e+06   3.4606934e+01
   2.9771840e+06   3.4912109e+01
   2.9772360e+06   8.9050293e+01
   2.9772550e+06   2.4658203e+01
   2.9772910e+06   5.4443359e+01
   2.9773190e+06   2.9724121e+01
   2.9773490e+06   2.3681641e+01
   2.9773690e+06   4.1259766e+01
   2.9773830e+06   2.9052734e+01
   2.9774840e+06   3.7231445e+01
   2.9776290e+06   7.9895020e+01
   2.9779090e+06   1.1743164e+02
   2.9783310e+06   1.1566162e+02
   2.9941970e+06   1.4105225e+02
   2.9942090e+06   3.3142090e+01
   2.9942730e+06   8.9904785e+01
   2.9943240e+06   3.6132813e+01
   2.9943410e+06   2.2949219e+01
   2.9943920e+06   2.9052734e+01
   2.9944060e+06   2.4291992e+01
   2.9944490e+06   2.4963379e+01
   2.9946560e+06   7.0251465e+01
   2.9947340e+06   3.2470703e+01
   2.9948320e+06   2.3010254e+01
   2.9948460e+06   4.1564941e+01
   2.9949250e+06   2.2949219e+01
   2.9950300e+06   5.8227539e+01
   2.9951730e+06   6.5063477e+01
   2.9952670e+06   5.8166504e+01
   2.9953570e+06   4.5104980e+01
   2.9954540e+06   4.6508789e+01
   2.9955510e+06   2.3925781e+01
   2.9956460e+06   4.5532227e+01
   2.9956690e+06   2.3132324e+01
   2.9957680e+06   4.6936035e+01
   2.9958820e+06   4.1137695e+01
   2.9959700e+06   2.8015137e+01
   2.9960720e+06   4.5959473e+01
   2.9961640e+06   3.8696289e+01
   2.9962930e+06   5.0476074e+01
   2.9964140e+06   6.8969727e+01
   2.9965520e+06   7.0922852e+01
   2.9967880e+06   8.0444336e+01
   2.9968130e+06   2.2949219e+01
   2.9969990e+06   7.1655273e+01
   3.0168450e+06   3.8879395e+01
   3.0169030e+06   6.2438965e+01
   3.0169150e+06   2.4780273e+01
   3.0169520e+06   2.9846191e+01
   3.0169760e+06   2.6428223e+01
   3.0171240e+06   2.7343750e+01
   3.0174540e+06   3.3508301e+01
   3.0175570e+06   4.9316406e+01
   3.0176640e+06   5.7373047e+01
   3.0177600e+06   4.8339844e+01
   3.0178000e+06   2.4963379e+01
   3.0178760e+06   6.4208984e+01
   3.0180430e+06   6.7138672e+01
   3.0181390e+06   4.9377441e+01
   3.0182770e+06   4.6508789e+01
   3.0183990e+06   4.7302246e+01
   3.0185380e+06   5.4626465e+01
   3.0186690e+06   6.4697266e+01
   3.0187730e+06   4.4494629e+01
   3.0188670e+06   3.8330078e+01
   3.0189710e+06   4.5959473e+01
   3.0191080e+06   6.0424805e+01
   3.0192140e+06   6.6772461e+01
   3.0194210e+06   9.5581055e+01
   3.0195200e+06   6.6345215e+01
   3.0352070e+06   3.1433105e+01
   3.0352760e+06   9.3444824e+01
   3.0353350e+06   2.9724121e+01
   3.0353590e+06   4.3090820e+01
   3.0353860e+06   2.2827148e+01
   3.0354580e+06   2.4230957e+01
   3.0354860e+06   2.6367188e+01
   3.0358160e+06   3.7780762e+01
   3.0359290e+06   4.9438477e+01
   3.0360430e+06   5.4931641e+01
   3.0361920e+06   5.6762695e+01
   3.0362150e+06   2.2766113e+01
   3.0363060e+06   5.2612305e+01
   3.0364130e+06   5.4138184e+01
   3.0365350e+06   6.7199707e+01
   3.0367000e+06   2.5512695e+01
   3.0367260e+06   2.3315430e+01
   3.0368610e+06   8.1481934e+01
   3.0370360e+06   7.4401855e+01
   3.0372600e+06   9.4055176e+01
   3.0374950e+06   9.8327637e+01
   3.0877740e+06   1.4929199e+02
   3.0878260e+06   6.7077637e+01
   3.0878430e+06   2.4291992e+01
   3.0878850e+06   5.9997559e+01
   3.0879000e+06   2.7282715e+01
   3.0879610e+06   3.3935547e+01
   3.0879820e+06   2.5207520e+01
   3.0879950e+06   2.2583008e+01
   3.0880340e+06   2.3559570e+01
   3.0881120e+06   2.8259277e+01
   3.0882830e+06   2.3071289e+01
   3.0883860e+06   4.1625977e+01
   3.0884940e+06   6.1950684e+01
   3.0887430e+06   8.4289551e+01
   3.0888620e+06   2.2888184e+01
   3.0889590e+06   4.8767090e+01
   3.0891590e+06   9.8632812e+01
   3.0892930e+06   2.4536133e+01
   3.0893150e+06   2.2766113e+01
   3.0894790e+06   1.0107422e+02
   3.0899270e+06   1.1187744e+02
   3.1326510e+06   3.2836914e+01
   3.1326690e+06   2.2644043e+01
   3.1327590e+06   3.6865234e+01
   3.1328470e+06   2.5817871e+01
   3.1328750e+06   2.6855469e+01
   3.1329230e+06   6.3232422e+01
   3.1329430e+06   2.5695801e+01
   3.1329800e+06   3.8085938e+01
   3.1330520e+06   2.5268555e+01
   3.1330830e+06   2.5207520e+01
   3.1331300e+06   2.4169922e+01
   3.1333080e+06   2.8259277e+01
   3.1334080e+06   6.4025879e+01
   3.1335360e+06   6.6650391e+01
   3.1336640e+06   7.7880859e+01
   3.1336850e+06   2.2766113e+01
   3.1477040e+06   1.3000488e+02
   3.1477150e+06   2.3498535e+01
   3.1477500e+06   7.5683594e+01
   3.1477720e+06   2.3742676e+01
   3.1478040e+06   3.9916992e+01
   3.1478250e+06   2.4230957e+01
   3.1478480e+06   2.5390625e+01
   3.1478660e+06   2.8320313e+01
   3.1479350e+06   2.3254395e+01
   3.1479570e+06   2.8930664e+01
   3.1481700e+06   6.4697266e+01
   3.1482590e+06   5.8105469e+01
   3.1484360e+06   8.4411621e+01
   3.1486770e+06   1.0131836e+02
   3.1815750e+06   1.2707520e+02
   3.1815870e+06   2.3864746e+01
   3.1816220e+06   6.5124512e+01
   3.1816320e+06   2.2644043e+01
   3.1816700e+06   2.6672363e+01
   3.1816850e+06   3.1066895e+01
   3.1817450e+06   3.4301758e+01
   3.1817630e+06   2.6367188e+01
   3.1817780e+06   2.3681641e+01
   3.1818060e+06   2.3681641e+01
   3.1820590e+06   4.5654297e+01
   3.1821570e+06   6.7077637e+01
   3.1822780e+06   8.0993652e+01
   3.1824010e+06   9.2895508e+01
   3.2052220e+06   3.1433105e+01
   3.2053800e+06   3.6621094e+01
   3.2054710e+06   8.1298828e+01
   3.2055200e+06   2.3071289e+01
   3.2055510e+06   8.6853027e+01
   3.2055930e+06   2.6428223e+01
   3.2056420e+06   5.5419922e+01
   3.2056540e+06   2.3132324e+01
   3.2057320e+06   6.2255859e+01
   3.2057980e+06   2.3254395e+01
   3.2059670e+06   4.8217773e+01
   3.2061860e+06   7.3303223e+01
   3.2310920e+06   1.6137695e+02
   3.2311500e+06   9.7656250e+01
   3.2311640e+06   3.0090332e+01
   3.2312070e+06   4.5532227e+01
   3.2312300e+06   2.3742676e+01
   3.2312790e+06   5.2673340e+01
   3.2313090e+06   2.4353027e+01
   3.2313360e+06   2.2644043e+01
   3.2313820e+06   3.2287598e+01
   3.2314150e+06   2.2949219e+01
   3.2314800e+06   4.0832520e+01
   3.2316050e+06   6.3415527e+01
   3.2615170e+06   3.5339355e+01
   3.2616470e+06   1.4001465e+02
   3.2616810e+06   2.7282715e+01
   3.2617640e+06   2.7404785e+01
   3.2617830e+06   2.8198242e+01
   3.2618640e+06   7.0312500e+01
   3.2618740e+06   3.4301758e+01
   3.2619230e+06   2.3315430e+01
   3.2619500e+06   5.4321289e+01
   3.2619710e+06   2.4047852e+01
   3.2620330e+06   5.3955078e+01
   3.2620820e+06   2.3559570e+01
   3.2621130e+06   6.0546875e+01
   3.2622410e+06   2.4108887e+01
   3.2820160e+06   3.6315918e+01
   3.2820280e+06   2.3864746e+01
   3.2821850e+06   3.3142090e+01
   3.2822490e+06   2.2583008e+01
   3.2823670e+06   3.2775879e+01
   3.2825050e+06   3.2226562e+01
   3.2825510e+06   2.3193359e+01
   3.2825910e+06   2.6428223e+01
   3.2826050e+06   8.0139160e+01
   3.2827230e+06   2.2705078e+01
   3.2828620e+06   1.1444092e+02
   3.2976490e+06   4.9987793e+01
   3.2978590e+06   2.7893066e+01
   3.2980020e+06   3.4118652e+01
   3.2981710e+06   2.2827148e+01
   3.3216770e+06   3.0700684e+01
   3.3222340e+06   2.9296875e+01
   3.3222500e+06   2.4047852e+01
   3.3224190e+06   3.1433105e+01
   3.3224370e+06   2.5268555e+01
   3.3226580e+06   1.2145996e+02
   3.3228480e+06   1.2023926e+02
   3.3423810e+06   2.9296875e+01
   3.3423930e+06   2.4108887e+01
   3.3424160e+06   2.2644043e+01
   3.3424790e+06   2.9785156e+01
   3.3427290e+06   3.2897949e+01
   3.3507370e+06   4.2785645e+01
   3.3507490e+06   3.6071777e+01
   3.3508170e+06   1.1480713e+02
   3.3508330e+06   2.5085449e+01
   3.3508940e+06   3.9550781e+01
   3.3509090e+06   2.4108887e+01
   3.3509410e+06   2.4108887e+01
   3.3510380e+06   3.6254883e+01
   3.3510560e+06   2.3315430e+01
   3.4066400e+06   1.4819336e+02
   3.4069080e+06   1.4569092e+02
   3.4072650e+06   2.8381348e+01
   3.4497960e+06   1.4337158e+02
   3.4501490e+06   4.2297363e+01
   3.4705710e+06   4.5471191e+01
   3.4705850e+06   2.7099609e+01
   3.4706240e+06   9.6130371e+01
   3.4706820e+06   5.0476074e+01
   3.4707000e+06   2.5939941e+01
   3.4707370e+06   2.3193359e+01
   3.4707750e+06   2.9296875e+01
   3.4709000e+06   3.4118652e+01
   3.5404320e+06   2.3010254e+01
   3.5416700e+06   1.5216064e+02
   3.5416830e+06   2.7038574e+01
   3.5490660e+06   3.9123535e+01
   3.5490790e+06   2.3132324e+01
   3.5798790e+06   2.3315430e+01
   3.5997110e+06   2.5146484e+01
   3.5999710e+06   1.3836670e+02
   3.5999820e+06   2.7099609e+01
   3.6128870e+06   2.8442383e+01
   3.6465220e+06   3.8208008e+01
   3.6482640e+06   3.5583496e+01
   3.7344590e+06   1.2200928e+02
   3.7344710e+06   2.5085449e+01
   3.7344910e+06   2.4353027e+01
   3.7345110e+06   7.5988770e+01
   3.7345310e+06   2.7954102e+01
   3.7345610e+06   5.2246094e+01
   3.7345990e+06   2.3803711e+01
   3.7346480e+06   5.1513672e+01
   3.7347580e+06   8.7341309e+01
   3.7874240e+06   3.9245605e+01
   3.7874950e+06   9.7229004e+01
   3.7875090e+06   3.3569336e+01
   3.7875360e+06   2.6977539e+01
   3.7875610e+06   7.6599121e+01
   3.7876410e+06   2.4475098e+01
   3.8600690e+06   2.5329590e+01
   3.8645080e+06   4.2053223e+01
   3.8647510e+06   3.6315918e+01
   3.8664020e+06   3.9489746e+01
   3.8745610e+06   2.2583008e+01
   3.9218060e+06   1.3464355e+02
   3.9218160e+06   2.4536133e+01
   3.9220290e+06   3.5217285e+01
   3.9220450e+06   2.7404785e+01
   3.9221630e+06   2.6184082e+01
   3.9222410e+06   2.4047852e+01
   3.9535020e+06   5.2429199e+01
   3.9535690e+06   9.4482422e+01
   3.9536290e+06   7.3181152e+01
   3.9536450e+06   2.3986816e+01
   3.9536930e+06   6.1279297e+01
   3.9537350e+06   2.6184082e+01
   3.9787340e+06   1.2554932e+02
   3.9787460e+06   3.4973145e+01
   4.0043030e+06   2.2827148e+01
   4.0051320e+06   2.2583008e+01
   4.0054410e+06   1.3012695e+02
   4.0057390e+06   2.2644043e+01
   4.0362900e+06   1.4801025e+02
   4.0371960e+06   2.3315430e+01
   4.0373610e+06   2.6428223e+01
   4.0380620e+06   2.2888184e+01
   4.0391180e+06   2.4169922e+01
   4.1009090e+06   2.2888184e+01
   4.1014580e+06   2.3376465e+01
   4.1029170e+06   2.3010254e+01
   4.1040920e+06   1.4685059e+02
   4.1041450e+06   9.7595215e+01
   4.1233310e+06   2.2766113e+01
   4.1433960e+06   1.5124512e+02
   4.1456240e+06   2.2705078e+01
   4.1460070e+06   2.4536133e+01
   4.1836890e+06   2.4108887e+01
   4.1843060e+06   2.3742676e+01
   4.2217830e+06   2.3498535e+01
   4.2220530e+06   2.9602051e+01
   4.2220980e+06   2.4780273e+01
   4.2222820e+06   2.4414062e+01
   4.2232480e+06   3.2958984e+01
   4.2232660e+06   2.2827148e+01
   4.2429180e+06   2.4230957e+01
   4.2431570e+06   2.6306152e+01
   4.2432650e+06   2.3132324e+01
   4.2433120e+06   2.3376465e+01
   4.2713430e+06   2.2888184e+01
   4.3014260e+06   2.3681641e+01
   4.3025110e+06   2.3132324e+01
   4.3165890e+06   2.2644043e+01
   4.3308850e+06   2.3376465e+01
   4.3311500e+06   2.2888184e+01
   4.3315060e+06   2.5024414e+01
   4.3324350e+06   2.3986816e+01
   4.3587530e+06   2.6428223e+01
   4.4026560e+06   1.2994385e+02
   4.4033310e+06   2.3071289e+01
   4.4048210e+06   2.8930664e+01
   4.4048370e+06   2.7404785e+01
   4.4182570e+06   2.3681641e+01
   4.4800140e+06   2.6184082e+01
   4.4800480e+06   2.3803711e+01
   4.4802970e+06   2.8259277e+01
   4.5285000e+06   2.3132324e+01
   4.6545780e+06   1.3623047e+02
   4.6545880e+06   2.8808594e+01
   4.6546440e+06   8.9477539e+01
   4.6546640e+06   2.6550293e+01
   4.6547050e+06   5.5541992e+01
   4.6547710e+06   7.0922852e+01
   4.6715890e+06   3.0456543e+01
   4.6715990e+06   2.9418945e+01
   4.6716610e+06   2.2583008e+01
   4.6955220e+06   2.3620605e+01
   4.7281890e+06   2.2583008e+01
   4.7282220e+06   2.5817871e+01
   4.7283970e+06   3.9916992e+01
   4.7284080e+06   3.1250000e+01
   4.7284860e+06   1.1157227e+02
   4.7285450e+06   6.3049316e+01
   4.7285600e+06   2.3681641e+01
   4.7553830e+06   2.6306152e+01
   4.7554910e+06   2.2705078e+01
   4.7763480e+06   3.2104492e+01
   4.7763610e+06   2.6916504e+01
   4.7912270e+06   2.5085449e+01
   4.8126350e+06   2.3010254e+01
   4.8172390e+06   2.3803711e+01
   4.8174390e+06   2.6184082e+01
   4.8477720e+06   2.8259277e+01
   4.8811620e+06   2.2766113e+01
   4.8896490e+06   2.6000977e+01
   4.8902170e+06   3.2226562e+01
   4.8913770e+06   2.7587891e+01
   4.8914620e+06   1.1834717e+02
   4.8920670e+06   5.2307129e+01
   4.8923470e+06   1.4508057e+02
   4.8927060e+06   3.5766602e+01
   4.8927210e+06   2.3864746e+01
   4.8931930e+06   1.3781738e+02
   4.9140120e+06   2.3010254e+01
   4.9151460e+06   2.3864746e+01
   4.9158610e+06   2.2766113e+01
   4.9415490e+06   2.9113770e+01
   4.9670930e+06   2.3742676e+01
   5.0050760e+06   2.6977539e+01
   5.0050960e+06   2.9602051e+01
   5.0205540e+06   3.5034180e+01
   5.0561680e+06   2.2766113e+01
   5.0567880e+06   2.3559570e+01
   5.0939500e+06   2.5634766e+01
   5.1373760e+06   2.2705078e+01
   5.1818020e+06   1.3635254e+02
   5.1818280e+06   2.7404785e+01
   5.1818520e+06   8.2458496e+01
   5.1818860e+06   5.5908203e+01
   5.1819190e+06   2.3437500e+01
   5.1819430e+06   3.1738281e+01
   5.1820160e+06   5.8532715e+01
   5.1971640e+06   1.6424561e+02
   5.1973650e+06   3.5522461e+01
   5.1974590e+06   8.3984375e+01
   5.1975340e+06   8.4899902e+01
   5.1975600e+06   2.6977539e+01
   5.1976070e+06   7.2631836e+01
   5.1976630e+06   2.3681641e+01
   5.1977390e+06   7.4157715e+01
   5.1978170e+06   6.9763184e+01
   5.1979400e+06   9.7839355e+01
   5.2169340e+06   1.3098145e+02
   5.2169470e+06   2.3742676e+01
   5.2169810e+06   3.4362793e+01
   5.2170140e+06   1.0833740e+02
   5.2170270e+06   2.6306152e+01
   5.2170770e+06   8.5632324e+01
   5.2171770e+06   2.9663086e+01
   5.2173610e+06   2.8930664e+01
   5.2173850e+06   2.5146484e+01
   5.2175200e+06   2.6000977e+01
   5.2529230e+06   2.4841309e+01
   5.2606590e+06   2.3620605e+01
   5.2607940e+06   2.8991699e+01
   5.2610050e+06   2.2583008e+01
   5.2860450e+06   2.2766113e+01
   5.3016560e+06   2.3803711e+01
   5.3018630e+06   3.9794922e+01
   5.3018760e+06   3.8818359e+01
   5.3019160e+06   7.3730469e+01
   5.3019530e+06   3.1921387e+01
   5.3019880e+06   7.1716309e+01
   5.3020500e+06   6.6650391e+01
   5.3319910e+06   2.4780273e+01
   5.3320080e+06   3.3752441e+01
   5.3320760e+06   1.1694336e+02
   5.3320900e+06   2.4047852e+01
   5.3321350e+06   7.4829102e+01
   5.3321470e+06   2.4902344e+01
   5.4077040e+06   2.3132324e+01
   5.4077420e+06   2.3437500e+01
   5.4077710e+06   2.3498535e+01
   5.4453050e+06   3.8879395e+01
   5.4461680e+06   2.6062012e+01
   5.4470810e+06   2.3559570e+01
   5.4471110e+06   2.9052734e+01
   5.4491250e+06   2.5085449e+01
   5.4805610e+06   2.4597168e+01
   5.4817070e+06   2.7648926e+01
   5.4817250e+06   2.3437500e+01
   5.4826560e+06   2.3071289e+01
   5.4827540e+06   2.4353027e+01
   5.4829620e+06   2.2766113e+01
   5.4832890e+06   1.2182617e+02
   5.4832990e+06   2.7465820e+01
   5.5045840e+06   2.2583008e+01
   5.5046160e+06   3.7597656e+01
   5.5046340e+06   2.6672363e+01
   5.5048100e+06   4.0771484e+01
   5.5448930e+06   2.3925781e+01
   5.5454190e+06   2.5146484e+01
   5.5456690e+06   2.3376465e+01
   5.5456960e+06   2.2827148e+01
   5.5740470e+06   4.1381836e+01
   5.5740630e+06   2.3376465e+01
   5.5759350e+06   2.3254395e+01
   5.5964340e+06   2.3620605e+01
   5.5973310e+06   2.3315430e+01
   5.6395620e+06   2.4597168e+01
   5.6906660e+06   3.5339355e+01
   5.6924610e+06   2.3986816e+01
   5.7333130e+06   2.4230957e+01
   5.8238960e+06   1.2866211e+02
   5.8239070e+06   2.4108887e+01
   5.8413680e+06   2.6794434e+01
   5.8873080e+06   1.3714600e+02
   5.9135350e+06   2.3620605e+01
   5.9144490e+06   2.3071289e+01
   5.9145510e+06   3.6560059e+01
   5.9145650e+06   2.3437500e+01
   5.9147730e+06   4.1259766e+01
   5.9431720e+06   3.3203125e+01
   5.9431870e+06   2.4047852e+01
   5.9696870e+06   4.6264648e+01
   5.9697000e+06   2.8076172e+01
   5.9697750e+06   2.4475098e+01
   5.9698890e+06   2.3437500e+01
   6.0007950e+06   1.2487793e+02
   6.0008100e+06   2.5268555e+01
   6.0008370e+06   2.3376465e+01
   6.0008650e+06   1.1071777e+02
   6.0008750e+06   2.4719238e+01
   6.0009120e+06   4.8950195e+01
   6.0009300e+06   2.9724121e+01
   6.0009770e+06   3.0944824e+01
   6.0731360e+06   2.8747559e+01
   6.1201900e+06   1.5032959e+02
   6.1204420e+06   2.5756836e+01
   6.1206400e+06   3.2836914e+01
   6.1575190e+06   2.3254395e+01
   6.1575690e+06   2.6184082e+01
   6.1730840e+06   2.7526855e+01
   6.1981190e+06   2.3376465e+01
   6.2627320e+06   1.2145996e+02
   6.2627590e+06   2.4475098e+01
   6.2628620e+06   2.3498535e+01
   6.3035150e+06   4.3090820e+01
   6.3035280e+06   2.8320312e+01
   6.3335580e+06   2.8808594e+01
   6.3789790e+06   2.4963379e+01
   6.3916050e+06   1.4208984e+02
   6.3934880e+06   1.4739990e+02
   6.3935260e+06   2.2827148e+01
   6.3937770e+06   2.6672363e+01
   6.4259220e+06   4.4372559e+01
   6.4475560e+06   3.2226562e+01
   6.4475700e+06   2.7221680e+01
   6.4681000e+06   1.1975098e+02
   6.4681120e+06   2.4719238e+01
   6.5173400e+06   1.3000488e+02
   6.5174780e+06   4.1259766e+01
   6.5174940e+06   2.3071289e+01
   6.5475620e+06   3.9428711e+01
   6.5482160e+06   3.2958984e+01
   6.5482290e+06   3.0456543e+01
   6.5482750e+06   1.0400391e+02
   6.5482870e+06   2.5939941e+01
   6.5483110e+06   2.6611328e+01
   6.5483540e+06   6.1645508e+01
   6.5483670e+06   2.4719238e+01
   6.5484090e+06   3.0578613e+01
   6.5630410e+06   4.4006348e+01
   6.5631130e+06   9.4299316e+01
   6.5632060e+06   4.0466309e+01
   6.5633080e+06   3.1555176e+01
   6.5794580e+06   1.3909912e+02
   6.5794690e+06   2.3132324e+01
   6.5801510e+06   1.4532471e+02
   6.5801620e+06   2.3132324e+01
   6.5909540e+06   2.2949219e+01
   6.5915150e+06   2.2888184e+01
   6.6077260e+06   1.3244629e+02
   6.6079910e+06   3.8574219e+01
   6.6080500e+06   2.2949219e+01
   6.6304380e+06   2.6428223e+01
   6.6558470e+06   2.4353027e+01
   6.6569320e+06   2.5207520e+01
   6.6573010e+06   2.3498535e+01
   6.7300850e+06   3.3569336e+01
   6.7301000e+06   2.3437500e+01
   6.8111830e+06   1.4135742e+02
   6.8111940e+06   2.9113770e+01
   6.8113790e+06   1.3012695e+02
   6.8114350e+06   9.6801758e+01
   6.8114470e+06   3.1066895e+01
   6.8115370e+06   8.8195801e+01
   6.8261020e+06   1.5026855e+02
   6.8439150e+06   3.3569336e+01
   6.8439310e+06   2.4047852e+01
   6.8442880e+06   1.3946533e+02
   6.8443990e+06   3.2897949e+01
   6.8579560e+06   3.4912109e+01
   6.8579660e+06   2.7160645e+01
   6.9437410e+06   3.8757324e+01
   6.9437540e+06   2.2888184e+01
   6.9445680e+06   1.5277100e+02
   6.9446210e+06   8.5144043e+01
   6.9446970e+06   7.6904297e+01
   6.9921430e+06   4.0527344e+01
   6.9921960e+06   9.6984863e+01
   6.9922140e+06   2.5817871e+01
   7.0395240e+06   2.2766113e+01
   7.1091290e+06   4.4555664e+01
   7.1091420e+06   2.5512695e+01
   7.1091750e+06   6.6040039e+01
   7.1092350e+06   6.6894531e+01
   7.1092660e+06   3.0334473e+01
   7.1092800e+06   3.4912109e+01
   7.1093280e+06   5.4138184e+01
   7.1094100e+06   3.0822754e+01
   7.1096620e+06   2.9785156e+01
   7.1280410e+06   1.4770508e+02
   7.1280550e+06   2.3071289e+01
   7.1280850e+06   3.0090332e+01
   7.1281670e+06   1.0217285e+02
   7.1281800e+06   2.3071289e+01
   7.1429940e+06   3.3691406e+01
   7.1430070e+06   2.5878906e+01
   7.1435360e+06   4.0405273e+01
   7.1435920e+06   2.3864746e+01
   7.1439410e+06   1.4593506e+02
   7.1644300e+06   2.5756836e+01
   7.2023700e+06   2.2766113e+01
   7.2025520e+06   1.2646484e+02
   7.2025620e+06   4.0771484e+01
   7.2234350e+06   2.2888184e+01
   7.2358510e+06   2.4597168e+01
   7.2362000e+06   2.3071289e+01
   7.2365500e+06   2.5146484e+01
   7.2660300e+06   3.2653809e+01
   7.2681730e+06   2.3376465e+01
   7.3419630e+06   3.9123535e+01
   7.3420230e+06   9.7045898e+01
   7.3499650e+06   2.4536133e+01
   7.4071360e+06   3.3264160e+01
   7.4071470e+06   3.1860352e+01
   7.4074890e+06   2.4536133e+01
   7.4074990e+06   1.2384033e+02
   7.4075680e+06   9.9121094e+01
   7.4075950e+06   2.5939941e+01
   7.4076430e+06   6.9885254e+01
   7.4229970e+06   1.2683105e+02
   7.4230950e+06   1.2152100e+02
   7.4231640e+06   2.4414062e+01
   7.4856660e+06   3.4790039e+01
   7.4856790e+06   2.5085449e+01
   7.4859380e+06   2.8320312e+01
   7.4861570e+06   3.2653809e+01
   7.4864430e+06   3.6437988e+01
   7.4868130e+06   2.7099609e+01
   7.5286730e+06   3.4912109e+01
   7.5296200e+06   4.8156738e+01
   7.5296710e+06   9.3261719e+01
   7.5296970e+06   2.3925781e+01
   7.5299060e+06   2.3742676e+01
   7.5619060e+06   1.6271973e+02
   7.5619160e+06   2.3864746e+01
   7.5620010e+06   2.4597168e+01
   7.5733820e+06   1.3293457e+02
   7.5733980e+06   2.7587891e+01
   7.5734200e+06   7.3425293e+01
   7.5734340e+06   2.8869629e+01
   7.5734510e+06   2.8076172e+01
   7.5734670e+06   5.0537109e+01
   7.5735070e+06   2.5573730e+01
   7.5735300e+06   2.2888184e+01
   7.5735630e+06   2.5146484e+01
   7.5737400e+06   6.6162109e+01
   7.5738400e+06   2.4963379e+01
   7.5738630e+06   9.1003418e+01
   7.5947960e+06   1.4025879e+02
   7.5949340e+06   3.8940430e+01
   7.5950050e+06   9.2041016e+01
   7.5950320e+06   2.8442383e+01
   7.5950770e+06   6.3781738e+01
   7.5951240e+06   2.3742676e+01
   7.5951720e+06   2.5573730e+01
   7.5952490e+06   4.7729492e+01
   7.5953360e+06   4.2358398e+01
   7.5954140e+06   2.2766113e+01
   7.5954310e+06   6.7749023e+01
   7.5955640e+06   2.4719238e+01
   7.5957030e+06   1.0107422e+02
   7.5958790e+06   9.8449707e+01
   7.6244220e+06   2.3437500e+01
   7.6514590e+06   4.1442871e+01
   7.6514730e+06   2.3986816e+01
   7.6515640e+06   1.2042236e+02
   7.6515820e+06   2.5085449e+01
   7.6516560e+06   4.2236328e+01
   7.6516720e+06   2.6489258e+01
   7.6518430e+06   2.8198242e+01
   7.7289960e+06   1.4947510e+02
   7.7290130e+06   2.2766113e+01
   7.7307780e+06   3.1799316e+01
   7.7307950e+06   2.3803711e+01
   7.7871540e+06   2.7465820e+01
   7.7871690e+06   2.2888184e+01
   7.8212620e+06   1.4331055e+02
   7.8212730e+06   2.7465820e+01
   7.8213110e+06   8.0932617e+01
   7.8213240e+06   3.4667969e+01
   7.8213660e+06   5.2001953e+01
   7.8214030e+06   2.3010254e+01
   7.8214360e+06   4.4677734e+01
   7.8214990e+06   2.6794434e+01
   7.8216930e+06   2.8991699e+01
   7.8217080e+06   3.3142090e+01
   7.8371000e+06   1.3458252e+02
   7.8371110e+06   2.6855469e+01
   7.8372350e+06   3.7231445e+01
   7.8374470e+06   2.3620605e+01
   7.8375090e+06   3.5766602e+01
   7.8375230e+06   2.9785156e+01
   7.9244010e+06   3.7597656e+01
   7.9505230e+06   1.5496826e+02
   7.9505610e+06   6.5246582e+01
   7.9768550e+06   2.5085449e+01
   7.9957330e+06   2.3620605e+01
   7.9957470e+06   1.4080811e+02
   7.9957580e+06   2.5390625e+01
   8.0216190e+06   1.3415527e+02
   8.0216300e+06   2.3559570e+01
   8.0216640e+06   5.5053711e+01
   8.0216800e+06   3.1921387e+01
   8.0217120e+06   2.7832031e+01
   8.0217520e+06   5.8044434e+01
   8.0217990e+06   2.7343750e+01
   8.0218190e+06   2.2888184e+01
   8.0219050e+06   7.3913574e+01
   8.0222520e+06   3.4606934e+01
   8.0373970e+06   3.2470703e+01
   8.0374110e+06   2.6611328e+01
   8.0632400e+06   1.2512207e+02
   8.0632500e+06   2.3010254e+01
   8.0633430e+06   3.8696289e+01
   8.0633580e+06   3.2287598e+01
   8.0634430e+06   2.6245117e+01
   8.0857850e+06   2.3254395e+01
   8.0859890e+06   2.3742676e+01
   8.0863410e+06   3.7048340e+01
   8.0863530e+06   2.5268555e+01
   8.1151330e+06   2.3010254e+01
   8.1477090e+06   2.5451660e+01
   8.1836950e+06   2.3986816e+01
   8.1838570e+06   3.3142090e+01
   8.1838700e+06   2.5817871e+01
   8.1839050e+06   7.0617676e+01
   8.1839160e+06   2.3620605e+01
   8.1839500e+06   4.7363281e+01
   8.1839660e+06   2.9235840e+01
   8.1840130e+06   2.3864746e+01
   8.1840250e+06   4.1564941e+01
   8.1840440e+06   2.4353027e+01
   8.1840810e+06   2.6428223e+01
   8.1841250e+06   2.6916504e+01
   8.1842470e+06   9.0087891e+01
   8.2021190e+06   3.7597656e+01
   8.2213130e+06   2.6062012e+01
   8.2470140e+06   2.2888184e+01
   8.2661440e+06   3.8024902e+01
   8.2661540e+06   2.7404785e+01
   8.2829250e+06   1.3616943e+02
   8.2829490e+06   2.3620605e+01
   8.2831430e+06   4.2419434e+01
   8.2832120e+06   8.5815430e+01
   8.2833080e+06   2.9235840e+01
   8.2861120e+06   2.3925781e+01
   8.3340200e+06   4.0710449e+01
   8.3354400e+06   2.3681641e+01
   8.3356870e+06   2.5878906e+01
   8.3358430e+06   2.9052734e+01
   8.3358540e+06   2.5878906e+01
   8.3360990e+06   1.3983154e+02
   8.3363610e+06   2.2949219e+01
   8.3364750e+06   3.2592773e+01
   8.3702920e+06   2.8869629e+01
   8.3706080e+06   2.3803711e+01
   8.3945810e+06   2.3925781e+01
   8.3952140e+06   2.3742676e+01
   8.3956480e+06   1.3781738e+02
   8.3960130e+06   3.2531738e+01
   8.3960240e+06   2.2949219e+01
   8.3961210e+06   2.6367188e+01
   8.3973030e+06   3.5949707e+01
   8.3973710e+06   2.3681641e+01
   8.4239100e+06   2.3925781e+01
   8.4251110e+06   1.4611816e+02
   8.4545140e+06   2.5268555e+01
   8.4557250e+06   2.7832031e+01
   8.4558240e+06   1.4929199e+02
   8.4558340e+06   2.6977539e+01
   8.4564730e+06   2.2766113e+01
   8.4695880e+06   1.4025879e+02
   8.5224340e+06   2.3315430e+01
   8.5443250e+06   1.6021729e+02
   8.5446820e+06   3.5583496e+01
   8.5652080e+06   2.3437500e+01
   8.5653710e+06   3.9306641e+01
   8.5653830e+06   2.6062012e+01
   8.5654160e+06   2.3437500e+01
   8.5654410e+06   9.4665527e+01
   8.5654510e+06   2.5695801e+01
   8.5655140e+06   9.3383789e+01
   8.5655700e+06   2.5817871e+01
   8.5655920e+06   7.8063965e+01
   8.5876740e+06   4.4982910e+01
   8.5876860e+06   2.4902344e+01
   8.6430680e+06   2.3132324e+01
   8.6438390e+06   2.3620605e+01
   8.6441470e+06   2.2766113e+01
   8.6449800e+06   2.4780273e+01
   8.6463980e+06   3.9611816e+01
   8.6818720e+06   1.4538574e+02
   8.6818840e+06   2.6672363e+01
   8.7069850e+06   1.4410400e+02
   8.7082220e+06   1.2866211e+02
   8.7443360e+06   1.3018799e+02
   8.8045490e+06   3.9672852e+01
   8.8061440e+06   2.3742676e+01
   8.8063280e+06   4.0466309e+01
   8.8063780e+06   9.0759277e+01
   8.8064350e+06   6.7871094e+01
   8.8064520e+06   2.3071289e+01
   8.8064920e+06   5.3161621e+01
   8.8065920e+06   2.4047852e+01
   8.8576630e+06   3.3508301e+01
   8.8576770e+06   2.2827148e+01
   8.8864530e+06   1.3549805e+02
   8.8864650e+06   2.3437500e+01
   8.9171730e+06   2.2827148e+01
   8.9234980e+06   1.4770508e+02
   8.9235560e+06   2.8198242e+01
   8.9500330e+06   3.1860352e+01
   8.9521370e+06   3.8391113e+01
   8.9521490e+06   2.5146484e+01
   9.0052230e+06   1.4489746e+02
   9.0058080e+06   1.4953613e+02
   9.0432720e+06   1.0150146e+02
   9.0432830e+06   2.3376465e+01
   9.0433240e+06   1.0797119e+02
   9.0433390e+06   2.3986816e+01
   9.0433780e+06   8.1298828e+01
   9.0433920e+06   2.4047852e+01
   9.0434060e+06   2.3620605e+01
   9.0434610e+06   8.1665039e+01
   9.0904810e+06   1.5338135e+02
   9.0905630e+06   2.9602051e+01
   9.1220300e+06   4.0588379e+01
   9.1220440e+06   2.3925781e+01
   9.1318050e+06   1.5673828e+02
   9.1319180e+06   4.4799805e+01
   9.1320950e+06   2.4841309e+01
   9.1321900e+06   3.6010742e+01
   9.1825390e+06   3.9794922e+01
   9.1825570e+06   2.6794434e+01
   9.2286310e+06   2.5085449e+01
   9.2287220e+06   1.4691162e+02
   9.2287320e+06   2.3132324e+01
   9.2292770e+06   1.4111328e+02
   9.2293300e+06   9.4177246e+01
   9.2293440e+06   2.3498535e+01
   9.2293950e+06   6.9213867e+01
   9.2294060e+06   3.0212402e+01
   9.2294260e+06   2.3071289e+01
   9.2294990e+06   2.9663086e+01
   9.2814230e+06   3.2531738e+01
   9.2814350e+06   2.3620605e+01
   9.3265140e+06   3.6193848e+01
   9.3265910e+06   9.5397949e+01
   9.3281620e+06   2.3498535e+01
   9.3282570e+06   1.2927246e+02
   9.3282670e+06   3.9611816e+01
   9.3497290e+06   4.0405273e+01
   9.3918080e+06   1.2933350e+02
   9.4326440e+06   2.7221680e+01
   9.4328220e+06   2.3925781e+01
   9.4328640e+06   1.4239502e+02
   9.4328770e+06   3.5949707e+01
   9.4671480e+06   1.4282227e+02
   9.5017000e+06   1.5545654e+02
   9.5017540e+06   9.5336914e+01
   9.5038390e+06   1.3854980e+02
   9.5038510e+06   2.3193359e+01
   9.5045120e+06   3.2104492e+01
   9.5045820e+06   1.0778809e+02
   9.5046000e+06   2.5451660e+01
   9.5047110e+06   2.6794434e+01
   9.5047300e+06   2.6855469e+01
   9.5050100e+06   1.3140869e+02
   9.5052250e+06   1.2286377e+02
   9.5053720e+06   1.1486816e+02
   9.5105840e+06   2.3193359e+01
   9.5569210e+06   2.4353027e+01
   9.5581650e+06   3.5034180e+01
   9.5582420e+06   2.8137207e+01
   9.5583320e+06   2.5390625e+01
   9.5587980e+06   4.0893555e+01
   9.5588090e+06   2.6428223e+01
   9.5588600e+06   8.0017090e+01
   9.5588990e+06   2.4475098e+01
   9.5589700e+06   4.3884277e+01
   9.5590780e+06   7.0373535e+01
   9.5595020e+06   3.7414551e+01
   9.5744150e+06   3.4118652e+01
   9.5745200e+06   1.2634277e+02
   9.5746170e+06   2.5207520e+01
   9.5746350e+06   3.6682129e+01
   9.5746830e+06   9.3444824e+01
   9.5747630e+06   8.9538574e+01
   9.5749120e+06   3.3386230e+01
   9.5749960e+06   3.0456543e+01
   9.5750130e+06   9.7656250e+01
   9.6137400e+06   2.5329590e+01
   9.6138610e+06   2.3010254e+01
   9.6140140e+06   1.3183594e+02
   9.6140240e+06   2.5146484e+01
   9.6140440e+06   2.6062012e+01
   9.6140800e+06   8.2031250e+01
   9.6140920e+06   3.0029297e+01
   9.6141320e+06   2.9785156e+01
   9.6141620e+06   3.2775879e+01
   9.6142140e+06   2.4230957e+01
   9.6142260e+06   6.4392090e+01
   9.6531410e+06   1.2835693e+02
   9.6531510e+06   2.2888184e+01
   9.6544360e+06   1.2438965e+02
   9.6544480e+06   3.0822754e+01
   9.6545770e+06   3.2470703e+01
   9.6889950e+06   2.3437500e+01
   9.7269820e+06   3.4912109e+01
   9.7979710e+06   3.4973145e+01
   9.9113710e+06   2.3925781e+01
   9.9332550e+06   1.5325928e+02
   9.9347520e+06   2.5756836e+01
   9.9348020e+06   2.3437500e+01
   9.9348360e+06   1.1779785e+02
   9.9578630e+06   3.1677246e+01
   9.9786750e+06   3.7048340e+01
   9.9839340e+06   1.4239502e+02
   9.9840110e+06   1.1352539e+02
   9.9843480e+06   2.7465820e+01
   1.0012267e+07   1.3806152e+02
   1.0012279e+07   2.9907227e+01
   1.0034265e+07   1.5545654e+02
   1.0053579e+07   4.0832520e+01
   1.0111790e+07   2.2949219e+01
   1.0127092e+07   1.3909912e+02
   1.0139776e+07   3.2104492e+01
   1.0140944e+07   2.3925781e+01
   1.0140999e+07   1.5014648e+02
   1.0141013e+07   2.3498535e+01
   1.0171166e+07   2.9541016e+01
   1.0171180e+07   2.6611328e+01
   1.0191237e+07   2.7954102e+01
   1.0191460e+07   2.4658203e+01
   1.0220969e+07   3.8696289e+01
   1.0235319e+07   2.4047852e+01
   1.0259852e+07   2.5756836e+01
   1.0284532e+07   4.1320801e+01
   1.0284543e+07   2.3498535e+01
   1.0284598e+07   9.4909668e+01
   1.0285377e+07   2.3559570e+01
   1.0327809e+07   2.3437500e+01
   1.0329781e+07   3.6804199e+01
   1.0329793e+07   2.5939941e+01
   1.0346394e+07   5.3039551e+01
   1.0346405e+07   2.9968262e+01
   1.0346664e+07   3.1311035e+01
   1.0346680e+07   2.5695801e+01
   1.0346783e+07   4.3518066e+01
   1.0370592e+07   2.4963379e+01
   1.0373349e+07   1.3806152e+02
   1.0390248e+07   2.5634766e+01
   1.0393121e+07   2.3498535e+01
   1.0419789e+07   2.3193359e+01
   1.0447944e+07   2.6916504e+01
   1.0450868e+07   1.5161133e+02
   1.0450880e+07   2.3681641e+01
   1.0485361e+07   2.5268555e+01
   1.0487228e+07   2.3376465e+01
   1.0511146e+07   2.3681641e+01
   1.0537616e+07   2.4780273e+01
   1.0589352e+07   1.4782715e+02
   1.0590688e+07   2.6184082e+01
   1.0591112e+07   3.1494141e+01
   1.0616658e+07   2.3559570e+01
   1.0657665e+07   1.4245605e+02
   1.0657712e+07   2.3742676e+01
   1.0685921e+07   2.2888184e+01
   1.0689919e+07   3.3813477e+01
   1.0689934e+07   3.2836914e+01
   1.0690051e+07   1.3818359e+02
   1.0690197e+07   2.9663086e+01
   1.0690276e+07   1.4324951e+02
   1.0717771e+07   2.3010254e+01
   1.0717794e+07   1.2188721e+02
   1.0717804e+07   3.7048340e+01
   1.0745822e+07   2.2888184e+01
   1.0764480e+07   1.2762451e+02
   1.0773731e+07   2.2827148e+01
   1.0773855e+07   2.3986816e+01
   1.0774142e+07   1.3116455e+02
   1.0774153e+07   2.9602051e+01
   1.0774193e+07   2.3498535e+01
   1.0774261e+07   1.2066650e+02
   1.0821300e+07   2.7282715e+01
   1.0821494e+07   2.3620605e+01
   1.0821633e+07   2.4353027e+01
   1.0821664e+07   2.7709961e+01
   1.0821674e+07   1.1334229e+02
   1.0852588e+07   2.3254395e+01
   1.0852840e+07   2.3498535e+01
   1.0853172e+07   2.4719238e+01
   1.0853245e+07   2.3132324e+01
   1.0853277e+07   2.3620605e+01
   1.0853327e+07   3.5583496e+01
   1.0853339e+07   2.3681641e+01
   1.0853444e+07   3.3630371e+01
   1.0965277e+07   2.3864746e+01
   1.1043987e+07   2.4108887e+01
   1.1088556e+07   1.2109375e+02
   1.1088568e+07   2.5207520e+01
   1.1100310e+07   2.6123047e+01
   1.1100680e+07   1.4746094e+02
   1.1100693e+07   2.5390625e+01
   1.1100769e+07   2.7893066e+01
   1.1100788e+07   2.4291992e+01
   1.1116361e+07   1.3909912e+02
   1.1116371e+07   2.4291992e+01
   1.1127686e+07   2.3193359e+01
   1.1138576e+07   1.2860107e+02
   1.1138586e+07   3.2653809e+01
   1.1138638e+07   3.5522461e+01
   1.1138705e+07   9.5214844e+01
   1.1138801e+07   2.8503418e+01
   1.1138960e+07   2.3620605e+01
   1.1155388e+07   3.5644531e+01
   1.1156016e+07   3.2714844e+01
   1.1217404e+07   2.4841309e+01
   1.1217940e+07   2.4658203e+01
   1.1254202e+07   3.1555176e+01
   1.1254325e+07   3.3142090e+01
   1.1255483e+07   1.4971924e+02
   1.1255661e+07   2.4353027e+01
   1.1286236e+07   1.4666748e+02
   1.1287770e+07   2.5939941e+01
   1.1347279e+07   2.3376465e+01
   1.1347330e+07   4.2236328e+01
   1.1347340e+07   3.0700684e+01
   1.1347440e+07   4.3334961e+01
   1.1347455e+07   2.7160645e+01
   1.1347514e+07   1.0876465e+02
   1.1347534e+07   2.4475098e+01
   1.1347578e+07   8.0749512e+01
   1.1347635e+07   6.0058594e+01
   1.1347694e+07   2.2888184e+01
   1.1347706e+07   2.7832031e+01
   1.1393769e+07   1.5417480e+02
   1.1393791e+07   2.4047852e+01
   1.1405891e+07   1.4166260e+02
   1.1406219e+07   3.4667969e+01
   1.1406482e+07   3.3874512e+01
   1.1444679e+07   2.4536133e+01
   1.1444712e+07   1.5203857e+02
   1.1444723e+07   2.4475098e+01
   1.1496828e+07   1.2701416e+02
   1.1496843e+07   2.6184082e+01
   1.1497028e+07   2.3437500e+01
   1.1497103e+07   8.9599609e+01
   1.1497113e+07   2.4475098e+01
   1.1526797e+07   2.3864746e+01
   1.1543603e+07   1.3439941e+02
   1.1571918e+07   2.5573730e+01
   1.1572027e+07   2.4780273e+01
   1.1600032e+07   2.2827148e+01
   1.1600285e+07   1.2652588e+02
   1.1600298e+07   2.5695801e+01
   1.1651383e+07   1.5875244e+02
   1.1665751e+07   1.2780762e+02
   1.1668441e+07   1.4117432e+02
   1.1668555e+07   2.5085449e+01
   1.1668579e+07   2.4841309e+01
   1.1700954e+07   1.3037109e+02
   1.1700965e+07   3.3264160e+01
   1.1701265e+07   3.3630371e+01
   1.1732346e+07   1.4233398e+02
   1.1753020e+07   3.6132812e+01
   1.1770665e+07   4.8400879e+01
   1.1770713e+07   6.3659668e+01
   1.1770757e+07   2.4780273e+01
   1.1770783e+07   2.9907227e+01
   1.1770814e+07   2.7099609e+01
   1.1771006e+07   5.6762695e+01
   1.1771081e+07   7.2448730e+01
   1.1771161e+07   7.5927734e+01
   1.1785219e+07   1.3073730e+02
   1.1785229e+07   2.4963379e+01
   1.1785254e+07   2.4353027e+01
   1.1785299e+07   9.9060059e+01
   1.1785342e+07   2.3376465e+01
   1.1785355e+07   5.2673340e+01
   1.1785439e+07   4.1137695e+01
   1.1785495e+07   3.1555176e+01
   1.1785638e+07   4.0466309e+01
   1.1785724e+07   5.8593750e+01
   1.1785788e+07   5.0415039e+01
   1.1785889e+07   7.2814941e+01
   1.1786024e+07   8.1481934e+01
   1.1786254e+07   9.9121094e+01
   1.1786430e+07   1.0430908e+02
   1.1786564e+07   1.0760498e+02
   1.1803019e+07   1.2280273e+02
   1.1803030e+07   2.4719238e+01
   1.1803100e+07   1.1669922e+02
   1.1803160e+07   6.7626953e+01
   1.1803209e+07   2.6794434e+01
   1.1803266e+07   2.4536133e+01
   1.1803404e+07   3.0273438e+01
   1.1803868e+07   4.1564941e+01
   1.1803988e+07   5.3222656e+01
   1.1804098e+07   5.3466797e+01
   1.1804184e+07   6.3903809e+01
   1.1804277e+07   5.3161621e+01
   1.1804386e+07   3.0273437e+01
   1.1804521e+07   8.6364746e+01
   1.1804918e+07   1.0815430e+02
   1.1805285e+07   1.2066650e+02
   1.1805398e+07   1.0375977e+02
   1.1822688e+07   3.3081055e+01
   1.1822728e+07   5.3222656e+01
   1.1822748e+07   2.3986816e+01
   1.1822775e+07   3.2287598e+01
   1.1822818e+07   2.4719238e+01
   1.1822861e+07   2.5695801e+01
   1.1822878e+07   2.3071289e+01
   1.1823417e+07   3.7963867e+01
   1.1823491e+07   3.7170410e+01
   1.1823565e+07   3.6376953e+01
   1.1823660e+07   4.8645020e+01
   1.1823736e+07   4.4555664e+01
   1.1823823e+07   5.9875488e+01
   1.1823960e+07   5.8105469e+01
   1.1824103e+07   7.6232910e+01
   1.1824215e+07   8.0749512e+01
   1.1824393e+07   9.7839355e+01
   1.1824577e+07   1.0052490e+02
   1.1832599e+07   3.8940430e+01
   1.1832646e+07   6.3049316e+01
   1.1832693e+07   2.2827148e+01
   1.1832721e+07   3.7048340e+01
   1.1832755e+07   3.1860352e+01
   1.1832782e+07   2.5512695e+01
   1.1832896e+07   2.6184082e+01
   1.1833024e+07   2.4047852e+01
   1.1833285e+07   2.4719238e+01
   1.1833404e+07   4.2297363e+01
   1.1833483e+07   4.3029785e+01
   1.1833589e+07   5.1818848e+01
   1.1833676e+07   4.5410156e+01
   1.1833782e+07   4.9072266e+01
   1.1833888e+07   5.2978516e+01
   1.1833974e+07   6.5734863e+01
   1.1834092e+07   6.0974121e+01
   1.1834236e+07   6.6101074e+01
   1.1834359e+07   7.0983887e+01
   1.1834578e+07   8.6059570e+01
   1.1834775e+07   8.6181641e+01
   1.1835151e+07   9.5703125e+01
   1.1835710e+07   1.1157227e+02
   1.1842206e+07   1.3323975e+02
   1.1842221e+07   2.3681641e+01
   1.1842249e+07   6.2500000e+01
   1.1842333e+07   2.7160645e+01
   1.1842374e+07   2.6184082e+01
   1.1842412e+07   2.4353027e+01
   1.1842430e+07   2.4291992e+01
   1.1842492e+07   2.2888184e+01
   1.1842540e+07   3.2836914e+01
   1.1842862e+07   3.4240723e+01
   1.1842967e+07   3.6499023e+01
   1.1843066e+07   4.4616699e+01
   1.1843181e+07   4.6508789e+01
   1.1843287e+07   5.6762695e+01
   1.1843387e+07   5.4626465e+01
   1.1843477e+07   6.2011719e+01
   1.1843574e+07   6.7382812e+01
   1.1843666e+07   5.4809570e+01
   1.1843777e+07   6.3293457e+01
   1.1843877e+07   2.4475098e+01
   1.1843997e+07   7.0007324e+01
   1.1844171e+07   7.6965332e+01
   1.1844546e+07   8.3984375e+01
   1.1844731e+07   2.6245117e+01
   1.1844950e+07   2.8381348e+01
   1.1845148e+07   9.6374512e+01
   1.1845372e+07   1.0620117e+02
   1.1850962e+07   1.1737061e+02
   1.1850978e+07   2.3010254e+01
   1.1851003e+07   5.4931641e+01
   1.1851067e+07   4.3090820e+01
   1.1851126e+07   2.3498535e+01
   1.1851155e+07   2.5390625e+01
   1.1851191e+07   2.5207520e+01
   1.1851344e+07   2.4353027e+01
   1.1851610e+07   2.8686523e+01
   1.1851711e+07   2.9724121e+01
   1.1851827e+07   4.6447754e+01
   1.1851923e+07   4.1198730e+01
   1.1852041e+07   6.1340332e+01
   1.1852149e+07   5.6884766e+01
   1.1852231e+07   6.5612793e+01
   1.1852358e+07   6.3354492e+01
   1.1852476e+07   5.8227539e+01
   1.1852604e+07   6.2194824e+01
   1.1852754e+07   7.0129395e+01
   1.1852975e+07   8.3251953e+01
   1.1853175e+07   8.1970215e+01
   1.1853301e+07   8.5571289e+01
   1.1853542e+07   9.7534180e+01
   1.1853752e+07   2.3925781e+01
   1.1859973e+07   1.0839844e+02
   1.1860007e+07   3.2592773e+01
   1.1860032e+07   2.4475098e+01
   1.1860061e+07   2.8076172e+01
   1.1860092e+07   2.6000977e+01
   1.1860149e+07   2.3437500e+01
   1.1860199e+07   2.4353027e+01
   1.1860232e+07   2.5756836e+01
   1.1860682e+07   2.8442383e+01
   1.1860808e+07   3.9978027e+01
   1.1860889e+07   4.4006348e+01
   1.1860989e+07   5.1574707e+01
   1.1861095e+07   5.0415039e+01
   1.1861198e+07   5.7434082e+01
   1.1861329e+07   7.6171875e+01
   1.1861609e+07   7.8002930e+01
   1.1861933e+07   8.8500977e+01
   1.1862120e+07   2.3437500e+01
   1.1862328e+07   2.2888184e+01
   1.1862345e+07   1.0583496e+02
   1.1862571e+07   9.2285156e+01
   1.1863030e+07   1.1212158e+02
   1.1869344e+07   3.3935547e+01
   1.1869388e+07   4.3579102e+01
   1.1869489e+07   2.5817871e+01
   1.1869593e+07   2.6794434e+01
   1.1869617e+07   2.4169922e+01
   1.1869640e+07   3.0151367e+01
   1.1869662e+07   2.3925781e+01
   1.1870055e+07   2.3132324e+01
   1.1870192e+07   5.6335449e+01
   1.1870327e+07   6.5734863e+01
   1.1870459e+07   7.3425293e+01
   1.1870577e+07   6.1340332e+01
   1.1870768e+07   8.5754395e+01
   1.1870992e+07   7.9040527e+01
   1.1871164e+07   8.9111328e+01
   1.1871350e+07   9.8876953e+01
   1.1871627e+07   2.3071289e+01
   1.1871900e+07   1.0498047e+02
   1.1882135e+07   3.5644531e+01
   1.1882178e+07   4.8095703e+01
   1.1882190e+07   2.7465820e+01
   1.1882216e+07   3.3569336e+01
   1.1882252e+07   2.8808594e+01
   1.1882281e+07   2.6428223e+01
   1.1882330e+07   2.7038574e+01
   1.1882366e+07   2.3864746e+01
   1.1882422e+07   2.5268555e+01
   1.1882809e+07   2.3010254e+01
   1.1882893e+07   2.6550293e+01
   1.1882975e+07   2.9052734e+01
   1.1883079e+07   6.6589355e+01
   1.1883214e+07   6.3293457e+01
   1.1883341e+07   6.5856934e+01
   1.1883575e+07   8.2946777e+01
   1.1883701e+07   7.2937012e+01
   1.1883950e+07   9.2102051e+01
   1.1884115e+07   2.3437500e+01
   1.1884403e+07   1.0424805e+02
   1.1885057e+07   1.0455322e+02
   1.1895432e+07   2.4169922e+01
   1.1895445e+07   2.5878906e+01
   1.1895477e+07   3.5949707e+01
   1.1895556e+07   3.1127930e+01
   1.1895612e+07   2.3132324e+01
   1.1895999e+07   2.6000977e+01
   1.1896115e+07   4.6936035e+01
   1.1896201e+07   3.7841797e+01
   1.1896296e+07   4.3457031e+01
   1.1896424e+07   5.5725098e+01
   1.1896541e+07   5.9936523e+01
   1.1896698e+07   8.4533691e+01
   1.1896867e+07   7.1044922e+01
   1.1897075e+07   8.5021973e+01
   1.1897509e+07   1.0290527e+02
   1.1897705e+07   9.7412109e+01
   1.1912756e+07   3.3264160e+01
   1.1912768e+07   2.2827148e+01
   1.1912792e+07   4.1687012e+01
   1.1912813e+07   3.4118652e+01
   1.1912950e+07   2.8564453e+01
   1.1912976e+07   2.5085449e+01
   1.1912991e+07   2.4536133e+01
   1.1913430e+07   2.4719238e+01
   1.1913524e+07   3.3935547e+01
   1.1913611e+07   4.5227051e+01
   1.1913701e+07   4.0466309e+01
   1.1913800e+07   5.1635742e+01
   1.1913887e+07   2.4658203e+01
   1.1913914e+07   2.8991699e+01
   1.1914004e+07   7.3364258e+01
   1.1914239e+07   8.7219238e+01
   1.1914475e+07   3.0395508e+01
   1.1914864e+07   1.1437988e+02
   1.1936164e+07   3.5827637e+01
   1.1936215e+07   8.5205078e+01
   1.1936262e+07   3.0334473e+01
   1.1936289e+07   3.2104492e+01
   1.1936309e+07   2.7282715e+01
   1.1936462e+07   2.6672363e+01
   1.1936494e+07   2.3925781e+01
   1.1936934e+07   2.8869629e+01
   1.1937024e+07   3.4301758e+01
   1.1937133e+07   3.2226562e+01
   1.1937226e+07   5.1879883e+01
   1.1937348e+07   7.0007324e+01
   1.1937550e+07   8.7951660e+01
   1.1937739e+07   9.0515137e+01
   1.1938115e+07   1.0540771e+02
   1.1938739e+07   1.1090088e+02
   1.1950878e+07   2.9968262e+01
   1.1950939e+07   7.7880859e+01
   1.1950994e+07   2.3437500e+01
   1.1951025e+07   2.4291992e+01
   1.1951065e+07   2.6306152e+01
   1.1951102e+07   2.5451660e+01
   1.1951156e+07   2.4230957e+01
   1.1951293e+07   2.5512695e+01
   1.1951509e+07   2.3193359e+01
   1.1951623e+07   3.4057617e+01
   1.1951721e+07   4.5654297e+01
   1.1951817e+07   5.1757813e+01
   1.1951924e+07   5.6823730e+01
   1.1952028e+07   6.6101074e+01
   1.1952633e+07   1.0125732e+02
