   1.1996000e+07   0.0000000e+00
   1.5047400e+05   3.0944824e+01
   1.8498000e+05   4.0283203e+01
   2.2004000e+05   3.0883789e+01
   3.7182900e+05   3.3020020e+01
   6.2813100e+05   3.2958984e+01
   7.1657100e+05   3.2104492e+01
   7.1952500e+05   3.3325195e+01
   9.2989100e+05   3.2470703e+01
   1.0423380e+06   3.2653809e+01
   1.4524120e+06   3.0334473e+01
   1.4524720e+06   4.0588379e+01
   1.4665120e+06   3.4484863e+01
   1.4665480e+06   3.4790039e+01
   1.4819480e+06   3.0944824e+01
   1.5212870e+06   3.4484863e+01
   1.5214620e+06   3.2531738e+01
   1.7723980e+06   3.1738281e+01
   1.8736440e+06   3.2104492e+01
   1.9845850e+06   3.7414551e+01
   2.0497900e+06   3.6987305e+01
   2.0870550e+06   3.1799316e+01
   2.1330920e+06   3.0883789e+01
   2.2723210e+06   3.1555176e+01
   2.3150330e+06   3.6010742e+01
   2.7843400e+06   3.0822754e+01
   2.8753770e+06   3.3874512e+01
   2.8755050e+06   3.0273438e+01
   2.9638960e+06   3.4240723e+01
   2.9772440e+06   3.1982422e+01
   2.9773730e+06   3.3020020e+01
   2.9943040e+06   3.6437988e+01
   2.9943280e+06   3.4362793e+01
   3.0169880e+06   3.0151367e+01
   3.0170670e+06   3.0944824e+01
   3.0170810e+06   3.0700684e+01
   3.0353240e+06   3.3325195e+01
   3.0353990e+06   3.0456543e+01
   3.0354140e+06   3.5583496e+01
   3.0354500e+06   3.2653809e+01
   3.0355040e+06   3.4118652e+01
   3.0879470e+06   3.4729004e+01
   3.1330550e+06   3.0883789e+01
   3.1478790e+06   3.1066895e+01
   3.1479100e+06   3.1799316e+01
   3.1817920e+06   3.0639648e+01
   3.1818100e+06   3.0883789e+01
   3.2056570e+06   3.0151367e+01
   3.2312960e+06   3.1250000e+01
   3.3978100e+06   3.3691406e+01
   3.4706590e+06   3.3203125e+01
   3.4707400e+06   3.0944824e+01
   3.7105550e+06   3.0456543e+01
   3.7875520e+06   3.3630371e+01
   3.8263840e+06   3.7719727e+01
   3.8264730e+06   3.0822754e+01
   3.9535770e+06   3.1921387e+01
   3.9536500e+06   3.4362793e+01
   4.0231410e+06   3.2348633e+01
   4.4010080e+06   3.1799316e+01
   4.6714400e+06   3.0639648e+01
   4.6714540e+06   3.2165527e+01
   4.8168920e+06   3.1555176e+01
   4.8170540e+06   3.0273438e+01
   4.9136930e+06   3.1921387e+01
   5.0048370e+06   3.3569336e+01
   5.0570190e+06   3.0578613e+01
   5.1818700e+06   3.6560059e+01
   5.1819050e+06   4.1687012e+01
   5.1819300e+06   3.2958984e+01
   5.1974820e+06   3.1738281e+01
   5.1975800e+06   3.7780762e+01
   5.3019810e+06   3.5461426e+01
   5.3321400e+06   3.1372070e+01
   5.4480370e+06   3.0944824e+01
   5.9694660e+06   3.3752441e+01
   5.9695460e+06   3.2348633e+01
   6.0008710e+06   3.3813477e+01
   6.0009100e+06   2.9907227e+01
   6.0009350e+06   3.1372070e+01
   6.0727630e+06   3.2348633e+01
   6.1196260e+06   3.0090332e+01
   6.2060180e+06   3.0334473e+01
   6.2625440e+06   3.0944824e+01
   6.3336270e+06   3.0212402e+01
   6.5483360e+06   2.9907227e+01
   6.5632390e+06   3.1433105e+01
   6.6077360e+06   3.0639648e+01
   6.7307760e+06   3.0761719e+01
   6.8114790e+06   3.1982422e+01
   6.8115780e+06   2.9968262e+01
   6.8577480e+06   3.2470703e+01
   7.0239020e+06   3.0883789e+01
   7.0392910e+06   3.0456543e+01
   7.1092570e+06   3.5278320e+01
   7.1280910e+06   3.0761719e+01
   7.2024320e+06   3.1066895e+01
   7.2024640e+06   3.2287598e+01
   7.3690550e+06   3.1494141e+01
   7.3691400e+06   3.1677246e+01
   7.4499900e+06   2.9663086e+01
   7.5734490e+06   2.9968262e+01
   7.5734590e+06   4.2907715e+01
   7.5735570e+06   3.1738281e+01
   7.5950920e+06   2.9846191e+01
   7.8213490e+06   4.7363281e+01
   7.8213800e+06   3.2775879e+01
   7.8214580e+06   3.0395508e+01
   7.8217180e+06   3.1738281e+01
   7.9765380e+06   3.0029297e+01
   8.0217110e+06   3.1494141e+01
   8.0217300e+06   3.2531738e+01
   8.0218110e+06   3.1494141e+01
   8.1839550e+06   3.2104492e+01
   8.1840040e+06   3.3386230e+01
   8.3083460e+06   2.9724121e+01
   8.3879800e+06   3.5156250e+01
   8.5221840e+06   3.3386230e+01
   8.5654900e+06   4.4860840e+01
   8.5655730e+06   2.9724121e+01
   8.5869840e+06   3.1677246e+01
   8.8063780e+06   2.9846191e+01
   8.8064250e+06   3.4545898e+01
   9.0433500e+06   3.0944824e+01
   9.1319870e+06   3.1188965e+01
   9.2293820e+06   3.4851074e+01
   9.3512750e+06   3.0883789e+01
   9.5588860e+06   3.1372070e+01
   9.5746110e+06   2.9846191e+01
   9.5746700e+06   3.4362793e+01
   9.6140980e+06   3.1005859e+01
   9.6543520e+06   3.1433105e+01
   1.0012343e+07   2.9907227e+01
   1.0169735e+07   3.1005859e+01
   1.0235059e+07   2.9907227e+01
   1.0689697e+07   2.9968262e+01
   1.0717940e+07   3.0822754e+01
   1.0774145e+07   3.4667969e+01
   1.0821000e+07   2.9968262e+01
   1.0852672e+07   3.0090332e+01
   1.1138399e+07   3.8452148e+01
   1.1287438e+07   2.9785156e+01
   1.1287481e+07   3.6254883e+01
   1.1347504e+07   3.1250000e+01
   1.1347549e+07   3.3264160e+01
   1.1496635e+07   3.1066895e+01
   1.1497076e+07   3.7902832e+01
   1.1770717e+07   3.3325195e+01
   1.1770799e+07   3.4545898e+01
   1.1770834e+07   3.1311035e+01
   1.1770922e+07   3.3691406e+01
   1.1785382e+07   3.3630371e+01
   1.1785430e+07   3.0395508e+01
   1.1785471e+07   3.2104492e+01
   1.1803206e+07   3.1494141e+01
   1.1803320e+07   3.1677246e+01
   1.1822791e+07   3.2226562e+01
   1.1822940e+07   3.1555176e+01
   1.1832679e+07   3.0639648e+01
   1.1842370e+07   3.4423828e+01
   1.1851034e+07   3.2348633e+01
   1.1860048e+07   3.0700684e+01
   1.1869465e+07   3.0639648e+01
   1.1869620e+07   3.0517578e+01
   1.1882231e+07   2.9968262e+01
   1.1882289e+07   3.6132812e+01
   1.1895576e+07   3.1188965e+01
   1.1912867e+07   3.3935547e+01
   1.1913017e+07   3.0212402e+01
   1.1950296e+07   3.0334473e+01
   1.1951116e+07   3.6987305e+01
