   1.1996000e+07   0.0000000e+00
   3.2850000e+03   3.5400391e+01
   7.1647100e+05   3.4484863e+01
   1.4817730e+06   4.0222168e+01
   1.5567340e+06   3.5766602e+01
   1.5751830e+06   3.5400391e+01
   1.8127590e+06   3.4362793e+01
   2.3435130e+06   3.3996582e+01
   2.3680770e+06   3.4362793e+01
   2.6450240e+06   3.5766602e+01
   3.5208350e+06   3.9001465e+01
   3.8266950e+06   3.4729004e+01
   3.9536930e+06   3.4301758e+01
   3.9784460e+06   3.4851074e+01
   4.1233570e+06   3.8452148e+01
   4.1449960e+06   3.5583496e+01
   4.9137870e+06   3.3935547e+01
   5.3322500e+06   3.4301758e+01
   5.5963860e+06   3.3935547e+01
   6.1442740e+06   3.6376953e+01
   6.3938770e+06   3.6254883e+01
   6.6075120e+06   3.5278320e+01
   7.4021900e+06   3.7170410e+01
   7.6517260e+06   3.8391113e+01
   7.7306920e+06   3.4301758e+01
   8.1840440e+06   3.6804199e+01
   8.3961380e+06   3.6254883e+01
   8.5220160e+06   3.6437988e+01
   8.5656340e+06   3.5827637e+01
   8.8064940e+06   3.4179688e+01
   8.9171370e+06   3.4851074e+01
   8.9780900e+06   3.5827637e+01
   9.0436180e+06   3.3996582e+01
   9.1319790e+06   3.9245605e+01
   9.1320320e+06   3.4545898e+01
   9.8293650e+06   3.3508301e+01
   9.9110780e+06   3.3508301e+01
   9.9349110e+06   3.4118652e+01
   1.0055133e+07   3.5095215e+01
   1.0111941e+07   3.6499023e+01
   1.0660731e+07   3.4912109e+01
   1.0774211e+07   3.9855957e+01
   1.1043782e+07   3.4362793e+01
   1.1138379e+07   4.0405273e+01
   1.1287454e+07   4.2724609e+01
   1.1496627e+07   3.5156250e+01
   1.1785360e+07   3.4973145e+01
   1.1822911e+07   3.4851074e+01
   1.1842362e+07   3.4851074e+01
