   1.1996000e+07   0.0000000e+00
   6.9383000e+04   2.5756836e+01
   7.1993000e+04   2.8686523e+01
   7.6795000e+04   2.6550293e+01
   1.3321900e+05   2.8930664e+01
   1.3992700e+05   2.7526855e+01
   1.4968500e+05   4.2297363e+01
   1.5054300e+05   3.2836914e+01
   1.8483100e+05   2.7282715e+01
   1.8486100e+05   2.6733398e+01
   1.8487300e+05   2.9724121e+01
   1.8490300e+05   8.4533691e+01
   1.8492100e+05   3.1433105e+01
   1.8496600e+05   3.4790039e+01
   1.8507200e+05   2.5817871e+01
   2.0648800e+05   2.5695801e+01
   2.1519400e+05   2.7832031e+01
   2.4280400e+05   3.3203125e+01
   2.4281700e+05   2.9907227e+01
   2.4283000e+05   2.9174805e+01
   2.4285800e+05   3.2592773e+01
   2.4288800e+05   5.7128906e+01
   2.4294300e+05   2.9907227e+01
   2.6692800e+05   2.8747559e+01
   2.6781300e+05   2.6916504e+01
   2.7773500e+05   2.7954102e+01
   3.2698600e+05   2.8320312e+01
   3.2734500e+05   2.6733398e+01
   3.7168500e+05   3.5034180e+01
   3.7171700e+05   3.7353516e+01
   3.7175100e+05   4.7363281e+01
   3.7177500e+05   3.0151367e+01
   3.7180300e+05   3.4667969e+01
   3.7181500e+05   3.2653809e+01
   3.7189600e+05   2.6000977e+01
   3.7196400e+05   2.5695801e+01
   3.8968400e+05   3.9001465e+01
   3.9022400e+05   3.5034180e+01
   4.3804000e+05   2.6123047e+01
   4.6066900e+05   2.6916504e+01
   4.7509400e+05   3.3874512e+01
   4.7816800e+05   2.6184082e+01
   5.0383600e+05   3.9916992e+01
   5.0386800e+05   2.7160645e+01
   5.0389000e+05   3.7231445e+01
   5.0394300e+05   3.0761719e+01
   5.0395800e+05   3.8635254e+01
   5.0400500e+05   3.3569336e+01
   5.0401500e+05   2.8930664e+01
   5.3669600e+05   3.0517578e+01
   5.3698600e+05   3.4118652e+01
   5.3726600e+05   3.3020020e+01
   5.3867700e+05   2.6245117e+01
   5.3922000e+05   3.0456543e+01
   5.6801900e+05   2.7709961e+01
   5.8673700e+05   3.9855957e+01
   5.8701700e+05   2.7343750e+01
   6.2049900e+05   2.8198242e+01
   6.8660800e+05   2.7099609e+01
   7.1665600e+05   2.6977539e+01
   7.1669000e+05   3.8696289e+01
   7.1674800e+05   2.6733398e+01
   7.1923100e+05   2.9663086e+01
   7.1930300e+05   4.3090820e+01
   7.1933800e+05   3.1433105e+01
   7.1936400e+05   4.4555664e+01
   7.1937600e+05   2.9174805e+01
   7.1943700e+05   3.2653809e+01
   7.1945500e+05   3.3691406e+01
   7.1948900e+05   2.7221680e+01
   7.4229400e+05   3.1127930e+01
   7.9544000e+05   3.8330078e+01
   7.9552100e+05   2.8747559e+01
   7.9556200e+05   2.6306152e+01
   7.9568400e+05   3.0212402e+01
   7.9578300e+05   2.6550293e+01
   7.9582000e+05   3.5888672e+01
   7.9584800e+05   3.9978027e+01
   8.2504000e+05   2.6794434e+01
   8.2858600e+05   2.8991699e+01
   8.6940300e+05   4.9194336e+01
   8.6942500e+05   3.4423828e+01
   8.6952900e+05   2.7954102e+01
   8.6958700e+05   2.6794434e+01
   8.6984100e+05   3.4912109e+01
   9.0612500e+05   4.8583984e+01
   9.0616900e+05   2.6000977e+01
   9.0619500e+05   3.0944824e+01
   9.0623100e+05   2.9479980e+01
   9.0627200e+05   2.9479980e+01
   9.2384000e+05   2.5878906e+01
   9.2394700e+05   2.6916504e+01
   9.7220400e+05   2.5695801e+01
   9.8074400e+05   2.5817871e+01
   9.8430400e+05   2.6184082e+01
   1.0047130e+06   3.1005859e+01
   1.0047770e+06   3.0273437e+01
   1.0220560e+06   2.7587891e+01
   1.0422280e+06   4.1748047e+01
   1.0422960e+06   2.9296875e+01
   1.0423320e+06   2.9174805e+01
   1.0870590e+06   3.8940430e+01
   1.1231170e+06   4.0344238e+01
   1.1231440e+06   3.5644531e+01
   1.1232100e+06   3.3691406e+01
   1.1232370e+06   2.9174805e+01
   1.1232940e+06   2.6489258e+01
   1.1961410e+06   2.8564453e+01
   1.2107660e+06   3.7475586e+01
   1.2109200e+06   2.8747559e+01
   1.2353810e+06   4.7363281e+01
   1.2354030e+06   2.8259277e+01
   1.2354460e+06   3.2043457e+01
   1.2354760e+06   2.6550293e+01
   1.2606810e+06   3.1372070e+01
   1.3110530e+06   2.6794434e+01
   1.3844120e+06   2.6062012e+01
   1.3883950e+06   2.7648926e+01
   1.3884610e+06   2.8076172e+01
   1.4083320e+06   2.7770996e+01
   1.4139280e+06   3.7292480e+01
   1.4140000e+06   2.8381348e+01
   1.4140190e+06   2.8137207e+01
   1.4522360e+06   2.5878906e+01
   1.4522700e+06   2.7648926e+01
   1.4522920e+06   2.6794434e+01
   1.4523210e+06   3.8085938e+01
   1.4523390e+06   3.6254883e+01
   1.4523930e+06   3.1982422e+01
   1.4524170e+06   2.5695801e+01
   1.4524390e+06   3.3935547e+01
   1.4524650e+06   3.7109375e+01
   1.4524770e+06   2.6611328e+01
   1.4524920e+06   3.0212402e+01
   1.4525380e+06   2.7099609e+01
   1.4525700e+06   2.6672363e+01
   1.4526020e+06   3.2714844e+01
   1.4661050e+06   2.7465820e+01
   1.4662660e+06   3.7780762e+01
   1.4663180e+06   4.7180176e+01
   1.4663470e+06   2.8320312e+01
   1.4663930e+06   2.8625488e+01
   1.4664110e+06   2.9418945e+01
   1.4664360e+06   4.8767090e+01
   1.4664540e+06   2.9968262e+01
   1.4664930e+06   2.5878906e+01
   1.4665870e+06   3.9733887e+01
   1.4666450e+06   2.7832031e+01
   1.4666970e+06   2.9602051e+01
   1.4667750e+06   2.8259277e+01
   1.4815810e+06   4.2114258e+01
   1.4816520e+06   3.0517578e+01
   1.4816680e+06   3.4118652e+01
   1.4817220e+06   3.0212402e+01
   1.4817370e+06   2.6245117e+01
   1.4817470e+06   2.7343750e+01
   1.4817780e+06   2.9663086e+01
   1.4818520e+06   2.6611328e+01
   1.4818950e+06   3.0517578e+01
   1.4820700e+06   2.7404785e+01
   1.5211600e+06   4.1259766e+01
   1.5214190e+06   2.7099609e+01
   1.5214450e+06   3.0395508e+01
   1.5215770e+06   2.9418945e+01
   1.5219080e+06   2.6428223e+01
   1.5567500e+06   4.0954590e+01
   1.5567710e+06   3.1066895e+01
   1.5569480e+06   3.6376953e+01
   1.5570300e+06   2.7282715e+01
   1.5570480e+06   2.6123047e+01
   1.5571460e+06   2.8442383e+01
   1.5572390e+06   2.5939941e+01
   1.5572710e+06   3.3569336e+01
   1.5791540e+06   4.4982910e+01
   1.5792390e+06   3.0029297e+01
   1.5949280e+06   2.6672363e+01
   1.5956820e+06   2.6489258e+01
   1.5960280e+06   3.7170410e+01
   1.5967710e+06   2.6916504e+01
   1.5999390e+06   2.8869629e+01
   1.6509470e+06   2.5695801e+01
   1.6536640e+06   2.6977539e+01
   1.6839930e+06   2.9479980e+01
   1.6854650e+06   3.1433105e+01
   1.7015100e+06   2.6428223e+01
   1.7105300e+06   2.5817871e+01
   1.7131720e+06   2.6184082e+01
   1.7132310e+06   2.6916504e+01
   1.7415190e+06   4.6386719e+01
   1.7425030e+06   3.1250000e+01
   1.7425390e+06   3.1921387e+01
   1.7544000e+06   2.8930664e+01
   1.7553470e+06   2.6489258e+01
   1.7724290e+06   2.6916504e+01
   1.7724770e+06   3.8391113e+01
   1.7726350e+06   2.6000977e+01
   1.7726560e+06   3.1982422e+01
   1.7908550e+06   3.0639648e+01
   1.7914700e+06   2.8015137e+01
   1.8128150e+06   4.1076660e+01
   1.8128900e+06   2.8808594e+01
   1.8129860e+06   3.0273438e+01
   1.8131310e+06   2.7648926e+01
   1.8298910e+06   2.6550293e+01
   1.8308550e+06   2.5878906e+01
   1.8331170e+06   2.7832031e+01
   1.8738130e+06   4.5349121e+01
   1.8738910e+06   2.6123047e+01
   1.8739290e+06   2.8137207e+01
   1.8739550e+06   2.8564453e+01
   1.8929580e+06   3.4973145e+01
   1.9306480e+06   3.9001465e+01
   1.9306640e+06   2.9846191e+01
   1.9307900e+06   3.0334473e+01
   1.9310190e+06   3.4484863e+01
   1.9312670e+06   2.6672363e+01
   1.9314810e+06   3.0517578e+01
   1.9530570e+06   3.1738281e+01
   1.9847180e+06   3.5644531e+01
   1.9847490e+06   2.9418945e+01
   1.9848480e+06   3.2775879e+01
   2.0077700e+06   3.0700684e+01
   2.0100590e+06   4.2846680e+01
   2.0101380e+06   4.6508789e+01
   2.0102660e+06   3.1005859e+01
   2.0207170e+06   2.7160645e+01
   2.0499350e+06   4.3029785e+01
   2.0500000e+06   4.0893555e+01
   2.0644880e+06   2.7282715e+01
   2.0645770e+06   2.5695801e+01
   2.0652670e+06   3.0334473e+01
   2.0661080e+06   2.5695801e+01
   2.0710310e+06   4.0527344e+01
   2.0715500e+06   3.8452148e+01
   2.0715620e+06   3.0395508e+01
   2.0869550e+06   4.3579102e+01
   2.0886130e+06   3.9489746e+01
   2.0887200e+06   3.0700684e+01
   2.0887390e+06   3.0944824e+01
   2.1185130e+06   2.6428223e+01
   2.1188970e+06   2.6550293e+01
   2.1200610e+06   4.5837402e+01
   2.1433000e+06   2.6245117e+01
   2.1433490e+06   4.1381836e+01
   2.1851510e+06   3.7597656e+01
   2.1852780e+06   2.6733398e+01
   2.2083090e+06   2.6306152e+01
   2.2085810e+06   2.9968262e+01
   2.2094900e+06   3.6132812e+01
   2.2096770e+06   3.4118652e+01
   2.2357960e+06   2.6428223e+01
   2.2361000e+06   2.6489258e+01
   2.2373490e+06   4.1931152e+01
   2.2375930e+06   2.6977539e+01
   2.2723610e+06   3.4606934e+01
   2.2723720e+06   2.8198242e+01
   2.2725180e+06   2.7160645e+01
   2.2880240e+06   2.6794434e+01
   2.2898720e+06   3.0639648e+01
   2.2903450e+06   3.6682129e+01
   2.2904090e+06   2.6428223e+01
   2.2923290e+06   2.7404785e+01
   2.3140030e+06   3.4912109e+01
   2.3149180e+06   3.9184570e+01
   2.3151740e+06   2.5939941e+01
   2.3152310e+06   3.6804199e+01
   2.3401300e+06   2.6367188e+01
   2.3404070e+06   2.6916504e+01
   2.3408010e+06   2.7832031e+01
   2.3414990e+06   2.8564453e+01
   2.3415330e+06   4.5715332e+01
   2.3644730e+06   2.6123047e+01
   2.3651030e+06   2.6306152e+01
   2.3685230e+06   2.9724121e+01
   2.3850430e+06   2.5817871e+01
   2.4164780e+06   4.5227051e+01
   2.4165450e+06   3.4790039e+01
   2.4693920e+06   3.7353516e+01
   2.4954760e+06   3.9672852e+01
   2.5126620e+06   2.6977539e+01
   2.5128800e+06   2.8747559e+01
   2.5711800e+06   2.6428223e+01
   2.5816160e+06   2.5939941e+01
   2.5848940e+06   3.1677246e+01
   2.6173830e+06   2.6000977e+01
   2.6432530e+06   2.5817871e+01
   2.6449180e+06   2.7343750e+01
   2.6449530e+06   6.1584473e+01
   2.6451630e+06   3.2348633e+01
   2.6609730e+06   2.6367188e+01
   2.7503940e+06   2.9296875e+01
   2.7507780e+06   2.7770996e+01
   2.7517820e+06   2.8137207e+01
   2.7546470e+06   2.8259277e+01
   2.7845270e+06   4.6691895e+01
   2.7845640e+06   3.4729004e+01
   2.7845980e+06   2.6672363e+01
   2.7846340e+06   2.9541016e+01
   2.7846800e+06   3.1311035e+01
   2.8035850e+06   2.6550293e+01
   2.8076010e+06   2.6733398e+01
   2.8465360e+06   2.7526855e+01
   2.8471380e+06   2.5878906e+01
   2.8755360e+06   3.7841797e+01
   2.8756510e+06   3.6743164e+01
   2.9196040e+06   2.5756836e+01
   2.9238220e+06   2.5939941e+01
   2.9394850e+06   2.7038574e+01
   2.9415730e+06   2.6000977e+01
   2.9637250e+06   3.0944824e+01
   2.9638010e+06   3.1738281e+01
   2.9638930e+06   3.0334473e+01
   2.9639440e+06   5.0354004e+01
   2.9639660e+06   2.8503418e+01
   2.9639800e+06   2.7893066e+01
   2.9640150e+06   2.8869629e+01
   2.9640260e+06   4.6325684e+01
   2.9640880e+06   4.0344238e+01
   2.9641470e+06   2.9785156e+01
   2.9641830e+06   3.9001465e+01
   2.9642120e+06   2.6306152e+01
   2.9771350e+06   3.1860352e+01
   2.9771490e+06   2.7954102e+01
   2.9771870e+06   5.4199219e+01
   2.9772000e+06   4.8583984e+01
   2.9772260e+06   2.8076172e+01
   2.9772620e+06   2.6672363e+01
   2.9772820e+06   2.5939941e+01
   2.9773250e+06   3.7902832e+01
   2.9773530e+06   3.1127930e+01
   2.9775000e+06   2.7160645e+01
   2.9775520e+06   2.6123047e+01
   2.9776350e+06   2.8747559e+01
   2.9797070e+06   2.7221680e+01
   2.9941230e+06   2.8442383e+01
   2.9941740e+06   4.7241211e+01
   2.9942570e+06   4.0588379e+01
   2.9943020e+06   3.7597656e+01
   2.9943200e+06   2.9602051e+01
   2.9943310e+06   3.0700684e+01
   2.9944020e+06   3.6621094e+01
   2.9944380e+06   2.6733398e+01
   2.9945700e+06   2.6123047e+01
   2.9952700e+06   2.6123047e+01
   3.0169990e+06   2.7343750e+01
   3.0170140e+06   4.3029785e+01
   3.0170370e+06   5.1086426e+01
   3.0170620e+06   3.1127930e+01
   3.0170880e+06   4.6875000e+01
   3.0171090e+06   2.6611328e+01
   3.0171350e+06   3.1066895e+01
   3.0171700e+06   4.6875000e+01
   3.0172170e+06   3.0639648e+01
   3.0172990e+06   2.7954102e+01
   3.0178310e+06   2.8442383e+01
   3.0182870e+06   2.6489258e+01
   3.0183950e+06   2.6123047e+01
   3.0353530e+06   2.7404785e+01
   3.0353640e+06   2.6733398e+01
   3.0353880e+06   4.5898438e+01
   3.0354060e+06   4.1198730e+01
   3.0354230e+06   5.6213379e+01
   3.0354570e+06   3.9794922e+01
   3.0354680e+06   3.0761719e+01
   3.0355030e+06   4.4677734e+01
   3.0355380e+06   3.0456543e+01
   3.0355950e+06   2.8991699e+01
   3.0356370e+06   2.7038574e+01
   3.0362380e+06   3.1250000e+01
   3.0363320e+06   3.0517578e+01
   3.0365560e+06   2.6916504e+01
   3.0743490e+06   3.2897949e+01
   3.0745880e+06   2.6855469e+01
   3.0747780e+06   3.4240723e+01
   3.0756010e+06   2.8198242e+01
   3.0876500e+06   3.4545898e+01
   3.0876830e+06   3.1677246e+01
   3.0878110e+06   2.7465820e+01
   3.0878330e+06   2.6916504e+01
   3.0878680e+06   3.8085938e+01
   3.0878970e+06   2.8381348e+01
   3.0879140e+06   5.7067871e+01
   3.0879410e+06   3.6499023e+01
   3.0879670e+06   2.8747559e+01
   3.0879920e+06   2.6367188e+01
   3.0880200e+06   3.3813477e+01
   3.0880340e+06   3.0517578e+01
   3.0880710e+06   3.4545898e+01
   3.0881340e+06   2.7282715e+01
   3.0882420e+06   2.9846191e+01
   3.1325640e+06   2.7832031e+01
   3.1326680e+06   4.4372559e+01
   3.1328460e+06   3.0151367e+01
   3.1328840e+06   3.2592773e+01
   3.1328980e+06   4.0588379e+01
   3.1329090e+06   5.9875488e+01
   3.1329780e+06   3.6926270e+01
   3.1329970e+06   3.2897949e+01
   3.1330320e+06   3.0151367e+01
   3.1330710e+06   3.4606934e+01
   3.1331110e+06   3.9916992e+01
   3.1331230e+06   3.9184570e+01
   3.1478270e+06   2.8930664e+01
   3.1478530e+06   7.2204590e+01
   3.1478880e+06   3.9672852e+01
   3.1479200e+06   3.7292480e+01
   3.1479360e+06   4.3395996e+01
   3.1479520e+06   2.6062012e+01
   3.1480290e+06   2.9235840e+01
   3.1480630e+06   2.6794434e+01
   3.1815940e+06   2.6184082e+01
   3.1816310e+06   4.0527344e+01
   3.1816940e+06   3.1738281e+01
   3.1817070e+06   4.8950195e+01
   3.1817290e+06   3.9001465e+01
   3.1817870e+06   2.6611328e+01
   3.1818190e+06   4.2724609e+01
   3.1819200e+06   2.7038574e+01
   3.1821280e+06   2.6489258e+01
   3.2055190e+06   3.5583496e+01
   3.2056020e+06   4.5043945e+01
   3.2056360e+06   3.9123535e+01
   3.2056750e+06   3.1799316e+01
   3.2057340e+06   2.9968262e+01
   3.2057620e+06   4.2236328e+01
   3.2058030e+06   2.9052734e+01
   3.2059060e+06   3.1005859e+01
   3.2059460e+06   3.1494141e+01
   3.2309800e+06   2.6245117e+01
   3.2310270e+06   2.7893066e+01
   3.2311080e+06   2.8747559e+01
   3.2312190e+06   2.9418945e+01
   3.2312460e+06   2.9541016e+01
   3.2312720e+06   3.6682129e+01
   3.2612260e+06   2.6367188e+01
   3.2615270e+06   2.8198242e+01
   3.2616530e+06   2.8076172e+01
   3.2617340e+06   2.6000977e+01
   3.2617780e+06   2.9724121e+01
   3.2618310e+06   3.5949707e+01
   3.2619030e+06   2.7282715e+01
   3.2619330e+06   2.6245117e+01
   3.2819830e+06   2.9113770e+01
   3.2820780e+06   3.3081055e+01
   3.2822670e+06   3.3081055e+01
   3.2823860e+06   2.9235840e+01
   3.2825070e+06   2.6855469e+01
   3.2825350e+06   3.3203125e+01
   3.2825700e+06   3.5522461e+01
   3.2826070e+06   3.2409668e+01
   3.2826370e+06   3.3325195e+01
   3.2826660e+06   3.4423828e+01
   3.2827220e+06   2.7587891e+01
   3.2974950e+06   2.9357910e+01
   3.2975280e+06   4.2419434e+01
   3.2977090e+06   3.3813477e+01
   3.2978080e+06   2.8686523e+01
   3.2979320e+06   5.8593750e+01
   3.2980730e+06   3.3813477e+01
   3.2981240e+06   2.6977539e+01
   3.3217610e+06   2.9663086e+01
   3.3219730e+06   3.2104492e+01
   3.3221450e+06   2.9602051e+01
   3.3222000e+06   3.3325195e+01
   3.3223920e+06   3.0883789e+01
   3.3227220e+06   3.3874512e+01
   3.3412700e+06   3.2348633e+01
   3.3416150e+06   3.1188965e+01
   3.3424220e+06   2.8137207e+01
   3.3426090e+06   2.6306152e+01
   3.3426440e+06   2.7099609e+01
   3.3428140e+06   2.8869629e+01
   3.3506180e+06   4.4982910e+01
   3.3506390e+06   2.7770996e+01
   3.3506690e+06   2.7160645e+01
   3.3506810e+06   3.6621094e+01
   3.3507730e+06   2.6367188e+01
   3.3507890e+06   3.2958984e+01
   3.3508210e+06   2.8625488e+01
   3.3508590e+06   2.9846191e+01
   3.3509410e+06   2.8625488e+01
   3.3510300e+06   2.8076172e+01
   3.3510640e+06   2.7221680e+01
   3.3761870e+06   2.6062012e+01
   3.3764800e+06   2.6855469e+01
   3.3767210e+06   3.4790039e+01
   3.3778140e+06   3.0456543e+01
   3.3892120e+06   3.2226562e+01
   3.3894520e+06   2.9724121e+01
   3.3971220e+06   2.6245117e+01
   3.3971790e+06   3.4179688e+01
   3.3974420e+06   2.8076172e+01
   3.3978900e+06   3.5461426e+01
   3.3985370e+06   3.1982422e+01
   3.4067230e+06   2.8259277e+01
   3.4069540e+06   2.6306152e+01
   3.4069960e+06   3.8574219e+01
   3.4071330e+06   2.7465820e+01
   3.4473560e+06   2.9174805e+01
   3.4491450e+06   2.6916504e+01
   3.4493440e+06   2.6184082e+01
   3.4689770e+06   3.9184570e+01
   3.4689940e+06   2.8930664e+01
   3.4691990e+06   2.9663086e+01
   3.4696060e+06   2.9357910e+01
   3.4705740e+06   2.8808594e+01
   3.4705980e+06   3.6437988e+01
   3.4706120e+06   4.7119141e+01
   3.4706340e+06   2.6245117e+01
   3.4706530e+06   3.7597656e+01
   3.4706800e+06   4.1076660e+01
   3.4706950e+06   2.6611328e+01
   3.4707310e+06   2.6367188e+01
   3.4707530e+06   3.2836914e+01
   3.4942420e+06   2.7038574e+01
   3.4944470e+06   2.7465820e+01
   3.4947280e+06   3.2531738e+01
   3.4955200e+06   3.8330078e+01
   3.4955940e+06   2.6000977e+01
   3.4967260e+06   2.8869629e+01
   3.5397510e+06   3.2226562e+01
   3.5399790e+06   2.8808594e+01
   3.6000520e+06   4.6447754e+01
   3.6001190e+06   2.9602051e+01
   3.6001460e+06   2.6794434e+01
   3.6093010e+06   3.2287598e+01
   3.6098600e+06   3.0456543e+01
   3.6131290e+06   2.9663086e+01
   3.6470990e+06   2.9296875e+01
   3.7329480e+06   2.6794434e+01
   3.7344490e+06   2.8442383e+01
   3.7344610e+06   7.8063965e+01
   3.7344870e+06   3.4362793e+01
   3.7344970e+06   3.5217285e+01
   3.7345170e+06   3.0029297e+01
   3.7345750e+06   2.8930664e+01
   3.7345940e+06   3.1066895e+01
   3.7346480e+06   2.8198242e+01
   3.7462870e+06   3.2104492e+01
   3.7589680e+06   2.8625488e+01
   3.7590560e+06   2.7893066e+01
   3.7591400e+06   3.3325195e+01
   3.7618840e+06   3.4423828e+01
   3.7873900e+06   2.8869629e+01
   3.7874280e+06   3.5583496e+01
   3.7874450e+06   2.8808594e+01
   3.7874720e+06   3.0700684e+01
   3.7875200e+06   2.9296875e+01
   3.7875420e+06   2.7709961e+01
   3.7875750e+06   3.7048340e+01
   3.7876690e+06   2.7526855e+01
   3.8265540e+06   4.4860840e+01
   3.8266190e+06   2.7587891e+01
   3.8267470e+06   3.1616211e+01
   3.8267920e+06   2.8747559e+01
   3.8556670e+06   3.8024902e+01
   3.8557810e+06   2.7099609e+01
   3.8565500e+06   2.6245117e+01
   3.8623130e+06   2.6733398e+01
   3.9194710e+06   2.7343750e+01
   3.9221480e+06   3.5278320e+01
   3.9222460e+06   2.9174805e+01
   3.9534540e+06   2.7221680e+01
   3.9534770e+06   2.6916504e+01
   3.9534920e+06   2.7465820e+01
   3.9535300e+06   3.1677246e+01
   3.9535610e+06   3.2836914e+01
   3.9535800e+06   3.1799316e+01
   3.9536020e+06   3.2653809e+01
   3.9536290e+06   2.7832031e+01
   3.9536910e+06   2.6245117e+01
   3.9758680e+06   2.6794434e+01
   3.9760710e+06   2.8686523e+01
   4.0023060e+06   2.7221680e+01
   4.0230470e+06   2.7770996e+01
   4.0230720e+06   3.8146973e+01
   4.0231490e+06   3.1555176e+01
   4.1014480e+06   3.3935547e+01
   4.1233240e+06   2.6794434e+01
   4.1233470e+06   4.9072266e+01
   4.1449050e+06   3.2531738e+01
   4.1819120e+06   2.6123047e+01
   4.2082380e+06   2.8137207e+01
   4.2192180e+06   2.6794434e+01
   4.2198750e+06   3.2165527e+01
   4.2429180e+06   3.6315918e+01
   4.2430990e+06   3.0273438e+01
   4.2834260e+06   2.9846191e+01
   4.2834770e+06   2.7893066e+01
   4.3007090e+06   2.6306152e+01
   4.3165710e+06   3.9672852e+01
   4.3233700e+06   2.6245117e+01
   4.3320800e+06   3.3935547e+01
   4.3559520e+06   2.7160645e+01
   4.3610860e+06   2.7832031e+01
   4.3996270e+06   3.2348633e+01
   4.4181180e+06   2.8259277e+01
   4.4181330e+06   4.6081543e+01
   4.4182620e+06   2.6733398e+01
   4.4183210e+06   4.3151855e+01
   4.4183490e+06   2.8930664e+01
   4.4754840e+06   2.7893066e+01
   4.4800070e+06   2.7709961e+01
   4.5249250e+06   2.9907227e+01
   4.5273390e+06   2.6916504e+01
   4.5607290e+06   2.6000977e+01
   4.5937920e+06   2.7832031e+01
   4.5953150e+06   2.9724121e+01
   4.6295640e+06   2.6489258e+01
   4.6306250e+06   2.6428223e+01
   4.6545290e+06   3.1494141e+01
   4.6545580e+06   2.7404785e+01
   4.6545900e+06   2.8503418e+01
   4.6546120e+06   3.6010742e+01
   4.6546380e+06   2.7404785e+01
   4.6546690e+06   3.7719727e+01
   4.6547030e+06   3.1555176e+01
   4.6697200e+06   3.3996582e+01
   4.6709020e+06   3.2104492e+01
   4.6710810e+06   2.8686523e+01
   4.6713940e+06   4.0893555e+01
   4.6714660e+06   2.7160645e+01
   4.6715470e+06   2.9541016e+01
   4.6899160e+06   2.7282715e+01
   4.6900200e+06   2.7221680e+01
   4.6902660e+06   3.0090332e+01
   4.7284240e+06   2.8991699e+01
   4.7284660e+06   4.0161133e+01
   4.7284820e+06   2.6184082e+01
   4.7285090e+06   3.1921387e+01
   4.7285920e+06   3.2775879e+01
   4.7286440e+06   2.6367188e+01
   4.7286940e+06   2.6367188e+01
   4.7489970e+06   2.7954102e+01
   4.7491970e+06   3.2653809e+01
   4.7553410e+06   4.1442871e+01
   4.7636310e+06   2.8625488e+01
   4.7637960e+06   2.6489258e+01
   4.7638510e+06   3.5400391e+01
   4.7644150e+06   3.6804199e+01
   4.7767580e+06   2.6184082e+01
   4.7778210e+06   2.9113770e+01
   4.7912150e+06   2.9174805e+01
   4.7947590e+06   2.6367188e+01
   4.7951760e+06   3.7170410e+01
   4.8047710e+06   2.7954102e+01
   4.8124360e+06   2.6245117e+01
   4.8170370e+06   2.6306152e+01
   4.8170830e+06   5.1574707e+01
   4.8171520e+06   2.7404785e+01
   4.8171760e+06   2.8686523e+01
   4.8172330e+06   2.6977539e+01
   4.8172790e+06   2.6062012e+01
   4.8174640e+06   2.7648926e+01
   4.8410690e+06   2.9235840e+01
   4.8902740e+06   3.1188965e+01
   4.8904830e+06   2.6489258e+01
   4.8905140e+06   3.3447266e+01
   4.8907300e+06   2.6489258e+01
   4.8911830e+06   3.2531738e+01
   4.8915400e+06   3.7902832e+01
   4.8916750e+06   2.7099609e+01
   4.8919070e+06   3.3752441e+01
   4.8922760e+06   2.9235840e+01
   4.8924440e+06   2.9479980e+01
   4.8925950e+06   2.8747559e+01
   4.8928590e+06   3.2653809e+01
   4.9016500e+06   2.7526855e+01
   4.9025080e+06   2.7343750e+01
   4.9027150e+06   2.9724121e+01
   4.9140040e+06   3.5888672e+01
   4.9142100e+06   2.6000977e+01
   4.9293050e+06   2.7221680e+01
   4.9386240e+06   2.9113770e+01
   4.9388480e+06   2.6428223e+01
   4.9389720e+06   2.6672363e+01
   4.9391580e+06   2.8686523e+01
   4.9544360e+06   2.6794434e+01
   4.9668490e+06   3.1188965e+01
   4.9679640e+06   2.6489258e+01
   4.9873480e+06   3.6499023e+01
   4.9875630e+06   3.3569336e+01
   4.9980510e+06   3.3508301e+01
   4.9981640e+06   2.6916504e+01
   5.0050260e+06   4.3395996e+01
   5.0050830e+06   2.6916504e+01
   5.0051290e+06   2.7770996e+01
   5.0051540e+06   2.7343750e+01
   5.0181400e+06   3.2531738e+01
   5.0569460e+06   2.9052734e+01
   5.0569730e+06   4.1687012e+01
   5.0569880e+06   2.6855469e+01
   5.0570440e+06   2.7893066e+01
   5.0570790e+06   2.8259277e+01
   5.0699820e+06   2.9846191e+01
   5.1041660e+06   2.8137207e+01
   5.1462730e+06   2.8198242e+01
   5.1818030e+06   3.4851074e+01
   5.1818370e+06   3.6132812e+01
   5.1818650e+06   3.9978027e+01
   5.1818850e+06   2.6062012e+01
   5.1819140e+06   3.4606934e+01
   5.1819370e+06   3.2043457e+01
   5.1819670e+06   3.1860352e+01
   5.1820820e+06   3.5522461e+01
   5.1821760e+06   3.0334473e+01
   5.1822950e+06   3.1372070e+01
   5.1971600e+06   4.3884277e+01
   5.1973500e+06   2.6062012e+01
   5.1973670e+06   4.3579102e+01
   5.1974650e+06   2.9296875e+01
   5.1974980e+06   4.4616699e+01
   5.1975150e+06   3.9672852e+01
   5.1975400e+06   2.6916504e+01
   5.1975720e+06   3.6071777e+01
   5.1975920e+06   3.3447266e+01
   5.1976100e+06   2.9174805e+01
   5.1976220e+06   3.5461426e+01
   5.1976480e+06   2.7160645e+01
   5.1977310e+06   2.6794434e+01
   5.2168840e+06   2.6367188e+01
   5.2169480e+06   2.7709961e+01
   5.2169820e+06   2.6916504e+01
   5.2170050e+06   2.8808594e+01
   5.2170960e+06   2.8625488e+01
   5.2171310e+06   2.7221680e+01
   5.2171410e+06   2.9541016e+01
   5.2172490e+06   2.6000977e+01
   5.2172740e+06   2.7282715e+01
   5.2174020e+06   3.3142090e+01
   5.2395890e+06   2.6672363e+01
   5.2440330e+06   2.6306152e+01
   5.2536920e+06   3.7170410e+01
   5.2541210e+06   2.7893066e+01
   5.2583030e+06   3.5217285e+01
   5.2585110e+06   2.6062012e+01
   5.2606650e+06   3.6865234e+01
   5.2607120e+06   2.8991699e+01
   5.2609210e+06   3.5949707e+01
   5.2821690e+06   2.6306152e+01
   5.2857150e+06   2.6672363e+01
   5.3018250e+06   2.9235840e+01
   5.3018520e+06   3.3020020e+01
   5.3018770e+06   3.7231445e+01
   5.3019090e+06   4.9560547e+01
   5.3019260e+06   4.1870117e+01
   5.3019700e+06   3.0822754e+01
   5.3019980e+06   2.7648926e+01
   5.3020340e+06   3.4057617e+01
   5.3020940e+06   3.0212402e+01
   5.3318340e+06   2.6367188e+01
   5.3319650e+06   2.6916504e+01
   5.3319810e+06   3.3203125e+01
   5.3320180e+06   2.8808594e+01
   5.3320380e+06   4.1137695e+01
   5.3320540e+06   3.2592773e+01
   5.3320860e+06   2.7587891e+01
   5.3321170e+06   2.9418945e+01
   5.3321420e+06   2.6000977e+01
   5.3321680e+06   2.9235840e+01
   5.3616300e+06   2.9418945e+01
   5.3617700e+06   2.6733398e+01
   5.3618780e+06   3.6499023e+01
   5.3621710e+06   3.2104492e+01
   5.4076850e+06   4.0954590e+01
   5.4077410e+06   3.0334473e+01
   5.4077770e+06   2.7893066e+01
   5.4078090e+06   2.8564453e+01
   5.4078840e+06   2.8198242e+01
   5.4078940e+06   3.1433105e+01
   5.4079290e+06   3.1494141e+01
   5.4080450e+06   2.6550293e+01
   5.4283990e+06   2.9968262e+01
   5.4285760e+06   3.2043457e+01
   5.4287750e+06   2.6428223e+01
   5.4463780e+06   2.6733398e+01
   5.4479290e+06   3.2958984e+01
   5.4826680e+06   2.8747559e+01
   5.4828120e+06   2.9968262e+01
   5.4829380e+06   2.9296875e+01
   5.5046140e+06   3.1188965e+01
   5.5048690e+06   5.1391602e+01
   5.5432820e+06   2.6977539e+01
   5.5457700e+06   3.3020020e+01
   5.6092060e+06   2.6062012e+01
   5.6596700e+06   2.7770996e+01
   5.6597030e+06   4.8645020e+01
   5.6597590e+06   2.8686523e+01
   5.6598810e+06   2.6672363e+01
   5.6599060e+06   2.6245117e+01
   5.6599310e+06   3.0517578e+01
   5.6713920e+06   2.8137207e+01
   5.7210480e+06   2.6550293e+01
   5.7303000e+06   2.7893066e+01
   5.8079760e+06   2.6672363e+01
   5.8659520e+06   2.6184082e+01
   5.8845960e+06   3.0761719e+01
   5.9044360e+06   3.1005859e+01
   5.9145490e+06   3.0578613e+01
   5.9146040e+06   3.1616211e+01
   5.9396020e+06   2.7526855e+01
   5.9411780e+06   2.6855469e+01
   5.9696240e+06   3.6376953e+01
   5.9696340e+06   2.6916504e+01
   5.9696560e+06   2.6000977e+01
   5.9697000e+06   2.7832031e+01
   5.9697350e+06   3.4729004e+01
   5.9697640e+06   2.8198242e+01
   5.9698300e+06   2.6000977e+01
   5.9699450e+06   3.4362793e+01
   5.9700040e+06   2.7893066e+01
   5.9856540e+06   2.6000977e+01
   5.9880080e+06   2.8137207e+01
   6.0007680e+06   3.1799316e+01
   6.0007880e+06   4.0405273e+01
   6.0008090e+06   3.6010742e+01
   6.0008230e+06   3.5522461e+01
   6.0008530e+06   3.2958984e+01
   6.0008650e+06   3.6071777e+01
   6.0008970e+06   4.5288086e+01
   6.0009350e+06   2.8137207e+01
   6.0009560e+06   3.7780762e+01
   6.0009940e+06   2.9418945e+01
   6.0148050e+06   2.7038574e+01
   6.0440320e+06   3.3569336e+01
   6.0443100e+06   3.0883789e+01
   6.0445030e+06   3.0273438e+01
   6.0448590e+06   2.6611328e+01
   6.0478280e+06   3.2287598e+01
   6.0728700e+06   4.0161133e+01
   6.0729540e+06   2.9785156e+01
   6.0729790e+06   2.9357910e+01
   6.0730360e+06   2.8076172e+01
   6.0730630e+06   2.8930664e+01
   6.0730820e+06   2.7648926e+01
   6.0935620e+06   4.0283203e+01
   6.1484690e+06   2.6367188e+01
   6.1575660e+06   4.6447754e+01
   6.1706720e+06   3.2043457e+01
   6.1708330e+06   2.7954102e+01
   6.1731880e+06   4.7546387e+01
   6.1732500e+06   3.3996582e+01
   6.1936360e+06   3.0639648e+01
   6.1941240e+06   3.1494141e+01
   6.1965630e+06   2.8991699e+01
   6.2162920e+06   2.9052734e+01
   6.2626780e+06   4.6020508e+01
   6.2626950e+06   2.7709961e+01
   6.2628060e+06   2.6611328e+01
   6.2628350e+06   2.6855469e+01
   6.2628780e+06   2.7954102e+01
   6.2929390e+06   2.6550293e+01
   6.3045670e+06   2.9113770e+01
   6.3046730e+06   2.7404785e+01
   6.3143340e+06   2.6428223e+01
   6.3179120e+06   3.2165527e+01
   6.3181310e+06   3.1860352e+01
   6.3298360e+06   3.4118652e+01
   6.3299410e+06   2.7099609e+01
   6.3337130e+06   2.6245117e+01
   6.3337750e+06   2.9357910e+01
   6.3338590e+06   2.6855469e+01
   6.3668740e+06   3.0456543e+01
   6.3935700e+06   4.4799805e+01
   6.4293890e+06   2.7099609e+01
   6.4456550e+06   2.6428223e+01
   6.4471430e+06   2.6550293e+01
   6.4628880e+06   2.7282715e+01
   6.4633940e+06   2.6916504e+01
   6.4680420e+06   3.7475586e+01
   6.4681530e+06   3.6804199e+01
   6.5481800e+06   2.6977539e+01
   6.5482390e+06   2.9968262e+01
   6.5482630e+06   5.4870605e+01
   6.5482930e+06   4.0588379e+01
   6.5483180e+06   3.9611816e+01
   6.5483530e+06   3.1127930e+01
   6.5483930e+06   3.7658691e+01
   6.5484610e+06   2.9357910e+01
   6.5485860e+06   3.1005859e+01
   6.5487200e+06   2.6184082e+01
   6.5625770e+06   2.9052734e+01
   6.5628110e+06   3.2409668e+01
   6.5628990e+06   2.6489258e+01
   6.5630110e+06   3.5644531e+01
   6.5630490e+06   2.9357910e+01
   6.5630800e+06   3.0334473e+01
   6.5630960e+06   5.1757812e+01
   6.5631110e+06   2.6611328e+01
   6.5631460e+06   3.4606934e+01
   6.5631560e+06   3.5095215e+01
   6.5631780e+06   2.9235840e+01
   6.5632070e+06   2.9479980e+01
   6.5632440e+06   2.6977539e+01
   6.5632750e+06   2.8259277e+01
   6.5633330e+06   2.8320312e+01
   6.5637450e+06   2.7160645e+01
   6.5791750e+06   3.0029297e+01
   6.5794000e+06   2.8686523e+01
   6.5794290e+06   2.7404785e+01
   6.5794450e+06   2.6306152e+01
   6.5796850e+06   2.6733398e+01
   6.5797000e+06   3.2348633e+01
   6.5798300e+06   2.7221680e+01
   6.5798760e+06   2.6245117e+01
   6.5800700e+06   2.9907227e+01
   6.5909040e+06   3.8940430e+01
   6.6076370e+06   3.9855957e+01
   6.6076660e+06   3.0029297e+01
   6.6077360e+06   2.7282715e+01
   6.6077580e+06   2.7038574e+01
   6.6077980e+06   3.4912109e+01
   6.6079340e+06   2.9724121e+01
   6.6080140e+06   2.6306152e+01
   6.6080880e+06   2.8259277e+01
   6.6305030e+06   3.3691406e+01
   6.6519400e+06   3.0517578e+01
   6.6521300e+06   3.2775879e+01
   6.6571240e+06   4.6203613e+01
   6.6572120e+06   3.5644531e+01
   6.6573050e+06   2.8869629e+01
   6.6573370e+06   3.1555176e+01
   6.7012710e+06   2.6611328e+01
   6.7019200e+06   2.7282715e+01
   6.7023760e+06   4.0954590e+01
   6.7275610e+06   2.8137207e+01
   6.7307480e+06   3.3935547e+01
   6.7307670e+06   2.7832031e+01
   6.7308170e+06   2.9724121e+01
   6.7924350e+06   2.6794434e+01
   6.7924780e+06   2.7282715e+01
   6.7928600e+06   2.9235840e+01
   6.8112770e+06   2.6916504e+01
   6.8113610e+06   4.9621582e+01
   6.8113710e+06   2.8442383e+01
   6.8114350e+06   3.5522461e+01
   6.8114600e+06   2.7160645e+01
   6.8114930e+06   2.9113770e+01
   6.8116760e+06   2.6855469e+01
   6.8257960e+06   3.3264160e+01
   6.8258490e+06   2.8991699e+01
   6.8260150e+06   2.7404785e+01
   6.8260630e+06   3.2592773e+01
   6.8262240e+06   2.9418945e+01
   6.8262660e+06   4.6447754e+01
   6.8263980e+06   2.6977539e+01
   6.8439660e+06   2.8503418e+01
   6.8579100e+06   3.1555176e+01
   6.8579720e+06   2.7587891e+01
   6.8579960e+06   3.3813477e+01
   6.8580380e+06   3.8024902e+01
   6.8580570e+06   2.8442383e+01
   6.8580910e+06   3.9367676e+01
   6.8581080e+06   2.6306152e+01
   6.8581420e+06   2.9052734e+01
   6.8583180e+06   2.7954102e+01
   6.9259790e+06   2.6550293e+01
   6.9445320e+06   2.8015137e+01
   6.9445820e+06   3.7963867e+01
   6.9445970e+06   3.2897949e+01
   6.9446190e+06   4.1503906e+01
   6.9446290e+06   2.8686523e+01
   6.9446550e+06   3.5034180e+01
   6.9446920e+06   2.9113770e+01
   6.9447230e+06   4.1076660e+01
   6.9632370e+06   2.6428223e+01
   6.9768460e+06   2.7221680e+01
   6.9922530e+06   2.9907227e+01
   6.9923100e+06   3.2653809e+01
   7.0119610e+06   2.7099609e+01
   7.0395110e+06   3.5705566e+01
   7.0395810e+06   2.6672363e+01
   7.0396540e+06   2.7404785e+01
   7.0398070e+06   2.8564453e+01
   7.0639830e+06   3.1005859e+01
   7.0646850e+06   2.7832031e+01
   7.1090910e+06   3.0761719e+01
   7.1091250e+06   3.0395508e+01
   7.1091380e+06   5.8715820e+01
   7.1091490e+06   4.0283203e+01
   7.1091710e+06   2.8015137e+01
   7.1091870e+06   5.0720215e+01
   7.1092040e+06   3.6132812e+01
   7.1092300e+06   2.8930664e+01
   7.1092410e+06   3.4851074e+01
   7.1092800e+06   3.1188965e+01
   7.1093060e+06   3.1066895e+01
   7.1093190e+06   2.8015137e+01
   7.1093770e+06   2.6184082e+01
   7.1275620e+06   3.4301758e+01
   7.1279440e+06   2.7526855e+01
   7.1279550e+06   5.4565430e+01
   7.1279980e+06   3.2348633e+01
   7.1280230e+06   3.0578613e+01
   7.1280440e+06   2.7770996e+01
   7.1280590e+06   2.8808594e+01
   7.1424380e+06   3.4179688e+01
   7.1425390e+06   2.9541016e+01
   7.1425990e+06   3.1005859e+01
   7.1428940e+06   2.6733398e+01
   7.1431070e+06   2.8259277e+01
   7.1434450e+06   4.4189453e+01
   7.1438720e+06   2.6367188e+01
   7.1634900e+06   2.7404785e+01
   7.1635640e+06   4.3151855e+01
   7.1646210e+06   2.8869629e+01
   7.1653820e+06   3.9306641e+01
   7.1913200e+06   3.5278320e+01
   7.2024340e+06   4.6569824e+01
   7.2025030e+06   3.5461426e+01
   7.2025820e+06   3.0456543e+01
   7.2263950e+06   2.6672363e+01
   7.2271560e+06   3.0151367e+01
   7.2358420e+06   4.5532227e+01
   7.2358620e+06   2.7954102e+01
   7.2359300e+06   2.8503418e+01
   7.2359810e+06   2.9846191e+01
   7.2465010e+06   2.7587891e+01
   7.2470840e+06   3.4118652e+01
   7.2678470e+06   4.3762207e+01
   7.2679490e+06   2.9602051e+01
   7.3016930e+06   2.6977539e+01
   7.3145360e+06   2.9418945e+01
   7.3146510e+06   2.7954102e+01
   7.3148180e+06   2.8137207e+01
   7.3204210e+06   2.9113770e+01
   7.3205280e+06   2.6672363e+01
   7.3419890e+06   2.9235840e+01
   7.3692490e+06   3.6865234e+01
   7.3692680e+06   2.6916504e+01
   7.3693570e+06   2.7343750e+01
   7.3694880e+06   2.7282715e+01
   7.3697350e+06   2.8442383e+01
   7.4072710e+06   2.6245117e+01
   7.4074070e+06   2.9174805e+01
   7.4074520e+06   3.2287598e+01
   7.4075010e+06   3.9978027e+01
   7.4075180e+06   3.5095215e+01
   7.4075570e+06   4.4372559e+01
   7.4076050e+06   2.8625488e+01
   7.4076150e+06   3.5339355e+01
   7.4076530e+06   2.8869629e+01
   7.4077110e+06   2.9541016e+01
   7.4224530e+06   3.3142090e+01
   7.4225280e+06   3.2653809e+01
   7.4227550e+06   2.9907227e+01
   7.4229350e+06   3.4240723e+01
   7.4230310e+06   2.7648926e+01
   7.4230600e+06   3.2104492e+01
   7.4230990e+06   2.7648926e+01
   7.4380250e+06   4.2724609e+01
   7.4381680e+06   2.6245117e+01
   7.4381900e+06   3.3264160e+01
   7.4382060e+06   3.9978027e+01
   7.4706570e+06   2.6977539e+01
   7.4855840e+06   3.2897949e+01
   7.4857180e+06   2.7282715e+01
   7.4858380e+06   2.6855469e+01
   7.4863950e+06   2.6245117e+01
   7.4864270e+06   3.2836914e+01
   7.5031220e+06   2.6306152e+01
   7.5261250e+06   2.7282715e+01
   7.5262150e+06   2.7832031e+01
   7.5265880e+06   2.8503418e+01
   7.5282430e+06   2.6489258e+01
   7.5733740e+06   3.4606934e+01
   7.5733890e+06   2.7343750e+01
   7.5734100e+06   5.0048828e+01
   7.5734350e+06   3.2714844e+01
   7.5734570e+06   2.6550293e+01
   7.5734700e+06   5.5664062e+01
   7.5734940e+06   4.0588379e+01
   7.5735080e+06   2.9479980e+01
   7.5735340e+06   3.5156250e+01
   7.5735570e+06   2.7648926e+01
   7.5736500e+06   3.1555176e+01
   7.5737240e+06   2.6245117e+01
   7.5738020e+06   2.6184082e+01
   7.5738340e+06   2.6855469e+01
   7.5944500e+06   2.7221680e+01
   7.5946790e+06   3.2470703e+01
   7.5946890e+06   2.6428223e+01
   7.5948970e+06   3.0212402e+01
   7.5949350e+06   2.6489258e+01
   7.5949530e+06   4.1870117e+01
   7.5949660e+06   2.6611328e+01
   7.5949930e+06   3.2104492e+01
   7.5950320e+06   2.7343750e+01
   7.5951060e+06   2.6428223e+01
   7.5951870e+06   3.7170410e+01
   7.5952110e+06   3.8513184e+01
   7.5952760e+06   3.1066895e+01
   7.5952880e+06   3.2348633e+01
   7.6270380e+06   3.6743164e+01
   7.6273180e+06   3.7597656e+01
   7.6273560e+06   2.6489258e+01
   7.6275460e+06   2.8442383e+01
   7.6276580e+06   3.0578613e+01
   7.6279380e+06   3.3935547e+01
   7.6504010e+06   3.3020020e+01
   7.6506340e+06   2.6245117e+01
   7.6511740e+06   2.7343750e+01
   7.6515660e+06   2.6916504e+01
   7.6516430e+06   4.2358398e+01
   7.6517460e+06   3.1921387e+01
   7.6701770e+06   2.7587891e+01
   7.6804710e+06   2.7587891e+01
   7.6812310e+06   3.0517578e+01
   7.6813510e+06   3.2226562e+01
   7.6821830e+06   2.7160645e+01
   7.7290670e+06   2.6611328e+01
   7.7307690e+06   4.2175293e+01
   7.7308070e+06   2.7343750e+01
   7.7308770e+06   3.6254883e+01
   7.7540160e+06   2.6245117e+01
   7.7540500e+06   2.8320312e+01
   7.7546070e+06   2.8015137e+01
   7.7870570e+06   2.9785156e+01
   7.7883180e+06   2.8686523e+01
   7.8169930e+06   2.6489258e+01
   7.8212280e+06   3.0639648e+01
   7.8212500e+06   4.0710449e+01
   7.8212690e+06   4.3212891e+01
   7.8212940e+06   4.4128418e+01
   7.8213180e+06   4.1320801e+01
   7.8213470e+06   2.9418945e+01
   7.8213680e+06   3.2836914e+01
   7.8214050e+06   2.9235840e+01
   7.8214650e+06   3.1982422e+01
   7.8215080e+06   2.9174805e+01
   7.8217330e+06   3.0273438e+01
   7.8368200e+06   3.5156250e+01
   7.8370480e+06   4.5043945e+01
   7.8372120e+06   2.7343750e+01
   7.8373480e+06   2.6245117e+01
   7.8374770e+06   5.1818848e+01
   7.8375690e+06   2.6733398e+01
   7.8751180e+06   2.7221680e+01
   7.8760750e+06   2.6367188e+01
   7.9168900e+06   2.8503418e+01
   7.9174210e+06   2.8747559e+01
   7.9176980e+06   3.3935547e+01
   7.9181570e+06   2.7221680e+01
   7.9505750e+06   3.1311035e+01
   7.9506070e+06   2.6916504e+01
   7.9766910e+06   4.7546387e+01
   7.9767730e+06   2.9174805e+01
   7.9767890e+06   5.5847168e+01
   7.9768590e+06   3.2592773e+01
   7.9769980e+06   3.2836914e+01
   7.9928580e+06   2.8076172e+01
   7.9957490e+06   4.0161133e+01
   8.0216050e+06   2.9235840e+01
   8.0216160e+06   2.7099609e+01
   8.0216420e+06   7.4523926e+01
   8.0216710e+06   3.6499023e+01
   8.0217170e+06   4.3518066e+01
   8.0217380e+06   2.7587891e+01
   8.0218660e+06   3.0639648e+01
   8.0219200e+06   2.7465820e+01
   8.0367020e+06   2.8198242e+01
   8.0367480e+06   2.7709961e+01
   8.0370010e+06   3.9001465e+01
   8.0371630e+06   2.6306152e+01
   8.0372900e+06   3.3264160e+01
   8.0378310e+06   2.7343750e+01
   8.0633760e+06   3.4729004e+01
   8.0633880e+06   2.7954102e+01
   8.0634430e+06   2.6977539e+01
   8.0634530e+06   4.0161133e+01
   8.0635360e+06   2.6733398e+01
   8.0831390e+06   3.4973145e+01
   8.0843140e+06   2.8381348e+01
   8.0851080e+06   3.0029297e+01
   8.0854560e+06   2.8747559e+01
   8.0861510e+06   3.4973145e+01
   8.0862150e+06   4.1931152e+01
   8.0863010e+06   2.9846191e+01
   8.1032480e+06   2.6794434e+01
   8.1038370e+06   3.5217285e+01
   8.1038750e+06   2.7465820e+01
   8.1038850e+06   2.7221680e+01
   8.1039490e+06   3.1250000e+01
   8.1043100e+06   3.6499023e+01
   8.1473200e+06   4.1687012e+01
   8.1473510e+06   2.6428223e+01
   8.1474330e+06   3.0761719e+01
   8.1474470e+06   4.7729492e+01
   8.1474730e+06   3.2592773e+01
   8.1477280e+06   2.8625488e+01
   8.1720950e+06   2.6306152e+01
   8.1837550e+06   2.7038574e+01
   8.1838180e+06   2.8442383e+01
   8.1838290e+06   2.9235840e+01
   8.1838620e+06   2.8076172e+01
   8.1838740e+06   3.5095215e+01
   8.1838890e+06   5.3710938e+01
   8.1839010e+06   4.0344238e+01
   8.1839480e+06   4.0649414e+01
   8.1839680e+06   2.6977539e+01
   8.1840050e+06   3.1616211e+01
   8.1840370e+06   3.0029297e+01
   8.1840780e+06   2.8686523e+01
   8.1841260e+06   2.6977539e+01
   8.1841960e+06   3.0273438e+01
   8.1946960e+06   2.6550293e+01
   8.1998320e+06   2.8991699e+01
   8.1999940e+06   2.8137207e+01
   8.2003030e+06   4.3395996e+01
   8.2005260e+06   3.0822754e+01
   8.2006100e+06   2.8259277e+01
   8.2008110e+06   3.4362793e+01
   8.2009650e+06   2.7832031e+01
   8.2010310e+06   2.9846191e+01
   8.2013170e+06   2.9907227e+01
   8.2165150e+06   2.7587891e+01
   8.2466050e+06   4.6997070e+01
   8.2467280e+06   2.7709961e+01
   8.2648680e+06   2.7099609e+01
   8.2669640e+06   3.1799316e+01
   8.2831970e+06   3.3447266e+01
   8.2832540e+06   2.7526855e+01
   8.2851670e+06   4.6081543e+01
   8.2852720e+06   3.0944824e+01
   8.2852990e+06   3.2348633e+01
   8.3045150e+06   2.7587891e+01
   8.3082330e+06   4.3457031e+01
   8.3083480e+06   4.2175293e+01
   8.3340050e+06   2.7709961e+01
   8.3348790e+06   2.6550293e+01
   8.3355180e+06   3.8879395e+01
   8.3355810e+06   3.1250000e+01
   8.3356930e+06   2.8137207e+01
   8.3536500e+06   2.7282715e+01
   8.3684620e+06   3.3325195e+01
   8.3701950e+06   3.1982422e+01
   8.3703890e+06   3.8513184e+01
   8.3705060e+06   3.8818359e+01
   8.3937380e+06   2.6184082e+01
   8.3943570e+06   2.8015137e+01
   8.3950460e+06   2.7832031e+01
   8.3953550e+06   2.6550293e+01
   8.3960920e+06   2.7221680e+01
   8.4237670e+06   5.2307129e+01
   8.4535980e+06   2.7099609e+01
   8.4538350e+06   2.7160645e+01
   8.4545020e+06   2.6489258e+01
   8.4558280e+06   2.8625488e+01
   8.4688160e+06   4.8645020e+01
   8.4700010e+06   2.6184082e+01
   8.4974770e+06   2.7832031e+01
   8.5222210e+06   3.8696289e+01
   8.5223330e+06   3.4362793e+01
   8.5223910e+06   2.7709961e+01
   8.5442190e+06   2.6794434e+01
   8.5653650e+06   3.1982422e+01
   8.5653880e+06   5.1452637e+01
   8.5654380e+06   2.6672363e+01
   8.5655040e+06   3.0456543e+01
   8.5655580e+06   2.9785156e+01
   8.5871940e+06   3.6560059e+01
   8.6431510e+06   2.6672363e+01
   8.6813760e+06   3.7597656e+01
   8.7081920e+06   3.1066895e+01
   8.7767470e+06   2.6550293e+01
   8.7778280e+06   2.6733398e+01
   8.7788710e+06   2.6306152e+01
   8.8046780e+06   2.7770996e+01
   8.8063310e+06   2.9663086e+01
   8.8063690e+06   2.9052734e+01
   8.8063990e+06   2.8686523e+01
   8.8064120e+06   4.0466309e+01
   8.8064400e+06   3.0944824e+01
   8.8064720e+06   3.7475586e+01
   8.8066360e+06   2.6855469e+01
   8.8635490e+06   2.6794434e+01
   8.8691130e+06   3.1066895e+01
   8.8849240e+06   2.6428223e+01
   8.9172280e+06   4.4616699e+01
   8.9172810e+06   3.1738281e+01
   8.9173280e+06   3.1616211e+01
   8.9173670e+06   2.6428223e+01
   8.9235480e+06   3.6926270e+01
   8.9236280e+06   2.6977539e+01
   8.9490040e+06   2.6855469e+01
   8.9505650e+06   2.8076172e+01
   8.9908830e+06   2.6367188e+01
   9.0039820e+06   2.8442383e+01
   9.0057250e+06   2.6428223e+01
   9.0433160e+06   2.7770996e+01
   9.0433340e+06   3.9978027e+01
   9.0433590e+06   3.5278320e+01
   9.0433830e+06   3.5949707e+01
   9.0434070e+06   2.6062012e+01
   9.0434290e+06   3.4545898e+01
   9.0434410e+06   2.9663086e+01
   9.0434650e+06   3.1433105e+01
   9.0435460e+06   2.6428223e+01
   9.0436180e+06   3.4240723e+01
   9.0704630e+06   3.1799316e+01
   9.0719110e+06   2.6611328e+01
   9.0740920e+06   2.6977539e+01
   9.1033190e+06   3.4606934e+01
   9.1215340e+06   2.9418945e+01
   9.1216860e+06   3.5217285e+01
   9.1227350e+06   2.6794434e+01
   9.1319690e+06   3.0151367e+01
   9.1320070e+06   3.3447266e+01
   9.1320520e+06   3.3630371e+01
   9.1320830e+06   3.5095215e+01
   9.1321010e+06   2.6977539e+01
   9.1321230e+06   3.0090332e+01
   9.1321390e+06   3.3081055e+01
   9.1322660e+06   3.2836914e+01
   9.1322760e+06   2.7954102e+01
   9.1323630e+06   2.8442383e+01
   9.1484080e+06   2.6306152e+01
   9.1484360e+06   2.6611328e+01
   9.1484500e+06   3.1982422e+01
   9.1488140e+06   3.3752441e+01
   9.1488460e+06   2.7038574e+01
   9.1494460e+06   2.7648926e+01
   9.1715590e+06   3.0334473e+01
   9.1717630e+06   3.4851074e+01
   9.1952390e+06   2.8259277e+01
   9.2140560e+06   2.6794434e+01
   9.2181170e+06   2.7832031e+01
   9.2287270e+06   3.3752441e+01
   9.2287650e+06   2.6184082e+01
   9.2292130e+06   4.5715332e+01
   9.2292350e+06   2.6306152e+01
   9.2292630e+06   5.2856445e+01
   9.2292820e+06   3.7658691e+01
   9.2292930e+06   2.8015137e+01
   9.2293440e+06   3.9978027e+01
   9.2293560e+06   2.6977539e+01
   9.2294270e+06   2.8747559e+01
   9.2294500e+06   3.1982422e+01
   9.2616180e+06   3.0456543e+01
   9.2820890e+06   2.7770996e+01
   9.3075600e+06   3.3874512e+01
   9.3265890e+06   3.3142090e+01
   9.3281440e+06   5.0476074e+01
   9.3282180e+06   3.0822754e+01
   9.3282320e+06   4.3334961e+01
   9.3283010e+06   2.6550293e+01
   9.3283230e+06   2.6733398e+01
   9.3496350e+06   3.0395508e+01
   9.3905100e+06   3.0029297e+01
   9.4117090e+06   2.7099609e+01
   9.4328190e+06   3.5888672e+01
   9.4328300e+06   2.9357910e+01
   9.4328860e+06   4.1809082e+01
   9.4329220e+06   2.6977539e+01
   9.4665640e+06   2.8015137e+01
   9.4670690e+06   2.6672363e+01
   9.5016390e+06   3.8391113e+01
   9.5017670e+06   3.7353516e+01
   9.5020380e+06   2.7038574e+01
   9.5026190e+06   3.4362793e+01
   9.5029780e+06   2.8869629e+01
   9.5032580e+06   3.1127930e+01
   9.5033170e+06   2.6672363e+01
   9.5034790e+06   2.7709961e+01
   9.5037470e+06   2.9235840e+01
   9.5037820e+06   2.8808594e+01
   9.5042130e+06   3.1677246e+01
   9.5042980e+06   2.7038574e+01
   9.5050140e+06   3.6376953e+01
   9.5051470e+06   3.1738281e+01
   9.5055500e+06   2.7832031e+01
   9.5098780e+06   3.5888672e+01
   9.5105490e+06   2.6306152e+01
   9.5106240e+06   3.1127930e+01
   9.5252730e+06   2.7770996e+01
   9.5587780e+06   3.3874512e+01
   9.5588110e+06   4.2419434e+01
   9.5588600e+06   3.0090332e+01
   9.5588980e+06   3.6560059e+01
   9.5589280e+06   3.1433105e+01
   9.5589540e+06   2.7465820e+01
   9.5590340e+06   2.7160645e+01
   9.5590490e+06   2.8198242e+01
   9.5591500e+06   2.7526855e+01
   9.5591840e+06   2.6245117e+01
   9.5740350e+06   2.8198242e+01
   9.5740650e+06   3.2409668e+01
   9.5741960e+06   2.8076172e+01
   9.5743390e+06   2.7282715e+01
   9.5743520e+06   3.0883789e+01
   9.5744880e+06   2.7587891e+01
   9.5745070e+06   2.9113770e+01
   9.5745270e+06   2.6123047e+01
   9.5746160e+06   3.8269043e+01
   9.5746440e+06   5.6884766e+01
   9.5746580e+06   3.1799316e+01
   9.5746970e+06   2.7770996e+01
   9.5747200e+06   2.6855469e+01
   9.6139830e+06   3.0883789e+01
   9.6140230e+06   3.2958984e+01
   9.6140590e+06   2.8869629e+01
   9.6140990e+06   2.7404785e+01
   9.6142560e+06   2.6123047e+01
   9.6143010e+06   2.7832031e+01
   9.6143950e+06   2.7160645e+01
   9.6526610e+06   2.7893066e+01
   9.6527980e+06   2.9846191e+01
   9.6530340e+06   3.3691406e+01
   9.6541030e+06   4.2053223e+01
   9.6544420e+06   3.8513184e+01
   9.6545300e+06   2.6428223e+01
   9.6545830e+06   3.2165527e+01
   9.7240080e+06   2.8869629e+01
   9.7264440e+06   2.6855469e+01
   9.7656960e+06   2.7709961e+01
   9.7657110e+06   2.7160645e+01
   9.7664300e+06   2.7038574e+01
   9.7981290e+06   2.9479980e+01
   9.8293030e+06   4.7851563e+01
   9.8293830e+06   2.6367188e+01
   9.8800950e+06   2.6794434e+01
   9.8801960e+06   2.7404785e+01
   9.8802230e+06   3.0639648e+01
   9.8803880e+06   2.6672363e+01
   9.9111470e+06   4.1564941e+01
   9.9112470e+06   2.6550293e+01
   9.9332070e+06   2.7221680e+01
   9.9347250e+06   3.3325195e+01
   9.9348820e+06   3.3142090e+01
   9.9560690e+06   2.6489258e+01
   9.9840180e+06   2.7770996e+01
   1.0012259e+07   4.2663574e+01
   1.0012327e+07   2.7221680e+01
   1.0031923e+07   2.9296875e+01
   1.0111880e+07   4.5349121e+01
   1.0112025e+07   4.5227051e+01
   1.0140949e+07   4.5471191e+01
   1.0141069e+07   3.0395508e+01
   1.0169845e+07   2.7099609e+01
   1.0171078e+07   2.6794434e+01
   1.0171147e+07   3.5827637e+01
   1.0191435e+07   4.1564941e+01
   1.0191540e+07   3.2470703e+01
   1.0217913e+07   3.7292480e+01
   1.0235300e+07   3.0639648e+01
   1.0235374e+07   2.8259277e+01
   1.0235488e+07   3.4545898e+01
   1.0259373e+07   2.7160645e+01
   1.0260260e+07   2.6184082e+01
   1.0284590e+07   3.7536621e+01
   1.0327813e+07   5.5175781e+01
   1.0327956e+07   2.9052734e+01
   1.0346582e+07   3.0456543e+01
   1.0346593e+07   2.8808594e+01
   1.0346933e+07   2.6550293e+01
   1.0346951e+07   2.6550293e+01
   1.0391263e+07   3.3508301e+01
   1.0393133e+07   2.6489258e+01
   1.0408792e+07   4.1320801e+01
   1.0408814e+07   3.6560059e+01
   1.0408893e+07   3.1433105e+01
   1.0408906e+07   3.1188965e+01
   1.0409001e+07   2.8625488e+01
   1.0409037e+07   2.8137207e+01
   1.0419686e+07   2.6062012e+01
   1.0485496e+07   3.0883789e+01
   1.0536455e+07   2.7893066e+01
   1.0574474e+07   2.7709961e+01
   1.0589228e+07   2.8198242e+01
   1.0676193e+07   2.6062012e+01
   1.0676394e+07   2.7465820e+01
   1.0689859e+07   4.9499512e+01
   1.0689935e+07   4.2175293e+01
   1.0689963e+07   3.8574219e+01
   1.0689981e+07   2.8930664e+01
   1.0689993e+07   3.8146973e+01
   1.0690063e+07   2.7587891e+01
   1.0690151e+07   2.7954102e+01
   1.0690209e+07   2.8686523e+01
   1.0773966e+07   2.6428223e+01
   1.0774153e+07   3.3081055e+01
   1.0774171e+07   3.1738281e+01
   1.0774219e+07   2.6123047e+01
   1.0774231e+07   2.9235840e+01
   1.0821259e+07   5.0537109e+01
   1.0821313e+07   3.0212402e+01
   1.0821335e+07   2.7038574e+01
   1.0821350e+07   4.5166016e+01
   1.0821389e+07   2.7099609e+01
   1.0821403e+07   3.3203125e+01
   1.0821492e+07   2.6977539e+01
   1.0821617e+07   2.8808594e+01
   1.0821733e+07   3.3874512e+01
   1.0821743e+07   3.4362793e+01
   1.0852597e+07   3.2165527e+01
   1.0852738e+07   3.1494141e+01
   1.0852783e+07   2.9663086e+01
   1.0853189e+07   2.8869629e+01
   1.0853362e+07   3.0273438e+01
   1.0871529e+07   6.4147949e+01
   1.0871929e+07   2.6855469e+01
   1.0938155e+07   2.6123047e+01
   1.0938717e+07   2.6550293e+01
   1.1044479e+07   2.7587891e+01
   1.1044501e+07   2.6916504e+01
   1.1044618e+07   2.6062012e+01
   1.1100757e+07   3.5766602e+01
   1.1126289e+07   2.6306152e+01
   1.1138304e+07   5.6579590e+01
   1.1138372e+07   2.6306152e+01
   1.1138414e+07   3.2470703e+01
   1.1138449e+07   3.3386230e+01
   1.1138477e+07   2.7587891e+01
   1.1138513e+07   2.6245117e+01
   1.1138583e+07   3.3874512e+01
   1.1138696e+07   2.7221680e+01
   1.1154882e+07   3.9367676e+01
   1.1154978e+07   3.1250000e+01
   1.1155434e+07   2.7343750e+01
   1.1170299e+07   3.1188965e+01
   1.1216667e+07   3.7414551e+01
   1.1254224e+07   4.6630859e+01
   1.1254287e+07   3.3264160e+01
   1.1254301e+07   4.0771484e+01
   1.1254384e+07   2.9296875e+01
   1.1254479e+07   2.6550293e+01
   1.1254718e+07   2.6306152e+01
   1.1254753e+07   2.6123047e+01
   1.1255028e+07   2.9724121e+01
   1.1286248e+07   2.7465820e+01
   1.1286273e+07   2.9541016e+01
   1.1287364e+07   4.1442871e+01
   1.1287414e+07   3.4667969e+01
   1.1287516e+07   2.6062012e+01
   1.1287533e+07   3.1250000e+01
   1.1287676e+07   2.7282715e+01
   1.1287828e+07   2.9052734e+01
   1.1288028e+07   3.3935547e+01
   1.1309752e+07   3.0151367e+01
   1.1310553e+07   2.6123047e+01
   1.1347173e+07   2.9968262e+01
   1.1347382e+07   2.9418945e+01
   1.1347407e+07   2.6672363e+01
   1.1347417e+07   2.7221680e+01
   1.1347439e+07   2.6184082e+01
   1.1347486e+07   2.6855469e+01
   1.1347502e+07   2.8076172e+01
   1.1347527e+07   3.3874512e+01
   1.1347605e+07   2.9602051e+01
   1.1404221e+07   2.8564453e+01
   1.1404795e+07   3.0700684e+01
   1.1404954e+07   4.1442871e+01
   1.1405246e+07   5.5175781e+01
   1.1405540e+07   2.6611328e+01
   1.1406344e+07   3.1616211e+01
   1.1406488e+07   3.7841797e+01
   1.1406524e+07   3.0395508e+01
   1.1406731e+07   3.1860352e+01
   1.1444904e+07   2.7038574e+01
   1.1472645e+07   2.6977539e+01
   1.1496770e+07   4.7546387e+01
   1.1496790e+07   3.2287598e+01
   1.1496826e+07   4.2846680e+01
   1.1496844e+07   3.0578613e+01
   1.1496888e+07   2.6550293e+01
   1.1496925e+07   3.2165527e+01
   1.1496941e+07   2.7404785e+01
   1.1496955e+07   3.3386230e+01
   1.1497078e+07   2.8747559e+01
   1.1544390e+07   3.3874512e+01
   1.1571177e+07   4.1503906e+01
   1.1571248e+07   3.2775879e+01
   1.1571364e+07   3.0273438e+01
   1.1600438e+07   2.6306152e+01
   1.1600478e+07   3.9367676e+01
   1.1600567e+07   3.0090332e+01
   1.1607367e+07   2.8137207e+01
   1.1650184e+07   2.7587891e+01
   1.1664705e+07   3.5766602e+01
   1.1664807e+07   2.8198242e+01
   1.1668485e+07   3.7597656e+01
   1.1668568e+07   3.2348633e+01
   1.1668595e+07   3.1066895e+01
   1.1683976e+07   2.6428223e+01
   1.1684281e+07   2.7221680e+01
   1.1684349e+07   2.8015137e+01
   1.1700947e+07   3.3081055e+01
   1.1751804e+07   2.7404785e+01
   1.1753035e+07   3.5400391e+01
   1.1770646e+07   3.7048340e+01
   1.1770667e+07   5.4992676e+01
   1.1770684e+07   6.6040039e+01
   1.1770713e+07   3.4790039e+01
   1.1770726e+07   4.9926758e+01
   1.1770749e+07   4.0710449e+01
   1.1770760e+07   4.0527344e+01
   1.1770772e+07   3.3142090e+01
   1.1770789e+07   2.7648926e+01
   1.1770808e+07   2.7709961e+01
   1.1770832e+07   2.6428223e+01
   1.1770889e+07   2.6367188e+01
   1.1770957e+07   3.3081055e+01
   1.1771140e+07   2.8259277e+01
   1.1771364e+07   2.6672363e+01
   1.1784975e+07   2.7404785e+01
   1.1785088e+07   4.6936035e+01
   1.1785114e+07   3.1372070e+01
   1.1785145e+07   2.8320313e+01
   1.1785174e+07   2.8381348e+01
   1.1785205e+07   2.8442383e+01
   1.1785233e+07   3.0029297e+01
   1.1785272e+07   3.6437988e+01
   1.1785295e+07   2.8625488e+01
   1.1785316e+07   2.9968262e+01
   1.1785336e+07   3.3874512e+01
   1.1785354e+07   3.3630371e+01
   1.1785386e+07   3.0822754e+01
   1.1785463e+07   3.0639648e+01
   1.1785498e+07   2.9541016e+01
   1.1785517e+07   2.9541016e+01
   1.1785545e+07   3.0395508e+01
   1.1785692e+07   2.7648926e+01
   1.1785720e+07   2.7404785e+01
   1.1803176e+07   2.8930664e+01
   1.1803196e+07   4.5654297e+01
   1.1803221e+07   4.2602539e+01
   1.1803231e+07   4.5776367e+01
   1.1803261e+07   2.9174805e+01
   1.1803288e+07   2.8808594e+01
   1.1803309e+07   3.2287598e+01
   1.1803326e+07   2.8808594e+01
   1.1803353e+07   2.8137207e+01
   1.1803445e+07   2.7770996e+01
   1.1803459e+07   3.2592773e+01
   1.1803572e+07   3.1005859e+01
   1.1803636e+07   2.8503418e+01
   1.1822604e+07   2.8381348e+01
   1.1822681e+07   2.9602051e+01
   1.1822706e+07   3.0761719e+01
   1.1822733e+07   3.5217285e+01
   1.1822748e+07   2.8991699e+01
   1.1822779e+07   2.8442383e+01
   1.1822798e+07   3.0944824e+01
   1.1822831e+07   2.6245117e+01
   1.1822862e+07   2.9968262e+01
   1.1822905e+07   3.8085938e+01
   1.1822939e+07   3.2714844e+01
   1.1823024e+07   2.8564453e+01
   1.1823127e+07   2.7221680e+01
   1.1832753e+07   3.8513184e+01
   1.1832784e+07   4.0893555e+01
   1.1832800e+07   2.8808594e+01
   1.1832826e+07   3.8452148e+01
   1.1832855e+07   2.9846191e+01
   1.1832884e+07   4.1381836e+01
   1.1832928e+07   3.2531738e+01
   1.1832955e+07   2.7465820e+01
   1.1833158e+07   3.0395508e+01
   1.1834662e+07   2.6367188e+01
   1.1842316e+07   2.6245117e+01
   1.1842338e+07   2.6733398e+01
   1.1842358e+07   2.7160645e+01
   1.1842371e+07   6.4453125e+01
   1.1842396e+07   5.4565430e+01
   1.1842424e+07   2.8747559e+01
   1.1842452e+07   4.2236328e+01
   1.1842491e+07   3.3752441e+01
   1.1851132e+07   3.0090332e+01
   1.1851152e+07   3.3447266e+01
   1.1851175e+07   3.5949707e+01
   1.1851213e+07   3.3996582e+01
   1.1851237e+07   4.5471191e+01
   1.1851256e+07   3.3569336e+01
   1.1851279e+07   3.2165527e+01
   1.1851300e+07   3.3691406e+01
   1.1851324e+07   2.8259277e+01
   1.1860097e+07   2.7038574e+01
   1.1860145e+07   2.9052734e+01
   1.1860163e+07   5.5053711e+01
   1.1860180e+07   3.1494141e+01
   1.1860209e+07   2.8808594e+01
   1.1860220e+07   3.6621094e+01
   1.1860239e+07   2.9541016e+01
   1.1860260e+07   3.3996582e+01
   1.1860274e+07   2.7648926e+01
   1.1860285e+07   2.9113770e+01
   1.1860361e+07   2.7099609e+01
   1.1860547e+07   2.7465820e+01
   1.1860887e+07   2.9052734e+01
   1.1869522e+07   3.6987305e+01
   1.1869541e+07   4.3823242e+01
   1.1869588e+07   2.9602051e+01
   1.1869603e+07   4.1198730e+01
   1.1869642e+07   3.8391113e+01
   1.1869751e+07   2.6672363e+01
   1.1882259e+07   6.6528320e+01
   1.1882269e+07   2.7526855e+01
   1.1882294e+07   3.1616211e+01
   1.1882322e+07   4.6630859e+01
   1.1882350e+07   3.4790039e+01
   1.1882382e+07   2.9052734e+01
   1.1882399e+07   3.0822754e+01
   1.1882465e+07   3.1616211e+01
   1.1882543e+07   2.6184082e+01
   1.1895557e+07   3.2775879e+01
   1.1895584e+07   4.7729492e+01
   1.1895595e+07   3.8879395e+01
   1.1895614e+07   3.5949707e+01
   1.1895630e+07   3.5644531e+01
   1.1895651e+07   2.8198242e+01
   1.1895685e+07   4.9560547e+01
   1.1895701e+07   3.2958984e+01
   1.1912838e+07   3.6804199e+01
   1.1912867e+07   5.2307129e+01
   1.1912886e+07   3.0944824e+01
   1.1912913e+07   3.1799316e+01
   1.1912938e+07   2.9296875e+01
   1.1912953e+07   4.2907715e+01
   1.1912974e+07   3.5522461e+01
   1.1913015e+07   3.6071777e+01
   1.1913410e+07   2.6306152e+01
   1.1913639e+07   2.8076172e+01
   1.1936320e+07   3.0090332e+01
   1.1936333e+07   3.0578613e+01
   1.1936365e+07   4.1564941e+01
   1.1936377e+07   5.6518555e+01
   1.1936417e+07   3.4240723e+01
   1.1936462e+07   2.8442383e+01
   1.1936558e+07   3.6193848e+01
   1.1936593e+07   3.0517578e+01
   1.1936643e+07   2.8442383e+01
   1.1936711e+07   3.2836914e+01
   1.1951026e+07   2.9541016e+01
   1.1951059e+07   3.6499023e+01
   1.1951083e+07   5.1757812e+01
   1.1951096e+07   4.2480469e+01
   1.1951127e+07   4.0222168e+01
   1.1951142e+07   2.8015137e+01
   1.1951197e+07   2.6672363e+01
   1.1951213e+07   2.8015137e+01
   1.1951233e+07   3.5217285e+01
   1.1951251e+07   3.1494141e+01
   1.1951261e+07   3.1250000e+01
   1.1951292e+07   2.9174805e+01
