   1.1996000e+07   0.0000000e+00
   7.5993000e+04   2.9663086e+01
   1.4939900e+05   5.1025391e+01
   1.4948100e+05   6.3537598e+01
   1.4951700e+05   3.4912109e+01
   1.4954900e+05   3.1372070e+01
   1.4960400e+05   3.4545898e+01
   1.8486100e+05   3.1311035e+01
   1.8493300e+05   3.2775879e+01
   1.8505100e+05   3.2043457e+01
   2.4293000e+05   3.2165527e+01
   3.7185200e+05   3.1738281e+01
   5.0365900e+05   3.4118652e+01
   5.0368300e+05   5.1940918e+01
   5.0370400e+05   5.0842285e+01
   5.0373400e+05   4.7668457e+01
   5.0376100e+05   2.9541016e+01
   5.0377400e+05   3.6743164e+01
   5.0380100e+05   3.7597656e+01
   5.0382800e+05   3.2897949e+01
   5.0430000e+05   2.9479980e+01
   5.8676700e+05   3.2958984e+01
   5.8682400e+05   3.8024902e+01
   5.8684600e+05   4.8950195e+01
   5.8687100e+05   3.2470703e+01
   5.8697400e+05   5.9326172e+01
   7.1650300e+05   5.3527832e+01
   7.1654200e+05   3.0273438e+01
   7.1661500e+05   4.5227051e+01
   7.1666500e+05   4.2846680e+01
   7.1670100e+05   3.9855957e+01
   7.1671600e+05   4.0649414e+01
   7.1942700e+05   2.9907227e+01
   7.1949800e+05   3.2348633e+01
   7.1951800e+05   3.6193848e+01
   7.1974300e+05   3.9001465e+01
   7.1976700e+05   3.0822754e+01
   7.1979000e+05   3.9794922e+01
   7.1980100e+05   3.1372070e+01
   7.1985500e+05   3.2958984e+01
   7.1990700e+05   4.4433594e+01
   7.9482700e+05   2.9663086e+01
   8.6920800e+05   6.3476562e+01
   8.6929800e+05   5.6518555e+01
   8.6932700e+05   4.2297363e+01
   8.6934500e+05   3.6926270e+01
   8.6939000e+05   3.6010742e+01
   8.6941200e+05   4.2846680e+01
   8.6951600e+05   3.4851074e+01
   9.0608900e+05   3.0578613e+01
   9.0624800e+05   3.2897949e+01
   1.0045870e+06   6.3171387e+01
   1.0046130e+06   5.8898926e+01
   1.0046290e+06   3.2653809e+01
   1.0046490e+06   3.0273438e+01
   1.0046660e+06   3.2409668e+01
   1.0047290e+06   4.6691895e+01
   1.0420800e+06   5.3283691e+01
   1.0421120e+06   5.3527832e+01
   1.0421530e+06   3.6376953e+01
   1.0422020e+06   4.0954590e+01
   1.0422180e+06   3.0578613e+01
   1.0422650e+06   3.8513184e+01
   1.1229520e+06   5.4626465e+01
   1.1229830e+06   3.0822754e+01
   1.1230010e+06   4.2358398e+01
   1.1230200e+06   3.0883789e+01
   1.1230580e+06   3.3325195e+01
   1.1231220e+06   3.0639648e+01
   1.2106200e+06   3.2348633e+01
   1.2106570e+06   7.6049805e+01
   1.2106790e+06   3.9123535e+01
   1.2106920e+06   3.1677246e+01
   1.2107420e+06   3.7841797e+01
   1.2107710e+06   3.3813477e+01
   1.2335230e+06   2.9479980e+01
   1.2336130e+06   4.4250488e+01
   1.2336660e+06   7.7392578e+01
   1.2336830e+06   2.9296875e+01
   1.2337400e+06   2.9724121e+01
   1.2337660e+06   3.4484863e+01
   1.3468160e+06   3.1372070e+01
   1.4139180e+06   2.9968262e+01
   1.4665170e+06   3.2470703e+01
   1.4816740e+06   3.0090332e+01
   1.4817050e+06   4.3090820e+01
   1.4817620e+06   8.6181641e+01
   1.4818250e+06   2.9846191e+01
   1.4818370e+06   3.4973145e+01
   1.4818630e+06   3.2897949e+01
   1.5212390e+06   3.0700684e+01
   1.5213630e+06   3.0273438e+01
   1.5565750e+06   6.3476562e+01
   1.5565940e+06   4.6569824e+01
   1.5566280e+06   5.6579590e+01
   1.5566490e+06   4.0771484e+01
   1.5567050e+06   4.5776367e+01
   1.5567380e+06   3.1372070e+01
   1.5567590e+06   2.9785156e+01
   1.7413600e+06   3.1921387e+01
   1.7414040e+06   4.1076660e+01
   1.7414140e+06   3.2287598e+01
   1.7414410e+06   4.3457031e+01
   1.7414520e+06   5.5114746e+01
   1.7414920e+06   4.3640137e+01
   1.7415280e+06   3.9672852e+01
   1.7415450e+06   6.4392090e+01
   1.7415710e+06   3.2897949e+01
   1.7723560e+06   7.1716309e+01
   1.7723860e+06   3.1250000e+01
   1.7724140e+06   3.1311035e+01
   1.7724490e+06   3.1738281e+01
   1.7724810e+06   2.9663086e+01
   1.8126420e+06   3.9916992e+01
   1.8126850e+06   3.1616211e+01
   1.8127080e+06   5.1330566e+01
   1.8127220e+06   5.1086426e+01
   1.8127500e+06   3.0700684e+01
   1.8127850e+06   3.2470703e+01
   1.8127970e+06   3.0700684e+01
   1.8128440e+06   3.2775879e+01
   1.8305740e+06   3.1066895e+01
   1.8736180e+06   3.2470703e+01
   1.8736470e+06   7.4829102e+01
   1.8736900e+06   3.3752441e+01
   1.8737300e+06   2.9235840e+01
   1.8737580e+06   3.2836914e+01
   1.8737780e+06   3.4179688e+01
   1.8738000e+06   3.3508301e+01
   1.8738490e+06   3.2043457e+01
   1.9524520e+06   3.1311035e+01
   1.9524800e+06   3.5705566e+01
   1.9845190e+06   3.1677246e+01
   1.9845430e+06   3.3630371e+01
   1.9845660e+06   4.4982910e+01
   1.9845890e+06   4.3457031e+01
   1.9846250e+06   3.8330078e+01
   1.9846510e+06   3.4362793e+01
   1.9846700e+06   4.7119141e+01
   1.9847080e+06   2.9602051e+01
   1.9847520e+06   3.1799316e+01
   2.0500360e+06   2.9907227e+01
   2.0868140e+06   4.4982910e+01
   2.0868390e+06   5.4321289e+01
   2.0868560e+06   3.0517578e+01
   2.0868850e+06   3.8391113e+01
   2.0869440e+06   3.3020020e+01
   2.0869750e+06   3.1738281e+01
   2.2121220e+06   2.9235840e+01
   2.2721900e+06   5.1757812e+01
   2.2722490e+06   3.1372070e+01
   2.2722920e+06   4.6386719e+01
   2.2723130e+06   4.8522949e+01
   2.2723480e+06   3.0517578e+01
   2.2723610e+06   2.9968262e+01
   2.2723940e+06   3.3752441e+01
   2.4163070e+06   3.2043457e+01
   2.4163250e+06   4.4067383e+01
   2.4163540e+06   3.8513184e+01
   2.4163850e+06   4.4921875e+01
   2.4164360e+06   5.0109863e+01
   2.4164870e+06   3.8269043e+01
   2.4661720e+06   3.2897949e+01
   2.4952670e+06   3.9367676e+01
   2.4953060e+06   3.0395508e+01
   2.4953520e+06   5.2307129e+01
   2.4954150e+06   3.3142090e+01
   2.4954420e+06   3.7292480e+01
   2.4954590e+06   2.9418945e+01
   2.6447900e+06   3.6743164e+01
   2.6448350e+06   5.1147461e+01
   2.6448450e+06   4.9133301e+01
   2.6448570e+06   3.2409668e+01
   2.6448840e+06   3.8085938e+01
   2.6449170e+06   4.1992188e+01
   2.6449720e+06   3.8330078e+01
   2.7843620e+06   4.0466309e+01
   2.7843890e+06   3.1982422e+01
   2.7844000e+06   3.7292480e+01
   2.7844380e+06   4.3945312e+01
   2.7844500e+06   4.9316406e+01
   2.7844930e+06   5.1818848e+01
   2.7845630e+06   4.5043945e+01
   2.8753520e+06   3.0761719e+01
   2.8753710e+06   6.5063477e+01
   2.8753960e+06   4.8950195e+01
   2.8754090e+06   3.4851074e+01
   2.8754380e+06   4.2602539e+01
   2.8754690e+06   3.3264160e+01
   2.8754980e+06   3.3691406e+01
   2.8755420e+06   4.5104980e+01
   2.8755770e+06   4.0283203e+01
   2.9566710e+06   2.9296875e+01
   2.9639510e+06   7.0129395e+01
   2.9639700e+06   3.4423828e+01
   2.9640080e+06   8.0688477e+01
   2.9640310e+06   2.9724121e+01
   2.9640730e+06   5.0537109e+01
   2.9773020e+06   3.2714844e+01
   2.9773130e+06   4.9072266e+01
   2.9773370e+06   3.4851074e+01
   2.9774700e+06   3.5644531e+01
   2.9942770e+06   2.9541016e+01
   2.9943010e+06   3.0639648e+01
   2.9943340e+06   3.6499023e+01
   3.0169760e+06   3.0090332e+01
   3.0170450e+06   3.9672852e+01
   3.0170820e+06   4.5410156e+01
   3.0171230e+06   3.1005859e+01
   3.0171550e+06   3.0456543e+01
   3.0172270e+06   3.1005859e+01
   3.0354620e+06   6.0302734e+01
   3.0354940e+06   3.3630371e+01
   3.0355580e+06   4.0466309e+01
   3.0874540e+06   3.1066895e+01
   3.0875120e+06   5.7006836e+01
   3.0875290e+06   5.4626465e+01
   3.0875490e+06   2.9968262e+01
   3.0875670e+06   4.5776367e+01
   3.0876000e+06   3.8879395e+01
   3.0876290e+06   2.8869629e+01
   3.0876870e+06   3.7048340e+01
   3.0877040e+06   2.9052734e+01
   3.1330280e+06   2.9846191e+01
   3.1478610e+06   3.0090332e+01
   3.1478980e+06   3.3752441e+01
   3.1818180e+06   3.2531738e+01
   3.1818690e+06   2.9785156e+01
   3.1893340e+06   2.8991699e+01
   3.2058020e+06   3.0700684e+01
   3.2058690e+06   2.9968262e+01
   3.2313190e+06   2.9357910e+01
   3.2314050e+06   2.9296875e+01
   3.2314490e+06   3.2531738e+01
   3.2821440e+06   2.8930664e+01
   3.3504890e+06   3.2897949e+01
   3.3504990e+06   6.1279297e+01
   3.3505300e+06   5.5786133e+01
   3.3505840e+06   3.7231445e+01
   3.3506320e+06   2.9479980e+01
   3.4255600e+06   2.8808594e+01
   3.4255860e+06   3.2714844e+01
   3.4688490e+06   3.0273438e+01
   3.4688780e+06   4.2480469e+01
   3.4689040e+06   4.0222168e+01
   3.4689200e+06   2.9968262e+01
   3.4689350e+06   3.0273438e+01
   3.4689710e+06   3.5949707e+01
   3.4689990e+06   3.5278320e+01
   3.4690890e+06   3.0700684e+01
   3.4707150e+06   3.1677246e+01
   3.4707590e+06   6.1767578e+01
   3.5203090e+06   3.1738281e+01
   3.5203650e+06   4.7485352e+01
   3.6001080e+06   2.8930664e+01
   3.6486780e+06   3.2348633e+01
   3.7345260e+06   2.9296875e+01
   3.7345850e+06   4.0405273e+01
   3.7346210e+06   3.1799316e+01
   3.7346980e+06   3.9062500e+01
   3.7347560e+06   3.3508301e+01
   3.7875410e+06   3.4118652e+01
   3.7875620e+06   3.2592773e+01
   3.7876400e+06   3.1921387e+01
   3.8263480e+06   7.3303223e+01
   3.8263930e+06   6.3659668e+01
   3.8264130e+06   4.3884277e+01
   3.8264360e+06   4.3640137e+01
   3.8264740e+06   3.8391113e+01
   3.8265130e+06   3.3264160e+01
   3.8265480e+06   3.5156250e+01
   3.8265990e+06   3.2653809e+01
   3.8551440e+06   3.1677246e+01
   3.9783980e+06   2.9235840e+01
   4.0229380e+06   3.8330078e+01
   4.0229670e+06   4.3945312e+01
   4.0230500e+06   4.0588379e+01
   4.0230790e+06   3.5217285e+01
   4.0231080e+06   3.4301758e+01
   4.1231810e+06   3.2775879e+01
   4.1232050e+06   5.7739258e+01
   4.1232410e+06   4.7973633e+01
   4.1232550e+06   4.0100098e+01
   4.1232890e+06   4.2663574e+01
   4.1233130e+06   3.6865234e+01
   4.1233480e+06   3.9367676e+01
   4.1233680e+06   3.1372070e+01
   4.2428130e+06   5.2124023e+01
   4.2428430e+06   3.9123535e+01
   4.2428590e+06   3.5766602e+01
   4.2428920e+06   2.9296875e+01
   4.2429230e+06   3.2775879e+01
   4.3163490e+06   3.1005859e+01
   4.3163930e+06   6.4575195e+01
   4.3164320e+06   4.4128418e+01
   4.3164570e+06   4.1503906e+01
   4.3165020e+06   3.8330078e+01
   4.3165440e+06   2.9663086e+01
   4.3330970e+06   2.9296875e+01
   4.3612850e+06   3.1311035e+01
   4.4180280e+06   3.4057617e+01
   4.4180440e+06   5.8410645e+01
   4.4180580e+06   3.1188965e+01
   4.4180820e+06   3.1433105e+01
   4.4181500e+06   3.5400391e+01
   4.6545080e+06   2.9602051e+01
   4.6713050e+06   2.9602051e+01
   4.6713310e+06   6.7565918e+01
   4.6713580e+06   6.2255859e+01
   4.6713790e+06   3.5949707e+01
   4.6714020e+06   3.5522461e+01
   4.6714310e+06   3.1372070e+01
   4.6948130e+06   3.0517578e+01
   4.7284570e+06   3.2775879e+01
   4.7551970e+06   3.8635254e+01
   4.7552320e+06   6.0791016e+01
   4.7552440e+06   3.8635254e+01
   4.7552720e+06   3.1799316e+01
   4.7552970e+06   3.5400391e+01
   4.7553340e+06   3.3691406e+01
   4.7553600e+06   3.3752441e+01
   4.7770380e+06   3.1738281e+01
   4.7775450e+06   3.0578613e+01
   4.7775640e+06   5.4992676e+01
   4.7776400e+06   3.6437988e+01
   4.7776840e+06   4.9621582e+01
   4.7777400e+06   3.4057617e+01
   4.7777650e+06   4.6997070e+01
   4.7777980e+06   3.5034180e+01
   4.7778090e+06   2.8930664e+01
   4.7778570e+06   4.2480469e+01
   4.8169120e+06   3.4729004e+01
   4.8169320e+06   4.9438477e+01
   4.8169530e+06   3.9123535e+01
   4.8169750e+06   4.8706055e+01
   4.8169940e+06   3.0944824e+01
   4.8170330e+06   3.6804199e+01
   4.8170890e+06   3.7048340e+01
   4.8171000e+06   2.9541016e+01
   4.8171330e+06   3.8024902e+01
   4.8475780e+06   2.8930664e+01
   4.9138920e+06   2.9907227e+01
   4.9139330e+06   3.6621094e+01
   4.9139480e+06   5.5603027e+01
   4.9139710e+06   4.0832520e+01
   4.9140050e+06   4.8095703e+01
   4.9140600e+06   4.1015625e+01
   4.9666360e+06   2.9479980e+01
   4.9666860e+06   4.5471191e+01
   4.9667390e+06   3.5339355e+01
   4.9667560e+06   7.3303223e+01
   4.9667810e+06   3.5400391e+01
   4.9668060e+06   4.2602539e+01
   4.9668740e+06   3.0273438e+01
   5.0048470e+06   3.5034180e+01
   5.0048640e+06   4.6142578e+01
   5.0049090e+06   4.0405273e+01
   5.0049250e+06   3.3752441e+01
   5.0049610e+06   2.9357910e+01
   5.0049810e+06   3.4240723e+01
   5.0049940e+06   3.6987305e+01
   5.0050280e+06   4.0100098e+01
   5.0050580e+06   3.5705566e+01
   5.0570550e+06   5.6762695e+01
   5.0570680e+06   2.9418945e+01
   5.0572660e+06   3.5949707e+01
   5.0939170e+06   3.2226562e+01
   5.1364800e+06   2.8869629e+01
   5.1367540e+06   3.2836914e+01
   5.1818770e+06   3.2104492e+01
   5.1819320e+06   6.0119629e+01
   5.1820860e+06   2.9174805e+01
   5.1971820e+06   2.9663086e+01
   5.2169570e+06   3.3142090e+01
   5.2171510e+06   3.2226562e+01
   5.2454850e+06   2.9235840e+01
   5.3019570e+06   2.9113770e+01
   5.3019920e+06   3.4240723e+01
   5.3321110e+06   2.8869629e+01
   5.3321960e+06   2.9174805e+01
   5.4075070e+06   4.2663574e+01
   5.4075320e+06   4.6691895e+01
   5.4075470e+06   3.7841797e+01
   5.4075760e+06   6.8969727e+01
   5.4076210e+06   3.1799316e+01
   5.4076660e+06   5.6213379e+01
   5.4076790e+06   3.8574219e+01
   5.4473200e+06   3.3996582e+01
   5.4800140e+06   3.0700684e+01
   5.4801280e+06   4.8217773e+01
   5.4801500e+06   3.4118652e+01
   5.4801820e+06   3.1372070e+01
   5.4802350e+06   4.4433594e+01
   5.4828170e+06   2.9724121e+01
   5.5050110e+06   2.9052734e+01
   5.5404690e+06   2.9418945e+01
   5.5753480e+06   3.1250000e+01
   5.5960210e+06   5.1696777e+01
   5.5961340e+06   4.9743652e+01
   5.5961880e+06   3.6193848e+01
   5.5962080e+06   2.8930664e+01
   5.5962350e+06   2.9418945e+01
   5.5962560e+06   4.0100098e+01
   5.5963020e+06   6.5734863e+01
   5.5963770e+06   4.3457031e+01
   5.6595180e+06   5.7189941e+01
   5.6595570e+06   3.8757324e+01
   5.6595770e+06   4.1931152e+01
   5.6596240e+06   5.1513672e+01
   5.6597000e+06   3.8452148e+01
   5.7130160e+06   5.4931641e+01
   5.7130640e+06   3.8391113e+01
   5.7130890e+06   6.3781738e+01
   5.7131270e+06   3.7231445e+01
   5.7131580e+06   2.9907227e+01
   5.7334170e+06   2.8808594e+01
   5.7337580e+06   2.9663086e+01
   5.7431640e+06   2.8930664e+01
   5.9694740e+06   4.7485352e+01
   5.9694950e+06   4.4860840e+01
   5.9695160e+06   3.3081055e+01
   5.9695420e+06   4.7912598e+01
   5.9695690e+06   2.9479980e+01
   5.9695880e+06   3.3813477e+01
   5.9696490e+06   3.2775879e+01
   5.9696620e+06   3.1188965e+01
   5.9697220e+06   3.2470703e+01
   5.9699010e+06   3.2348633e+01
   6.0009250e+06   3.4484863e+01
   6.0009420e+06   5.8044434e+01
   6.0009780e+06   2.9968262e+01
   6.0010190e+06   3.0395508e+01
   6.0010770e+06   3.5583496e+01
   6.0012020e+06   3.0761719e+01
   6.0435390e+06   2.9785156e+01
   6.0436290e+06   3.2409668e+01
   6.0727020e+06   3.2775879e+01
   6.0727330e+06   3.6193848e+01
   6.0727710e+06   3.0761719e+01
   6.0727920e+06   3.3752441e+01
   6.0728330e+06   3.6132812e+01
   6.0728750e+06   3.6743164e+01
   6.0728850e+06   2.9174805e+01
   6.0729180e+06   3.1250000e+01
   6.0729530e+06   3.1555176e+01
   6.0730230e+06   2.9785156e+01
   6.1441520e+06   3.0151367e+01
   6.1442100e+06   3.8757324e+01
   6.1442520e+06   3.0273438e+01
   6.2521980e+06   2.9418945e+01
   6.2625160e+06   6.7443848e+01
   6.2625530e+06   5.6030273e+01
   6.2625950e+06   3.8085938e+01
   6.2626120e+06   4.0039062e+01
   6.2626590e+06   4.1687012e+01
   6.2626840e+06   4.0344238e+01
   6.2627160e+06   3.1066895e+01
   6.2627650e+06   3.0334473e+01
   6.3335790e+06   3.1616211e+01
   6.3936130e+06   3.3447266e+01
   6.5481460e+06   3.2348633e+01
   6.5482370e+06   3.3996582e+01
   6.5482670e+06   2.9602051e+01
   6.6074760e+06   4.1687012e+01
   6.6075190e+06   7.0434570e+01
   6.6075300e+06   5.7556152e+01
   6.6075800e+06   3.0395508e+01
   6.6076190e+06   3.9672852e+01
   6.6076420e+06   4.1320801e+01
   6.6076740e+06   4.4555664e+01
   6.6077360e+06   3.2409668e+01
   6.6306520e+06   3.6499023e+01
   6.6570070e+06   3.1738281e+01
   6.7308650e+06   5.2551270e+01
   6.7308890e+06   3.2348633e+01
   6.7309270e+06   3.1860352e+01
   6.8115000e+06   3.0578613e+01
   6.8577460e+06   5.7800293e+01
   6.8577710e+06   3.1860352e+01
   6.8577900e+06   4.1687012e+01
   6.8578160e+06   2.9724121e+01
   6.8578510e+06   3.5095215e+01
   6.8579270e+06   4.5654297e+01
   6.8579400e+06   4.5104980e+01
   6.9448360e+06   3.1250000e+01
   6.9448690e+06   3.0517578e+01
   6.9916760e+06   2.9357910e+01
   7.0180250e+06   2.9235840e+01
   7.0181340e+06   3.3508301e+01
   7.0393100e+06   5.4016113e+01
   7.0394160e+06   5.1879883e+01
   7.0394370e+06   6.0852051e+01
   7.0394590e+06   3.8391113e+01
   7.0394790e+06   3.2409668e+01
   7.0395030e+06   4.8400879e+01
   7.0395690e+06   3.0090332e+01
   7.0396180e+06   3.0151367e+01
   7.0854630e+06   3.3264160e+01
   7.1633140e+06   3.2897949e+01
   7.1633460e+06   2.9174805e+01
   7.1633760e+06   3.7109375e+01
   7.1634200e+06   3.9672852e+01
   7.1634480e+06   3.2165527e+01
   7.1634630e+06   3.5156250e+01
   7.1635010e+06   3.4790039e+01
   7.1635250e+06   3.5461426e+01
   7.1635540e+06   4.1870117e+01
   7.1636090e+06   3.0578613e+01
   7.1636270e+06   4.5593262e+01
   7.2229960e+06   3.2531738e+01
   7.2356360e+06   6.6650391e+01
   7.2357120e+06   3.0944824e+01
   7.2357650e+06   4.8095703e+01
   7.2358060e+06   3.1555176e+01
   7.2358570e+06   3.4301758e+01
   7.2358940e+06   2.9724121e+01
   7.2359450e+06   3.0090332e+01
   7.3690750e+06   3.0090332e+01
   7.3690920e+06   6.0485840e+01
   7.3691210e+06   5.5664062e+01
   7.3691570e+06   3.6682129e+01
   7.3691770e+06   4.1870117e+01
   7.3692110e+06   3.0212402e+01
   7.3692210e+06   4.9316406e+01
   7.3692370e+06   3.2897949e+01
   7.3692620e+06   3.2226562e+01
   7.3692880e+06   4.1809082e+01
   7.3693450e+06   3.1127930e+01
   7.4075590e+06   3.2470703e+01
   7.4076710e+06   3.0395508e+01
   7.4378250e+06   3.4484863e+01
   7.4378370e+06   5.1757812e+01
   7.4378600e+06   4.5593262e+01
   7.4378970e+06   5.0659180e+01
   7.4379110e+06   3.5095215e+01
   7.4379710e+06   4.8706055e+01
   7.4379870e+06   3.8391113e+01
   7.4380390e+06   3.7597656e+01
   7.4380570e+06   2.9907227e+01
   7.5734130e+06   3.7841797e+01
   7.5734550e+06   3.5888672e+01
   7.5734770e+06   3.2470703e+01
   7.5734940e+06   6.9763184e+01
   7.5735220e+06   3.0151367e+01
   7.5735470e+06   3.5888672e+01
   7.5735870e+06   5.7189941e+01
   7.5736420e+06   3.7231445e+01
   7.6245700e+06   3.2531738e+01
   7.6267510e+06   3.9001465e+01
   7.6268250e+06   3.3813477e+01
   7.6268630e+06   3.5278320e+01
   7.6269170e+06   4.6020508e+01
   7.6269330e+06   3.7109375e+01
   7.6269850e+06   3.4667969e+01
   7.6270040e+06   4.6997070e+01
   7.6270370e+06   3.9001465e+01
   7.6270810e+06   3.0456543e+01
   7.6513050e+06   2.9846191e+01
   7.8213850e+06   7.1228027e+01
   7.8214230e+06   3.3935547e+01
   7.8214700e+06   3.1311035e+01
   7.8214930e+06   4.1442871e+01
   7.8215310e+06   4.8400879e+01
   7.8215570e+06   3.0212402e+01
   7.9765390e+06   6.9091797e+01
   7.9765690e+06   3.7719727e+01
   7.9765810e+06   2.9968262e+01
   7.9766150e+06   4.8278809e+01
   7.9766440e+06   2.9724121e+01
   7.9766550e+06   3.5705566e+01
   7.9767000e+06   3.6682129e+01
   7.9769180e+06   2.9174805e+01
   7.9933360e+06   3.2165527e+01
   7.9958060e+06   3.2043457e+01
   7.9958630e+06   3.0334473e+01
   8.0216880e+06   3.0029297e+01
   8.0217560e+06   3.2226562e+01
   8.0633940e+06   3.0517578e+01
   8.0866490e+06   2.9479980e+01
   8.1471390e+06   3.1433105e+01
   8.1471960e+06   3.4729004e+01
   8.1472130e+06   3.6560059e+01
   8.1472530e+06   3.9733887e+01
   8.1472960e+06   4.6569824e+01
   8.1473120e+06   4.0161133e+01
   8.1473540e+06   3.1494141e+01
   8.1839400e+06   2.9174805e+01
   8.1840360e+06   6.1889648e+01
   8.2464330e+06   6.0485840e+01
   8.2464670e+06   2.9663086e+01
   8.2464810e+06   6.8481445e+01
   8.2465300e+06   3.2287598e+01
   8.2465550e+06   4.2541504e+01
   8.2465950e+06   3.0090332e+01
   8.2466430e+06   3.7170410e+01
   8.2826050e+06   3.4912109e+01
   8.3379950e+06   2.9113770e+01
   8.4236560e+06   3.1677246e+01
   8.4236840e+06   4.0954590e+01
   8.4237240e+06   6.6406250e+01
   8.4237430e+06   3.8696289e+01
   8.4237980e+06   3.0578613e+01
   8.5220320e+06   6.1035156e+01
   8.5220490e+06   3.0151367e+01
   8.5220710e+06   5.8166504e+01
   8.5221400e+06   4.4433594e+01
   8.5221820e+06   6.5917969e+01
   8.5222100e+06   3.3813477e+01
   8.5228180e+06   3.1433105e+01
   8.8064370e+06   3.0029297e+01
   8.8064720e+06   3.1494141e+01
   8.8065380e+06   3.1250000e+01
   8.8865630e+06   3.1616211e+01
   8.9170670e+06   4.8706055e+01
   8.9171230e+06   6.1279297e+01
   8.9171360e+06   3.9855957e+01
   8.9171770e+06   3.2775879e+01
   8.9171960e+06   3.1066895e+01
   8.9172260e+06   4.1687012e+01
   8.9172420e+06   3.0700684e+01
   8.9172660e+06   3.0578613e+01
   8.9173180e+06   3.1250000e+01
   8.9173660e+06   3.3508301e+01
   8.9175540e+06   2.9663086e+01
   8.9238020e+06   3.1127930e+01
   8.9543690e+06   3.1066895e+01
   8.9544020e+06   3.2653809e+01
   8.9544350e+06   3.0578613e+01
   8.9545060e+06   3.0517578e+01
   9.0433800e+06   3.1188965e+01
   9.0434380e+06   3.6560059e+01
   9.0435510e+06   3.5095215e+01
   9.0436440e+06   3.2470703e+01
   9.1319710e+06   5.1757812e+01
   9.1320180e+06   3.3630371e+01
   9.1320300e+06   3.7597656e+01
   9.1320620e+06   4.4372559e+01
   9.1321240e+06   7.5256348e+01
   9.1321380e+06   3.8269043e+01
   9.1321760e+06   4.7546387e+01
   9.3282840e+06   2.9907227e+01
   9.3283070e+06   5.9631348e+01
   9.3283270e+06   3.7231445e+01
   9.3284380e+06   2.9541016e+01
   9.4327700e+06   3.1860352e+01
   9.4328350e+06   3.5705566e+01
   9.4328470e+06   6.6162109e+01
   9.4329920e+06   3.3813477e+01
   9.4330250e+06   3.2653809e+01
   9.4330710e+06   3.1555176e+01
   9.5096200e+06   2.9296875e+01
   9.5096740e+06   3.2226562e+01
   9.5096880e+06   4.8828125e+01
   9.5097290e+06   3.9978027e+01
   9.5097610e+06   3.5339355e+01
   9.5097880e+06   5.4870605e+01
   9.5098280e+06   3.4423828e+01
   9.5589320e+06   7.1960449e+01
   9.5589550e+06   2.9602051e+01
   9.5589750e+06   4.9621582e+01
   9.5590340e+06   3.0090332e+01
   9.5591190e+06   2.9968262e+01
   9.5746980e+06   3.0822754e+01
   9.6022540e+06   2.9907227e+01
   9.8292270e+06   4.9133301e+01
   9.8292560e+06   3.5339355e+01
   9.8292970e+06   3.9367676e+01
   9.8293110e+06   3.1921387e+01
   9.8293440e+06   3.0944824e+01
   9.8293900e+06   2.9846191e+01
   9.8799750e+06   3.1066895e+01
   9.8800930e+06   3.5278320e+01
   9.9087800e+06   3.6071777e+01
   9.9088010e+06   3.3142090e+01
   9.9088860e+06   3.2958984e+01
   9.9089440e+06   3.8696289e+01
   9.9112160e+06   3.4423828e+01
   1.0054889e+07   3.4362793e+01
   1.0054933e+07   4.5104980e+01
   1.0055101e+07   2.9846191e+01
   1.0111910e+07   4.2053223e+01
   1.0112006e+07   3.5522461e+01
   1.0112120e+07   5.3405762e+01
   1.0170981e+07   3.2409668e+01
   1.0191447e+07   2.9602051e+01
   1.0235101e+07   5.7556152e+01
   1.0235182e+07   4.5410156e+01
   1.0235198e+07   4.1992188e+01
   1.0235223e+07   4.2480469e+01
   1.0235259e+07   5.4626465e+01
   1.0235302e+07   4.0466309e+01
   1.0235363e+07   4.0344238e+01
   1.0260412e+07   3.2287598e+01
   1.0408620e+07   7.0434570e+01
   1.0408639e+07   3.2836914e+01
   1.0408668e+07   3.1555176e+01
   1.0408689e+07   3.1372070e+01
   1.0408714e+07   4.1503906e+01
   1.0408732e+07   3.1799316e+01
   1.0408755e+07   3.6437988e+01
   1.0408791e+07   5.2490234e+01
   1.0408834e+07   3.3813477e+01
   1.0408901e+07   2.9724121e+01
   1.0408935e+07   2.9418945e+01
   1.0689696e+07   6.8847656e+01
   1.0689752e+07   4.2724609e+01
   1.0689762e+07   4.0466309e+01
   1.0689788e+07   3.5339355e+01
   1.0689805e+07   3.5949707e+01
   1.0689828e+07   3.7780762e+01
   1.0689865e+07   4.0466309e+01
   1.0744760e+07   2.9724121e+01
   1.0821116e+07   4.8339844e+01
   1.0821150e+07   3.3874512e+01
   1.0821161e+07   5.0781250e+01
   1.0821207e+07   3.9855957e+01
   1.0821221e+07   5.0842285e+01
   1.0821252e+07   3.0700684e+01
   1.0821284e+07   3.3691406e+01
   1.0852456e+07   3.0944824e+01
   1.0852487e+07   3.9794922e+01
   1.0852510e+07   3.0273438e+01
   1.0852530e+07   4.4006348e+01
   1.0852577e+07   5.2001953e+01
   1.0852593e+07   3.7658691e+01
   1.0852626e+07   3.2470703e+01
   1.0852648e+07   3.0212402e+01
   1.0897917e+07   3.4301758e+01
   1.1063827e+07   3.0212402e+01
   1.1138191e+07   3.5461426e+01
   1.1138237e+07   5.5114746e+01
   1.1138278e+07   4.2602539e+01
   1.1138324e+07   3.5522461e+01
   1.1138361e+07   3.2958984e+01
   1.1138383e+07   3.5156250e+01
   1.1138489e+07   3.1127930e+01
   1.1216435e+07   3.2958984e+01
   1.1216477e+07   4.9316406e+01
   1.1216519e+07   3.5400391e+01
   1.1216535e+07   4.3090820e+01
   1.1216547e+07   4.3273926e+01
   1.1216584e+07   4.2236328e+01
   1.1216612e+07   3.9733887e+01
   1.1216709e+07   3.5034180e+01
   1.1253911e+07   2.9602051e+01
   1.1254020e+07   3.0517578e+01
   1.1287233e+07   4.1687012e+01
   1.1287285e+07   6.5856934e+01
   1.1287334e+07   4.1076660e+01
   1.1287380e+07   3.5217285e+01
   1.1287406e+07   4.3884277e+01
   1.1347518e+07   2.9663086e+01
   1.1347546e+07   3.1799316e+01
   1.1347807e+07   3.3691406e+01
   1.1445298e+07   2.9357910e+01
   1.1496576e+07   3.2043457e+01
   1.1496589e+07   4.9987793e+01
   1.1496637e+07   3.6682129e+01
   1.1496656e+07   4.8767090e+01
   1.1496685e+07   3.9672852e+01
   1.1496702e+07   3.9184570e+01
   1.1496715e+07   3.5034180e+01
   1.1496767e+07   3.2165527e+01
   1.1496850e+07   3.8513184e+01
   1.1541103e+07   3.1982422e+01
   1.1571060e+07   4.5227051e+01
   1.1571116e+07   3.6926270e+01
   1.1571127e+07   4.7424316e+01
   1.1571166e+07   3.9306641e+01
   1.1571183e+07   4.3640137e+01
   1.1571218e+07   4.0893555e+01
   1.1571234e+07   3.4545898e+01
   1.1668587e+07   3.5949707e+01
   1.1668689e+07   3.8635254e+01
   1.1770725e+07   3.3630371e+01
   1.1770756e+07   3.6193848e+01
   1.1770782e+07   3.0517578e+01
   1.1770806e+07   4.0039062e+01
   1.1770824e+07   4.4494629e+01
   1.1770840e+07   4.9926758e+01
   1.1770864e+07   3.4484863e+01
   1.1770884e+07   3.0700684e+01
   1.1770942e+07   3.2287598e+01
   1.1785283e+07   4.0649414e+01
   1.1785343e+07   3.2592773e+01
   1.1785396e+07   2.9846191e+01
   1.1785479e+07   3.1372070e+01
   1.1785538e+07   3.5278320e+01
   1.1803262e+07   3.0029297e+01
   1.1803292e+07   7.5317383e+01
   1.1803327e+07   3.1799316e+01
   1.1803450e+07   4.9194336e+01
   1.1803464e+07   3.0456543e+01
   1.1822839e+07   4.7912598e+01
   1.1822891e+07   2.9663086e+01
   1.1822904e+07   4.0771484e+01
   1.1822920e+07   2.9357910e+01
   1.1822998e+07   2.9907227e+01
   1.1832776e+07   2.9663086e+01
   1.1832797e+07   5.9692383e+01
   1.1832809e+07   3.1799316e+01
   1.1832845e+07   3.7841797e+01
   1.1832868e+07   3.1433105e+01
   1.1832893e+07   3.4790039e+01
   1.1833074e+07   3.2409668e+01
   1.1842360e+07   2.9663086e+01
   1.1842397e+07   3.3874512e+01
   1.1842426e+07   3.0334473e+01
   1.1842551e+07   4.0222168e+01
   1.1851189e+07   4.5959473e+01
   1.1851232e+07   3.5583496e+01
   1.1851307e+07   3.0517578e+01
   1.1851468e+07   3.4484863e+01
   1.1860166e+07   3.0944824e+01
   1.1860187e+07   3.1677246e+01
   1.1860222e+07   5.1086426e+01
   1.1869551e+07   6.1279297e+01
   1.1869692e+07   3.0639648e+01
   1.1869723e+07   3.1860352e+01
   1.1869797e+07   2.9357910e+01
   1.1882253e+07   3.0212402e+01
   1.1882339e+07   5.3833008e+01
   1.1895579e+07   3.2165527e+01
   1.1895617e+07   3.4729004e+01
   1.1895759e+07   2.9846191e+01
   1.1895862e+07   3.1555176e+01
   1.1896207e+07   2.9602051e+01
   1.1912943e+07   5.4931641e+01
   1.1913012e+07   3.0761719e+01
   1.1913044e+07   3.1066895e+01
   1.1936310e+07   2.9357910e+01
   1.1936380e+07   3.3508301e+01
