   1.1998000e+07   0.0000000e+00
   1.2989000e+04   1.0437012e+01
   1.0105400e+05   1.0620117e+01
   2.9520300e+05   1.0498047e+01
   5.5944700e+05   1.0925293e+01
   3.0578360e+06   1.0742188e+01
   3.6087920e+06   1.0498047e+01
   5.0065780e+06   1.1108398e+01
   5.9727380e+06   1.0559082e+01
   6.1913940e+06   1.1108398e+01
   6.8753590e+06   1.0437012e+01
   7.7277900e+06   1.0437012e+01
   8.0507970e+06   1.0498047e+01
   8.3846030e+06   1.0437012e+01
   1.0261469e+07   1.1474609e+01
   1.0844493e+07   1.0437012e+01
   1.1584955e+07   1.0498047e+01
   1.1976243e+07   1.0742188e+01
