   1.1998000e+07   0.0000000e+00
   1.2520000e+03   1.5686035e+01
   8.8300000e+03   1.5625000e+01
   1.2285000e+04   1.8493652e+01
   1.2616000e+04   1.5075684e+01
   2.0992000e+04   1.5991211e+01
   2.4737000e+04   1.7822266e+01
   2.8124000e+04   1.9226074e+01
   3.4117000e+04   1.7333984e+01
   4.5641000e+04   1.5808105e+01
   5.3129000e+04   1.6845703e+01
   5.5940000e+04   2.0019531e+01
   6.4636000e+04   1.8066406e+01
   6.6731000e+04   1.7456055e+01
   7.2920000e+04   1.5808105e+01
   7.6984000e+04   1.8371582e+01
   8.0860000e+04   1.4465332e+01
   8.4327000e+04   1.7761230e+01
   9.0912000e+04   1.4465332e+01
   9.6414000e+04   1.6174316e+01
   1.0339400e+05   1.7333984e+01
   1.0697600e+05   1.6540527e+01
   1.0964000e+05   1.5014648e+01
   1.1277900e+05   1.7944336e+01
   1.1462200e+05   1.6601562e+01
   1.2376200e+05   1.6235352e+01
   1.2815200e+05   1.8493652e+01
   1.2928900e+05   1.5197754e+01
   1.3038200e+05   1.5258789e+01
   1.3734000e+05   1.4770508e+01
   1.4031300e+05   1.7395020e+01
   1.4233900e+05   1.6113281e+01
   1.5386700e+05   1.6113281e+01
   1.5494100e+05   1.4648438e+01
   1.5806000e+05   1.5441895e+01
   1.6125700e+05   1.6479492e+01
   1.6926900e+05   1.8127441e+01
   1.7228600e+05   1.4526367e+01
   1.8030600e+05   1.6296387e+01
   1.8631900e+05   1.4343262e+01
   1.8939900e+05   1.6784668e+01
   1.9189200e+05   1.5075684e+01
   2.0147500e+05   1.4770508e+01
   2.0232100e+05   1.6479492e+01
   2.0947900e+05   1.5380859e+01
   2.1249100e+05   1.4831543e+01
   2.1877200e+05   1.5441895e+01
   2.2275000e+05   1.5441895e+01
   2.2307900e+05   1.4770508e+01
   2.2701700e+05   1.4892578e+01
   2.2715200e+05   1.4465332e+01
   2.4375300e+05   1.5502930e+01
   2.4909900e+05   1.5136719e+01
   2.5636800e+05   1.5563965e+01
   2.5885400e+05   1.8249512e+01
   2.5925600e+05   1.4343262e+01
   2.6651000e+05   1.4648438e+01
   2.6941600e+05   1.8859863e+01
   2.7324000e+05   1.5197754e+01
   2.7538100e+05   1.4587402e+01
   2.7568800e+05   1.5380859e+01
   2.8074500e+05   1.5380859e+01
   2.8650100e+05   1.5625000e+01
   2.9394200e+05   1.8493652e+01
   2.9632900e+05   1.5625000e+01
   3.0018900e+05   1.5258789e+01
   3.0278600e+05   1.6540527e+01
   3.0708300e+05   1.5136719e+01
   3.1071500e+05   1.5991211e+01
   3.1392300e+05   1.4648438e+01
   3.1651700e+05   1.6723633e+01
   3.2108700e+05   1.5380859e+01
   3.2138000e+05   1.4526367e+01
   3.2440400e+05   1.5502930e+01
   3.3059900e+05   1.6784668e+01
   3.3408200e+05   1.6052246e+01
   3.3951900e+05   1.4648438e+01
   3.4242200e+05   1.4831543e+01
   3.4276000e+05   1.5014648e+01
   3.4733600e+05   1.5136719e+01
   3.5611000e+05   1.6296387e+01
   3.5643100e+05   1.7028809e+01
   3.6473600e+05   1.4709473e+01
   3.6480300e+05   1.4404297e+01
   3.6567800e+05   1.7272949e+01
   3.6988000e+05   1.4465332e+01
   3.7503100e+05   2.0324707e+01
   3.7781200e+05   1.4648437e+01
   3.8047500e+05   1.6174316e+01
   3.8411200e+05   1.7700195e+01
   3.8999200e+05   1.8005371e+01
   4.0085900e+05   1.5563965e+01
   4.0569200e+05   1.4648438e+01
   4.0955300e+05   1.6357422e+01
   4.1147800e+05   1.5625000e+01
   4.1424500e+05   1.9958496e+01
   4.1901400e+05   1.4831543e+01
   4.2537200e+05   1.5625000e+01
   4.2554600e+05   1.4831543e+01
   4.2958000e+05   1.4892578e+01
   4.3869100e+05   1.7883301e+01
   4.4543800e+05   1.4648438e+01
   4.5075300e+05   1.4709473e+01
   4.5361000e+05   1.4648438e+01
   4.5785700e+05   1.5991211e+01
   4.6892600e+05   1.6845703e+01
   4.7299600e+05   1.6357422e+01
   4.8072600e+05   1.4892578e+01
   4.8117700e+05   1.4953613e+01
   4.8462400e+05   1.7089844e+01
   4.9173500e+05   1.8554688e+01
   4.9504700e+05   1.6601562e+01
   5.0263800e+05   1.5441895e+01
   5.0469700e+05   1.5014648e+01
   5.0797900e+05   1.5075684e+01
   5.1634700e+05   1.5136719e+01
   5.1675400e+05   1.4587402e+01
   5.1944000e+05   1.6967773e+01
   5.2744900e+05   1.4465332e+01
   5.3311800e+05   1.6357422e+01
   5.3775000e+05   1.6296387e+01
   5.4193100e+05   1.7944336e+01
   5.4607800e+05   1.4770508e+01
   5.5214400e+05   1.9531250e+01
   5.5507400e+05   1.4526367e+01
   5.6068400e+05   1.7456055e+01
   5.6581300e+05   1.6052246e+01
   5.6602200e+05   1.4709473e+01
   5.7174000e+05   1.4343262e+01
   5.7342400e+05   1.5502930e+01
   5.7855400e+05   1.7028809e+01
   5.8539500e+05   1.4831543e+01
   5.8573600e+05   1.6845703e+01
   5.9263000e+05   1.4709473e+01
   5.9845900e+05   1.5075684e+01
   6.0392600e+05   1.4831543e+01
   6.1935600e+05   1.4587402e+01
   6.2637900e+05   1.5869141e+01
   6.3331400e+05   1.4831543e+01
   6.3698600e+05   1.5808105e+01
   6.4352600e+05   1.4587402e+01
   6.5562300e+05   1.6540527e+01
   6.6310300e+05   1.6357422e+01
   6.6329600e+05   1.4770508e+01
   6.6868100e+05   1.5991211e+01
   6.7448700e+05   1.5563965e+01
   6.8467000e+05   1.8310547e+01
   6.8640600e+05   1.5136719e+01
   6.9386600e+05   1.8981934e+01
   6.9960300e+05   1.5319824e+01
   7.0434000e+05   1.5258789e+01
   7.1033000e+05   1.4953613e+01
   7.1056400e+05   1.4770508e+01
   7.1485200e+05   1.8493652e+01
   7.2095000e+05   1.6845703e+01
   7.2333900e+05   1.5197754e+01
   7.3011600e+05   1.4404297e+01
   7.3775400e+05   1.6662598e+01
   7.4069600e+05   1.5502930e+01
   7.4146900e+05   1.4343262e+01
   7.4655000e+05   1.5136719e+01
   7.4901500e+05   1.4526367e+01
   7.4987900e+05   1.6235352e+01
   7.5721000e+05   2.1728516e+01
   7.6195700e+05   1.5441895e+01
   7.7024400e+05   1.6601562e+01
   7.7901500e+05   1.7028809e+01
   7.8321800e+05   1.5686035e+01
   7.8750700e+05   1.5319824e+01
   7.9792900e+05   1.5808105e+01
   7.9829300e+05   1.4465332e+01
   8.0362000e+05   1.7639160e+01
   8.0562700e+05   1.7150879e+01
   8.1034400e+05   1.5869141e+01
   8.1405900e+05   1.4770508e+01
   8.2091400e+05   1.6113281e+01
   8.2562200e+05   1.5991211e+01
   8.2597200e+05   1.4953613e+01
   8.3606900e+05   1.4465332e+01
   8.3641800e+05   1.6296387e+01
   8.4089100e+05   1.6845703e+01
   8.4613800e+05   1.5014648e+01
   8.5484000e+05   1.9531250e+01
   8.6429900e+05   1.6601562e+01
   8.6897500e+05   1.7089844e+01
   8.7253200e+05   1.8188477e+01
   8.7571600e+05   1.8371582e+01
   8.7829200e+05   1.5319824e+01
   8.8607900e+05   1.9165039e+01
   8.9061100e+05   1.9409180e+01
   8.9384300e+05   1.4953613e+01
   8.9663900e+05   1.7761230e+01
   9.0143100e+05   1.4831543e+01
   9.0947900e+05   1.6113281e+01
   9.1924500e+05   1.5869141e+01
   9.2102100e+05   1.4404297e+01
   9.2379300e+05   1.5747070e+01
   9.2404600e+05   1.4953613e+01
   9.2981800e+05   1.4465332e+01
   9.3190300e+05   1.7211914e+01
   9.3482700e+05   1.4648438e+01
   9.3920900e+05   1.5869141e+01
   9.5295800e+05   1.6052246e+01
   9.5448100e+05   1.5258789e+01
   9.5995900e+05   1.4587402e+01
   9.6359800e+05   1.9775391e+01
   9.6979600e+05   1.8432617e+01
   9.7425300e+05   1.5991211e+01
   9.7630100e+05   1.6723633e+01
   9.7858500e+05   1.5014648e+01
   9.8450700e+05   1.8920898e+01
   9.8896100e+05   1.6845703e+01
   9.9249200e+05   1.7028809e+01
   9.9775600e+05   1.6418457e+01
   1.0028930e+06   1.8066406e+01
   1.0065120e+06   1.6540527e+01
   1.0105900e+06   1.4953613e+01
   1.0143910e+06   1.6662598e+01
   1.0196870e+06   1.4465332e+01
   1.0239290e+06   1.5502930e+01
   1.0304390e+06   2.0996094e+01
   1.0349700e+06   1.5380859e+01
   1.0444190e+06   1.5625000e+01
   1.0479510e+06   1.4953613e+01
   1.0507790e+06   1.5197754e+01
   1.0546010e+06   1.4404297e+01
   1.0572500e+06   1.4343262e+01
   1.0640420e+06   1.6235352e+01
   1.0725220e+06   1.4526367e+01
   1.0727510e+06   1.4404297e+01
   1.0834520e+06   1.9531250e+01
   1.0877320e+06   1.5014648e+01
   1.0910930e+06   1.5930176e+01
   1.0938160e+06   1.6967773e+01
   1.0956710e+06   1.6662598e+01
   1.0979380e+06   1.8005371e+01
   1.0982110e+06   1.4404297e+01
   1.1007470e+06   1.5136719e+01
   1.1121640e+06   1.5014648e+01
   1.1159500e+06   1.6052246e+01
   1.1221170e+06   1.6662598e+01
   1.1267120e+06   1.5319824e+01
   1.1269780e+06   1.4404297e+01
   1.1291330e+06   1.5869141e+01
   1.1354200e+06   1.4709473e+01
   1.1438940e+06   1.5747070e+01
   1.1501520e+06   1.7395020e+01
   1.1542250e+06   1.5747070e+01
   1.1580820e+06   1.5258789e+01
   1.1612950e+06   1.8066406e+01
   1.1614830e+06   1.5136719e+01
   1.1657310e+06   1.7639160e+01
   1.1754020e+06   1.5930176e+01
   1.1795150e+06   1.4709473e+01
   1.1840080e+06   2.0507812e+01
   1.1878350e+06   1.8066406e+01
   1.1897790e+06   1.5380859e+01
   1.1910330e+06   1.7211914e+01
   1.1960230e+06   1.4892578e+01
   1.2003030e+06   1.6052246e+01
   1.2036110e+06   1.9836426e+01
   1.2093610e+06   1.6113281e+01
   1.2142990e+06   1.6906738e+01
   1.2180310e+06   1.4587402e+01
   1.2246960e+06   1.5136719e+01
   1.2285840e+06   1.6418457e+01
   1.2319580e+06   1.8798828e+01
   1.2350050e+06   1.6357422e+01
   1.2390740e+06   1.4709473e+01
   1.2422590e+06   1.4709473e+01
   1.2476020e+06   1.4526367e+01
   1.2518870e+06   1.6784668e+01
   1.2568380e+06   1.5563965e+01
   1.2597660e+06   1.5075684e+01
   1.2634370e+06   1.9958496e+01
   1.2664840e+06   1.4526367e+01
   1.2705220e+06   1.9165039e+01
   1.2730480e+06   1.4526367e+01
   1.2759140e+06   1.4465332e+01
   1.2807000e+06   1.7517090e+01
   1.2841730e+06   1.5075684e+01
   1.2947810e+06   1.5197754e+01
   1.2964090e+06   1.5075684e+01
   1.3043700e+06   1.6296387e+01
   1.3097810e+06   1.4831543e+01
   1.3124920e+06   1.7333984e+01
   1.3126820e+06   1.4465332e+01
   1.3182040e+06   1.5625000e+01
   1.3184230e+06   1.4892578e+01
   1.3263250e+06   1.5869141e+01
   1.3278990e+06   1.5258789e+01
   1.3325720e+06   1.6296387e+01
   1.3435010e+06   1.5075684e+01
   1.3502020e+06   1.8188477e+01
   1.3548120e+06   1.5441895e+01
   1.3597400e+06   2.1789551e+01
   1.3653900e+06   1.4892578e+01
   1.3690490e+06   1.7456055e+01
   1.3734880e+06   1.6357422e+01
   1.3764980e+06   1.5075684e+01
   1.3807440e+06   1.5441895e+01
   1.3809580e+06   1.8859863e+01
   1.3877460e+06   1.5930176e+01
   1.3947800e+06   1.5441895e+01
   1.3989200e+06   1.4892578e+01
   1.4119470e+06   1.4770508e+01
   1.4123680e+06   1.5686035e+01
   1.4180060e+06   1.7333984e+01
   1.4236700e+06   2.0812988e+01
   1.4275440e+06   1.9531250e+01
   1.4325500e+06   1.6784668e+01
   1.4334010e+06   1.5441895e+01
   1.4368420e+06   1.7761230e+01
   1.4404130e+06   1.5625000e+01
   1.4461020e+06   1.5747070e+01
   1.4484850e+06   1.5014648e+01
   1.4511790e+06   1.5075684e+01
   1.4555120e+06   1.4953613e+01
   1.4589440e+06   1.5991211e+01
   1.4619930e+06   1.7517090e+01
   1.4665440e+06   1.6540527e+01
   1.4704910e+06   1.5136719e+01
   1.4754250e+06   1.4648438e+01
   1.4782050e+06   1.8005371e+01
   1.4859040e+06   1.7456055e+01
   1.4888770e+06   1.4343262e+01
   1.4985380e+06   1.4831543e+01
   1.5036260e+06   1.4465332e+01
   1.5083830e+06   1.5991211e+01
   1.5104660e+06   1.9531250e+01
   1.5141340e+06   1.7578125e+01
   1.5170690e+06   1.4465332e+01
   1.5221220e+06   1.6540527e+01
   1.5326280e+06   1.6418457e+01
   1.5330020e+06   1.5380859e+01
   1.5385560e+06   1.7028809e+01
   1.5410470e+06   1.5014648e+01
   1.5415240e+06   1.5869141e+01
   1.5483520e+06   1.6113281e+01
   1.5524430e+06   1.5991211e+01
   1.5583120e+06   1.7456055e+01
   1.5632180e+06   1.6052246e+01
   1.5657060e+06   2.1728516e+01
   1.5783320e+06   1.7456055e+01
   1.5835700e+06   1.5136719e+01
   1.5886730e+06   1.9836426e+01
   1.5953360e+06   1.8310547e+01
   1.6005700e+06   1.4709473e+01
   1.6066500e+06   1.4953613e+01
   1.6106640e+06   1.6418457e+01
   1.6208910e+06   1.4404297e+01
   1.6245710e+06   1.9287109e+01
   1.6317700e+06   1.4648438e+01
   1.6372890e+06   1.7517090e+01
   1.6418620e+06   1.4526367e+01
   1.6451610e+06   1.6662598e+01
   1.6494740e+06   1.6418457e+01
   1.6538370e+06   1.5747070e+01
   1.6540240e+06   1.7456055e+01
   1.6596480e+06   1.7211914e+01
   1.6637330e+06   1.6357422e+01
   1.6666700e+06   1.6601562e+01
   1.6717500e+06   1.6845703e+01
   1.6753190e+06   1.6174316e+01
   1.6797320e+06   1.5991211e+01
   1.6828760e+06   1.7578125e+01
   1.6846770e+06   1.5869141e+01
   1.6884830e+06   1.7333984e+01
   1.6922700e+06   1.5014648e+01
   1.6970440e+06   1.6235352e+01
   1.6992460e+06   1.5808105e+01
   1.7024490e+06   1.4465332e+01
   1.7054730e+06   1.5319824e+01
   1.7058460e+06   1.6052246e+01
   1.7085880e+06   1.6479492e+01
   1.7227350e+06   1.5197754e+01
   1.7247110e+06   1.5808105e+01
   1.7307900e+06   1.7456055e+01
   1.7341790e+06   1.5625000e+01
   1.7414870e+06   1.5441895e+01
   1.7463110e+06   1.4953613e+01
   1.7513490e+06   1.5869141e+01
   1.7516000e+06   1.5075684e+01
   1.7580870e+06   1.8737793e+01
   1.7584880e+06   1.8432617e+01
   1.7620070e+06   1.4648438e+01
   1.7707370e+06   1.6845703e+01
   1.7744560e+06   1.5075684e+01
   1.7775350e+06   1.5625000e+01
   1.7866900e+06   1.4709473e+01
   1.7955150e+06   1.5014648e+01
   1.8002730e+06   1.5319824e+01
   1.8003180e+06   1.5258789e+01
   1.8059330e+06   1.4404297e+01
   1.8177770e+06   1.5136719e+01
   1.8219540e+06   1.7700195e+01
   1.8423240e+06   1.6540527e+01
   1.8518530e+06   1.4709473e+01
   1.8540180e+06   1.5563965e+01
   1.8606620e+06   1.4892578e+01
   1.8636460e+06   1.6967773e+01
   1.8665410e+06   1.5197754e+01
   1.8708570e+06   1.6967773e+01
   1.8737270e+06   1.4465332e+01
   1.8766470e+06   1.6479492e+01
   1.8802470e+06   1.4404297e+01
   1.8848980e+06   1.5258789e+01
   1.8912340e+06   1.8676758e+01
   1.8947020e+06   1.7883301e+01
   1.9016520e+06   1.5502930e+01
   1.9050690e+06   1.4343262e+01
   1.9124000e+06   1.6723633e+01
   1.9240670e+06   1.4892578e+01
   1.9287290e+06   2.0324707e+01
   1.9328690e+06   1.5380859e+01
   1.9365770e+06   1.8249512e+01
   1.9406660e+06   1.7578125e+01
   1.9450510e+06   1.7089844e+01
   1.9462880e+06   1.6113281e+01
   1.9482120e+06   1.4709473e+01
   1.9513450e+06   1.5258789e+01
   1.9513780e+06   1.6418457e+01
   1.9568440e+06   1.6418457e+01
   1.9633000e+06   1.5747070e+01
   1.9677140e+06   1.5502930e+01
   1.9725350e+06   1.5563965e+01
   1.9765500e+06   1.7578125e+01
   1.9836400e+06   1.7333984e+01
   1.9902480e+06   1.5808105e+01
   1.9923940e+06   1.4587402e+01
   1.9981430e+06   1.6784668e+01
   2.0034530e+06   1.8127441e+01
   2.0100290e+06   1.5930176e+01
   2.0128950e+06   1.8127441e+01
   2.0226900e+06   1.7150879e+01
   2.0273070e+06   1.7272949e+01
   2.0353880e+06   1.8615723e+01
   2.0387130e+06   1.7272949e+01
   2.0475050e+06   1.4709473e+01
   2.0477960e+06   1.6357422e+01
   2.0554610e+06   1.7272949e+01
   2.0625930e+06   1.8127441e+01
   2.0733600e+06   1.5502930e+01
   2.0777570e+06   1.9042969e+01
   2.0807560e+06   1.5014648e+01
   2.0846950e+06   1.6052246e+01
   2.0905910e+06   1.6967773e+01
   2.0940950e+06   1.6967773e+01
   2.0974490e+06   1.6418457e+01
   2.1053560e+06   1.7211914e+01
   2.1116940e+06   1.4953613e+01
   2.1192830e+06   1.6662598e+01
   2.1197690e+06   1.5502930e+01
   2.1272560e+06   1.4770508e+01
   2.1276380e+06   1.6113281e+01
   2.1328560e+06   1.9653320e+01
   2.1394420e+06   1.5747070e+01
   2.1424990e+06   1.7028809e+01
   2.1463650e+06   1.7333984e+01
   2.1514040e+06   1.9104004e+01
   2.1622690e+06   1.4587402e+01
   2.1628540e+06   1.8371582e+01
   2.1633530e+06   1.4343262e+01
   2.1668860e+06   1.4892578e+01
   2.1713430e+06   1.7089844e+01
   2.1778540e+06   1.5502930e+01
   2.1809120e+06   1.5686035e+01
   2.1893190e+06   1.5686035e+01
   2.1975710e+06   1.5808105e+01
   2.2054910e+06   1.4587402e+01
   2.2088980e+06   1.6906738e+01
   2.2138480e+06   1.8615723e+01
   2.2158840e+06   1.5686035e+01
   2.2241770e+06   1.6296387e+01
   2.2304280e+06   1.6174316e+01
   2.2338930e+06   1.6601562e+01
   2.2382880e+06   1.5563965e+01
   2.2433330e+06   1.4343262e+01
   2.2462630e+06   1.6052246e+01
   2.2545490e+06   1.7028809e+01
   2.2591980e+06   1.4770508e+01
   2.2635340e+06   1.6723633e+01
   2.2649040e+06   1.5991211e+01
   2.2695280e+06   1.6296387e+01
   2.2718780e+06   1.5380859e+01
   2.2793600e+06   1.6784668e+01
   2.2824190e+06   1.6479492e+01
   2.2840940e+06   1.6235352e+01
   2.2937930e+06   1.4587402e+01
   2.2994030e+06   1.5197754e+01
   2.3020360e+06   1.8798828e+01
   2.3023710e+06   1.4465332e+01
   2.3114020e+06   1.5380859e+01
   2.3117490e+06   1.5502930e+01
   2.3183490e+06   1.6479492e+01
   2.3216580e+06   1.6784668e+01
   2.3218630e+06   1.4343262e+01
   2.3264660e+06   1.6418457e+01
   2.3348850e+06   1.4648438e+01
   2.3400950e+06   1.7517090e+01
   2.3422820e+06   1.4465332e+01
   2.3447150e+06   1.4648438e+01
   2.3527380e+06   1.4465332e+01
   2.3583750e+06   1.8859863e+01
   2.3650520e+06   1.5686035e+01
   2.3687130e+06   1.7944336e+01
   2.3761610e+06   1.4526367e+01
   2.3763820e+06   1.4892578e+01
   2.3878640e+06   1.7639160e+01
   2.3947160e+06   1.4770508e+01
   2.3949420e+06   1.5625000e+01
   2.4012320e+06   1.4709473e+01
   2.4250850e+06   1.5319824e+01
   2.4260940e+06   1.4770508e+01
   2.4323860e+06   1.6723633e+01
   2.4327340e+06   1.7211914e+01
   2.4398270e+06   1.7517090e+01
   2.4401440e+06   1.4648438e+01
   2.4465920e+06   1.5747070e+01
   2.4520880e+06   1.6967773e+01
   2.4528380e+06   1.5808105e+01
   2.4572900e+06   1.5136719e+01
   2.4647020e+06   1.4953613e+01
   2.4676820e+06   1.7578125e+01
   2.4744400e+06   1.6235352e+01
   2.4789490e+06   2.0324707e+01
   2.4834910e+06   1.7333984e+01
   2.4871130e+06   1.8432617e+01
   2.4916820e+06   1.6235352e+01
   2.4949230e+06   1.4526367e+01
   2.4999580e+06   1.4770508e+01
   2.5104530e+06   1.7333984e+01
   2.5141010e+06   1.4526367e+01
   2.5181450e+06   1.6052246e+01
   2.5185670e+06   1.7272949e+01
   2.5228770e+06   1.5625000e+01
   2.5230920e+06   1.5625000e+01
   2.5287790e+06   2.1667480e+01
   2.5290360e+06   1.6113281e+01
   2.5344980e+06   1.5441895e+01
   2.5374430e+06   1.8249512e+01
   2.5422060e+06   1.4892578e+01
   2.5469930e+06   1.7883301e+01
   2.5475540e+06   1.7089844e+01
   2.5566140e+06   1.9653320e+01
   2.5599000e+06   1.7028809e+01
   2.5670880e+06   1.7517090e+01
   2.5732540e+06   1.9226074e+01
   2.5784540e+06   1.4953613e+01
   2.5807320e+06   1.5441895e+01
   2.5820910e+06   1.5258789e+01
   2.5854040e+06   1.4770508e+01
   2.5910190e+06   1.5258789e+01
   2.5953470e+06   1.5563965e+01
   2.5972770e+06   1.5502930e+01
   2.6022770e+06   1.8005371e+01
   2.6024980e+06   1.4404297e+01
   2.6033770e+06   1.5014648e+01
   2.6120390e+06   1.6418457e+01
   2.6166730e+06   1.6113281e+01
   2.6257420e+06   1.4465332e+01
   2.6318290e+06   1.5319824e+01
   2.6368440e+06   1.5686035e+01
   2.6370820e+06   1.4892578e+01
   2.6433950e+06   1.9042969e+01
   2.6455380e+06   1.5197754e+01
   2.6497500e+06   1.6235352e+01
   2.6499770e+06   1.4892578e+01
   2.6530770e+06   1.5136719e+01
   2.6607970e+06   1.5197754e+01
   2.6610210e+06   1.5747070e+01
   2.6647400e+06   1.7333984e+01
   2.6724950e+06   1.4648438e+01
   2.6825570e+06   1.5869141e+01
   2.6875930e+06   1.8615723e+01
   2.6917440e+06   1.5686035e+01
   2.6958890e+06   1.6784668e+01
   2.6970520e+06   1.5930176e+01
   2.7036570e+06   1.7578125e+01
   2.7081030e+06   1.5014648e+01
   2.7145990e+06   1.5075684e+01
   2.7177050e+06   1.6174316e+01
   2.7225410e+06   1.4648438e+01
   2.7233600e+06   1.5563965e+01
   2.7296120e+06   1.5441895e+01
   2.7338770e+06   1.7517090e+01
   2.7424330e+06   1.5930176e+01
   2.7494600e+06   1.4648438e+01
   2.7496730e+06   1.4343262e+01
   2.7555030e+06   1.8676758e+01
   2.7629080e+06   1.9409180e+01
   2.7676440e+06   1.6662598e+01
   2.7733270e+06   1.7272949e+01
   2.7770780e+06   1.7639160e+01
   2.7822430e+06   1.4526367e+01
   2.7895090e+06   2.0629883e+01
   2.7953750e+06   1.6906738e+01
   2.8031200e+06   1.6235352e+01
   2.8088340e+06   1.5625000e+01
   2.8129700e+06   1.6967773e+01
   2.8193000e+06   1.4892578e+01
   2.8316730e+06   1.5197754e+01
   2.8331940e+06   1.5808105e+01
   2.8438430e+06   1.5747070e+01
   2.8485780e+06   1.5380859e+01
   2.8488780e+06   1.5075684e+01
   2.8553500e+06   1.5075684e+01
   2.8589940e+06   1.4831543e+01
   2.8638850e+06   1.6357422e+01
   2.8689850e+06   1.4709473e+01
   2.8720610e+06   1.6418457e+01
   2.8779560e+06   1.6174316e+01
   2.8854430e+06   1.8188477e+01
   2.8910010e+06   1.7456055e+01
   2.8952080e+06   1.4892578e+01
   2.9033210e+06   1.5136719e+01
   2.9102800e+06   1.5625000e+01
   2.9123810e+06   1.4709473e+01
   2.9188210e+06   1.6601562e+01
   2.9241380e+06   1.6662598e+01
   2.9301290e+06   1.4526367e+01
   2.9303240e+06   1.4526367e+01
   2.9361840e+06   1.7150879e+01
   2.9438280e+06   1.7028809e+01
   2.9473140e+06   1.5197754e+01
   2.9476790e+06   1.5197754e+01
   2.9549080e+06   1.5502930e+01
   2.9593500e+06   1.8737793e+01
   2.9632200e+06   1.6723633e+01
   2.9636240e+06   1.5441895e+01
   2.9693160e+06   1.7089844e+01
   2.9730570e+06   1.8005371e+01
   2.9818090e+06   1.4892578e+01
   2.9831210e+06   1.4770508e+01
   2.9871350e+06   1.4465332e+01
   2.9918490e+06   1.7028809e+01
   2.9971630e+06   2.0690918e+01
   3.0080220e+06   1.5380859e+01
   3.0134350e+06   1.7700195e+01
   3.0214940e+06   1.7333984e+01
   3.0255410e+06   1.5136719e+01
   3.0330380e+06   1.6784668e+01
   3.0416520e+06   1.9836426e+01
   3.0501560e+06   1.9653320e+01
   3.0537650e+06   1.7456055e+01
   3.0540600e+06   1.5686035e+01
   3.0585420e+06   1.6479492e+01
   3.0702170e+06   1.6540527e+01
   3.0755630e+06   1.6479492e+01
   3.0788460e+06   1.5869141e+01
   3.0821160e+06   1.5930176e+01
   3.0855080e+06   2.0568848e+01
   3.0900160e+06   1.7028809e+01
   3.0940630e+06   2.0080566e+01
   3.1008940e+06   1.4892578e+01
   3.1056400e+06   1.5808105e+01
   3.1117850e+06   1.4648438e+01
   3.1151320e+06   1.6784668e+01
   3.1153820e+06   1.4831543e+01
   3.1203670e+06   1.5136719e+01
   3.1239370e+06   1.4770508e+01
   3.1245750e+06   1.5441895e+01
   3.1277630e+06   1.4648438e+01
   3.1280300e+06   1.6174316e+01
   3.1339400e+06   1.4953613e+01
   3.1387660e+06   1.7211914e+01
   3.1470830e+06   1.4770508e+01
   3.1514990e+06   1.5258789e+01
   3.1556410e+06   1.6723633e+01
   3.1648100e+06   1.7211914e+01
   3.1698520e+06   1.6662598e+01
   3.1699060e+06   1.4404297e+01
   3.1715570e+06   1.5075684e+01
   3.1764180e+06   1.5747070e+01
   3.1844730e+06   1.4404297e+01
   3.1902930e+06   1.6784668e+01
   3.1993070e+06   1.6296387e+01
   3.2010460e+06   1.4526367e+01
   3.2079870e+06   1.6052246e+01
   3.2105420e+06   1.6723633e+01
   3.2233360e+06   1.5136719e+01
   3.2276640e+06   1.6296387e+01
   3.2321100e+06   1.4770508e+01
   3.2391270e+06   1.5930176e+01
   3.2434110e+06   1.6357422e+01
   3.2491810e+06   1.6418457e+01
   3.2494500e+06   1.4953613e+01
   3.2567030e+06   1.7639160e+01
   3.2570610e+06   1.4831543e+01
   3.2643110e+06   1.5380859e+01
   3.2675580e+06   1.5014648e+01
   3.2692040e+06   1.6845703e+01
   3.2772450e+06   1.5014648e+01
   3.2810370e+06   1.9348145e+01
   3.2867990e+06   1.4770508e+01
   3.2908190e+06   1.8005371e+01
   3.2997320e+06   1.5075684e+01
   3.3040900e+06   1.4404297e+01
   3.3047860e+06   1.5014648e+01
   3.3094400e+06   1.6967773e+01
   3.3168650e+06   1.5869141e+01
   3.3170420e+06   1.5380859e+01
   3.3232190e+06   1.7150879e+01
   3.3360460e+06   1.5441895e+01
   3.3424750e+06   1.6967773e+01
   3.3436200e+06   1.5258789e+01
   3.3518530e+06   1.6662598e+01
   3.3574360e+06   1.4770508e+01
   3.3624880e+06   1.7578125e+01
   3.3692220e+06   1.4831543e+01
   3.3737690e+06   1.7761230e+01
   3.3796560e+06   1.4831543e+01
   3.3848660e+06   1.8737793e+01
   3.3882690e+06   1.7272949e+01
   3.3920820e+06   1.5197754e+01
   3.4020470e+06   1.8127441e+01
   3.4059500e+06   1.5686035e+01
   3.4097420e+06   1.6418457e+01
   3.4126770e+06   1.6052246e+01
   3.4239860e+06   1.4404297e+01
   3.4241890e+06   1.5319824e+01
   3.4313140e+06   1.6784668e+01
   3.4336070e+06   1.6662598e+01
   3.4436270e+06   1.8615723e+01
   3.4476770e+06   1.7761230e+01
   3.4506340e+06   1.4892578e+01
   3.4615150e+06   1.7639160e+01
   3.4652430e+06   1.4892578e+01
   3.4688760e+06   1.7639160e+01
   3.4704410e+06   1.4465332e+01
   3.4726020e+06   1.8493652e+01
   3.4780060e+06   1.8005371e+01
   3.4820050e+06   1.6784668e+01
   3.4845930e+06   1.6296387e+01
   3.4892840e+06   2.0568848e+01
   3.4940700e+06   1.5991211e+01
   3.5027540e+06   1.6357422e+01
   3.5055320e+06   1.7333984e+01
   3.5105880e+06   1.5502930e+01
   3.5192730e+06   1.7211914e+01
   3.5195950e+06   1.5869141e+01
   3.5276910e+06   1.8310547e+01
   3.5280610e+06   1.5197754e+01
   3.5313390e+06   1.6906738e+01
   3.5410120e+06   1.5441895e+01
   3.5476910e+06   1.4465332e+01
   3.5503110e+06   1.4648438e+01
   3.5635890e+06   1.5625000e+01
   3.5676210e+06   1.5930176e+01
   3.5712900e+06   1.4465332e+01
   3.5780370e+06   1.6662598e+01
   3.5783750e+06   1.5197754e+01
   3.5865460e+06   1.5869141e+01
   3.5898870e+06   1.6479492e+01
   3.5982390e+06   1.6174316e+01
   3.6008400e+06   1.6357422e+01
   3.6037700e+06   1.5014648e+01
   3.6071780e+06   1.4526367e+01
   3.6096690e+06   1.5380859e+01
   3.6141750e+06   1.6845703e+01
   3.6176070e+06   1.6723633e+01
   3.6209070e+06   1.4404297e+01
   3.6303170e+06   1.9897461e+01
   3.6307900e+06   1.4892578e+01
   3.6392660e+06   1.4709473e+01
   3.6431290e+06   1.7211914e+01
   3.6489210e+06   1.9409180e+01
   3.6531480e+06   1.5930176e+01
   3.6583160e+06   1.5686035e+01
   3.6644030e+06   1.6235352e+01
   3.6735420e+06   1.4648438e+01
   3.6737320e+06   1.4587402e+01
   3.6836940e+06   1.5686035e+01
   3.6879550e+06   1.8493652e+01
   3.6923360e+06   1.5258789e+01
   3.7040440e+06   1.6052246e+01
   3.7070710e+06   1.4404297e+01
   3.7074890e+06   1.4648438e+01
   3.7259860e+06   1.6113281e+01
   3.7305600e+06   1.6418457e+01
   3.7457290e+06   1.6906738e+01
   3.7494380e+06   1.7578125e+01
   3.7555730e+06   1.8554688e+01
   3.7576310e+06   1.6662598e+01
   3.7625480e+06   1.8737793e+01
   3.7661030e+06   1.5991211e+01
   3.7663330e+06   1.4709473e+01
   3.7772490e+06   1.8493652e+01
   3.7818240e+06   1.4465332e+01
   3.7893780e+06   1.4526367e+01
   3.7980510e+06   1.7333984e+01
   3.8015120e+06   1.6723633e+01
   3.8052830e+06   1.6479492e+01
   3.8100380e+06   1.4709473e+01
   3.8187740e+06   1.7028809e+01
   3.8219330e+06   1.7456055e+01
   3.8263000e+06   1.5991211e+01
   3.8265570e+06   1.4404297e+01
   3.8349500e+06   1.8554688e+01
   3.8430170e+06   1.4953613e+01
   3.8466740e+06   1.6906738e+01
   3.8480520e+06   1.5136719e+01
   3.8512820e+06   1.4953613e+01
   3.8565910e+06   1.5502930e+01
   3.8641050e+06   1.6540527e+01
   3.8646790e+06   1.4526367e+01
   3.8725090e+06   1.5808105e+01
   3.8774210e+06   1.6845703e+01
   3.8779340e+06   1.5075684e+01
   3.8870900e+06   1.5686035e+01
   3.8898970e+06   1.4587402e+01
   3.9030690e+06   1.6357422e+01
   3.9032960e+06   1.4587402e+01
   3.9098170e+06   1.7150879e+01
   3.9172940e+06   2.2033691e+01
   3.9207490e+06   1.5075684e+01
   3.9262120e+06   1.5319824e+01
   3.9274040e+06   1.5747070e+01
   3.9349610e+06   1.4892578e+01
   3.9433890e+06   1.9165039e+01
   3.9464610e+06   1.9653320e+01
   3.9523960e+06   1.5014648e+01
   3.9545290e+06   1.8859863e+01
   3.9625280e+06   1.8066406e+01
   3.9695430e+06   1.6418457e+01
   3.9715130e+06   1.4953613e+01
   3.9761820e+06   1.5869141e+01
   3.9793700e+06   1.5014648e+01
   3.9919390e+06   1.7639160e+01
   3.9995400e+06   1.4404297e+01
   4.0026620e+06   1.8310547e+01
   4.0104900e+06   1.4587402e+01
   4.0135930e+06   1.6235352e+01
   4.0176360e+06   1.4770508e+01
   4.0228740e+06   1.5014648e+01
   4.0288380e+06   1.9714355e+01
   4.0320680e+06   1.5014648e+01
   4.0377390e+06   1.5197754e+01
   4.0431790e+06   1.8676758e+01
   4.0436690e+06   1.5075684e+01
   4.0505070e+06   1.5686035e+01
   4.0537360e+06   1.5075684e+01
   4.0575360e+06   1.5014648e+01
   4.0575740e+06   1.6357422e+01
   4.0608880e+06   1.6296387e+01
   4.0644580e+06   1.4648438e+01
   4.0786990e+06   1.7333984e+01
   4.0837500e+06   1.7883301e+01
   4.0865480e+06   1.7822266e+01
   4.0895930e+06   1.6113281e+01
   4.0899070e+06   1.4587402e+01
   4.0994720e+06   1.4648438e+01
   4.1043430e+06   1.6845703e+01
   4.1082050e+06   1.5075684e+01
   4.1158600e+06   1.7639160e+01
   4.1185080e+06   1.4709473e+01
   4.1214420e+06   1.5563965e+01
   4.1252800e+06   1.4587402e+01
   4.1258090e+06   1.6113281e+01
   4.1277300e+06   1.7761230e+01
   4.1336460e+06   1.5563965e+01
   4.1413370e+06   1.5930176e+01
   4.1449680e+06   1.6723633e+01
   4.1496720e+06   1.5869141e+01
   4.1507950e+06   1.4526367e+01
   4.1567620e+06   1.5991211e+01
   4.1604310e+06   1.8493652e+01
   4.1613970e+06   1.5808105e+01
   4.1639240e+06   1.4831543e+01
   4.1715020e+06   1.4587402e+01
   4.1718120e+06   1.4831543e+01
   4.1785910e+06   1.7395020e+01
   4.1797860e+06   1.5441895e+01
   4.1843500e+06   1.6479492e+01
   4.1988570e+06   1.6235352e+01
   4.2075880e+06   1.5563965e+01
   4.2119240e+06   1.5075684e+01
   4.2130130e+06   1.6113281e+01
   4.2201520e+06   1.4709473e+01
   4.2205220e+06   1.6418457e+01
   4.2245280e+06   1.7333984e+01
   4.2319200e+06   1.4831543e+01
   4.2360890e+06   1.6052246e+01
   4.2520680e+06   1.6601562e+01
   4.2568290e+06   1.7395020e+01
   4.2656750e+06   1.4404297e+01
   4.2684980e+06   1.5808105e+01
   4.2730700e+06   1.6174316e+01
   4.2769750e+06   1.5014648e+01
   4.2842610e+06   1.6113281e+01
   4.2882010e+06   1.7761230e+01
   4.2916750e+06   1.6357422e+01
   4.2999190e+06   1.5380859e+01
   4.3004380e+06   1.5930176e+01
   4.3042610e+06   1.4709473e+01
   4.3053430e+06   1.4892578e+01
   4.3112500e+06   1.5991211e+01
   4.3135850e+06   1.7822266e+01
   4.3180400e+06   1.5502930e+01
   4.3255410e+06   1.5380859e+01
   4.3312880e+06   1.4709473e+01
   4.3367940e+06   1.5441895e+01
   4.3451000e+06   1.7700195e+01
   4.3499020e+06   1.6967773e+01
   4.3501500e+06   1.4648438e+01
   4.3568610e+06   1.6174316e+01
   4.3570630e+06   1.4404297e+01
   4.3598840e+06   1.6296387e+01
   4.3653590e+06   1.5441895e+01
   4.3675590e+06   1.5991211e+01
   4.3694240e+06   1.6967773e+01
   4.3776450e+06   1.4465332e+01
   4.3854760e+06   1.7272949e+01
   4.3909190e+06   1.6540527e+01
   4.3925830e+06   1.5075684e+01
   4.4058260e+06   2.1118164e+01
   4.4164610e+06   1.5747070e+01
   4.4188490e+06   1.4587402e+01
   4.4320070e+06   1.7028809e+01
   4.4364780e+06   1.6235352e+01
   4.4408380e+06   1.6174316e+01
   4.4466950e+06   1.5380859e+01
   4.4612870e+06   1.5075684e+01
   4.4703420e+06   1.4404297e+01
   4.4778800e+06   1.5625000e+01
   4.4805060e+06   1.5686035e+01
   4.4850740e+06   1.4831543e+01
   4.4888610e+06   1.5747070e+01
   4.4989400e+06   1.5197754e+01
   4.5077810e+06   2.0996094e+01
   4.5110560e+06   1.7150879e+01
   4.5149760e+06   1.6296387e+01
   4.5152280e+06   1.4526367e+01
   4.5221840e+06   1.7395020e+01
   4.5277170e+06   1.6845703e+01
   4.5329420e+06   1.6174316e+01
   4.5352850e+06   1.8432617e+01
   4.5363320e+06   1.6174316e+01
   4.5462910e+06   1.4770508e+01
   4.5488240e+06   1.8676758e+01
   4.5528690e+06   1.5380859e+01
   4.5596040e+06   1.6845703e+01
   4.5632200e+06   1.6357422e+01
   4.5669660e+06   1.4465332e+01
   4.5761080e+06   1.9104004e+01
   4.5820960e+06   1.5991211e+01
   4.5874780e+06   1.7395020e+01
   4.5924270e+06   1.8676758e+01
   4.6040200e+06   1.4404297e+01
   4.6063720e+06   1.6845703e+01
   4.6106770e+06   1.4648438e+01
   4.6113160e+06   1.5747070e+01
   4.6165450e+06   1.6174316e+01
   4.6250460e+06   1.4587402e+01
   4.6260180e+06   1.5258789e+01
   4.6347580e+06   1.9226074e+01
   4.6433760e+06   1.4770508e+01
   4.6471580e+06   1.8066406e+01
   4.6515850e+06   1.8920898e+01
   4.6551780e+06   1.7089844e+01
   4.6634410e+06   1.4648438e+01
   4.6691540e+06   1.5869141e+01
   4.6749240e+06   1.6540527e+01
   4.6808760e+06   1.4709473e+01
   4.6943280e+06   1.7272949e+01
   4.6981390e+06   1.5197754e+01
   4.7061920e+06   1.4404297e+01
   4.7115810e+06   1.7578125e+01
   4.7170280e+06   1.8005371e+01
   4.7212030e+06   1.6113281e+01
   4.7268840e+06   1.4648438e+01
   4.7326570e+06   1.9165039e+01
   4.7330520e+06   1.5197754e+01
   4.7357080e+06   1.4709473e+01
   4.7447910e+06   1.8249512e+01
   4.7498310e+06   1.4892578e+01
   4.7502480e+06   1.4953613e+01
   4.7686750e+06   1.6235352e+01
   4.7750810e+06   1.4709473e+01
   4.7815240e+06   1.5808105e+01
   4.7909940e+06   1.5686035e+01
   4.7939710e+06   1.6174316e+01
   4.7986580e+06   1.4892578e+01
   4.8065790e+06   1.8737793e+01
   4.8113770e+06   1.6906738e+01
   4.8128520e+06   1.5075684e+01
   4.8221160e+06   1.5136719e+01
   4.8244230e+06   1.5380859e+01
   4.8331980e+06   1.7883301e+01
   4.8368370e+06   1.4709473e+01
   4.8410030e+06   1.5808105e+01
   4.8498060e+06   1.4770508e+01
   4.8536900e+06   1.5075684e+01
   4.8593950e+06   1.5380859e+01
   4.8658580e+06   1.6113281e+01
   4.8727740e+06   1.4465332e+01
   4.8793630e+06   1.7211914e+01
   4.8863880e+06   1.8493652e+01
   4.8865470e+06   1.4648437e+01
   4.8936600e+06   1.6113281e+01
   4.8966880e+06   1.7272949e+01
   4.9030570e+06   1.4831543e+01
   4.9106420e+06   1.6723633e+01
   4.9133480e+06   1.7456055e+01
   4.9157340e+06   1.5869141e+01
   4.9200570e+06   1.5686035e+01
   4.9238180e+06   1.5686035e+01
   4.9301730e+06   1.8981934e+01
   4.9307900e+06   1.4526367e+01
   4.9364030e+06   1.8615723e+01
   4.9365670e+06   1.5563965e+01
   4.9428550e+06   1.6418457e+01
   4.9432000e+06   1.4465332e+01
   4.9486730e+06   1.4770508e+01
   4.9516550e+06   1.4709473e+01
   4.9565950e+06   1.6540527e+01
   4.9568320e+06   1.5563965e+01
   4.9662310e+06   1.8920898e+01
   4.9665510e+06   1.4526367e+01
   4.9678140e+06   1.7028809e+01
   4.9728070e+06   1.6235352e+01
   4.9753090e+06   1.5930176e+01
   4.9815130e+06   1.6418457e+01
   4.9831060e+06   1.4404297e+01
   4.9910520e+06   1.7822266e+01
   4.9987240e+06   1.6845703e+01
   5.0167430e+06   1.5258789e+01
   5.0226750e+06   1.6662598e+01
   5.0283040e+06   1.5319824e+01
   5.0311250e+06   1.5136719e+01
   5.0415430e+06   1.5319824e+01
   5.0461960e+06   1.8432617e+01
   5.0464810e+06   1.4892578e+01
   5.0550840e+06   1.8371582e+01
   5.0617770e+06   1.7761230e+01
   5.0622880e+06   1.4770508e+01
   5.0666990e+06   1.8981934e+01
   5.0716330e+06   1.7028809e+01
   5.0762940e+06   1.5808105e+01
   5.0787370e+06   1.5563965e+01
   5.0809430e+06   1.6662598e+01
   5.0864610e+06   1.7578125e+01
   5.0948610e+06   1.6906738e+01
   5.0955540e+06   1.5075684e+01
   5.0996780e+06   1.6052246e+01
   5.1041990e+06   1.5441895e+01
   5.1065870e+06   1.4526367e+01
   5.1074520e+06   1.4404297e+01
   5.1185560e+06   1.5808105e+01
   5.1187220e+06   1.5197754e+01
   5.1259290e+06   1.8554688e+01
   5.1295910e+06   1.7395020e+01
   5.1304130e+06   1.4465332e+01
   5.1359700e+06   1.4831543e+01
   5.1398690e+06   1.7395020e+01
   5.1451360e+06   1.6479492e+01
   5.1495340e+06   1.5075684e+01
   5.1548320e+06   1.8737793e+01
   5.1560250e+06   1.4404297e+01
   5.1595040e+06   1.5014648e+01
   5.1634820e+06   1.7272949e+01
   5.1638560e+06   1.4709473e+01
   5.1673070e+06   1.7761230e+01
   5.1803110e+06   1.8249512e+01
   5.1863460e+06   1.5991211e+01
   5.1904270e+06   1.4587402e+01
   5.1944790e+06   1.4404297e+01
   5.2027330e+06   1.4465332e+01
   5.2030580e+06   1.4587402e+01
   5.2093270e+06   1.4404297e+01
   5.2118520e+06   1.6784668e+01
   5.2134330e+06   1.4404297e+01
   5.2220000e+06   1.4526367e+01
   5.2224100e+06   1.5441895e+01
   5.2255150e+06   1.5563965e+01
   5.2412140e+06   1.5136719e+01
   5.2433000e+06   1.5869141e+01
   5.2484390e+06   1.4587402e+01
   5.2548890e+06   1.7883301e+01
   5.2590900e+06   1.9653320e+01
   5.2596360e+06   1.4831543e+01
   5.2664650e+06   1.4831543e+01
   5.2680040e+06   1.6235352e+01
   5.2683660e+06   1.5808105e+01
   5.2762490e+06   1.8188477e+01
   5.2765180e+06   1.7395020e+01
   5.2794630e+06   1.7761230e+01
   5.2855580e+06   1.6052246e+01
   5.2897370e+06   2.1240234e+01
   5.2927040e+06   1.9836426e+01
   5.2948630e+06   1.4465332e+01
   5.2954660e+06   1.6296387e+01
   5.3030150e+06   2.0507812e+01
   5.3096660e+06   1.6418457e+01
   5.3122550e+06   1.4709473e+01
   5.3157360e+06   1.7517090e+01
   5.3178730e+06   1.5808105e+01
   5.3240580e+06   1.8432617e+01
   5.3275440e+06   1.6723633e+01
   5.3349500e+06   1.5258789e+01
   5.3394510e+06   1.7578125e+01
   5.3438020e+06   1.4770508e+01
   5.3471080e+06   1.7761230e+01
   5.3528350e+06   1.5563965e+01
   5.3566730e+06   2.0202637e+01
   5.3604500e+06   1.6418457e+01
   5.3639250e+06   1.4526367e+01
   5.3723220e+06   1.5808105e+01
   5.3767390e+06   1.4465332e+01
   5.3835130e+06   1.6174316e+01
   5.3837180e+06   1.5625000e+01
   5.3858590e+06   1.8432617e+01
   5.3910380e+06   1.7639160e+01
   5.3980620e+06   1.5747070e+01
   5.4016040e+06   1.6479492e+01
   5.4096920e+06   1.7639160e+01
   5.4131910e+06   1.6845703e+01
   5.4175920e+06   1.6601562e+01
   5.4237880e+06   1.5258789e+01
   5.4278680e+06   1.5869141e+01
   5.4282070e+06   1.5991211e+01
   5.4337600e+06   2.0690918e+01
   5.4387610e+06   1.5991211e+01
   5.4443410e+06   1.5747070e+01
   5.4586090e+06   1.5930176e+01
   5.4634800e+06   1.8188477e+01
   5.4690150e+06   1.7700195e+01
   5.4726920e+06   1.6479492e+01
   5.4839040e+06   1.6113281e+01
   5.4890490e+06   1.4831543e+01
   5.4922400e+06   1.5014648e+01
   5.4984300e+06   1.8615723e+01
   5.5031120e+06   1.7089844e+01
   5.5098290e+06   1.7578125e+01
   5.5221430e+06   1.5686035e+01
   5.5302500e+06   1.4587402e+01
   5.5407030e+06   1.4892578e+01
   5.5463030e+06   1.6357422e+01
   5.5464560e+06   1.4404297e+01
   5.5555460e+06   1.6845703e+01
   5.5579560e+06   1.5319824e+01
   5.5597370e+06   1.4770508e+01
   5.5617160e+06   1.7578125e+01
   5.5662080e+06   1.5563965e+01
   5.5689150e+06   1.4831543e+01
   5.5763620e+06   1.4709473e+01
   5.5822040e+06   1.5197754e+01
   5.5936090e+06   1.6418457e+01
   5.5968560e+06   1.8432617e+01
   5.6068000e+06   1.5747070e+01
   5.6070420e+06   1.5930176e+01
   5.6145990e+06   1.7639160e+01
   5.6234040e+06   1.5502930e+01
   5.6252960e+06   1.6906738e+01
   5.6304600e+06   1.7089844e+01
   5.6374930e+06   1.5563965e+01
   5.6422100e+06   1.8615723e+01
   5.6440530e+06   1.5014648e+01
   5.6504330e+06   1.7761230e+01
   5.6542870e+06   1.6113281e+01
   5.6579310e+06   1.5014648e+01
   5.6601960e+06   1.5869141e+01
   5.6698790e+06   1.8615723e+01
   5.6742800e+06   1.9104004e+01
   5.6790500e+06   1.7272949e+01
   5.6874620e+06   1.7578125e+01
   5.6908860e+06   1.6174316e+01
   5.6954920e+06   1.9042969e+01
   5.6977650e+06   1.5869141e+01
   5.6980070e+06   1.5930176e+01
   5.7027910e+06   1.4587402e+01
   5.7034040e+06   1.4465332e+01
   5.7096180e+06   1.7272949e+01
   5.7119790e+06   1.6296387e+01
   5.7175340e+06   1.6845703e+01
   5.7284310e+06   1.5502930e+01
   5.7346170e+06   1.5075684e+01
   5.7351240e+06   1.6113281e+01
   5.7387450e+06   1.5625000e+01
   5.7524650e+06   1.5991211e+01
   5.7600950e+06   1.5380859e+01
   5.7633410e+06   1.5136719e+01
   5.7732240e+06   1.8554688e+01
   5.7777210e+06   1.5808105e+01
   5.7830370e+06   1.5136719e+01
   5.7872710e+06   1.5441895e+01
   5.7921330e+06   1.7333984e+01
   5.7953420e+06   1.6174316e+01
   5.8103400e+06   1.5014648e+01
   5.8141640e+06   1.6906738e+01
   5.8232570e+06   1.5747070e+01
   5.8358620e+06   1.6967773e+01
   5.8408530e+06   1.8798828e+01
   5.8455560e+06   1.5319824e+01
   5.8458760e+06   1.5380859e+01
   5.8485980e+06   1.8066406e+01
   5.8513860e+06   1.5563965e+01
   5.8631750e+06   1.6906738e+01
   5.8632090e+06   1.4831543e+01
   5.8682090e+06   1.7761230e+01
   5.8739260e+06   1.5930176e+01
   5.8785990e+06   1.7456055e+01
   5.8828420e+06   1.8737793e+01
   5.8880320e+06   1.6052246e+01
   5.8934580e+06   1.6052246e+01
   5.8991780e+06   1.5563965e+01
   5.9063310e+06   1.4587402e+01
   5.9120190e+06   1.8127441e+01
   5.9148710e+06   1.4526367e+01
   5.9168740e+06   1.6906738e+01
   5.9225700e+06   1.5808105e+01
   5.9266670e+06   1.7517090e+01
   5.9313370e+06   1.5991211e+01
   5.9360480e+06   1.6052246e+01
   5.9372790e+06   1.7578125e+01
   5.9404500e+06   1.4526367e+01
   5.9439730e+06   1.4465332e+01
   5.9489070e+06   1.9592285e+01
   5.9616610e+06   1.6662598e+01
   5.9661700e+06   1.5502930e+01
   5.9808500e+06   1.5075684e+01
   5.9813590e+06   1.5075684e+01
   5.9838580e+06   1.4892578e+01
   5.9930490e+06   1.6296387e+01
   5.9933120e+06   1.5563965e+01
   5.9953000e+06   1.5441895e+01
   5.9979850e+06   1.8737793e+01
   6.0012700e+06   1.6784668e+01
   6.0048140e+06   1.7700195e+01
   6.0113990e+06   1.4770508e+01
   6.0151400e+06   1.4831543e+01
   6.0158450e+06   1.6418457e+01
   6.0235320e+06   1.8859863e+01
   6.0288560e+06   1.6967773e+01
   6.0334130e+06   1.5380859e+01
   6.0349390e+06   1.4404297e+01
   6.0388830e+06   1.4709473e+01
   6.0463600e+06   1.6052246e+01
   6.0532660e+06   1.4465332e+01
   6.0562830e+06   1.9226074e+01
   6.0609750e+06   1.6967773e+01
   6.0612820e+06   1.5625000e+01
   6.0664710e+06   1.7761230e+01
   6.0694130e+06   1.5502930e+01
   6.0749150e+06   1.5258789e+01
   6.0757480e+06   1.4343262e+01
   6.0829170e+06   1.7456055e+01
   6.0839890e+06   1.5930176e+01
   6.0900470e+06   1.5258789e+01
   6.0931800e+06   1.5625000e+01
   6.0999010e+06   1.5747070e+01
   6.1042130e+06   1.8676758e+01
   6.1052420e+06   1.4465332e+01
   6.1112780e+06   1.4709473e+01
   6.1166370e+06   1.4282227e+01
   6.1233200e+06   1.7578125e+01
   6.1304250e+06   1.5563965e+01
   6.1322420e+06   1.5136719e+01
   6.1383980e+06   1.7272949e+01
   6.1387560e+06   1.5014648e+01
   6.1447600e+06   1.4648438e+01
   6.1488180e+06   1.7883301e+01
   6.1586890e+06   1.4953613e+01
   6.1625750e+06   1.8493652e+01
   6.1703060e+06   1.8249512e+01
   6.1804700e+06   1.5563965e+01
   6.1867370e+06   1.5686035e+01
   6.1902120e+06   1.5319824e+01
   6.1998010e+06   1.5136719e+01
   6.2092920e+06   1.7395020e+01
   6.2185670e+06   1.8066406e+01
   6.2231430e+06   1.6845703e+01
   6.2280060e+06   1.6784668e+01
   6.2305290e+06   1.4221191e+01
   6.2439180e+06   1.6296387e+01
   6.2508110e+06   1.4953613e+01
   6.2552810e+06   1.5991211e+01
   6.2571740e+06   1.4526367e+01
   6.2603480e+06   1.6601562e+01
   6.2630520e+06   1.4526367e+01
   6.2663530e+06   1.9958496e+01
   6.2699990e+06   1.5380859e+01
   6.2700350e+06   1.5258789e+01
   6.2728830e+06   1.8371582e+01
   6.2781720e+06   1.5441895e+01
   6.2784050e+06   1.4221191e+01
   6.2858330e+06   1.9836426e+01
   6.2876310e+06   1.5991211e+01
   6.2930110e+06   1.4526367e+01
   6.2981990e+06   1.7639160e+01
   6.2987810e+06   1.4343262e+01
   6.3061280e+06   1.9958496e+01
   6.3063350e+06   1.4465332e+01
   6.3139580e+06   1.7150879e+01
   6.3185820e+06   1.8432617e+01
   6.3239540e+06   1.6174316e+01
   6.3327200e+06   1.8188477e+01
   6.3425600e+06   1.9165039e+01
   6.3475590e+06   2.1057129e+01
   6.3515720e+06   1.7089844e+01
   6.3554540e+06   1.4221191e+01
   6.3604870e+06   1.4526367e+01
   6.3667540e+06   1.4892578e+01
   6.3715100e+06   1.6479492e+01
   6.3753600e+06   1.8066406e+01
   6.3760460e+06   1.6845703e+01
   6.3761040e+06   1.4648438e+01
   6.3871700e+06   1.4465332e+01
   6.3960270e+06   1.5441895e+01
   6.3997730e+06   1.8127441e+01
   6.4001750e+06   1.4221191e+01
   6.4026480e+06   1.4587402e+01
   6.4090740e+06   1.6784668e+01
   6.4121740e+06   1.8676758e+01
   6.4181270e+06   1.6906738e+01
   6.4218310e+06   1.4770508e+01
   6.4296350e+06   1.4953613e+01
   6.4299210e+06   1.5136719e+01
   6.4338100e+06   1.4587402e+01
   6.4367170e+06   1.4953613e+01
   6.4369360e+06   1.4709473e+01
   6.4413210e+06   1.5808105e+01
   6.4468820e+06   1.6845703e+01
   6.4516270e+06   1.6296387e+01
   6.4546050e+06   1.5380859e+01
   6.4590700e+06   1.7089844e+01
   6.4658300e+06   1.5563965e+01
   6.4716950e+06   1.8066406e+01
   6.4768570e+06   1.6601562e+01
   6.4807060e+06   1.5563965e+01
   6.4850160e+06   1.4282227e+01
   6.4860800e+06   2.0324707e+01
   6.4924670e+06   1.5869141e+01
   6.4964420e+06   1.6052246e+01
   6.4969470e+06   1.4770508e+01
   6.5122210e+06   1.7639160e+01
   6.5151690e+06   1.5808105e+01
   6.5196870e+06   1.4343262e+01
   6.5198780e+06   1.4282227e+01
   6.5302940e+06   2.0263672e+01
   6.5374350e+06   1.6113281e+01
   6.5450270e+06   1.5625000e+01
   6.5474330e+06   1.4709473e+01
   6.5514870e+06   1.5563965e+01
   6.5559640e+06   1.8798828e+01
   6.5586450e+06   1.6601562e+01
   6.5615060e+06   1.6174316e+01
   6.5673720e+06   1.8981934e+01
   6.5711250e+06   1.5991211e+01
   6.5748870e+06   2.0263672e+01
   6.5764900e+06   1.5014648e+01
   6.5789040e+06   1.4221191e+01
   6.5792330e+06   1.6113281e+01
   6.5858080e+06   1.4587402e+01
   6.5880820e+06   1.4221191e+01
   6.5940990e+06   1.5258789e+01
   6.6071310e+06   1.6235352e+01
   6.6123900e+06   1.5502930e+01
   6.6184170e+06   1.8188477e+01
   6.6248620e+06   1.6723633e+01
   6.6270610e+06   1.4892578e+01
   6.6303710e+06   1.6113281e+01
   6.6345280e+06   1.9042969e+01
   6.6426270e+06   1.7272949e+01
   6.6477220e+06   1.4404297e+01
   6.6599960e+06   1.6662598e+01
   6.6651150e+06   1.8615723e+01
   6.6728260e+06   1.5930176e+01
   6.6803010e+06   1.5930176e+01
   6.6850470e+06   1.6601562e+01
   6.6895070e+06   2.0080566e+01
   6.6972670e+06   1.5930176e+01
   6.6996450e+06   1.9287109e+01
   6.7039610e+06   1.8005371e+01
   6.7072680e+06   1.5258789e+01
   6.7123520e+06   1.6113281e+01
   6.7164400e+06   1.6662598e+01
   6.7218280e+06   1.5991211e+01
   6.7273520e+06   1.4709473e+01
   6.7287560e+06   1.4770508e+01
   6.7336850e+06   1.4831543e+01
   6.7359350e+06   1.4709473e+01
   6.7437780e+06   1.4709473e+01
   6.7439260e+06   1.6967773e+01
   6.7549320e+06   1.5563965e+01
   6.7620170e+06   1.6479492e+01
   6.7622290e+06   1.5197754e+01
   6.7668980e+06   1.6052246e+01
   6.7721310e+06   1.5441895e+01
   6.7723290e+06   1.4953613e+01
   6.7808990e+06   1.5808105e+01
   6.7841660e+06   1.8066406e+01
   6.7869360e+06   1.4526367e+01
   6.7873380e+06   1.5319824e+01
   6.7940740e+06   1.4892578e+01
   6.7996520e+06   1.7395020e+01
   6.8056680e+06   1.7700195e+01
   6.8096700e+06   1.7822266e+01
   6.8098780e+06   1.5319824e+01
   6.8136760e+06   1.7150879e+01
   6.8214470e+06   1.8432617e+01
   6.8252610e+06   1.5014648e+01
   6.8309200e+06   1.4221191e+01
   6.8464790e+06   1.4465332e+01
   6.8521300e+06   1.7517090e+01
   6.8551930e+06   1.8371582e+01
   6.8597410e+06   1.4953613e+01
   6.8672810e+06   1.5014648e+01
   6.8720430e+06   1.5869141e+01
   6.8797870e+06   1.4221191e+01
   6.8837840e+06   1.6662598e+01
   6.8888680e+06   1.7395020e+01
   6.8923320e+06   1.5136719e+01
   6.8970180e+06   1.7395020e+01
   6.9061710e+06   1.5136719e+01
   6.9108620e+06   1.5625000e+01
   6.9110720e+06   1.4282227e+01
   6.9181280e+06   1.5197754e+01
   6.9184710e+06   1.7150879e+01
   6.9211270e+06   1.4465332e+01
   6.9278580e+06   1.4587402e+01
   6.9335170e+06   1.5258789e+01
   6.9361890e+06   1.7639160e+01
   6.9421330e+06   1.8310547e+01
   6.9476790e+06   1.9165039e+01
   6.9526290e+06   1.4709473e+01
   6.9555970e+06   1.5747070e+01
   6.9598890e+06   1.6174316e+01
   6.9615890e+06   1.5319824e+01
   6.9707880e+06   1.5197754e+01
   6.9739480e+06   1.4709473e+01
   6.9816200e+06   1.7883301e+01
   6.9869460e+06   1.5380859e+01
   6.9905490e+06   1.7395020e+01
   6.9958810e+06   1.7150879e+01
   6.9989200e+06   1.4892578e+01
   7.0044090e+06   1.5380859e+01
   7.0046550e+06   1.4465332e+01
   7.0103320e+06   1.4648438e+01
   7.0146440e+06   1.7028809e+01
   7.0221760e+06   1.8005371e+01
   7.0256950e+06   1.7456055e+01
   7.0286220e+06   1.4953613e+01
   7.0354730e+06   1.8493652e+01
   7.0606240e+06   1.5075684e+01
   7.0639970e+06   1.7761230e+01
   7.0723430e+06   1.5319824e+01
   7.0728140e+06   1.4587402e+01
   7.0802980e+06   1.8432617e+01
   7.0846860e+06   1.8798828e+01
   7.0968510e+06   1.4709473e+01
   7.1025290e+06   1.9836426e+01
   7.1074360e+06   1.8798828e+01
   7.1118350e+06   1.4770508e+01
   7.1163370e+06   1.5808105e+01
   7.1214890e+06   1.9104004e+01
   7.1233770e+06   1.8432617e+01
   7.1258670e+06   1.4770508e+01
   7.1318440e+06   1.7517090e+01
   7.1378150e+06   1.5625000e+01
   7.1457370e+06   1.7517090e+01
   7.1490970e+06   1.5502930e+01
   7.1546950e+06   1.8432617e+01
   7.1577280e+06   1.4526367e+01
   7.1618250e+06   1.6174316e+01
   7.1672500e+06   1.9348145e+01
   7.1708550e+06   1.5991211e+01
   7.1731820e+06   1.6113281e+01
   7.1800880e+06   1.6967773e+01
   7.1943510e+06   1.7822266e+01
   7.1981350e+06   1.4709473e+01
   7.2055800e+06   1.7639160e+01
   7.2092580e+06   1.6967773e+01
   7.2159980e+06   1.6601562e+01
   7.2253780e+06   1.5197754e+01
   7.2308810e+06   1.4709473e+01
   7.2337130e+06   1.6662598e+01
   7.2418200e+06   1.7395020e+01
   7.2468510e+06   1.4221191e+01
   7.2506810e+06   1.6967773e+01
   7.2541930e+06   1.5808105e+01
   7.2585320e+06   1.5563965e+01
   7.2626030e+06   1.6845703e+01
   7.2653650e+06   1.4465332e+01
   7.2687460e+06   1.7700195e+01
   7.2693770e+06   1.5319824e+01
   7.2739510e+06   1.6357422e+01
   7.2773050e+06   1.6479492e+01
   7.2825590e+06   2.1789551e+01
   7.2881300e+06   1.5686035e+01
   7.2956110e+06   1.5319824e+01
   7.2996640e+06   1.6052246e+01
   7.3034610e+06   1.4892578e+01
   7.3072480e+06   1.7089844e+01
   7.3107300e+06   1.8432617e+01
   7.3144040e+06   1.6723633e+01
   7.3219880e+06   1.7272949e+01
   7.3269340e+06   1.4587402e+01
   7.3339210e+06   1.4892578e+01
   7.3402520e+06   1.4892578e+01
   7.3439260e+06   1.9836426e+01
   7.3515640e+06   1.7700195e+01
   7.3573440e+06   1.8920898e+01
   7.3604890e+06   1.8432617e+01
   7.3641580e+06   1.5441895e+01
   7.3673040e+06   1.5747070e+01
   7.3755280e+06   1.5075684e+01
   7.3825080e+06   1.7639160e+01
   7.3850240e+06   1.7089844e+01
   7.3911660e+06   1.5380859e+01
   7.3951670e+06   1.4648438e+01
   7.4008190e+06   1.7089844e+01
   7.4083050e+06   1.7883301e+01
   7.4139230e+06   1.4587402e+01
   7.4158340e+06   1.4587402e+01
   7.4220520e+06   1.6540527e+01
   7.4247420e+06   1.4221191e+01
   7.4338060e+06   1.9470215e+01
   7.4399630e+06   1.5441895e+01
   7.4418570e+06   1.6601562e+01
   7.4449170e+06   1.7517090e+01
   7.4490690e+06   1.5380859e+01
   7.4529310e+06   1.8249512e+01
   7.4561140e+06   1.4892578e+01
   7.4629470e+06   1.7944336e+01
   7.4686780e+06   1.5441895e+01
   7.4763290e+06   1.6906738e+01
   7.4865890e+06   1.7028809e+01
   7.4907350e+06   1.7395020e+01
   7.4941950e+06   1.4282227e+01
   7.4980730e+06   1.4831543e+01
   7.5017840e+06   1.4221191e+01
   7.5020210e+06   1.5136719e+01
   7.5055610e+06   1.6235352e+01
   7.5087420e+06   1.6357422e+01
   7.5157140e+06   1.5991211e+01
   7.5177140e+06   1.4892578e+01
   7.5193520e+06   1.4526367e+01
   7.5236250e+06   1.4343262e+01
   7.5264550e+06   1.6174316e+01
   7.5309860e+06   1.5014648e+01
   7.5339100e+06   1.4953613e+01
   7.5391150e+06   1.5625000e+01
   7.5502880e+06   1.5991211e+01
   7.5511190e+06   1.5197754e+01
   7.5639270e+06   1.5563965e+01
   7.5723080e+06   1.4404297e+01
   7.5803960e+06   1.7456055e+01
   7.5806790e+06   1.6662598e+01
   7.5865740e+06   1.5197754e+01
   7.5899310e+06   1.7517090e+01
   7.5944260e+06   1.8005371e+01
   7.6044620e+06   1.5747070e+01
   7.6134510e+06   1.4221191e+01
   7.6167740e+06   1.8554688e+01
   7.6301790e+06   1.6662598e+01
   7.6321590e+06   1.4526367e+01
   7.6409730e+06   1.6235352e+01
   7.6444110e+06   1.6906738e+01
   7.6522340e+06   1.5258789e+01
   7.6558620e+06   1.6601562e+01
   7.6646100e+06   1.7150879e+01
   7.6696670e+06   1.8371582e+01
   7.6760070e+06   1.5808105e+01
   7.6789050e+06   1.6235352e+01
   7.6789880e+06   1.4526367e+01
   7.6848350e+06   1.4526367e+01
   7.6891360e+06   1.5014648e+01
   7.6923830e+06   1.5747070e+01
   7.6956340e+06   1.5014648e+01
   7.7004450e+06   1.6174316e+01
   7.7036370e+06   1.4831543e+01
   7.7122280e+06   1.6052246e+01
   7.7209630e+06   1.5197754e+01
   7.7212120e+06   1.4953613e+01
   7.7278930e+06   1.4526367e+01
   7.7301200e+06   1.7944336e+01
   7.7359820e+06   1.4526367e+01
   7.7376560e+06   1.4831543e+01
   7.7430860e+06   1.5625000e+01
   7.7433550e+06   1.6174316e+01
   7.7517100e+06   1.7517090e+01
   7.7577350e+06   1.4526367e+01
   7.7615010e+06   1.5563965e+01
   7.7684720e+06   1.8371582e+01
   7.7746390e+06   1.9714355e+01
   7.7810890e+06   1.8920898e+01
   7.7858880e+06   1.4282227e+01
   7.7862230e+06   1.5075684e+01
   7.7941910e+06   1.4526367e+01
   7.7979580e+06   1.5502930e+01
   7.8011830e+06   1.5441895e+01
   7.8079110e+06   1.4709473e+01
   7.8083790e+06   1.8005371e+01
   7.8117960e+06   2.0080566e+01
   7.8165090e+06   1.8554688e+01
   7.8167100e+06   1.5747070e+01
   7.8212610e+06   1.6540527e+01
   7.8259150e+06   1.4770508e+01
   7.8288470e+06   1.5625000e+01
   7.8357350e+06   1.4709473e+01
   7.8403300e+06   1.4953613e+01
   7.8448690e+06   1.5075684e+01
   7.8482310e+06   1.6296387e+01
   7.8516830e+06   1.8188477e+01
   7.8559280e+06   1.4404297e+01
   7.8601980e+06   1.6967773e+01
   7.8639230e+06   1.6052246e+01
   7.8666070e+06   1.4282227e+01
   7.8702340e+06   1.8493652e+01
   7.8754240e+06   1.4465332e+01
   7.8809950e+06   1.5258789e+01
   7.8842690e+06   1.7150879e+01
   7.8873530e+06   1.4587402e+01
   7.8937870e+06   1.8432617e+01
   7.8990520e+06   1.7883301e+01
   7.9019130e+06   1.8371582e+01
   7.9053410e+06   1.6052246e+01
   7.9105300e+06   1.7395020e+01
   7.9168220e+06   1.6845703e+01
   7.9223520e+06   1.5502930e+01
   7.9263470e+06   1.6357422e+01
   7.9303680e+06   1.5197754e+01
   7.9354600e+06   1.7272949e+01
   7.9445780e+06   1.4648437e+01
   7.9579650e+06   1.5991211e+01
   7.9610930e+06   1.8676758e+01
   7.9614710e+06   1.6113281e+01
   7.9641980e+06   1.4831543e+01
   7.9735980e+06   1.5747070e+01
   7.9863530e+06   1.5563965e+01
   7.9917730e+06   1.6418457e+01
   7.9966510e+06   1.4343262e+01
   8.0015400e+06   1.4282227e+01
   8.0051110e+06   1.6235352e+01
   8.0183500e+06   1.6235352e+01
   8.0221610e+06   1.7395020e+01
   8.0280870e+06   1.8798828e+01
   8.0342560e+06   2.0019531e+01
   8.0403560e+06   1.6845703e+01
   8.0435860e+06   1.8432617e+01
   8.0466760e+06   1.5686035e+01
   8.0586050e+06   1.8127441e+01
   8.0626160e+06   1.7028809e+01
   8.0648700e+06   1.5747070e+01
   8.0652860e+06   1.4404297e+01
   8.0714320e+06   1.4892578e+01
   8.0745710e+06   1.6174316e+01
   8.0792930e+06   1.7089844e+01
   8.0820350e+06   1.9287109e+01
   8.0881600e+06   1.6174316e+01
   8.0920440e+06   1.6906738e+01
   8.0950500e+06   1.5625000e+01
   8.1010220e+06   1.5686035e+01
   8.1048980e+06   1.7700195e+01
   8.1140220e+06   1.4953613e+01
   8.1173320e+06   1.5380859e+01
   8.1249110e+06   1.4465332e+01
   8.1277390e+06   1.6418457e+01
   8.1355600e+06   1.6967773e+01
   8.1447290e+06   1.6723633e+01
   8.1511820e+06   2.0263672e+01
   8.1517320e+06   1.6601562e+01
   8.1547870e+06   1.7150879e+01
   8.1590950e+06   1.4343262e+01
   8.1629960e+06   1.7456055e+01
   8.1636810e+06   1.5380859e+01
   8.1696370e+06   1.6784668e+01
   8.1734870e+06   1.8920898e+01
   8.1790390e+06   1.4831543e+01
   8.1818390e+06   1.6052246e+01
   8.1821340e+06   1.4770508e+01
   8.1859020e+06   1.5808105e+01
   8.1941030e+06   1.5625000e+01
   8.1989260e+06   1.8676758e+01
   8.2012090e+06   1.5563965e+01
   8.2040490e+06   1.4404297e+01
   8.2125400e+06   1.5380859e+01
   8.2174570e+06   1.6723633e+01
   8.2196550e+06   1.4343262e+01
   8.2271520e+06   1.5563965e+01
   8.2350400e+06   1.5930176e+01
   8.2389980e+06   1.5380859e+01
   8.2416210e+06   1.7211914e+01
   8.2471600e+06   1.6601562e+01
   8.2508450e+06   1.7150879e+01
   8.2583750e+06   1.6113281e+01
   8.2620150e+06   1.6662598e+01
   8.2669800e+06   1.9348145e+01
   8.2726750e+06   1.4465332e+01
   8.2772240e+06   1.4892578e+01
   8.2816680e+06   1.4831543e+01
   8.2829070e+06   1.4221191e+01
   8.2884860e+06   1.6784668e+01
   8.2916860e+06   1.4282227e+01
   8.2924530e+06   1.4282227e+01
   8.3009540e+06   1.5625000e+01
   8.3113960e+06   1.4892578e+01
   8.3118350e+06   1.5319824e+01
   8.3146060e+06   1.8920898e+01
   8.3224040e+06   1.8127441e+01
   8.3272620e+06   1.5625000e+01
   8.3424600e+06   1.4282227e+01
   8.3506010e+06   1.6418457e+01
   8.3524800e+06   1.5258789e+01
   8.3526980e+06   1.4465332e+01
   8.3576630e+06   2.0019531e+01
   8.3634660e+06   1.8981934e+01
   8.3682790e+06   1.7211914e+01
   8.3748860e+06   1.7517090e+01
   8.3802000e+06   1.4343262e+01
   8.3842880e+06   2.2033691e+01
   8.3876070e+06   1.6235352e+01
   8.3907750e+06   1.4831543e+01
   8.3983000e+06   1.7822266e+01
   8.3990470e+06   1.8005371e+01
   8.4067200e+06   1.5319824e+01
   8.4120730e+06   1.7456055e+01
   8.4154620e+06   1.8371582e+01
   8.4187380e+06   1.4953613e+01
   8.4203950e+06   1.4221191e+01
   8.4230640e+06   1.6418457e+01
   8.4250460e+06   1.4892578e+01
   8.4310400e+06   1.4587402e+01
   8.4313160e+06   1.6235352e+01
   8.4379290e+06   1.5075684e+01
   8.4487520e+06   1.4221191e+01
   8.4522160e+06   1.7517090e+01
   8.4529690e+06   1.4831543e+01
   8.4654160e+06   1.4343262e+01
   8.4681000e+06   1.5686035e+01
   8.4737550e+06   1.4404297e+01
   8.4776990e+06   1.4892578e+01
   8.4801950e+06   1.6174316e+01
   8.4856430e+06   1.4953613e+01
   8.4886790e+06   1.6784668e+01
   8.4908950e+06   1.5808105e+01
   8.4995780e+06   1.5869141e+01
   8.5091660e+06   1.6784668e+01
   8.5163540e+06   1.7944336e+01
   8.5238930e+06   1.7822266e+01
   8.5282770e+06   1.5441895e+01
   8.5318360e+06   1.4587402e+01
   8.5348900e+06   1.9104004e+01
   8.5355500e+06   1.4465332e+01
   8.5461760e+06   1.7089844e+01
   8.5570090e+06   1.6357422e+01
   8.5588940e+06   1.6784668e+01
   8.5675890e+06   1.4343262e+01
   8.5681820e+06   1.5563965e+01
   8.5789400e+06   1.7700195e+01
   8.5816410e+06   1.6601562e+01
   8.5906800e+06   1.6235352e+01
   8.5966850e+06   1.4709473e+01
   8.6050550e+06   1.5014648e+01
   8.6094160e+06   1.5747070e+01
   8.6200910e+06   1.6601562e+01
   8.6249210e+06   1.5075684e+01
   8.6312600e+06   1.8371582e+01
   8.6362770e+06   1.5136719e+01
   8.6377310e+06   1.5991211e+01
   8.6413120e+06   1.8005371e+01
   8.6520020e+06   1.7578125e+01
   8.6523540e+06   1.5136719e+01
   8.6588970e+06   1.6479492e+01
   8.6627530e+06   1.4221191e+01
   8.6660020e+06   2.0812988e+01
   8.6745350e+06   1.7028809e+01
   8.6796410e+06   1.4343262e+01
   8.6818100e+06   1.4282227e+01
   8.6844420e+06   1.6784668e+01
   8.6952450e+06   1.7150879e+01
   8.7024210e+06   1.5869141e+01
   8.7109010e+06   1.6845703e+01
   8.7147320e+06   1.4526367e+01
   8.7154190e+06   1.9042969e+01
   8.7272640e+06   1.7639160e+01
   8.7344500e+06   1.5014648e+01
   8.7400760e+06   1.6357422e+01
   8.7458330e+06   1.6601562e+01
   8.7510900e+06   1.7272949e+01
   8.7558730e+06   2.2033691e+01
   8.7663570e+06   1.7089844e+01
   8.7710090e+06   1.7639160e+01
   8.7751900e+06   1.5136719e+01
   8.7754640e+06   1.4343262e+01
   8.7763220e+06   1.5991211e+01
   8.7821000e+06   1.4709473e+01
   8.7835960e+06   1.5319824e+01
   8.7882530e+06   1.4282227e+01
   8.7925980e+06   1.8066406e+01
   8.7968890e+06   1.8493652e+01
   8.7974530e+06   1.4587402e+01
   8.8014520e+06   1.4709473e+01
   8.8073540e+06   1.6479492e+01
   8.8077370e+06   1.4526367e+01
   8.8169190e+06   1.4892578e+01
   8.8221230e+06   1.6601562e+01
   8.8225800e+06   1.4770508e+01
   8.8334880e+06   1.6052246e+01
   8.8363590e+06   1.7272949e+01
   8.8435070e+06   1.7395020e+01
   8.8468180e+06   1.5808105e+01
   8.8513240e+06   1.5258789e+01
   8.8600070e+06   1.4526367e+01
   8.8643320e+06   1.5625000e+01
   8.8678440e+06   1.9165039e+01
   8.8678990e+06   1.5014648e+01
   8.8714970e+06   1.6052246e+01
   8.8781160e+06   1.5747070e+01
   8.8928320e+06   1.6601562e+01
   8.8962730e+06   1.4892578e+01
   8.9007670e+06   1.7883301e+01
   8.9041250e+06   1.7883301e+01
   8.9070920e+06   1.5014648e+01
   8.9103860e+06   1.7700195e+01
   8.9155310e+06   1.5991211e+01
   8.9178430e+06   1.5625000e+01
   8.9178940e+06   1.4526367e+01
   8.9213540e+06   1.6479492e+01
   8.9247460e+06   1.7333984e+01
   8.9281430e+06   1.6113281e+01
   8.9285050e+06   1.5075684e+01
   8.9354000e+06   1.7700195e+01
   8.9391850e+06   1.4831543e+01
   8.9443900e+06   1.7822266e+01
   8.9514040e+06   1.8859863e+01
   8.9566140e+06   1.5991211e+01
   8.9617490e+06   1.5686035e+01
   8.9678630e+06   1.5747070e+01
   8.9722070e+06   2.0996094e+01
   8.9753910e+06   1.6967773e+01
   8.9830760e+06   1.8188477e+01
   8.9858520e+06   1.4587402e+01
   8.9895290e+06   1.6906738e+01
   8.9982340e+06   1.4953613e+01
   9.0022140e+06   1.4892578e+01
   9.0063320e+06   1.5869141e+01
   9.0156400e+06   1.5197754e+01
   9.0195650e+06   1.5502930e+01
   9.0217830e+06   1.6845703e+01
   9.0251270e+06   1.5014648e+01
   9.0283630e+06   1.6662598e+01
   9.0310250e+06   1.5686035e+01
   9.0383190e+06   1.5197754e+01
   9.0405200e+06   1.5014648e+01
   9.0454820e+06   1.6967773e+01
   9.0555940e+06   1.5747070e+01
   9.0598580e+06   1.6662598e+01
   9.0640980e+06   1.6845703e+01
   9.0681210e+06   1.6540527e+01
   9.0804530e+06   1.7150879e+01
   9.0830180e+06   1.5014648e+01
   9.0865570e+06   1.4221191e+01
   9.0967170e+06   1.6235352e+01
   9.1003110e+06   1.6540527e+01
   9.1066520e+06   1.6113281e+01
   9.1108730e+06   2.0263672e+01
   9.1170600e+06   1.5563965e+01
   9.1239290e+06   1.4953613e+01
   9.1270880e+06   1.8249512e+01
   9.1333070e+06   1.7272949e+01
   9.1408620e+06   1.5502930e+01
   9.1459570e+06   1.5075684e+01
   9.1512030e+06   1.5380859e+01
   9.1563410e+06   1.5136719e+01
   9.1598300e+06   1.4831543e+01
   9.1635510e+06   1.4343262e+01
   9.1662870e+06   1.9348145e+01
   9.1686740e+06   1.4709473e+01
   9.1724990e+06   1.5258789e+01
   9.1756300e+06   1.4282227e+01
   9.1783650e+06   1.5930176e+01
   9.1860500e+06   1.6723633e+01
   9.1899530e+06   1.6479492e+01
   9.1953200e+06   1.6845703e+01
   9.2014990e+06   1.9042969e+01
   9.2071490e+06   1.5747070e+01
   9.2088190e+06   1.5014648e+01
   9.2089810e+06   1.4526367e+01
   9.2145670e+06   1.5625000e+01
   9.2180730e+06   1.9348145e+01
   9.2276200e+06   1.9409180e+01
   9.2354110e+06   1.5197754e+01
   9.2427050e+06   1.6845703e+01
   9.2467560e+06   1.8432617e+01
   9.2495210e+06   1.8310547e+01
   9.2535050e+06   1.5686035e+01
   9.2538570e+06   1.5258789e+01
   9.2576180e+06   1.4587402e+01
   9.2672460e+06   1.6662598e+01
   9.2719920e+06   1.7700195e+01
   9.2780530e+06   2.0324707e+01
   9.2814840e+06   1.4282227e+01
   9.2856960e+06   1.4404297e+01
   9.2898560e+06   1.7822266e+01
   9.2941260e+06   1.4404297e+01
   9.2974420e+06   1.8432617e+01
   9.3007240e+06   1.6235352e+01
   9.3040400e+06   1.4831543e+01
   9.3093390e+06   1.5991211e+01
   9.3121010e+06   1.6113281e+01
   9.3172020e+06   1.5747070e+01
   9.3232280e+06   1.4526367e+01
   9.3280710e+06   1.5563965e+01
   9.3282690e+06   1.5380859e+01
   9.3355220e+06   1.5197754e+01
   9.3374150e+06   1.6540527e+01
   9.3420430e+06   1.4526367e+01
   9.3480190e+06   1.9775391e+01
   9.3543360e+06   1.8066406e+01
   9.3587640e+06   1.5258789e+01
   9.3657440e+06   1.5258789e+01
   9.3698120e+06   1.7883301e+01
   9.3729980e+06   1.4404297e+01
   9.3765310e+06   1.6418457e+01
   9.3873970e+06   1.6479492e+01
   9.3931480e+06   1.5808105e+01
   9.4042410e+06   1.6723633e+01
   9.4119380e+06   1.8066406e+01
   9.4215600e+06   1.5258789e+01
   9.4266310e+06   1.7089844e+01
   9.4291320e+06   1.5747070e+01
   9.4370780e+06   1.7700195e+01
   9.4400850e+06   1.7639160e+01
   9.4450920e+06   1.7211914e+01
   9.4506070e+06   1.5808105e+01
   9.4519400e+06   1.4831543e+01
   9.4585290e+06   1.8371582e+01
   9.4677020e+06   1.6479492e+01
   9.4720970e+06   1.5502930e+01
   9.4723990e+06   1.5869141e+01
   9.4795150e+06   1.6601562e+01
   9.4841760e+06   1.6845703e+01
   9.4884040e+06   1.8310547e+01
   9.4912870e+06   1.4221191e+01
   9.4947200e+06   1.4526367e+01
   9.5008680e+06   1.9165039e+01
   9.5043060e+06   1.5930176e+01
   9.5053520e+06   1.5258789e+01
   9.5089750e+06   1.5197754e+01
   9.5138590e+06   1.5197754e+01
   9.5141240e+06   1.4587402e+01
   9.5204130e+06   1.6113281e+01
   9.5208050e+06   1.7456055e+01
   9.5301100e+06   1.8554688e+01
   9.5365720e+06   1.5319824e+01
   9.5416490e+06   1.5075684e+01
   9.5532050e+06   1.5502930e+01
   9.5579850e+06   1.7639160e+01
   9.5621810e+06   1.5563965e+01
   9.5663770e+06   1.5808105e+01
   9.5737610e+06   1.4831543e+01
   9.5781540e+06   1.7517090e+01
   9.5841590e+06   1.5563965e+01
   9.5881060e+06   1.4770508e+01
   9.5944140e+06   1.6906738e+01
   9.6014710e+06   1.5258789e+01
   9.6050120e+06   1.6601562e+01
   9.6101370e+06   1.5014648e+01
   9.6140970e+06   1.4831543e+01
   9.6207130e+06   1.4892578e+01
   9.6258550e+06   1.7761230e+01
   9.6312400e+06   1.6052246e+01
   9.6353170e+06   1.8920898e+01
   9.6400980e+06   1.9653320e+01
   9.6459760e+06   2.0996094e+01
   9.6541290e+06   1.9287109e+01
   9.6624320e+06   1.5441895e+01
   9.6629490e+06   1.5869141e+01
   9.6646700e+06   1.4587402e+01
   9.6696910e+06   1.8249512e+01
   9.6744370e+06   1.7150879e+01
   9.6802400e+06   1.8005371e+01
   9.6890840e+06   1.8188477e+01
   9.6950570e+06   1.5075684e+01
   9.6977490e+06   1.6784668e+01
   9.7016450e+06   1.4648438e+01
   9.7045870e+06   1.5197754e+01
   9.7101430e+06   1.7333984e+01
   9.7163540e+06   1.5197754e+01
   9.7196920e+06   1.4587402e+01
   9.7199650e+06   1.5747070e+01
   9.7270930e+06   1.5319824e+01
   9.7356390e+06   1.7517090e+01
   9.7408210e+06   1.4709473e+01
   9.7450350e+06   2.0996094e+01
   9.7496720e+06   1.8066406e+01
   9.7541070e+06   1.8249512e+01
   9.7550150e+06   1.4221191e+01
   9.7584920e+06   1.5441895e+01
   9.7588110e+06   1.4953613e+01
   9.7655700e+06   1.5380859e+01
   9.7735440e+06   1.7089844e+01
   9.7782080e+06   1.4282227e+01
   9.7857370e+06   1.8554688e+01
   9.7910020e+06   1.5441895e+01
   9.7937780e+06   1.8676758e+01
   9.7941140e+06   1.4221191e+01
   9.8007520e+06   1.5563965e+01
   9.8035130e+06   1.5319824e+01
   9.8133100e+06   1.5197754e+01
   9.8136860e+06   1.9531250e+01
   9.8168000e+06   1.5197754e+01
   9.8255490e+06   1.6052246e+01
   9.8282020e+06   1.8066406e+01
   9.8371580e+06   1.5136719e+01
   9.8436680e+06   1.7272949e+01
   9.8544170e+06   1.6113281e+01
   9.8592740e+06   1.4282227e+01
   9.8677380e+06   1.6418457e+01
   9.8716970e+06   1.6113281e+01
   9.8762770e+06   1.6479492e+01
   9.8780200e+06   1.7028809e+01
   9.8833940e+06   1.6906738e+01
   9.8942670e+06   1.6296387e+01
   9.8944770e+06   1.5014648e+01
   9.8993310e+06   1.5014648e+01
   9.9015810e+06   1.4221191e+01
   9.9066590e+06   1.6113281e+01
   9.9112420e+06   1.8310547e+01
   9.9212260e+06   1.9531250e+01
   9.9267720e+06   1.5930176e+01
   9.9339730e+06   1.5136719e+01
   9.9424920e+06   1.8066406e+01
   9.9428490e+06   1.6235352e+01
   9.9498050e+06   1.5258789e+01
   9.9554220e+06   1.5563965e+01
   9.9609270e+06   1.7883301e+01
   9.9650950e+06   1.6479492e+01
   9.9734110e+06   1.4465332e+01
   9.9774950e+06   1.5808105e+01
   9.9855270e+06   1.6235352e+01
   9.9904530e+06   1.9409180e+01
   9.9920480e+06   1.5563965e+01
   9.9946980e+06   1.7211914e+01
   1.0000809e+07   1.6113281e+01
   1.0003754e+07   1.6845703e+01
   1.0011364e+07   1.6662598e+01
   1.0017004e+07   1.7944336e+01
   1.0019767e+07   1.4526367e+01
   1.0020035e+07   1.4709473e+01
   1.0029394e+07   1.4709473e+01
   1.0033802e+07   1.4404297e+01
   1.0035250e+07   1.4343262e+01
   1.0041175e+07   1.5625000e+01
   1.0048163e+07   1.5380859e+01
   1.0051155e+07   1.5380859e+01
   1.0057280e+07   1.8005371e+01
   1.0060431e+07   1.6845703e+01
   1.0065260e+07   1.5991211e+01
   1.0069392e+07   1.6601562e+01
   1.0073162e+07   1.6479492e+01
   1.0088630e+07   2.1179199e+01
   1.0091967e+07   1.6357422e+01
   1.0094841e+07   1.6418457e+01
   1.0099210e+07   1.7150879e+01
   1.0103184e+07   1.6601562e+01
   1.0103430e+07   1.5686035e+01
   1.0108001e+07   1.4831543e+01
   1.0115001e+07   1.4221191e+01
   1.0121517e+07   1.5625000e+01
   1.0128151e+07   1.6601562e+01
   1.0131992e+07   1.7639160e+01
   1.0137593e+07   1.4770508e+01
   1.0143640e+07   1.8432617e+01
   1.0148064e+07   1.6052246e+01
   1.0158256e+07   1.6723633e+01
   1.0161802e+07   1.5319824e+01
   1.0167321e+07   1.7272949e+01
   1.0170438e+07   1.8920898e+01
   1.0177103e+07   1.9470215e+01
   1.0181400e+07   1.4770508e+01
   1.0184295e+07   1.5441895e+01
   1.0191750e+07   1.6052246e+01
   1.0197308e+07   1.6601562e+01
   1.0201883e+07   1.4892578e+01
   1.0205433e+07   1.6174316e+01
   1.0213176e+07   1.4404297e+01
   1.0219123e+07   1.9287109e+01
   1.0224190e+07   1.6723633e+01
   1.0229248e+07   1.5686035e+01
   1.0234500e+07   1.6784668e+01
   1.0239308e+07   1.4465332e+01
   1.0242414e+07   1.4892578e+01
   1.0246403e+07   1.6601562e+01
   1.0250296e+07   1.6296387e+01
   1.0253797e+07   1.8676758e+01
   1.0254171e+07   1.7883301e+01
   1.0254397e+07   1.5197754e+01
   1.0259652e+07   1.5197754e+01
   1.0261335e+07   1.5808105e+01
   1.0264215e+07   1.4831543e+01
   1.0270774e+07   1.5014648e+01
   1.0276801e+07   1.4404297e+01
   1.0280293e+07   1.6113281e+01
   1.0280395e+07   1.4404297e+01
   1.0281208e+07   1.4404297e+01
   1.0289352e+07   1.4526367e+01
   1.0294786e+07   1.6540527e+01
   1.0300679e+07   1.6235352e+01
   1.0303160e+07   1.5258789e+01
   1.0303474e+07   1.4648438e+01
   1.0307813e+07   1.4709473e+01
   1.0308120e+07   1.7028809e+01
   1.0320875e+07   1.8798828e+01
   1.0324019e+07   1.5441895e+01
   1.0334189e+07   1.4404297e+01
   1.0338990e+07   1.5991211e+01
   1.0341226e+07   1.6540527e+01
   1.0346403e+07   1.6418457e+01
   1.0355340e+07   1.7333984e+01
   1.0359718e+07   1.4831543e+01
   1.0359952e+07   1.6174316e+01
   1.0365857e+07   1.7944336e+01
   1.0371439e+07   1.4343262e+01
   1.0374394e+07   1.7944336e+01
   1.0377592e+07   1.5014648e+01
   1.0381277e+07   1.4770508e+01
   1.0386074e+07   1.6357422e+01
   1.0389673e+07   1.6235352e+01
   1.0393806e+07   1.8554688e+01
   1.0399266e+07   1.8066406e+01
   1.0400327e+07   1.5625000e+01
   1.0403569e+07   1.4892578e+01
   1.0408131e+07   1.4953613e+01
   1.0410271e+07   1.5319824e+01
   1.0415999e+07   1.5747070e+01
   1.0420046e+07   1.4282227e+01
   1.0428647e+07   1.4648437e+01
   1.0439421e+07   1.6662598e+01
   1.0444493e+07   1.4282227e+01
   1.0444802e+07   1.8676758e+01
   1.0449571e+07   1.7089844e+01
   1.0449967e+07   1.4343262e+01
   1.0452755e+07   1.4648438e+01
   1.0458872e+07   1.5258789e+01
   1.0462655e+07   1.5014648e+01
   1.0465045e+07   2.0019531e+01
   1.0471168e+07   1.6418457e+01
   1.0473897e+07   1.4282227e+01
   1.0479286e+07   1.5258789e+01
   1.0482802e+07   1.4953613e+01
   1.0486566e+07   1.5197754e+01
   1.0491315e+07   1.7089844e+01
   1.0497397e+07   1.6540527e+01
   1.0497770e+07   1.4526367e+01
   1.0508477e+07   1.7517090e+01
   1.0513693e+07   1.8188477e+01
   1.0514063e+07   1.4404297e+01
   1.0519957e+07   1.4648438e+01
   1.0524779e+07   1.6479492e+01
   1.0528301e+07   1.4282227e+01
   1.0535106e+07   1.5441895e+01
   1.0542610e+07   1.7517090e+01
   1.0547783e+07   1.4892578e+01
   1.0551413e+07   1.5502930e+01
   1.0553855e+07   1.5930176e+01
   1.0557876e+07   1.8737793e+01
   1.0559337e+07   1.5991211e+01
   1.0562785e+07   1.5563965e+01
   1.0562887e+07   1.5686035e+01
   1.0565413e+07   1.6967773e+01
   1.0566943e+07   1.4221191e+01
   1.0567270e+07   1.5563965e+01
   1.0575736e+07   1.7578125e+01
   1.0582266e+07   1.6418457e+01
   1.0586927e+07   1.7272949e+01
   1.0591470e+07   1.7700195e+01
   1.0596753e+07   2.0568848e+01
   1.0600526e+07   1.9226074e+01
   1.0605507e+07   2.2766113e+01
   1.0608906e+07   1.6052246e+01
   1.0613146e+07   2.0446777e+01
   1.0617846e+07   1.8371582e+01
   1.0623019e+07   1.7089844e+01
   1.0626307e+07   1.6357422e+01
   1.0631595e+07   1.4831543e+01
   1.0640387e+07   1.5686035e+01
   1.0643275e+07   1.5075684e+01
   1.0646257e+07   1.5075684e+01
   1.0651104e+07   1.4526367e+01
   1.0655718e+07   1.6540527e+01
   1.0657950e+07   1.7578125e+01
   1.0665173e+07   1.7272949e+01
   1.0671979e+07   1.4587402e+01
   1.0676773e+07   1.6662598e+01
   1.0677105e+07   1.6174316e+01
   1.0685739e+07   1.7517090e+01
   1.0692239e+07   1.4648438e+01
   1.0699865e+07   1.7517090e+01
   1.0705163e+07   1.9592285e+01
   1.0710553e+07   1.4587402e+01
   1.0715382e+07   1.5380859e+01
   1.0718727e+07   2.0996094e+01
   1.0722568e+07   1.6906738e+01
   1.0727274e+07   1.4465332e+01
   1.0734149e+07   1.8737793e+01
   1.0737186e+07   1.6601562e+01
   1.0743557e+07   1.4770508e+01
   1.0747763e+07   1.8981934e+01
   1.0751332e+07   1.8188477e+01
   1.0754524e+07   1.7883301e+01
   1.0759410e+07   1.5808105e+01
   1.0766367e+07   1.5441895e+01
   1.0766631e+07   1.5991211e+01
   1.0770406e+07   1.4770508e+01
   1.0782656e+07   1.4282227e+01
   1.0787794e+07   1.5808105e+01
   1.0796183e+07   1.8249512e+01
   1.0799544e+07   1.6540527e+01
   1.0810394e+07   1.4770508e+01
   1.0813344e+07   1.6357422e+01
   1.0816373e+07   1.4831543e+01
   1.0821828e+07   1.7333984e+01
   1.0826730e+07   1.5991211e+01
   1.0830950e+07   1.4587402e+01
   1.0839119e+07   1.7456055e+01
   1.0847418e+07   1.5930176e+01
   1.0852480e+07   1.7639160e+01
   1.0858875e+07   1.4221191e+01
   1.0862586e+07   1.5625000e+01
   1.0865329e+07   1.4892578e+01
   1.0870922e+07   1.7211914e+01
   1.0874866e+07   1.4770508e+01
   1.0878672e+07   1.5258789e+01
   1.0883132e+07   1.8188477e+01
   1.0886134e+07   1.5808105e+01
   1.0886881e+07   1.5380859e+01
   1.0892179e+07   1.6174316e+01
   1.0901586e+07   2.0446777e+01
   1.0906506e+07   1.6479492e+01
   1.0915485e+07   1.8615723e+01
   1.0917937e+07   1.4526367e+01
   1.0923297e+07   1.6784668e+01
   1.0932223e+07   1.8310547e+01
   1.0932622e+07   1.4465332e+01
   1.0938598e+07   1.4892578e+01
   1.0945904e+07   1.8127441e+01
   1.0949836e+07   1.4404297e+01
   1.0950241e+07   1.5197754e+01
   1.0957037e+07   1.8310547e+01
   1.0959868e+07   1.6174316e+01
   1.0960107e+07   1.4526367e+01
   1.0963679e+07   1.7028809e+01
   1.0966619e+07   1.6601562e+01
   1.0967991e+07   1.6174316e+01
   1.0973080e+07   1.7578125e+01
   1.0973777e+07   1.7333984e+01
   1.0980218e+07   1.4221191e+01
   1.0981103e+07   1.4892578e+01
   1.0983651e+07   1.4404297e+01
   1.0988593e+07   1.5747070e+01
   1.0990171e+07   1.8737793e+01
   1.0995380e+07   1.4465332e+01
   1.1001683e+07   1.5136719e+01
   1.1007640e+07   1.4404297e+01
   1.1010702e+07   1.8066406e+01
   1.1011040e+07   1.4648438e+01
   1.1022013e+07   1.5014648e+01
   1.1024640e+07   1.4892578e+01
   1.1025124e+07   1.5197754e+01
   1.1031449e+07   1.4282227e+01
   1.1031869e+07   1.6784668e+01
   1.1035791e+07   1.6784668e+01
   1.1044833e+07   1.7456055e+01
   1.1048277e+07   1.4587402e+01
   1.1051899e+07   1.5136719e+01
   1.1060379e+07   1.4282227e+01
   1.1061945e+07   1.6357422e+01
   1.1065541e+07   1.4343262e+01
   1.1065772e+07   1.5136719e+01
   1.1067870e+07   1.4404297e+01
   1.1072993e+07   1.4404297e+01
   1.1077298e+07   1.5747070e+01
   1.1082080e+07   1.9958496e+01
   1.1096903e+07   1.4648438e+01
   1.1103709e+07   1.8920898e+01
   1.1109476e+07   1.7333984e+01
   1.1111006e+07   1.6052246e+01
   1.1117633e+07   1.6479492e+01
   1.1120197e+07   1.4953613e+01
   1.1120396e+07   1.4770508e+01
   1.1127262e+07   1.6906738e+01
   1.1127572e+07   1.4709473e+01
   1.1134745e+07   1.5686035e+01
   1.1139284e+07   1.4709473e+01
   1.1143879e+07   2.0507812e+01
   1.1154860e+07   1.4892578e+01
   1.1157695e+07   1.4343262e+01
   1.1164139e+07   1.7639160e+01
   1.1170386e+07   1.5869141e+01
   1.1173589e+07   1.7333984e+01
   1.1177764e+07   1.6845703e+01
   1.1180983e+07   1.6662598e+01
   1.1183099e+07   1.5930176e+01
   1.1192041e+07   1.4282227e+01
   1.1192820e+07   1.7272949e+01
   1.1202330e+07   1.4404297e+01
   1.1210759e+07   1.8127441e+01
   1.1224934e+07   1.6479492e+01
   1.1229928e+07   1.7395020e+01
   1.1234104e+07   1.5441895e+01
   1.1234345e+07   1.5380859e+01
   1.1239891e+07   1.4526367e+01
   1.1242964e+07   1.6967773e+01
   1.1247499e+07   1.5319824e+01
   1.1251120e+07   1.5136719e+01
   1.1263978e+07   1.7700195e+01
   1.1268258e+07   1.4221191e+01
   1.1279671e+07   1.5563965e+01
   1.1283717e+07   1.6906738e+01
   1.1289226e+07   1.5930176e+01
   1.1293209e+07   1.7333984e+01
   1.1293548e+07   1.6479492e+01
   1.1305038e+07   1.6540527e+01
   1.1310057e+07   1.5380859e+01
   1.1314221e+07   1.5808105e+01
   1.1314538e+07   1.4892578e+01
   1.1321359e+07   1.4831543e+01
   1.1328507e+07   1.4709473e+01
   1.1333153e+07   1.5075684e+01
   1.1339180e+07   1.7333984e+01
   1.1345623e+07   1.4709473e+01
   1.1350817e+07   1.4343262e+01
   1.1351124e+07   1.5197754e+01
   1.1356082e+07   1.4526367e+01
   1.1356571e+07   1.7089844e+01
   1.1363572e+07   1.6845703e+01
   1.1367750e+07   1.4404297e+01
   1.1370516e+07   1.5380859e+01
   1.1374769e+07   1.7272949e+01
   1.1374973e+07   1.5136719e+01
   1.1382905e+07   1.5625000e+01
   1.1387358e+07   1.5686035e+01
   1.1391567e+07   1.8310547e+01
   1.1394043e+07   1.9104004e+01
   1.1397488e+07   1.6113281e+01
   1.1403544e+07   1.9226074e+01
   1.1405686e+07   1.5808105e+01
   1.1406643e+07   1.5319824e+01
   1.1416244e+07   2.0202637e+01
   1.1420911e+07   1.4831543e+01
   1.1424334e+07   1.5258789e+01
   1.1426277e+07   1.7333984e+01
   1.1429891e+07   1.7761230e+01
   1.1432614e+07   1.6723633e+01
   1.1432922e+07   1.4648438e+01
   1.1440732e+07   1.5258789e+01
   1.1444092e+07   1.6052246e+01
   1.1452130e+07   1.4892578e+01
   1.1458093e+07   1.5075684e+01
   1.1464701e+07   1.7700195e+01
   1.1467675e+07   1.4709473e+01
   1.1467972e+07   1.4526367e+01
   1.1471666e+07   1.6235352e+01
   1.1481330e+07   1.4343262e+01
   1.1481634e+07   1.6174316e+01
   1.1484637e+07   1.4770508e+01
   1.1485818e+07   1.5014648e+01
   1.1493917e+07   1.7333984e+01
   1.1500747e+07   2.0080566e+01
   1.1507136e+07   1.5136719e+01
   1.1514704e+07   1.6784668e+01
   1.1518968e+07   1.7028809e+01
   1.1526087e+07   1.5625000e+01
   1.1537883e+07   1.7211914e+01
   1.1542289e+07   1.5930176e+01
   1.1545187e+07   1.5869141e+01
   1.1549159e+07   1.4770508e+01
   1.1549818e+07   1.4465332e+01
   1.1554711e+07   1.5197754e+01
   1.1561992e+07   1.8066406e+01
   1.1569637e+07   1.4526367e+01
   1.1570581e+07   1.4892578e+01
   1.1581132e+07   1.4282227e+01
   1.1592529e+07   1.5136719e+01
   1.1595385e+07   1.7089844e+01
   1.1595655e+07   1.5930176e+01
   1.1601576e+07   1.7700195e+01
   1.1604344e+07   1.5808105e+01
   1.1604546e+07   1.4587402e+01
   1.1606386e+07   1.4221191e+01
   1.1611580e+07   1.6906738e+01
   1.1616422e+07   1.4343262e+01
   1.1623597e+07   1.5380859e+01
   1.1627619e+07   1.4770508e+01
   1.1634419e+07   1.9226074e+01
   1.1635239e+07   1.7822266e+01
   1.1641690e+07   1.8615723e+01
   1.1648695e+07   1.4282227e+01
   1.1653270e+07   1.6052246e+01
   1.1656323e+07   1.8005371e+01
   1.1663149e+07   1.5563965e+01
   1.1669626e+07   1.7211914e+01
   1.1674333e+07   1.7822266e+01
   1.1682386e+07   1.6479492e+01
   1.1688596e+07   1.6418457e+01
   1.1698059e+07   1.8981934e+01
   1.1701556e+07   1.5441895e+01
   1.1706440e+07   2.0263672e+01
   1.1706621e+07   1.4892578e+01
   1.1712344e+07   1.5869141e+01
   1.1712597e+07   1.4709473e+01
   1.1719485e+07   1.4343262e+01
   1.1719922e+07   1.4953613e+01
   1.1721965e+07   1.4587402e+01
   1.1734324e+07   1.7272949e+01
   1.1737162e+07   1.5625000e+01
   1.1743257e+07   1.7028809e+01
   1.1746325e+07   1.6052246e+01
   1.1754563e+07   1.8249512e+01
   1.1757966e+07   1.9531250e+01
   1.1763653e+07   1.4526367e+01
   1.1769090e+07   1.5136719e+01
   1.1774011e+07   1.8432617e+01
   1.1777284e+07   1.7150879e+01
   1.1782072e+07   1.4953613e+01
   1.1786301e+07   1.6235352e+01
   1.1791950e+07   1.8066406e+01
   1.1800326e+07   1.8371582e+01
   1.1804730e+07   1.7761230e+01
   1.1814768e+07   1.8615723e+01
   1.1820100e+07   1.6967773e+01
   1.1820966e+07   1.6601562e+01
   1.1822879e+07   1.6357422e+01
   1.1832975e+07   1.6174316e+01
   1.1838973e+07   1.7272949e+01
   1.1843115e+07   1.8371582e+01
   1.1847158e+07   1.6967773e+01
   1.1851163e+07   1.7456055e+01
   1.1854731e+07   1.4526367e+01
   1.1860634e+07   1.9836426e+01
   1.1865724e+07   1.4587402e+01
   1.1874258e+07   1.4343262e+01
   1.1875101e+07   1.4587402e+01
   1.1888247e+07   1.4587402e+01
   1.1898611e+07   1.6784668e+01
   1.1902818e+07   1.8371582e+01
   1.1908982e+07   1.7456055e+01
   1.1909925e+07   1.4526367e+01
   1.1915368e+07   1.8554688e+01
   1.1918783e+07   1.7822266e+01
   1.1923333e+07   1.4221191e+01
   1.1929436e+07   1.4831543e+01
   1.1938930e+07   1.5441895e+01
   1.1944990e+07   1.5502930e+01
   1.1949032e+07   1.8493652e+01
   1.1954586e+07   1.7089844e+01
   1.1972417e+07   1.4831543e+01
   1.1978369e+07   1.7395020e+01
   1.1982694e+07   1.7456055e+01
   1.1995972e+07   1.7150879e+01
