   1.1998000e+07   0.0000000e+00
   1.7290000e+03   1.5075684e+01
   2.5330000e+03   1.5808105e+01
   3.3500000e+03   1.5441895e+01
   3.4550000e+03   1.5197754e+01
   6.6300000e+03   1.6662598e+01
   1.1747000e+04   1.6296387e+01
   1.4919000e+04   1.4892578e+01
   1.8777000e+04   1.6235352e+01
   2.0579000e+04   1.5747070e+01
   2.3993000e+04   1.5747070e+01
   2.6231000e+04   1.5258789e+01
   2.9609000e+04   1.5319824e+01
   2.9667000e+04   1.6601562e+01
   2.9778000e+04   1.6357422e+01
   3.8289000e+04   1.4892578e+01
   4.4660000e+04   1.7395020e+01
   4.7208000e+04   1.4892578e+01
   4.7399000e+04   1.5197754e+01
   4.9182000e+04   1.8371582e+01
   5.8936000e+04   1.5258789e+01
   6.8745000e+04   1.6357422e+01
   6.9837000e+04   1.8615723e+01
   7.2527000e+04   1.5747070e+01
   7.4582000e+04   1.5563965e+01
   7.6078000e+04   1.8920898e+01
   7.9393000e+04   1.6662598e+01
   8.0471000e+04   1.5136719e+01
   8.8980000e+04   1.5808105e+01
   9.3342000e+04   1.5319824e+01
   9.7647000e+04   1.5014648e+01
   1.0173100e+05   1.5808105e+01
   1.0222900e+05   1.4892578e+01
   1.0607700e+05   1.8005371e+01
   1.1484200e+05   1.5625000e+01
   1.2437000e+05   1.5075684e+01
   1.2442300e+05   1.5319824e+01
   1.2739000e+05   1.5319824e+01
   1.3570500e+05   1.7028809e+01
   1.4183100e+05   1.6784668e+01
   1.4280700e+05   1.6357422e+01
   1.5748000e+05   1.7822266e+01
   1.5763400e+05   1.5380859e+01
   1.5780000e+05   1.6357422e+01
   1.7386600e+05   1.4953613e+01
   1.7538000e+05   1.5563965e+01
   1.8081800e+05   1.6540527e+01
   1.8334300e+05   1.4953613e+01
   1.9006900e+05   1.6296387e+01
   1.9142000e+05   1.5563965e+01
   1.9244000e+05   1.5014648e+01
   1.9777900e+05   1.9592285e+01
   2.0694900e+05   1.5075684e+01
   2.0704800e+05   1.4953613e+01
   2.1312200e+05   1.7883301e+01
   2.1518600e+05   1.5563965e+01
   2.1806200e+05   1.6967773e+01
   2.2090700e+05   1.5441895e+01
   2.2630500e+05   1.6784668e+01
   2.2883900e+05   1.5319824e+01
   2.3440500e+05   1.6723633e+01
   2.3516400e+05   1.6418457e+01
   2.3724000e+05   1.6723633e+01
   2.4731000e+05   1.5502930e+01
   2.5061200e+05   1.7395020e+01
   2.5452400e+05   1.5991211e+01
   2.5980300e+05   1.5625000e+01
   2.6117300e+05   1.6784668e+01
   2.6328100e+05   2.0446777e+01
   2.7501700e+05   1.7028809e+01
   2.7584100e+05   1.8920898e+01
   2.7641500e+05   1.5319824e+01
   2.8093600e+05   1.5441895e+01
   2.8128000e+05   1.5014648e+01
   2.8163000e+05   1.5441895e+01
   2.8418400e+05   1.5014648e+01
   2.8560300e+05   1.5869141e+01
   2.9227800e+05   1.5441895e+01
   2.9563500e+05   1.8127441e+01
   2.9690200e+05   1.6357422e+01
   2.9972000e+05   1.5625000e+01
   2.9984300e+05   1.5563965e+01
   3.0574700e+05   1.6296387e+01
   3.0835100e+05   1.5258789e+01
   3.1882700e+05   1.8493652e+01
   3.1897200e+05   1.4892578e+01
   3.2366600e+05   1.7211914e+01
   3.2693600e+05   1.5380859e+01
   3.2742000e+05   1.7517090e+01
   3.2899500e+05   1.7456055e+01
   3.3147900e+05   1.5075684e+01
   3.3154900e+05   1.5869141e+01
   3.3294200e+05   1.6784668e+01
   3.3517000e+05   1.5136719e+01
   3.3951800e+05   1.5808105e+01
   3.4055200e+05   1.6784668e+01
   3.4486500e+05   1.5502930e+01
   3.4769800e+05   1.5258789e+01
   3.4976000e+05   1.5991211e+01
   3.5314300e+05   1.6540527e+01
   3.6050100e+05   1.6540527e+01
   3.6107600e+05   1.5808105e+01
   3.6545500e+05   1.6418457e+01
   3.6554400e+05   1.7578125e+01
   3.7021100e+05   1.5014648e+01
   3.7146800e+05   1.5380859e+01
   3.7682100e+05   1.5380859e+01
   3.7826300e+05   1.5258789e+01
   3.8218600e+05   1.9042969e+01
   3.8440400e+05   1.6113281e+01
   3.8667800e+05   1.6662598e+01
   3.9021400e+05   1.8676758e+01
   3.9177300e+05   1.5502930e+01
   3.9430700e+05   1.6967773e+01
   3.9867900e+05   1.5441895e+01
   4.0138500e+05   1.5502930e+01
   4.0911000e+05   1.9226074e+01
   4.1128400e+05   1.6052246e+01
   4.1276700e+05   1.5380859e+01
   4.1626300e+05   1.5319824e+01
   4.1723400e+05   1.5014648e+01
   4.2230300e+05   1.7150879e+01
   4.2347900e+05   1.5380859e+01
   4.2792500e+05   1.9165039e+01
   4.3164300e+05   1.5014648e+01
   4.3937400e+05   1.6540527e+01
   4.3945200e+05   1.5808105e+01
   4.4627700e+05   1.9409180e+01
   4.4754300e+05   1.5869141e+01
   4.5187600e+05   1.5014648e+01
   4.5579800e+05   1.7944336e+01
   4.5896300e+05   1.6235352e+01
   4.7003500e+05   1.6113281e+01
   4.7404900e+05   1.5197754e+01
   4.7417300e+05   1.9042969e+01
   4.7997200e+05   1.5014648e+01
   4.8179200e+05   1.5075684e+01
   4.8402700e+05   1.6052246e+01
   4.9221200e+05   1.5563965e+01
   4.9317200e+05   1.5441895e+01
   4.9595200e+05   1.5014648e+01
   4.9862600e+05   1.6296387e+01
   5.0079000e+05   1.8127441e+01
   5.1090000e+05   1.5136719e+01
   5.1497300e+05   1.6723633e+01
   5.2977400e+05   1.7272949e+01
   5.3031800e+05   1.6784668e+01
   5.3645500e+05   1.5808105e+01
   5.3698100e+05   1.6723633e+01
   5.4997400e+05   1.5441895e+01
   5.5018100e+05   1.5563965e+01
   5.5286900e+05   1.7150879e+01
   5.6097000e+05   1.5075684e+01
   5.6114200e+05   1.4892578e+01
   5.6701200e+05   1.6174316e+01
   5.7254400e+05   1.7761230e+01
   5.8346700e+05   1.5197754e+01
   6.0123300e+05   1.7333984e+01
   6.0164500e+05   1.9775391e+01
   6.0274600e+05   1.8432617e+01
   6.0840700e+05   1.5014648e+01
   6.0962000e+05   1.6174316e+01
   6.1353300e+05   1.6662598e+01
   6.1517000e+05   1.5258789e+01
   6.1731500e+05   1.5380859e+01
   6.1742200e+05   1.7578125e+01
   6.1982000e+05   1.6967773e+01
   6.2808400e+05   1.6967773e+01
   6.2834300e+05   1.6418457e+01
   6.3842800e+05   2.1484375e+01
   6.4165600e+05   1.5014648e+01
   6.4358900e+05   1.5380859e+01
   6.4414300e+05   1.5869141e+01
   6.4879600e+05   1.5319824e+01
   6.5328200e+05   1.6113281e+01
   6.6133500e+05   1.7578125e+01
   6.6536500e+05   1.5869141e+01
   6.6821600e+05   1.6540527e+01
   6.7281800e+05   1.5502930e+01
   6.7680000e+05   1.5319824e+01
   6.7741900e+05   1.5258789e+01
   6.8041300e+05   1.5686035e+01
   6.9007800e+05   1.5625000e+01
   6.9092400e+05   1.6296387e+01
   6.9433200e+05   1.6906738e+01
   7.0001300e+05   1.7089844e+01
   7.0102700e+05   1.6723633e+01
   7.0550300e+05   1.5625000e+01
   7.0556600e+05   1.6479492e+01
   7.0684900e+05   1.8066406e+01
   7.0942700e+05   1.5197754e+01
   7.1207400e+05   1.7272949e+01
   7.1671900e+05   1.9897461e+01
   7.1933600e+05   1.6052246e+01
   7.2319700e+05   1.6052246e+01
   7.2337800e+05   1.9775391e+01
   7.2741100e+05   2.1911621e+01
   7.4222800e+05   1.5075684e+01
   7.4243700e+05   1.6174316e+01
   7.4569700e+05   1.5563965e+01
   7.4920000e+05   1.6906738e+01
   7.4970000e+05   1.5319824e+01
   7.5274700e+05   1.4892578e+01
   7.5801400e+05   1.4953613e+01
   7.5952600e+05   1.5991211e+01
   7.6174800e+05   1.6784668e+01
   7.6324800e+05   1.5014648e+01
   7.6691400e+05   1.8432617e+01
   7.7096400e+05   1.6174316e+01
   7.7557400e+05   1.8127441e+01
   7.7999600e+05   1.6479492e+01
   7.8334600e+05   1.8310547e+01
   7.9025500e+05   1.9775391e+01
   7.9670700e+05   1.6113281e+01
   8.0003300e+05   1.5625000e+01
   8.0519800e+05   1.7089844e+01
   8.0988500e+05   2.3315430e+01
   8.1203800e+05   1.5014648e+01
   8.1502700e+05   1.4953613e+01
   8.1921100e+05   1.8615723e+01
   8.2132200e+05   1.6357422e+01
   8.3473200e+05   1.5197754e+01
   8.3884000e+05   1.6418457e+01
   8.4388500e+05   1.5930176e+01
   8.4392600e+05   1.5136719e+01
   8.4808700e+05   1.6357422e+01
   8.5324100e+05   1.5808105e+01
   8.5789500e+05   1.8249512e+01
   8.6319300e+05   1.7456055e+01
   8.6434400e+05   1.4953613e+01
   8.6716100e+05   1.6357422e+01
   8.6936100e+05   1.7700195e+01
   8.7024400e+05   1.5197754e+01
   8.7410400e+05   1.5075684e+01
   8.7539400e+05   1.8493652e+01
   8.7973400e+05   1.5197754e+01
   8.8033900e+05   1.4953613e+01
   8.8645600e+05   1.6845703e+01
   8.8728600e+05   1.8066406e+01
   9.0448600e+05   1.6601562e+01
   9.0909000e+05   1.5563965e+01
   9.1291200e+05   1.5319824e+01
   9.2241000e+05   1.6113281e+01
   9.2255800e+05   1.7211914e+01
   9.3115300e+05   1.5380859e+01
   9.4374500e+05   1.5991211e+01
   9.4598400e+05   1.8554688e+01
   9.5090500e+05   1.7883301e+01
   9.5583100e+05   1.6052246e+01
   9.6077400e+05   1.5258789e+01
   9.6474700e+05   1.5258789e+01
   9.6582200e+05   1.7028809e+01
   9.6802700e+05   1.5075684e+01
   9.7035300e+05   1.7272949e+01
   9.7186800e+05   1.5197754e+01
   9.7502900e+05   1.8798828e+01
   9.8642700e+05   1.5991211e+01
   9.9056200e+05   1.5258789e+01
   9.9211500e+05   1.5197754e+01
   9.9232500e+05   1.6357422e+01
   9.9963100e+05   1.5197754e+01
   1.0004990e+06   1.7333984e+01
   1.0049500e+06   1.7211914e+01
   1.0064580e+06   1.5441895e+01
   1.0078590e+06   1.5991211e+01
   1.0179120e+06   1.4953613e+01
   1.0212310e+06   1.5258789e+01
   1.0261290e+06   1.7211914e+01
   1.0264380e+06   1.6052246e+01
   1.0315440e+06   1.5075684e+01
   1.0384360e+06   1.5136719e+01
   1.0457280e+06   1.5930176e+01
   1.0494800e+06   1.6418457e+01
   1.0691910e+06   1.6174316e+01
   1.0713880e+06   1.5197754e+01
   1.0766420e+06   1.4892578e+01
   1.0776810e+06   1.5319824e+01
   1.0887750e+06   1.7333984e+01
   1.1033070e+06   1.5747070e+01
   1.1081610e+06   1.5625000e+01
   1.1099650e+06   1.6174316e+01
   1.1230660e+06   1.5563965e+01
   1.1282170e+06   1.5258789e+01
   1.1332280e+06   1.8981934e+01
   1.1381030e+06   1.5625000e+01
   1.1436950e+06   1.5075684e+01
   1.1439890e+06   1.6967773e+01
   1.1587560e+06   1.5380859e+01
   1.1599000e+06   1.5869141e+01
   1.1643180e+06   1.6296387e+01
   1.1677730e+06   1.5502930e+01
   1.1745320e+06   1.8798828e+01
   1.1798000e+06   1.5136719e+01
   1.1823770e+06   1.6357422e+01
   1.1843350e+06   1.8005371e+01
   1.1873490e+06   1.7395020e+01
   1.1892430e+06   1.6906738e+01
   1.1897290e+06   1.4892578e+01
   1.1901770e+06   1.5319824e+01
   1.1912340e+06   1.5563965e+01
   1.1914130e+06   1.6906738e+01
   1.1963900e+06   1.6479492e+01
   1.2037570e+06   1.5625000e+01
   1.2046990e+06   1.5563965e+01
   1.2096990e+06   1.8432617e+01
   1.2107420e+06   1.5075684e+01
   1.2152060e+06   1.9042969e+01
   1.2187130e+06   1.5319824e+01
   1.2224450e+06   1.4892578e+01
   1.2278990e+06   1.8188477e+01
   1.2347060e+06   1.6540527e+01
   1.2392980e+06   1.5563965e+01
   1.2433260e+06   1.5747070e+01
   1.2515600e+06   1.7822266e+01
   1.2580620e+06   1.5625000e+01
   1.2628470e+06   1.6052246e+01
   1.2633150e+06   1.6540527e+01
   1.2656510e+06   1.6784668e+01
   1.2686210e+06   1.9958496e+01
   1.2775730e+06   1.5441895e+01
   1.2803830e+06   1.6540527e+01
   1.2804760e+06   1.5625000e+01
   1.2824640e+06   1.6357422e+01
   1.2842250e+06   1.6906738e+01
   1.2882340e+06   1.6784668e+01
   1.2984730e+06   1.5625000e+01
   1.2988480e+06   1.6052246e+01
   1.2988680e+06   1.4953613e+01
   1.3013670e+06   1.5258789e+01
   1.3020270e+06   1.5930176e+01
   1.3024010e+06   1.5258789e+01
   1.3065510e+06   1.5014648e+01
   1.3066590e+06   1.5441895e+01
   1.3115510e+06   1.5258789e+01
   1.3206800e+06   1.5808105e+01
   1.3225120e+06   1.6845703e+01
   1.3295190e+06   1.5991211e+01
   1.3355790e+06   1.5380859e+01
   1.3372450e+06   1.7333984e+01
   1.3409470e+06   1.9165039e+01
   1.3447090e+06   1.6357422e+01
   1.3592110e+06   1.5014648e+01
   1.3625400e+06   1.9653320e+01
   1.3644220e+06   1.5808105e+01
   1.3663200e+06   1.4953613e+01
   1.3671420e+06   1.6418457e+01
   1.3714520e+06   1.7089844e+01
   1.3751600e+06   1.5686035e+01
   1.3765660e+06   1.6357422e+01
   1.3832120e+06   1.7272949e+01
   1.3869170e+06   1.5930176e+01
   1.3901460e+06   1.5136719e+01
   1.3926890e+06   1.6357422e+01
   1.3964250e+06   1.6845703e+01
   1.4012690e+06   1.7272949e+01
   1.4056460e+06   1.6235352e+01
   1.4095790e+06   1.8188477e+01
   1.4128500e+06   1.5869141e+01
   1.4160800e+06   1.4892578e+01
   1.4192210e+06   1.9165039e+01
   1.4223590e+06   1.8432617e+01
   1.4254360e+06   1.6296387e+01
   1.4293090e+06   1.6540527e+01
   1.4298610e+06   1.4953613e+01
   1.4329060e+06   1.5869141e+01
   1.4371810e+06   1.8554688e+01
   1.4414470e+06   1.8188477e+01
   1.4453390e+06   1.6967773e+01
   1.4488850e+06   1.5380859e+01
   1.4522570e+06   1.6845703e+01
   1.4537220e+06   1.6174316e+01
   1.4554980e+06   1.5258789e+01
   1.4586460e+06   1.5014648e+01
   1.4649140e+06   1.5075684e+01
   1.4681890e+06   1.4892578e+01
   1.4711530e+06   1.7211914e+01
   1.4743210e+06   1.4892578e+01
   1.4818940e+06   1.6967773e+01
   1.4832380e+06   1.6601562e+01
   1.4893930e+06   1.4892578e+01
   1.4915440e+06   1.7211914e+01
   1.4928060e+06   1.7700195e+01
   1.4975790e+06   1.5441895e+01
   1.4993180e+06   1.5380859e+01
   1.4996310e+06   1.7517090e+01
   1.5034380e+06   1.6174316e+01
   1.5094190e+06   1.8371582e+01
   1.5158170e+06   1.5869141e+01
   1.5204560e+06   1.7211914e+01
   1.5240010e+06   1.5441895e+01
   1.5266570e+06   1.5686035e+01
   1.5364440e+06   1.5258789e+01
   1.5455970e+06   1.5808105e+01
   1.5459960e+06   1.7578125e+01
   1.5521640e+06   1.5014648e+01
   1.5539900e+06   1.5991211e+01
   1.5550010e+06   1.6418457e+01
   1.5609090e+06   2.0507812e+01
   1.5674050e+06   1.5930176e+01
   1.5679650e+06   1.5686035e+01
   1.5722280e+06   1.5747070e+01
   1.5764180e+06   1.5625000e+01
   1.5815650e+06   1.5502930e+01
   1.5817190e+06   1.6479492e+01
   1.5820810e+06   1.6723633e+01
   1.5893200e+06   1.7639160e+01
   1.5908610e+06   1.5502930e+01
   1.6006980e+06   1.7578125e+01
   1.6018190e+06   1.4953613e+01
   1.6129450e+06   1.8920898e+01
   1.6159780e+06   1.5686035e+01
   1.6173470e+06   1.5258789e+01
   1.6215370e+06   1.5441895e+01
   1.6252300e+06   1.6174316e+01
   1.6328050e+06   1.6601562e+01
   1.6423530e+06   1.6357422e+01
   1.6482400e+06   1.4892578e+01
   1.6500600e+06   1.6418457e+01
   1.6539660e+06   1.7822266e+01
   1.6604200e+06   1.5136719e+01
   1.6642300e+06   1.6357422e+01
   1.6666910e+06   1.5380859e+01
   1.6690840e+06   1.6357422e+01
   1.6737150e+06   1.9714355e+01
   1.6748350e+06   1.5808105e+01
   1.6824930e+06   1.9592285e+01
   1.6894970e+06   1.6174316e+01
   1.6996110e+06   1.5014648e+01
   1.7012900e+06   1.5441895e+01
   1.7040250e+06   1.6662598e+01
   1.7120020e+06   1.6235352e+01
   1.7175380e+06   1.5563965e+01
   1.7240040e+06   2.0019531e+01
   1.7295470e+06   1.5441895e+01
   1.7513050e+06   1.7700195e+01
   1.7565040e+06   1.5686035e+01
   1.7673690e+06   1.5502930e+01
   1.7764180e+06   1.7517090e+01
   1.7928980e+06   1.5502930e+01
   1.7930030e+06   1.6357422e+01
   1.7933150e+06   1.4953613e+01
   1.8024260e+06   1.9287109e+01
   1.8027020e+06   1.5380859e+01
   1.8077250e+06   1.5502930e+01
   1.8131440e+06   1.5075684e+01
   1.8185470e+06   1.4953613e+01
   1.8186860e+06   1.5258789e+01
   1.8337230e+06   1.5502930e+01
   1.8340900e+06   1.4953613e+01
   1.8354380e+06   1.4892578e+01
   1.8399180e+06   1.4892578e+01
   1.8496960e+06   1.4892578e+01
   1.8619710e+06   1.5014648e+01
   1.8626890e+06   1.5991211e+01
   1.8631060e+06   1.5258789e+01
   1.8631440e+06   1.6479492e+01
   1.8637850e+06   1.5258789e+01
   1.8645900e+06   2.1972656e+01
   1.8660940e+06   1.5869141e+01
   1.8726890e+06   1.5197754e+01
   1.8741690e+06   1.5502930e+01
   1.8804790e+06   1.4892578e+01
   1.8814910e+06   1.5441895e+01
   1.8831250e+06   1.5625000e+01
   1.8859670e+06   1.5991211e+01
   1.8888370e+06   1.7028809e+01
   1.8910700e+06   1.6540527e+01
   1.8911950e+06   1.4892578e+01
   1.8949420e+06   1.8127441e+01
   1.8994910e+06   1.9531250e+01
   1.9153990e+06   1.5625000e+01
   1.9245460e+06   1.5441895e+01
   1.9380290e+06   1.7028809e+01
   1.9445070e+06   1.6784668e+01
   1.9445720e+06   1.6601562e+01
   1.9533280e+06   1.6357422e+01
   1.9542020e+06   1.6113281e+01
   1.9611470e+06   1.5563965e+01
   1.9625360e+06   1.4892578e+01
   1.9671520e+06   1.6052246e+01
   1.9773040e+06   1.5319824e+01
   1.9779140e+06   1.6784668e+01
   1.9831910e+06   1.7639160e+01
   1.9879020e+06   1.7578125e+01
   1.9925280e+06   1.5136719e+01
   1.9943090e+06   1.6906738e+01
   2.0004660e+06   1.5686035e+01
   2.0108220e+06   1.5258789e+01
   2.0138460e+06   1.5686035e+01
   2.0146740e+06   1.5258789e+01
   2.0193530e+06   1.8371582e+01
   2.0209110e+06   1.5502930e+01
   2.0284040e+06   1.4953613e+01
   2.0333120e+06   1.7211914e+01
   2.0386670e+06   1.6479492e+01
   2.0388610e+06   1.5380859e+01
   2.0421940e+06   1.5258789e+01
   2.0428840e+06   1.6052246e+01
   2.0444050e+06   1.5502930e+01
   2.0520300e+06   1.5014648e+01
   2.0522530e+06   1.5136719e+01
   2.0537690e+06   1.6845703e+01
   2.0545660e+06   1.6540527e+01
   2.0602250e+06   1.6479492e+01
   2.0617880e+06   1.5136719e+01
   2.0668080e+06   1.5319824e+01
   2.0671470e+06   1.5441895e+01
   2.0703400e+06   1.5441895e+01
   2.0718260e+06   1.5014648e+01
   2.0724350e+06   1.5625000e+01
   2.0859670e+06   1.5502930e+01
   2.0885960e+06   1.5319824e+01
   2.0955900e+06   1.4892578e+01
   2.0975270e+06   1.4953613e+01
   2.1033050e+06   1.5930176e+01
   2.1050910e+06   1.5075684e+01
   2.1076160e+06   1.7578125e+01
   2.1081130e+06   1.5930176e+01
   2.1083210e+06   1.5869141e+01
   2.1160120e+06   1.5686035e+01
   2.1163360e+06   1.5075684e+01
   2.1165670e+06   1.5014648e+01
   2.1220510e+06   1.6357422e+01
   2.1221010e+06   1.5136719e+01
   2.1231790e+06   1.5197754e+01
   2.1295850e+06   1.7578125e+01
   2.1336430e+06   1.4953613e+01
   2.1383980e+06   1.4892578e+01
   2.1473030e+06   1.7761230e+01
   2.1524360e+06   1.5136719e+01
   2.1555100e+06   2.2705078e+01
   2.1613870e+06   1.9653320e+01
   2.1674980e+06   1.5869141e+01
   2.1696730e+06   1.4953613e+01
   2.1703390e+06   1.5991211e+01
   2.1728610e+06   1.8615723e+01
   2.1773060e+06   1.7639160e+01
   2.1775160e+06   1.4953613e+01
   2.1800060e+06   1.5502930e+01
   2.1800570e+06   1.5747070e+01
   2.1803840e+06   1.5808105e+01
   2.1856590e+06   2.1118164e+01
   2.1900730e+06   1.5563965e+01
   2.1994360e+06   1.5197754e+01
   2.2005330e+06   1.5197754e+01
   2.2053220e+06   1.5869141e+01
   2.2091900e+06   1.5258789e+01
   2.2102140e+06   1.4953613e+01
   2.2238760e+06   1.5197754e+01
   2.2283090e+06   1.5075684e+01
   2.2380050e+06   1.6296387e+01
   2.2403750e+06   1.5014648e+01
   2.2473310e+06   1.7822266e+01
   2.2513910e+06   1.5380859e+01
   2.2530790e+06   2.1118164e+01
   2.2577290e+06   1.9104004e+01
   2.2616590e+06   1.5136719e+01
   2.2619530e+06   1.5319824e+01
   2.2705210e+06   1.5441895e+01
   2.2783780e+06   1.6662598e+01
   2.2844150e+06   1.5258789e+01
   2.2887140e+06   1.8737793e+01
   2.2971850e+06   1.5075684e+01
   2.2974390e+06   1.6662598e+01
   2.2986810e+06   1.5563965e+01
   2.3021600e+06   1.5258789e+01
   2.3047880e+06   1.8005371e+01
   2.3139040e+06   1.4892578e+01
   2.3251610e+06   1.5747070e+01
   2.3316400e+06   1.6784668e+01
   2.3326560e+06   1.5625000e+01
   2.3363360e+06   1.5563965e+01
   2.3377950e+06   1.5747070e+01
   2.3434770e+06   1.5869141e+01
   2.3481740e+06   1.7150879e+01
   2.3544800e+06   1.5808105e+01
   2.3664350e+06   1.5869141e+01
   2.3777650e+06   1.4892578e+01
   2.3828330e+06   1.5686035e+01
   2.3845420e+06   1.5197754e+01
   2.3903020e+06   1.5563965e+01
   2.3993630e+06   1.5075684e+01
   2.4001070e+06   1.6113281e+01
   2.4061600e+06   1.7333984e+01
   2.4090460e+06   1.5930176e+01
   2.4221500e+06   1.5747070e+01
   2.4297120e+06   1.4892578e+01
   2.4360840e+06   1.5747070e+01
   2.4475330e+06   1.6235352e+01
   2.4475490e+06   1.5563965e+01
   2.4513370e+06   1.5258789e+01
   2.4529020e+06   1.5319824e+01
   2.4565400e+06   1.5258789e+01
   2.4572340e+06   1.4892578e+01
   2.4593690e+06   1.5747070e+01
   2.4661320e+06   1.5686035e+01
   2.4747630e+06   1.8737793e+01
   2.4772310e+06   1.5075684e+01
   2.4869220e+06   1.6784668e+01
   2.4874710e+06   1.5747070e+01
   2.4881100e+06   1.6235352e+01
   2.4881730e+06   1.6235352e+01
   2.4979720e+06   1.5197754e+01
   2.4996050e+06   1.5441895e+01
   2.5114390e+06   1.6784668e+01
   2.5211830e+06   1.8127441e+01
   2.5255500e+06   1.5136719e+01
   2.5265240e+06   1.5197754e+01
   2.5277530e+06   1.6662598e+01
   2.5370500e+06   1.7333984e+01
   2.5408010e+06   1.7333984e+01
   2.5468170e+06   1.6540527e+01
   2.5523820e+06   1.5014648e+01
   2.5526500e+06   1.5625000e+01
   2.5625880e+06   1.5686035e+01
   2.5739510e+06   1.7700195e+01
   2.5807980e+06   1.5380859e+01
   2.5812090e+06   1.4892578e+01
   2.5883070e+06   1.5075684e+01
   2.5988560e+06   1.4892578e+01
   2.6035580e+06   1.7395020e+01
   2.6045650e+06   1.6296387e+01
   2.6086290e+06   1.5136719e+01
   2.6126530e+06   1.5197754e+01
   2.6203470e+06   1.5319824e+01
   2.6309380e+06   1.6174316e+01
   2.6317990e+06   1.4892578e+01
   2.6404610e+06   1.6845703e+01
   2.6538500e+06   1.5869141e+01
   2.6636640e+06   1.6113281e+01
   2.6644040e+06   1.6052246e+01
   2.6727960e+06   1.5808105e+01
   2.6961110e+06   1.5441895e+01
   2.6971150e+06   1.5747070e+01
   2.7043710e+06   1.5197754e+01
   2.7083310e+06   1.8493652e+01
   2.7170320e+06   1.5380859e+01
   2.7285380e+06   1.7272949e+01
   2.7291290e+06   1.5319824e+01
   2.7346870e+06   1.5075684e+01
   2.7349320e+06   1.6296387e+01
   2.7357100e+06   1.5441895e+01
   2.7489020e+06   1.5441895e+01
   2.7491110e+06   1.8066406e+01
   2.7523180e+06   1.5075684e+01
   2.7536450e+06   1.6296387e+01
   2.7628130e+06   1.5747070e+01
   2.7723150e+06   2.0263672e+01
   2.7739470e+06   1.5075684e+01
   2.7742020e+06   1.8188477e+01
   2.7810120e+06   1.6113281e+01
   2.7837590e+06   1.6296387e+01
   2.7867470e+06   1.9409180e+01
   2.7919670e+06   1.5441895e+01
   2.7973950e+06   1.5563965e+01
   2.7987500e+06   2.1606445e+01
   2.8043450e+06   1.5014648e+01
   2.8059910e+06   1.5625000e+01
   2.8119600e+06   1.5808105e+01
   2.8148920e+06   1.6967773e+01
   2.8207460e+06   1.6967773e+01
   2.8228960e+06   1.6235352e+01
   2.8241010e+06   1.7517090e+01
   2.8262220e+06   1.5563965e+01
   2.8280060e+06   1.5075684e+01
   2.8340540e+06   1.5563965e+01
   2.8634450e+06   1.5075684e+01
   2.8637480e+06   1.5380859e+01
   2.8773140e+06   1.6601562e+01
   2.8830750e+06   1.5258789e+01
   2.8840450e+06   1.5808105e+01
   2.8920330e+06   1.5075684e+01
   2.9308140e+06   1.5563965e+01
   2.9405040e+06   1.7456055e+01
   2.9498090e+06   1.5869141e+01
   2.9532470e+06   1.5808105e+01
   2.9544280e+06   1.6479492e+01
   2.9587110e+06   1.5502930e+01
   2.9707730e+06   1.7944336e+01
   2.9996130e+06   1.5563965e+01
   3.0060280e+06   1.5014648e+01
   3.0142750e+06   1.6357422e+01
   3.0258790e+06   1.5380859e+01
   3.0307910e+06   1.5502930e+01
   3.0341480e+06   1.5380859e+01
   3.0400670e+06   1.4709473e+01
   3.0535320e+06   1.4770508e+01
   3.0539660e+06   1.5014648e+01
   3.0554630e+06   1.4831543e+01
   3.0664420e+06   1.6601562e+01
   3.0693260e+06   1.4709473e+01
   3.0763390e+06   1.5075684e+01
   3.0770880e+06   1.5869141e+01
   3.0785970e+06   1.5869141e+01
   3.0794070e+06   1.5136719e+01
   3.0876680e+06   1.5380859e+01
   3.0885520e+06   1.7944336e+01
   3.0888850e+06   1.7028809e+01
   3.0955150e+06   1.5441895e+01
   3.0996100e+06   1.5625000e+01
   3.1072400e+06   1.5075684e+01
   3.1195470e+06   1.5197754e+01
   3.1219210e+06   1.4709473e+01
   3.1400650e+06   1.7028809e+01
   3.1788370e+06   1.4831543e+01
   3.1815850e+06   1.7578125e+01
   3.1896580e+06   1.5441895e+01
   3.2014980e+06   1.6601562e+01
   3.2115020e+06   1.6479492e+01
   3.2396150e+06   1.6418457e+01
   3.2428720e+06   1.5502930e+01
   3.2544210e+06   1.4953613e+01
   3.2560640e+06   1.5930176e+01
   3.2600400e+06   1.5258789e+01
   3.2683450e+06   1.5441895e+01
   3.2791540e+06   1.5686035e+01
   3.2831250e+06   1.5869141e+01
   3.2915500e+06   1.4831543e+01
   3.3186930e+06   1.8737793e+01
   3.3249870e+06   1.5625000e+01
   3.3312460e+06   1.6235352e+01
   3.3429120e+06   1.4709473e+01
   3.3537900e+06   1.5319824e+01
   3.3672680e+06   1.5197754e+01
   3.3695170e+06   1.7517090e+01
   3.3901840e+06   1.4953613e+01
   3.4006650e+06   1.5319824e+01
   3.4008710e+06   1.5319824e+01
   3.4162780e+06   1.4892578e+01
   3.4164030e+06   1.5808105e+01
   3.4298830e+06   1.5380859e+01
   3.4339430e+06   1.4709473e+01
   3.4360240e+06   1.6967773e+01
   3.4465220e+06   1.5930176e+01
   3.4492890e+06   1.4709473e+01
   3.4499360e+06   2.0690918e+01
   3.4503400e+06   1.4892578e+01
   3.4508140e+06   1.5808105e+01
   3.4511380e+06   1.4709473e+01
   3.4700270e+06   1.8615723e+01
   3.4857250e+06   1.6357422e+01
   3.4860990e+06   1.6662598e+01
   3.4952020e+06   1.5380859e+01
   3.4980870e+06   1.5380859e+01
   3.5018910e+06   1.5808105e+01
   3.5038950e+06   1.5380859e+01
   3.5095270e+06   1.6174316e+01
   3.5132770e+06   1.5441895e+01
   3.5287530e+06   2.1728516e+01
   3.5434720e+06   1.6113281e+01
   3.5541510e+06   1.4892578e+01
   3.5546050e+06   1.5380859e+01
   3.5612430e+06   1.5747070e+01
   3.5649710e+06   1.6357422e+01
   3.5688220e+06   1.5625000e+01
   3.5724870e+06   1.5319824e+01
   3.5891610e+06   1.4892578e+01
   3.5911940e+06   1.4892578e+01
   3.5929430e+06   1.4831543e+01
   3.5930030e+06   1.6235352e+01
   3.5943770e+06   1.6845703e+01
   3.5950090e+06   1.5319824e+01
   3.5981500e+06   1.4831543e+01
   3.6058440e+06   1.4953613e+01
   3.6114590e+06   1.5380859e+01
   3.6139750e+06   1.4831543e+01
   3.6144210e+06   1.4953613e+01
   3.6146780e+06   1.6235352e+01
   3.6155260e+06   1.8676758e+01
   3.6158660e+06   1.4770508e+01
   3.6159060e+06   1.5625000e+01
   3.6190860e+06   1.4831543e+01
   3.6281520e+06   1.4892578e+01
   3.6386080e+06   1.5075684e+01
   3.6495700e+06   1.4892578e+01
   3.6536850e+06   1.5380859e+01
   3.6616020e+06   1.5075684e+01
   3.6633120e+06   1.4709473e+01
   3.6683560e+06   1.4709473e+01
   3.6713610e+06   1.5930176e+01
   3.6813830e+06   1.6906738e+01
   3.6869540e+06   1.4831543e+01
   3.6882410e+06   1.4892578e+01
   3.7043210e+06   1.6601562e+01
   3.7089410e+06   1.8676758e+01
   3.7148780e+06   1.6296387e+01
   3.7149760e+06   1.6113281e+01
   3.7156780e+06   1.5563965e+01
   3.7257230e+06   1.5014648e+01
   3.7387320e+06   1.5136719e+01
   3.7608010e+06   1.5075684e+01
   3.7631690e+06   1.6540527e+01
   3.7728430e+06   1.9653320e+01
   3.7862520e+06   1.6235352e+01
   3.7868990e+06   1.5808105e+01
   3.8023440e+06   1.6418457e+01
   3.8045350e+06   1.7822266e+01
   3.8091480e+06   1.5258789e+01
   3.8320260e+06   1.5136719e+01
   3.8426240e+06   1.6235352e+01
   3.8578810e+06   1.6845703e+01
   3.8611440e+06   1.4770508e+01
   3.8712260e+06   1.7395020e+01
   3.8718460e+06   1.5869141e+01
   3.8719080e+06   1.6784668e+01
   3.8802730e+06   1.5563965e+01
   3.8874170e+06   1.4709473e+01
   3.8913850e+06   1.8127441e+01
   3.8921860e+06   1.5808105e+01
   3.9006070e+06   1.6845703e+01
   3.9013780e+06   1.6235352e+01
   3.9023790e+06   1.8920898e+01
   3.9200660e+06   1.6479492e+01
   3.9281850e+06   1.6784668e+01
   3.9283620e+06   1.7150879e+01
   3.9313140e+06   1.7944336e+01
   3.9320030e+06   1.5136719e+01
   3.9456230e+06   1.6662598e+01
   3.9579210e+06   1.6845703e+01
   3.9716840e+06   1.6662598e+01
   3.9733310e+06   1.5014648e+01
   3.9747070e+06   1.6174316e+01
   3.9851880e+06   1.4709473e+01
   3.9903970e+06   1.5380859e+01
   3.9938610e+06   1.5441895e+01
   4.0049920e+06   1.5686035e+01
   4.0105850e+06   1.5625000e+01
   4.0120110e+06   1.7211914e+01
   4.0152970e+06   1.5930176e+01
   4.0168270e+06   1.5014648e+01
   4.0210150e+06   1.5441895e+01
   4.0390270e+06   1.7639160e+01
   4.0591680e+06   1.4953613e+01
   4.0647840e+06   1.5380859e+01
   4.0764490e+06   1.6418457e+01
   4.0789620e+06   1.9287109e+01
   4.0795560e+06   1.5808105e+01
   4.0814260e+06   1.5686035e+01
   4.0830420e+06   1.5319824e+01
   4.0854950e+06   1.5014648e+01
   4.0871430e+06   1.4770508e+01
   4.0958210e+06   1.6357422e+01
   4.0963960e+06   1.4953613e+01
   4.1038730e+06   1.8127441e+01
   4.1048940e+06   1.5625000e+01
   4.1120990e+06   1.4953613e+01
   4.1179770e+06   1.8859863e+01
   4.1181960e+06   1.4709473e+01
   4.1263490e+06   1.5075684e+01
   4.1457160e+06   1.5136719e+01
   4.1469890e+06   1.5136719e+01
   4.1500390e+06   1.6235352e+01
   4.1634840e+06   1.4709473e+01
   4.1687620e+06   1.5075684e+01
   4.1688230e+06   1.6113281e+01
   4.1727380e+06   1.4892578e+01
   4.1960690e+06   1.4831543e+01
   4.1966860e+06   1.4770508e+01
   4.2121870e+06   1.5075684e+01
   4.2128060e+06   1.6967773e+01
   4.2214220e+06   1.5197754e+01
   4.2293130e+06   1.5563965e+01
   4.2318200e+06   1.5014648e+01
   4.2434020e+06   1.7150879e+01
   4.2554570e+06   1.5014648e+01
   4.2557920e+06   1.6113281e+01
   4.2668370e+06   1.6357422e+01
   4.2727830e+06   1.5441895e+01
   4.2732800e+06   1.4709473e+01
   4.2777890e+06   1.4953613e+01
   4.2787180e+06   1.4770508e+01
   4.2846040e+06   1.7272949e+01
   4.2861890e+06   1.5258789e+01
   4.2865400e+06   1.4953613e+01
   4.2866970e+06   1.4831543e+01
   4.2903020e+06   1.5563965e+01
   4.3189530e+06   1.5563965e+01
   4.3258370e+06   1.5258789e+01
   4.3302520e+06   1.6235352e+01
   4.3377400e+06   1.4770508e+01
   4.3450490e+06   1.9226074e+01
   4.3508360e+06   1.4770508e+01
   4.3591830e+06   1.4892578e+01
   4.3640030e+06   1.5991211e+01
   4.3718530e+06   1.7089844e+01
   4.3724560e+06   1.8859863e+01
   4.3739700e+06   1.4831543e+01
   4.3744740e+06   1.5563965e+01
   4.3754180e+06   1.6601562e+01
   4.3896000e+06   1.5014648e+01
   4.3976950e+06   1.4831543e+01
   4.4072330e+06   1.5197754e+01
   4.4176430e+06   1.5625000e+01
   4.4284850e+06   1.4953613e+01
   4.4390030e+06   1.7028809e+01
   4.4479080e+06   1.5197754e+01
   4.4484650e+06   1.6845703e+01
   4.4525400e+06   1.6357422e+01
   4.4625830e+06   1.6357422e+01
   4.4628480e+06   1.5075684e+01
   4.4694200e+06   1.4770508e+01
   4.4763750e+06   1.4831543e+01
   4.4765380e+06   1.5319824e+01
   4.4795450e+06   1.6113281e+01
   4.4849200e+06   1.4709473e+01
   4.4916520e+06   1.5319824e+01
   4.4923740e+06   1.5625000e+01
   4.4928200e+06   1.5136719e+01
   4.4948310e+06   1.5686035e+01
   4.5078410e+06   1.4770508e+01
   4.5084500e+06   1.6357422e+01
   4.5103920e+06   1.6174316e+01
   4.5163630e+06   1.5075684e+01
   4.5181090e+06   1.6601562e+01
   4.5292650e+06   1.5258789e+01
   4.5310260e+06   1.5258789e+01
   4.5348670e+06   1.5808105e+01
   4.5357150e+06   1.9836426e+01
   4.5370790e+06   1.6235352e+01
   4.5471420e+06   1.6235352e+01
   4.5535980e+06   1.6906738e+01
   4.5563670e+06   1.7578125e+01
   4.5607460e+06   1.5258789e+01
   4.5649850e+06   1.6723633e+01
   4.5670590e+06   1.6052246e+01
   4.5795300e+06   1.6479492e+01
   4.5796890e+06   1.5014648e+01
   4.5799600e+06   1.8615723e+01
   4.5855470e+06   1.5136719e+01
   4.5860850e+06   1.4709473e+01
   4.5874340e+06   1.4953613e+01
   4.5986400e+06   1.6235352e+01
   4.6017260e+06   1.7578125e+01
   4.6217120e+06   1.5808105e+01
   4.6226910e+06   1.6601562e+01
   4.6342940e+06   1.4953613e+01
   4.6350640e+06   1.5563965e+01
   4.6373710e+06   1.5686035e+01
   4.6435740e+06   1.4709473e+01
   4.6534230e+06   1.4831543e+01
   4.6579370e+06   1.6418457e+01
   4.6596800e+06   1.5319824e+01
   4.6662820e+06   1.6113281e+01
   4.6705120e+06   1.5380859e+01
   4.6843910e+06   1.6845703e+01
   4.6887420e+06   1.6723633e+01
   4.6891490e+06   1.6052246e+01
   4.6898510e+06   1.5808105e+01
   4.7053140e+06   1.5625000e+01
   4.7101690e+06   1.4770508e+01
   4.7161900e+06   1.5991211e+01
   4.7226930e+06   1.4770508e+01
   4.7365990e+06   1.5869141e+01
   4.7439780e+06   1.4770508e+01
   4.7510020e+06   1.5747070e+01
   4.7541600e+06   1.5502930e+01
   4.7646380e+06   1.4892578e+01
   4.7724100e+06   1.7761230e+01
   4.7780100e+06   1.6906738e+01
   4.7783660e+06   1.5319824e+01
   4.7849900e+06   1.7150879e+01
   4.7911100e+06   1.5136719e+01
   4.7911590e+06   1.5136719e+01
   4.7915370e+06   2.3254395e+01
   4.7937950e+06   1.6174316e+01
   4.8059700e+06   1.5014648e+01
   4.8099790e+06   1.5014648e+01
   4.8109770e+06   1.7395020e+01
   4.8202500e+06   1.5869141e+01
   4.8208880e+06   1.7395020e+01
   4.8306100e+06   1.5197754e+01
   4.8350520e+06   1.6052246e+01
   4.8430410e+06   1.5136719e+01
   4.8447240e+06   1.7578125e+01
   4.8501040e+06   1.4770508e+01
   4.8538050e+06   1.5014648e+01
   4.8576550e+06   1.5258789e+01
   4.8590240e+06   1.4770508e+01
   4.8653970e+06   1.6906738e+01
   4.8762670e+06   1.4709473e+01
   4.8805140e+06   1.7089844e+01
   4.8856860e+06   1.6784668e+01
   4.9058070e+06   1.6723633e+01
   4.9196560e+06   1.5197754e+01
   4.9197660e+06   1.4892578e+01
   4.9332070e+06   1.5136719e+01
   4.9333930e+06   1.4770508e+01
   4.9445100e+06   1.5502930e+01
   4.9449150e+06   1.5380859e+01
   4.9479440e+06   1.9592285e+01
   4.9496120e+06   1.5441895e+01
   4.9711200e+06   1.5625000e+01
   4.9747070e+06   1.5808105e+01
   4.9819070e+06   1.5747070e+01
   4.9828820e+06   1.4709473e+01
   4.9857620e+06   1.5747070e+01
   4.9903140e+06   1.5197754e+01
   4.9904690e+06   1.8249512e+01
   4.9968640e+06   1.7150879e+01
   5.0102710e+06   1.4831543e+01
   5.0111680e+06   1.5930176e+01
   5.0193120e+06   1.5930176e+01
   5.0194220e+06   1.5502930e+01
   5.0220520e+06   1.5014648e+01
   5.0253090e+06   1.6479492e+01
   5.0258780e+06   1.4892578e+01
   5.0299630e+06   1.6540527e+01
   5.0361740e+06   1.6723633e+01
   5.0432980e+06   1.5075684e+01
   5.0553800e+06   1.5319824e+01
   5.0572650e+06   1.7395020e+01
   5.0574060e+06   1.6723633e+01
   5.0622460e+06   1.4831543e+01
   5.0672260e+06   1.6723633e+01
   5.0676990e+06   1.4953613e+01
   5.0809430e+06   1.6235352e+01
   5.0832510e+06   1.5136719e+01
   5.0838770e+06   1.5869141e+01
   5.0843000e+06   1.6235352e+01
   5.0906270e+06   1.5869141e+01
   5.0955650e+06   1.5502930e+01
   5.0963940e+06   1.6723633e+01
   5.0968620e+06   1.5258789e+01
   5.0980820e+06   1.5625000e+01
   5.1056010e+06   1.5380859e+01
   5.1237850e+06   1.4892578e+01
   5.1243290e+06   1.4892578e+01
   5.1253690e+06   1.5380859e+01
   5.1384270e+06   1.4770508e+01
   5.1425350e+06   1.6784668e+01
   5.1426730e+06   1.6601562e+01
   5.1680010e+06   1.6113281e+01
   5.1688210e+06   1.5502930e+01
   5.1830150e+06   1.4770508e+01
   5.1839110e+06   1.5686035e+01
   5.1896220e+06   1.5625000e+01
   5.1928440e+06   1.6540527e+01
   5.1935400e+06   1.5258789e+01
   5.2003570e+06   1.5686035e+01
   5.2170180e+06   1.5197754e+01
   5.2197450e+06   1.5380859e+01
   5.2209930e+06   1.8249512e+01
   5.2292580e+06   1.5258789e+01
   5.2325280e+06   1.5136719e+01
   5.2378600e+06   1.4770508e+01
   5.2457620e+06   1.5075684e+01
   5.2463460e+06   1.5258789e+01
   5.2494230e+06   1.5747070e+01
   5.2697300e+06   1.6723633e+01
   5.2863180e+06   1.5441895e+01
   5.2927130e+06   1.6540527e+01
   5.3080890e+06   1.5502930e+01
   5.3086510e+06   1.5258789e+01
   5.3087680e+06   1.6845703e+01
   5.3136880e+06   1.6052246e+01
   5.3357130e+06   1.5319824e+01
   5.3357960e+06   1.6479492e+01
   5.3533870e+06   1.5197754e+01
   5.3625570e+06   1.7517090e+01
   5.3768130e+06   1.4953613e+01
   5.3862170e+06   1.9287109e+01
   5.3867150e+06   1.6540527e+01
   5.4037820e+06   1.5197754e+01
   5.4062120e+06   1.5686035e+01
   5.4197590e+06   1.5625000e+01
   5.4300900e+06   1.4709473e+01
   5.4322500e+06   1.5136719e+01
   5.4354520e+06   1.4892578e+01
   5.4436580e+06   1.5502930e+01
   5.4457450e+06   1.6357422e+01
   5.4500900e+06   1.5686035e+01
   5.4649050e+06   1.4831543e+01
   5.4653790e+06   1.4709473e+01
   5.4738660e+06   1.4892578e+01
   5.4854340e+06   1.5686035e+01
   5.4866700e+06   1.4831543e+01
   5.4876270e+06   1.5441895e+01
   5.4887460e+06   1.5625000e+01
   5.4939280e+06   1.5747070e+01
   5.4998690e+06   1.5502930e+01
   5.5019680e+06   1.4831543e+01
   5.5152650e+06   2.0629883e+01
   5.5298980e+06   1.4892578e+01
   5.5323450e+06   1.6235352e+01
   5.5415430e+06   1.5319824e+01
   5.5439240e+06   1.5686035e+01
   5.5461080e+06   1.5991211e+01
   5.5548020e+06   1.5075684e+01
   5.5555880e+06   1.5441895e+01
   5.5593050e+06   1.4953613e+01
   5.5729690e+06   1.5136719e+01
   5.5751100e+06   1.4831543e+01
   5.5760640e+06   1.4892578e+01
   5.5872960e+06   1.4831543e+01
   5.5947990e+06   1.5075684e+01
   5.6150850e+06   1.5686035e+01
   5.6159910e+06   1.5136719e+01
   5.6161980e+06   1.5747070e+01
   5.6194580e+06   1.5258789e+01
   5.6263580e+06   1.5563965e+01
   5.6266500e+06   1.4953613e+01
   5.6417170e+06   1.5319824e+01
   5.6566270e+06   1.5563965e+01
   5.6595330e+06   1.7761230e+01
   5.6610420e+06   1.5380859e+01
   5.6642210e+06   1.6967773e+01
   5.6655750e+06   1.6784668e+01
   5.6767260e+06   1.5625000e+01
   5.6893120e+06   1.4892578e+01
   5.6957780e+06   1.4953613e+01
   5.7075280e+06   1.6052246e+01
   5.7155590e+06   1.9409180e+01
   5.7174190e+06   1.5502930e+01
   5.7175170e+06   1.5136719e+01
   5.7246010e+06   1.5380859e+01
   5.7252300e+06   1.6174316e+01
   5.7263860e+06   1.5625000e+01
   5.7296170e+06   1.5319824e+01
   5.7299650e+06   1.6601562e+01
   5.7303110e+06   1.6662598e+01
   5.7317510e+06   1.5197754e+01
   5.7445940e+06   1.5258789e+01
   5.7553530e+06   1.5075684e+01
   5.7607270e+06   1.6113281e+01
   5.7611090e+06   1.5686035e+01
   5.7669060e+06   1.5563965e+01
   5.7806420e+06   1.9165039e+01
   5.7847260e+06   1.5014648e+01
   5.8014160e+06   1.4709473e+01
   5.8057960e+06   1.4770508e+01
   5.8078760e+06   1.5930176e+01
   5.8203260e+06   1.4770508e+01
   5.8218200e+06   1.5258789e+01
   5.8222490e+06   1.4831543e+01
   5.8329390e+06   1.4770508e+01
   5.8388670e+06   1.5869141e+01
   5.8448730e+06   1.7028809e+01
   5.8472600e+06   1.5930176e+01
   5.8498700e+06   1.5502930e+01
   5.8519940e+06   1.5197754e+01
   5.8580830e+06   1.5075684e+01
   5.8641500e+06   1.5869141e+01
   5.8742060e+06   1.5991211e+01
   5.8768540e+06   1.6540527e+01
   5.8779100e+06   1.5319824e+01
   5.8820150e+06   1.6235352e+01
   5.8841570e+06   1.4709473e+01
   5.8898120e+06   1.5197754e+01
   5.8964190e+06   1.5808105e+01
   5.8986830e+06   1.5747070e+01
   5.9001210e+06   1.5380859e+01
   5.9050950e+06   1.5502930e+01
   5.9076500e+06   1.7883301e+01
   5.9216760e+06   1.6479492e+01
   5.9239540e+06   1.4709473e+01
   5.9520830e+06   1.6479492e+01
   5.9521900e+06   1.6052246e+01
   5.9694660e+06   1.6418457e+01
   5.9727680e+06   1.6235352e+01
   5.9823850e+06   1.7028809e+01
   5.9834950e+06   1.6174316e+01
   5.9925550e+06   1.5136719e+01
   5.9972360e+06   1.7272949e+01
   5.9999720e+06   1.5930176e+01
   6.0034360e+06   1.5563965e+01
   6.0041050e+06   1.6418457e+01
   6.0045900e+06   1.8798828e+01
   6.0066210e+06   1.5991211e+01
   6.0129260e+06   1.6296387e+01
   6.0286300e+06   1.5319824e+01
   6.0287060e+06   1.4648438e+01
   6.0295510e+06   1.5014648e+01
   6.0343540e+06   1.4465332e+01
   6.0389180e+06   1.4648437e+01
   6.0431130e+06   1.4282227e+01
   6.0465780e+06   1.5136719e+01
   6.0505680e+06   1.4526367e+01
   6.0510670e+06   1.4831543e+01
   6.0535620e+06   1.4343262e+01
   6.0567290e+06   1.5197754e+01
   6.0621990e+06   1.6174316e+01
   6.0647080e+06   1.5563965e+01
   6.0647630e+06   1.5502930e+01
   6.0683820e+06   1.4526367e+01
   6.0742750e+06   1.7211914e+01
   6.0773950e+06   1.4648437e+01
   6.0778370e+06   1.5014648e+01
   6.0798020e+06   1.5380859e+01
   6.0798790e+06   1.4282227e+01
   6.0829560e+06   1.5136719e+01
   6.0841460e+06   1.6174316e+01
   6.0972000e+06   1.5197754e+01
   6.0981100e+06   1.5563965e+01
   6.1008550e+06   1.7089844e+01
   6.1013450e+06   1.6296387e+01
   6.1019950e+06   1.4343262e+01
   6.1055910e+06   1.5502930e+01
   6.1087970e+06   1.4404297e+01
   6.1164360e+06   1.4648438e+01
   6.1219630e+06   1.4404297e+01
   6.1416240e+06   1.5197754e+01
   6.1493140e+06   1.4770508e+01
   6.1498490e+06   1.4648438e+01
   6.1601220e+06   1.5014648e+01
   6.1631620e+06   1.4953613e+01
   6.1677360e+06   1.4709473e+01
   6.1784370e+06   1.4648438e+01
   6.1811210e+06   1.7395020e+01
   6.1879440e+06   1.5930176e+01
   6.1881630e+06   1.4770508e+01
   6.1914140e+06   1.4892578e+01
   6.1921870e+06   1.4282227e+01
   6.1955200e+06   1.5991211e+01
   6.1995920e+06   1.4343262e+01
   6.2085820e+06   1.5197754e+01
   6.2166730e+06   1.4770508e+01
   6.2186250e+06   1.4343262e+01
   6.2203840e+06   1.6723633e+01
   6.2243900e+06   1.4770508e+01
   6.2279280e+06   1.5686035e+01
   6.2298950e+06   1.4709473e+01
   6.2340790e+06   1.4404297e+01
   6.2447820e+06   1.6235352e+01
   6.2453480e+06   1.4709473e+01
   6.2515870e+06   1.6113281e+01
   6.2552760e+06   1.4953613e+01
   6.2554380e+06   1.7028809e+01
   6.2570160e+06   1.5686035e+01
   6.2587890e+06   1.6906738e+01
   6.2611980e+06   1.4465332e+01
   6.2626520e+06   1.4892578e+01
   6.2643720e+06   1.5502930e+01
   6.2646770e+06   1.5380859e+01
   6.2668860e+06   1.4526367e+01
   6.2741550e+06   1.8493652e+01
   6.2744460e+06   1.4770508e+01
   6.2784500e+06   1.6296387e+01
   6.2788810e+06   1.4831543e+01
   6.2843260e+06   1.4770508e+01
   6.2913810e+06   1.4709473e+01
   6.2914410e+06   1.5625000e+01
   6.3028850e+06   1.5930176e+01
   6.3192100e+06   1.4526367e+01
   6.3241840e+06   1.4587402e+01
   6.3292850e+06   1.4953613e+01
   6.3336160e+06   1.4770508e+01
   6.3402240e+06   1.5136719e+01
   6.3456110e+06   1.4526367e+01
   6.3513940e+06   1.6113281e+01
   6.3527220e+06   1.4343262e+01
   6.3569390e+06   1.4343262e+01
   6.3650790e+06   1.9348145e+01
   6.3711420e+06   1.4709473e+01
   6.3746640e+06   1.5563965e+01
   6.3752720e+06   1.5258789e+01
   6.3793670e+06   1.5441895e+01
   6.3794790e+06   1.4587402e+01
   6.3841550e+06   1.5747070e+01
   6.3933060e+06   1.5808105e+01
   6.4109100e+06   1.4831543e+01
   6.4110020e+06   1.4282227e+01
   6.4120920e+06   1.4526367e+01
   6.4185700e+06   1.5014648e+01
   6.4188460e+06   1.5686035e+01
   6.4191050e+06   1.5686035e+01
   6.4253550e+06   1.4404297e+01
   6.4270070e+06   1.5686035e+01
   6.4282910e+06   1.4831543e+01
   6.4298270e+06   1.5136719e+01
   6.4365000e+06   1.6357422e+01
   6.4366910e+06   1.4770508e+01
   6.4383740e+06   1.4892578e+01
   6.4385320e+06   1.4953613e+01
   6.4453200e+06   1.5136719e+01
   6.4472660e+06   1.4404297e+01
   6.4543510e+06   1.4526367e+01
   6.4575500e+06   1.4953613e+01
   6.4592810e+06   1.5258789e+01
   6.4637630e+06   1.5625000e+01
   6.4665240e+06   1.4892578e+01
   6.4700710e+06   1.6052246e+01
   6.4728450e+06   1.5380859e+01
   6.4739740e+06   1.5502930e+01
   6.4764260e+06   1.4343262e+01
   6.4768920e+06   1.4892578e+01
   6.4894840e+06   1.8615723e+01
   6.4935880e+06   1.5991211e+01
   6.4993460e+06   1.4831543e+01
   6.4997020e+06   1.4587402e+01
   6.5049920e+06   1.6052246e+01
   6.5098700e+06   1.7028809e+01
   6.5131450e+06   1.4343262e+01
   6.5172070e+06   1.5136719e+01
   6.5187860e+06   1.4770508e+01
   6.5272410e+06   1.5258789e+01
   6.5290440e+06   1.4343262e+01
   6.5294670e+06   1.5930176e+01
   6.5369770e+06   1.4892578e+01
   6.5587930e+06   1.5258789e+01
   6.5648670e+06   1.6906738e+01
   6.5667150e+06   1.5930176e+01
   6.5675630e+06   1.5258789e+01
   6.5759550e+06   1.5808105e+01
   6.5767540e+06   1.5319824e+01
   6.5817510e+06   1.5563965e+01
   6.5845710e+06   1.5136719e+01
   6.5870510e+06   1.7456055e+01
   6.6044270e+06   1.4343262e+01
   6.6130430e+06   1.5014648e+01
   6.6148330e+06   1.5380859e+01
   6.6232460e+06   1.4953613e+01
   6.6238440e+06   1.5258789e+01
   6.6264020e+06   1.5869141e+01
   6.6384720e+06   1.5441895e+01
   6.6516550e+06   1.4648438e+01
   6.6542600e+06   1.4526367e+01
   6.6575140e+06   1.4648438e+01
   6.6585710e+06   1.5014648e+01
   6.6586880e+06   1.5258789e+01
   6.6645710e+06   1.4770508e+01
   6.6646890e+06   1.5197754e+01
   6.6669700e+06   1.4892578e+01
   6.6713470e+06   1.4343262e+01
   6.6721950e+06   1.4831543e+01
   6.6831830e+06   1.5563965e+01
   6.6837120e+06   1.4404297e+01
   6.6861330e+06   1.5258789e+01
   6.6866570e+06   1.4709473e+01
   6.6933300e+06   1.8493652e+01
   6.6940460e+06   1.6357422e+01
   6.6945350e+06   1.4404297e+01
   6.6989230e+06   1.6479492e+01
   6.7115450e+06   1.7761230e+01
   6.7162140e+06   1.4343262e+01
   6.7167070e+06   1.5869141e+01
   6.7237710e+06   1.4709473e+01
   6.7315940e+06   1.5441895e+01
   6.7353590e+06   1.5319824e+01
   6.7363270e+06   1.5747070e+01
   6.7611270e+06   1.5747070e+01
   6.7616130e+06   1.5197754e+01
   6.7680770e+06   1.5502930e+01
   6.7711370e+06   1.4892578e+01
   6.7737960e+06   1.4343262e+01
   6.7786010e+06   1.4892578e+01
   6.7788180e+06   1.4770508e+01
   6.7789060e+06   1.5075684e+01
   6.7792770e+06   1.4526367e+01
   6.7995450e+06   1.4831543e+01
   6.8015060e+06   1.4770508e+01
   6.8096100e+06   1.4892578e+01
   6.8171620e+06   1.5747070e+01
   6.8218040e+06   1.4892578e+01
   6.8318520e+06   1.6052246e+01
   6.8320540e+06   1.6906738e+01
   6.8349120e+06   1.4770508e+01
   6.8420790e+06   1.4892578e+01
   6.8518510e+06   1.6845703e+01
   6.8522520e+06   1.4526367e+01
   6.8526950e+06   1.4526367e+01
   6.8590280e+06   1.4953613e+01
   6.8686300e+06   1.4587402e+01
   6.8687550e+06   1.9165039e+01
   6.8996400e+06   1.5441895e+01
   6.9031640e+06   1.4953613e+01
   6.9033290e+06   1.6174316e+01
   6.9144320e+06   1.5869141e+01
   6.9180910e+06   1.5136719e+01
   6.9214890e+06   1.5502930e+01
   6.9325830e+06   1.7028809e+01
   6.9340320e+06   1.5014648e+01
   6.9347760e+06   1.4526367e+01
   6.9376910e+06   1.5930176e+01
   6.9415750e+06   1.5808105e+01
   6.9428430e+06   1.5625000e+01
   6.9532870e+06   1.4404297e+01
   6.9533830e+06   1.4892578e+01
   6.9549750e+06   1.4465332e+01
   6.9635800e+06   1.4343262e+01
   6.9718800e+06   1.4526367e+01
   6.9728480e+06   1.4343262e+01
   6.9761050e+06   1.5441895e+01
   6.9763100e+06   1.6174316e+01
   6.9812340e+06   1.5075684e+01
   6.9825680e+06   1.4282227e+01
   6.9861050e+06   1.4587402e+01
   6.9954460e+06   1.4892578e+01
   6.9960450e+06   1.5319824e+01
   6.9975340e+06   1.4404297e+01
   6.9978510e+06   1.6906738e+01
   6.9993550e+06   1.5136719e+01
   7.0050340e+06   1.5930176e+01
   7.0050800e+06   1.5686035e+01
   7.0053940e+06   1.6662598e+01
   7.0114430e+06   1.6296387e+01
   7.0137570e+06   1.4526367e+01
   7.0193540e+06   1.6967773e+01
   7.0250080e+06   1.4892578e+01
   7.0311760e+06   1.4709473e+01
   7.0466350e+06   1.5441895e+01
   7.0593970e+06   1.6540527e+01
   7.0631220e+06   1.5563965e+01
   7.0692240e+06   1.5258789e+01
   7.0857900e+06   1.4587402e+01
   7.0864370e+06   1.4404297e+01
   7.0920810e+06   1.4953613e+01
   7.0949150e+06   1.4282227e+01
   7.1004880e+06   1.4831543e+01
   7.1060100e+06   1.4648438e+01
   7.1098630e+06   1.6479492e+01
   7.1099590e+06   1.5441895e+01
   7.1113180e+06   1.5747070e+01
   7.1155230e+06   1.5075684e+01
   7.1212240e+06   1.4282227e+01
   7.1237200e+06   1.4648437e+01
   7.1266880e+06   1.6052246e+01
   7.1267410e+06   1.4282227e+01
   7.1268640e+06   1.4770508e+01
   7.1306020e+06   1.4343262e+01
   7.1389090e+06   1.5136719e+01
   7.1413370e+06   1.5014648e+01
   7.1424030e+06   1.4343262e+01
   7.1434760e+06   1.6113281e+01
   7.1445980e+06   1.4953613e+01
   7.1455620e+06   1.4526367e+01
   7.1491740e+06   1.4587402e+01
   7.1501060e+06   1.5075684e+01
   7.1546550e+06   1.4465332e+01
   7.1617760e+06   1.4770508e+01
   7.1705780e+06   1.7883301e+01
   7.1755530e+06   1.6296387e+01
   7.1758370e+06   1.4770508e+01
   7.1774310e+06   1.4770508e+01
   7.1825200e+06   1.4587402e+01
   7.1881180e+06   1.4343262e+01
   7.1882760e+06   1.4282227e+01
   7.1897060e+06   1.6479492e+01
   7.1962610e+06   1.4526367e+01
   7.1973140e+06   1.5197754e+01
   7.1990450e+06   1.9592285e+01
   7.2002750e+06   1.4404297e+01
   7.2042690e+06   1.6296387e+01
   7.2080290e+06   1.7211914e+01
   7.2165630e+06   1.5930176e+01
   7.2189190e+06   1.4892578e+01
   7.2191010e+06   1.5380859e+01
   7.2200500e+06   1.4709473e+01
   7.2299450e+06   1.4465332e+01
   7.2346810e+06   1.4587402e+01
   7.2378520e+06   1.6784668e+01
   7.2398760e+06   1.5075684e+01
   7.2553410e+06   1.6601562e+01
   7.2600040e+06   1.7272949e+01
   7.2602100e+06   1.4282227e+01
   7.2655590e+06   1.7517090e+01
   7.2686870e+06   1.5197754e+01
   7.2816810e+06   1.4648438e+01
   7.2840300e+06   1.4770508e+01
   7.2881320e+06   1.5014648e+01
   7.2946540e+06   1.6052246e+01
   7.2993090e+06   1.4465332e+01
   7.3003920e+06   1.5014648e+01
   7.3013870e+06   1.4465332e+01
   7.3021830e+06   1.4404297e+01
   7.3119360e+06   1.6113281e+01
   7.3130690e+06   1.4648437e+01
   7.3131520e+06   1.5014648e+01
   7.3140030e+06   1.7089844e+01
   7.3193540e+06   1.4404297e+01
   7.3198350e+06   1.4770508e+01
   7.3241730e+06   1.4282227e+01
   7.3291770e+06   1.6967773e+01
   7.3330530e+06   1.5808105e+01
   7.3375060e+06   1.5197754e+01
   7.3382350e+06   1.6113281e+01
   7.3441880e+06   1.6052246e+01
   7.3544540e+06   1.4343262e+01
   7.3685230e+06   1.4770508e+01
   7.3748520e+06   1.4343262e+01
   7.3833740e+06   1.5563965e+01
   7.3955940e+06   1.5197754e+01
   7.3976170e+06   1.6601562e+01
   7.3995650e+06   1.4526367e+01
   7.4001920e+06   1.5991211e+01
   7.4020540e+06   1.4892578e+01
   7.4065830e+06   1.4770508e+01
   7.4082630e+06   1.4404297e+01
   7.4150080e+06   1.4770508e+01
   7.4238680e+06   1.6113281e+01
   7.4301430e+06   1.7089844e+01
   7.4356300e+06   1.5869141e+01
   7.4370150e+06   1.4648437e+01
   7.4373240e+06   1.4587402e+01
   7.4445170e+06   1.4526367e+01
   7.4452880e+06   1.5930176e+01
   7.4620900e+06   1.6357422e+01
   7.4695050e+06   1.4709473e+01
   7.4785620e+06   1.4953613e+01
   7.4894640e+06   1.5319824e+01
   7.4934350e+06   1.4404297e+01
   7.4983830e+06   1.4343262e+01
   7.5038640e+06   1.9409180e+01
   7.5057920e+06   1.4892578e+01
   7.5098420e+06   1.5258789e+01
   7.5137950e+06   1.5380859e+01
   7.5234610e+06   1.4526367e+01
   7.5312570e+06   1.4465332e+01
   7.5359840e+06   1.4770508e+01
   7.5448070e+06   1.4648438e+01
   7.5549730e+06   1.6845703e+01
   7.5583490e+06   1.4526367e+01
   7.5667310e+06   1.4892578e+01
   7.5669780e+06   1.6113281e+01
   7.5738740e+06   1.4892578e+01
   7.5888070e+06   1.6784668e+01
   7.5920670e+06   1.4587402e+01
   7.5950610e+06   1.6540527e+01
   7.6007130e+06   1.4892578e+01
   7.6074910e+06   1.7944336e+01
   7.6161400e+06   1.7089844e+01
   7.6201690e+06   1.5625000e+01
   7.6375660e+06   1.4404297e+01
   7.6452490e+06   1.5075684e+01
   7.6459190e+06   1.7333984e+01
   7.6604500e+06   1.4831543e+01
   7.6641820e+06   1.6967773e+01
   7.6661860e+06   1.6235352e+01
   7.6668900e+06   1.4404297e+01
   7.6669260e+06   1.4282227e+01
   7.6697120e+06   1.5380859e+01
   7.6776650e+06   1.4526367e+01
   7.6784200e+06   1.4648438e+01
   7.6815520e+06   1.5075684e+01
   7.6828580e+06   1.4648438e+01
   7.6871940e+06   1.4831543e+01
   7.6882100e+06   1.6235352e+01
   7.6898500e+06   1.5808105e+01
   7.6977670e+06   1.5014648e+01
   7.7031270e+06   1.5014648e+01
   7.7043820e+06   1.5136719e+01
   7.7045470e+06   1.5808105e+01
   7.7098240e+06   1.4343262e+01
   7.7112510e+06   1.4282227e+01
   7.7117790e+06   1.5808105e+01
   7.7177800e+06   1.5380859e+01
   7.7277800e+06   1.4709473e+01
   7.7281310e+06   1.4526367e+01
   7.7302950e+06   1.5014648e+01
   7.7310680e+06   1.5502930e+01
   7.7329960e+06   1.4770508e+01
   7.7331800e+06   1.7333984e+01
   7.7381440e+06   1.4587402e+01
   7.7431290e+06   1.5136719e+01
   7.7439490e+06   1.4343262e+01
   7.7494590e+06   1.5563965e+01
   7.7509210e+06   1.4343262e+01
   7.7522250e+06   1.5380859e+01
   7.7594790e+06   1.4953613e+01
   7.7655690e+06   1.5319824e+01
   7.7660020e+06   1.6601562e+01
   7.7690910e+06   1.5380859e+01
   7.7715350e+06   1.4709473e+01
   7.7802680e+06   1.4282227e+01
   7.7803320e+06   1.4465332e+01
   7.7836530e+06   1.4587402e+01
   7.7850460e+06   1.4709473e+01
   7.7889090e+06   1.5136719e+01
   7.7891960e+06   1.4892578e+01
   7.7970450e+06   1.5075684e+01
   7.8001980e+06   1.4709473e+01
   7.8022920e+06   1.4343262e+01
   7.8044880e+06   1.4709473e+01
   7.8108510e+06   1.4587402e+01
   7.8276950e+06   1.6113281e+01
   7.8304960e+06   1.4343262e+01
   7.8324570e+06   1.4648438e+01
   7.8325030e+06   1.5197754e+01
   7.8387100e+06   1.5625000e+01
   7.8409720e+06   1.5380859e+01
   7.8470040e+06   1.5380859e+01
   7.8472150e+06   1.5319824e+01
   7.8502190e+06   1.5808105e+01
   7.8510660e+06   1.4770508e+01
   7.8560180e+06   1.4282227e+01
   7.8587770e+06   1.4282227e+01
   7.8606940e+06   1.4587402e+01
   7.8608500e+06   1.5136719e+01
   7.8632630e+06   1.4465332e+01
   7.8656000e+06   1.6479492e+01
   7.8676360e+06   1.5014648e+01
   7.8683920e+06   1.5747070e+01
   7.8711140e+06   1.4465332e+01
   7.8802230e+06   1.5502930e+01
   7.8807340e+06   1.5991211e+01
   7.8815380e+06   1.5075684e+01
   7.8840760e+06   1.5136719e+01
   7.8853320e+06   1.4770508e+01
   7.8895700e+06   1.4465332e+01
   7.8940060e+06   1.5075684e+01
   7.8954350e+06   1.5747070e+01
   7.8985570e+06   1.4953613e+01
   7.9003280e+06   1.4343262e+01
   7.9072910e+06   1.4770508e+01
   7.9078790e+06   1.6906738e+01
   7.9217100e+06   1.7395020e+01
   7.9224380e+06   1.4709473e+01
   7.9243390e+06   1.4343262e+01
   7.9317730e+06   1.5258789e+01
   7.9374090e+06   1.5075684e+01
   7.9391170e+06   1.5625000e+01
   7.9466590e+06   1.5258789e+01
   7.9522490e+06   1.5502930e+01
   7.9629270e+06   1.5747070e+01
   7.9736130e+06   1.4404297e+01
   7.9738790e+06   1.5441895e+01
   7.9742640e+06   1.5930176e+01
   7.9753380e+06   1.5319824e+01
   7.9797200e+06   1.4709473e+01
   7.9819870e+06   1.5625000e+01
   7.9867920e+06   1.5563965e+01
   7.9884050e+06   1.4831543e+01
   7.9885810e+06   1.4587402e+01
   7.9915110e+06   1.4404297e+01
   7.9948810e+06   1.5747070e+01
   7.9992080e+06   1.8249512e+01
   8.0174550e+06   1.4709473e+01
   8.0175860e+06   1.5014648e+01
   8.0176770e+06   1.4831543e+01
   8.0195230e+06   1.5991211e+01
   8.0471640e+06   1.4831543e+01
   8.0522230e+06   1.4587402e+01
   8.0582240e+06   1.4770508e+01
   8.0586540e+06   1.4709473e+01
   8.0592540e+06   1.4770508e+01
   8.0802790e+06   1.4404297e+01
   8.0827430e+06   1.6235352e+01
   8.0942460e+06   1.4587402e+01
   8.0972230e+06   1.5136719e+01
   8.0981500e+06   1.4953613e+01
   8.1004650e+06   1.5441895e+01
   8.1020210e+06   1.4648438e+01
   8.1142480e+06   1.4404297e+01
   8.1287080e+06   1.5136719e+01
   8.1308200e+06   1.4587402e+01
   8.1324410e+06   1.4953613e+01
   8.1340210e+06   1.5441895e+01
   8.1367280e+06   1.4404297e+01
   8.1417980e+06   1.5014648e+01
   8.1424210e+06   1.6784668e+01
   8.1486920e+06   1.4404297e+01
   8.1508200e+06   1.5075684e+01
   8.1512940e+06   1.4587402e+01
   8.1534730e+06   1.4648437e+01
   8.1665030e+06   1.8066406e+01
   8.1707820e+06   1.5869141e+01
   8.1772600e+06   1.5380859e+01
   8.1837750e+06   1.5869141e+01
   8.1863290e+06   1.4648437e+01
   8.1883480e+06   1.4648438e+01
   8.1920470e+06   1.4526367e+01
   8.1921030e+06   1.9042969e+01
   8.1931180e+06   1.4892578e+01
   8.1933720e+06   1.4465332e+01
   8.2013130e+06   1.4526367e+01
   8.2059830e+06   1.5747070e+01
   8.2061680e+06   1.4526367e+01
   8.2107200e+06   1.5197754e+01
   8.2108090e+06   1.4648438e+01
   8.2283420e+06   1.4343262e+01
   8.2313610e+06   1.5136719e+01
   8.2396580e+06   1.4953613e+01
   8.2397830e+06   1.5319824e+01
   8.2415530e+06   1.5625000e+01
   8.2506110e+06   1.4404297e+01
   8.2548520e+06   1.5258789e+01
   8.2635460e+06   1.4465332e+01
   8.2656510e+06   1.6906738e+01
   8.2661160e+06   1.8676758e+01
   8.2664440e+06   1.6296387e+01
   8.2778150e+06   1.5380859e+01
   8.2780320e+06   1.4526367e+01
   8.2854640e+06   1.4953613e+01
   8.2861850e+06   1.4343262e+01
   8.2875030e+06   1.6601562e+01
   8.2877750e+06   1.4282227e+01
   8.2996640e+06   1.8249512e+01
   8.3077570e+06   1.4343262e+01
   8.3206220e+06   1.8493652e+01
   8.3282580e+06   1.4587402e+01
   8.3337900e+06   1.5258789e+01
   8.3432480e+06   1.4343262e+01
   8.3432670e+06   1.4770508e+01
   8.3478690e+06   1.7089844e+01
   8.3481360e+06   1.5075684e+01
   8.3510810e+06   1.6784668e+01
   8.3574480e+06   1.5075684e+01
   8.3611290e+06   1.4404297e+01
   8.3617400e+06   1.4770508e+01
   8.3695040e+06   1.4526367e+01
   8.3719310e+06   1.4404297e+01
   8.3786010e+06   1.5075684e+01
   8.3803990e+06   1.5319824e+01
   8.3806150e+06   1.4587402e+01
   8.3941370e+06   1.5136719e+01
   8.3982770e+06   1.4892578e+01
   8.3995130e+06   1.6967773e+01
   8.4018130e+06   1.4831543e+01
   8.4056990e+06   1.4587402e+01
   8.4060390e+06   1.4831543e+01
   8.4131000e+06   1.6174316e+01
   8.4153490e+06   1.7883301e+01
   8.4157530e+06   1.5869141e+01
   8.4269160e+06   1.4404297e+01
   8.4318700e+06   1.6418457e+01
   8.4344900e+06   1.7395020e+01
   8.4453850e+06   1.4282227e+01
   8.4511500e+06   1.4343262e+01
   8.4517130e+06   1.4282227e+01
   8.4579120e+06   1.7333984e+01
   8.4604000e+06   1.5197754e+01
   8.4631750e+06   1.5747070e+01
   8.4670100e+06   1.5014648e+01
   8.4755710e+06   1.5014648e+01
   8.4756200e+06   1.5808105e+01
   8.4842160e+06   1.5075684e+01
   8.4878170e+06   1.4648438e+01
   8.4881980e+06   1.5991211e+01
   8.4939560e+06   1.5869141e+01
   8.4984260e+06   1.4587402e+01
   8.4998330e+06   1.4831543e+01
   8.5012050e+06   1.4587402e+01
   8.5016740e+06   1.4953613e+01
   8.5059890e+06   1.6540527e+01
   8.5072170e+06   1.7211914e+01
   8.5072540e+06   1.6418457e+01
   8.5145950e+06   1.4343262e+01
   8.5162700e+06   1.6540527e+01
   8.5176660e+06   1.5380859e+01
   8.5177220e+06   1.5136719e+01
   8.5187690e+06   1.5563965e+01
   8.5201040e+06   1.4404297e+01
   8.5266620e+06   1.5441895e+01
   8.5267500e+06   1.4404297e+01
   8.5275940e+06   1.6174316e+01
   8.5367140e+06   1.4404297e+01
   8.5404610e+06   1.5686035e+01
   8.5421580e+06   1.6296387e+01
   8.5463250e+06   1.4526367e+01
   8.5564070e+06   1.4648438e+01
   8.5569680e+06   1.5502930e+01
   8.5588970e+06   1.4587402e+01
   8.5592620e+06   1.5136719e+01
   8.5596970e+06   1.5319824e+01
   8.5626780e+06   1.5441895e+01
   8.5676150e+06   1.5563965e+01
   8.5777480e+06   1.4343262e+01
   8.5780430e+06   1.4343262e+01
   8.5846940e+06   1.6967773e+01
   8.5862000e+06   1.4282227e+01
   8.5909460e+06   1.7272949e+01
   8.6033320e+06   1.6418457e+01
   8.6144500e+06   1.5014648e+01
   8.6223040e+06   1.5991211e+01
   8.6271100e+06   1.4770508e+01
   8.6303650e+06   1.5441895e+01
   8.6338420e+06   1.4404297e+01
   8.6423340e+06   1.4709473e+01
   8.6428100e+06   1.7272949e+01
   8.6558180e+06   1.7333984e+01
   8.6591250e+06   1.4526367e+01
   8.6593900e+06   1.4343262e+01
   8.6597120e+06   1.5441895e+01
   8.6611780e+06   1.5747070e+01
   8.6812640e+06   1.4892578e+01
   8.6838120e+06   1.6113281e+01
   8.6843200e+06   1.4648438e+01
   8.6859620e+06   1.4892578e+01
   8.7002330e+06   1.5197754e+01
   8.7007100e+06   1.4587402e+01
   8.7020060e+06   1.4953613e+01
   8.7022410e+06   1.4404297e+01
   8.7024830e+06   1.4343262e+01
   8.7026250e+06   1.4709473e+01
   8.7032430e+06   1.5136719e+01
   8.7036060e+06   1.4587402e+01
   8.7042480e+06   1.6418457e+01
   8.7114320e+06   1.7333984e+01
   8.7120740e+06   1.5075684e+01
   8.7160090e+06   1.5136719e+01
   8.7180170e+06   1.5136719e+01
   8.7183240e+06   1.4282227e+01
   8.7201700e+06   1.5625000e+01
   8.7240280e+06   1.5380859e+01
   8.7292270e+06   1.4831543e+01
   8.7300150e+06   1.5014648e+01
   8.7317240e+06   1.4953613e+01
   8.7318530e+06   1.4526367e+01
   8.7397610e+06   1.6662598e+01
   8.7472350e+06   1.4282227e+01
   8.7482040e+06   1.5380859e+01
   8.7487900e+06   1.5014648e+01
   8.7493640e+06   1.4526367e+01
   8.7553580e+06   1.5808105e+01
   8.7619310e+06   1.4343262e+01
   8.7649930e+06   1.6357422e+01
   8.7709880e+06   1.6967773e+01
   8.7718510e+06   1.6357422e+01
   8.7732610e+06   1.5014648e+01
   8.7765160e+06   1.6906738e+01
   8.7777900e+06   1.5258789e+01
   8.7784140e+06   1.4404297e+01
   8.7852940e+06   1.4770508e+01
   8.7864030e+06   1.5197754e+01
   8.7900920e+06   1.4404297e+01
   8.7924580e+06   1.6479492e+01
   8.7933230e+06   1.4770508e+01
   8.8018230e+06   1.8005371e+01
   8.8035560e+06   1.6174316e+01
   8.8061300e+06   1.4831543e+01
   8.8065680e+06   1.5502930e+01
   8.8114490e+06   1.5991211e+01
   8.8139850e+06   1.4526367e+01
   8.8189320e+06   1.4282227e+01
   8.8251060e+06   1.4709473e+01
   8.8252100e+06   1.4831543e+01
   8.8267090e+06   1.4648437e+01
   8.8313140e+06   1.4282227e+01
   8.8328230e+06   1.6052246e+01
   8.8353870e+06   1.5808105e+01
   8.8421510e+06   1.5380859e+01
   8.8484420e+06   1.4404297e+01
   8.8525920e+06   1.5075684e+01
   8.8583370e+06   1.4404297e+01
   8.8588250e+06   1.4709473e+01
   8.8710530e+06   1.4587402e+01
   8.8741450e+06   1.7028809e+01
   8.8743290e+06   1.4709473e+01
   8.8747740e+06   1.4526367e+01
   8.8836910e+06   1.4343262e+01
   8.8844680e+06   1.4526367e+01
   8.8872340e+06   1.4526367e+01
   8.8886060e+06   1.5808105e+01
   8.8944570e+06   1.4831543e+01
   8.8956490e+06   1.5563965e+01
   8.8958070e+06   1.4953613e+01
   8.8960590e+06   1.4587402e+01
   8.9018660e+06   1.7700195e+01
   8.9025460e+06   1.4465332e+01
   8.9147130e+06   1.6418457e+01
   8.9157200e+06   1.4282227e+01
   8.9202400e+06   1.5197754e+01
   8.9229610e+06   1.5930176e+01
   8.9244770e+06   1.4770508e+01
   8.9251400e+06   1.5075684e+01
   8.9259550e+06   1.4343262e+01
   8.9287560e+06   1.4648438e+01
   8.9448910e+06   1.4709473e+01
   8.9525740e+06   1.4465332e+01
   8.9527760e+06   1.5258789e+01
   8.9597820e+06   1.5319824e+01
   8.9627700e+06   1.5136719e+01
   8.9661850e+06   1.4465332e+01
   8.9670010e+06   1.5686035e+01
   8.9719830e+06   1.4709473e+01
   8.9726640e+06   1.5075684e+01
   8.9748950e+06   1.5747070e+01
   8.9839290e+06   2.2338867e+01
   8.9841110e+06   1.6357422e+01
   8.9904390e+06   1.5808105e+01
   8.9974480e+06   1.5625000e+01
   8.9986740e+06   1.5075684e+01
   9.0100330e+06   1.5686035e+01
   9.0100700e+06   1.5502930e+01
   9.0214540e+06   1.7333984e+01
   9.0251370e+06   1.4709473e+01
   9.0326960e+06   1.5075684e+01
   9.0336000e+06   1.4770508e+01
   9.0339840e+06   1.5197754e+01
   9.0423280e+06   1.5991211e+01
   9.0506550e+06   1.4648438e+01
   9.0512120e+06   1.5747070e+01
   9.0566270e+06   1.5625000e+01
   9.0627260e+06   1.5136719e+01
   9.0642710e+06   1.4953613e+01
   9.0696700e+06   1.5991211e+01
   9.0778800e+06   1.6479492e+01
   9.1003500e+06   1.4770508e+01
   9.1030180e+06   1.5625000e+01
   9.1093450e+06   1.5930176e+01
   9.1155640e+06   1.5869141e+01
   9.1166410e+06   1.6906738e+01
   9.1176380e+06   1.5808105e+01
   9.1230770e+06   1.6967773e+01
   9.1245590e+06   1.5014648e+01
   9.1305250e+06   1.5441895e+01
   9.1318720e+06   1.4831543e+01
   9.1339070e+06   1.6357422e+01
   9.1347780e+06   1.5625000e+01
   9.1348730e+06   1.5869141e+01
   9.1350740e+06   1.8676758e+01
   9.1366400e+06   1.4648438e+01
   9.1405600e+06   1.5625000e+01
   9.1407760e+06   1.6662598e+01
   9.1478050e+06   1.6540527e+01
   9.1613100e+06   1.5869141e+01
   9.1620800e+06   1.5686035e+01
   9.1689400e+06   1.5747070e+01
   9.1734040e+06   1.4892578e+01
   9.1773420e+06   1.8188477e+01
   9.1920360e+06   1.5991211e+01
   9.1954860e+06   1.4709473e+01
   9.2011840e+06   1.7944336e+01
   9.2133630e+06   1.6174316e+01
   9.2146460e+06   1.5014648e+01
   9.2170820e+06   1.5869141e+01
   9.2181070e+06   1.5197754e+01
   9.2239100e+06   1.5258789e+01
   9.2241070e+06   1.5075684e+01
   9.2244050e+06   1.5136719e+01
   9.2247630e+06   1.5319824e+01
   9.2254180e+06   1.6418457e+01
   9.2294720e+06   1.4831543e+01
   9.2338830e+06   1.5258789e+01
   9.2406850e+06   1.4953613e+01
   9.2425050e+06   1.5197754e+01
   9.2456730e+06   1.5808105e+01
   9.2530050e+06   1.7578125e+01
   9.2530380e+06   1.5319824e+01
   9.2697160e+06   1.4648438e+01
   9.2719850e+06   1.5502930e+01
   9.2726060e+06   1.5258789e+01
   9.2777550e+06   1.5747070e+01
   9.2783870e+06   1.7578125e+01
   9.2837640e+06   1.5014648e+01
   9.2847880e+06   1.4892578e+01
   9.2859980e+06   1.7700195e+01
   9.2979800e+06   1.4770508e+01
   9.2995090e+06   1.6235352e+01
   9.3075130e+06   1.4770508e+01
   9.3170660e+06   1.6174316e+01
   9.3241500e+06   1.5136719e+01
   9.3276730e+06   1.4648438e+01
   9.3354980e+06   1.4709473e+01
   9.3380980e+06   1.4770508e+01
   9.3454860e+06   1.6174316e+01
   9.3466090e+06   1.6662598e+01
   9.3474030e+06   1.4770508e+01
   9.3598360e+06   1.5380859e+01
   9.3650850e+06   1.5747070e+01
   9.3666320e+06   1.4709473e+01
   9.3692680e+06   1.4831543e+01
   9.3698080e+06   1.6601562e+01
   9.3769570e+06   1.4953613e+01
   9.3772270e+06   1.6296387e+01
   9.3782390e+06   1.5441895e+01
   9.3804580e+06   1.5014648e+01
   9.3889960e+06   1.5991211e+01
   9.3931500e+06   1.4770508e+01
   9.4038350e+06   1.8127441e+01
   9.4058230e+06   1.5930176e+01
   9.4099380e+06   1.5747070e+01
   9.4132670e+06   1.5686035e+01
   9.4221160e+06   1.5380859e+01
   9.4234700e+06   1.4709473e+01
   9.4298070e+06   1.5502930e+01
   9.4362560e+06   1.6845703e+01
   9.4368540e+06   1.7761230e+01
   9.4385880e+06   1.4709473e+01
   9.4386620e+06   1.4892578e+01
   9.4437250e+06   1.5075684e+01
   9.4439160e+06   1.6784668e+01
   9.4522980e+06   1.6357422e+01
   9.4551600e+06   1.4648438e+01
   9.4586790e+06   1.4648438e+01
   9.4599530e+06   1.4648438e+01
   9.4623930e+06   1.5563965e+01
   9.4624560e+06   1.4709473e+01
   9.4642270e+06   1.4953613e+01
   9.4710270e+06   1.6052246e+01
   9.4766770e+06   1.4709473e+01
   9.4795690e+06   1.7578125e+01
   9.4817620e+06   1.5197754e+01
   9.4821890e+06   1.5808105e+01
   9.4930500e+06   1.6479492e+01
   9.4972670e+06   1.4770508e+01
   9.4988330e+06   1.5563965e+01
   9.5049070e+06   1.6052246e+01
   9.5073610e+06   1.6418457e+01
   9.5132930e+06   1.4892578e+01
   9.5135140e+06   1.6052246e+01
   9.5235470e+06   1.5014648e+01
   9.5257080e+06   1.4648438e+01
   9.5257510e+06   1.6540527e+01
   9.5258400e+06   1.6723633e+01
   9.5339520e+06   1.5014648e+01
   9.5348960e+06   1.5808105e+01
   9.5474050e+06   1.5258789e+01
   9.5485190e+06   1.4648438e+01
   9.5527350e+06   1.5075684e+01
   9.5583860e+06   1.6357422e+01
   9.5612530e+06   1.5441895e+01
   9.5634690e+06   1.6357422e+01
   9.5644390e+06   1.4648438e+01
   9.5687700e+06   1.5014648e+01
   9.5729670e+06   1.4648438e+01
   9.5770460e+06   1.4831543e+01
   9.5806050e+06   1.5625000e+01
   9.5836600e+06   1.6052246e+01
   9.5942180e+06   1.5197754e+01
   9.5959540e+06   1.4892578e+01
   9.6007980e+06   1.4648438e+01
   9.6069540e+06   1.5380859e+01
   9.6081960e+06   1.7089844e+01
   9.6104960e+06   1.4892578e+01
   9.6199730e+06   1.4648438e+01
   9.6252890e+06   1.6174316e+01
   9.6320660e+06   1.5380859e+01
   9.6466120e+06   2.1301270e+01
   9.6585780e+06   1.4648438e+01
   9.6644020e+06   1.5625000e+01
   9.6660780e+06   1.4770508e+01
   9.6735160e+06   1.6235352e+01
   9.6756620e+06   1.5075684e+01
   9.6764480e+06   2.1545410e+01
   9.6766800e+06   1.4953613e+01
   9.6771050e+06   1.6906738e+01
   9.6852090e+06   1.5136719e+01
   9.6853220e+06   1.5563965e+01
   9.6873070e+06   1.4648438e+01
   9.6976940e+06   1.5869141e+01
   9.7053710e+06   1.5869141e+01
   9.7072380e+06   1.4831543e+01
   9.7072650e+06   1.6784668e+01
   9.7127020e+06   1.5625000e+01
   9.7131480e+06   1.5441895e+01
   9.7200850e+06   1.6784668e+01
   9.7313940e+06   1.5075684e+01
   9.7332910e+06   1.5197754e+01
   9.7333700e+06   1.6052246e+01
   9.7346310e+06   1.6052246e+01
   9.7348550e+06   1.5563965e+01
   9.7419100e+06   1.4648438e+01
   9.7465220e+06   1.7578125e+01
   9.7512560e+06   1.5319824e+01
   9.7521920e+06   1.6235352e+01
   9.7549330e+06   1.4770508e+01
   9.7567480e+06   1.6296387e+01
   9.7580320e+06   1.4892578e+01
   9.7680250e+06   1.5136719e+01
   9.7692830e+06   1.7272949e+01
   9.7735720e+06   1.6845703e+01
   9.7737470e+06   1.5136719e+01
   9.7757900e+06   1.5075684e+01
   9.7784440e+06   1.5869141e+01
   9.7835800e+06   1.5563965e+01
   9.7877600e+06   1.4709473e+01
   9.7961090e+06   1.5930176e+01
   9.8048470e+06   1.5136719e+01
   9.8168110e+06   1.4709473e+01
   9.8172590e+06   1.5014648e+01
   9.8260280e+06   1.6113281e+01
   9.8301180e+06   1.5625000e+01
   9.8343000e+06   1.7517090e+01
   9.8381800e+06   1.5197754e+01
   9.8463880e+06   1.5014648e+01
   9.8500650e+06   1.6113281e+01
   9.8582870e+06   1.4648438e+01
   9.8696310e+06   1.4831543e+01
   9.8790870e+06   1.6540527e+01
   9.8864800e+06   1.4709473e+01
   9.8918410e+06   1.5563965e+01
   9.8951900e+06   1.4953613e+01
   9.8976730e+06   1.5319824e+01
   9.9009700e+06   1.5319824e+01
   9.9141990e+06   1.5441895e+01
   9.9146750e+06   1.4770508e+01
   9.9170320e+06   1.7150879e+01
   9.9210970e+06   1.4770508e+01
   9.9251130e+06   1.4709473e+01
   9.9267370e+06   1.4770508e+01
   9.9314590e+06   1.5930176e+01
   9.9352610e+06   1.4953613e+01
   9.9360200e+06   1.4709473e+01
   9.9483950e+06   1.4831543e+01
   9.9506780e+06   1.4770508e+01
   9.9555610e+06   1.6174316e+01
   9.9585440e+06   1.6540527e+01
   9.9585890e+06   1.7639160e+01
   9.9817780e+06   1.7822266e+01
   9.9837910e+06   1.6357422e+01
   9.9843940e+06   1.4770508e+01
   9.9879290e+06   1.6967773e+01
   1.0006925e+07   2.2399902e+01
   1.0007952e+07   1.5747070e+01
   1.0013216e+07   1.4831543e+01
   1.0015403e+07   1.4953613e+01
   1.0017691e+07   1.4648438e+01
   1.0036647e+07   1.6906738e+01
   1.0044694e+07   1.7089844e+01
   1.0049050e+07   1.5502930e+01
   1.0049653e+07   1.4892578e+01
   1.0059984e+07   1.6540527e+01
   1.0060523e+07   1.6723633e+01
   1.0066465e+07   1.4892578e+01
   1.0068247e+07   1.5136719e+01
   1.0084740e+07   1.4831543e+01
   1.0088680e+07   1.4770508e+01
   1.0102851e+07   1.7089844e+01
   1.0111280e+07   1.5869141e+01
   1.0114658e+07   1.6174316e+01
   1.0114958e+07   1.5808105e+01
   1.0121420e+07   1.5258789e+01
   1.0125781e+07   1.6723633e+01
   1.0126038e+07   1.6357422e+01
   1.0130711e+07   1.6296387e+01
   1.0131031e+07   1.5380859e+01
   1.0134554e+07   1.5686035e+01
   1.0138174e+07   1.6967773e+01
   1.0138371e+07   1.5319824e+01
   1.0138616e+07   1.5319824e+01
   1.0139257e+07   1.6296387e+01
   1.0142482e+07   1.8920898e+01
   1.0143336e+07   1.5686035e+01
   1.0144014e+07   1.5197754e+01
   1.0147994e+07   1.7150879e+01
   1.0148220e+07   1.4709473e+01
   1.0157602e+07   1.4831543e+01
   1.0157644e+07   1.6052246e+01
   1.0157903e+07   1.4831543e+01
   1.0166289e+07   1.6296387e+01
   1.0166637e+07   1.5319824e+01
   1.0173724e+07   1.6601562e+01
   1.0174000e+07   1.5808105e+01
   1.0174597e+07   1.8249512e+01
   1.0180448e+07   1.5563965e+01
   1.0187840e+07   1.4648438e+01
   1.0190568e+07   1.4953613e+01
   1.0200026e+07   1.4770508e+01
   1.0205545e+07   1.5991211e+01
   1.0206122e+07   1.5319824e+01
   1.0214575e+07   1.5014648e+01
   1.0217197e+07   1.5136719e+01
   1.0217295e+07   1.5319824e+01
   1.0222493e+07   1.5930176e+01
   1.0226644e+07   1.5686035e+01
   1.0227166e+07   1.5747070e+01
   1.0238358e+07   1.5930176e+01
   1.0241912e+07   1.5197754e+01
   1.0248497e+07   1.4648438e+01
   1.0248650e+07   1.4770508e+01
   1.0249260e+07   1.6662598e+01
   1.0261532e+07   1.4831543e+01
   1.0279833e+07   1.5991211e+01
   1.0284728e+07   1.5869141e+01
   1.0284814e+07   1.4709473e+01
   1.0286280e+07   1.4831543e+01
   1.0290322e+07   1.5930176e+01
   1.0292206e+07   1.7211914e+01
   1.0296127e+07   1.5441895e+01
   1.0302793e+07   1.6540527e+01
   1.0303176e+07   1.7150879e+01
   1.0321517e+07   1.6662598e+01
   1.0328605e+07   1.7700195e+01
   1.0328683e+07   1.7700195e+01
   1.0328816e+07   1.5502930e+01
   1.0330824e+07   1.5563965e+01
   1.0340921e+07   1.6662598e+01
   1.0346225e+07   1.5441895e+01
   1.0355147e+07   1.5197754e+01
   1.0361402e+07   1.6845703e+01
   1.0361615e+07   1.6662598e+01
   1.0369559e+07   1.5563965e+01
   1.0370800e+07   1.5319824e+01
   1.0381833e+07   1.5625000e+01
   1.0382421e+07   1.5319824e+01
   1.0387430e+07   1.5014648e+01
   1.0390060e+07   1.5136719e+01
   1.0390685e+07   1.4709473e+01
   1.0396586e+07   1.4648438e+01
   1.0397358e+07   1.5319824e+01
   1.0398719e+07   1.5686035e+01
   1.0406006e+07   1.4892578e+01
   1.0419807e+07   1.5502930e+01
   1.0419842e+07   1.5930176e+01
   1.0420437e+07   1.6113281e+01
   1.0420769e+07   1.5380859e+01
   1.0421012e+07   1.4831543e+01
   1.0421660e+07   1.5136719e+01
   1.0421782e+07   1.7456055e+01
   1.0422533e+07   1.6235352e+01
   1.0423585e+07   1.4892578e+01
   1.0423825e+07   1.5319824e+01
   1.0424778e+07   1.5136719e+01
   1.0431875e+07   1.4831543e+01
   1.0434484e+07   1.5197754e+01
   1.0435300e+07   1.4953613e+01
   1.0444020e+07   1.5319824e+01
   1.0444320e+07   1.5563965e+01
   1.0452216e+07   1.8554688e+01
   1.0452482e+07   1.5869141e+01
   1.0452926e+07   1.5502930e+01
   1.0453674e+07   1.4770508e+01
   1.0460606e+07   1.4770508e+01
   1.0464932e+07   1.5380859e+01
   1.0467095e+07   1.5014648e+01
   1.0483469e+07   1.5441895e+01
   1.0498833e+07   1.5136719e+01
   1.0507080e+07   1.5319824e+01
   1.0507467e+07   1.6357422e+01
   1.0507524e+07   1.7333984e+01
   1.0508489e+07   1.6662598e+01
   1.0518875e+07   1.5319824e+01
   1.0522578e+07   1.5380859e+01
   1.0524795e+07   1.4648438e+01
   1.0526394e+07   1.4770508e+01
   1.0528779e+07   1.4953613e+01
   1.0529030e+07   1.4709473e+01
   1.0530169e+07   1.4709473e+01
   1.0551484e+07   1.6845703e+01
   1.0551581e+07   1.9531250e+01
   1.0552171e+07   1.4770508e+01
   1.0555758e+07   1.7028809e+01
   1.0557954e+07   1.4892578e+01
   1.0561003e+07   1.5075684e+01
   1.0566338e+07   1.5197754e+01
   1.0572968e+07   1.5258789e+01
   1.0584033e+07   1.5808105e+01
   1.0585296e+07   1.4892578e+01
   1.0587706e+07   1.4831543e+01
   1.0591623e+07   1.5930176e+01
   1.0591788e+07   1.6296387e+01
   1.0592024e+07   1.5258789e+01
   1.0597687e+07   1.5625000e+01
   1.0599624e+07   1.5869141e+01
   1.0600035e+07   1.6418457e+01
   1.0600726e+07   1.5136719e+01
   1.0620591e+07   1.6052246e+01
   1.0622757e+07   1.7578125e+01
   1.0623231e+07   1.5991211e+01
   1.0623756e+07   1.6967773e+01
   1.0635377e+07   1.5136719e+01
   1.0638094e+07   1.5808105e+01
   1.0652563e+07   2.0080566e+01
   1.0653097e+07   1.5136719e+01
   1.0660170e+07   1.5014648e+01
   1.0662706e+07   1.5563965e+01
   1.0671875e+07   1.8615723e+01
   1.0672076e+07   1.5197754e+01
   1.0681119e+07   1.6967773e+01
   1.0685296e+07   1.6052246e+01
   1.0687618e+07   1.5441895e+01
   1.0693332e+07   1.5869141e+01
   1.0693629e+07   1.7456055e+01
   1.0694418e+07   1.5380859e+01
   1.0697943e+07   1.4709473e+01
   1.0700432e+07   1.6052246e+01
   1.0706187e+07   1.4709473e+01
   1.0707388e+07   1.4709473e+01
   1.0709005e+07   1.5869141e+01
   1.0718815e+07   1.4892578e+01
   1.0719036e+07   1.5441895e+01
   1.0719669e+07   1.5075684e+01
   1.0725521e+07   1.4709473e+01
   1.0727028e+07   1.5319824e+01
   1.0731215e+07   1.6296387e+01
   1.0739893e+07   1.5563965e+01
   1.0741145e+07   1.6235352e+01
   1.0741303e+07   1.5625000e+01
   1.0741376e+07   1.6479492e+01
   1.0741620e+07   1.5319824e+01
   1.0756131e+07   1.8432617e+01
   1.0759248e+07   1.5991211e+01
   1.0778024e+07   1.6479492e+01
   1.0778179e+07   1.4770508e+01
   1.0781675e+07   1.4892578e+01
   1.0786885e+07   1.4892578e+01
   1.0790649e+07   1.5869141e+01
   1.0803375e+07   1.6052246e+01
   1.0806181e+07   1.4953613e+01
   1.0806715e+07   1.4709473e+01
   1.0807220e+07   1.6052246e+01
   1.0810051e+07   1.6601562e+01
   1.0813751e+07   1.5441895e+01
   1.0814070e+07   1.6540527e+01
   1.0819197e+07   1.6418457e+01
   1.0819684e+07   1.7517090e+01
   1.0820076e+07   1.5258789e+01
   1.0822242e+07   1.5808105e+01
   1.0823482e+07   1.5441895e+01
   1.0824032e+07   1.6052246e+01
   1.0824569e+07   1.5502930e+01
   1.0826312e+07   1.5686035e+01
   1.0833436e+07   1.5197754e+01
   1.0835282e+07   1.6296387e+01
   1.0840918e+07   1.4892578e+01
   1.0848209e+07   1.6235352e+01
   1.0853449e+07   1.4709473e+01
   1.0854205e+07   1.6113281e+01
   1.0856813e+07   1.4648438e+01
   1.0858062e+07   1.5441895e+01
   1.0865665e+07   1.5625000e+01
   1.0866349e+07   1.4648438e+01
   1.0866961e+07   1.5014648e+01
   1.0876295e+07   1.5014648e+01
   1.0885836e+07   1.9348145e+01
   1.0887239e+07   1.6052246e+01
   1.0895022e+07   1.4709473e+01
   1.0904016e+07   1.6540527e+01
   1.0904268e+07   1.8676758e+01
   1.0910832e+07   1.5563965e+01
   1.0921193e+07   1.5136719e+01
   1.0921457e+07   1.5380859e+01
   1.0922599e+07   1.5319824e+01
   1.0932507e+07   1.5258789e+01
   1.0938332e+07   1.8432617e+01
   1.0938546e+07   1.5319824e+01
   1.0938847e+07   1.5502930e+01
   1.0948663e+07   1.4709473e+01
   1.0949883e+07   1.5563965e+01
   1.0954473e+07   1.6113281e+01
   1.0955773e+07   1.6845703e+01
   1.0961335e+07   1.4770508e+01
   1.0972634e+07   1.5380859e+01
   1.0980878e+07   1.6113281e+01
   1.0982671e+07   1.5258789e+01
   1.0999256e+07   1.5747070e+01
   1.0999333e+07   1.6174316e+01
   1.1006923e+07   1.7395020e+01
   1.1007112e+07   1.5258789e+01
   1.1020058e+07   1.5747070e+01
   1.1020326e+07   1.6662598e+01
   1.1030855e+07   1.4831543e+01
   1.1031492e+07   1.4770508e+01
   1.1031902e+07   1.5197754e+01
   1.1032097e+07   1.4892578e+01
   1.1038208e+07   1.5258789e+01
   1.1044083e+07   1.7211914e+01
   1.1044288e+07   1.5930176e+01
   1.1062265e+07   1.5808105e+01
   1.1083621e+07   1.5625000e+01
   1.1085774e+07   1.5808105e+01
   1.1088347e+07   1.4831543e+01
   1.1088468e+07   1.5075684e+01
   1.1088807e+07   1.4709473e+01
   1.1104955e+07   1.6113281e+01
   1.1108460e+07   1.4648438e+01
   1.1111490e+07   1.5625000e+01
   1.1118829e+07   1.6784668e+01
   1.1122625e+07   2.0935059e+01
   1.1125097e+07   1.4831543e+01
   1.1128920e+07   1.5625000e+01
   1.1137068e+07   1.5136719e+01
   1.1138479e+07   1.6845703e+01
   1.1140810e+07   1.5319824e+01
   1.1152857e+07   1.5319824e+01
   1.1154011e+07   1.5502930e+01
   1.1155021e+07   1.5380859e+01
   1.1158213e+07   1.6967773e+01
   1.1158253e+07   1.5686035e+01
   1.1165753e+07   1.9409180e+01
   1.1170868e+07   1.6845703e+01
   1.1177539e+07   1.4831543e+01
   1.1183884e+07   1.5197754e+01
   1.1193450e+07   1.8981934e+01
   1.1194832e+07   1.9409180e+01
   1.1200338e+07   1.5930176e+01
   1.1201027e+07   1.7822266e+01
   1.1204238e+07   1.6601562e+01
   1.1204685e+07   1.4892578e+01
   1.1217604e+07   1.6357422e+01
   1.1222625e+07   1.4831543e+01
   1.1223868e+07   1.6235352e+01
   1.1225685e+07   1.6540527e+01
   1.1235862e+07   1.5563965e+01
   1.1236175e+07   1.5563965e+01
   1.1242909e+07   1.4831543e+01
   1.1249355e+07   1.4953613e+01
   1.1250702e+07   1.4770508e+01
   1.1253705e+07   1.4892578e+01
   1.1262780e+07   1.5502930e+01
   1.1277672e+07   1.5319824e+01
   1.1278933e+07   1.5136719e+01
   1.1279956e+07   1.6418457e+01
   1.1282023e+07   1.5563965e+01
   1.1288136e+07   1.5930176e+01
   1.1292534e+07   1.7150879e+01
   1.1294252e+07   1.5625000e+01
   1.1302939e+07   1.5563965e+01
   1.1305676e+07   1.6784668e+01
   1.1310048e+07   1.5747070e+01
   1.1311558e+07   1.8188477e+01
   1.1315691e+07   1.6601562e+01
   1.1320786e+07   1.7028809e+01
   1.1321237e+07   1.5014648e+01
   1.1325765e+07   1.4831543e+01
   1.1329060e+07   1.6540527e+01
   1.1330626e+07   1.7089844e+01
   1.1336298e+07   1.4648438e+01
   1.1344167e+07   1.5136719e+01
   1.1344307e+07   1.4953613e+01
   1.1345447e+07   1.5014648e+01
   1.1357423e+07   1.6113281e+01
   1.1357931e+07   1.6540527e+01
   1.1358453e+07   1.6662598e+01
   1.1365299e+07   1.4709473e+01
   1.1366023e+07   1.4709473e+01
   1.1369084e+07   1.8005371e+01
   1.1374752e+07   1.6479492e+01
   1.1381140e+07   1.5197754e+01
   1.1389117e+07   1.5930176e+01
   1.1406736e+07   1.5075684e+01
   1.1407248e+07   1.7089844e+01
   1.1412171e+07   1.5441895e+01
   1.1421305e+07   1.5930176e+01
   1.1424483e+07   1.5380859e+01
   1.1429608e+07   1.5014648e+01
   1.1449733e+07   1.8371582e+01
   1.1450854e+07   1.7456055e+01
   1.1450894e+07   1.5441895e+01
   1.1450915e+07   1.4831543e+01
   1.1466763e+07   1.5197754e+01
   1.1468039e+07   1.7028809e+01
   1.1478468e+07   1.5136719e+01
   1.1479883e+07   1.7395020e+01
   1.1482876e+07   1.6906738e+01
   1.1489705e+07   1.6174316e+01
   1.1496058e+07   1.6296387e+01
   1.1496316e+07   1.6113281e+01
   1.1496371e+07   1.5625000e+01
   1.1502750e+07   1.9104004e+01
   1.1502859e+07   1.4831543e+01
   1.1503700e+07   1.5319824e+01
   1.1506882e+07   1.5380859e+01
   1.1507304e+07   1.5930176e+01
   1.1508622e+07   1.5197754e+01
   1.1510669e+07   1.6662598e+01
   1.1512523e+07   1.7578125e+01
   1.1518777e+07   1.5441895e+01
   1.1527763e+07   1.5014648e+01
   1.1528034e+07   1.9348145e+01
   1.1532531e+07   1.7333984e+01
   1.1533951e+07   1.4709473e+01
   1.1543611e+07   1.5930176e+01
   1.1546673e+07   1.6235352e+01
   1.1549087e+07   1.6601562e+01
   1.1549201e+07   1.5075684e+01
   1.1558346e+07   1.8859863e+01
   1.1568442e+07   1.4648438e+01
   1.1568922e+07   1.4953613e+01
   1.1583834e+07   1.9470215e+01
   1.1592580e+07   1.6723633e+01
   1.1596509e+07   1.4709473e+01
   1.1600606e+07   1.5319824e+01
   1.1600744e+07   1.8798828e+01
   1.1607597e+07   1.5502930e+01
   1.1612320e+07   1.4770508e+01
   1.1613695e+07   1.4831543e+01
   1.1614090e+07   1.6296387e+01
   1.1614692e+07   1.4648438e+01
   1.1620540e+07   1.7517090e+01
   1.1632185e+07   1.5686035e+01
   1.1636863e+07   1.5563965e+01
   1.1642220e+07   1.4709473e+01
   1.1644742e+07   1.5869141e+01
   1.1652824e+07   1.4648438e+01
   1.1653272e+07   1.5075684e+01
   1.1661865e+07   1.6296387e+01
   1.1669736e+07   1.8310547e+01
   1.1671507e+07   1.7822266e+01
   1.1671914e+07   1.4892578e+01
   1.1672532e+07   1.4770508e+01
   1.1678903e+07   1.5014648e+01
   1.1687608e+07   1.5197754e+01
   1.1699895e+07   1.4831543e+01
   1.1700268e+07   1.4648438e+01
   1.1703355e+07   1.5686035e+01
   1.1704641e+07   1.7333984e+01
   1.1705236e+07   1.6479492e+01
   1.1706333e+07   1.7272949e+01
   1.1712986e+07   1.5014648e+01
   1.1715988e+07   1.6845703e+01
   1.1720904e+07   1.4831543e+01
   1.1721044e+07   2.1179199e+01
   1.1721620e+07   1.5441895e+01
   1.1722399e+07   1.5563965e+01
   1.1725749e+07   1.5441895e+01
   1.1730713e+07   1.6601562e+01
   1.1734053e+07   1.6113281e+01
   1.1736581e+07   1.5258789e+01
   1.1739094e+07   1.6052246e+01
   1.1744449e+07   1.4770508e+01
   1.1748269e+07   1.5747070e+01
   1.1755177e+07   1.4831543e+01
   1.1757036e+07   1.5930176e+01
   1.1757047e+07   1.7089844e+01
   1.1757397e+07   1.6296387e+01
   1.1757666e+07   1.5258789e+01
   1.1757706e+07   1.5197754e+01
   1.1762868e+07   1.6296387e+01
   1.1763595e+07   1.7700195e+01
   1.1765737e+07   1.5686035e+01
   1.1766000e+07   1.5441895e+01
   1.1768936e+07   1.5930176e+01
   1.1777331e+07   1.4831543e+01
   1.1788417e+07   1.5441895e+01
   1.1789368e+07   1.8066406e+01
   1.1790325e+07   1.4648438e+01
   1.1802411e+07   1.5625000e+01
   1.1812792e+07   1.5136719e+01
   1.1819006e+07   1.5014648e+01
   1.1820116e+07   1.5991211e+01
   1.1825711e+07   1.6723633e+01
   1.1829405e+07   1.4953613e+01
   1.1839225e+07   1.5075684e+01
   1.1842057e+07   1.4831543e+01
   1.1846133e+07   1.5075684e+01
   1.1847865e+07   1.5380859e+01
   1.1850630e+07   1.5075684e+01
   1.1850807e+07   1.5380859e+01
   1.1850953e+07   1.4831543e+01
   1.1857850e+07   1.7822266e+01
   1.1865802e+07   1.5319824e+01
   1.1867192e+07   1.7639160e+01
   1.1876301e+07   1.5563965e+01
   1.1880970e+07   1.5258789e+01
   1.1890730e+07   1.5136719e+01
   1.1907351e+07   1.7272949e+01
   1.1914602e+07   1.5075684e+01
   1.1921931e+07   1.5014648e+01
   1.1922379e+07   1.7333984e+01
   1.1940560e+07   1.6479492e+01
   1.1946674e+07   1.6174316e+01
   1.1954341e+07   1.5747070e+01
   1.1969341e+07   1.5014648e+01
   1.1974331e+07   1.4648438e+01
   1.1981741e+07   1.8554688e+01
   1.1983202e+07   1.7089844e+01
   1.1987149e+07   1.9287109e+01
   1.1990364e+07   1.4831543e+01
   1.1995447e+07   1.6357422e+01
   1.1995742e+07   1.5869141e+01
