   1.1999000e+07   0.0000000e+00
   3.9600000e+03   3.3813477e+01
   4.0250000e+03   3.2043457e+01
   2.7701000e+04   2.7282715e+01
   2.7733000e+04   2.7587891e+01
   2.7777000e+04   2.7099609e+01
   5.7643000e+04   2.7709961e+01
   7.2593000e+04   2.6306152e+01
   7.4912000e+04   2.7221680e+01
   7.7472000e+04   3.7292480e+01
   8.0578000e+04   3.5217285e+01
   9.3137000e+04   3.3325195e+01
   1.2006100e+05   2.6550293e+01
   1.7037000e+05   2.8076172e+01
   1.8577200e+05   2.8320312e+01
   1.9050900e+05   3.7780762e+01
   1.9060400e+05   2.6733398e+01
   2.4945800e+05   3.4301758e+01
   2.5003000e+05   2.7954102e+01
   2.5005600e+05   2.9418945e+01
   2.5340300e+05   3.2714844e+01
   2.9660200e+05   3.2043457e+01
   3.2148200e+05   3.4057617e+01
   3.2155900e+05   3.0517578e+01
   3.3265500e+05   2.7526855e+01
   3.4107900e+05   3.0822754e+01
   3.4126800e+05   3.3874512e+01
   3.6492800e+05   2.9602051e+01
   3.6496900e+05   3.0517578e+01
   3.6502400e+05   2.6184082e+01
   3.6504000e+05   3.4118652e+01
   3.6507000e+05   4.0222168e+01
   3.6511800e+05   3.1799316e+01
   3.6529700e+05   3.4912109e+01
   3.6531700e+05   2.7954102e+01
   3.6535000e+05   2.6733398e+01
   3.6539600e+05   3.1860352e+01
   3.6563200e+05   2.6672363e+01
   3.6564600e+05   2.6672363e+01
   3.6579400e+05   2.6977539e+01
   3.6587600e+05   2.7770996e+01
   3.6601400e+05   3.1616211e+01
   3.6612700e+05   3.3081055e+01
   3.6620200e+05   2.6733398e+01
   3.6631100e+05   3.0883789e+01
   3.6632300e+05   3.6621094e+01
   3.6644300e+05   2.7709961e+01
   3.6647100e+05   2.6306152e+01
   3.6662900e+05   2.9479980e+01
   3.6675200e+05   2.7832031e+01
   3.6677100e+05   3.0456543e+01
   3.6685000e+05   2.7526855e+01
   3.6717600e+05   4.8767090e+01
   3.6734400e+05   2.8686523e+01
   3.6794200e+05   2.8381348e+01
   3.6809800e+05   3.0639648e+01
   3.6814900e+05   2.7465820e+01
   3.6825800e+05   3.6621094e+01
   3.6856700e+05   2.9174805e+01
   3.6916200e+05   2.7404785e+01
   3.6988300e+05   2.9296875e+01
   3.7002100e+05   2.6977539e+01
   3.7369400e+05   3.2104492e+01
   3.7595100e+05   3.4790039e+01
   3.7606800e+05   3.1005859e+01
   3.7612600e+05   2.8564453e+01
   3.7781400e+05   3.1127930e+01
   3.7792000e+05   4.0893555e+01
   3.8220100e+05   2.8381348e+01
   3.8233200e+05   2.8076172e+01
   3.8242700e+05   2.7160645e+01
   3.8483800e+05   2.8076172e+01
   3.8515400e+05   2.7282715e+01
   3.8783100e+05   2.8564453e+01
   3.8857400e+05   2.6306152e+01
   3.8858600e+05   2.9296875e+01
   3.8887900e+05   3.0761719e+01
   3.8910500e+05   2.6550293e+01
   3.8918100e+05   2.8381348e+01
   3.8969800e+05   2.7099609e+01
   3.9056000e+05   2.6916504e+01
   3.9099000e+05   3.3813477e+01
   3.9324900e+05   2.9357910e+01
   3.9335500e+05   2.6306152e+01
   3.9435000e+05   2.8930664e+01
   3.9453500e+05   2.9296875e+01
   3.9466300e+05   3.3386230e+01
   3.9540900e+05   3.4057617e+01
   3.9545900e+05   2.8137207e+01
   3.9641300e+05   2.6489258e+01
   3.9654500e+05   3.2104492e+01
   3.9668700e+05   2.7160645e+01
   3.9680600e+05   2.7832031e+01
   3.9739100e+05   2.6184082e+01
   3.9757700e+05   2.6245117e+01
   3.9775400e+05   2.7282715e+01
   3.9872500e+05   3.4057617e+01
   3.9892000e+05   3.1860352e+01
   3.9915200e+05   2.6672363e+01
   3.9941500e+05   2.6733398e+01
   3.9949600e+05   2.6123047e+01
   4.0007900e+05   2.7832031e+01
   4.0028600e+05   2.9968262e+01
   4.0044400e+05   2.7648926e+01
   4.0054700e+05   2.8076172e+01
   4.0095300e+05   2.7709961e+01
   4.0105000e+05   2.8198242e+01
   4.0113100e+05   2.6184082e+01
   4.0153800e+05   2.8076172e+01
   4.0219700e+05   2.6611328e+01
   4.0277100e+05   3.1127930e+01
   4.0291300e+05   2.6306152e+01
   4.0318600e+05   2.8137207e+01
   4.0321100e+05   3.4301758e+01
   4.0329800e+05   2.8564453e+01
   4.0339200e+05   3.1066895e+01
   4.0414500e+05   3.3020020e+01
   4.0437300e+05   2.7038574e+01
   4.0471800e+05   3.1188965e+01
   4.0489300e+05   2.9541016e+01
   4.0593600e+05   2.7709961e+01
   4.0601500e+05   2.7038574e+01
   4.0635200e+05   3.0273437e+01
   4.0724800e+05   2.6916504e+01
   4.0783400e+05   3.2104492e+01
   4.0807800e+05   3.3996582e+01
   4.0847400e+05   3.0517578e+01
   4.0870000e+05   2.9235840e+01
   4.0877800e+05   2.9052734e+01
   4.0938200e+05   3.0822754e+01
   4.0943500e+05   3.0639648e+01
   4.0951100e+05   2.6123047e+01
   4.1043100e+05   2.8747559e+01
   4.1097400e+05   2.7648926e+01
   4.1119700e+05   2.7893066e+01
   4.1125500e+05   2.7404785e+01
   4.1197300e+05   3.4545898e+01
   4.1204900e+05   3.2775879e+01
   4.1256900e+05   3.4973145e+01
   4.1275200e+05   2.6123047e+01
   4.1296200e+05   2.6855469e+01
   4.1383800e+05   2.8076172e+01
   4.1416400e+05   3.3569336e+01
   4.1613300e+05   3.8696289e+01
   4.1720200e+05   2.8564453e+01
   4.1815500e+05   2.7404785e+01
   4.1956400e+05   2.8259277e+01
   4.1972900e+05   2.9174805e+01
   4.2069300e+05   2.9785156e+01
   4.2278700e+05   2.6184082e+01
   4.2289300e+05   2.9418945e+01
   4.2313400e+05   2.7221680e+01
   4.2386100e+05   3.0273437e+01
   4.2457400e+05   3.1860352e+01
   4.2532900e+05   2.9846191e+01
   4.2734000e+05   2.7038574e+01
   4.2884800e+05   3.1433105e+01
   4.2904200e+05   2.6550293e+01
   4.3100500e+05   2.7832031e+01
   4.3168200e+05   3.4729004e+01
   4.3282400e+05   3.6804199e+01
   4.3410400e+05   2.9418945e+01
   4.3416500e+05   2.6672363e+01
   4.3446300e+05   2.6672363e+01
   4.3480900e+05   2.6794434e+01
   4.3773900e+05   2.6489258e+01
   4.3779300e+05   3.3264160e+01
   4.3837000e+05   2.8930664e+01
   4.3881000e+05   2.6550293e+01
   4.3894200e+05   2.7770996e+01
   4.4000200e+05   3.3874512e+01
   4.4068600e+05   2.9052734e+01
   4.4134900e+05   2.8442383e+01
   4.4139000e+05   2.6794434e+01
   4.4153600e+05   2.6306152e+01
   4.4174900e+05   2.7038574e+01
   4.4314000e+05   2.8259277e+01
   4.4434200e+05   2.6733398e+01
   4.4474500e+05   2.7648926e+01
   4.4506800e+05   2.6611328e+01
   4.4732600e+05   2.9663086e+01
   4.4742700e+05   2.6977539e+01
   4.4753500e+05   2.6245117e+01
   4.5063800e+05   2.6245117e+01
   4.5068600e+05   2.6428223e+01
   4.5168800e+05   3.1555176e+01
   4.5242400e+05   2.9479980e+01
   4.5403600e+05   3.1433105e+01
   4.5569800e+05   2.8808594e+01
   4.5759200e+05   2.8259277e+01
   4.5760200e+05   2.8503418e+01
   4.5764800e+05   2.6855469e+01
   4.5784900e+05   3.2348633e+01
   4.5811200e+05   2.6367187e+01
   4.5847300e+05   2.6367187e+01
   4.5906100e+05   2.6489258e+01
   4.5933900e+05   2.6672363e+01
   4.5975200e+05   3.1555176e+01
   4.6446600e+05   2.6733398e+01
   4.6453700e+05   2.8930664e+01
   4.6456500e+05   2.8320312e+01
   4.6466200e+05   2.6733398e+01
   4.6524500e+05   2.6489258e+01
   4.6662200e+05   2.8869629e+01
   4.7053900e+05   2.6489258e+01
   4.7403800e+05   2.7404785e+01
   4.7428800e+05   3.5400391e+01
   4.7454600e+05   2.7770996e+01
   4.7464300e+05   2.6184082e+01
   4.7479400e+05   3.1188965e+01
   4.7489900e+05   2.6428223e+01
   4.7506700e+05   3.0944824e+01
   4.7542800e+05   2.6977539e+01
   4.7597500e+05   3.3996582e+01
   4.7614500e+05   3.1616211e+01
   4.7703100e+05   3.2043457e+01
   4.7714000e+05   3.1311035e+01
   4.7902700e+05   2.6306152e+01
   4.7931800e+05   3.4484863e+01
   4.7962100e+05   2.8442383e+01
   4.8996500e+05   3.3447266e+01
   4.9005000e+05   2.9052734e+01
   4.9015100e+05   3.2592773e+01
   4.9026700e+05   2.7709961e+01
   4.9052000e+05   2.7648926e+01
   4.9064400e+05   2.8686523e+01
   4.9066200e+05   2.7954102e+01
   4.9086600e+05   2.6977539e+01
   4.9105800e+05   2.7160645e+01
   4.9152100e+05   2.6306152e+01
   4.9182200e+05   2.8869629e+01
   4.9239800e+05   2.6428223e+01
   5.1410100e+05   3.4729004e+01
   5.1411200e+05   3.1860352e+01
   5.1419200e+05   2.7587891e+01
   5.1439500e+05   2.7099609e+01
   5.1453800e+05   3.4362793e+01
   5.1454800e+05   2.7709961e+01
   5.1477000e+05   3.0700684e+01
   5.1514200e+05   2.9296875e+01
   5.1533200e+05   2.8442383e+01
   5.1535300e+05   2.8381348e+01
   5.1652800e+05   2.6611328e+01
   5.1670800e+05   2.8015137e+01
   5.1692600e+05   2.8686523e+01
   5.4224400e+05   3.9672852e+01
   5.4260800e+05   3.5827637e+01
   5.4319000e+05   2.9479980e+01
   5.4327400e+05   3.9306641e+01
   5.4336900e+05   3.5766602e+01
   5.4363100e+05   3.6926270e+01
   5.4434500e+05   2.6794434e+01
   5.4453500e+05   2.7160645e+01
   5.4500200e+05   3.0029297e+01
   5.4502900e+05   2.8076172e+01
   5.8264700e+05   2.9357910e+01
   6.2011800e+05   2.7648926e+01
   6.6025800e+05   2.6916504e+01
   6.8410100e+05   2.7526855e+01
   6.9742400e+05   2.7465820e+01
   7.0667700e+05   2.6855469e+01
   7.3190400e+05   2.8869629e+01
   7.5830800e+05   2.7099609e+01
   7.7572200e+05   2.7709961e+01
   7.9962800e+05   2.6428223e+01
   8.1490500e+05   2.6794434e+01
   8.2800500e+05   2.6916504e+01
   8.6614400e+05   2.9846191e+01
   8.6617600e+05   3.3020020e+01
   8.6629000e+05   2.8991699e+01
   8.6646000e+05   2.9174805e+01
   8.6648800e+05   3.2470703e+01
   8.6658200e+05   2.7099609e+01
   8.6668600e+05   2.8686523e+01
   8.6673800e+05   2.7709961e+01
   8.6685800e+05   2.8015137e+01
   8.6698100e+05   3.1250000e+01
   8.6715600e+05   2.7038574e+01
   8.6728500e+05   3.1860352e+01
   8.6731000e+05   3.4667969e+01
   8.6762700e+05   2.6489258e+01
   8.6771500e+05   2.8137207e+01
   8.6909000e+05   3.6743164e+01
   8.6967700e+05   2.9541016e+01
   8.8458600e+05   2.8503418e+01
   9.2227000e+05   2.8137207e+01
   9.9248300e+05   2.7770996e+01
   1.0350280e+06   2.7648926e+01
   1.0350900e+06   3.6682129e+01
   1.0351490e+06   2.7221680e+01
   1.0353910e+06   2.6977539e+01
   1.0354410e+06   2.6184082e+01
   1.0354930e+06   2.7832031e+01
   1.0355190e+06   3.5156250e+01
   1.0356020e+06   3.3447266e+01
   1.0356220e+06   2.9357910e+01
   1.0357620e+06   2.7038574e+01
   1.0358770e+06   3.1250000e+01
   1.0359270e+06   3.2287598e+01
   1.0359750e+06   2.6489258e+01
   1.0360350e+06   2.9235840e+01
   1.0360940e+06   3.2592773e+01
   1.0361190e+06   2.7526855e+01
   1.0363080e+06   2.6672363e+01
   1.0366640e+06   2.6672363e+01
   1.0370220e+06   3.4423828e+01
   1.0370600e+06   3.0029297e+01
   1.0371520e+06   2.6306152e+01
   1.0383570e+06   2.7221680e+01
   1.0392770e+06   2.9357910e+01
   1.0723410e+06   2.6184082e+01
   1.0862110e+06   2.6611328e+01
   1.0862420e+06   3.0517578e+01
   1.0864350e+06   3.9855957e+01
   1.0866330e+06   3.4667969e+01
   1.0867400e+06   3.2287598e+01
   1.0867750e+06   2.6794434e+01
   1.0867970e+06   2.7770996e+01
   1.0870210e+06   3.9001465e+01
   1.0870400e+06   2.6184082e+01
   1.0872190e+06   2.8991699e+01
   1.0873170e+06   2.6123047e+01
   1.0874130e+06   3.0395508e+01
   1.0874600e+06   3.2104492e+01
   1.0876170e+06   2.6428223e+01
   1.0877460e+06   3.4606934e+01
   1.0877900e+06   2.8503418e+01
   1.0879270e+06   2.7038574e+01
   1.0880600e+06   2.6977539e+01
   1.0882240e+06   2.6428223e+01
   1.0883710e+06   3.0029297e+01
   1.0885680e+06   3.1005859e+01
   1.0885850e+06   2.9663086e+01
   1.0887690e+06   3.2104492e+01
   1.0894150e+06   3.2226562e+01
   1.0895910e+06   2.6184082e+01
   1.0898460e+06   2.8015137e+01
   1.0904740e+06   2.8503418e+01
   1.0924770e+06   2.8869629e+01
   1.0927420e+06   2.8930664e+01
   1.0930590e+06   2.9418945e+01
   1.0975140e+06   2.7099609e+01
   1.1019950e+06   3.1005859e+01
   1.1024450e+06   3.1860352e+01
   1.1083020e+06   2.9541016e+01
   1.1097220e+06   3.4729004e+01
   1.1339830e+06   2.6855469e+01
   1.1431240e+06   2.6245117e+01
   1.2126100e+06   2.6184082e+01
   1.2264980e+06   2.8442383e+01
   1.2266290e+06   3.2775879e+01
   1.2326790e+06   2.8442383e+01
   1.2450230e+06   2.6489258e+01
   1.2712210e+06   3.5400391e+01
   1.3408740e+06   3.0578613e+01
   1.3673240e+06   2.8015137e+01
   1.3692770e+06   3.7414551e+01
   1.3693190e+06   2.8625488e+01
   1.3694450e+06   3.7475586e+01
   1.4536160e+06   3.2714844e+01
   1.4978760e+06   3.1311035e+01
   1.4980280e+06   2.8442383e+01
   1.5007100e+06   3.7414551e+01
   1.5008200e+06   3.1372070e+01
   1.5211320e+06   2.8015137e+01
   1.5664960e+06   3.4118652e+01
   1.5721890e+06   2.7221680e+01
   1.5826510e+06   2.7099609e+01
   1.5977370e+06   2.8564453e+01
   1.6126840e+06   3.1433105e+01
   1.6158550e+06   2.6428223e+01
   1.6160370e+06   2.7526855e+01
   1.6196640e+06   3.2226562e+01
   1.6424160e+06   3.2348633e+01
   1.6706250e+06   3.0273437e+01
   1.6887420e+06   2.6855469e+01
   1.6970850e+06   2.6245117e+01
   1.7172850e+06   3.1066895e+01
   1.7190570e+06   2.7038574e+01
   1.7503980e+06   3.0395508e+01
   1.7505450e+06   3.5400391e+01
   1.8003190e+06   2.6489258e+01
   1.8494060e+06   3.1066895e+01
   1.8543450e+06   2.8686523e+01
   1.8605820e+06   2.7099609e+01
   1.9012780e+06   2.8747559e+01
   1.9074490e+06   2.6123047e+01
   1.9282510e+06   2.7770996e+01
   1.9284080e+06   2.8320312e+01
   1.9284450e+06   3.0822754e+01
   1.9284720e+06   2.9479980e+01
   1.9285010e+06   2.6916504e+01
   1.9286240e+06   2.6550293e+01
   1.9286490e+06   2.8015137e+01
   1.9286940e+06   3.7353516e+01
   1.9287320e+06   3.1311035e+01
   1.9287490e+06   2.9907227e+01
   1.9287990e+06   2.7832031e+01
   1.9288340e+06   3.2958984e+01
   1.9288860e+06   2.9052734e+01
   1.9289690e+06   4.2968750e+01
   1.9290810e+06   2.8991699e+01
   1.9291230e+06   2.9235840e+01
   1.9291410e+06   2.8564453e+01
   1.9292030e+06   3.6071777e+01
   1.9292580e+06   3.7109375e+01
   1.9292850e+06   3.0029297e+01
   1.9293500e+06   2.9174805e+01
   1.9294190e+06   3.6804199e+01
   1.9295770e+06   2.8015137e+01
   1.9296180e+06   2.7465820e+01
   1.9296370e+06   3.1005859e+01
   1.9297240e+06   3.1066895e+01
   1.9300190e+06   2.6733398e+01
   1.9301440e+06   3.3020020e+01
   1.9302520e+06   2.8198242e+01
   1.9303970e+06   3.0151367e+01
   1.9305110e+06   2.7709961e+01
   1.9307230e+06   2.6550293e+01
   1.9308540e+06   2.9663086e+01
   1.9311320e+06   2.6306152e+01
   1.9315150e+06   3.2165527e+01
   1.9319890e+06   3.3020020e+01
   1.9323590e+06   2.8747559e+01
   1.9324720e+06   2.7404785e+01
   1.9339680e+06   2.8991699e+01
   1.9356610e+06   2.8259277e+01
   1.9356750e+06   2.6245117e+01
   1.9414190e+06   3.7292480e+01
   1.9424040e+06   2.6428223e+01
   1.9461300e+06   2.7160645e+01
   1.9462380e+06   2.9357910e+01
   1.9463200e+06   2.9296875e+01
   1.9463760e+06   2.6489258e+01
   1.9497750e+06   3.9062500e+01
   1.9498560e+06   2.7770996e+01
   1.9499240e+06   2.6794434e+01
   1.9501050e+06   2.6550293e+01
   1.9503230e+06   2.7465820e+01
   1.9511880e+06   2.9602051e+01
   1.9516230e+06   2.7587891e+01
   1.9547090e+06   3.6987305e+01
   1.9550860e+06   2.6550293e+01
   1.9572870e+06   2.8686523e+01
   1.9578210e+06   3.1616211e+01
   1.9581520e+06   2.6123047e+01
   1.9597780e+06   2.8686523e+01
   1.9603690e+06   2.7893066e+01
   1.9603870e+06   3.0700684e+01
   1.9609470e+06   2.6489258e+01
   1.9612990e+06   3.2653809e+01
   1.9636820e+06   3.1250000e+01
   1.9642310e+06   3.0517578e+01
   1.9642950e+06   3.1188965e+01
   1.9659400e+06   2.9296875e+01
   1.9666390e+06   2.8442383e+01
   1.9670290e+06   2.8686523e+01
   1.9675640e+06   2.8198242e+01
   1.9679990e+06   3.0578613e+01
   1.9686100e+06   2.8076172e+01
   1.9696450e+06   2.8930664e+01
   1.9698050e+06   2.9235840e+01
   1.9699800e+06   3.0578613e+01
   1.9704760e+06   2.6916504e+01
   1.9708240e+06   3.5705566e+01
   1.9709250e+06   2.9357910e+01
   1.9712430e+06   2.8137207e+01
   1.9719730e+06   2.6672363e+01
   1.9721700e+06   2.8503418e+01
   1.9722870e+06   2.6916504e+01
   1.9734280e+06   2.6794434e+01
   1.9739760e+06   3.1066895e+01
   1.9741990e+06   2.8320312e+01
   1.9749750e+06   2.8930664e+01
   1.9751040e+06   2.6977539e+01
   1.9759070e+06   2.8991699e+01
   1.9760000e+06   2.6184082e+01
   1.9768730e+06   2.6855469e+01
   1.9770340e+06   2.6733398e+01
   1.9773060e+06   2.7099609e+01
   1.9773940e+06   3.1860352e+01
   1.9774150e+06   3.2714844e+01
   1.9785560e+06   2.9541016e+01
   1.9791300e+06   2.8808594e+01
   1.9791850e+06   3.6987305e+01
   1.9795350e+06   2.6367188e+01
   1.9797170e+06   2.9846191e+01
   1.9806950e+06   2.7526855e+01
   1.9810580e+06   3.0090332e+01
   1.9812710e+06   3.0883789e+01
   1.9816810e+06   3.3264160e+01
   1.9822400e+06   2.8137207e+01
   1.9823180e+06   2.9418945e+01
   1.9830520e+06   2.7343750e+01
   1.9834250e+06   2.9907227e+01
   1.9849200e+06   3.3020020e+01
   1.9858260e+06   2.8076172e+01
   1.9861400e+06   2.6733398e+01
   1.9871600e+06   2.7099609e+01
   1.9874380e+06   2.6733398e+01
   1.9887230e+06   3.2897949e+01
   1.9889170e+06   2.8137207e+01
   1.9902590e+06   3.0822754e+01
   1.9904440e+06   2.6428223e+01
   1.9910300e+06   3.2409668e+01
   1.9915880e+06   2.7526855e+01
   1.9920010e+06   2.6367188e+01
   1.9931000e+06   2.7709961e+01
   1.9933030e+06   2.9846191e+01
   1.9945110e+06   2.9235840e+01
   1.9957270e+06   2.6672363e+01
   1.9962120e+06   2.6672363e+01
   1.9968890e+06   2.9907227e+01
   1.9974210e+06   2.6306152e+01
   1.9975630e+06   3.3569336e+01
   1.9996430e+06   2.9785156e+01
   1.9999620e+06   2.6489258e+01
   2.0005340e+06   2.8259277e+01
   2.0015040e+06   2.6428223e+01
   2.0017250e+06   3.3203125e+01
   2.0021430e+06   2.8625488e+01
   2.0028290e+06   2.8381348e+01
   2.0039240e+06   2.7343750e+01
   2.0048680e+06   2.6428223e+01
   2.0049990e+06   2.6794434e+01
   2.0056000e+06   2.7587891e+01
   2.0059490e+06   2.9235840e+01
   2.0065270e+06   2.6245117e+01
   2.0065590e+06   2.7160645e+01
   2.0067170e+06   3.0090332e+01
   2.0073660e+06   3.0517578e+01
   2.0074350e+06   3.0578613e+01
   2.0077670e+06   2.8747559e+01
   2.0080260e+06   2.6306152e+01
   2.0082050e+06   3.1921387e+01
   2.0094180e+06   2.8015137e+01
   2.0106400e+06   2.6733398e+01
   2.0106730e+06   3.6010742e+01
   2.0113560e+06   2.8686523e+01
   2.0114860e+06   2.7465820e+01
   2.0127800e+06   2.8320312e+01
   2.0128800e+06   2.7526855e+01
   2.0130230e+06   3.1921387e+01
   2.0149070e+06   2.6977539e+01
   2.0167240e+06   2.6306152e+01
   2.0185090e+06   3.2348633e+01
   2.0198820e+06   2.8320312e+01
   2.0205870e+06   2.6977539e+01
   2.0208550e+06   3.1311035e+01
   2.0226320e+06   2.6123047e+01
   2.0227960e+06   2.7709961e+01
   2.0237440e+06   2.9235840e+01
   2.0249490e+06   2.6855469e+01
   2.0262050e+06   2.7526855e+01
   2.0267890e+06   2.8869629e+01
   2.0272880e+06   2.7099609e+01
   2.0277070e+06   2.7038574e+01
   2.0277260e+06   2.6184082e+01
   2.0291270e+06   2.9785156e+01
   2.0314660e+06   2.7465820e+01
   2.0330800e+06   2.6794434e+01
   2.0342320e+06   2.7282715e+01
   2.0421040e+06   3.1005859e+01
   2.0421610e+06   3.3935547e+01
   2.0423560e+06   2.6184082e+01
   2.0425630e+06   3.4179688e+01
   2.0427300e+06   3.1005859e+01
   2.0427690e+06   2.6489258e+01
   2.0429220e+06   2.9174805e+01
   2.0429750e+06   2.7526855e+01
   2.0430120e+06   2.7954102e+01
   2.0433480e+06   3.4606934e+01
   2.0433640e+06   2.7404785e+01
   2.0434470e+06   2.9479980e+01
   2.0437340e+06   3.4301758e+01
   2.0445090e+06   2.7404785e+01
   2.0445860e+06   2.8503418e+01
   2.0447240e+06   3.3569336e+01
   2.0450740e+06   2.6306152e+01
   2.0452900e+06   2.7587891e+01
   2.0458490e+06   3.3996582e+01
   2.0468950e+06   2.7099609e+01
   2.0482380e+06   3.0151367e+01
   2.0487400e+06   2.9663086e+01
   2.0585710e+06   2.7648926e+01
   2.0597750e+06   4.0405273e+01
   2.0602720e+06   3.0578613e+01
   2.0631070e+06   3.1188965e+01
   2.0688810e+06   2.9968262e+01
   2.0691440e+06   2.8320313e+01
   2.0696180e+06   3.0578613e+01
   2.0697690e+06   2.8930664e+01
   2.0702140e+06   3.0395508e+01
   2.0709770e+06   3.1005859e+01
   2.0710990e+06   2.6855469e+01
   2.1382940e+06   3.3569336e+01
   2.1823880e+06   3.7536621e+01
   2.1851860e+06   3.1677246e+01
   2.1853780e+06   3.8146973e+01
   2.2252230e+06   2.6489258e+01
   2.2462030e+06   2.6184082e+01
   2.2582620e+06   2.6916504e+01
   2.2591960e+06   3.5339355e+01
   2.2592870e+06   3.2165527e+01
   2.2706860e+06   3.4179688e+01
   2.2888380e+06   2.7404785e+01
   2.3073400e+06   2.7038574e+01
   2.3326490e+06   2.7465820e+01
   2.3601750e+06   2.6184082e+01
   2.3646230e+06   3.1433105e+01
   2.3646710e+06   3.4423828e+01
   2.3647920e+06   2.6550293e+01
   2.3648460e+06   2.8930664e+01
   2.3649110e+06   3.0456543e+01
   2.3649250e+06   3.0822754e+01
   2.3651270e+06   3.5949707e+01
   2.3652190e+06   3.6682129e+01
   2.3654770e+06   3.8085938e+01
   2.3655280e+06   3.3630371e+01
   2.3678260e+06   2.6367187e+01
   2.4279530e+06   3.2897949e+01
   2.4380090e+06   4.0405273e+01
   2.4383270e+06   2.6733398e+01
   2.4497210e+06   2.6306152e+01
   2.4565220e+06   2.7465820e+01
   2.5599690e+06   4.0893555e+01
   2.5601970e+06   2.7099609e+01
   2.5609340e+06   2.6123047e+01
   2.5736160e+06   2.7648926e+01
   2.5738050e+06   2.9541016e+01
   2.5847540e+06   2.7526855e+01
   2.6075980e+06   3.0883789e+01
   2.6632700e+06   2.8320312e+01
   2.6821520e+06   2.6733398e+01
   2.6827710e+06   2.8076172e+01
   2.7171910e+06   2.7709961e+01
   2.7690080e+06   2.6611328e+01
   2.7690260e+06   3.0700684e+01
   2.7690910e+06   2.6306152e+01
   2.7691400e+06   2.6794434e+01
   2.7691970e+06   2.7587891e+01
   2.7693590e+06   2.7832031e+01
   2.8186910e+06   2.7893066e+01
   2.8646690e+06   2.8198242e+01
   2.8814910e+06   2.9479980e+01
   2.8816590e+06   3.5827637e+01
   2.8824780e+06   3.0029297e+01
   2.9558700e+06   2.6428223e+01
   2.9568220e+06   2.7099609e+01
   2.9783280e+06   2.7343750e+01
   2.9786920e+06   3.5095215e+01
   2.9788230e+06   3.2958984e+01
   2.9789360e+06   3.4912109e+01
   2.9789990e+06   3.3142090e+01
   2.9790720e+06   2.6977539e+01
   2.9790880e+06   3.0090332e+01
   2.9792410e+06   4.1442871e+01
   2.9792740e+06   2.9968262e+01
   2.9793410e+06   2.9968262e+01
   2.9794210e+06   3.0334473e+01
   2.9796020e+06   2.9724121e+01
   2.9796370e+06   3.0273437e+01
   2.9798590e+06   4.0283203e+01
   2.9804610e+06   2.8991699e+01
   2.9808200e+06   4.2785645e+01
   2.9811610e+06   2.8808594e+01
   2.9831470e+06   3.2104492e+01
   2.9905820e+06   3.3203125e+01
   3.0335750e+06   4.1687012e+01
   3.0337170e+06   3.7231445e+01
   3.1486510e+06   3.5583496e+01
   3.1727780e+06   2.8869629e+01
   3.1727880e+06   2.7343750e+01
   3.1731810e+06   3.2104492e+01
   3.1732590e+06   3.3386230e+01
   3.2086710e+06   3.5644531e+01
   3.2093500e+06   2.9296875e+01
   3.2105530e+06   3.1921387e+01
   3.2109780e+06   3.0761719e+01
   3.2133880e+06   2.7221680e+01
   3.2193870e+06   2.7587891e+01
   3.2578830e+06   3.0700684e+01
   3.2985920e+06   2.8320312e+01
   3.3080090e+06   3.5095215e+01
   3.3084800e+06   3.4057617e+01
   3.3180060e+06   3.0822754e+01
   3.3197490e+06   3.2836914e+01
   3.3198260e+06   3.1555176e+01
   3.3199200e+06   2.7160645e+01
   3.3201120e+06   3.2226562e+01
   3.3201880e+06   2.7587891e+01
   3.3202220e+06   3.3508301e+01
   3.3202560e+06   3.4362793e+01
   3.3205050e+06   2.7343750e+01
   3.3241320e+06   2.6611328e+01
   3.3808090e+06   3.4118652e+01
   3.3810840e+06   2.8991699e+01
   3.3813300e+06   3.1921387e+01
   3.3816310e+06   3.4301758e+01
   3.3819110e+06   2.9052734e+01
   3.3892860e+06   3.0029297e+01
   3.4330790e+06   6.0058594e+01
   3.4331280e+06   2.7038574e+01
   3.4332490e+06   2.8076172e+01
   3.4332760e+06   3.1127930e+01
   3.4333120e+06   3.1433105e+01
   3.4334470e+06   2.9479980e+01
   3.4338070e+06   4.0039062e+01
   3.5059990e+06   2.6489258e+01
   3.5063240e+06   2.7770996e+01
   3.5066470e+06   2.8564453e+01
   3.5528140e+06   2.6733398e+01
   3.5528410e+06   2.6550293e+01
   3.5529650e+06   2.9052734e+01
   3.5529820e+06   2.8015137e+01
   3.5691160e+06   2.9357910e+01
   3.5860720e+06   2.7893066e+01
   3.5861460e+06   2.6550293e+01
   3.5930750e+06   3.0212402e+01
   3.6227130e+06   2.8320312e+01
   3.6227380e+06   2.6977539e+01
   3.7648420e+06   3.9062500e+01
   3.7650080e+06   3.2714844e+01
   3.7652230e+06   3.5888672e+01
   3.7652800e+06   3.7353516e+01
   3.7653240e+06   2.6428223e+01
   3.7672080e+06   3.6804199e+01
   3.7674410e+06   3.6193848e+01
   3.7675700e+06   2.7465820e+01
   3.7709630e+06   2.9907227e+01
   3.7710160e+06   3.7109375e+01
   3.7716100e+06   2.6184082e+01
   3.7720540e+06   2.8503418e+01
   3.7911750e+06   2.7282715e+01
   3.8080290e+06   2.6916504e+01
   3.8157640e+06   2.7587891e+01
   3.8464690e+06   2.7526855e+01
   3.8506700e+06   3.4118652e+01
   3.8508220e+06   2.6245117e+01
   3.8509360e+06   2.6184082e+01
   3.8509640e+06   3.4362793e+01
   3.8510660e+06   2.6489258e+01
   3.8845500e+06   2.9541016e+01
   3.9009150e+06   3.4606934e+01
   3.9446350e+06   3.2775879e+01
   3.9452180e+06   3.4179688e+01
   3.9764690e+06   3.2958984e+01
   3.9765400e+06   2.8198242e+01
   3.9766570e+06   3.0395508e+01
   3.9779750e+06   2.7282715e+01
   3.9881020e+06   2.7099609e+01
   4.0595740e+06   2.7893066e+01
   4.0886090e+06   2.8503418e+01
   4.1060340e+06   2.7099609e+01
   4.1061890e+06   2.8503418e+01
   4.1579110e+06   2.6428223e+01
   4.1687350e+06   2.7893066e+01
   4.1739810e+06   2.6245117e+01
   4.2495290e+06   2.8625488e+01
   4.2495600e+06   3.3752441e+01
   4.2496240e+06   2.7770996e+01
   4.2496570e+06   2.8198242e+01
   4.2497760e+06   2.8564453e+01
   4.2501240e+06   3.1982422e+01
   4.2501550e+06   4.4067383e+01
   4.2501740e+06   3.1494141e+01
   4.2502440e+06   3.5949707e+01
   4.2503220e+06   4.7607422e+01
   4.2503350e+06   2.6489258e+01
   4.2504090e+06   2.9418945e+01
   4.2504450e+06   3.3386230e+01
   4.2506120e+06   2.9113770e+01
   4.2506770e+06   3.0944824e+01
   4.2509490e+06   2.8686523e+01
   4.2513910e+06   2.6184082e+01
   4.2515330e+06   2.6794434e+01
   4.2519130e+06   3.1555176e+01
   4.2522310e+06   2.6550293e+01
   4.2639520e+06   2.9541016e+01
   4.2639990e+06   2.6184082e+01
   4.2857850e+06   2.7404785e+01
   4.3206170e+06   2.8503418e+01
   4.4861590e+06   3.0090332e+01
   4.4901990e+06   2.6916504e+01
   4.5029570e+06   2.6977539e+01
   4.5487340e+06   3.5034180e+01
   4.5581060e+06   2.7648926e+01
   4.5583510e+06   2.6428223e+01
   4.5796170e+06   2.7465820e+01
   4.5820200e+06   2.7587891e+01
   4.6097060e+06   2.9846191e+01
   4.6218420e+06   2.6428223e+01
   4.6788250e+06   2.6245117e+01
   4.7379810e+06   2.6794434e+01
   4.7755100e+06   2.6489258e+01
   4.7887470e+06   2.6306152e+01
   4.8173470e+06   4.0466309e+01
   4.8203560e+06   3.2043457e+01
   4.8210390e+06   2.6184082e+01
   4.8383670e+06   2.7343750e+01
   4.9744640e+06   3.5705566e+01
   4.9746590e+06   2.8625488e+01
   4.9746980e+06   3.9062500e+01
   4.9747290e+06   4.3029785e+01
   4.9748060e+06   2.7832031e+01
   4.9748350e+06   3.6499023e+01
   4.9748750e+06   3.0029297e+01
   4.9748870e+06   3.0029297e+01
   4.9749920e+06   4.3579102e+01
   4.9750230e+06   2.6367188e+01
   4.9750620e+06   3.2714844e+01
   4.9750910e+06   3.2043457e+01
   4.9751410e+06   2.8747559e+01
   4.9751980e+06   3.1311035e+01
   4.9752100e+06   3.9672852e+01
   4.9752910e+06   2.9479980e+01
   4.9753350e+06   3.0883789e+01
   4.9753950e+06   3.4790039e+01
   4.9754170e+06   2.8076172e+01
   4.9755200e+06   2.7282715e+01
   4.9755350e+06   2.8015137e+01
   4.9755700e+06   2.7587891e+01
   4.9757920e+06   2.7526855e+01
   4.9759690e+06   2.7709961e+01
   4.9760960e+06   3.0029297e+01
   4.9763660e+06   3.0517578e+01
   4.9765270e+06   2.7282715e+01
   4.9771590e+06   3.4118652e+01
   4.9773180e+06   2.7709961e+01
   4.9773360e+06   2.6184082e+01
   4.9775710e+06   2.7832031e+01
   4.9776820e+06   2.7465820e+01
   4.9779450e+06   3.3325195e+01
   4.9782310e+06   2.6733398e+01
   4.9789360e+06   2.7587891e+01
   4.9791220e+06   2.7343750e+01
   4.9802760e+06   2.9052734e+01
   4.9807890e+06   2.9846191e+01
   4.9821420e+06   2.8015137e+01
   4.9823220e+06   2.8381348e+01
   4.9824240e+06   2.6550293e+01
   4.9834300e+06   3.3874512e+01
   4.9835470e+06   2.7282715e+01
   4.9842030e+06   2.8015137e+01
   4.9857510e+06   2.6855469e+01
   4.9860440e+06   2.6672363e+01
   4.9862160e+06   2.6489258e+01
   4.9878460e+06   2.7465820e+01
   4.9881770e+06   2.6367188e+01
   4.9887920e+06   2.8381348e+01
   4.9893100e+06   3.0578613e+01
   4.9894700e+06   2.9235840e+01
   4.9912430e+06   3.0883789e+01
   4.9941380e+06   3.0578613e+01
   4.9958200e+06   2.6550293e+01
   4.9961570e+06   3.2226562e+01
   4.9966450e+06   2.7954102e+01
   4.9971580e+06   3.1372070e+01
   4.9987630e+06   2.6306152e+01
   5.0051110e+06   3.1188965e+01
   5.0060060e+06   3.0761719e+01
   5.0071190e+06   2.9785156e+01
   5.0072300e+06   3.4118652e+01
   5.0075210e+06   3.0639648e+01
   5.0078020e+06   3.0578613e+01
   5.0095300e+06   2.7526855e+01
   5.0101250e+06   2.6489258e+01
   5.0102540e+06   2.8320312e+01
   5.0112150e+06   2.7526855e+01
   5.0116350e+06   3.5705566e+01
   5.0116560e+06   3.1616211e+01
   5.0123850e+06   2.8076172e+01
   5.0127620e+06   2.6184082e+01
   5.0128790e+06   2.7770996e+01
   5.0161840e+06   2.8320312e+01
   5.0165610e+06   3.1738281e+01
   5.0172780e+06   2.7343750e+01
   5.0184690e+06   2.6794434e+01
   5.0187990e+06   2.6184082e+01
   5.0191900e+06   2.8625488e+01
   5.0196090e+06   2.9602051e+01
   5.0213910e+06   3.0456543e+01
   5.0219240e+06   2.8869629e+01
   5.0234710e+06   2.6489258e+01
   5.0243630e+06   3.2653809e+01
   5.0247380e+06   2.7343750e+01
   5.0266640e+06   2.9235840e+01
   5.0267860e+06   2.7709961e+01
   5.0269240e+06   2.9907227e+01
   5.0272790e+06   2.8930664e+01
   5.0291870e+06   2.7038574e+01
   5.0294110e+06   2.7709961e+01
   5.0319770e+06   2.9235840e+01
   5.0328000e+06   2.7099609e+01
   5.0328890e+06   3.0517578e+01
   5.0332760e+06   2.6184082e+01
   5.0336050e+06   2.6794434e+01
   5.0345230e+06   3.5217285e+01
   5.0346460e+06   2.6489258e+01
   5.0361910e+06   3.0212402e+01
   5.0386130e+06   2.8503418e+01
   5.0389460e+06   2.9235840e+01
   5.0412660e+06   2.9724121e+01
   5.0421060e+06   3.0944824e+01
   5.0421550e+06   3.1616211e+01
   5.0422380e+06   3.0273438e+01
   5.0428290e+06   3.0517578e+01
   5.0429490e+06   2.7282715e+01
   5.0430830e+06   2.7221680e+01
   5.0440730e+06   2.9174805e+01
   5.0470740e+06   2.6611328e+01
   5.0477840e+06   2.7099609e+01
   5.0483180e+06   2.6245117e+01
   5.0493630e+06   2.9968262e+01
   5.0495940e+06   2.8137207e+01
   5.0517380e+06   2.6245117e+01
   5.0518470e+06   2.6489258e+01
   5.0529770e+06   2.6245117e+01
   5.0532460e+06   2.7465820e+01
   5.0541740e+06   3.4301758e+01
   5.0544250e+06   2.8076172e+01
   5.0546250e+06   2.7160645e+01
   5.0546890e+06   3.1372070e+01
   5.0553420e+06   2.8137207e+01
   5.0554680e+06   2.6550293e+01
   5.0578130e+06   2.6855469e+01
   5.0599090e+06   2.9663086e+01
   5.0612420e+06   2.9418945e+01
   5.0629870e+06   2.6733398e+01
   5.0638700e+06   2.7893066e+01
   5.0641360e+06   2.7282715e+01
   5.0643330e+06   2.8930664e+01
   5.0647100e+06   2.8808594e+01
   5.0648350e+06   3.0395508e+01
   5.0678400e+06   2.6245117e+01
   5.0701790e+06   2.8198242e+01
   5.0704450e+06   2.9174805e+01
   5.0716100e+06   3.1799316e+01
   5.0718470e+06   2.6245117e+01
   5.0720180e+06   2.6184082e+01
   5.0732870e+06   2.9479980e+01
   5.0784200e+06   2.6855469e+01
   5.0784630e+06   2.8320312e+01
   5.0785070e+06   3.5400391e+01
   5.0786670e+06   3.2653809e+01
   5.0789160e+06   2.7893066e+01
   5.0794500e+06   2.8198242e+01
   5.0796070e+06   3.2104492e+01
   5.0796640e+06   2.7648926e+01
   5.0796790e+06   2.7221680e+01
   5.0800980e+06   3.2409668e+01
   5.0803000e+06   2.6184082e+01
   5.0804630e+06   3.0212402e+01
   5.0832230e+06   3.3630371e+01
   5.0840930e+06   3.1982422e+01
   5.0853690e+06   2.7160645e+01
   5.0855650e+06   2.7954102e+01
   5.0857030e+06   3.0944824e+01
   5.0858980e+06   2.6916504e+01
   5.0905860e+06   2.6733398e+01
   5.0906780e+06   3.1555176e+01
   5.0910710e+06   2.9235840e+01
   5.0912300e+06   3.2714844e+01
   5.0919390e+06   2.8381348e+01
   5.0922400e+06   2.6733398e+01
   5.0937200e+06   2.6306152e+01
   5.0952100e+06   2.8381348e+01
   5.1201110e+06   2.6794434e+01
   5.1213830e+06   3.0944824e+01
   5.1221880e+06   2.7099609e+01
   5.1224490e+06   3.2226562e+01
   5.2212630e+06   2.7343750e+01
   5.2761150e+06   2.6855469e+01
   5.3115790e+06   3.0761719e+01
   5.3460190e+06   2.6306152e+01
   5.3464820e+06   2.7648926e+01
   5.3486620e+06   3.6621094e+01
   5.3487760e+06   3.3081055e+01
   5.3487910e+06   2.7160645e+01
   5.3986600e+06   2.8320312e+01
   5.4354760e+06   2.6428223e+01
   5.4416000e+06   2.8320312e+01
   5.4883230e+06   2.8625488e+01
   5.6054750e+06   2.6733398e+01
   5.6484060e+06   2.6428223e+01
   5.6486050e+06   2.6550293e+01
   5.6710470e+06   2.9174805e+01
   5.6867090e+06   3.2531738e+01
   5.6867830e+06   3.7414551e+01
   5.6868170e+06   2.9357910e+01
   5.6869650e+06   2.6489258e+01
   5.6898170e+06   3.2165527e+01
   5.7338030e+06   3.0090332e+01
   5.7351890e+06   2.6855469e+01
   5.7354550e+06   2.8015137e+01
   5.7354810e+06   3.4423828e+01
   5.7355360e+06   4.6508789e+01
   5.7356130e+06   2.7282715e+01
   5.7356270e+06   2.8564453e+01
   5.7356510e+06   2.7099609e+01
   5.7357010e+06   3.2043457e+01
   5.7357480e+06   2.8198242e+01
   5.7358010e+06   3.6254883e+01
   5.7359040e+06   3.3386230e+01
   5.7359170e+06   2.7832031e+01
   5.7359690e+06   3.0883789e+01
   5.7359900e+06   3.7597656e+01
   5.7361140e+06   3.9184570e+01
   5.7361500e+06   2.8930664e+01
   5.7363710e+06   3.5156250e+01
   5.7365320e+06   2.6245117e+01
   5.7366650e+06   2.9113770e+01
   5.7369000e+06   3.5400391e+01
   5.7371410e+06   3.4240723e+01
   5.7378120e+06   3.2104492e+01
   5.7382800e+06   3.4912109e+01
   5.7385320e+06   2.6550293e+01
   5.7385700e+06   3.4179688e+01
   5.7386330e+06   3.0822754e+01
   5.7392060e+06   2.7954102e+01
   5.7404530e+06   2.7160645e+01
   5.7630320e+06   2.7648926e+01
   5.7635330e+06   3.8085938e+01
   5.7882500e+06   3.5766602e+01
   5.7887240e+06   2.6184082e+01
   5.8027220e+06   2.7893066e+01
   5.8781700e+06   2.7587891e+01
   5.8916230e+06   2.7160645e+01
   5.9908990e+06   3.0029297e+01
   5.9910120e+06   2.6184082e+01
   6.0046870e+06   2.6123047e+01
   6.0047560e+06   3.5888672e+01
   6.0047740e+06   2.6733398e+01
   6.0048530e+06   4.4067383e+01
   6.0049570e+06   2.6306152e+01
   6.0049740e+06   2.7893066e+01
   6.0052020e+06   2.7038574e+01
   6.0052230e+06   2.8076172e+01
   6.0052730e+06   3.0395508e+01
   6.0052990e+06   2.6306152e+01
   6.0056880e+06   3.8452148e+01
   6.0284770e+06   2.7343750e+01
   6.0286600e+06   3.0578613e+01
   6.0690140e+06   2.7343750e+01
   6.0690610e+06   2.5817871e+01
   6.1372320e+06   2.6855469e+01
   6.1405070e+06   2.6611328e+01
   6.1405490e+06   3.3203125e+01
   6.1406800e+06   3.3142090e+01
   6.1406970e+06   2.7893066e+01
   6.1407200e+06   3.8818359e+01
   6.1407940e+06   3.1677246e+01
   6.1408300e+06   3.1433105e+01
   6.1409270e+06   2.9174805e+01
   6.1410080e+06   2.6306152e+01
   6.1410480e+06   2.9968262e+01
   6.1411350e+06   3.1127930e+01
   6.1411600e+06   2.6733398e+01
   6.1413280e+06   2.9357910e+01
   6.1454940e+06   2.8381348e+01
   6.1570200e+06   2.6000977e+01
   6.1648820e+06   2.9602051e+01
   6.1650970e+06   3.0090332e+01
   6.1652060e+06   2.5878906e+01
   6.1652330e+06   2.7954102e+01
   6.1652980e+06   3.8879395e+01
   6.1654280e+06   3.6621094e+01
   6.1654920e+06   3.9733887e+01
   6.1657540e+06   3.0212402e+01
   6.1657980e+06   2.7832031e+01
   6.1762040e+06   2.7099609e+01
   6.2382760e+06   3.2226562e+01
   6.2529370e+06   2.7893066e+01
   6.3017050e+06   2.6245117e+01
   6.3017270e+06   2.6794434e+01
   6.3019380e+06   2.9785156e+01
   6.3021610e+06   4.0100098e+01
   6.3024000e+06   2.6794434e+01
   6.3024340e+06   2.6855469e+01
   6.3026450e+06   3.0700684e+01
   6.3029130e+06   2.6367188e+01
   6.3344910e+06   2.6672363e+01
   6.3814470e+06   2.8137207e+01
   6.3894640e+06   2.7587891e+01
   6.4085910e+06   2.8808594e+01
   6.4640090e+06   2.6000977e+01
   6.4851280e+06   3.1738281e+01
   6.4883330e+06   3.2409668e+01
   6.4884940e+06   4.3945312e+01
   6.4885510e+06   3.2043457e+01
   6.4885650e+06   2.7038574e+01
   6.4886310e+06   3.8085938e+01
   6.4886440e+06   3.2531738e+01
   6.4886680e+06   2.6306152e+01
   6.4887660e+06   2.6184082e+01
   6.4887930e+06   3.4484863e+01
   6.4888230e+06   3.5278320e+01
   6.4888560e+06   3.6315918e+01
   6.4888760e+06   3.0822754e+01
   6.4889380e+06   2.6000977e+01
   6.4889720e+06   3.0029297e+01
   6.4890060e+06   3.0212402e+01
   6.4890650e+06   2.6306152e+01
   6.4890920e+06   2.7221680e+01
   6.4891520e+06   2.6000977e+01
   6.4893680e+06   2.7221680e+01
   6.4893950e+06   3.2958984e+01
   6.4894270e+06   2.5817871e+01
   6.4894870e+06   2.6794434e+01
   6.4897670e+06   3.7170410e+01
   6.4899000e+06   3.1188965e+01
   6.4900760e+06   2.9296875e+01
   6.4901000e+06   2.8076172e+01
   6.4904330e+06   2.6062012e+01
   6.4913360e+06   2.7526855e+01
   6.4916050e+06   2.6489258e+01
   6.4923490e+06   2.7282715e+01
   6.4931910e+06   2.8198242e+01
   6.5263480e+06   2.9846191e+01
   6.5596830e+06   3.0334473e+01
   6.6441730e+06   2.7770996e+01
   6.6443090e+06   3.4118652e+01
   6.6444130e+06   2.7099609e+01
   6.6444480e+06   3.0090332e+01
   6.6444720e+06   2.6184082e+01
   6.6445840e+06   2.6672363e+01
   6.6446230e+06   2.6855469e+01
   6.6446340e+06   5.0170898e+01
   6.6446830e+06   2.5939941e+01
   6.6447030e+06   2.8686523e+01
   6.6447850e+06   2.6306152e+01
   6.6449060e+06   2.6794434e+01
   6.6449580e+06   3.8452148e+01
   6.6449860e+06   2.6245117e+01
   6.6450190e+06   2.7954102e+01
   6.6452310e+06   4.3640137e+01
   6.6452530e+06   3.4179688e+01
   6.6452960e+06   3.0273438e+01
   6.6454960e+06   2.9785156e+01
   6.6456530e+06   2.8747559e+01
   6.6458300e+06   2.9418945e+01
   6.6464410e+06   2.9602051e+01
   6.6465280e+06   2.9479980e+01
   6.7005900e+06   2.7526855e+01
   6.7126190e+06   2.5939941e+01
   6.7264720e+06   2.6855469e+01
   6.7413810e+06   2.8991699e+01
   6.7414500e+06   3.0700684e+01
   6.7415350e+06   2.7282715e+01
   6.7415980e+06   2.8320312e+01
   6.7416600e+06   3.7536621e+01
   6.7417310e+06   2.5939941e+01
   6.7418070e+06   2.8686523e+01
   6.7418480e+06   3.1494141e+01
   6.7418740e+06   2.9296875e+01
   6.7419750e+06   3.2531738e+01
   6.7420020e+06   2.9907227e+01
   6.7420800e+06   2.8320312e+01
   6.7421090e+06   3.1738281e+01
   6.7421390e+06   3.9428711e+01
   6.7421600e+06   2.6672363e+01
   6.7421870e+06   2.8320312e+01
   6.7422080e+06   3.7170410e+01
   6.7422390e+06   3.0822754e+01
   6.7424080e+06   2.9968262e+01
   6.7425990e+06   2.6367188e+01
   6.7427510e+06   2.8076172e+01
   6.7428460e+06   2.8564453e+01
   6.7429010e+06   2.7099609e+01
   6.7429670e+06   3.0578613e+01
   6.7430510e+06   2.6000977e+01
   6.7432040e+06   3.2409668e+01
   6.7433150e+06   2.6000977e+01
   6.7433770e+06   2.7221680e+01
   6.7434370e+06   3.6743164e+01
   6.7439930e+06   2.8808594e+01
   6.7441630e+06   2.8015137e+01
   6.7443960e+06   3.9611816e+01
   6.7446480e+06   2.6428223e+01
   6.7448420e+06   2.7160645e+01
   6.7450100e+06   2.6916504e+01
   6.7456070e+06   2.8991699e+01
   6.7458240e+06   2.5817871e+01
   6.7464220e+06   2.6000977e+01
   6.7465100e+06   2.6550293e+01
   6.7471490e+06   3.1250000e+01
   6.7513320e+06   2.7465820e+01
   6.7513920e+06   2.6550293e+01
   6.7515910e+06   2.9418945e+01
   6.7517270e+06   2.9663086e+01
   6.7576640e+06   2.8625488e+01
   6.7609200e+06   2.9541016e+01
   6.7692390e+06   3.0212402e+01
   6.7693090e+06   2.7282715e+01
   6.7695550e+06   2.6672363e+01
   6.7697030e+06   2.6855469e+01
   6.7771520e+06   3.5156250e+01
   6.7772830e+06   3.1555176e+01
   6.7777340e+06   2.8320312e+01
   6.7781460e+06   3.6560059e+01
   6.7832700e+06   3.4729004e+01
   6.7834060e+06   2.6672363e+01
   6.7841830e+06   2.9541016e+01
   6.7915780e+06   2.6672363e+01
   6.7918090e+06   2.6245117e+01
   6.7919810e+06   2.5939941e+01
   6.7961910e+06   3.2958984e+01
   6.8028020e+06   2.8259277e+01
   6.8252140e+06   2.8991699e+01
   6.8436390e+06   2.6977539e+01
   6.8570510e+06   2.6123047e+01
   6.8862080e+06   2.5939941e+01
   6.8979280e+06   2.6184082e+01
   6.8988570e+06   2.7404785e+01
   6.9090090e+06   2.6733398e+01
   7.0081870e+06   2.9235840e+01
   7.0421460e+06   2.6733398e+01
   7.0509900e+06   3.2165527e+01
   7.1211760e+06   2.7221680e+01
   7.1635610e+06   2.6000977e+01
   7.1973980e+06   3.1188965e+01
   7.2101680e+06   2.8991699e+01
   7.2239890e+06   2.6977539e+01
   7.2323260e+06   2.7709961e+01
   7.2549070e+06   2.7465820e+01
   7.3113220e+06   2.8320312e+01
   7.3221350e+06   2.5939941e+01
   7.3309110e+06   2.6611328e+01
   7.3670030e+06   2.8137207e+01
   7.3670490e+06   2.7526855e+01
   7.3671200e+06   2.6916504e+01
   7.3676970e+06   2.6000977e+01
   7.3681430e+06   4.0954590e+01
   7.3682150e+06   2.6184082e+01
   7.3722420e+06   2.8381348e+01
   7.3723030e+06   2.6611328e+01
   7.3723680e+06   2.6611328e+01
   7.3723940e+06   2.6000977e+01
   7.3724910e+06   2.8564453e+01
   7.3725380e+06   2.9479980e+01
   7.3726090e+06   2.8076172e+01
   7.3727170e+06   2.6000977e+01
   7.3732000e+06   3.1372070e+01
   7.3776190e+06   2.6428223e+01
   7.3841710e+06   2.5817871e+01
   7.3842130e+06   2.5939941e+01
   7.3844110e+06   2.9785156e+01
   7.3847200e+06   2.6245117e+01
   7.3857230e+06   3.0395508e+01
   7.3925670e+06   3.1860352e+01
   7.4024020e+06   2.6245117e+01
   7.4143700e+06   2.6000977e+01
   7.4145520e+06   3.9611816e+01
   7.4145640e+06   3.0273438e+01
   7.4169000e+06   2.8381348e+01
   7.4180730e+06   2.6733398e+01
   7.4181080e+06   3.7963867e+01
   7.4182720e+06   2.7404785e+01
   7.4184730e+06   2.7526855e+01
   7.4223010e+06   3.1372070e+01
   7.4225040e+06   2.9235840e+01
   7.4334870e+06   2.8503418e+01
   7.4335120e+06   3.0151367e+01
   7.4336760e+06   2.9968262e+01
   7.4337880e+06   3.3508301e+01
   7.4339450e+06   2.8320312e+01
   7.4664400e+06   2.6245117e+01
   7.4753900e+06   2.6000977e+01
   7.4834240e+06   2.6062012e+01
   7.5149630e+06   2.5939941e+01
   7.5194470e+06   2.6794434e+01
   7.5211200e+06   3.9062500e+01
   7.5264340e+06   2.8930664e+01
   7.5322950e+06   3.3996582e+01
   7.5348860e+06   2.5817871e+01
   7.5377860e+06   3.4057617e+01
   7.5483370e+06   3.2104492e+01
   7.5548380e+06   2.6123047e+01
   7.5640220e+06   2.7099609e+01
   7.5651850e+06   2.9296875e+01
   7.5674760e+06   3.4301758e+01
   7.5724720e+06   2.9907227e+01
   7.5758380e+06   2.8686523e+01
   7.5794390e+06   2.7893066e+01
   7.6066150e+06   4.0100098e+01
   7.6084640e+06   3.6071777e+01
   7.6199650e+06   2.7160645e+01
   7.6246100e+06   2.7099609e+01
   7.6388260e+06   2.6672363e+01
   7.6936470e+06   2.5817871e+01
   7.7032280e+06   2.6184082e+01
   7.7046760e+06   2.8869629e+01
   7.7047470e+06   2.7160645e+01
   7.7047670e+06   4.3334961e+01
   7.7048300e+06   2.7099609e+01
   7.7048710e+06   3.0090332e+01
   7.7054440e+06   3.0761719e+01
   7.7057850e+06   2.8442383e+01
   7.7588870e+06   3.0639648e+01
   7.7918620e+06   2.5817871e+01
   7.7942670e+06   2.8625488e+01
   7.7943680e+06   2.6000977e+01
   7.7943960e+06   3.5095215e+01
   7.7944510e+06   2.6794434e+01
   7.7944680e+06   3.0273438e+01
   7.7944890e+06   3.7109375e+01
   7.7945230e+06   2.7648926e+01
   7.7946170e+06   2.7587891e+01
   7.7947190e+06   3.1372070e+01
   7.7947400e+06   4.0954590e+01
   7.7948420e+06   3.9428711e+01
   7.7948770e+06   2.6306152e+01
   7.7949190e+06   3.0273438e+01
   7.7949950e+06   2.9968262e+01
   7.7950310e+06   2.8381348e+01
   7.7950870e+06   2.6489258e+01
   7.7951010e+06   2.7465820e+01
   7.7951650e+06   2.8259277e+01
   7.7952040e+06   2.6123047e+01
   7.7952670e+06   2.8808594e+01
   7.7952990e+06   3.9611816e+01
   7.7953860e+06   3.1127930e+01
   7.7954070e+06   3.0517578e+01
   7.7954980e+06   2.9235840e+01
   7.7955340e+06   3.0029297e+01
   7.7955870e+06   3.1433105e+01
   7.7958560e+06   2.6916504e+01
   7.7959530e+06   2.8259277e+01
   7.7962980e+06   2.6733398e+01
   7.7963460e+06   3.2043457e+01
   7.7964230e+06   3.6682129e+01
   7.7968650e+06   3.1188965e+01
   7.7975040e+06   3.1127930e+01
   7.7982330e+06   2.7160645e+01
   7.7982910e+06   3.2531738e+01
   7.7994880e+06   2.9296875e+01
   7.8024590e+06   2.8442383e+01
   7.8049590e+06   2.9968262e+01
   7.8090300e+06   3.3630371e+01
   7.8096800e+06   3.8330078e+01
   7.8097710e+06   2.5817871e+01
   7.8104090e+06   2.6550293e+01
   7.8109170e+06   2.7832031e+01
   7.8112010e+06   2.6672363e+01
   7.8121230e+06   2.8747559e+01
   7.8125000e+06   3.3203125e+01
   7.8127570e+06   3.2836914e+01
   7.8129680e+06   2.8808594e+01
   7.8129990e+06   3.7231445e+01
   7.8136000e+06   2.7099609e+01
   7.8146680e+06   2.6428223e+01
   7.8153710e+06   2.6489258e+01
   7.8189290e+06   2.5878906e+01
   7.8196380e+06   3.1982422e+01
   7.8200170e+06   2.9907227e+01
   7.8204220e+06   2.6611328e+01
   7.8225070e+06   3.1005859e+01
   7.8227410e+06   3.1066895e+01
   7.8231500e+06   2.8747559e+01
   7.8248200e+06   2.9296875e+01
   7.8254470e+06   2.6672363e+01
   7.8260550e+06   3.2653809e+01
   7.8290320e+06   2.9113770e+01
   7.8290570e+06   2.6245117e+01
   7.8291940e+06   3.4606934e+01
   7.8306080e+06   3.4057617e+01
   7.8315450e+06   3.3081055e+01
   7.8318270e+06   3.1494141e+01
   7.8319250e+06   2.8808594e+01
   7.8329410e+06   2.8503418e+01
   7.8335530e+06   2.6489258e+01
   7.8335730e+06   2.9724121e+01
   7.8336210e+06   2.6794434e+01
   7.8340590e+06   2.8686523e+01
   7.8344360e+06   3.0395508e+01
   7.8345490e+06   3.1982422e+01
   7.8346430e+06   3.0822754e+01
   7.8346680e+06   3.0029297e+01
   7.8348810e+06   2.5878906e+01
   7.8353150e+06   3.1860352e+01
   7.8354290e+06   3.4912109e+01
   7.8355290e+06   3.1066895e+01
   7.8356410e+06   2.7526855e+01
   7.8358420e+06   2.7770996e+01
   7.8359590e+06   2.9541016e+01
   7.8367190e+06   2.9296875e+01
   7.8368000e+06   2.7832031e+01
   7.8369770e+06   2.6428223e+01
   7.8369970e+06   2.9296875e+01
   7.8371000e+06   2.6611328e+01
   7.8373680e+06   2.8686523e+01
   7.8373800e+06   2.6306152e+01
   7.8377270e+06   2.6611328e+01
   7.8389220e+06   2.7526855e+01
   7.8396090e+06   2.5878906e+01
   7.8398280e+06   2.5878906e+01
   7.8401070e+06   2.6916504e+01
   7.8406020e+06   2.9724121e+01
   7.8415800e+06   2.7038574e+01
   7.8416680e+06   2.6245117e+01
   7.8427060e+06   2.8930664e+01
   7.8455240e+06   2.8991699e+01
   7.8457240e+06   2.5817871e+01
   7.8462850e+06   2.7343750e+01
   7.8473130e+06   2.8015137e+01
   7.8475090e+06   2.6489258e+01
   7.8492580e+06   3.1860352e+01
   7.8513440e+06   2.6062012e+01
   7.8514510e+06   2.7893066e+01
   7.8541890e+06   2.6428223e+01
   7.8556570e+06   4.0222168e+01
   7.8560850e+06   2.6245117e+01
   7.8568600e+06   3.1127930e+01
   7.8578090e+06   2.6367188e+01
   7.8583140e+06   3.2897949e+01
   7.8586880e+06   2.6855469e+01
   7.8600110e+06   2.6489258e+01
   7.8601400e+06   3.1799316e+01
   7.8607270e+06   2.6245117e+01
   7.8624980e+06   2.6123047e+01
   7.8625830e+06   3.3508301e+01
   7.8637650e+06   2.6794434e+01
   7.8640060e+06   2.5878906e+01
   7.8640710e+06   2.8198242e+01
   7.8641830e+06   2.9113770e+01
   7.8642060e+06   4.5898438e+01
   7.8642660e+06   3.5644531e+01
   7.8644590e+06   4.0588379e+01
   7.8644960e+06   3.5339355e+01
   7.8645810e+06   2.6306152e+01
   7.8648750e+06   2.6000977e+01
   7.8649230e+06   2.6184082e+01
   7.8653440e+06   2.5878906e+01
   7.8660760e+06   2.6184082e+01
   7.8690740e+06   2.7832031e+01
   7.8706450e+06   2.6977539e+01
   7.8708420e+06   2.9907227e+01
   7.8713850e+06   3.0029297e+01
   7.8725560e+06   2.8686523e+01
   7.8734550e+06   2.8564453e+01
   7.8744600e+06   2.7099609e+01
   7.8746080e+06   2.9785156e+01
   7.8759680e+06   2.5817871e+01
   7.8767930e+06   2.7160645e+01
   7.8777960e+06   3.0395508e+01
   7.8784810e+06   2.7221680e+01
   7.8799450e+06   2.6733398e+01
   7.8830240e+06   3.0761719e+01
   7.8830590e+06   3.0639648e+01
   7.8830780e+06   2.7160645e+01
   7.8831610e+06   2.7770996e+01
   7.8832360e+06   3.2470703e+01
   7.8832660e+06   2.6794434e+01
   7.8834030e+06   2.9785156e+01
   7.8835300e+06   2.7526855e+01
   7.8835560e+06   2.7893066e+01
   7.8836630e+06   2.6367188e+01
   7.8836760e+06   2.8991699e+01
   7.8839870e+06   2.8259277e+01
   7.8840480e+06   3.0944824e+01
   7.8841170e+06   3.3752441e+01
   7.8841570e+06   2.6611328e+01
   7.8842710e+06   2.6794434e+01
   7.8844640e+06   5.4687500e+01
   7.8847840e+06   2.7770996e+01
   7.8853360e+06   2.6550293e+01
   7.8854110e+06   3.1433105e+01
   7.8860090e+06   2.7648926e+01
   7.8865830e+06   2.5939941e+01
   7.8875890e+06   2.7587891e+01
   7.8881070e+06   2.6672363e+01
   7.8899750e+06   2.9663086e+01
   7.8901170e+06   2.6062012e+01
   7.8910950e+06   2.8625488e+01
   7.8912420e+06   2.8259277e+01
   7.9009240e+06   3.3386230e+01
   7.9010450e+06   2.6367188e+01
   7.9012130e+06   2.9479980e+01
   7.9013320e+06   3.6010742e+01
   7.9014150e+06   2.7221680e+01
   7.9014780e+06   2.6367188e+01
   7.9016090e+06   3.2104492e+01
   7.9017900e+06   3.2043457e+01
   7.9021150e+06   2.6611328e+01
   7.9022460e+06   2.6855469e+01
   7.9031530e+06   3.4851074e+01
   7.9033150e+06   3.1677246e+01
   7.9040960e+06   2.7465820e+01
   7.9041330e+06   2.9479980e+01
   7.9048170e+06   2.7038574e+01
   7.9157220e+06   2.5939941e+01
   7.9158290e+06   2.9418945e+01
   7.9160010e+06   3.4912109e+01
   7.9160490e+06   2.9052734e+01
   7.9167020e+06   3.5034180e+01
   7.9170120e+06   2.6245117e+01
   7.9170580e+06   2.6184082e+01
   7.9170740e+06   2.6489258e+01
   7.9171610e+06   2.6489258e+01
   7.9175380e+06   2.6733398e+01
   7.9178710e+06   2.7160645e+01
   7.9195800e+06   3.0761719e+01
   7.9196100e+06   2.8991699e+01
   7.9199280e+06   2.6550293e+01
   7.9203250e+06   2.9052734e+01
   7.9204180e+06   2.6672363e+01
   7.9208880e+06   2.7648926e+01
   7.9212110e+06   2.7526855e+01
   7.9218500e+06   3.0334473e+01
   7.9321250e+06   2.8503418e+01
   7.9321860e+06   2.6611328e+01
   7.9325240e+06   3.2104492e+01
   7.9327400e+06   2.6428223e+01
   7.9331260e+06   3.8146973e+01
   7.9333120e+06   2.8686523e+01
   7.9348760e+06   2.9235840e+01
   7.9349490e+06   2.8625488e+01
   7.9509040e+06   3.7719727e+01
   7.9510330e+06   3.6010742e+01
   7.9512920e+06   2.8198242e+01
   7.9515260e+06   3.4240723e+01
   7.9518520e+06   2.6367188e+01
   7.9530850e+06   2.6672363e+01
   7.9673490e+06   2.7648926e+01
   7.9675460e+06   3.2897949e+01
   7.9678000e+06   3.1311035e+01
   7.9678310e+06   2.6611328e+01
   7.9680120e+06   3.0029297e+01
   7.9680630e+06   4.1259766e+01
   7.9684660e+06   2.8686523e+01
   7.9684840e+06   2.6000977e+01
   7.9687530e+06   2.6428223e+01
   7.9688550e+06   2.8503418e+01
   7.9688960e+06   2.7832031e+01
   7.9692290e+06   2.7221680e+01
   7.9693890e+06   2.9174805e+01
   7.9708320e+06   2.6062012e+01
   7.9721940e+06   3.1433105e+01
   7.9812850e+06   3.8635254e+01
   7.9818590e+06   2.7343750e+01
   8.0244470e+06   2.9235840e+01
   8.0511340e+06   2.6306152e+01
   8.1590020e+06   2.6916504e+01
   8.2050720e+06   2.8564453e+01
   8.2187170e+06   2.6672363e+01
   8.2256540e+06   2.8259277e+01
   8.2703000e+06   3.0334473e+01
   8.3144850e+06   2.5817871e+01
   8.3289480e+06   2.6733398e+01
   8.3390620e+06   2.5817871e+01
   8.3450760e+06   3.1066895e+01
   8.3575900e+06   2.5939941e+01
   8.3783190e+06   3.0517578e+01
   8.3949310e+06   2.6367188e+01
   8.4747920e+06   2.6794434e+01
   8.4852410e+06   2.7099609e+01
   8.4887380e+06   2.6977539e+01
   8.5181120e+06   2.6245117e+01
   8.5365800e+06   2.6062012e+01
   8.5560070e+06   2.8320312e+01
   8.5561010e+06   3.2714844e+01
   8.5562330e+06   2.6855469e+01
   8.5562510e+06   3.2043457e+01
   8.5562660e+06   3.4301758e+01
   8.5562910e+06   2.7770996e+01
   8.5563040e+06   3.8574219e+01
   8.5563670e+06   2.6489258e+01
   8.5563820e+06   2.6245117e+01
   8.5564060e+06   3.7902832e+01
   8.5564240e+06   2.8930664e+01
   8.5565080e+06   3.4545898e+01
   8.5565930e+06   4.4006348e+01
   8.5566120e+06   3.3203125e+01
   8.5566950e+06   2.8076172e+01
   8.5568380e+06   3.3691406e+01
   8.5569550e+06   2.9235840e+01
   8.5569900e+06   2.7526855e+01
   8.5570710e+06   2.9235840e+01
   8.5572600e+06   3.0212402e+01
   8.5573980e+06   2.8137207e+01
   8.5575210e+06   2.8869629e+01
   8.5576590e+06   2.7648926e+01
   8.5577130e+06   2.7526855e+01
   8.5584240e+06   2.9235840e+01
   8.5586450e+06   2.7404785e+01
   8.5587680e+06   2.5878906e+01
   8.5589830e+06   2.9052734e+01
   8.5590980e+06   3.2714844e+01
   8.5592020e+06   2.7099609e+01
   8.5599700e+06   2.6000977e+01
   8.5626870e+06   2.8808594e+01
   8.5628830e+06   2.5939941e+01
   8.5634580e+06   2.7099609e+01
   8.5634940e+06   3.2348633e+01
   8.5637550e+06   3.1555176e+01
   8.5652750e+06   2.8564453e+01
   8.5656440e+06   2.6611328e+01
   8.5677080e+06   2.8625488e+01
   8.5677690e+06   2.7832031e+01
   8.5733390e+06   2.6062012e+01
   8.5736360e+06   2.9052734e+01
   8.5739800e+06   3.3691406e+01
   8.5762060e+06   3.3569336e+01
   8.5764390e+06   3.5278320e+01
   8.5766160e+06   3.4606934e+01
   8.5768060e+06   3.3081055e+01
   8.5840160e+06   2.7832031e+01
   8.5846440e+06   2.6428223e+01
   8.5874400e+06   2.6367188e+01
   8.5906060e+06   2.6977539e+01
   8.6052050e+06   3.3691406e+01
   8.6119710e+06   2.5878906e+01
   8.6583750e+06   2.7526855e+01
   8.6585590e+06   2.5817871e+01
   8.6649620e+06   2.6245117e+01
   8.6963620e+06   2.9907227e+01
   8.6966050e+06   3.2531738e+01
   8.6996960e+06   2.8259277e+01
   8.7969880e+06   3.0517578e+01
   8.8559560e+06   2.5878906e+01
   8.8947870e+06   2.6428223e+01
   8.8948740e+06   4.2724609e+01
   8.8949510e+06   3.1372070e+01
   8.8950710e+06   2.6855469e+01
   8.8951100e+06   2.7038574e+01
   8.8951440e+06   2.7038574e+01
   8.8951610e+06   3.3874512e+01
   8.8952130e+06   3.2531738e+01
   8.8953510e+06   2.9846191e+01
   8.8954540e+06   3.7658691e+01
   8.8954940e+06   4.4433594e+01
   8.8955650e+06   3.3813477e+01
   8.8957300e+06   3.5705566e+01
   8.8958160e+06   3.1433105e+01
   8.8959190e+06   2.6245117e+01
   8.8961550e+06   2.5939941e+01
   8.8961860e+06   2.8320312e+01
   8.8963410e+06   3.6315918e+01
   8.8964240e+06   2.6184082e+01
   8.8964720e+06   2.8686523e+01
   8.8966120e+06   3.2653809e+01
   8.8973600e+06   2.7038574e+01
   8.8974010e+06   3.2165527e+01
   8.8983080e+06   3.0639648e+01
   8.8985220e+06   2.9479980e+01
   8.8987930e+06   3.0212402e+01
   8.9030030e+06   2.7343750e+01
   8.9062340e+06   2.8137207e+01
   8.9204000e+06   2.5817871e+01
   8.9204980e+06   3.3081055e+01
   8.9208270e+06   3.2470703e+01
   8.9214780e+06   2.8747559e+01
   8.9332800e+06   2.7282715e+01
   8.9363920e+06   2.5817871e+01
   8.9506580e+06   2.5878906e+01
   8.9875130e+06   2.8259277e+01
   8.9943110e+06   2.8076172e+01
   9.0072930e+06   2.6367188e+01
   9.0073630e+06   3.1860352e+01
   9.0073830e+06   2.6611328e+01
   9.0074490e+06   3.3996582e+01
   9.0074870e+06   3.0090332e+01
   9.0075400e+06   2.9907227e+01
   9.0077320e+06   2.9907227e+01
   9.0080160e+06   3.0517578e+01
   9.0093750e+06   2.8503418e+01
   9.0094080e+06   3.8696289e+01
   9.0100540e+06   3.5278320e+01
   9.0143710e+06   2.9418945e+01
   9.0225710e+06   2.7343750e+01
   9.0936820e+06   2.6184082e+01
   9.0939120e+06   2.8808594e+01
   9.1675550e+06   2.8503418e+01
   9.1719990e+06   2.7587891e+01
   9.1780870e+06   2.8076172e+01
   9.1895440e+06   2.8625488e+01
   9.2089240e+06   2.8869629e+01
   9.2166500e+06   2.6550293e+01
   9.2409930e+06   2.8015137e+01
   9.2755760e+06   2.6977539e+01
   9.2816440e+06   2.9174805e+01
   9.3179150e+06   2.8137207e+01
   9.3234150e+06   2.8320312e+01
   9.3237040e+06   2.6977539e+01
   9.3621960e+06   2.8320312e+01
   9.3917400e+06   2.8930664e+01
   9.3987460e+06   2.7221680e+01
   9.4009460e+06   2.7648926e+01
   9.4010750e+06   2.7832031e+01
   9.4613010e+06   2.7404785e+01
   9.4764410e+06   2.9296875e+01
   9.4764520e+06   2.7343750e+01
   9.4764730e+06   3.8330078e+01
   9.4765080e+06   2.6672363e+01
   9.4765570e+06   2.8442383e+01
   9.4765790e+06   2.9357910e+01
   9.4766130e+06   3.3142090e+01
   9.4766490e+06   2.6428223e+01
   9.4767690e+06   2.6733398e+01
   9.4768020e+06   2.9907227e+01
   9.4768260e+06   2.6977539e+01
   9.4768890e+06   2.9846191e+01
   9.4769180e+06   3.4606934e+01
   9.4770270e+06   4.1748047e+01
   9.4770930e+06   2.6977539e+01
   9.4771360e+06   2.6977539e+01
   9.4773460e+06   3.1677246e+01
   9.4778400e+06   2.8503418e+01
   9.4783600e+06   3.3142090e+01
   9.4793850e+06   3.1494141e+01
   9.4805760e+06   2.7343750e+01
   9.4838310e+06   2.8320312e+01
   9.4839710e+06   2.8076172e+01
   9.4848650e+06   2.6611328e+01
   9.4849560e+06   2.9174805e+01
   9.4857680e+06   2.8137207e+01
   9.4872620e+06   2.8198242e+01
   9.4894860e+06   2.7221680e+01
   9.4907070e+06   3.1188965e+01
   9.4909390e+06   2.8076172e+01
   9.4935350e+06   3.1311035e+01
   9.4947620e+06   3.2470703e+01
   9.4962160e+06   2.7221680e+01
   9.4974420e+06   3.0395508e+01
   9.4984060e+06   2.8442383e+01
   9.4990160e+06   2.6611328e+01
   9.5006570e+06   2.8564453e+01
   9.5012130e+06   2.7221680e+01
   9.5017790e+06   2.9663086e+01
   9.5064600e+06   2.6550293e+01
   9.5086970e+06   2.7587891e+01
   9.5087830e+06   3.1921387e+01
   9.5089680e+06   3.1188965e+01
   9.5302050e+06   2.8564453e+01
   9.5410370e+06   2.7404785e+01
   9.5488980e+06   2.6733398e+01
   9.6037970e+06   3.0151367e+01
   9.6072730e+06   2.6123047e+01
   9.6799950e+06   2.6184082e+01
   9.6847350e+06   2.8686523e+01
   9.6880360e+06   2.8076172e+01
   9.7078870e+06   2.8991699e+01
   9.7190120e+06   2.7893066e+01
   9.7633830e+06   2.8320312e+01
   9.7864290e+06   2.7526855e+01
   9.8224080e+06   2.9907227e+01
   9.8446320e+06   2.9479980e+01
   9.8620870e+06   2.8564453e+01
   9.8858550e+06   2.7587891e+01
   9.9066210e+06   2.6123047e+01
   9.9111900e+06   2.7709961e+01
   9.9113760e+06   2.7587891e+01
   9.9831090e+06   3.9916992e+01
   9.9905880e+06   3.6743164e+01
   1.0008297e+07   2.6184082e+01
   1.0013464e+07   2.8381348e+01
   1.0025493e+07   2.6855469e+01
   1.0067288e+07   2.8076172e+01
   1.0081576e+07   2.7282715e+01
   1.0081684e+07   3.1433105e+01
   1.0081695e+07   2.6184082e+01
   1.0081742e+07   2.7954102e+01
   1.0081800e+07   2.9418945e+01
   1.0081836e+07   2.6794434e+01
   1.0081854e+07   2.6245117e+01
   1.0081902e+07   3.1311035e+01
   1.0081943e+07   2.9174805e+01
   1.0081996e+07   2.9052734e+01
   1.0082100e+07   2.8686523e+01
   1.0082137e+07   3.2653809e+01
   1.0082168e+07   3.9428711e+01
   1.0082256e+07   2.7526855e+01
   1.0082310e+07   3.1005859e+01
   1.0082354e+07   3.2348633e+01
   1.0082408e+07   3.3874512e+01
   1.0082423e+07   2.7160645e+01
   1.0082470e+07   2.8869629e+01
   1.0082939e+07   3.9794922e+01
   1.0082990e+07   2.6672363e+01
   1.0083044e+07   2.6855469e+01
   1.0083065e+07   2.7526855e+01
   1.0083208e+07   2.7404785e+01
   1.0083942e+07   3.6682129e+01
   1.0084219e+07   3.1372070e+01
   1.0084269e+07   2.6428223e+01
   1.0085477e+07   2.6428223e+01
   1.0088806e+07   2.9479980e+01
   1.0089248e+07   3.0700684e+01
   1.0097365e+07   3.5705566e+01
   1.0102562e+07   3.1921387e+01
   1.0102657e+07   4.2236328e+01
   1.0104001e+07   2.6123047e+01
   1.0105709e+07   2.6855469e+01
   1.0111067e+07   2.7526855e+01
   1.0111312e+07   2.9479980e+01
   1.0112932e+07   3.0883789e+01
   1.0113462e+07   3.3874512e+01
   1.0114173e+07   2.7038574e+01
   1.0114333e+07   3.2836914e+01
   1.0114688e+07   2.8991699e+01
   1.0115523e+07   3.1433105e+01
   1.0115595e+07   2.6855469e+01
   1.0123304e+07   2.6245117e+01
   1.0123614e+07   2.7587891e+01
   1.0123951e+07   3.1188965e+01
   1.0124059e+07   3.4057617e+01
   1.0157707e+07   2.9052734e+01
   1.0195481e+07   2.6916504e+01
   1.0215757e+07   2.6245117e+01
   1.0216745e+07   3.3203125e+01
   1.0220548e+07   3.2531738e+01
   1.0220570e+07   2.6855469e+01
   1.0220672e+07   2.8198242e+01
   1.0220688e+07   3.7536621e+01
   1.0220711e+07   2.7404785e+01
   1.0220731e+07   3.2531738e+01
   1.0220831e+07   3.6010742e+01
   1.0220866e+07   3.2165527e+01
   1.0220892e+07   3.0761719e+01
   1.0220964e+07   4.0527344e+01
   1.0221005e+07   2.9907227e+01
   1.0221024e+07   2.9541016e+01
   1.0221093e+07   3.0517578e+01
   1.0221140e+07   2.6489258e+01
   1.0221203e+07   2.8442383e+01
   1.0221213e+07   3.1127930e+01
   1.0221294e+07   2.6367187e+01
   1.0221433e+07   3.2958984e+01
   1.0221501e+07   3.5644531e+01
   1.0221533e+07   3.3081055e+01
   1.0221576e+07   2.9113770e+01
   1.0221720e+07   3.8146973e+01
   1.0221730e+07   3.0212402e+01
   1.0221899e+07   2.6367188e+01
   1.0221916e+07   4.0588379e+01
   1.0222009e+07   2.6916504e+01
   1.0222086e+07   2.8808594e+01
   1.0222173e+07   2.7160645e+01
   1.0222196e+07   3.9184570e+01
   1.0222293e+07   3.3386230e+01
   1.0222319e+07   2.7099609e+01
   1.0222431e+07   2.8015137e+01
   1.0222544e+07   3.3508301e+01
   1.0222734e+07   2.7465820e+01
   1.0222760e+07   2.6123047e+01
   1.0222871e+07   2.8686523e+01
   1.0223034e+07   3.0578613e+01
   1.0223074e+07   2.8015137e+01
   1.0223182e+07   4.2114258e+01
   1.0223477e+07   3.3874512e+01
   1.0223601e+07   3.1005859e+01
   1.0223957e+07   2.8991699e+01
   1.0224022e+07   3.0395508e+01
   1.0224168e+07   3.2409668e+01
   1.0224276e+07   2.8442383e+01
   1.0224495e+07   2.6977539e+01
   1.0224892e+07   2.6611328e+01
   1.0225042e+07   2.8808594e+01
   1.0225464e+07   2.6977539e+01
   1.0226353e+07   2.6550293e+01
   1.0229821e+07   2.7282715e+01
   1.0235422e+07   2.7221680e+01
   1.0242605e+07   2.7038574e+01
   1.0242795e+07   2.7893066e+01
   1.0242893e+07   2.6916504e+01
   1.0244990e+07   2.8747559e+01
   1.0301443e+07   2.9479980e+01
   1.0333740e+07   2.6245117e+01
   1.0341386e+07   2.7709961e+01
   1.0343002e+07   2.8198242e+01
   1.0343034e+07   2.6672363e+01
   1.0343059e+07   2.6184082e+01
   1.0343079e+07   2.9541016e+01
   1.0343151e+07   3.5339355e+01
   1.0343206e+07   2.6916504e+01
   1.0343223e+07   2.7832031e+01
   1.0343257e+07   2.7832031e+01
   1.0343272e+07   2.7587891e+01
   1.0343377e+07   3.1982422e+01
   1.0343417e+07   3.2226562e+01
   1.0343439e+07   4.2663574e+01
   1.0343524e+07   2.7221680e+01
   1.0343599e+07   2.6123047e+01
   1.0343660e+07   3.6071777e+01
   1.0343833e+07   2.8564453e+01
   1.0343945e+07   2.8320312e+01
   1.0344055e+07   3.6865234e+01
   1.0344101e+07   3.2409668e+01
   1.0344129e+07   2.8076172e+01
   1.0344272e+07   3.2836914e+01
   1.0344311e+07   3.2714844e+01
   1.0344481e+07   2.7099609e+01
   1.0344577e+07   3.0883789e+01
   1.0344625e+07   2.7160645e+01
   1.0344978e+07   3.0456543e+01
   1.0345227e+07   2.6855469e+01
   1.0346089e+07   3.2287598e+01
   1.0346805e+07   2.8808594e+01
   1.0355793e+07   2.8808594e+01
   1.0390425e+07   2.9174805e+01
   1.0400012e+07   2.6672363e+01
   1.0400133e+07   2.7343750e+01
   1.0411851e+07   2.6184082e+01
   1.0420583e+07   2.7465820e+01
   1.0435808e+07   2.7343750e+01
   1.0457961e+07   2.6977539e+01
   1.0475142e+07   2.7099609e+01
   1.0555351e+07   2.9663086e+01
   1.0561204e+07   2.6489258e+01
   1.0574275e+07   2.7465820e+01
   1.0604552e+07   2.6733398e+01
   1.0607683e+07   2.8503418e+01
   1.0621612e+07   3.2897949e+01
   1.0622846e+07   2.9418945e+01
   1.0626867e+07   2.6977539e+01
   1.0651775e+07   2.8198242e+01
   1.0655882e+07   2.8747559e+01
   1.0731721e+07   2.7221680e+01
   1.0746445e+07   2.6977539e+01
   1.0772836e+07   2.7770996e+01
   1.0786760e+07   2.6489258e+01
   1.0883089e+07   2.6306152e+01
   1.0912696e+07   2.6672363e+01
   1.0977361e+07   2.6123047e+01
   1.0979510e+07   2.8198242e+01
   1.0979604e+07   2.9541016e+01
   1.0979773e+07   2.6123047e+01
   1.0979807e+07   2.8381348e+01
   1.0979922e+07   2.6245117e+01
   1.0979980e+07   4.4067383e+01
   1.0979992e+07   3.1555176e+01
   1.0980021e+07   3.2226562e+01
   1.0980063e+07   3.9794922e+01
   1.0980224e+07   3.0578613e+01
   1.0980289e+07   2.7709961e+01
   1.0980390e+07   3.3264160e+01
   1.0980437e+07   3.0395508e+01
   1.0980567e+07   3.3996582e+01
   1.0980763e+07   3.5522461e+01
   1.0980981e+07   3.4545898e+01
   1.0982201e+07   2.6428223e+01
   1.0987775e+07   2.8625488e+01
   1.0988112e+07   2.7404785e+01
   1.0990264e+07   2.7404785e+01
   1.0991785e+07   3.0822754e+01
   1.0991907e+07   2.7221680e+01
   1.0992440e+07   2.6367188e+01
   1.0993475e+07   2.9968262e+01
   1.0993743e+07   3.0944824e+01
   1.0994528e+07   2.6306152e+01
   1.0996338e+07   3.1311035e+01
   1.0996520e+07   2.7221680e+01
   1.0998211e+07   2.9479980e+01
   1.0998430e+07   3.2287598e+01
   1.1010131e+07   2.7465820e+01
   1.1014097e+07   2.7038574e+01
   1.1015572e+07   3.4729004e+01
   1.1020144e+07   2.9052734e+01
   1.1034589e+07   2.6489258e+01
   1.1044925e+07   2.9724121e+01
   1.1047604e+07   2.6794434e+01
   1.1048162e+07   2.6367187e+01
   1.1063051e+07   2.8564453e+01
   1.1063890e+07   3.2592773e+01
   1.1124108e+07   2.6550293e+01
   1.1320727e+07   2.6245117e+01
   1.1333482e+07   2.6184082e+01
   1.1350723e+07   3.3203125e+01
   1.1353003e+07   2.6977539e+01
   1.1398791e+07   2.9113770e+01
   1.1412320e+07   2.6245117e+01
   1.1421787e+07   2.9235840e+01
   1.1423976e+07   3.5827637e+01
   1.1424958e+07   2.6916504e+01
   1.1453705e+07   2.6794434e+01
   1.1498512e+07   2.8320312e+01
   1.1560356e+07   2.6855469e+01
   1.1577467e+07   2.7954102e+01
   1.1594835e+07   2.6794434e+01
   1.1603083e+07   3.1921387e+01
   1.1603150e+07   3.1982422e+01
   1.1603163e+07   4.1748047e+01
   1.1603209e+07   2.7587891e+01
   1.1603233e+07   3.9428711e+01
   1.1603275e+07   2.7038574e+01
   1.1603339e+07   4.2114258e+01
   1.1603358e+07   3.2592773e+01
   1.1603525e+07   2.8259277e+01
   1.1603562e+07   3.2592773e+01
   1.1603732e+07   4.3579102e+01
   1.1603746e+07   2.8686523e+01
   1.1603876e+07   2.9479980e+01
   1.1603906e+07   3.8024902e+01
   1.1603983e+07   3.0944824e+01
   1.1604069e+07   2.8625488e+01
   1.1604190e+07   2.8381348e+01
   1.1604332e+07   4.2541504e+01
   1.1604369e+07   2.7526855e+01
   1.1604577e+07   2.8625488e+01
   1.1604839e+07   2.6977539e+01
   1.1604899e+07   3.0090332e+01
   1.1605363e+07   2.8015137e+01
   1.1605554e+07   2.6794434e+01
   1.1605650e+07   3.1066895e+01
   1.1610685e+07   2.7160645e+01
   1.1614290e+07   2.6550293e+01
   1.1615924e+07   2.8015137e+01
   1.1623072e+07   3.0883789e+01
   1.1624686e+07   2.9174805e+01
   1.1624949e+07   3.2714844e+01
   1.1629757e+07   3.9978027e+01
   1.1629923e+07   2.9724121e+01
   1.1630045e+07   3.0639648e+01
   1.1630066e+07   2.9968262e+01
   1.1630152e+07   2.8564453e+01
   1.1631179e+07   2.7343750e+01
   1.1633829e+07   2.8869629e+01
   1.1634092e+07   3.7048340e+01
   1.1634158e+07   3.3081055e+01
   1.1634358e+07   2.8198242e+01
   1.1635081e+07   2.7709961e+01
   1.1635164e+07   3.6743164e+01
   1.1635765e+07   2.9541016e+01
   1.1635978e+07   2.6916504e+01
   1.1636187e+07   3.2287598e+01
   1.1636307e+07   2.7282715e+01
   1.1636416e+07   3.4179688e+01
   1.1636428e+07   2.7587891e+01
   1.1636459e+07   3.0944824e+01
   1.1636558e+07   3.7780762e+01
   1.1636595e+07   4.3762207e+01
   1.1636660e+07   2.8747559e+01
   1.1637070e+07   2.7404785e+01
   1.1637449e+07   2.8503418e+01
   1.1639925e+07   2.8930664e+01
   1.1641033e+07   2.7770996e+01
   1.1645167e+07   2.9968262e+01
   1.1645919e+07   2.9479980e+01
   1.1648433e+07   2.9052734e+01
   1.1650134e+07   2.9357910e+01
   1.1650220e+07   2.7099609e+01
   1.1651630e+07   2.7954102e+01
   1.1654392e+07   3.2531738e+01
   1.1656600e+07   2.9846191e+01
   1.1656722e+07   3.7902832e+01
   1.1659972e+07   2.9541016e+01
   1.1662359e+07   3.4179688e+01
   1.1665553e+07   2.6184082e+01
   1.1666616e+07   3.1311035e+01
   1.1668473e+07   2.6794434e+01
   1.1668494e+07   2.6489258e+01
   1.1671057e+07   3.1494141e+01
   1.1671158e+07   2.8015137e+01
   1.1671265e+07   2.7221680e+01
   1.1672720e+07   2.6367187e+01
   1.1672774e+07   2.9785156e+01
   1.1681214e+07   2.8808594e+01
   1.1681807e+07   3.4423828e+01
   1.1681940e+07   2.8625488e+01
   1.1682056e+07   2.7099609e+01
   1.1682940e+07   2.6489258e+01
   1.1683033e+07   2.7404785e+01
   1.1683457e+07   2.7221680e+01
   1.1684996e+07   3.3081055e+01
   1.1685266e+07   2.7038574e+01
   1.1685648e+07   3.0578613e+01
   1.1686555e+07   3.1250000e+01
   1.1719943e+07   2.6733398e+01
   1.1819291e+07   2.9541016e+01
   1.1826569e+07   4.3151855e+01
   1.1826720e+07   3.6071777e+01
   1.1826828e+07   2.6977539e+01
   1.1826974e+07   2.6489258e+01
   1.1827162e+07   4.0100098e+01
   1.1827340e+07   3.4729004e+01
   1.1827354e+07   3.2287598e+01
   1.1827414e+07   2.6977539e+01
   1.1827945e+07   3.5034180e+01
   1.1829082e+07   3.9489746e+01
   1.1829579e+07   4.4494629e+01
   1.1864606e+07   3.4606934e+01
   1.1892325e+07   2.6916504e+01
   1.1905630e+07   2.9418945e+01
