   1.1999000e+07   0.0000000e+00
   3.6737800e+05   2.9113770e+01
   4.5022900e+05   2.9174805e+01
   9.6383600e+05   2.8747559e+01
   1.0353510e+06   2.9174805e+01
   1.0354320e+06   3.2958984e+01
   1.0868840e+06   3.1005859e+01
   1.0870360e+06   2.8747559e+01
   1.6918750e+06   3.0090332e+01
   1.9896950e+06   3.0090332e+01
   2.2886620e+06   2.9235840e+01
   2.3911750e+06   3.0395508e+01
   2.5363770e+06   2.9663086e+01
   2.9792520e+06   2.9357910e+01
   3.3815550e+06   3.0212402e+01
   3.4333090e+06   3.0212402e+01
   3.5468290e+06   2.9846191e+01
   3.7825170e+06   3.1188965e+01
   4.1128140e+06   2.9541016e+01
   4.9751270e+06   3.1005859e+01
   5.0310410e+06   3.0700684e+01
   5.3716980e+06   3.0517578e+01
   5.5010940e+06   3.0639648e+01
   5.5356830e+06   2.9968262e+01
   5.6110950e+06   2.9052734e+01
   5.6899400e+06   2.8869629e+01
   5.7380570e+06   2.9418945e+01
   6.1408390e+06   2.9113770e+01
   6.1649740e+06   3.1066895e+01
   6.1651690e+06   3.0517578e+01
   6.1654660e+06   2.9602051e+01
   6.4882400e+06   2.9846191e+01
   6.7307640e+06   3.0944824e+01
   6.9977230e+06   2.8991699e+01
   7.0583370e+06   2.8930664e+01
   7.1122800e+06   3.2043457e+01
   7.1398530e+06   2.9235840e+01
   7.1537110e+06   2.9602051e+01
   7.7952720e+06   3.0639648e+01
   7.7966240e+06   3.1677246e+01
   7.7983230e+06   3.0334473e+01
   7.8200590e+06   2.9785156e+01
   8.0929690e+06   3.0578613e+01
   8.5568260e+06   3.1738281e+01
   8.5769650e+06   2.9602051e+01
   8.7972330e+06   2.9113770e+01
   9.0074170e+06   2.8747559e+01
   9.4152160e+06   2.8747559e+01
   9.6596070e+06   3.1005859e+01
   1.0047410e+07   2.8869629e+01
   1.0081779e+07   2.8991699e+01
   1.0220710e+07   3.0700684e+01
   1.0223345e+07   3.0090332e+01
   1.0343400e+07   2.9296875e+01
   1.0450699e+07   3.1372070e+01
   1.0675040e+07   3.1616211e+01
   1.1603772e+07   2.9663086e+01
   1.1630003e+07   2.9479980e+01
   1.1811031e+07   3.0639648e+01
   1.1904864e+07   3.0517578e+01
