   1.2040000e+07   0.0000000e+00
   1.1399740e+06   4.3029785e+01
   1.3051720e+06   4.2297363e+01
   1.6766180e+06   4.3823242e+01
   2.5544810e+06   4.2053223e+01
   2.5997770e+06   4.2541504e+01
   2.6328220e+06   4.2602539e+01
   5.5070970e+06   1.0150146e+02
   5.5073320e+06   7.5805664e+01
   5.5074870e+06   4.2968750e+01
   5.5076290e+06   4.3701172e+01
   5.5077960e+06   5.0720215e+01
   5.5081120e+06   4.4677734e+01
   6.1692140e+06   4.3457031e+01
   6.2403370e+06   4.2419434e+01
   8.0065940e+06   4.3457031e+01
   8.8701270e+06   4.4433594e+01
