   1.1999000e+07   0.0000000e+00
   3.6417900e+05   2.8869629e+01
   5.6049300e+05   5.7373047e+01
   5.6059700e+05   6.4575195e+01
   5.6068800e+05   5.0842285e+01
   5.6078500e+05   4.4372559e+01
   5.6094200e+05   4.8828125e+01
   5.6102600e+05   4.0771484e+01
   5.6130200e+05   5.6396484e+01
   6.8179200e+05   2.8808594e+01
   1.6673480e+06   3.8696289e+01
   1.6673890e+06   5.5664062e+01
   1.6674000e+06   3.6621094e+01
   1.6675390e+06   3.0517578e+01
   1.6676320e+06   4.0039063e+01
   1.6676760e+06   3.2714844e+01
   1.6677270e+06   4.3762207e+01
   1.6677460e+06   3.0578613e+01
   1.6677730e+06   2.9968262e+01
   1.6678090e+06   4.1015625e+01
   1.6679140e+06   3.9611816e+01
   1.6679880e+06   3.2836914e+01
   1.6681770e+06   4.0283203e+01
   1.6685330e+06   3.0883789e+01
   1.6685510e+06   3.5095215e+01
   1.6686830e+06   5.9814453e+01
   1.6688160e+06   2.9296875e+01
   1.6689690e+06   2.9357910e+01
   1.6694600e+06   3.0761719e+01
   1.6696750e+06   3.0334473e+01
   1.6698400e+06   2.9052734e+01
   1.6701930e+06   4.7485352e+01
   1.6706850e+06   2.8869629e+01
   1.6707320e+06   6.1706543e+01
   1.6725290e+06   3.3325195e+01
   1.6727070e+06   2.8930664e+01
   2.0570300e+06   2.9418945e+01
   2.4870080e+06   3.0273438e+01
   2.8213460e+06   5.4931641e+01
   2.8213920e+06   6.2866211e+01
   2.8214620e+06   5.0109863e+01
   2.8214840e+06   3.1921387e+01
   2.8215100e+06   5.8654785e+01
   2.8215290e+06   2.9357910e+01
   2.8215560e+06   4.5471191e+01
   2.8215660e+06   6.8542480e+01
   2.8216960e+06   4.1748047e+01
   2.8217290e+06   6.3842773e+01
   2.8218300e+06   3.9916992e+01
   2.8218610e+06   5.4931641e+01
   2.8220230e+06   6.5246582e+01
   2.8220460e+06   2.9785156e+01
   2.8220620e+06   3.1860352e+01
   2.8220770e+06   3.6071777e+01
   2.8222670e+06   5.6640625e+01
   2.8222990e+06   2.8930664e+01
   2.8223560e+06   4.6813965e+01
   2.8224760e+06   3.2104492e+01
   2.8225590e+06   2.8869629e+01
   2.8226000e+06   4.4616699e+01
   2.8228230e+06   5.8288574e+01
   2.8228750e+06   3.3996582e+01
   2.8238760e+06   3.1921387e+01
   2.8259300e+06   3.4057617e+01
   3.3976690e+06   6.1035156e+01
   3.4052190e+06   8.6059570e+01
   3.4057610e+06   5.9265137e+01
   3.4058450e+06   6.0546875e+01
   4.0834540e+06   2.8869629e+01
   4.4142260e+06   2.8869629e+01
   4.6337570e+06   3.0151367e+01
   4.8076060e+06   3.2897949e+01
   4.8076360e+06   3.0395508e+01
   4.8076540e+06   5.9143066e+01
   4.8076950e+06   4.1137695e+01
   4.8077120e+06   3.3752441e+01
   4.8077320e+06   3.4912109e+01
   4.8077700e+06   4.7180176e+01
   4.8078010e+06   6.7687988e+01
   4.8078320e+06   7.2448730e+01
   4.8078630e+06   3.3935547e+01
   4.8078880e+06   4.7973633e+01
   4.8079010e+06   4.8522949e+01
   4.8079400e+06   3.2836914e+01
   4.8079600e+06   6.0180664e+01
   4.8080160e+06   3.2165527e+01
   4.8080340e+06   3.7597656e+01
   4.8080680e+06   2.9296875e+01
   4.8081210e+06   6.4636230e+01
   4.8081940e+06   4.1442871e+01
   4.8082710e+06   3.2470703e+01
   4.8083640e+06   3.5278320e+01
   4.8084390e+06   5.2612305e+01
   4.8085300e+06   2.9235840e+01
   4.8089910e+06   3.0456543e+01
   4.8097550e+06   3.4729004e+01
   4.8115630e+06   2.9724121e+01
   4.8142130e+06   6.7932129e+01
   4.8142700e+06   4.1503906e+01
   4.8143460e+06   3.4057617e+01
   4.8144500e+06   4.4677734e+01
   4.8145930e+06   5.1086426e+01
   4.8147090e+06   3.8085937e+01
   4.8148550e+06   3.5522461e+01
   4.8150160e+06   3.4484863e+01
   4.8152430e+06   3.8818359e+01
   4.8153600e+06   4.6447754e+01
   4.8156070e+06   4.1809082e+01
   4.8156960e+06   3.9672852e+01
   4.8158570e+06   3.3081055e+01
   4.8818750e+06   7.5134277e+01
   4.8823020e+06   3.3569336e+01
   4.8825570e+06   7.0922852e+01
   4.8825990e+06   2.9663086e+01
   4.8826540e+06   2.9174805e+01
   4.8827200e+06   5.4382324e+01
   4.8829630e+06   2.9296875e+01
   4.8829920e+06   3.6010742e+01
   4.8830600e+06   6.7077637e+01
   4.8831570e+06   3.2958984e+01
   4.8832080e+06   5.0415039e+01
   4.8832340e+06   3.9733887e+01
   4.8833560e+06   5.2795410e+01
   4.8835440e+06   3.0334473e+01
   4.8838320e+06   3.1433105e+01
   4.8847220e+06   3.1738281e+01
   5.4014190e+06   6.1828613e+01
   5.4014690e+06   5.0109863e+01
   5.4015150e+06   3.5278320e+01
   5.4020000e+06   6.7321777e+01
   5.4020460e+06   4.3945312e+01
   5.4021640e+06   5.2062988e+01
   5.4022340e+06   6.2622070e+01
   5.4022530e+06   3.7048340e+01
   5.4023960e+06   5.2001953e+01
   5.4027120e+06   5.3222656e+01
   5.7504960e+06   5.9997559e+01
   5.8449230e+06   6.4575195e+01
   5.8449700e+06   3.6804199e+01
   5.8449900e+06   5.8349609e+01
   5.8458570e+06   3.4729004e+01
   5.8460450e+06   2.9663086e+01
   5.8494920e+06   2.9357910e+01
   5.8495290e+06   4.8217773e+01
   5.8495780e+06   3.0883789e+01
   5.9650210e+06   6.0485840e+01
   5.9650310e+06   3.7719727e+01
   5.9650410e+06   4.6630859e+01
   5.9652070e+06   2.8991699e+01
   5.9652550e+06   4.4616699e+01
   5.9653400e+06   5.3222656e+01
   5.9653620e+06   6.2011719e+01
   5.9653740e+06   9.0026855e+01
   5.9654120e+06   2.8869629e+01
   5.9655810e+06   5.5786133e+01
   5.9659780e+06   3.2226562e+01
   6.8597760e+06   6.7260742e+01
   7.3208210e+06   7.2509766e+01
   7.3208430e+06   2.9174805e+01
   7.3208590e+06   4.1076660e+01
   7.3209150e+06   2.9968262e+01
   7.3209410e+06   4.9682617e+01
   7.3210020e+06   5.2246094e+01
   7.3210120e+06   5.8349609e+01
   7.3210500e+06   2.9113770e+01
   7.3210770e+06   6.3171387e+01
   7.3210880e+06   5.2062988e+01
   7.3211240e+06   3.2897949e+01
   7.3211430e+06   4.7424316e+01
   7.3212610e+06   3.7963867e+01
   7.3213190e+06   4.3945312e+01
   7.3213480e+06   3.0883789e+01
   7.3214420e+06   4.2846680e+01
   7.3215380e+06   3.0395508e+01
   7.3218550e+06   4.0954590e+01
   7.3221850e+06   3.2897949e+01
   7.3226120e+06   2.8930664e+01
   7.3878740e+06   7.0373535e+01
   7.3879260e+06   4.4250488e+01
   7.3880260e+06   5.1635742e+01
   7.3880780e+06   4.4250488e+01
   7.3881550e+06   4.1015625e+01
   7.3883430e+06   4.5104980e+01
   7.3884270e+06   3.8452148e+01
   7.3885580e+06   6.2316895e+01
   7.3886280e+06   4.9194336e+01
   7.3886490e+06   5.3649902e+01
   7.3886810e+06   4.2175293e+01
   7.3887250e+06   3.5827637e+01
   7.3888920e+06   7.6599121e+01
   7.3889050e+06   3.3020020e+01
   7.3889450e+06   2.9541016e+01
   7.3889620e+06   4.0222168e+01
   7.3889990e+06   4.6752930e+01
   7.3890630e+06   3.3447266e+01
   7.3891040e+06   3.2348633e+01
   7.3891710e+06   6.0607910e+01
   7.3893480e+06   4.5654297e+01
   7.3893660e+06   5.7312012e+01
   7.3895080e+06   2.9296875e+01
   7.3895620e+06   2.9174805e+01
   7.3895880e+06   2.9174805e+01
   7.3897290e+06   3.1433105e+01
   7.3900660e+06   3.5766602e+01
   7.3902920e+06   2.9296875e+01
   7.3913440e+06   3.0273438e+01
   7.4509630e+06   3.0212402e+01
   7.4510310e+06   6.5612793e+01
   7.4510490e+06   2.9235840e+01
   7.4510750e+06   3.4973145e+01
   7.4511180e+06   3.2470703e+01
   7.4511290e+06   6.9519043e+01
   7.4511640e+06   5.7128906e+01
   7.4512070e+06   3.2104492e+01
   7.4512280e+06   3.2165527e+01
   7.4512650e+06   3.2653809e+01
   7.4513260e+06   2.9296875e+01
   7.4513460e+06   3.9245605e+01
   7.4513560e+06   2.9907227e+01
   7.4513870e+06   3.2226562e+01
   7.4514650e+06   3.3935547e+01
   7.4514860e+06   4.6264648e+01
   7.4515730e+06   3.6560059e+01
   7.4517840e+06   4.7424316e+01
   7.4518760e+06   3.1921387e+01
   7.4520510e+06   3.2043457e+01
   7.4528700e+06   3.9489746e+01
   7.9195840e+06   3.0395508e+01
   7.9195940e+06   5.5053711e+01
   7.9196480e+06   5.6579590e+01
   7.9196720e+06   3.6376953e+01
   7.9197080e+06   5.4565430e+01
   7.9197360e+06   7.6354980e+01
   7.9198670e+06   6.1706543e+01
   7.9199050e+06   6.5490723e+01
   7.9200660e+06   6.2927246e+01
   7.9201740e+06   3.9550781e+01
   7.9202870e+06   5.5725098e+01
   7.9203650e+06   5.3771973e+01
   7.9203800e+06   3.9123535e+01
   7.9204160e+06   4.2175293e+01
   7.9204270e+06   5.3283691e+01
   7.9205140e+06   3.1921387e+01
   7.9206560e+06   2.9663086e+01
   8.7420950e+06   7.3913574e+01
   8.7421170e+06   3.0883789e+01
   8.7421460e+06   5.7556152e+01
   8.7421650e+06   6.5185547e+01
   8.7422270e+06   5.5847168e+01
   8.7422950e+06   5.4199219e+01
   8.7423180e+06   3.4912109e+01
   8.7423510e+06   4.6936035e+01
   8.7423640e+06   3.1799316e+01
   8.7424040e+06   8.0200195e+01
   8.7424390e+06   6.1340332e+01
   8.7424780e+06   3.0700684e+01
   8.7424970e+06   5.6579590e+01
   8.7425260e+06   3.0456543e+01
   8.7425610e+06   6.1340332e+01
   8.7425720e+06   5.0170898e+01
   8.7426110e+06   2.8991699e+01
   8.7426310e+06   5.1086426e+01
   8.7426630e+06   4.2297363e+01
   8.7426860e+06   6.2866211e+01
   8.7427050e+06   3.3325195e+01
   8.7428120e+06   2.9296875e+01
   8.7428620e+06   5.3283691e+01
   8.7428870e+06   3.0700684e+01
   8.7429230e+06   3.9611816e+01
   8.7429700e+06   5.2246094e+01
   8.7430420e+06   3.0151367e+01
   8.7431770e+06   3.1555176e+01
   8.7433200e+06   3.1005859e+01
   8.7438450e+06   2.9357910e+01
   9.3470250e+06   6.8603516e+01
   9.3472150e+06   6.8359375e+01
   9.3473050e+06   5.3833008e+01
   9.3474520e+06   5.0109863e+01
   1.0289303e+07   7.0922852e+01
   1.0289349e+07   4.4189453e+01
   1.0289403e+07   3.5278320e+01
   1.0289486e+07   3.7414551e+01
   1.0289532e+07   7.5622559e+01
   1.0289587e+07   5.5908203e+01
   1.0289640e+07   5.7800293e+01
   1.0289704e+07   6.7321777e+01
   1.0289965e+07   4.8339844e+01
   1.0290086e+07   4.1320801e+01
   1.0290117e+07   3.5888672e+01
   1.0290190e+07   4.4250488e+01
   1.0290258e+07   3.6010742e+01
   1.0290322e+07   3.1494141e+01
   1.0290417e+07   4.0344238e+01
   1.0290442e+07   3.6682129e+01
   1.0290483e+07   3.2775879e+01
   1.0290540e+07   4.1870117e+01
   1.0290597e+07   2.9113770e+01
   1.0290653e+07   3.7658691e+01
   1.0290671e+07   3.8513184e+01
   1.0290765e+07   3.2531738e+01
   1.0290877e+07   4.9194336e+01
   1.0290931e+07   3.4851074e+01
   1.0290981e+07   3.4790039e+01
   1.0291574e+07   2.8869629e+01
   1.0291960e+07   3.8635254e+01
   1.0292115e+07   2.9052734e+01
   1.0292220e+07   3.2714844e+01
   1.0293080e+07   2.8686523e+01
   1.0296907e+07   2.9968262e+01
   1.0319779e+07   7.2082520e+01
   1.0319870e+07   7.0861816e+01
   1.0319940e+07   6.4208984e+01
   1.0319987e+07   3.3325195e+01
   1.0320036e+07   3.4545898e+01
   1.0320094e+07   6.6650391e+01
   1.0320150e+07   3.5766602e+01
   1.0320233e+07   2.9418945e+01
   1.0320256e+07   6.2866211e+01
   1.0320296e+07   3.4057617e+01
   1.0320314e+07   3.1372070e+01
   1.0320349e+07   3.7719727e+01
   1.0320453e+07   5.2246094e+01
   1.0320470e+07   3.2226562e+01
   1.0320509e+07   4.3457031e+01
   1.0320520e+07   3.1616211e+01
   1.0320595e+07   3.0395508e+01
   1.0320646e+07   3.5339355e+01
   1.0320667e+07   3.6315918e+01
   1.0320687e+07   7.2021484e+01
   1.0321049e+07   3.0151367e+01
   1.0321509e+07   3.6071777e+01
   1.0405820e+07   2.8564453e+01
   1.0406215e+07   6.1889648e+01
   1.0406275e+07   5.4321289e+01
   1.0406453e+07   6.3293457e+01
   1.0406478e+07   5.8471680e+01
   1.0406490e+07   3.1677246e+01
   1.0406550e+07   3.7231445e+01
   1.0406651e+07   3.1921387e+01
   1.0406718e+07   5.0964355e+01
   1.0406876e+07   3.3081055e+01
   1.0406958e+07   5.3527832e+01
   1.0407112e+07   2.9846191e+01
   1.0407426e+07   2.8991699e+01
   1.0699683e+07   3.7536621e+01
   1.0699698e+07   3.5400391e+01
   1.0699708e+07   3.1738281e+01
   1.0699738e+07   2.8686523e+01
   1.0699756e+07   7.8491211e+01
   1.0699784e+07   3.7353516e+01
   1.0699806e+07   4.3212891e+01
   1.0699823e+07   3.5400391e+01
   1.0699846e+07   3.2226562e+01
   1.0699905e+07   6.9946289e+01
   1.0699919e+07   6.3842773e+01
   1.0699929e+07   3.3508301e+01
   1.0699969e+07   4.8583984e+01
   1.0699985e+07   3.3508301e+01
   1.0700013e+07   5.1086426e+01
   1.0700046e+07   6.8542480e+01
   1.0700160e+07   6.1706543e+01
   1.0700250e+07   3.8574219e+01
   1.0700270e+07   3.3142090e+01
   1.0700318e+07   3.0273438e+01
   1.0700333e+07   5.1208496e+01
   1.0700648e+07   2.9479980e+01
   1.0700683e+07   3.1555176e+01
   1.0700935e+07   3.0090332e+01
   1.0703688e+07   6.0729980e+01
   1.0703795e+07   4.5288086e+01
   1.0703902e+07   3.0883789e+01
   1.0704112e+07   4.8767090e+01
   1.0843589e+07   2.9174805e+01
   1.1152347e+07   6.2927246e+01
   1.1154309e+07   5.4443359e+01
   1.1154348e+07   5.1574707e+01
   1.1154397e+07   5.5664062e+01
   1.1154441e+07   4.4738770e+01
   1.1154467e+07   7.6843262e+01
   1.1154519e+07   3.4057617e+01
   1.1154578e+07   3.8696289e+01
   1.1154594e+07   3.4240723e+01
   1.1154622e+07   7.1716309e+01
   1.1154707e+07   4.4372559e+01
   1.1154748e+07   3.1616211e+01
   1.1154824e+07   4.1320801e+01
   1.1154837e+07   6.1401367e+01
   1.1154865e+07   2.9968262e+01
   1.1154912e+07   4.0466309e+01
   1.1154928e+07   2.9785156e+01
   1.1155010e+07   3.6376953e+01
   1.1155044e+07   2.9174805e+01
   1.1155103e+07   4.0588379e+01
   1.1155317e+07   5.0659180e+01
   1.1237239e+07   6.1218262e+01
   1.1237283e+07   4.8217773e+01
   1.1237309e+07   2.8991699e+01
   1.1237320e+07   6.4025879e+01
   1.1237347e+07   3.3325195e+01
   1.1237361e+07   4.5593262e+01
   1.1237395e+07   4.0893555e+01
   1.1237440e+07   5.4443359e+01
   1.1237559e+07   5.6701660e+01
   1.1237607e+07   6.2255859e+01
   1.1237619e+07   2.9846191e+01
   1.1237660e+07   4.5349121e+01
   1.1237681e+07   4.3090820e+01
   1.1237711e+07   4.0588379e+01
   1.1237740e+07   7.2753906e+01
   1.1237798e+07   3.1982422e+01
   1.1237816e+07   6.3842773e+01
   1.1237839e+07   2.8869629e+01
   1.1237861e+07   4.7363281e+01
   1.1237890e+07   6.2805176e+01
   1.1237941e+07   3.0639648e+01
   1.1237968e+07   4.9133301e+01
   1.1238059e+07   2.9846191e+01
   1.1238157e+07   5.1452637e+01
   1.1238212e+07   3.9611816e+01
   1.1238926e+07   2.9663086e+01
   1.1383171e+07   6.2866211e+01
   1.1383224e+07   4.8522949e+01
   1.1383297e+07   5.0415039e+01
   1.1383363e+07   4.1015625e+01
   1.1383478e+07   4.3273926e+01
   1.1383595e+07   4.2297363e+01
   1.1383735e+07   6.0913086e+01
   1.1572593e+07   7.3913574e+01
   1.1572628e+07   4.4677734e+01
   1.1572692e+07   3.7048340e+01
   1.1592889e+07   7.5805664e+01
   1.1592902e+07   4.1320801e+01
   1.1592950e+07   4.7058105e+01
   1.1592978e+07   3.5949707e+01
   1.1592998e+07   3.4729004e+01
   1.1593034e+07   4.2663574e+01
   1.1593050e+07   7.0739746e+01
   1.1593133e+07   5.0476074e+01
   1.1593184e+07   6.4086914e+01
   1.1593202e+07   3.0273438e+01
   1.1593234e+07   5.8227539e+01
   1.1593253e+07   5.3222656e+01
   1.1593340e+07   5.6762695e+01
   1.1593382e+07   2.9357910e+01
   1.1593561e+07   6.0180664e+01
   1.1593602e+07   3.5705566e+01
   1.1593719e+07   5.4016113e+01
   1.1622785e+07   6.7260742e+01
   1.1627054e+07   6.3293457e+01
   1.1627067e+07   3.6682129e+01
   1.1627136e+07   3.5705566e+01
   1.1627160e+07   8.5815430e+01
   1.1627184e+07   4.5654297e+01
   1.1627209e+07   4.6081543e+01
   1.1627293e+07   4.3579102e+01
   1.1627303e+07   3.0517578e+01
   1.1627473e+07   6.3354492e+01
   1.1627504e+07   6.4270020e+01
   1.1627529e+07   3.4667969e+01
   1.1627548e+07   5.7983398e+01
   1.1627591e+07   4.0161133e+01
   1.1627617e+07   5.7922363e+01
   1.1627638e+07   2.8564453e+01
   1.1627678e+07   6.4636230e+01
   1.1627691e+07   3.9001465e+01
   1.1627839e+07   4.9377441e+01
   1.1627884e+07   5.2551270e+01
   1.1628014e+07   3.0700684e+01
   1.1628031e+07   5.5175781e+01
   1.1628387e+07   4.8461914e+01
   1.1808382e+07   5.2795410e+01
   1.1808426e+07   5.5297852e+01
   1.1808471e+07   4.3579102e+01
   1.1808519e+07   5.4748535e+01
   1.1808563e+07   4.5715332e+01
   1.1808610e+07   4.9011230e+01
   1.1808656e+07   4.5410156e+01
   1.1808705e+07   3.6499023e+01
   1.1808748e+07   4.2419434e+01
   1.1808797e+07   2.8991699e+01
   1.1808841e+07   3.1066895e+01
   1.1808887e+07   3.8146973e+01
   1.1808979e+07   4.1748047e+01
   1.1809026e+07   3.8269043e+01
   1.1809073e+07   3.6682129e+01
   1.1809121e+07   3.9489746e+01
   1.1809164e+07   3.7658691e+01
   1.1809210e+07   4.2358398e+01
   1.1809257e+07   5.0598145e+01
   1.1809302e+07   5.1513672e+01
   1.1809352e+07   3.0639648e+01
   1.1809397e+07   4.3395996e+01
   1.1809440e+07   4.6752930e+01
   1.1809490e+07   4.1992188e+01
   1.1809767e+07   4.3945312e+01
   1.1809812e+07   4.5349121e+01
   1.1809860e+07   4.6997070e+01
   1.1809902e+07   4.4372559e+01
   1.1809949e+07   4.4677734e+01
   1.1809998e+07   3.5766602e+01
   1.1810041e+07   4.1931152e+01
   1.1810090e+07   4.2785645e+01
   1.1811520e+07   3.2409668e+01
   1.1811564e+07   3.1555176e+01
   1.1811659e+07   3.0395508e+01
   1.1811706e+07   3.4545898e+01
   1.1811750e+07   4.2602539e+01
   1.1811795e+07   4.5043945e+01
   1.1811840e+07   3.8635254e+01
   1.1811888e+07   4.5166016e+01
   1.1812167e+07   5.8349609e+01
   1.1812214e+07   5.5053711e+01
   1.1812259e+07   4.9621582e+01
   1.1812302e+07   4.8950195e+01
   1.1812348e+07   4.9743652e+01
   1.1812394e+07   4.8278809e+01
   1.1812441e+07   4.6020508e+01
   1.1812490e+07   4.6752930e+01
   1.1948672e+07   7.0068359e+01
   1.1949034e+07   5.0170898e+01
   1.1949131e+07   5.9509277e+01
