   1.1999000e+07   0.0000000e+00
   2.7115900e+05   3.9184570e+01
   6.4450200e+05   3.7292480e+01
   1.2024860e+06   3.7414551e+01
   1.4406630e+06   3.5522461e+01
   3.2716450e+06   3.6315918e+01
   3.9743120e+06   3.5888672e+01
   6.1354530e+06   3.6865234e+01
   6.3774910e+06   3.6071777e+01
   7.8779660e+06   3.6254883e+01
   8.4345390e+06   3.6499023e+01
   1.0486240e+07   3.6743164e+01
   1.0654840e+07   3.7658691e+01
   1.1807099e+07   3.7231445e+01
   1.1808380e+07   4.9560547e+01
   1.1808425e+07   5.8715820e+01
   1.1808475e+07   5.0781250e+01
   1.1808521e+07   5.2978516e+01
   1.1808563e+07   5.0842285e+01
   1.1808609e+07   5.0964355e+01
   1.1808658e+07   4.3701172e+01
   1.1808706e+07   4.0405273e+01
   1.1808748e+07   3.5827637e+01
   1.1808889e+07   3.7719727e+01
   1.1808979e+07   4.6142578e+01
   1.1809026e+07   3.8208008e+01
   1.1809074e+07   3.6132813e+01
   1.1809119e+07   4.0954590e+01
   1.1809163e+07   4.3884277e+01
   1.1809212e+07   4.2907715e+01
   1.1809257e+07   4.5166016e+01
   1.1809303e+07   4.2358398e+01
   1.1809397e+07   4.0649414e+01
   1.1809441e+07   4.8217773e+01
   1.1809487e+07   4.6691895e+01
   1.1809765e+07   3.9062500e+01
   1.1809813e+07   3.8330078e+01
   1.1809856e+07   4.0161133e+01
   1.1809902e+07   4.7485352e+01
   1.1809950e+07   4.5410156e+01
   1.1809994e+07   5.2612305e+01
   1.1810040e+07   4.7546387e+01
   1.1810088e+07   5.3039551e+01
   1.1811382e+07   4.2175293e+01
   1.1811660e+07   4.2297363e+01
   1.1811702e+07   3.6132812e+01
   1.1811750e+07   3.8208008e+01
   1.1811796e+07   4.6264648e+01
   1.1811843e+07   4.8278809e+01
   1.1811890e+07   4.6142578e+01
   1.1812167e+07   5.3161621e+01
   1.1812214e+07   5.6823730e+01
   1.1812259e+07   5.3955078e+01
   1.1812304e+07   6.0363770e+01
   1.1812348e+07   4.4921875e+01
   1.1812394e+07   4.6630859e+01
   1.1812441e+07   5.8410645e+01
   1.1812491e+07   4.5532227e+01
