   1.2000000e+07   0.0000000e+00
   8.0168000e+04   3.9550781e+01
   8.0237000e+04   3.7048340e+01
   8.0275000e+04   5.3833008e+01
   8.0324000e+04   3.6865234e+01
   8.0395000e+04   5.2429199e+01
   8.0461000e+04   4.7546387e+01
   8.0501000e+04   3.5583496e+01
   8.0520000e+04   5.6884766e+01
   8.0543000e+04   5.2734375e+01
   8.0623000e+04   4.5349121e+01
   8.0658000e+04   5.6518555e+01
   8.0721000e+04   6.0180664e+01
   8.0731000e+04   3.9916992e+01
   8.0813000e+04   4.8461914e+01
   8.0854000e+04   3.8208008e+01
   8.0887000e+04   4.6142578e+01
   8.0959000e+04   3.7719727e+01
   8.1018000e+04   3.6193848e+01
   8.1395000e+04   4.0283203e+01
   8.1527000e+04   3.9184570e+01
   8.1556000e+04   3.6071777e+01
   8.1749000e+04   4.0649414e+01
   8.1852000e+04   4.7302246e+01
   8.1947000e+04   3.6071777e+01
   8.2011000e+04   3.8024902e+01
   8.2240000e+04   4.5898438e+01
   1.3258000e+05   3.7475586e+01
   1.3278800e+05   4.2907715e+01
   1.3280700e+05   4.2297363e+01
   1.3288400e+05   4.5532227e+01
   1.3289900e+05   4.3640137e+01
   1.3296800e+05   4.7180176e+01
   1.3299200e+05   3.7475586e+01
   1.3300900e+05   6.0241699e+01
   1.3307900e+05   4.4860840e+01
   1.3311100e+05   7.2692871e+01
   1.3316700e+05   4.7058105e+01
   1.3320300e+05   5.2795410e+01
   1.3326800e+05   4.9926758e+01
   1.3330400e+05   4.7058105e+01
   1.3332600e+05   4.3457031e+01
   1.3338700e+05   4.1137695e+01
   1.3341700e+05   3.8391113e+01
   1.3347700e+05   4.6691895e+01
   1.3350000e+05   3.7963867e+01
   1.3351300e+05   4.1564941e+01
   1.3355100e+05   4.4128418e+01
   1.3357800e+05   3.6376953e+01
   1.3359700e+05   3.8818359e+01
   1.3365000e+05   3.8574219e+01
   1.3368100e+05   4.7790527e+01
   1.3375700e+05   3.9855957e+01
   1.3381200e+05   3.8940430e+01
   1.3391800e+05   3.6376953e+01
   1.3399000e+05   4.3823242e+01
   1.3406700e+05   3.6804199e+01
   1.3429700e+05   4.1198730e+01
   1.3474000e+05   3.7841797e+01
   1.3498300e+05   3.8879395e+01
   1.8371600e+05   4.1198730e+01
   1.8422100e+05   5.1147461e+01
   1.8425700e+05   3.5644531e+01
   1.8429200e+05   5.3649902e+01
   1.8439100e+05   4.4433594e+01
   1.8446400e+05   4.6630859e+01
   1.8449100e+05   4.8889160e+01
   1.8451900e+05   3.6560059e+01
   1.8456800e+05   4.1015625e+01
   1.8461200e+05   4.5959473e+01
   1.8468200e+05   3.8085938e+01
   1.8473000e+05   3.5583496e+01
   1.8478300e+05   4.1198730e+01
   1.8481200e+05   4.3823242e+01
   1.8483100e+05   3.6071777e+01
   1.8485800e+05   4.4982910e+01
   1.8487300e+05   3.6437988e+01
   1.8492900e+05   3.7109375e+01
   1.8500600e+05   5.7067871e+01
   1.8502800e+05   3.6987305e+01
   1.8506700e+05   4.0527344e+01
   1.8512900e+05   4.3823242e+01
   1.8516200e+05   4.7668457e+01
   1.8519400e+05   3.9855957e+01
   1.8526600e+05   3.5461426e+01
   1.8548800e+05   3.5583496e+01
   1.8564900e+05   3.7048340e+01
   1.8572700e+05   3.7597656e+01
   1.8581900e+05   4.1748047e+01
   1.8594700e+05   4.1137695e+01
   1.8614500e+05   4.0466309e+01
   1.8626500e+05   4.1503906e+01
   2.2799100e+05   3.5461426e+01
   2.2805400e+05   3.7475586e+01
   2.2820200e+05   4.4494629e+01
   2.2824400e+05   5.6640625e+01
   2.2828200e+05   4.7973633e+01
   2.2839000e+05   4.6386719e+01
   2.2840400e+05   3.9794922e+01
   2.2844500e+05   5.4687500e+01
   2.2853200e+05   3.7780762e+01
   2.2855200e+05   3.9611816e+01
   2.2858200e+05   4.1198730e+01
   2.2859300e+05   4.0161133e+01
   2.2861900e+05   4.2724609e+01
   2.2868100e+05   3.9428711e+01
   2.2874500e+05   3.7719727e+01
   2.2877200e+05   4.2785645e+01
   2.2879600e+05   4.0588379e+01
   2.2882600e+05   4.4189453e+01
   2.2890200e+05   3.6499023e+01
   2.2907500e+05   4.7424316e+01
   2.2910800e+05   4.0527344e+01
   2.2913600e+05   4.2785645e+01
   2.2915700e+05   3.6499023e+01
   2.2918000e+05   4.0527344e+01
   2.2922300e+05   3.8940430e+01
   2.2924700e+05   3.6865234e+01
   2.2926500e+05   3.7780762e+01
   2.2933000e+05   3.6376953e+01
   2.2938100e+05   4.1259766e+01
   2.2939600e+05   3.6193848e+01
   2.2952800e+05   3.6804199e+01
   2.2964000e+05   3.8391113e+01
   2.2975200e+05   3.5827637e+01
   2.2984500e+05   3.5766602e+01
   2.2987400e+05   3.6560059e+01
   2.3003500e+05   3.7475586e+01
   2.3035000e+05   3.6132812e+01
   2.3042600e+05   3.7780762e+01
   2.7331700e+05   3.8024902e+01
   2.7336100e+05   4.1931152e+01
   2.7346300e+05   3.5583496e+01
   2.7348200e+05   4.8156738e+01
   2.7350200e+05   4.6264648e+01
   2.7351900e+05   3.6743164e+01
   2.7353200e+05   3.6315918e+01
   2.7355700e+05   3.9794922e+01
   2.7358200e+05   3.9489746e+01
   2.7360000e+05   3.7536621e+01
   2.7366300e+05   3.8269043e+01
   2.7368200e+05   4.1931152e+01
   2.7369700e+05   4.0832520e+01
   2.7371500e+05   3.6254883e+01
   2.7374000e+05   3.6682129e+01
   2.7375900e+05   3.9306641e+01
   2.7384300e+05   4.8461914e+01
   2.7386800e+05   3.8696289e+01
   2.7391200e+05   3.8879395e+01
   2.7394000e+05   3.6193848e+01
   2.7398400e+05   4.4189453e+01
   2.7401200e+05   4.7790527e+01
   2.7404000e+05   3.7536621e+01
   2.7410900e+05   3.7658691e+01
   2.7413400e+05   3.7353516e+01
   2.7417500e+05   3.6193848e+01
   2.7419000e+05   3.6865234e+01
   2.7427500e+05   4.4799805e+01
   2.7431700e+05   3.5827637e+01
   2.7435100e+05   3.9184570e+01
   2.7437700e+05   4.0954590e+01
   2.7441500e+05   4.3334961e+01
   2.7446200e+05   5.8166504e+01
   2.7447800e+05   4.3151855e+01
   2.7450700e+05   3.9245605e+01
   2.7456400e+05   4.1259766e+01
   2.7460100e+05   3.6926270e+01
   2.7468400e+05   3.9672852e+01
   2.7475200e+05   3.7475586e+01
   2.7482100e+05   4.2358398e+01
   2.7496300e+05   3.7292480e+01
   2.7505600e+05   3.5705566e+01
   2.7532400e+05   3.9184570e+01
   2.7566700e+05   3.6254883e+01
   2.7586500e+05   4.5532227e+01
   3.3486600e+05   3.5461426e+01
   3.3520000e+05   3.9184570e+01
   3.3531500e+05   4.8645020e+01
   3.3537600e+05   3.6315918e+01
   3.3540500e+05   4.2846680e+01
   3.3547500e+05   3.5461426e+01
   3.3550300e+05   4.9865723e+01
   3.3553500e+05   5.8410645e+01
   3.3561800e+05   4.0100098e+01
   3.3563600e+05   4.5654297e+01
   3.3566900e+05   3.8757324e+01
   3.3574400e+05   6.0119629e+01
   3.3575900e+05   4.2663574e+01
   3.3577900e+05   3.8085938e+01
   3.3582400e+05   3.6376953e+01
   3.3586400e+05   3.7902832e+01
   3.3588500e+05   3.9978027e+01
   3.3593200e+05   5.1757812e+01
   3.3595400e+05   3.9367676e+01
   3.3598000e+05   3.7170410e+01
   3.3599900e+05   3.6560059e+01
   3.3609600e+05   4.7851562e+01
   3.3619300e+05   4.4616699e+01
   3.3623900e+05   4.0832520e+01
   3.3625700e+05   3.8818359e+01
   3.3630800e+05   4.1625977e+01
   3.3642100e+05   4.4067383e+01
   3.3646400e+05   4.6142578e+01
   3.3651000e+05   3.8574219e+01
   3.3659400e+05   3.8085938e+01
   3.3667100e+05   4.2968750e+01
   3.3674300e+05   3.9184570e+01
   3.3696300e+05   3.6254883e+01
   3.3698500e+05   3.8208008e+01
   3.3717400e+05   4.1442871e+01
   3.3734400e+05   4.1442871e+01
   3.3765600e+05   3.6621094e+01
   3.7383600e+05   3.8391113e+01
   3.7387500e+05   3.7597656e+01
   3.7401200e+05   3.8208008e+01
   3.7406400e+05   4.0588379e+01
   3.7420500e+05   4.1076660e+01
   3.7425000e+05   3.8574219e+01
   3.7426200e+05   3.9489746e+01
   3.7428500e+05   3.5888672e+01
   3.7431600e+05   4.5410156e+01
   3.7436700e+05   5.2246094e+01
   3.7439600e+05   4.9987793e+01
   3.7442400e+05   3.6254883e+01
   3.7443900e+05   4.2053223e+01
   3.7451000e+05   6.1096191e+01
   3.7454600e+05   3.7536621e+01
   3.7458800e+05   4.5837402e+01
   3.7461700e+05   4.2419434e+01
   3.7466300e+05   3.9489746e+01
   3.7476900e+05   3.5888672e+01
   3.7484800e+05   4.8522949e+01
   3.7487500e+05   3.9916992e+01
   3.7493400e+05   3.9428711e+01
   3.7503000e+05   3.7109375e+01
   3.7518400e+05   4.8767090e+01
   3.7524300e+05   3.9123535e+01
   3.7527300e+05   3.6437988e+01
   3.7543200e+05   4.6691895e+01
   3.7551400e+05   3.7963867e+01
   3.7561300e+05   3.7719727e+01
   3.7566300e+05   3.7292480e+01
   3.7576300e+05   3.6071777e+01
   3.7597100e+05   3.7353516e+01
   4.1513400e+05   4.0405273e+01
   4.1563300e+05   5.9265137e+01
   4.1565900e+05   4.1992188e+01
   4.1572200e+05   3.7536621e+01
   4.1574300e+05   3.7963867e+01
   4.1584100e+05   3.7780762e+01
   4.1589400e+05   4.0527344e+01
   4.1596900e+05   3.6987305e+01
   4.1599600e+05   3.9855957e+01
   4.1601500e+05   3.8391113e+01
   4.1604900e+05   5.5847168e+01
   4.1606700e+05   3.6682129e+01
   4.1608800e+05   5.3283691e+01
   4.1615000e+05   4.3395996e+01
   4.1616300e+05   4.7058105e+01
   4.1631100e+05   5.1696777e+01
   4.1634000e+05   3.7475586e+01
   4.1635600e+05   4.2785645e+01
   4.1664600e+05   3.9062500e+01
   4.1681200e+05   5.1513672e+01
   4.1703600e+05   3.6132812e+01
   4.1716900e+05   3.5766602e+01
   4.1740400e+05   4.2663574e+01
   4.1757500e+05   3.5522461e+01
   4.1760500e+05   3.6499023e+01
   4.1788100e+05   4.4006348e+01
   4.5813500e+05   3.7475586e+01
   4.5834800e+05   4.3945312e+01
   4.5836900e+05   3.6621094e+01
   4.5851300e+05   3.6437988e+01
   4.5855300e+05   3.8635254e+01
   4.5859100e+05   3.8024902e+01
   4.5861900e+05   3.7353516e+01
   4.5867400e+05   3.7902832e+01
   4.5869500e+05   3.5705566e+01
   4.5872900e+05   4.0771484e+01
   4.5879700e+05   4.9194336e+01
   4.5883400e+05   5.0598145e+01
   4.5885100e+05   4.3457031e+01
   4.5904700e+05   3.6560059e+01
   4.5907200e+05   4.0039062e+01
   4.5917500e+05   4.7180176e+01
   4.5938700e+05   3.6254883e+01
   4.5948700e+05   3.7292480e+01
   4.5950200e+05   3.9184570e+01
   4.5980000e+05   3.8146973e+01
   4.5992600e+05   4.2602539e+01
   4.6000400e+05   4.2602539e+01
   4.6025800e+05   3.9306641e+01
   4.6034900e+05   3.9428711e+01
   4.6049400e+05   3.7109375e+01
   4.6091100e+05   3.5644531e+01
   5.0007300e+05   3.6743164e+01
   5.0014700e+05   3.5644531e+01
   5.0024200e+05   3.7719727e+01
   5.0028000e+05   5.8227539e+01
   5.0034100e+05   7.1960449e+01
   5.0044000e+05   4.1320801e+01
   5.0055900e+05   4.0039062e+01
   5.0058800e+05   6.1889648e+01
   5.0060200e+05   4.9377441e+01
   5.0062300e+05   3.8757324e+01
   5.0065000e+05   4.5654297e+01
   5.0066400e+05   4.3395996e+01
   5.0071900e+05   3.6010742e+01
   5.0082500e+05   3.5949707e+01
   5.0085400e+05   3.9428711e+01
   5.0095500e+05   3.9489746e+01
   5.0102400e+05   4.4067383e+01
   5.0104800e+05   3.8452148e+01
   5.0116000e+05   3.7658691e+01
   5.0141800e+05   4.0161133e+01
   5.0144200e+05   3.6254883e+01
   5.0178600e+05   4.2907715e+01
   5.0180700e+05   3.6010742e+01
   5.0205800e+05   4.2053223e+01
   5.0216400e+05   3.6560059e+01
   5.3957300e+05   3.6132812e+01
   5.3970600e+05   3.7048340e+01
   5.3977500e+05   3.7231445e+01
   5.3988300e+05   4.7302246e+01
   5.3991600e+05   3.8146973e+01
   5.3994600e+05   4.0100098e+01
   5.4001500e+05   3.6743164e+01
   5.4003800e+05   3.9611816e+01
   5.4010200e+05   4.2480469e+01
   5.4013100e+05   4.3334961e+01
   5.4014700e+05   5.6213379e+01
   5.4016800e+05   3.5583496e+01
   5.4027500e+05   3.9245605e+01
   5.4032100e+05   4.3334961e+01
   5.4041700e+05   4.9621582e+01
   5.4045000e+05   5.1940918e+01
   5.4048000e+05   4.8828125e+01
   5.4054000e+05   3.7353516e+01
   5.4061100e+05   3.5766602e+01
   5.4062300e+05   4.0283203e+01
   5.4073500e+05   3.8146973e+01
   5.4082000e+05   3.8269043e+01
   5.4097800e+05   3.8146973e+01
   5.4103200e+05   3.8452148e+01
   5.4106200e+05   3.7048340e+01
   5.4108900e+05   4.1687012e+01
   5.4111500e+05   3.9611816e+01
   5.4130100e+05   3.9611816e+01
   5.4139200e+05   4.1198730e+01
   5.4158100e+05   4.0466309e+01
   5.4169300e+05   4.2907715e+01
   9.3692300e+05   3.5766602e+01
   9.3695200e+05   4.7729492e+01
   9.3702100e+05   4.8095703e+01
   9.3707700e+05   4.1076660e+01
   9.3712500e+05   3.7719727e+01
   9.3721100e+05   4.1015625e+01
   9.3724200e+05   4.2785645e+01
   9.3728500e+05   5.3894043e+01
   9.3730200e+05   5.1330566e+01
   9.3732300e+05   4.0283203e+01
   9.3740200e+05   5.2612305e+01
   9.3742000e+05   3.6682129e+01
   9.3743500e+05   4.6875000e+01
   9.3745100e+05   4.8706055e+01
   9.3747900e+05   3.7414551e+01
   9.3749900e+05   3.6071777e+01
   9.3750900e+05   3.5522461e+01
   9.3754300e+05   4.4921875e+01
   9.3756900e+05   4.4006348e+01
   9.3758200e+05   3.8818359e+01
   9.3761900e+05   5.3588867e+01
   9.3765400e+05   4.2541504e+01
   9.3768900e+05   3.5461426e+01
   9.3770700e+05   5.4931641e+01
   9.3774400e+05   4.4677734e+01
   9.3779900e+05   3.8330078e+01
   9.3787100e+05   3.9062500e+01
   9.3791700e+05   3.6010742e+01
   9.3804400e+05   3.7292480e+01
   9.3809800e+05   3.5888672e+01
   9.3812800e+05   3.8696289e+01
   9.3818500e+05   3.5949707e+01
   9.3824900e+05   4.6447754e+01
   9.3832400e+05   3.6499023e+01
   9.3864100e+05   3.9367676e+01
   9.3873700e+05   3.7048340e+01
   9.3888300e+05   4.4189453e+01
   9.3916700e+05   3.6926270e+01
   9.3917700e+05   3.7048340e+01
   9.3932700e+05   3.8452148e+01
   9.8062400e+05   4.2785645e+01
   9.8070000e+05   3.5644531e+01
   9.8077900e+05   6.1340332e+01
   9.8081800e+05   4.5776367e+01
   9.8083300e+05   4.1320801e+01
   9.8091500e+05   4.6447754e+01
   9.8094100e+05   5.6030273e+01
   9.8098900e+05   4.8950195e+01
   9.8101800e+05   4.5776367e+01
   9.8105700e+05   5.0598145e+01
   9.8107400e+05   4.1015625e+01
   9.8112700e+05   5.2429199e+01
   9.8117200e+05   4.0588379e+01
   9.8122600e+05   3.5827637e+01
   9.8125300e+05   3.7475586e+01
   9.8129300e+05   4.0771484e+01
   9.8135700e+05   5.1879883e+01
   9.8140100e+05   4.1320801e+01
   9.8144300e+05   4.0283203e+01
   9.8148000e+05   3.9550781e+01
   9.8156300e+05   3.7170410e+01
   9.8157500e+05   4.8156738e+01
   9.8163700e+05   3.7658691e+01
   9.8168400e+05   4.3029785e+01
   9.8171900e+05   3.5949707e+01
   9.8173000e+05   3.9001465e+01
   9.8176300e+05   5.6213379e+01
   9.8179300e+05   3.9306641e+01
   9.8194500e+05   3.9733887e+01
   9.8199300e+05   4.0832520e+01
   9.8200600e+05   4.5898438e+01
   9.8213800e+05   3.6560059e+01
   9.8216000e+05   4.1259766e+01
   9.8236800e+05   4.0466309e+01
   9.8245100e+05   4.8034668e+01
   9.8254500e+05   3.8085938e+01
   9.8290600e+05   4.1503906e+01
   1.0131880e+06   4.4006348e+01
   1.0132900e+06   6.2133789e+01
   1.0133160e+06   3.8146973e+01
   1.0134290e+06   4.1748047e+01
   1.0134820e+06   5.0781250e+01
   1.0135060e+06   3.6499023e+01
   1.0135690e+06   3.9245605e+01
   1.0136040e+06   3.5705566e+01
   1.0136370e+06   5.1147461e+01
   1.0136680e+06   4.1809082e+01
   1.0136890e+06   3.6376953e+01
   1.0137040e+06   5.9509277e+01
   1.0137480e+06   4.0649414e+01
   1.0137840e+06   4.0588379e+01
   1.0138210e+06   4.6081543e+01
   1.0138560e+06   4.3823242e+01
   1.0138920e+06   5.7128906e+01
   1.0139460e+06   3.6193848e+01
   1.0140250e+06   4.1259766e+01
   1.0140390e+06   4.5654297e+01
   1.0141310e+06   3.8696289e+01
   1.0141950e+06   3.7841797e+01
   1.0142270e+06   4.3395996e+01
   1.0142800e+06   3.8879395e+01
   1.0143660e+06   3.6010742e+01
   1.0143980e+06   4.1320801e+01
   1.0144140e+06   5.6701660e+01
   1.0145210e+06   4.3029785e+01
   1.0145740e+06   3.9794922e+01
   1.0146610e+06   5.3833008e+01
   1.0148210e+06   3.8757324e+01
   1.0148810e+06   3.6071777e+01
   1.0149540e+06   3.5766602e+01
   1.0151060e+06   3.7170410e+01
   1.0151370e+06   3.6132812e+01
   1.0152660e+06   3.6987305e+01
   1.0500700e+06   4.2541504e+01
   1.0502710e+06   3.9733887e+01
   1.0502910e+06   4.3090820e+01
   1.0504450e+06   3.6499023e+01
   1.0504950e+06   3.6499023e+01
   1.0505050e+06   4.4982910e+01
   1.0505560e+06   3.6560059e+01
   1.0506090e+06   3.6376953e+01
   1.0506690e+06   4.2602539e+01
   1.0507160e+06   4.5410156e+01
   1.0507460e+06   3.7902832e+01
   1.0507660e+06   4.1809082e+01
   1.0508420e+06   4.7790527e+01
   1.0508690e+06   4.3457031e+01
   1.0508820e+06   4.4128418e+01
   1.0509370e+06   5.5480957e+01
   1.0509630e+06   4.0039062e+01
   1.0509890e+06   4.4006348e+01
   1.0510200e+06   4.2419434e+01
   1.0510430e+06   4.4372559e+01
   1.0510880e+06   3.7292480e+01
   1.0511720e+06   4.7180176e+01
   1.0511820e+06   4.0222168e+01
   1.0512980e+06   4.9194336e+01
   1.0513260e+06   4.0649414e+01
   1.0513870e+06   3.9306641e+01
   1.0514600e+06   3.7902832e+01
   1.0515160e+06   3.6621094e+01
   1.0515800e+06   3.9672852e+01
   1.0516290e+06   4.0466309e+01
   1.0516540e+06   4.1076660e+01
   1.0516880e+06   4.0771484e+01
   1.0517030e+06   3.7292480e+01
   1.0517520e+06   3.7841797e+01
   1.0517620e+06   3.8085938e+01
   1.0519080e+06   3.8146973e+01
   1.0519510e+06   3.6560059e+01
   1.0521910e+06   3.5888672e+01
   1.0522560e+06   3.7170410e+01
   1.0524070e+06   3.6743164e+01
   1.0524390e+06   3.9245605e+01
   1.0524500e+06   3.6743164e+01
   1.0526120e+06   3.5522461e+01
   1.0834810e+06   3.8696289e+01
   1.0835270e+06   3.9123535e+01
   1.0835510e+06   3.6437988e+01
   1.0836080e+06   5.1635742e+01
   1.0836630e+06   3.6560059e+01
   1.0836840e+06   4.1015625e+01
   1.0837110e+06   4.9560547e+01
   1.0837750e+06   4.1259766e+01
   1.0838110e+06   4.2358398e+01
   1.0838870e+06   3.9123535e+01
   1.0839150e+06   3.6376953e+01
   1.0839620e+06   4.3151855e+01
   1.0839890e+06   3.7292480e+01
   1.0840170e+06   5.9753418e+01
   1.0840320e+06   3.7780762e+01
   1.0841610e+06   4.7729492e+01
   1.0841790e+06   3.9489746e+01
   1.0842090e+06   3.8574219e+01
   1.0842280e+06   5.6701660e+01
   1.0842850e+06   3.6804199e+01
   1.0843400e+06   5.3466797e+01
   1.0844420e+06   4.5410156e+01
   1.0844690e+06   4.0527344e+01
   1.0844820e+06   3.5583496e+01
   1.0845240e+06   4.1931152e+01
   1.0846250e+06   4.0832520e+01
   1.0846530e+06   3.6804199e+01
   1.0846910e+06   4.0771484e+01
   1.0847480e+06   4.4494629e+01
   1.0848410e+06   3.7475586e+01
   1.0850830e+06   4.0954590e+01
   1.0851820e+06   3.6437988e+01
   1.0852190e+06   4.9499512e+01
   1.0855430e+06   3.6437988e+01
   1.0856710e+06   4.3579102e+01
   1.0857800e+06   3.6437988e+01
   1.0859350e+06   4.0100098e+01
   1.1099370e+06   3.8146973e+01
   1.1100720e+06   3.6804199e+01
   1.1101100e+06   3.5461426e+01
   1.1103050e+06   4.6386719e+01
   1.1103830e+06   3.9245605e+01
   1.1104300e+06   3.6621094e+01
   1.1104760e+06   5.7312012e+01
   1.1105550e+06   3.8391113e+01
   1.1105710e+06   5.3100586e+01
   1.1105920e+06   4.0588379e+01
   1.1106310e+06   5.3894043e+01
   1.1106540e+06   3.5949707e+01
   1.1106860e+06   4.1625977e+01
   1.1107560e+06   3.5461426e+01
   1.1107730e+06   3.8818359e+01
   1.1108220e+06   5.2795410e+01
   1.1108930e+06   4.0588379e+01
   1.1109320e+06   6.0119629e+01
   1.1110050e+06   4.2053223e+01
   1.1110810e+06   3.5949707e+01
   1.1111090e+06   5.4931641e+01
   1.1111360e+06   3.8940430e+01
   1.1111810e+06   4.6508789e+01
   1.1112920e+06   3.9245605e+01
   1.1113720e+06   4.3212891e+01
   1.1114140e+06   3.8879395e+01
   1.1116090e+06   4.1931152e+01
   1.1118860e+06   4.7607422e+01
   1.1121350e+06   3.6376953e+01
   1.1122530e+06   4.1259766e+01
   1.1123290e+06   3.6926270e+01
   1.1369380e+06   3.8330078e+01
   1.1371210e+06   6.3232422e+01
   1.1371920e+06   4.2541504e+01
   1.1372530e+06   4.1198730e+01
   1.1373130e+06   3.6804199e+01
   1.1373340e+06   4.5288086e+01
   1.1374170e+06   3.5766602e+01
   1.1374320e+06   3.8146973e+01
   1.1374730e+06   5.2856445e+01
   1.1374850e+06   4.5532227e+01
   1.1374980e+06   3.5461426e+01
   1.1375500e+06   5.8044434e+01
   1.1375610e+06   4.0039062e+01
   1.1376020e+06   3.7780762e+01
   1.1376460e+06   5.5725098e+01
   1.1376630e+06   8.4594727e+01
   1.1376840e+06   5.3039551e+01
   1.1377250e+06   3.9062500e+01
   1.1377370e+06   4.0039062e+01
   1.1378200e+06   4.5776367e+01
   1.1378390e+06   4.0405273e+01
   1.1378730e+06   4.8156738e+01
   1.1379560e+06   3.9123535e+01
   1.1379830e+06   5.4321289e+01
   1.1379990e+06   3.9245605e+01
   1.1380370e+06   4.6875000e+01
   1.1380670e+06   3.6865234e+01
   1.1381010e+06   4.5593262e+01
   1.1382030e+06   4.0710449e+01
   1.1382530e+06   5.1025391e+01
   1.1382630e+06   4.0405273e+01
   1.1382960e+06   3.9794922e+01
   1.1384060e+06   3.6010742e+01
   1.1384620e+06   3.6560059e+01
   1.1385300e+06   4.2968750e+01
   1.1386190e+06   3.6315918e+01
   1.1388410e+06   3.7719727e+01
   1.1389840e+06   3.5522461e+01
   1.1394380e+06   5.1879883e+01
   1.1635620e+06   3.7658691e+01
   1.1636540e+06   3.5583496e+01
   1.1640180e+06   4.0100098e+01
   1.1640340e+06   4.3823242e+01
   1.1642780e+06   3.8940430e+01
   1.1642940e+06   3.8635254e+01
   1.1643460e+06   4.0710449e+01
   1.1644220e+06   4.6325684e+01
   1.1644670e+06   3.6071777e+01
   1.1645040e+06   5.3161621e+01
   1.1645660e+06   3.9062500e+01
   1.1646430e+06   3.9672852e+01
   1.1647140e+06   4.6752930e+01
   1.1647480e+06   4.2846680e+01
   1.1648000e+06   3.8330078e+01
   1.1648520e+06   3.6682129e+01
   1.1649220e+06   4.0039062e+01
   1.1649400e+06   3.5766602e+01
   1.1650400e+06   6.1950684e+01
   1.1650730e+06   3.8635254e+01
   1.1651440e+06   3.5644531e+01
   1.1652230e+06   4.5776367e+01
   1.1652690e+06   3.6010742e+01
   1.1653210e+06   3.6987305e+01
   1.1653790e+06   3.5644531e+01
   1.1655370e+06   3.8208008e+01
   1.1656890e+06   3.5827637e+01
   1.1657900e+06   4.0100098e+01
   1.1658810e+06   3.8391113e+01
   1.1659340e+06   3.5827637e+01
   1.1661190e+06   4.1015625e+01
   1.1661560e+06   3.6743164e+01
   1.1933450e+06   3.8024902e+01
   1.1937200e+06   4.1076660e+01
   1.1939570e+06   3.9794922e+01
   1.1941830e+06   4.0466309e+01
   1.1942780e+06   5.7373047e+01
   1.1944500e+06   3.7048340e+01
   1.1945060e+06   3.9611816e+01
   1.1945380e+06   3.7658691e+01
   1.1946600e+06   3.9001465e+01
   1.1947200e+06   4.3518066e+01
   1.1947530e+06   4.2053223e+01
   1.1948190e+06   4.4555664e+01
   1.1948460e+06   3.7536621e+01
   1.1948600e+06   3.9367676e+01
   1.1949030e+06   3.7902832e+01
   1.1949570e+06   4.7180176e+01
   1.1950090e+06   3.7048340e+01
   1.1950280e+06   3.7353516e+01
   1.1950540e+06   3.8269043e+01
   1.1951320e+06   3.6254883e+01
   1.1951720e+06   5.0537109e+01
   1.1952140e+06   4.5288086e+01
   1.1952870e+06   3.5888672e+01
   1.1956170e+06   4.5166016e+01
   1.1956310e+06   3.7841797e+01
   1.1957170e+06   3.7597656e+01
   1.1960470e+06   3.8269043e+01
   1.7331950e+06   3.6743164e+01
   1.7332560e+06   3.7963867e+01
   1.7333030e+06   4.4738770e+01
   1.7333470e+06   3.9062500e+01
   1.7333770e+06   4.1198730e+01
   1.7334200e+06   3.7597656e+01
   1.7334580e+06   4.5593262e+01
   1.7335000e+06   5.6640625e+01
   1.7335280e+06   5.7617188e+01
   1.7335440e+06   3.9550781e+01
   1.7335760e+06   4.0283203e+01
   1.7336090e+06   3.5522461e+01
   1.7336260e+06   3.7536621e+01
   1.7336400e+06   4.8828125e+01
   1.7336720e+06   4.8583984e+01
   1.7337210e+06   4.8706055e+01
   1.7337370e+06   4.1015625e+01
   1.7337530e+06   3.5522461e+01
   1.7338730e+06   4.1931152e+01
   1.7339750e+06   3.5522461e+01
   1.7339910e+06   4.0954590e+01
   1.7341240e+06   3.5583496e+01
   1.7342800e+06   4.6752930e+01
   1.7344730e+06   3.6010742e+01
   1.7344970e+06   3.5766602e+01
   1.7345880e+06   3.5644531e+01
   1.7346360e+06   3.6254883e+01
   1.7347980e+06   3.7170410e+01
   1.7350170e+06   4.4250488e+01
   1.7350390e+06   3.5766602e+01
   1.7350970e+06   3.9855957e+01
   1.7351520e+06   4.7729492e+01
   1.7840130e+06   4.1931152e+01
   1.7842100e+06   3.8757324e+01
   1.7842380e+06   3.5705566e+01
   1.7843960e+06   5.0903320e+01
   1.7844140e+06   5.5053711e+01
   1.7844410e+06   3.9489746e+01
   1.7844810e+06   4.2785645e+01
   1.7845020e+06   4.6386719e+01
   1.7845270e+06   4.7546387e+01
   1.7845560e+06   3.8452148e+01
   1.7845970e+06   4.0588379e+01
   1.7846330e+06   7.3974609e+01
   1.7846500e+06   3.5522461e+01
   1.7846700e+06   5.5969238e+01
   1.7847180e+06   3.9428711e+01
   1.7847310e+06   3.9428711e+01
   1.7847600e+06   5.0354004e+01
   1.7847720e+06   4.2968750e+01
   1.7848280e+06   4.2358398e+01
   1.7848450e+06   5.1147461e+01
   1.7848760e+06   5.0537109e+01
   1.7849050e+06   4.1931152e+01
   1.7849310e+06   3.8024902e+01
   1.7850160e+06   4.4006348e+01
   1.7850790e+06   4.5532227e+01
   1.7851130e+06   4.6020508e+01
   1.7851270e+06   3.8330078e+01
   1.7851630e+06   3.6926270e+01
   1.7851950e+06   3.8879395e+01
   1.7852690e+06   3.6926270e+01
   1.7855220e+06   3.8024902e+01
   1.7857180e+06   3.8574219e+01
   1.7857540e+06   3.9428711e+01
   1.7857760e+06   3.6621094e+01
   1.7860390e+06   3.5522461e+01
   1.7860760e+06   3.5522461e+01
   1.7861780e+06   3.5888672e+01
   1.7863280e+06   3.6743164e+01
   1.7864500e+06   4.4128418e+01
   1.8153240e+06   3.7170410e+01
   1.8156140e+06   3.6376953e+01
   1.8157970e+06   3.8635254e+01
   1.8158830e+06   3.5949707e+01
   1.8159640e+06   3.8452148e+01
   1.8160320e+06   3.9855957e+01
   1.8160660e+06   4.4006348e+01
   1.8160780e+06   3.8940430e+01
   1.8161140e+06   4.4860840e+01
   1.8161360e+06   5.0048828e+01
   1.8161690e+06   4.4128418e+01
   1.8162080e+06   4.2114258e+01
   1.8162530e+06   4.5227051e+01
   1.8162980e+06   4.2419434e+01
   1.8163230e+06   4.8400879e+01
   1.8163340e+06   4.2663574e+01
   1.8163810e+06   4.0466309e+01
   1.8164170e+06   5.3955078e+01
   1.8164590e+06   4.3884277e+01
   1.8164840e+06   4.0466309e+01
   1.8165070e+06   4.2663574e+01
   1.8165260e+06   3.6621094e+01
   1.8165670e+06   5.1391602e+01
   1.8165850e+06   3.7475586e+01
   1.8166420e+06   3.6560059e+01
   1.8167010e+06   4.7607422e+01
   1.8167650e+06   3.6315918e+01
   1.8167780e+06   4.1809082e+01
   1.8168360e+06   4.3884277e+01
   1.8168720e+06   5.0109863e+01
   1.8168930e+06   3.5583496e+01
   1.8169700e+06   3.6865234e+01
   1.8170680e+06   3.8330078e+01
   1.8171390e+06   3.5644531e+01
   1.8173420e+06   3.6926270e+01
   1.8176640e+06   3.6437988e+01
   1.8177540e+06   3.5461426e+01
   1.8178920e+06   4.1259766e+01
   1.8182090e+06   3.9855957e+01
   1.8441250e+06   3.8085938e+01
   1.8442420e+06   3.7902832e+01
   1.8443120e+06   3.6560059e+01
   1.8443620e+06   4.2968750e+01
   1.8444160e+06   3.6010742e+01
   1.8445890e+06   6.0119629e+01
   1.8446190e+06   3.7536621e+01
   1.8447770e+06   4.9133301e+01
   1.8447980e+06   3.8452148e+01
   1.8448310e+06   3.9855957e+01
   1.8449280e+06   4.6875000e+01
   1.8449590e+06   4.0283203e+01
   1.8449810e+06   3.7963867e+01
   1.8450330e+06   3.7597656e+01
   1.8450920e+06   4.4860840e+01
   1.8451140e+06   4.1442871e+01
   1.8451240e+06   4.4067383e+01
   1.8451570e+06   3.8574219e+01
   1.8452440e+06   5.1635742e+01
   1.8452670e+06   3.9123535e+01
   1.8452990e+06   4.5043945e+01
   1.8453140e+06   3.5766602e+01
   1.8454400e+06   4.2846680e+01
   1.8454920e+06   5.9082031e+01
   1.8457270e+06   4.0954590e+01
   1.8459930e+06   3.9245605e+01
   1.8460550e+06   3.9855957e+01
   1.8463090e+06   3.7231445e+01
   1.8465240e+06   4.9804688e+01
   1.8879520e+06   4.2480469e+01
   1.8880150e+06   3.9611816e+01
   1.8880700e+06   3.8818359e+01
   1.8881820e+06   3.7292480e+01
   1.8881940e+06   3.9367676e+01
   1.8882630e+06   4.3273926e+01
   1.8883540e+06   3.7048340e+01
   1.8883640e+06   4.2846680e+01
   1.8883850e+06   4.2114258e+01
   1.8884290e+06   6.2683105e+01
   1.8884480e+06   6.8115234e+01
   1.8884780e+06   4.0405273e+01
   1.8885490e+06   6.0119629e+01
   1.8886200e+06   6.5734863e+01
   1.8886340e+06   4.8339844e+01
   1.8886710e+06   5.7067871e+01
   1.8886930e+06   3.9306641e+01
   1.8887110e+06   3.8330078e+01
   1.8887440e+06   4.5227051e+01
   1.8888040e+06   6.1279297e+01
   1.8888340e+06   4.4128418e+01
   1.8889060e+06   4.2053223e+01
   1.8889480e+06   3.7597656e+01
   1.8890770e+06   4.2602539e+01
   1.8891080e+06   4.3151855e+01
   1.8891990e+06   5.0537109e+01
   1.8892750e+06   3.6132812e+01
   1.8894090e+06   3.9550781e+01
   1.8894850e+06   4.0344238e+01
   1.8896210e+06   4.4616699e+01
   1.8898590e+06   3.9916992e+01
   1.8901150e+06   3.9855957e+01
   1.8908420e+06   3.5461426e+01
   1.9279990e+06   3.6682129e+01
   1.9282790e+06   3.6926270e+01
   1.9283300e+06   3.5766602e+01
   1.9283420e+06   3.9367676e+01
   1.9283840e+06   5.3222656e+01
   1.9284270e+06   3.8330078e+01
   1.9285310e+06   3.9733887e+01
   1.9285810e+06   3.8085938e+01
   1.9286810e+06   4.1442871e+01
   1.9287190e+06   6.4025879e+01
   1.9288330e+06   3.7597656e+01
   1.9288560e+06   4.7546387e+01
   1.9288920e+06   4.9072266e+01
   1.9289200e+06   5.4382324e+01
   1.9289640e+06   4.6630859e+01
   1.9290510e+06   5.6640625e+01
   1.9290730e+06   4.7668457e+01
   1.9291270e+06   3.5583496e+01
   1.9292310e+06   6.9519043e+01
   1.9292430e+06   4.9743652e+01
   1.9293330e+06   4.4555664e+01
   1.9293750e+06   3.9062500e+01
   1.9294050e+06   3.7780762e+01
   1.9294770e+06   3.6437988e+01
   1.9295530e+06   4.9560547e+01
   1.9296220e+06   3.6682129e+01
   1.9297380e+06   5.0292969e+01
   1.9297490e+06   3.7109375e+01
   1.9297780e+06   4.0527344e+01
   1.9298570e+06   3.5888672e+01
   1.9301400e+06   4.0039062e+01
   1.9301810e+06   4.2053223e+01
   1.9305150e+06   4.1259766e+01
   1.9305510e+06   3.6132812e+01
   2.3852110e+06   4.0893555e+01
   2.3852300e+06   3.7475586e+01
   2.3852430e+06   3.8208008e+01
   2.3854060e+06   4.0283203e+01
   2.3854430e+06   5.2490234e+01
   2.3854580e+06   4.3518066e+01
   2.3854690e+06   3.6499023e+01
   2.3854850e+06   4.7119141e+01
   2.3855190e+06   5.1269531e+01
   2.3855680e+06   6.6162109e+01
   2.3855800e+06   6.2988281e+01
   2.3856010e+06   4.6752930e+01
   2.3856290e+06   5.2429199e+01
   2.3856600e+06   4.5043945e+01
   2.3857060e+06   3.6560059e+01
   2.3857350e+06   5.8654785e+01
   2.3857450e+06   5.6030273e+01
   2.3857590e+06   4.1992188e+01
   2.3857910e+06   6.1157227e+01
   2.3858240e+06   4.5104980e+01
   2.3858500e+06   4.2114258e+01
   2.3859190e+06   4.8645020e+01
   2.3859570e+06   3.9978027e+01
   2.3860810e+06   3.9306641e+01
   2.3862260e+06   3.9611816e+01
   2.3866880e+06   3.5461426e+01
   2.3868530e+06   3.5827637e+01
   2.3869340e+06   3.9123535e+01
   2.3870420e+06   4.0710449e+01
   2.4272300e+06   3.6621094e+01
   2.4277290e+06   3.7048340e+01
   2.4278410e+06   4.5349121e+01
   2.4278570e+06   5.0964355e+01
   2.4279400e+06   3.6560059e+01
   2.4279790e+06   3.5766602e+01
   2.4280100e+06   4.2907715e+01
   2.4280290e+06   4.3395996e+01
   2.4280450e+06   4.3518066e+01
   2.4280720e+06   4.4189453e+01
   2.4281020e+06   5.0476074e+01
   2.4281570e+06   4.0466309e+01
   2.4281850e+06   3.9550781e+01
   2.4282320e+06   4.6875000e+01
   2.4282770e+06   3.8024902e+01
   2.4284110e+06   3.5522461e+01
   2.4284590e+06   4.9621582e+01
   2.4284980e+06   3.6804199e+01
   2.4285300e+06   3.7841797e+01
   2.4285660e+06   3.9428711e+01
   2.4285890e+06   4.5288086e+01
   2.4286330e+06   3.9672852e+01
   2.4286640e+06   4.3395996e+01
   2.4286960e+06   3.8085938e+01
   2.4287350e+06   3.6193848e+01
   2.4288100e+06   3.7963867e+01
   2.4289190e+06   3.5888672e+01
   2.4289510e+06   3.6743164e+01
   2.4289930e+06   3.9916992e+01
   2.4290290e+06   3.6254883e+01
   2.4292180e+06   3.5461426e+01
   2.4294000e+06   4.6142578e+01
   2.4296480e+06   3.9611816e+01
   2.4298290e+06   3.9306641e+01
   2.4298960e+06   3.7536621e+01
   2.4299490e+06   3.8879395e+01
   2.4659440e+06   4.4067383e+01
   2.4664330e+06   3.5705566e+01
   2.4665210e+06   3.7963867e+01
   2.4665690e+06   5.6579590e+01
   2.4665900e+06   4.5471191e+01
   2.4666300e+06   4.1809082e+01
   2.4666610e+06   4.8706055e+01
   2.4666710e+06   3.7414551e+01
   2.4666930e+06   4.4006348e+01
   2.4667640e+06   4.0832520e+01
   2.4668080e+06   3.5766602e+01
   2.4668260e+06   5.2429199e+01
   2.4668780e+06   4.9865723e+01
   2.4669180e+06   6.2500000e+01
   2.4669600e+06   4.8095703e+01
   2.4669850e+06   4.3273926e+01
   2.4670150e+06   4.9316406e+01
   2.4670490e+06   5.5847168e+01
   2.4670600e+06   5.2246094e+01
   2.4670890e+06   3.8574219e+01
   2.4671130e+06   3.6682129e+01
   2.4672050e+06   3.5644531e+01
   2.4672220e+06   4.2785645e+01
   2.4672710e+06   4.9255371e+01
   2.4673630e+06   3.5583496e+01
   2.4674110e+06   4.4128418e+01
   2.4674750e+06   3.5949707e+01
   2.4676510e+06   4.4250488e+01
   2.4677070e+06   3.5888672e+01
   2.4677450e+06   3.6804199e+01
   2.4678510e+06   3.6376953e+01
   2.4678660e+06   3.8146973e+01
   2.4679750e+06   3.9672852e+01
   2.4680660e+06   3.6804199e+01
   2.4681050e+06   3.6254883e+01
   2.4683240e+06   4.2297363e+01
   2.4684140e+06   4.1320801e+01
   2.4684550e+06   4.2602539e+01
   2.4689120e+06   3.8635254e+01
   2.4690990e+06   3.7963867e+01
   2.5043680e+06   3.7841797e+01
   2.5048330e+06   4.5654297e+01
   2.5049130e+06   3.6682129e+01
   2.5049730e+06   3.6621094e+01
   2.5050100e+06   3.6743164e+01
   2.5050460e+06   4.3395996e+01
   2.5051130e+06   4.4921875e+01
   2.5051650e+06   4.4921875e+01
   2.5051970e+06   3.5583496e+01
   2.5052140e+06   4.3945312e+01
   2.5052420e+06   7.1960449e+01
   2.5052620e+06   5.3039551e+01
   2.5052950e+06   4.8645020e+01
   2.5053110e+06   4.0283203e+01
   2.5053430e+06   5.7922363e+01
   2.5053700e+06   3.8574219e+01
   2.5054240e+06   3.5766602e+01
   2.5054460e+06   5.4321289e+01
   2.5055070e+06   5.1391602e+01
   2.5055270e+06   3.8085938e+01
   2.5056160e+06   4.4006348e+01
   2.5056600e+06   3.6560059e+01
   2.5057210e+06   4.6203613e+01
   2.5057780e+06   4.0832520e+01
   2.5058330e+06   3.7536621e+01
   2.5059220e+06   3.9794922e+01
   2.5059760e+06   3.9123535e+01
   2.5061190e+06   3.5949707e+01
   2.5061730e+06   3.7048340e+01
   2.5062020e+06   4.2358398e+01
   2.5063870e+06   3.8513184e+01
   2.5065400e+06   3.6865234e+01
   2.5068030e+06   3.6682129e+01
   2.5070760e+06   3.7170410e+01
   2.5071290e+06   3.6682129e+01
   2.5071630e+06   4.0832520e+01
   2.5074300e+06   4.4494629e+01
   2.5384000e+06   3.6254883e+01
   2.5384420e+06   4.3029785e+01
   2.5385740e+06   3.6560059e+01
   2.5386660e+06   4.0039062e+01
   2.5387340e+06   3.7292480e+01
   2.5387610e+06   3.6499023e+01
   2.5388300e+06   3.9184570e+01
   2.5389630e+06   5.4260254e+01
   2.5389740e+06   4.1259766e+01
   2.5390170e+06   4.2480469e+01
   2.5390400e+06   3.5522461e+01
   2.5390720e+06   4.3273926e+01
   2.5391460e+06   7.5500488e+01
   2.5391810e+06   3.9794922e+01
   2.5391970e+06   4.0954590e+01
   2.5392100e+06   4.1381836e+01
   2.5392300e+06   3.8330078e+01
   2.5392400e+06   4.1564941e+01
   2.5393080e+06   3.6621094e+01
   2.5393310e+06   3.6010742e+01
   2.5394080e+06   5.1330566e+01
   2.5394300e+06   5.2551270e+01
   2.5394460e+06   5.2062988e+01
   2.5394950e+06   4.0649414e+01
   2.5395200e+06   3.6926270e+01
   2.5395670e+06   3.6315918e+01
   2.5396620e+06   4.0527344e+01
   2.5397010e+06   4.6386719e+01
   2.5397650e+06   4.2053223e+01
   2.5397790e+06   3.9245605e+01
   2.5397980e+06   4.2602539e+01
   2.5399030e+06   4.1442871e+01
   2.5399270e+06   3.6254883e+01
   2.5400020e+06   4.0222168e+01
   2.5400270e+06   3.6132812e+01
   2.5401740e+06   4.0344238e+01
   2.5403230e+06   3.6560059e+01
   2.5403740e+06   4.2724609e+01
   2.5406460e+06   3.7475586e+01
   2.5410840e+06   3.7902832e+01
   2.5412070e+06   3.7353516e+01
   2.5724200e+06   3.9733887e+01
   2.5734330e+06   4.5288086e+01
   2.5737280e+06   3.5522461e+01
   2.5738240e+06   3.9245605e+01
   2.5738380e+06   4.7729492e+01
   2.5739100e+06   3.8574219e+01
   2.5739630e+06   4.2846680e+01
   2.5740140e+06   4.1870117e+01
   2.5740370e+06   3.8269043e+01
   2.5740720e+06   3.9428711e+01
   2.5740880e+06   3.8146973e+01
   2.5741200e+06   4.2114258e+01
   2.5741400e+06   5.6091309e+01
   2.5741600e+06   4.2175293e+01
   2.5741770e+06   3.9184570e+01
   2.5742300e+06   3.7170410e+01
   2.5742700e+06   4.2175293e+01
   2.5742860e+06   3.7658691e+01
   2.5743520e+06   4.1198730e+01
   2.5743880e+06   4.6325684e+01
   2.5744420e+06   4.0527344e+01
   2.5745210e+06   3.5766602e+01
   2.5745570e+06   5.0659180e+01
   2.5745880e+06   4.4921875e+01
   2.5746200e+06   3.8391113e+01
   2.5746320e+06   4.2541504e+01
   2.5746560e+06   3.6071777e+01
   2.5746850e+06   4.2724609e+01
   2.5747010e+06   4.0466309e+01
   2.5748570e+06   5.4748535e+01
   2.5749210e+06   4.3701172e+01
   2.5750140e+06   3.8024902e+01
   2.5751550e+06   3.5888672e+01
   2.5752330e+06   3.5583496e+01
   2.5754270e+06   3.9428711e+01
   2.5754490e+06   3.7292480e+01
   2.5755120e+06   3.7963867e+01
   2.5758220e+06   3.9001465e+01
   2.5997510e+06   3.6010742e+01
   2.6007700e+06   4.0771484e+01
   2.6009810e+06   3.6254883e+01
   2.6010950e+06   3.7048340e+01
   2.6011080e+06   3.9611816e+01
   2.6011670e+06   3.6743164e+01
   2.6012810e+06   4.1320801e+01
   2.6013470e+06   4.0161133e+01
   2.6013920e+06   5.4687500e+01
   2.6015230e+06   3.7353516e+01
   2.6015680e+06   3.6071777e+01
   2.6015870e+06   3.9794922e+01
   2.6016460e+06   6.6650391e+01
   2.6016730e+06   4.3884277e+01
   2.6017250e+06   4.1931152e+01
   2.6017400e+06   3.6132812e+01
   2.6018340e+06   5.7495117e+01
   2.6018730e+06   5.6884766e+01
   2.6019020e+06   4.2907715e+01
   2.6019500e+06   3.8085938e+01
   2.6019770e+06   4.0344238e+01
   2.6019880e+06   3.6193848e+01
   2.6020120e+06   4.5898438e+01
   2.6020750e+06   3.6560059e+01
   2.6021430e+06   4.6020508e+01
   2.6021860e+06   4.2907715e+01
   2.6022680e+06   4.4555664e+01
   2.6023460e+06   3.6437988e+01
   2.6023980e+06   3.5644531e+01
   2.6029390e+06   3.5888672e+01
   2.6030440e+06   3.9550781e+01
   2.6031590e+06   3.8574219e+01
   2.6032090e+06   4.2846680e+01
   2.6034570e+06   3.5644531e+01
   2.6174360e+06   3.6926270e+01
   2.6299630e+06   4.0832520e+01
   2.6302230e+06   3.6926270e+01
   2.6303860e+06   3.6804199e+01
   2.6305410e+06   3.5949707e+01
   2.6307970e+06   3.9978027e+01
   2.6308310e+06   4.1503906e+01
   2.6308780e+06   3.5644531e+01
   2.6310090e+06   4.4555664e+01
   2.6310310e+06   3.6987305e+01
   2.6310480e+06   3.9550781e+01
   2.6311350e+06   4.9072266e+01
   2.6311540e+06   3.6682129e+01
   2.6311990e+06   4.0649414e+01
   2.6312120e+06   4.4738770e+01
   2.6312830e+06   3.6437988e+01
   2.6313180e+06   3.9306641e+01
   2.6313410e+06   4.3029785e+01
   2.6313580e+06   4.0344238e+01
   2.6314010e+06   5.3894043e+01
   2.6314660e+06   3.5949707e+01
   2.6315180e+06   3.8757324e+01
   2.6315390e+06   4.1625977e+01
   2.6315510e+06   5.4077148e+01
   2.6316030e+06   3.9184570e+01
   2.6316410e+06   3.8391113e+01
   2.6316820e+06   3.6865234e+01
   2.6317560e+06   3.8391113e+01
   2.6317810e+06   3.9733887e+01
   2.6319060e+06   3.6376953e+01
   2.6319850e+06   3.7780762e+01
   2.6320700e+06   3.6193848e+01
   2.6321110e+06   3.7475586e+01
   2.6322010e+06   3.6193848e+01
   2.6322480e+06   3.6010742e+01
   2.6323220e+06   3.6010742e+01
   2.6323680e+06   3.6621094e+01
   2.6324340e+06   4.1503906e+01
   2.6326140e+06   3.5888672e+01
   2.6327360e+06   3.6376953e+01
   2.6609210e+06   3.8269043e+01
   2.6615750e+06   3.6621094e+01
   2.6616730e+06   3.5827637e+01
   2.6616990e+06   3.9733887e+01
   2.6618380e+06   3.7414551e+01
   2.6620060e+06   3.5461426e+01
   2.6620260e+06   3.6926270e+01
   2.6620540e+06   3.6193848e+01
   2.6621710e+06   5.3039551e+01
   2.6622460e+06   4.0405273e+01
   2.6622660e+06   4.5349121e+01
   2.6623130e+06   3.6376953e+01
   2.6623520e+06   7.9345703e+01
   2.6623900e+06   3.8208008e+01
   2.6624720e+06   4.2297363e+01
   2.6625430e+06   4.0710449e+01
   2.6625680e+06   3.7231445e+01
   2.6625910e+06   4.0039062e+01
   2.6626180e+06   3.9978027e+01
   2.6627020e+06   3.7475586e+01
   2.6627200e+06   4.3395996e+01
   2.6627910e+06   4.1931152e+01
   2.6628450e+06   3.6987305e+01
   2.6631230e+06   3.9306641e+01
   2.6633210e+06   3.5949707e+01
   2.6639550e+06   3.5705566e+01
   2.6643510e+06   3.6254883e+01
   2.7126880e+06   3.6682129e+01
   3.2343660e+06   3.7841797e+01
   3.2345830e+06   3.8940430e+01
   3.2348140e+06   3.7536621e+01
   3.2349920e+06   4.1198730e+01
   3.2350110e+06   3.9855957e+01
   3.2350550e+06   3.7597656e+01
   3.2350840e+06   3.6682129e+01
   3.2351190e+06   3.9184570e+01
   3.2351880e+06   5.8410645e+01
   3.2352230e+06   3.8635254e+01
   3.2352340e+06   4.8767090e+01
   3.2353340e+06   4.0405273e+01
   3.2353800e+06   4.1442871e+01
   3.2353910e+06   4.4189453e+01
   3.2354400e+06   3.9916992e+01
   3.2354540e+06   5.2368164e+01
   3.2355170e+06   3.9062500e+01
   3.2355710e+06   5.5480957e+01
   3.2356550e+06   4.2541504e+01
   3.2356980e+06   3.7536621e+01
   3.2357390e+06   3.6926270e+01
   3.2357690e+06   3.5766602e+01
   3.2358080e+06   3.5522461e+01
   3.2358250e+06   3.6499023e+01
   3.2358840e+06   3.5705566e+01
   3.2360360e+06   3.6071777e+01
   3.2362850e+06   4.0161133e+01
   3.2367060e+06   4.0649414e+01
   3.2369230e+06   4.1931152e+01
   3.2369490e+06   3.5644531e+01
   3.2753720e+06   3.7597656e+01
   3.2758490e+06   5.1696777e+01
   3.2759440e+06   3.8940430e+01
   3.2760690e+06   4.5715332e+01
   3.2761200e+06   3.9733887e+01
   3.2761920e+06   4.0344238e+01
   3.2762200e+06   4.0893555e+01
   3.2762570e+06   4.5471191e+01
   3.2763160e+06   3.7414551e+01
   3.2763530e+06   4.8645020e+01
   3.2763700e+06   3.5766602e+01
   3.2764000e+06   4.6936035e+01
   3.2764260e+06   4.5288086e+01
   3.2764490e+06   5.1452637e+01
   3.2765510e+06   6.6406250e+01
   3.2765920e+06   4.7912598e+01
   3.2766270e+06   4.6875000e+01
   3.2766740e+06   3.7719727e+01
   3.2767550e+06   4.6508789e+01
   3.2768340e+06   3.5705566e+01
   3.2768440e+06   4.0466309e+01
   3.2769130e+06   4.4433594e+01
   3.2769540e+06   4.9438477e+01
   3.2769670e+06   4.2053223e+01
   3.2770800e+06   3.8330078e+01
   3.2771350e+06   3.5827637e+01
   3.2772650e+06   3.6865234e+01
   3.2773130e+06   5.3161621e+01
   3.2773600e+06   4.1748047e+01
   3.2775800e+06   4.1320801e+01
   3.2776470e+06   3.8085938e+01
   3.2778350e+06   3.6621094e+01
   3.2779900e+06   3.5949707e+01
   3.2780270e+06   3.7475586e+01
   3.2781810e+06   3.6315918e+01
   3.2782310e+06   3.6865234e+01
   3.2784230e+06   3.7353516e+01
   3.3087670e+06   3.6132812e+01
   3.3110500e+06   3.8940430e+01
   3.3111840e+06   3.8391113e+01
   3.3113070e+06   3.6315918e+01
   3.3115600e+06   4.0832520e+01
   3.3115790e+06   4.7729492e+01
   3.3116020e+06   5.3771973e+01
   3.3116280e+06   6.1340332e+01
   3.3117350e+06   4.8522949e+01
   3.3118210e+06   3.5583496e+01
   3.3118410e+06   4.6752930e+01
   3.3118620e+06   3.9611816e+01
   3.3118980e+06   3.5766602e+01
   3.3119300e+06   4.9682617e+01
   3.3119640e+06   3.6560059e+01
   3.3119910e+06   3.8452148e+01
   3.3120110e+06   4.1931152e+01
   3.3120530e+06   4.6936035e+01
   3.3121370e+06   4.6264648e+01
   3.3121670e+06   4.3212891e+01
   3.3122140e+06   3.5644531e+01
   3.3122520e+06   3.5583496e+01
   3.3122920e+06   4.1564941e+01
   3.3123180e+06   3.7902832e+01
   3.3123620e+06   5.5603027e+01
   3.3124190e+06   4.4372559e+01
   3.3125160e+06   3.7414551e+01
   3.3125560e+06   3.8330078e+01
   3.3126270e+06   3.6071777e+01
   3.3126910e+06   4.0588379e+01
   3.3127500e+06   4.0771484e+01
   3.3127870e+06   3.6804199e+01
   3.3128420e+06   3.9733887e+01
   3.3129510e+06   3.8146973e+01
   3.3131130e+06   3.8696289e+01
   3.3133170e+06   3.7536621e+01
   3.3138230e+06   3.9062500e+01
   3.3139850e+06   3.8879395e+01
   3.3140610e+06   3.9855957e+01
   3.3625640e+06   3.5888672e+01
   3.3627180e+06   4.0954590e+01
   3.3630070e+06   3.9367676e+01
   3.3631740e+06   4.4128418e+01
   3.3632710e+06   6.2316895e+01
   3.3632810e+06   4.1503906e+01
   3.3633590e+06   3.8635254e+01
   3.3634050e+06   3.7231445e+01
   3.3634350e+06   4.1931152e+01
   3.3634520e+06   5.1757812e+01
   3.3634770e+06   3.9611816e+01
   3.3635540e+06   5.5297852e+01
   3.3635810e+06   4.4250488e+01
   3.3636370e+06   4.1076660e+01
   3.3636500e+06   4.8034668e+01
   3.3636940e+06   7.1533203e+01
   3.3637190e+06   4.6081543e+01
   3.3637350e+06   6.1035156e+01
   3.3637480e+06   3.7475586e+01
   3.3637890e+06   3.6193848e+01
   3.3638200e+06   4.1687012e+01
   3.3638370e+06   3.6987305e+01
   3.3638620e+06   4.0039062e+01
   3.3639050e+06   3.7414551e+01
   3.3639540e+06   4.4860840e+01
   3.3639880e+06   4.6569824e+01
   3.3640410e+06   3.6804199e+01
   3.3640590e+06   4.1198730e+01
   3.3641160e+06   3.8635254e+01
   3.3641540e+06   4.0527344e+01
   3.3642590e+06   4.5959473e+01
   3.3645260e+06   3.6315918e+01
   3.3646240e+06   4.3945312e+01
   3.3646670e+06   3.6865234e+01
   3.3649630e+06   3.9062500e+01
   3.3650290e+06   3.8757324e+01
   3.3652820e+06   4.5593262e+01
   3.3948210e+06   4.5715332e+01
   3.3957550e+06   3.7109375e+01
   3.3961380e+06   3.8818359e+01
   3.3961700e+06   4.0771484e+01
   3.3961980e+06   3.6071777e+01
   3.3962170e+06   4.9255371e+01
   3.3962560e+06   4.1931152e+01
   3.3963100e+06   5.5908203e+01
   3.3963200e+06   4.1076660e+01
   3.3963550e+06   4.8278809e+01
   3.3964730e+06   4.0039062e+01
   3.3964900e+06   3.6010742e+01
   3.3965420e+06   3.6743164e+01
   3.3966400e+06   4.1809082e+01
   3.3967050e+06   4.3579102e+01
   3.3967400e+06   8.0200195e+01
   3.3967800e+06   3.5888672e+01
   3.3968970e+06   5.5541992e+01
   3.3970910e+06   3.6010742e+01
   3.3972300e+06   3.6010742e+01
   3.3973930e+06   4.1381836e+01
   3.3974660e+06   4.8583984e+01
   3.3978390e+06   4.0222168e+01
   3.3978960e+06   3.9733887e+01
   3.3980980e+06   3.7536621e+01
   3.4465180e+06   3.8940430e+01
   3.4468750e+06   3.5522461e+01
   3.4474330e+06   3.6193848e+01
   3.4474980e+06   3.8330078e+01
   3.4476190e+06   4.8706055e+01
   3.4476740e+06   3.6621094e+01
   3.4477690e+06   3.5949707e+01
   3.4479100e+06   4.0039062e+01
   3.4479290e+06   5.4931641e+01
   3.4479460e+06   3.6621094e+01
   3.4480300e+06   3.9855957e+01
   3.4480630e+06   4.3029785e+01
   3.4480850e+06   4.6997070e+01
   3.4481160e+06   3.6743164e+01
   3.4481790e+06   3.5888672e+01
   3.4482160e+06   4.0466309e+01
   3.4482340e+06   4.1137695e+01
   3.4482580e+06   3.5827637e+01
   3.4482930e+06   7.0129395e+01
   3.4483560e+06   3.7475586e+01
   3.4483920e+06   4.2541504e+01
   3.4484200e+06   4.6752930e+01
   3.4484570e+06   5.3649902e+01
   3.4485430e+06   4.2907715e+01
   3.4486040e+06   4.6691895e+01
   3.4486590e+06   3.5522461e+01
   3.4486730e+06   3.6926270e+01
   3.4487300e+06   4.0710449e+01
   3.4488420e+06   3.6499023e+01
   3.4488650e+06   3.9489746e+01
   3.4489920e+06   3.5827637e+01
   3.4490690e+06   4.0344238e+01
   3.4491040e+06   3.6682129e+01
   3.4491970e+06   4.8034668e+01
   3.4492430e+06   3.6132812e+01
   3.4495220e+06   3.8024902e+01
   3.4495900e+06   3.7475586e+01
   3.4496650e+06   3.6926270e+01
   3.4499310e+06   3.7353516e+01
   3.9192950e+06   3.7231445e+01
   3.9194470e+06   3.7780762e+01
   3.9195780e+06   3.8391113e+01
   3.9196950e+06   3.5888672e+01
   3.9197170e+06   3.6132812e+01
   3.9197460e+06   3.6132812e+01
   3.9197600e+06   4.4555664e+01
   3.9198600e+06   3.5888672e+01
   3.9198980e+06   5.0781250e+01
   3.9199390e+06   3.8085938e+01
   3.9199640e+06   3.8452148e+01
   3.9200000e+06   7.6904297e+01
   3.9200360e+06   4.2358398e+01
   3.9200740e+06   4.1259766e+01
   3.9201020e+06   4.6569824e+01
   3.9201270e+06   6.2622070e+01
   3.9201410e+06   5.4260254e+01
   3.9201690e+06   4.9011230e+01
   3.9201810e+06   4.5410156e+01
   3.9202100e+06   5.2612305e+01
   3.9202300e+06   4.7912598e+01
   3.9202780e+06   4.2114258e+01
   3.9203420e+06   3.8879395e+01
   3.9203600e+06   4.6142578e+01
   3.9204190e+06   4.0405273e+01
   3.9204550e+06   3.5583496e+01
   3.9205370e+06   3.7414551e+01
   3.9205940e+06   3.6376953e+01
   3.9206260e+06   3.6193848e+01
   3.9209630e+06   3.9245605e+01
   3.9209930e+06   3.8635254e+01
   3.9213010e+06   4.2236328e+01
   3.9216310e+06   4.2602539e+01
   3.9218590e+06   3.6071777e+01
   3.9489470e+06   3.6621094e+01
   3.9919830e+06   3.7963867e+01
   3.9923210e+06   4.1625977e+01
   3.9923860e+06   3.6315918e+01
   3.9924140e+06   3.8879395e+01
   3.9924270e+06   3.5766602e+01
   3.9925370e+06   3.6071777e+01
   3.9927420e+06   3.9855957e+01
   3.9927640e+06   5.0659180e+01
   3.9928090e+06   3.8208008e+01
   3.9929180e+06   4.8400879e+01
   3.9929560e+06   4.0161133e+01
   3.9930260e+06   3.6499023e+01
   3.9930390e+06   4.0527344e+01
   3.9930700e+06   4.9926758e+01
   3.9930850e+06   6.7626953e+01
   3.9931420e+06   4.5043945e+01
   3.9931600e+06   3.9123535e+01
   3.9932500e+06   4.8950195e+01
   3.9932850e+06   3.6499023e+01
   3.9933080e+06   3.9001465e+01
   3.9934140e+06   3.6804199e+01
   3.9934630e+06   5.9875488e+01
   3.9934790e+06   3.5705566e+01
   3.9935590e+06   4.8278809e+01
   3.9939020e+06   4.1625977e+01
   3.9940660e+06   3.7597656e+01
   3.9941450e+06   3.6010742e+01
   3.9941920e+06   4.5471191e+01
   4.0249650e+06   3.5461426e+01
   4.0254240e+06   3.6560059e+01
   4.0255410e+06   4.1931152e+01
   4.0256850e+06   3.9428711e+01
   4.0257550e+06   3.5522461e+01
   4.0258330e+06   4.0100098e+01
   4.0258700e+06   5.0048828e+01
   4.0259190e+06   4.0588379e+01
   4.0259940e+06   3.5766602e+01
   4.0260160e+06   3.6987305e+01
   4.0260400e+06   5.6213379e+01
   4.0260640e+06   5.0048828e+01
   4.0261150e+06   3.7719727e+01
   4.0261620e+06   3.9611816e+01
   4.0261880e+06   5.4077148e+01
   4.0262070e+06   4.4311523e+01
   4.0263070e+06   4.2968750e+01
   4.0263260e+06   4.2053223e+01
   4.0263580e+06   4.9011230e+01
   4.0263690e+06   3.9428711e+01
   4.0264440e+06   4.2053223e+01
   4.0264720e+06   4.5776367e+01
   4.0264840e+06   3.6193848e+01
   4.0265030e+06   3.8757324e+01
   4.0265410e+06   3.7658691e+01
   4.0265880e+06   3.9306641e+01
   4.0266150e+06   3.7048340e+01
   4.0266420e+06   3.9245605e+01
   4.0266710e+06   3.7719727e+01
   4.0266960e+06   3.9733887e+01
   4.0268130e+06   4.9133301e+01
   4.0268520e+06   3.6010742e+01
   4.0268850e+06   3.7597656e+01
   4.0269740e+06   3.7292480e+01
   4.0277780e+06   3.5644531e+01
   4.0278550e+06   3.9672852e+01
   4.0279980e+06   3.6437988e+01
   4.0280410e+06   3.8146973e+01
   4.0572080e+06   3.8696289e+01
   4.0572380e+06   3.8574219e+01
   4.0574160e+06   4.0039062e+01
   4.0574330e+06   3.7109375e+01
   4.0574670e+06   3.8818359e+01
   4.0575580e+06   3.8757324e+01
   4.0575820e+06   3.7536621e+01
   4.0576020e+06   3.8024902e+01
   4.0577300e+06   5.7312012e+01
   4.0577860e+06   3.5522461e+01
   4.0578230e+06   3.6193848e+01
   4.0578880e+06   3.7841797e+01
   4.0579060e+06   4.9987793e+01
   4.0579980e+06   4.1137695e+01
   4.0580330e+06   4.2724609e+01
   4.0581900e+06   3.6254883e+01
   4.0582710e+06   5.0354004e+01
   4.0584230e+06   3.5461426e+01
   4.0584500e+06   4.5959473e+01
   4.0584910e+06   3.6987305e+01
   4.0585830e+06   4.1870117e+01
   4.0586290e+06   4.2297363e+01
   4.0587430e+06   4.2297363e+01
   4.0587680e+06   3.7719727e+01
   4.0588860e+06   3.9978027e+01
   4.0589500e+06   4.0527344e+01
   4.0590520e+06   3.9611816e+01
   4.0596060e+06   3.6865234e+01
   4.0598270e+06   3.7109375e+01
   4.0603460e+06   3.6010742e+01
   4.1041170e+06   3.5766602e+01
   4.1044680e+06   3.7048340e+01
   4.1045750e+06   4.5837402e+01
   4.1046040e+06   3.5949707e+01
   4.1046470e+06   3.6926270e+01
   4.1051670e+06   6.2805176e+01
   4.1052500e+06   3.8024902e+01
   4.1054190e+06   5.5908203e+01
   4.1054880e+06   3.7414551e+01
   4.1055130e+06   3.5522461e+01
   4.1055570e+06   6.9580078e+01
   4.1055710e+06   5.1330566e+01
   4.1056470e+06   3.8635254e+01
   4.1056910e+06   4.1809082e+01
   4.1057170e+06   3.6743164e+01
   4.1057290e+06   4.7058105e+01
   4.1058250e+06   4.2419434e+01
   4.1058660e+06   4.3395996e+01
   4.1058960e+06   6.0668945e+01
   4.1059120e+06   4.2419434e+01
   4.1059350e+06   3.5705566e+01
   4.1059970e+06   4.0344238e+01
   4.1060800e+06   3.7902832e+01
   4.1061290e+06   3.6071777e+01
   4.1061590e+06   3.6621094e+01
   4.1061950e+06   3.9306641e+01
   4.1062340e+06   3.7658691e+01
   4.1063630e+06   4.3640137e+01
   4.1064480e+06   3.9123535e+01
   4.1065560e+06   5.1330566e+01
   4.1069120e+06   3.8513184e+01
   4.1071060e+06   4.0222168e+01
   4.1074320e+06   4.1198730e+01
   4.1487930e+06   3.6010742e+01
   4.1488290e+06   3.8696289e+01
   4.1492370e+06   3.9184570e+01
   4.1494710e+06   3.6254883e+01
   4.1496960e+06   5.0476074e+01
   4.1497100e+06   5.3466797e+01
   4.1497330e+06   3.6743164e+01
   4.1497690e+06   3.6926270e+01
   4.1498700e+06   3.6499023e+01
   4.1499100e+06   4.7119141e+01
   4.1499600e+06   3.9306641e+01
   4.1500360e+06   3.7414551e+01
   4.1500570e+06   4.0222168e+01
   4.1500850e+06   5.0231934e+01
   4.1501130e+06   4.8645020e+01
   4.1501510e+06   4.0771484e+01
   4.1502390e+06   3.8635254e+01
   4.1502520e+06   4.2785645e+01
   4.1502730e+06   3.6865234e+01
   4.1503040e+06   3.8024902e+01
   4.1503420e+06   3.5583496e+01
   4.1503940e+06   3.9550781e+01
   4.1504170e+06   3.7719727e+01
   4.1504630e+06   4.4189453e+01
   4.1505340e+06   4.1870117e+01
   4.1505950e+06   3.8024902e+01
   4.1506230e+06   3.7902832e+01
   4.1506950e+06   3.5644531e+01
   4.1509100e+06   4.0649414e+01
   4.1510460e+06   3.9184570e+01
   4.1512020e+06   3.7231445e+01
   4.1512890e+06   3.9489746e+01
   4.1513860e+06   3.8208008e+01
   4.1518940e+06   3.5949707e+01
   4.6853450e+06   3.6132812e+01
   4.6867910e+06   3.7902832e+01
   4.6869360e+06   3.6376953e+01
   4.6870090e+06   4.8217773e+01
   4.6870670e+06   3.6499023e+01
   4.6870850e+06   3.6315918e+01
   4.6871530e+06   5.7861328e+01
   4.6871770e+06   3.8940430e+01
   4.6871950e+06   4.4799805e+01
   4.6872270e+06   3.9733887e+01
   4.6872370e+06   4.2541504e+01
   4.6872770e+06   3.7658691e+01
   4.6872870e+06   4.2968750e+01
   4.6873150e+06   4.0344238e+01
   4.6873600e+06   4.1076660e+01
   4.6873840e+06   5.7250977e+01
   4.6874670e+06   4.5532227e+01
   4.6874820e+06   6.4270020e+01
   4.6875510e+06   4.0283203e+01
   4.6875700e+06   3.7536621e+01
   4.6876310e+06   4.8706055e+01
   4.6876640e+06   4.7119141e+01
   4.6877420e+06   4.0344238e+01
   4.6877800e+06   3.7048340e+01
   4.6878220e+06   3.9611816e+01
   4.6879210e+06   3.5705566e+01
   4.6882550e+06   3.5766602e+01
   4.6888620e+06   3.5705566e+01
   4.7332140e+06   4.2785645e+01
   4.7332560e+06   3.9062500e+01
   4.7334190e+06   3.6743164e+01
   4.7334670e+06   3.8391113e+01
   4.7335320e+06   4.2846680e+01
   4.7336520e+06   5.1086426e+01
   4.7336840e+06   3.8757324e+01
   4.7337050e+06   6.9641113e+01
   4.7337210e+06   4.0527344e+01
   4.7337440e+06   5.4992676e+01
   4.7337680e+06   5.8471680e+01
   4.7338290e+06   5.6335449e+01
   4.7338590e+06   4.6508789e+01
   4.7338900e+06   4.0649414e+01
   4.7339170e+06   4.3395996e+01
   4.7339310e+06   5.5969238e+01
   4.7340110e+06   4.1198730e+01
   4.7340620e+06   4.1442871e+01
   4.7341350e+06   4.0954590e+01
   4.7341500e+06   3.5888672e+01
   4.7341910e+06   4.9011230e+01
   4.7342900e+06   3.6743164e+01
   4.7343110e+06   3.6499023e+01
   4.7343620e+06   3.8574219e+01
   4.7343770e+06   3.7048340e+01
   4.7343940e+06   3.7231445e+01
   4.7344640e+06   3.8269043e+01
   4.7345760e+06   3.6437988e+01
   4.7347700e+06   3.5583496e+01
   4.7348170e+06   4.0283203e+01
   4.7351620e+06   3.9184570e+01
   4.7352720e+06   3.5522461e+01
   4.7353650e+06   3.5705566e+01
   4.7357590e+06   3.7048340e+01
   4.7823370e+06   4.0283203e+01
   4.7825070e+06   3.6437988e+01
   4.7826830e+06   3.7109375e+01
   4.7828120e+06   4.3579102e+01
   4.7829710e+06   5.0170898e+01
   4.7830510e+06   3.7536621e+01
   4.7830820e+06   3.6315918e+01
   4.7830980e+06   3.8818359e+01
   4.7831350e+06   3.6865234e+01
   4.7831980e+06   4.4494629e+01
   4.7832200e+06   4.8034668e+01
   4.7832410e+06   4.5837402e+01
   4.7832910e+06   3.9550781e+01
   4.7833050e+06   3.9978027e+01
   4.7833220e+06   3.6926270e+01
   4.7833740e+06   6.8725586e+01
   4.7834080e+06   4.3884277e+01
   4.7834410e+06   3.9001465e+01
   4.7834870e+06   3.6254883e+01
   4.7835170e+06   4.6447754e+01
   4.7835290e+06   3.6315918e+01
   4.7835530e+06   3.6804199e+01
   4.7835870e+06   4.9743652e+01
   4.7836180e+06   4.2541504e+01
   4.7836480e+06   3.9428711e+01
   4.7836870e+06   3.8696289e+01
   4.7837610e+06   3.8696289e+01
   4.7837790e+06   3.9611816e+01
   4.7838110e+06   3.5888672e+01
   4.7838690e+06   4.1503906e+01
   4.7838820e+06   3.7719727e+01
   4.7839170e+06   3.7841797e+01
   4.7839310e+06   4.0283203e+01
   4.7839770e+06   4.4067383e+01
   4.7841010e+06   3.5827637e+01
   4.7841810e+06   3.9672852e+01
   4.7842480e+06   3.7841797e+01
   4.7845560e+06   4.0771484e+01
   4.7850050e+06   3.6132813e+01
   4.7854220e+06   4.2663574e+01
   4.8124290e+06   3.8391113e+01
   4.8138580e+06   4.4860840e+01
   4.8139720e+06   3.6254883e+01
   4.8140250e+06   3.7170410e+01
   4.8145420e+06   4.4250488e+01
   4.8145940e+06   4.1259766e+01
   4.8146270e+06   3.6804199e+01
   4.8146620e+06   3.8208008e+01
   4.8146950e+06   3.7170410e+01
   4.8147270e+06   5.1452637e+01
   4.8148130e+06   3.6437988e+01
   4.8149080e+06   5.6030273e+01
   4.8149640e+06   3.9489746e+01
   4.8149870e+06   3.7353516e+01
   4.8150060e+06   4.4616699e+01
   4.8150470e+06   5.9814453e+01
   4.8150840e+06   4.4921875e+01
   4.8151130e+06   4.4006348e+01
   4.8151290e+06   5.1269531e+01
   4.8151800e+06   4.9072266e+01
   4.8152300e+06   3.6804199e+01
   4.8152550e+06   4.0893555e+01
   4.8152760e+06   3.6987305e+01
   4.8153080e+06   3.7231445e+01
   4.8153820e+06   3.9062500e+01
   4.8154120e+06   4.2846680e+01
   4.8154330e+06   3.5583496e+01
   4.8154500e+06   3.9611816e+01
   4.8155350e+06   5.0781250e+01
   4.8156100e+06   4.3090820e+01
   4.8156790e+06   3.7597656e+01
   4.8157690e+06   3.6743164e+01
   4.8158200e+06   4.1992188e+01
   4.8158780e+06   3.9611816e+01
   4.8159900e+06   3.6376953e+01
   4.8160040e+06   3.7414551e+01
   4.8161910e+06   4.5471191e+01
   4.8162440e+06   3.8940430e+01
   4.8163670e+06   3.7109375e+01
   4.8167210e+06   3.8879395e+01
   4.8167570e+06   4.1137695e+01
   4.8168420e+06   3.9733887e+01
   4.8446050e+06   3.8635254e+01
   4.8454010e+06   3.6804199e+01
   4.8456850e+06   3.5949707e+01
   4.8457460e+06   3.6010742e+01
   4.8460290e+06   4.0039062e+01
   4.8461280e+06   4.8583984e+01
   4.8462110e+06   3.6376953e+01
   4.8463610e+06   4.6569824e+01
   4.8464670e+06   4.7424316e+01
   4.8464910e+06   4.2602539e+01
   4.8465680e+06   3.6010742e+01
   4.8466050e+06   4.9194336e+01
   4.8466170e+06   4.6142578e+01
   4.8467330e+06   4.2968750e+01
   4.8467780e+06   3.7048340e+01
   4.8468410e+06   4.3029785e+01
   4.8469180e+06   4.1259766e+01
   4.8469450e+06   3.7353516e+01
   4.8471390e+06   4.0100098e+01
   4.8471640e+06   3.7597656e+01
   4.8473050e+06   3.7658691e+01
   4.8473240e+06   3.5949707e+01
   4.8474650e+06   4.0222168e+01
   4.8475280e+06   3.9123535e+01
   4.8475420e+06   3.8269043e+01
   4.8478760e+06   3.8146973e+01
   4.8481290e+06   3.6804199e+01
   4.8482270e+06   3.7231445e+01
   4.8484290e+06   3.8818359e+01
   4.8485680e+06   3.6743164e+01
   4.8813320e+06   4.0893555e+01
   4.8822690e+06   4.4189453e+01
   4.8823980e+06   3.6743164e+01
   4.8826670e+06   4.5349121e+01
   4.8827540e+06   4.1198730e+01
   4.8828940e+06   4.5532227e+01
   4.8829660e+06   5.0598145e+01
   4.8831360e+06   3.9672852e+01
   4.8831880e+06   3.8391113e+01
   4.8832500e+06   3.7902832e+01
   4.8833060e+06   4.6203613e+01
   4.8833190e+06   5.2124023e+01
   4.8833880e+06   5.8166504e+01
   4.8834140e+06   3.7536621e+01
   4.8834420e+06   3.7109375e+01
   4.8835100e+06   4.3334961e+01
   4.8835310e+06   3.9794922e+01
   4.8835530e+06   4.7729492e+01
   4.8835990e+06   3.9916992e+01
   4.8836330e+06   3.6621094e+01
   4.8836640e+06   4.0100098e+01
   4.8836780e+06   3.7048340e+01
   4.8837630e+06   3.5888672e+01
   4.8838110e+06   4.2114258e+01
   4.8838750e+06   3.9062500e+01
   4.8839700e+06   3.6132812e+01
   4.8839800e+06   3.5583496e+01
   4.8841270e+06   3.6071777e+01
   4.8841860e+06   3.7841797e+01
   4.8842520e+06   3.7048340e+01
   4.8845740e+06   4.0405273e+01
   4.8848190e+06   3.7841797e+01
   5.4487430e+06   3.6254883e+01
   5.4494570e+06   4.4799805e+01
   5.4495620e+06   3.5644531e+01
   5.4496070e+06   4.1381836e+01
   5.4496360e+06   3.7597656e+01
   5.4497120e+06   4.2053223e+01
   5.4497630e+06   5.5603027e+01
   5.4497830e+06   3.8330078e+01
   5.4498170e+06   4.3151855e+01
   5.4498580e+06   4.5043945e+01
   5.4498790e+06   4.5288086e+01
   5.4499040e+06   5.2978516e+01
   5.4499260e+06   3.8757324e+01
   5.4499440e+06   3.6743164e+01
   5.4499730e+06   4.0344238e+01
   5.4499970e+06   4.0161133e+01
   5.4500360e+06   4.1137695e+01
   5.4500940e+06   3.8574219e+01
   5.4501380e+06   3.6621094e+01
   5.4501780e+06   3.5461426e+01
   5.4502460e+06   4.9255371e+01
   5.4503210e+06   4.5532227e+01
   5.4503510e+06   3.5827637e+01
   5.4513140e+06   3.9245605e+01
   5.4513530e+06   4.3273926e+01
   5.4955070e+06   3.6071777e+01
   5.4959140e+06   3.5522461e+01
   5.4960600e+06   3.6254883e+01
   5.4961760e+06   4.0100098e+01
   5.4963320e+06   3.6682129e+01
   5.4963950e+06   3.9794922e+01
   5.4965070e+06   5.4321289e+01
   5.4965270e+06   4.4494629e+01
   5.4965460e+06   5.0170898e+01
   5.4965670e+06   4.0832520e+01
   5.4966300e+06   5.1269531e+01
   5.4966550e+06   3.9550781e+01
   5.4966820e+06   5.2734375e+01
   5.4967170e+06   3.6987305e+01
   5.4967460e+06   4.2602539e+01
   5.4967710e+06   3.8879395e+01
   5.4968050e+06   4.1992188e+01
   5.4968240e+06   4.9621582e+01
   5.4968800e+06   4.0344238e+01
   5.4968920e+06   4.1137695e+01
   5.4969200e+06   3.8330078e+01
   5.4969700e+06   4.3273926e+01
   5.4969810e+06   3.6865234e+01
   5.4970250e+06   4.9682617e+01
   5.4970570e+06   3.7597656e+01
   5.4971450e+06   3.6315918e+01
   5.4972040e+06   3.5644531e+01
   5.4974720e+06   3.8085938e+01
   5.4974970e+06   3.9489746e+01
   5.4986330e+06   3.7353516e+01
   5.4987290e+06   4.0527344e+01
   5.5507300e+06   4.4921875e+01
   5.5509830e+06   4.4433594e+01
   5.5510270e+06   4.4921875e+01
   5.5510730e+06   4.2663574e+01
   5.5511980e+06   3.7658691e+01
   5.5512250e+06   4.3579102e+01
   5.5512580e+06   5.1147461e+01
   5.5512750e+06   4.1442871e+01
   5.5513020e+06   3.8024902e+01
   5.5513910e+06   5.8105469e+01
   5.5514260e+06   4.8278809e+01
   5.5514460e+06   4.5043945e+01
   5.5514980e+06   3.9672852e+01
   5.5515230e+06   3.6499023e+01
   5.5515640e+06   4.5898438e+01
   5.5515800e+06   5.5725098e+01
   5.5516070e+06   3.8391113e+01
   5.5516740e+06   3.9062500e+01
   5.5517080e+06   4.3579102e+01
   5.5517350e+06   4.3090820e+01
   5.5517740e+06   3.9062500e+01
   5.5518160e+06   3.6804199e+01
   5.5518910e+06   5.0964355e+01
   5.5519740e+06   3.9245605e+01
   5.5521770e+06   3.7841797e+01
   5.5526980e+06   3.5888672e+01
   5.5528460e+06   3.7170410e+01
   5.5530800e+06   4.0527344e+01
   5.5531270e+06   3.6132812e+01
   5.5531980e+06   3.6254883e+01
   5.5533740e+06   3.8269043e+01
   5.5976720e+06   3.7292480e+01
   5.5984640e+06   5.3100586e+01
   5.5987190e+06   3.9123535e+01
   5.5987550e+06   4.6264648e+01
   5.5987820e+06   5.0720215e+01
   5.5989340e+06   5.9265137e+01
   5.5989480e+06   3.5461426e+01
   5.5990020e+06   3.5949707e+01
   5.5990260e+06   4.7607422e+01
   5.5990510e+06   9.5886230e+01
   5.5990880e+06   4.5043945e+01
   5.5991830e+06   4.6508789e+01
   5.5992000e+06   3.8085938e+01
   5.5992340e+06   4.2114258e+01
   5.5993100e+06   4.8950195e+01
   5.5993620e+06   4.3640137e+01
   5.5994080e+06   4.6203613e+01
   5.5994450e+06   4.1748047e+01
   5.5994930e+06   4.7851562e+01
   5.5995460e+06   4.0405273e+01
   5.5996570e+06   3.7963867e+01
   5.5996780e+06   3.8330078e+01
   5.5997920e+06   4.0466309e+01
   5.5999890e+06   3.9672852e+01
   5.6003310e+06   3.8024902e+01
   5.6010210e+06   4.0283203e+01
   5.6448000e+06   4.2358398e+01
   5.6450350e+06   5.0109863e+01
   5.6451010e+06   5.7312012e+01
   5.6451370e+06   4.3090820e+01
   5.6452210e+06   4.4433594e+01
   5.6452490e+06   4.3640137e+01
   5.6452880e+06   4.1198730e+01
   5.6453450e+06   3.6865234e+01
   5.6453630e+06   4.5227051e+01
   5.6453830e+06   4.3457031e+01
   5.6454230e+06   4.2053223e+01
   5.6454540e+06   4.5837402e+01
   5.6454680e+06   3.6376953e+01
   5.6455250e+06   3.7597656e+01
   5.6455510e+06   3.6560059e+01
   5.6456000e+06   3.5827637e+01
   5.6456410e+06   4.5043945e+01
   5.6456610e+06   4.2297363e+01
   5.6457480e+06   4.3579102e+01
   5.6460020e+06   4.5227051e+01
   5.6466340e+06   3.6132813e+01
   5.6467110e+06   3.7536621e+01
   5.6878900e+06   4.1809082e+01
   5.6882720e+06   3.5522461e+01
   5.6884640e+06   3.7658691e+01
   5.6887220e+06   4.0771484e+01
   5.6888120e+06   4.5776367e+01
   5.6888400e+06   3.8391113e+01
   5.6889800e+06   4.7363281e+01
   5.6890360e+06   3.8879395e+01
   5.6890460e+06   4.3518066e+01
   5.6892190e+06   4.0222168e+01
   5.6892570e+06   4.0405273e+01
   5.6892690e+06   4.7729492e+01
   5.6894680e+06   5.1452637e+01
   5.6894900e+06   5.0720215e+01
   5.6895030e+06   3.5949707e+01
   5.6895370e+06   3.5949707e+01
   5.6895620e+06   6.8542480e+01
   5.6896090e+06   3.7536621e+01
   5.6896540e+06   4.0222168e+01
   5.6897340e+06   4.6508789e+01
   5.6897740e+06   6.9458008e+01
   5.6897900e+06   4.1137695e+01
   5.6898280e+06   3.5705566e+01
   5.6898600e+06   3.6499023e+01
   5.6899190e+06   3.8940430e+01
   5.6899290e+06   4.3579102e+01
   5.6900340e+06   4.5959473e+01
   5.6901200e+06   3.6315918e+01
   5.6902070e+06   4.8156738e+01
   5.6903850e+06   3.8146973e+01
   5.6906090e+06   4.0405273e+01
   6.3436000e+06   4.0893555e+01
   6.3438600e+06   4.4982910e+01
   6.3439450e+06   3.7109375e+01
   6.3439720e+06   3.9855957e+01
   6.3440620e+06   3.9123535e+01
   6.3440850e+06   3.9367676e+01
   6.3441310e+06   4.0649414e+01
   6.3441850e+06   4.8278809e+01
   6.3442340e+06   4.1381836e+01
   6.3442660e+06   4.0771484e+01
   6.3442760e+06   4.7424316e+01
   6.3443400e+06   3.9550781e+01
   6.3443500e+06   4.2297363e+01
   6.3443940e+06   4.5959473e+01
   6.3444260e+06   5.3039551e+01
   6.3445070e+06   4.2480469e+01
   6.3445260e+06   3.5461426e+01
   6.3445760e+06   3.9001465e+01
   6.3446290e+06   3.8452148e+01
   6.3446610e+06   3.9123535e+01
   6.3449010e+06   3.7719727e+01
   6.3449580e+06   3.7841797e+01
   6.3453720e+06   3.9916992e+01
   6.3460700e+06   3.7536621e+01
   6.3989860e+06   3.7353516e+01
   6.3990570e+06   5.3833008e+01
   6.3990990e+06   4.9438477e+01
   6.3991260e+06   4.1503906e+01
   6.3991570e+06   3.6865234e+01
   6.3992060e+06   4.9560547e+01
   6.3992250e+06   3.7841797e+01
   6.3992630e+06   3.9672852e+01
   6.3993010e+06   3.8513184e+01
   6.3993330e+06   5.6762695e+01
   6.3993460e+06   3.7292480e+01
   6.3993700e+06   3.5522461e+01
   6.3994440e+06   3.7841797e+01
   6.3994540e+06   4.2907715e+01
   6.3994850e+06   3.6010742e+01
   6.3996390e+06   3.8452148e+01
   6.3996600e+06   3.6071777e+01
   6.3997500e+06   4.0039062e+01
   6.3998020e+06   3.9123535e+01
   6.3998280e+06   3.5888672e+01
   6.4000030e+06   3.5522461e+01
   6.4001240e+06   3.5522461e+01
   6.4002190e+06   3.7780762e+01
   6.4002910e+06   3.8696289e+01
   6.4003110e+06   4.7241211e+01
   6.4003760e+06   3.5888672e+01
   6.4014870e+06   3.6743164e+01
   6.4253790e+06   4.1015625e+01
   6.4270680e+06   3.9916992e+01
   6.4271510e+06   3.8146973e+01
   6.4273300e+06   4.2480469e+01
   6.4273600e+06   3.5766602e+01
   6.4274610e+06   3.9306641e+01
   6.4274950e+06   3.7536621e+01
   6.4275270e+06   4.0954590e+01
   6.4275480e+06   3.6987305e+01
   6.4276260e+06   4.2419434e+01
   6.4276800e+06   4.7790527e+01
   6.4277840e+06   3.7963867e+01
   6.4277990e+06   5.5419922e+01
   6.4278410e+06   4.6752930e+01
   6.4278520e+06   3.6437988e+01
   6.4278820e+06   4.2358398e+01
   6.4279090e+06   3.8574219e+01
   6.4279340e+06   4.6508789e+01
   6.4279680e+06   3.7658691e+01
   6.4280300e+06   4.4982910e+01
   6.4280460e+06   4.4250488e+01
   6.4281120e+06   3.6987305e+01
   6.4281340e+06   3.7292480e+01
   6.4281820e+06   4.4006348e+01
   6.4281920e+06   3.9123535e+01
   6.4282390e+06   4.1076660e+01
   6.4282830e+06   3.6682129e+01
   6.4283980e+06   4.1076660e+01
   6.4284830e+06   3.6804199e+01
   6.4285360e+06   4.2785645e+01
   6.4286410e+06   3.6010742e+01
   6.4287820e+06   4.0283203e+01
   6.4294180e+06   3.5827637e+01
   6.4737950e+06   5.3527832e+01
   6.4740840e+06   4.1564941e+01
   6.4741220e+06   3.6071777e+01
   6.4741380e+06   4.4555664e+01
   6.4741700e+06   3.7963867e+01
   6.4742180e+06   4.8583984e+01
   6.4743350e+06   3.8635254e+01
   6.4743530e+06   3.5522461e+01
   6.4743720e+06   3.9550781e+01
   6.4743960e+06   4.5166016e+01
   6.4744270e+06   4.0771484e+01
   6.4744440e+06   4.8095703e+01
   6.4744850e+06   5.1757812e+01
   6.4745980e+06   4.2053223e+01
   6.4746080e+06   5.5541992e+01
   6.4746410e+06   5.4199219e+01
   6.4746820e+06   4.1076660e+01
   6.4746920e+06   3.9062500e+01
   6.4747310e+06   4.1503906e+01
   6.4748000e+06   3.7963867e+01
   6.4748200e+06   3.8940430e+01
   6.4748450e+06   3.5644531e+01
   6.4748730e+06   4.0893555e+01
   6.4749120e+06   3.5766602e+01
   6.4749400e+06   3.9428711e+01
   6.4749670e+06   4.1503906e+01
   6.4750250e+06   4.8583984e+01
   6.4750350e+06   4.8950195e+01
   6.4751230e+06   3.8452148e+01
   6.4753430e+06   3.9489746e+01
   6.4755970e+06   3.9489746e+01
   6.4760900e+06   3.8085938e+01
   6.4762060e+06   3.7292480e+01
   6.4762300e+06   3.6621094e+01
   6.5097050e+06   3.6071777e+01
   6.5108670e+06   3.9306641e+01
   6.5120330e+06   3.5583496e+01
   6.5122150e+06   4.2541504e+01
   6.5123420e+06   3.6010742e+01
   6.5125340e+06   3.6132812e+01
   6.5125450e+06   4.0222168e+01
   6.5126520e+06   7.5683594e+01
   6.5128050e+06   5.1086426e+01
   6.5128610e+06   5.0415039e+01
   6.5129330e+06   4.4799805e+01
   6.5129660e+06   4.8950195e+01
   6.5130020e+06   4.6813965e+01
   6.5130330e+06   3.9672852e+01
   6.5130700e+06   6.0363770e+01
   6.5131240e+06   4.4372559e+01
   6.5131460e+06   4.7912598e+01
   6.5131570e+06   5.4016113e+01
   6.5131840e+06   3.5705566e+01
   6.5132610e+06   5.2001953e+01
   6.5132840e+06   3.5705566e+01
   6.5133350e+06   4.6142578e+01
   6.5134000e+06   3.9489746e+01
   6.5135050e+06   4.0893555e+01
   6.5136690e+06   4.5715332e+01
   6.5139190e+06   4.2358398e+01
   6.5140600e+06   3.7475586e+01
   6.5141220e+06   4.2846680e+01
   6.5141710e+06   3.6132812e+01
   6.5146590e+06   3.7170410e+01
   6.5151250e+06   3.7658691e+01
   6.5568800e+06   3.6254883e+01
   7.1064300e+06   3.8574219e+01
   7.1065320e+06   3.7536621e+01
   7.1066120e+06   3.6437988e+01
   7.1066220e+06   4.0527344e+01
   7.1066580e+06   3.7841797e+01
   7.1066780e+06   4.3762207e+01
   7.1067160e+06   3.6437988e+01
   7.1067360e+06   4.0344238e+01
   7.1067580e+06   3.8574219e+01
   7.1067920e+06   4.6875000e+01
   7.1068390e+06   3.7231445e+01
   7.1068780e+06   4.8522949e+01
   7.1068990e+06   4.1320801e+01
   7.1069800e+06   5.0964355e+01
   7.1070100e+06   5.7922363e+01
   7.1070300e+06   4.1259766e+01
   7.1070690e+06   4.8034668e+01
   7.1070930e+06   5.0903320e+01
   7.1071190e+06   5.7617188e+01
   7.1071460e+06   3.7414551e+01
   7.1071660e+06   3.7963867e+01
   7.1071820e+06   3.7719727e+01
   7.1072090e+06   3.7536621e+01
   7.1072940e+06   3.9489746e+01
   7.1073750e+06   3.5888672e+01
   7.1074070e+06   3.7353516e+01
   7.1074890e+06   4.7607422e+01
   7.1075530e+06   3.5644531e+01
   7.1077340e+06   3.6010742e+01
   7.1080690e+06   3.8818359e+01
   7.1082080e+06   4.4860840e+01
   7.1085110e+06   4.5288086e+01
   7.1511010e+06   4.1992188e+01
   7.1511710e+06   3.9367676e+01
   7.1512670e+06   4.1992188e+01
   7.1513320e+06   5.2246094e+01
   7.1513520e+06   4.1198730e+01
   7.1514600e+06   3.8085938e+01
   7.1515090e+06   3.5949707e+01
   7.1515280e+06   3.8940430e+01
   7.1515700e+06   4.9621582e+01
   7.1515860e+06   4.1137695e+01
   7.1516070e+06   5.1696777e+01
   7.1516500e+06   3.6499023e+01
   7.1516760e+06   3.5827637e+01
   7.1517010e+06   6.8420410e+01
   7.1517500e+06   3.7231445e+01
   7.1517810e+06   4.8828125e+01
   7.1517960e+06   4.5227051e+01
   7.1518270e+06   3.8452148e+01
   7.1518780e+06   5.2917480e+01
   7.1519170e+06   4.6386719e+01
   7.1519530e+06   3.6560059e+01
   7.1520300e+06   3.5705566e+01
   7.1521240e+06   3.6743164e+01
   7.1522210e+06   3.7963867e+01
   7.1524980e+06   3.5461426e+01
   7.1525320e+06   3.6376953e+01
   7.1526310e+06   3.5583496e+01
   7.1528100e+06   3.8452148e+01
   7.1531340e+06   3.6987305e+01
   7.1532520e+06   3.7841797e+01
   7.1532710e+06   3.7292480e+01
   7.1864950e+06   3.6682129e+01
   7.1996310e+06   3.6865234e+01
   7.1997470e+06   4.4616699e+01
   7.2002880e+06   4.6508789e+01
   7.2004020e+06   4.4006348e+01
   7.2004550e+06   4.5532227e+01
   7.2004960e+06   4.1137695e+01
   7.2005850e+06   4.4677734e+01
   7.2006600e+06   3.7109375e+01
   7.2006870e+06   4.3273926e+01
   7.2007280e+06   3.8696289e+01
   7.2007790e+06   6.1950684e+01
   7.2008180e+06   4.4494629e+01
   7.2008710e+06   4.3945312e+01
   7.2009060e+06   3.9062500e+01
   7.2009220e+06   3.9062500e+01
   7.2009440e+06   3.9916992e+01
   7.2010420e+06   3.9611816e+01
   7.2010680e+06   4.2724609e+01
   7.2011040e+06   3.6743164e+01
   7.2011650e+06   3.7048340e+01
   7.2012860e+06   3.8696289e+01
   7.2013220e+06   3.6010742e+01
   7.2013570e+06   3.7292480e+01
   7.2014630e+06   3.7170410e+01
   7.2015360e+06   4.2724609e+01
   7.2020800e+06   3.8452148e+01
   7.2022810e+06   3.6254883e+01
   7.2374030e+06   3.8024902e+01
   7.2379520e+06   3.7048340e+01
   7.2380120e+06   3.6010742e+01
   7.2381720e+06   4.3762207e+01
   7.2382610e+06   4.0405273e+01
   7.2383760e+06   3.8879395e+01
   7.2383990e+06   4.4494629e+01
   7.2385310e+06   4.2358398e+01
   7.2385700e+06   3.7719727e+01
   7.2386140e+06   3.9428711e+01
   7.2386930e+06   4.1564941e+01
   7.2387690e+06   3.8818359e+01
   7.2387940e+06   4.0405273e+01
   7.2388100e+06   4.8522949e+01
   7.2388280e+06   3.9489746e+01
   7.2388400e+06   3.6193848e+01
   7.2388670e+06   4.7241211e+01
   7.2389240e+06   3.7231445e+01
   7.2389420e+06   4.2968750e+01
   7.2390200e+06   5.0598145e+01
   7.2391510e+06   4.5227051e+01
   7.2391760e+06   3.9733887e+01
   7.2392110e+06   4.5104980e+01
   7.2392300e+06   3.9062500e+01
   7.2396240e+06   3.5644531e+01
   7.2397930e+06   4.2480469e+01
   7.2400350e+06   4.1442871e+01
   7.2404870e+06   4.5593262e+01
   7.2830120e+06   3.5949707e+01
   7.2831160e+06   4.1259766e+01
   7.2833090e+06   4.8522949e+01
   7.2833910e+06   3.9123535e+01
   7.2835060e+06   3.6437988e+01
   7.2835580e+06   3.7658691e+01
   7.2835830e+06   4.0588379e+01
   7.2836320e+06   5.9936523e+01
   7.2837030e+06   4.4250488e+01
   7.2837570e+06   4.0527344e+01
   7.2838100e+06   3.7353516e+01
   7.2838350e+06   4.1015625e+01
   7.2839050e+06   4.3579102e+01
   7.2839460e+06   3.7841797e+01
   7.2839780e+06   4.5349121e+01
   7.2839890e+06   5.4748535e+01
   7.2840400e+06   4.3579102e+01
   7.2840520e+06   4.4799805e+01
   7.2840810e+06   3.7048340e+01
   7.2841390e+06   3.6743164e+01
   7.2841740e+06   3.8574219e+01
   7.2842000e+06   3.8696289e+01
   7.2842450e+06   3.6743164e+01
   7.2842590e+06   3.5705566e+01
   7.2844560e+06   3.6376953e+01
   7.2845660e+06   3.5888672e+01
   7.2845930e+06   3.6254883e+01
   7.2846800e+06   4.1748047e+01
   7.2850990e+06   3.9672852e+01
   7.2856440e+06   4.2358398e+01
   7.3337560e+06   3.7048340e+01
   7.3352430e+06   3.6560059e+01
   8.0198310e+06   3.8085938e+01
   8.0198920e+06   3.7902832e+01
   8.0202640e+06   5.7983398e+01
   8.0203220e+06   4.7546387e+01
   8.0203610e+06   3.6804199e+01
   8.0203990e+06   3.7048340e+01
   8.0204130e+06   4.1137695e+01
   8.0204600e+06   3.8818359e+01
   8.0204780e+06   4.7729492e+01
   8.0204920e+06   3.9062500e+01
   8.0205150e+06   3.7719727e+01
   8.0205950e+06   4.8339844e+01
   8.0206350e+06   5.2062988e+01
   8.0206880e+06   3.9306641e+01
   8.0207330e+06   4.5471191e+01
   8.0207760e+06   3.6560059e+01
   8.0208620e+06   3.5827637e+01
   8.0209800e+06   3.8940430e+01
   8.0215270e+06   3.6071777e+01
   8.0217620e+06   3.6865234e+01
   8.0218160e+06   3.5644531e+01
   8.0220030e+06   3.6132812e+01
   8.0220820e+06   3.6804199e+01
   8.0221670e+06   3.6926270e+01
   8.0717920e+06   4.1320801e+01
   8.0719320e+06   3.6315918e+01
   8.0720000e+06   3.6437988e+01
   8.0720580e+06   4.2114258e+01
   8.0721650e+06   3.9978027e+01
   8.0722010e+06   4.5104980e+01
   8.0722450e+06   4.6203613e+01
   8.0722610e+06   5.1269531e+01
   8.0723150e+06   4.0832520e+01
   8.0723970e+06   5.3100586e+01
   8.0724240e+06   4.6936035e+01
   8.0724530e+06   3.6804199e+01
   8.0724660e+06   6.5063477e+01
   8.0724800e+06   4.2663574e+01
   8.0725070e+06   3.6376953e+01
   8.0725310e+06   3.7536621e+01
   8.0725940e+06   4.0161133e+01
   8.0726620e+06   3.6499023e+01
   8.0727170e+06   4.2602539e+01
   8.0727480e+06   3.8879395e+01
   8.0727610e+06   4.8278809e+01
   8.0728120e+06   5.0476074e+01
   8.0728590e+06   4.2602539e+01
   8.0729020e+06   4.1137695e+01
   8.0729400e+06   4.0283203e+01
   8.0734510e+06   4.4555664e+01
   8.0735400e+06   3.9062500e+01
   8.0848450e+06   3.9855957e+01
   8.1437710e+06   3.9978027e+01
   8.1444690e+06   4.4189453e+01
   8.1445240e+06   4.2602539e+01
   8.1446610e+06   3.8269043e+01
   8.1447520e+06   3.8146973e+01
   8.1447830e+06   5.3039551e+01
   8.1448480e+06   3.7841797e+01
   8.1449380e+06   4.0039062e+01
   8.1449500e+06   8.0200195e+01
   8.1449790e+06   4.4006348e+01
   8.1450020e+06   4.5166016e+01
   8.1450530e+06   3.7536621e+01
   8.1451150e+06   3.9428711e+01
   8.1451280e+06   3.6132812e+01
   8.1451520e+06   3.9916992e+01
   8.1451650e+06   3.6865234e+01
   8.1452410e+06   4.2724609e+01
   8.1452840e+06   5.1879883e+01
   8.1453040e+06   4.2297363e+01
   8.1453270e+06   3.6682129e+01
   8.1453950e+06   4.2236328e+01
   8.1454230e+06   3.6804199e+01
   8.1454520e+06   4.2846680e+01
   8.1455610e+06   4.0527344e+01
   8.1457100e+06   4.0466309e+01
   8.1469400e+06   4.1137695e+01
   8.7709230e+06   3.7170410e+01
   8.7710500e+06   4.2541504e+01
   8.7711100e+06   4.0039062e+01
   8.7711360e+06   4.5959473e+01
   8.7711650e+06   4.1809082e+01
   8.7711860e+06   4.2358398e+01
   8.7712130e+06   5.1330566e+01
   8.7713040e+06   3.9855957e+01
   8.7713330e+06   4.8400879e+01
   8.7713530e+06   4.5471191e+01
   8.7713740e+06   3.9489746e+01
   8.7713920e+06   4.8034668e+01
   8.7714260e+06   3.8818359e+01
   8.7715440e+06   3.7963867e+01
   8.7715890e+06   3.9428711e+01
   8.7716410e+06   3.9611816e+01
   8.7720800e+06   3.6987305e+01
   8.7728300e+06   3.5705566e+01
   8.7728830e+06   3.7109375e+01
   8.8112370e+06   3.6499023e+01
   8.8116390e+06   3.6254883e+01
   8.8117530e+06   4.8583984e+01
   8.8117770e+06   3.7048340e+01
   8.8118540e+06   3.6926270e+01
   8.8118690e+06   5.8654785e+01
   8.8118970e+06   3.6132812e+01
   8.8119620e+06   4.3212891e+01
   8.8119860e+06   5.5480957e+01
   8.8120120e+06   4.2236328e+01
   8.8120800e+06   5.2124023e+01
   8.8121000e+06   4.6264648e+01
   8.8121410e+06   3.8818359e+01
   8.8121680e+06   3.6254883e+01
   8.8122200e+06   3.8818359e+01
   8.8122520e+06   3.7597656e+01
   8.8122950e+06   5.3833008e+01
   8.8123160e+06   5.0170898e+01
   8.8123840e+06   3.7719727e+01
   8.8124520e+06   3.6132812e+01
   8.8124730e+06   3.9978027e+01
   8.8125030e+06   3.9916992e+01
   8.8125590e+06   4.0222168e+01
   8.8126430e+06   3.6987305e+01
   8.8127170e+06   4.2724609e+01
   8.8127840e+06   3.9123535e+01
   8.8129610e+06   3.7475586e+01
   8.8131500e+06   4.1442871e+01
   8.8133960e+06   4.1809082e+01
   8.8135890e+06   3.6682129e+01
   8.8278230e+06   3.8513184e+01
   8.8512530e+06   3.7841797e+01
   8.8513070e+06   3.6621094e+01
   8.8513530e+06   4.3029785e+01
   8.8514370e+06   3.6132812e+01
   8.8515250e+06   4.0832520e+01
   8.8515520e+06   4.1625977e+01
   8.8515750e+06   4.1687012e+01
   8.8516310e+06   5.7678223e+01
   8.8516620e+06   3.8024902e+01
   8.8516890e+06   3.5705566e+01
   8.8517150e+06   4.2419434e+01
   8.8517400e+06   3.9611816e+01
   8.8518200e+06   4.3395996e+01
   8.8518570e+06   3.8208008e+01
   8.8518750e+06   4.3334961e+01
   8.8518950e+06   5.1879883e+01
   8.8519260e+06   4.0649414e+01
   8.8519910e+06   3.8208008e+01
   8.8520150e+06   5.1025391e+01
   8.8520400e+06   4.0649414e+01
   8.8520650e+06   3.8940430e+01
   8.8521290e+06   4.5959473e+01
   8.8521420e+06   4.3457031e+01
   8.8522490e+06   3.9611816e+01
   8.8523740e+06   3.5522461e+01
   8.8525810e+06   5.1086426e+01
   8.8529660e+06   3.6254883e+01
   8.8837890e+06   3.8085938e+01
   8.8838870e+06   4.5532227e+01
   8.8839420e+06   3.7109375e+01
   8.8841390e+06   4.0832520e+01
   8.8841880e+06   3.9794922e+01
   8.8842080e+06   6.2011719e+01
   8.8842290e+06   4.1992188e+01
   8.8842440e+06   4.9499512e+01
   8.8843640e+06   4.5227051e+01
   8.8843950e+06   4.6081543e+01
   8.8844200e+06   4.4799805e+01
   8.8844800e+06   3.6560059e+01
   8.8844960e+06   4.2114258e+01
   8.8845350e+06   5.7678223e+01
   8.8845540e+06   4.4677734e+01
   8.8845690e+06   3.8513184e+01
   8.8846470e+06   3.7719727e+01
   8.8846700e+06   4.2114258e+01
   8.8847410e+06   3.5949707e+01
   8.8847690e+06   5.0292969e+01
   8.8848140e+06   4.6020508e+01
   8.8848410e+06   4.2297363e+01
   8.8849360e+06   3.9978027e+01
   8.8852160e+06   3.6010742e+01
   8.8852840e+06   3.7536621e+01
   8.8856410e+06   3.8391113e+01
   8.9339000e+06   4.4555664e+01
   8.9339550e+06   3.6193848e+01
   8.9340360e+06   3.7658691e+01
   8.9341360e+06   4.2419434e+01
   8.9341640e+06   3.9672852e+01
   8.9341960e+06   3.9550781e+01
   8.9342290e+06   3.8024902e+01
   8.9343120e+06   3.6865234e+01
   8.9343630e+06   5.3527832e+01
   8.9343970e+06   4.2846680e+01
   8.9344640e+06   4.1259766e+01
   8.9345030e+06   3.8330078e+01
   8.9346110e+06   3.9428711e+01
   8.9347000e+06   5.7861328e+01
   8.9348070e+06   3.5705566e+01
   8.9348440e+06   4.2053223e+01
   8.9351170e+06   3.6987305e+01
   8.9352110e+06   3.6499023e+01
   8.9352220e+06   3.6376953e+01
   8.9353050e+06   3.6987305e+01
   8.9353620e+06   3.5766602e+01
   8.9354220e+06   4.1381836e+01
   8.9354990e+06   3.5522461e+01
   8.9359010e+06   3.8330078e+01
   8.9365450e+06   3.8208008e+01
   9.9464770e+06   3.7902832e+01
   9.9465040e+06   4.2053223e+01
   9.9465440e+06   4.0649414e+01
   9.9465540e+06   4.7363281e+01
   9.9465770e+06   5.7434082e+01
   9.9465940e+06   4.7912598e+01
   9.9466160e+06   3.8208008e+01
   9.9466320e+06   3.7109375e+01
   9.9466640e+06   3.9916992e+01
   9.9466910e+06   3.8940430e+01
   9.9467300e+06   5.0781250e+01
   9.9467510e+06   3.7231445e+01
   9.9467630e+06   4.2236328e+01
   9.9468100e+06   4.1687012e+01
   9.9468450e+06   5.4992676e+01
   9.9469100e+06   4.8706055e+01
   9.9469400e+06   4.5837402e+01
   9.9469500e+06   4.5288086e+01
   9.9469930e+06   4.4128418e+01
   9.9470220e+06   3.7780762e+01
   9.9472060e+06   3.5827637e+01
   9.9473980e+06   3.6987305e+01
   9.9474370e+06   3.8269043e+01
   9.9479130e+06   3.8635254e+01
   9.9830300e+06   4.0161133e+01
   9.9831400e+06   4.0832520e+01
   9.9832150e+06   3.7048340e+01
   9.9832650e+06   7.7514648e+01
   9.9833310e+06   4.8950195e+01
   9.9834010e+06   6.6650391e+01
   9.9834380e+06   3.6804199e+01
   9.9834760e+06   4.1809082e+01
   9.9835030e+06   3.8635254e+01
   9.9835240e+06   3.5766602e+01
   9.9835520e+06   4.3884277e+01
   9.9835650e+06   6.5246582e+01
   9.9835980e+06   3.7780762e+01
   9.9836130e+06   3.6865234e+01
   9.9836360e+06   3.5583496e+01
   9.9836460e+06   4.0954590e+01
   9.9836700e+06   4.2907715e+01
   9.9837900e+06   4.3212891e+01
   9.9838410e+06   4.0771484e+01
   9.9839410e+06   5.1879883e+01
   9.9840740e+06   4.0222168e+01
   9.9841420e+06   3.6743164e+01
   9.9846400e+06   3.9916992e+01
   9.9853000e+06   3.8513184e+01
   1.0016795e+07   3.5705566e+01
   1.0016922e+07   4.1687012e+01
   1.0017001e+07   5.2917480e+01
   1.0017036e+07   3.6071777e+01
   1.0017059e+07   4.5898438e+01
   1.0017090e+07   3.6193848e+01
   1.0017110e+07   3.5705566e+01
   1.0017170e+07   3.7902832e+01
   1.0017202e+07   3.6987305e+01
   1.0017216e+07   4.7058105e+01
   1.0017244e+07   4.5410156e+01
   1.0017264e+07   4.4372559e+01
   1.0017353e+07   4.2236328e+01
   1.0017403e+07   3.9855957e+01
   1.0017444e+07   5.2429199e+01
   1.0017478e+07   4.4799805e+01
   1.0017500e+07   3.9489746e+01
   1.0017592e+07   3.9550781e+01
   1.0017622e+07   4.2297363e+01
   1.0017704e+07   4.2846680e+01
   1.0017736e+07   3.7109375e+01
   1.0017864e+07   4.4250488e+01
   1.0017932e+07   4.3151855e+01
   1.0018063e+07   3.7292480e+01
   1.0018147e+07   3.8330078e+01
   1.0018220e+07   3.7536621e+01
   1.0018590e+07   3.6254883e+01
   1.0018735e+07   4.6447754e+01
   1.0018891e+07   3.6560059e+01
   1.0027552e+07   3.7719727e+01
   1.0068990e+07   3.6254883e+01
   1.0069497e+07   3.6865234e+01
   1.0069528e+07   4.9987793e+01
   1.0069657e+07   3.8208008e+01
   1.0069669e+07   4.7607422e+01
   1.0069681e+07   4.4006348e+01
   1.0069709e+07   4.7180176e+01
   1.0069767e+07   6.0424805e+01
   1.0069789e+07   3.6865234e+01
   1.0069809e+07   4.0771484e+01
   1.0069834e+07   5.5664062e+01
   1.0069896e+07   3.6682129e+01
   1.0069948e+07   3.8635254e+01
   1.0069962e+07   3.9550781e+01
   1.0070026e+07   4.0100098e+01
   1.0070108e+07   4.0466309e+01
   1.0070180e+07   4.8095703e+01
   1.0070195e+07   4.3457031e+01
   1.0070292e+07   3.8574219e+01
   1.0070350e+07   3.5522461e+01
   1.0070417e+07   3.9733887e+01
   1.0070607e+07   3.5888672e+01
   1.0070710e+07   3.5522461e+01
   1.0071385e+07   3.6865234e+01
   1.0071470e+07   3.7109375e+01
   1.0253726e+07   3.5522461e+01
   1.1470213e+07   4.8889160e+01
   1.1470304e+07   5.1330566e+01
   1.1470334e+07   5.9692383e+01
   1.1470363e+07   3.7536621e+01
   1.1470393e+07   3.5888672e+01
   1.1470410e+07   6.0119629e+01
   1.1470425e+07   4.2114258e+01
   1.1470436e+07   4.7668457e+01
   1.1470457e+07   5.0170898e+01
   1.1470499e+07   3.5461426e+01
   1.1470532e+07   5.9631348e+01
   1.1470562e+07   3.8085938e+01
   1.1470588e+07   3.5522461e+01
   1.1470609e+07   4.2541504e+01
   1.1470665e+07   3.5888672e+01
   1.1470714e+07   4.2358398e+01
   1.1470751e+07   3.6499023e+01
   1.1471357e+07   3.6315918e+01
   1.1471744e+07   3.8146973e+01
   1.1471912e+07   3.7109375e+01
   1.1515296e+07   3.6254883e+01
   1.1515420e+07   4.0344238e+01
   1.1515463e+07   5.0842285e+01
   1.1515476e+07   5.0170898e+01
   1.1515527e+07   3.5766602e+01
   1.1515581e+07   4.4006348e+01
   1.1515607e+07   3.7414551e+01
   1.1515659e+07   3.7719727e+01
   1.1515691e+07   4.0954590e+01
   1.1515711e+07   5.3222656e+01
   1.1515767e+07   3.7414551e+01
   1.1515806e+07   4.8400879e+01
   1.1515830e+07   4.1137695e+01
   1.1515880e+07   3.5583496e+01
   1.1515934e+07   4.0466309e+01
   1.1515965e+07   3.6865234e+01
   1.1516029e+07   4.1809082e+01
   1.1516045e+07   3.5522461e+01
   1.1516159e+07   4.2480469e+01
   1.1516189e+07   3.7719727e+01
   1.1516586e+07   3.5583496e+01
   1.1517306e+07   3.5705566e+01
   1.1533562e+07   3.8757324e+01
   1.1570918e+07   5.2795410e+01
   1.1570962e+07   3.7048340e+01
   1.1570998e+07   3.6560059e+01
   1.1571058e+07   3.6865234e+01
   1.1571077e+07   6.9152832e+01
   1.1571123e+07   4.0161133e+01
   1.1571146e+07   3.7780762e+01
   1.1571188e+07   4.6508789e+01
   1.1571206e+07   4.2175293e+01
   1.1571256e+07   3.7048340e+01
   1.1571283e+07   6.1706543e+01
   1.1571313e+07   4.3212891e+01
   1.1571335e+07   5.4260254e+01
   1.1571348e+07   4.4799805e+01
   1.1571398e+07   3.8024902e+01
   1.1571471e+07   3.6926270e+01
   1.1571506e+07   4.0100098e+01
   1.1571594e+07   3.7658691e+01
   1.1571682e+07   3.8818359e+01
   1.1571734e+07   3.8818359e+01
   1.1571856e+07   3.6499023e+01
   1.1571997e+07   3.6560059e+01
   1.1572494e+07   3.8757324e+01
