   1.1996000e+07   0.0000000e+00
   6.4396000e+04   5.6640625e+01
   6.4591000e+04   5.1452637e+01
   6.4784000e+04   5.6152344e+01
   6.4878000e+04   4.5166016e+01
   6.4992000e+04   5.1574707e+01
   6.5070000e+04   4.8767090e+01
   6.5250000e+04   4.4555664e+01
   6.5391000e+04   4.7851562e+01
   2.9544000e+05   5.6396484e+01
   2.9560300e+05   5.2246094e+01
   2.9582100e+05   4.9499512e+01
   5.8142500e+05   5.7006836e+01
   6.5928300e+05   5.1391602e+01
   6.5934300e+05   4.9194336e+01
   6.5952500e+05   4.3090820e+01
   6.5960100e+05   3.8940430e+01
   6.5968300e+05   4.1137695e+01
   6.5976100e+05   3.5949707e+01
   6.5983300e+05   4.1076660e+01
   6.5993000e+05   3.9733887e+01
   6.6001100e+05   3.9184570e+01
   6.6014800e+05   4.2480469e+01
   6.6030900e+05   4.5166016e+01
   6.6038300e+05   3.8574219e+01
   6.6049200e+05   4.4555664e+01
   6.6070600e+05   4.4128418e+01
   6.6083500e+05   4.1442871e+01
   6.6095700e+05   4.4311523e+01
   6.6115000e+05   3.9672852e+01
   6.6125400e+05   4.5104980e+01
   6.6142300e+05   4.8461914e+01
   6.6194500e+05   4.4128418e+01
   6.6229900e+05   4.7729492e+01
   7.6373300e+05   5.0720215e+01
   7.6381000e+05   4.7668457e+01
   7.6387800e+05   4.3334961e+01
   7.6398800e+05   3.5705566e+01
   7.6408800e+05   4.7424316e+01
   7.6418700e+05   3.9794922e+01
   7.6429800e+05   4.8828125e+01
   7.6442000e+05   5.2734375e+01
   7.6459000e+05   3.6315918e+01
   8.4294800e+05   4.9011230e+01
   8.4306200e+05   6.6101074e+01
   1.1758950e+06   4.4555664e+01
   1.2427290e+06   6.1584473e+01
   1.2429160e+06   5.2185059e+01
   1.2447440e+06   5.9265137e+01
   1.5785060e+06   4.4616699e+01
   1.5785750e+06   5.2246094e+01
   1.5786340e+06   3.4301758e+01
   1.5786960e+06   4.6630859e+01
   1.5787620e+06   3.3630371e+01
   1.5789020e+06   3.3020020e+01
   1.5792530e+06   3.6804199e+01
   1.5793370e+06   3.3020020e+01
   1.5794120e+06   3.3935547e+01
   1.5795110e+06   3.4362793e+01
   1.5796230e+06   3.9611816e+01
   1.5797250e+06   4.4921875e+01
   1.5798970e+06   5.4565430e+01
   1.5800300e+06   4.4921875e+01
   1.5802540e+06   5.1940918e+01
   1.5804600e+06   4.0283203e+01
   1.5806760e+06   3.9916992e+01
   1.5809060e+06   4.1564941e+01
   1.5812670e+06   5.3894043e+01
   1.5815810e+06   4.1076660e+01
   1.7218170e+06   5.6640625e+01
   1.7219070e+06   4.7424316e+01
   1.7219810e+06   4.0649414e+01
   1.7220750e+06   3.7048340e+01
   1.7221590e+06   3.8330078e+01
   1.7223820e+06   3.6926270e+01
   1.7224890e+06   4.7302246e+01
   1.7226270e+06   5.3527832e+01
   1.7227720e+06   4.2297363e+01
   1.7229220e+06   4.9133301e+01
   1.7230980e+06   4.2053223e+01
   1.8196260e+06   5.2490234e+01
   1.8196870e+06   4.4860840e+01
   1.8198210e+06   3.4729004e+01
   1.8199040e+06   5.3466797e+01
   1.8200140e+06   3.7170410e+01
   1.8201100e+06   4.5288086e+01
   1.8202810e+06   3.9611816e+01
   1.8206710e+06   5.7678223e+01
   1.8851260e+06   4.8156738e+01
   1.8851830e+06   4.8828125e+01
   1.8852600e+06   4.1259766e+01
   1.8853450e+06   4.0344238e+01
   1.8855610e+06   4.2907715e+01
   1.8856610e+06   3.7353516e+01
   1.8857630e+06   5.7922363e+01
   2.1115650e+06   4.9316406e+01
   2.1116310e+06   4.8583984e+01
   2.1117310e+06   4.4921875e+01
   2.1118370e+06   5.5603027e+01
   2.1119190e+06   3.5278320e+01
   2.1120160e+06   5.4077148e+01
   2.1120720e+06   3.5705566e+01
   2.1121650e+06   4.4311523e+01
   2.1122650e+06   4.0405273e+01
   2.1123610e+06   5.0415039e+01
   2.1125030e+06   4.3029785e+01
   2.1126710e+06   4.6325684e+01
   2.4363390e+06   6.0363770e+01
   2.4364030e+06   4.2602539e+01
   2.4364770e+06   3.6437988e+01
   2.4365360e+06   3.5827637e+01
   2.4366020e+06   3.4973145e+01
   2.4366790e+06   3.8269043e+01
   2.4367780e+06   3.7292480e+01
   2.4368800e+06   4.6997070e+01
   2.4370000e+06   4.3945312e+01
   2.4371690e+06   5.2062988e+01
   2.4373610e+06   4.8767090e+01
   2.4375390e+06   4.0527344e+01
   2.4377080e+06   3.4790039e+01
   2.6383880e+06   4.7302246e+01
   2.6384510e+06   5.2978516e+01
   2.6385420e+06   5.2429199e+01
   2.6386250e+06   4.3273926e+01
   2.6387290e+06   3.7292480e+01
   2.6388410e+06   4.6875000e+01
   2.6390240e+06   4.5532227e+01
   2.6391620e+06   4.5776367e+01
   2.6394670e+06   5.7067871e+01
   2.8090790e+06   5.4382324e+01
   2.8091330e+06   4.1931152e+01
   2.8092070e+06   3.5827637e+01
   2.8092700e+06   4.5715332e+01
   2.8093380e+06   3.7048340e+01
   2.8094170e+06   4.5349121e+01
   2.8096260e+06   4.7363281e+01
   2.8097030e+06   3.7414551e+01
   2.8098890e+06   4.4555664e+01
   2.8100130e+06   4.9255371e+01
   2.8101560e+06   4.9987793e+01
   2.8103220e+06   4.0161133e+01
   2.8106410e+06   4.7912598e+01
   2.8109980e+06   4.6813965e+01
   2.9619780e+06   5.3283691e+01
   2.9620580e+06   4.9377441e+01
   2.9621600e+06   5.6518555e+01
   2.9622560e+06   4.8767090e+01
   2.9623400e+06   4.5898438e+01
   2.9625300e+06   4.5104980e+01
   3.1147220e+06   5.2734375e+01
   3.1148130e+06   4.0100098e+01
   3.1149510e+06   4.1442871e+01
   3.5587600e+06   5.6518555e+01
   3.5588070e+06   4.1931152e+01
   3.5588710e+06   4.2114258e+01
   3.5589280e+06   3.9306641e+01
   3.5590720e+06   4.3762207e+01
   3.5591860e+06   4.0039062e+01
   3.5593470e+06   3.9428711e+01
   3.5596180e+06   3.3447266e+01
   3.5598650e+06   3.4179688e+01
   3.5599280e+06   3.5949707e+01
   3.5600720e+06   5.4199219e+01
   3.5602230e+06   4.7973633e+01
   3.5603340e+06   4.6203613e+01
   3.5606440e+06   4.6997070e+01
   3.5609080e+06   3.7902832e+01
   3.7092750e+06   3.9306641e+01
   3.7093870e+06   5.9753418e+01
   3.7094690e+06   4.7180176e+01
   3.7095500e+06   4.1442871e+01
   3.7096150e+06   3.8940430e+01
   3.7097090e+06   5.2612305e+01
   3.7098040e+06   4.0466309e+01
   3.7098650e+06   4.0405273e+01
   3.7099490e+06   3.9184570e+01
   3.7100940e+06   4.8034668e+01
   3.7101790e+06   4.9682617e+01
   3.7104330e+06   4.9072266e+01
   3.7105490e+06   3.9978027e+01
   3.8566130e+06   4.8156738e+01
   3.8568180e+06   5.9936523e+01
   3.8569440e+06   5.1025391e+01
   3.8571550e+06   4.5837402e+01
   3.8573300e+06   4.3212891e+01
   3.8574150e+06   5.9143066e+01
   3.8577580e+06   4.5410156e+01
   4.0711990e+06   5.7556152e+01
   4.0713040e+06   4.3090820e+01
   4.0713560e+06   4.0344238e+01
   4.0714310e+06   4.0649414e+01
   4.0715000e+06   3.6315918e+01
   4.0715790e+06   3.2958984e+01
   4.0716780e+06   4.0039063e+01
   4.0718100e+06   4.7546387e+01
   4.0719510e+06   3.8940430e+01
   4.0721410e+06   4.9987793e+01
   4.2590170e+06   6.0852051e+01
   4.2591130e+06   3.9611816e+01
   4.2592170e+06   4.7851562e+01
   4.2592930e+06   5.1513672e+01
   4.2595010e+06   5.7617187e+01
   4.3576860e+06   6.0058594e+01
   4.4741620e+06   6.1218262e+01
   4.4742330e+06   4.9865723e+01
   4.4744050e+06   4.4494629e+01
   4.4745610e+06   5.4992676e+01
   4.4746790e+06   4.8095703e+01
   4.4749940e+06   4.5410156e+01
   4.6558550e+06   4.8889160e+01
   4.6559560e+06   4.4006348e+01
   4.6560750e+06   3.9916992e+01
   4.6561530e+06   4.8950195e+01
   4.6562150e+06   3.6010742e+01
   4.6562790e+06   4.2419434e+01
   4.6563420e+06   3.6865234e+01
   4.6564480e+06   4.4555664e+01
   4.6565520e+06   4.8217773e+01
   4.6566750e+06   3.4301758e+01
   4.6568310e+06   3.6682129e+01
   4.6569660e+06   4.4921875e+01
   4.6572450e+06   5.0903320e+01
   4.6579070e+06   4.6264648e+01
   4.8035870e+06   5.3222656e+01
   5.1785990e+06   6.0363770e+01
   5.1787350e+06   4.0771484e+01
   5.1787930e+06   4.0344238e+01
   5.1788570e+06   3.5949707e+01
   5.1789240e+06   3.9550781e+01
   5.1789820e+06   3.7048340e+01
   5.1790500e+06   4.0527344e+01
   5.1791150e+06   3.8940430e+01
   5.1791630e+06   3.8085938e+01
   5.1792520e+06   3.9428711e+01
   5.1793660e+06   4.5349121e+01
   5.1795880e+06   5.4382324e+01
   5.1799710e+06   4.2846680e+01
   5.1801070e+06   4.4311523e+01
   5.1803210e+06   5.3283691e+01
   5.1804620e+06   4.9987793e+01
   5.4516200e+06   4.5227051e+01
   5.4524580e+06   5.8349609e+01
   5.4525250e+06   4.6936035e+01
   5.4526090e+06   4.2114258e+01
   5.4526690e+06   4.2602539e+01
   5.4527480e+06   4.1259766e+01
   5.4528530e+06   4.1320801e+01
   5.4530130e+06   3.2775879e+01
   5.4530930e+06   4.2358398e+01
   5.4531790e+06   3.5644531e+01
   5.4532760e+06   3.8146973e+01
   5.4533890e+06   4.0100098e+01
   5.4534920e+06   5.0781250e+01
   5.4536360e+06   4.3945312e+01
   5.5496130e+06   5.2307129e+01
   5.5497680e+06   3.7719727e+01
   5.5498380e+06   4.8034668e+01
   5.5499140e+06   3.7719727e+01
   5.5500400e+06   4.4250488e+01
   5.5501770e+06   4.1320801e+01
   5.5502640e+06   5.3955078e+01
   5.5504510e+06   3.8757324e+01
   5.5506980e+06   4.1564941e+01
   6.0625350e+06   4.6142578e+01
   6.1073760e+06   4.0893555e+01
   6.1074880e+06   3.7353516e+01
   6.1075650e+06   5.1635742e+01
   6.1076410e+06   3.9367676e+01
   6.1077150e+06   3.7780762e+01
   6.1077810e+06   3.4667969e+01
   6.1079060e+06   3.4484863e+01
   6.1081960e+06   4.1870117e+01
   6.1082770e+06   4.1870117e+01
   6.1084790e+06   3.8574219e+01
   6.1086550e+06   4.4860840e+01
   6.1089610e+06   4.2480469e+01
   6.1091060e+06   3.6926270e+01
   6.1092640e+06   4.4738770e+01
   6.1095790e+06   5.5114746e+01
   6.1098050e+06   4.3273926e+01
   6.1102340e+06   4.5288086e+01
   6.4899410e+06   4.7851562e+01
   6.4899860e+06   3.7841797e+01
   6.4900680e+06   3.8208008e+01
   6.4901450e+06   4.1809082e+01
   6.4902060e+06   3.9611816e+01
   6.4903680e+06   3.7048340e+01
   6.4904400e+06   3.3691406e+01
   6.4906380e+06   3.7597656e+01
   6.4908080e+06   4.0832520e+01
   6.4910930e+06   5.5908203e+01
   6.4912070e+06   4.8339844e+01
   6.4913430e+06   4.4860840e+01
   6.4915300e+06   4.4067383e+01
   6.4918360e+06   5.0598145e+01
   6.4924760e+06   5.0903320e+01
   6.5763710e+06   5.1940918e+01
   6.5764470e+06   4.6630859e+01
   6.5765240e+06   4.3640137e+01
   6.5766260e+06   4.9621582e+01
   6.5766890e+06   3.6743164e+01
   6.5767850e+06   3.6193848e+01
   6.5768780e+06   4.5776367e+01
   6.5770000e+06   4.2114258e+01
   6.5771440e+06   4.4433594e+01
   6.5773290e+06   4.7180176e+01
   6.5774760e+06   3.3081055e+01
   6.7879950e+06   4.8156738e+01
   6.7880520e+06   4.7546387e+01
   6.7881480e+06   4.1809082e+01
   6.7883590e+06   5.4931641e+01
   7.1688970e+06   5.4443359e+01
   7.1695000e+06   5.6335449e+01
   7.1695790e+06   5.3283691e+01
   7.1696990e+06   5.4504395e+01
   7.1697680e+06   4.0588379e+01
   7.1698210e+06   3.4484863e+01
   7.1699000e+06   4.3090820e+01
   7.1699710e+06   3.9245605e+01
   7.1700760e+06   4.2419434e+01
   7.1701600e+06   3.3081055e+01
   7.1702470e+06   3.9855957e+01
   7.1703290e+06   3.4057617e+01
   7.1704270e+06   3.8208008e+01
   7.1705200e+06   5.4748535e+01
   7.1707420e+06   4.5837402e+01
   7.1708380e+06   3.4057617e+01
   7.1709960e+06   5.1391602e+01
   7.1712310e+06   4.6936035e+01
   7.1713650e+06   4.9316406e+01
   7.4710270e+06   5.6945801e+01
   7.4710850e+06   4.3334961e+01
   7.4712000e+06   4.5349121e+01
   7.4712920e+06   4.5410156e+01
   7.4713580e+06   3.4851074e+01
   7.4714200e+06   3.8452148e+01
   7.4715010e+06   3.3996582e+01
   7.4715900e+06   4.0832520e+01
   7.4716850e+06   4.1076660e+01
   7.4717820e+06   4.4311523e+01
   7.4719450e+06   5.1452637e+01
   7.4721840e+06   3.9611816e+01
   7.4722810e+06   4.6630859e+01
   7.4724900e+06   4.5471191e+01
   7.5898100e+06   6.5734863e+01
   7.5900850e+06   4.4982910e+01
   7.5902150e+06   5.4443359e+01
   7.8333090e+06   4.3395996e+01
   7.8333790e+06   4.4982910e+01
   7.8334470e+06   4.0161133e+01
   7.8335160e+06   4.2419434e+01
   7.8335830e+06   4.0527344e+01
   7.8337010e+06   4.3518066e+01
   7.8337770e+06   3.4545898e+01
   7.8339230e+06   5.8166504e+01
   7.8340500e+06   3.6926270e+01
   7.8341350e+06   4.4677734e+01
   7.8343020e+06   4.0039062e+01
   8.1884040e+06   4.9865723e+01
   8.1884770e+06   4.8645020e+01
   8.1885370e+06   4.6264648e+01
   8.1886360e+06   4.7546387e+01
   8.1887170e+06   4.5898438e+01
   8.1888400e+06   3.6437988e+01
   8.1889780e+06   3.2836914e+01
   8.1890560e+06   3.5095215e+01
   8.1891490e+06   4.4494629e+01
   8.1893200e+06   4.1625977e+01
   8.1895500e+06   5.0170898e+01
   8.1896880e+06   4.2297363e+01
   8.1899060e+06   4.6325684e+01
   8.5493520e+06   5.5786133e+01
   8.5494320e+06   5.5419922e+01
   8.5494850e+06   4.6875000e+01
   8.5495640e+06   4.5898438e+01
   8.5497260e+06   4.0588379e+01
   8.5497900e+06   3.9428711e+01
   8.5498980e+06   4.3823242e+01
   8.5500060e+06   3.9062500e+01
   8.5500780e+06   3.8208008e+01
   8.5501640e+06   4.7485352e+01
   8.5504060e+06   4.7912598e+01
   8.5504870e+06   4.2541504e+01
   8.5506210e+06   4.3945312e+01
   8.5507650e+06   5.1879883e+01
   8.5510150e+06   5.1574707e+01
   8.5516070e+06   4.8889160e+01
   8.7525090e+06   4.7851562e+01
   8.7525920e+06   4.6752930e+01
   8.7526460e+06   3.6437988e+01
   8.7528340e+06   5.8776855e+01
   8.7529210e+06   3.4057617e+01
   8.7529920e+06   4.1198730e+01
   8.7530820e+06   3.8269043e+01
   8.7531550e+06   4.0954590e+01
   8.7532260e+06   4.1809082e+01
   8.7533090e+06   4.4250488e+01
   8.7533970e+06   3.6315918e+01
   8.7534960e+06   3.3325195e+01
   8.7537320e+06   4.7790527e+01
   8.9214820e+06   5.8105469e+01
   8.9215540e+06   5.1147461e+01
   8.9216410e+06   4.5227051e+01
   8.9217290e+06   4.2114258e+01
   8.9218130e+06   4.4494629e+01
   8.9219340e+06   4.2663574e+01
   8.9221570e+06   5.3894043e+01
   9.0432850e+06   6.0546875e+01
   9.0433860e+06   4.5837402e+01
   9.0435220e+06   5.5786133e+01
   9.1071930e+06   5.2551270e+01
   9.1073040e+06   4.9804688e+01
   9.1074580e+06   5.5358887e+01
   9.3438520e+06   5.1513672e+01
   9.3439950e+06   4.7790527e+01
   9.3440720e+06   4.5593262e+01
   9.3442010e+06   4.3273926e+01
   9.3442640e+06   5.0842285e+01
   9.3443550e+06   3.8757324e+01
   9.3444380e+06   3.2897949e+01
   9.3445210e+06   3.7719727e+01
   9.3445830e+06   3.3569336e+01
   9.3446830e+06   4.2602539e+01
   9.3448310e+06   4.1931152e+01
   9.4792470e+06   4.3273926e+01
   9.4793350e+06   6.0607910e+01
   9.4794150e+06   4.3945312e+01
   9.4794800e+06   3.6682129e+01
   9.4795400e+06   3.7231445e+01
   9.4796020e+06   4.0344238e+01
   9.4796760e+06   3.9001465e+01
   9.4797430e+06   3.4851074e+01
   9.4798100e+06   3.3752441e+01
   9.4798900e+06   3.5949707e+01
   9.4799670e+06   3.5644531e+01
   9.4800780e+06   4.0527344e+01
   9.4802200e+06   5.2001953e+01
   9.4803870e+06   4.9804688e+01
   9.4806130e+06   5.2429199e+01
   9.4807160e+06   4.3762207e+01
   9.4946360e+06   3.5339355e+01
   9.6032110e+06   5.7739258e+01
   9.6032810e+06   5.7678223e+01
   9.6033460e+06   4.9926758e+01
   9.6034270e+06   3.9611816e+01
   9.6035110e+06   3.6865234e+01
   9.6036250e+06   4.1381836e+01
   9.6037090e+06   3.6987305e+01
   9.6037940e+06   3.9245605e+01
   9.6039950e+06   4.4311523e+01
   9.6041450e+06   4.9072266e+01
   9.6042580e+06   5.2795410e+01
   9.9313390e+06   4.8767090e+01
   9.9315020e+06   5.9204102e+01
   9.9316460e+06   5.4321289e+01
   1.0056488e+07   4.2907715e+01
   1.0056549e+07   4.4311523e+01
   1.0056634e+07   4.3945312e+01
   1.0056718e+07   5.7250977e+01
   1.0056829e+07   4.8217773e+01
   1.0056920e+07   4.0771484e+01
   1.0057017e+07   3.9306641e+01
   1.0057140e+07   4.2053223e+01
   1.0057225e+07   4.0893555e+01
   1.0057377e+07   4.0771484e+01
   1.0057716e+07   4.4921875e+01
   1.0320808e+07   5.4565430e+01
   1.0320883e+07   5.9204102e+01
   1.0321010e+07   4.5043945e+01
   1.0321097e+07   4.4616699e+01
   1.0321183e+07   5.4748535e+01
   1.0321367e+07   5.7983398e+01
   1.0321597e+07   4.9316406e+01
   1.0415060e+07   5.5175781e+01
   1.0415260e+07   5.4138184e+01
   1.0415373e+07   5.2551270e+01
   1.0415534e+07   5.4626465e+01
   1.0415763e+07   5.1818848e+01
   1.0698092e+07   5.2490234e+01
   1.0698150e+07   4.8217773e+01
   1.0698212e+07   4.8583984e+01
   1.0698291e+07   4.0039062e+01
   1.0698347e+07   4.2602539e+01
   1.0698407e+07   3.3325195e+01
   1.0698480e+07   3.2653809e+01
   1.0698551e+07   3.3325195e+01
   1.0698627e+07   3.5095215e+01
   1.0698758e+07   3.4118652e+01
   1.0698830e+07   3.9123535e+01
   1.0698901e+07   3.4423828e+01
   1.0698976e+07   3.8269043e+01
   1.0699079e+07   3.6987305e+01
   1.0699209e+07   4.8339844e+01
   1.0699325e+07   4.3212891e+01
   1.0699454e+07   4.8095703e+01
   1.0699555e+07   5.4748535e+01
   1.0699734e+07   3.6743164e+01
   1.0699891e+07   4.6142578e+01
   1.0700079e+07   4.2358398e+01
   1.0864275e+07   5.6640625e+01
   1.0864350e+07   4.3090820e+01
   1.0864413e+07   4.8034668e+01
   1.0864474e+07   4.0710449e+01
   1.0864530e+07   4.1259766e+01
   1.0864650e+07   4.0771484e+01
   1.0864704e+07   3.4179688e+01
   1.0864768e+07   3.4423828e+01
   1.0864893e+07   3.5522461e+01
   1.0864960e+07   3.2409668e+01
   1.0865030e+07   3.9978027e+01
   1.0865127e+07   3.9123535e+01
   1.0865256e+07   3.9672852e+01
   1.0865483e+07   4.1259766e+01
   1.0865612e+07   4.8767090e+01
   1.0978814e+07   6.0791016e+01
   1.0978899e+07   4.0039062e+01
   1.0978969e+07   3.9672852e+01
   1.0979070e+07   5.1818848e+01
   1.0979167e+07   4.5104980e+01
   1.0979251e+07   3.4118652e+01
   1.0979460e+07   4.5654297e+01
   1.0979765e+07   4.9560547e+01
   1.1192710e+07   4.8156738e+01
   1.1192807e+07   4.6936035e+01
   1.1192863e+07   3.3691406e+01
   1.1192926e+07   4.5776367e+01
   1.1193014e+07   4.7729492e+01
   1.1193113e+07   4.6447754e+01
   1.1193178e+07   3.9001465e+01
   1.1193242e+07   3.8208008e+01
   1.1193362e+07   4.4982910e+01
   1.1193471e+07   4.6997070e+01
   1.1193589e+07   3.6010742e+01
   1.1193908e+07   4.7424316e+01
   1.1194183e+07   4.0405273e+01
   1.1425482e+07   5.7189941e+01
   1.1459081e+07   4.7912598e+01
   1.1459241e+07   4.7363281e+01
   1.1459711e+07   4.9499512e+01
   1.1738018e+07   5.8593750e+01
   1.1738181e+07   4.9743652e+01
   1.1738269e+07   5.2307129e+01
   1.1738327e+07   5.0292969e+01
   1.1738397e+07   4.4799805e+01
   1.1738489e+07   3.5705566e+01
   1.1738604e+07   4.0527344e+01
   1.1738672e+07   3.8757324e+01
   1.1738779e+07   4.1564941e+01
   1.1738869e+07   4.4006348e+01
   1.1739160e+07   4.5288086e+01
   1.1739306e+07   4.7302246e+01
   1.1739535e+07   4.3457031e+01
   1.1739957e+07   4.1870117e+01
   1.1740193e+07   4.7302246e+01
   1.1740480e+07   5.4565430e+01
   1.1916197e+07   3.3264160e+01
   1.1950751e+07   5.7495117e+01
   1.1950878e+07   4.2724609e+01
   1.1950931e+07   3.5339355e+01
   1.1951018e+07   3.7109375e+01
   1.1951074e+07   3.2958984e+01
   1.1951186e+07   4.0527344e+01
   1.1951289e+07   4.9316406e+01
   1.1951375e+07   4.2419434e+01
   1.1951465e+07   4.0466309e+01
   1.1951577e+07   3.5766602e+01
   1.1951654e+07   3.7902832e+01
   1.1951821e+07   4.8095703e+01
   1.1952430e+07   5.2734375e+01
