   1.1996000e+07   0.0000000e+00
   1.8318890e+06   1.1413574e+01
   2.6471590e+06   1.0925293e+01
   3.3457890e+06   1.1535645e+01
   4.6834830e+06   1.0375977e+01
   4.8739760e+06   1.0742188e+01
   4.9776070e+06   1.0681152e+01
   5.2211160e+06   1.0620117e+01
   7.6203770e+06   1.0681152e+01
   8.8674380e+06   1.0559082e+01
   9.3027750e+06   1.0375977e+01
   9.9579880e+06   1.0498047e+01
   1.0799262e+07   1.0681152e+01
   1.1443737e+07   1.0681152e+01
   1.1538090e+07   1.0620117e+01
   1.1702495e+07   1.0742188e+01
