   1.1999000e+07   0.0000000e+00
   1.5080000e+03   4.1442871e+01
   3.3770000e+03   4.4311523e+01
   6.7800000e+03   4.0283203e+01
   6.9740000e+03   3.8330078e+01
   1.1242000e+04   4.4860840e+01
   1.8011000e+04   4.6936035e+01
   2.0791000e+04   4.0954590e+01
   2.4743000e+04   3.9123535e+01
   2.5780000e+04   4.5288086e+01
   2.9317000e+04   4.0222168e+01
   3.1773000e+04   4.5898438e+01
   3.3546000e+04   3.9245605e+01
   3.4782000e+04   3.8940430e+01
   3.5874000e+04   4.0588379e+01
   4.0177000e+04   4.1076660e+01
   4.1943000e+04   3.8940430e+01
   4.3698000e+04   4.1748047e+01
   4.5239000e+04   3.8818359e+01
   4.8664000e+04   3.9733887e+01
   5.0987000e+04   4.8156738e+01
   5.4910000e+04   4.1198730e+01
   5.6331000e+04   3.9978027e+01
   6.4082000e+04   1.6912842e+02
   6.6490000e+04   3.8330078e+01
   6.8061000e+04   4.4067383e+01
   6.9341000e+04   3.9794922e+01
   7.1104000e+04   4.0588379e+01
   7.5495000e+04   4.0100098e+01
   7.7408000e+04   3.9550781e+01
   8.3913000e+04   4.8156738e+01
   8.6602000e+04   4.1381836e+01
   9.2876000e+04   3.9611816e+01
   9.5340000e+04   4.3029785e+01
   1.0450700e+05   3.8330078e+01
   1.0545400e+05   4.2053223e+01
   1.0879300e+05   4.1320801e+01
   1.1022800e+05   4.0039062e+01
   1.1645600e+05   4.0161133e+01
   1.2072200e+05   4.0405273e+01
   1.2192700e+05   3.9489746e+01
   1.2322400e+05   3.9428711e+01
   1.2633300e+05   4.4738770e+01
   1.3557700e+05   4.4616699e+01
   1.3735400e+05   3.8635254e+01
   1.3783400e+05   4.0161133e+01
   1.4169600e+05   3.8818359e+01
   1.4343000e+05   4.3090820e+01
   1.4452900e+05   3.9733887e+01
   1.4796800e+05   4.0588379e+01
   1.4934700e+05   3.8574219e+01
   1.5407700e+05   4.0039062e+01
   1.5419400e+05   4.0466309e+01
   1.5784200e+05   4.3334961e+01
   1.5830900e+05   4.1931152e+01
   1.6122200e+05   4.1198730e+01
   1.6298800e+05   4.0161133e+01
   1.6387800e+05   3.8940430e+01
   1.7204100e+05   4.3518066e+01
   1.7503200e+05   3.9184570e+01
   1.7608100e+05   4.5043945e+01
   1.7701300e+05   4.3395996e+01
   1.8383400e+05   3.8452148e+01
   1.9631800e+05   4.4311523e+01
   2.0042700e+05   4.0161133e+01
   2.0134700e+05   3.9550781e+01
   2.0629900e+05   3.9916992e+01
   2.1121900e+05   3.9489746e+01
   2.1339100e+05   4.2114258e+01
   2.1513000e+05   3.8696289e+01
   2.2104400e+05   3.9184570e+01
   2.2221200e+05   4.0283203e+01
   2.2349600e+05   3.8879395e+01
   2.2481000e+05   3.8757324e+01
   2.3869400e+05   3.8818359e+01
   2.4508600e+05   3.8879395e+01
   2.4723000e+05   3.8635254e+01
   2.5030800e+05   4.8217773e+01
   2.5194700e+05   4.5288086e+01
   2.5352800e+05   4.2846680e+01
   2.5429100e+05   4.0893555e+01
   2.5500100e+05   3.9794922e+01
   2.5992400e+05   3.8757324e+01
   2.6295300e+05   3.9550781e+01
   2.6898300e+05   4.0039062e+01
   2.7342400e+05   4.2175293e+01
   2.7355100e+05   4.0832520e+01
   2.7644300e+05   4.0283203e+01
   2.8007600e+05   3.8635254e+01
   2.8259000e+05   4.0405273e+01
   2.8482200e+05   4.2419434e+01
   2.9093900e+05   5.4565430e+01
   2.9421100e+05   4.7851562e+01
   2.9591700e+05   4.1198730e+01
   3.0263100e+05   3.8513184e+01
   3.0806600e+05   4.1992188e+01
   3.0929400e+05   4.0283203e+01
   3.0996600e+05   3.8940430e+01
   3.1283700e+05   4.1687012e+01
   3.1626000e+05   4.2053223e+01
   3.1655800e+05   3.9062500e+01
   3.1838100e+05   4.4860840e+01
   3.1999700e+05   4.0954590e+01
   3.2984100e+05   4.3701172e+01
   3.3276700e+05   4.4799805e+01
   3.3394800e+05   4.6752930e+01
   3.3584500e+05   4.5776367e+01
   3.3686600e+05   3.9550781e+01
   3.4128700e+05   4.1625977e+01
   3.4285800e+05   4.1381836e+01
   3.4780700e+05   4.8156738e+01
   3.5079000e+05   4.1259766e+01
   3.5174100e+05   4.4860840e+01
   3.5363900e+05   4.0344238e+01
   3.5488400e+05   3.8940430e+01
   3.5854400e+05   4.0771484e+01
   3.5949400e+05   3.8879395e+01
   3.6180000e+05   4.0649414e+01
   3.6360800e+05   3.8879395e+01
   3.6561900e+05   3.9367676e+01
   3.7000100e+05   3.9611816e+01
   3.7246400e+05   4.5288086e+01
   3.7916900e+05   4.1259766e+01
   3.8250300e+05   3.9428711e+01
   3.8425900e+05   3.8330078e+01
   3.8593100e+05   4.2358398e+01
   3.8735900e+05   3.9978027e+01
   3.8926300e+05   4.1259766e+01
   3.9152500e+05   3.8696289e+01
   3.9308800e+05   3.8818359e+01
   3.9397100e+05   3.8696289e+01
   3.9557800e+05   3.9245605e+01
   3.9875800e+05   4.6691895e+01
   4.0071400e+05   3.9611816e+01
   4.0285900e+05   4.0161133e+01
   4.0610400e+05   4.0466309e+01
   4.0784800e+05   3.8574219e+01
   4.0967900e+05   4.6691895e+01
   4.1274300e+05   3.8818359e+01
   4.1314400e+05   3.9794922e+01
   4.1502200e+05   4.2297363e+01
   4.2019500e+05   3.8757324e+01
   4.3099000e+05   3.8452148e+01
   4.4013200e+05   4.1381836e+01
   4.4250300e+05   4.2907715e+01
   4.4312600e+05   4.2907715e+01
   4.4487600e+05   4.7180176e+01
   4.5019200e+05   4.1381836e+01
   4.5172900e+05   4.4799805e+01
   4.5220800e+05   3.9489746e+01
   4.5360800e+05   3.9978027e+01
   4.5448800e+05   3.9184570e+01
   4.6131900e+05   3.8879395e+01
   4.6677800e+05   4.1137695e+01
   4.6842300e+05   4.1687012e+01
   4.7837800e+05   3.9306641e+01
   4.7987500e+05   4.2358398e+01
   4.8397100e+05   4.2907715e+01
   4.8479200e+05   3.8574219e+01
   4.8980000e+05   4.2907715e+01
   4.9076800e+05   3.9001465e+01
   4.9323500e+05   3.8635254e+01
   4.9550500e+05   4.1992188e+01
   4.9645000e+05   4.1320801e+01
   5.0033500e+05   4.1198730e+01
   5.0391500e+05   4.3273926e+01
   5.0543500e+05   3.9123535e+01
   5.0696600e+05   3.8330078e+01
   5.0877300e+05   4.0527344e+01
   5.1746000e+05   4.4067383e+01
   5.1837300e+05   4.2236328e+01
   5.2305900e+05   3.8940430e+01
   5.2804000e+05   3.8879395e+01
   5.3150600e+05   4.2602539e+01
   5.3254500e+05   4.4494629e+01
   5.3563500e+05   3.8757324e+01
   5.3854500e+05   3.9489746e+01
   5.4178900e+05   4.4738770e+01
   5.4519800e+05   4.1748047e+01
   5.4620400e+05   4.6142578e+01
   5.4936700e+05   3.9611816e+01
   5.5579700e+05   4.1259766e+01
   5.5810600e+05   4.0283203e+01
   5.6363000e+05   3.8391113e+01
   5.6580800e+05   4.0466309e+01
   5.6857100e+05   4.9926758e+01
   5.7556900e+05   3.9367676e+01
   5.7941400e+05   3.9550781e+01
   5.8582300e+05   3.9855957e+01
   5.8957500e+05   4.1870117e+01
   5.9222100e+05   3.9916992e+01
   5.9324400e+05   4.4067383e+01
   5.9905200e+05   3.9123535e+01
   6.0221700e+05   3.9550781e+01
   6.0444600e+05   4.4067383e+01
   6.0922100e+05   3.8391113e+01
   6.1088600e+05   4.0832520e+01
   6.1150600e+05   3.9978027e+01
   6.1307100e+05   4.0100098e+01
   6.1625900e+05   4.2358398e+01
   6.1799300e+05   4.0771484e+01
   6.2236900e+05   4.0954590e+01
   6.2702000e+05   4.0100098e+01
   6.2950600e+05   3.8574219e+01
   6.3137500e+05   3.8879395e+01
   6.3611500e+05   3.9855957e+01
   6.3723600e+05   4.2663574e+01
   6.4157500e+05   3.8696289e+01
   6.4620800e+05   4.5410156e+01
   6.4907300e+05   4.1137695e+01
   6.5187100e+05   3.9978027e+01
   6.5848500e+05   3.8513184e+01
   6.6183800e+05   3.8391113e+01
   6.6458800e+05   3.8513184e+01
   6.6760700e+05   3.9428711e+01
   6.7067100e+05   4.4311523e+01
   6.7261300e+05   4.1748047e+01
   6.7435500e+05   3.9672852e+01
   6.7609400e+05   3.9611816e+01
   6.7735100e+05   4.6508789e+01
   6.7887000e+05   4.0954590e+01
   6.8365800e+05   3.9428711e+01
   6.8576700e+05   4.0649414e+01
   6.8710100e+05   4.3090820e+01
   6.8877600e+05   4.1503906e+01
   6.9030700e+05   4.1137695e+01
   6.9963200e+05   3.8940430e+01
   7.0139800e+05   4.1931152e+01
   7.0671200e+05   3.8391113e+01
   7.0846900e+05   3.8513184e+01
   7.0983200e+05   3.9611816e+01
   7.1253000e+05   4.0893555e+01
   7.1598500e+05   4.4250488e+01
   7.1809400e+05   4.7912598e+01
   7.1962900e+05   4.1198730e+01
   7.2431100e+05   4.2602539e+01
   7.2724700e+05   3.9001465e+01
   7.2873900e+05   3.9733887e+01
   7.3020100e+05   4.1381836e+01
   7.3368200e+05   4.0039062e+01
   7.3995700e+05   4.5776367e+01
   7.4169500e+05   4.0832520e+01
   7.4336500e+05   4.3212891e+01
   7.4902200e+05   3.9489746e+01
   7.5147200e+05   4.3457031e+01
   7.5723100e+05   4.0466309e+01
   7.5820400e+05   4.2297363e+01
   7.5968800e+05   4.6203613e+01
   7.6368600e+05   3.9245605e+01
   7.6828800e+05   4.2236328e+01
   7.7031900e+05   3.8635254e+01
   7.7168200e+05   4.0466309e+01
   7.7290400e+05   4.0771484e+01
   7.7505900e+05   4.1442871e+01
   7.7615200e+05   3.8940430e+01
   7.8949700e+05   4.3212891e+01
   7.9662300e+05   3.9428711e+01
   8.0438800e+05   4.1442871e+01
   8.0516400e+05   4.1809082e+01
   8.0815100e+05   4.0771484e+01
   8.0926900e+05   3.8452148e+01
   8.1411100e+05   4.7180176e+01
   8.1847400e+05   4.5288086e+01
   8.2017500e+05   3.9794922e+01
   8.2277600e+05   4.1564941e+01
   8.2869300e+05   3.9672852e+01
   8.3066900e+05   3.8879395e+01
   8.3434500e+05   4.2175293e+01
   8.3710900e+05   3.9550781e+01
   8.3859300e+05   4.2602539e+01
   8.4536400e+05   4.0344238e+01
   8.5042600e+05   4.0527344e+01
   8.5301000e+05   4.3884277e+01
   8.5950100e+05   4.4799805e+01
   8.6312700e+05   4.0710449e+01
   8.6434700e+05   4.0710449e+01
   8.7285400e+05   4.0283203e+01
   8.7487800e+05   4.0466309e+01
   8.8319400e+05   3.9123535e+01
   8.8785900e+05   4.1198730e+01
   8.8951400e+05   4.2236328e+01
   8.9144100e+05   4.0771484e+01
   8.9720000e+05   4.0832520e+01
   8.9862700e+05   4.0222168e+01
   9.0154600e+05   4.2358398e+01
   9.0665300e+05   4.0954590e+01
   9.0936000e+05   4.5959473e+01
   9.1824900e+05   4.1625977e+01
   9.2201300e+05   3.8452148e+01
   9.2434000e+05   4.2663574e+01
   9.2740600e+05   3.8940430e+01
   9.2836600e+05   4.0649414e+01
   9.3161500e+05   3.9306641e+01
   9.3312100e+05   4.3518066e+01
   9.3637000e+05   3.8452148e+01
   9.3826800e+05   4.0405273e+01
   9.4486400e+05   3.8757324e+01
   9.4602400e+05   4.0161133e+01
   9.5024800e+05   3.8391113e+01
   9.5730500e+05   3.9184570e+01
   9.5886000e+05   3.8757324e+01
   9.6012600e+05   4.5471191e+01
   9.6816900e+05   3.9916992e+01
   9.7501800e+05   4.1687012e+01
   9.7635800e+05   3.8940430e+01
   9.8057700e+05   3.9428711e+01
   9.8451600e+05   4.2663574e+01
   9.8798000e+05   4.0771484e+01
   9.8821700e+05   3.9184570e+01
   9.9487200e+05   4.2846680e+01
   9.9767500e+05   3.8513184e+01
   1.0035090e+06   3.9611816e+01
   1.0079510e+06   4.4250488e+01
   1.0160940e+06   4.2846680e+01
   1.0217580e+06   4.2480469e+01
   1.0254500e+06   4.8828125e+01
   1.0265210e+06   4.4128418e+01
   1.0312020e+06   4.0832520e+01
   1.0327660e+06   4.4067383e+01
   1.0384840e+06   3.9306641e+01
   1.0448490e+06   3.9550781e+01
   1.0470400e+06   3.8452148e+01
   1.0498720e+06   4.0100098e+01
   1.0515940e+06   4.0405273e+01
   1.0631280e+06   3.8452148e+01
   1.0681710e+06   4.0710449e+01
   1.0695140e+06   4.1381836e+01
   1.0700750e+06   3.8818359e+01
   1.0747170e+06   4.2480469e+01
   1.0835530e+06   4.6081543e+01
   1.0851750e+06   4.0588379e+01
   1.0861260e+06   3.9489746e+01
   1.0925730e+06   3.8940430e+01
   1.0944480e+06   4.1625977e+01
   1.0984720e+06   4.3273926e+01
   1.1039420e+06   3.9794922e+01
   1.1065740e+06   4.2053223e+01
   1.1082360e+06   3.8574219e+01
   1.1178760e+06   4.4799805e+01
   1.1208840e+06   4.2297363e+01
   1.1227130e+06   4.1625977e+01
   1.1280730e+06   4.0588379e+01
   1.1348250e+06   4.2480469e+01
   1.1379280e+06   4.3457031e+01
   1.1427020e+06   4.2419434e+01
   1.1444790e+06   3.9367676e+01
   1.1460960e+06   3.8940430e+01
   1.1487150e+06   4.9011230e+01
   1.1509080e+06   3.8940430e+01
   1.1523670e+06   3.8696289e+01
   1.1566340e+06   5.1330566e+01
   1.1587410e+06   3.9916992e+01
   1.1648030e+06   3.8452148e+01
   1.1662090e+06   4.0832520e+01
   1.1709340e+06   3.8879395e+01
   1.1819550e+06   4.0466309e+01
   1.1858050e+06   4.6936035e+01
   1.1883410e+06   4.1503906e+01
   1.2037060e+06   4.1687012e+01
   1.2061050e+06   4.2358398e+01
   1.2076450e+06   3.9611816e+01
   1.2097540e+06   3.8696289e+01
   1.2118400e+06   3.9733887e+01
   1.2150940e+06   3.9855957e+01
   1.2168390e+06   4.9194336e+01
   1.2191340e+06   3.9428711e+01
   1.2208730e+06   4.1259766e+01
   1.2223550e+06   3.9306641e+01
   1.2232070e+06   4.0832520e+01
   1.2249920e+06   3.9916992e+01
   1.2273810e+06   4.0527344e+01
   1.2296080e+06   3.9978027e+01
   1.2304840e+06   4.3212891e+01
   1.2350790e+06   3.9978027e+01
   1.2385920e+06   3.9672852e+01
   1.2421340e+06   3.9123535e+01
   1.2491240e+06   4.0039062e+01
   1.2551150e+06   4.4555664e+01
   1.2644280e+06   4.1259766e+01
   1.2674310e+06   4.0893555e+01
   1.2684450e+06   3.9489746e+01
   1.2720600e+06   3.9367676e+01
   1.2743250e+06   3.9184570e+01
   1.2760900e+06   4.2785645e+01
   1.2840920e+06   4.4311523e+01
   1.2855510e+06   3.8879395e+01
   1.2924370e+06   3.9367676e+01
   1.2943590e+06   3.8330078e+01
   1.2962100e+06   4.1809082e+01
   1.2990800e+06   4.0405273e+01
   1.3003360e+06   3.9611816e+01
   1.3103110e+06   4.6630859e+01
   1.3206900e+06   4.3395996e+01
   1.3341790e+06   4.0527344e+01
   1.3368870e+06   3.9428711e+01
   1.3388990e+06   5.2246094e+01
   1.3433650e+06   4.0527344e+01
   1.3453330e+06   3.9489746e+01
   1.3485900e+06   4.4555664e+01
   1.3545220e+06   3.9794922e+01
   1.3590880e+06   3.8452148e+01
   1.3640350e+06   4.3457031e+01
   1.3660180e+06   3.8574219e+01
   1.3672970e+06   3.9489746e+01
   1.3738160e+06   3.9733887e+01
   1.3780800e+06   4.3640137e+01
   1.3811450e+06   4.9072266e+01
   1.3855640e+06   3.9611816e+01
   1.3943090e+06   4.4311523e+01
   1.3957110e+06   3.9672852e+01
   1.4010290e+06   4.3762207e+01
   1.4020310e+06   3.8696289e+01
   1.4064070e+06   4.2968750e+01
   1.4073720e+06   4.6691895e+01
   1.4127440e+06   3.8757324e+01
   1.4132420e+06   3.8757324e+01
   1.4270720e+06   4.4494629e+01
   1.4300120e+06   4.1259766e+01
   1.4320820e+06   3.9855957e+01
   1.4332550e+06   3.8574219e+01
   1.4353290e+06   4.1809082e+01
   1.4439740e+06   4.0283203e+01
   1.4465990e+06   4.2968750e+01
   1.4475640e+06   3.8757324e+01
   1.4519280e+06   4.0222168e+01
   1.4536600e+06   3.9916992e+01
   1.4589080e+06   4.1259766e+01
   1.4620630e+06   3.8940430e+01
   1.4640890e+06   4.4677734e+01
   1.4666930e+06   3.8635254e+01
   1.4700830e+06   3.8818359e+01
   1.4739420e+06   4.2175293e+01
   1.4748420e+06   3.8330078e+01
   1.4770680e+06   3.9855957e+01
   1.4819530e+06   4.0832520e+01
   1.4856000e+06   4.3579102e+01
   1.4909210e+06   4.1137695e+01
   1.4940140e+06   4.4799805e+01
   1.4969020e+06   3.9611816e+01
   1.5030240e+06   4.2419434e+01
   1.5081600e+06   4.0832520e+01
   1.5082040e+06   3.9794922e+01
   1.5137030e+06   4.4799805e+01
   1.5140120e+06   4.0710449e+01
   1.5162240e+06   4.2541504e+01
   1.5213760e+06   3.9367676e+01
   1.5219210e+06   4.6752930e+01
   1.5283020e+06   5.6091309e+01
   1.5294600e+06   4.0771484e+01
   1.5333820e+06   4.1503906e+01
   1.5356940e+06   3.9245605e+01
   1.5405040e+06   3.9184570e+01
   1.5414720e+06   3.8757324e+01
   1.5457300e+06   3.8391113e+01
   1.5486530e+06   4.4738770e+01
   1.5558570e+06   4.0832520e+01
   1.5599510e+06   4.3945312e+01
   1.5617760e+06   4.3029785e+01
   1.5628010e+06   3.9672852e+01
   1.5677810e+06   3.9672852e+01
   1.5730470e+06   4.2846680e+01
   1.5756500e+06   3.9306641e+01
   1.5796620e+06   3.8879395e+01
   1.5829760e+06   4.1931152e+01
   1.5855270e+06   4.0161133e+01
   1.5872860e+06   3.8513184e+01
   1.5919560e+06   4.5166016e+01
   1.5930410e+06   4.0466309e+01
   1.5960170e+06   3.8940430e+01
   1.5985210e+06   3.8757324e+01
   1.5988130e+06   4.3090820e+01
   1.6021750e+06   3.8757324e+01
   1.6047310e+06   4.6325684e+01
   1.6188520e+06   4.3518066e+01
   1.6205010e+06   4.3151855e+01
   1.6212850e+06   4.0771484e+01
   1.6260650e+06   4.2907715e+01
   1.6280090e+06   3.8330078e+01
   1.6304920e+06   4.1687012e+01
   1.6321230e+06   3.8696289e+01
   1.6331350e+06   4.0588379e+01
   1.6352920e+06   3.8940430e+01
   1.6403130e+06   3.8696289e+01
   1.6518110e+06   3.9428711e+01
   1.6538780e+06   3.9184570e+01
   1.6558890e+06   4.4067383e+01
   1.6589710e+06   4.1931152e+01
   1.6607660e+06   4.0039062e+01
   1.6662340e+06   4.1381836e+01
   1.6685280e+06   3.8391113e+01
   1.6754360e+06   4.3579102e+01
   1.6785720e+06   5.1879883e+01
   1.6788260e+06   4.4006348e+01
   1.6806110e+06   4.1259766e+01
   1.6822030e+06   4.3762207e+01
   1.6847660e+06   4.0344238e+01
   1.6896910e+06   3.8879395e+01
   1.6905120e+06   4.1320801e+01
   1.6972940e+06   4.2358398e+01
   1.7028330e+06   3.9489746e+01
   1.7053470e+06   4.3701172e+01
   1.7062200e+06   4.1931152e+01
   1.7075740e+06   3.9245605e+01
   1.7118460e+06   3.8391113e+01
   1.7160100e+06   4.3457031e+01
   1.7170940e+06   3.9916992e+01
   1.7206150e+06   4.0893555e+01
   1.7240740e+06   3.8513184e+01
   1.7271120e+06   3.9123535e+01
   1.7332210e+06   4.4494629e+01
   1.7350060e+06   3.9550781e+01
   1.7385100e+06   4.4372559e+01
   1.7390730e+06   4.3945312e+01
   1.7426100e+06   3.9062500e+01
   1.7489980e+06   4.2419434e+01
   1.7513990e+06   4.3090820e+01
   1.7531750e+06   4.4677734e+01
   1.7569110e+06   4.0527344e+01
   1.7590530e+06   4.6447754e+01
   1.7600280e+06   4.3334961e+01
   1.7653120e+06   4.2724609e+01
   1.7677840e+06   4.3457031e+01
   1.7692450e+06   3.9184570e+01
   1.7706290e+06   4.5104980e+01
   1.7746620e+06   4.1381836e+01
   1.7795470e+06   3.9306641e+01
   1.7850140e+06   3.9978027e+01
   1.7870640e+06   3.9001465e+01
   1.7895360e+06   4.2724609e+01
   1.7906740e+06   4.1137695e+01
   1.7919030e+06   3.9306641e+01
   1.7950020e+06   3.8757324e+01
   1.7988780e+06   4.0161133e+01
   1.8037410e+06   4.0893555e+01
   1.8076610e+06   3.8757324e+01
   1.8089690e+06   3.8391113e+01
   1.8118860e+06   3.9916992e+01
   1.8188100e+06   4.3334961e+01
   1.8209620e+06   3.9245605e+01
   1.8228920e+06   4.1809082e+01
   1.8237450e+06   4.3334961e+01
   1.8260340e+06   3.9123535e+01
   1.8280810e+06   3.9184570e+01
   1.8307000e+06   3.8330078e+01
   1.8337330e+06   4.4860840e+01
   1.8368680e+06   3.9794922e+01
   1.8400340e+06   4.1564941e+01
   1.8486550e+06   4.0222168e+01
   1.8508250e+06   4.6752930e+01
   1.8511410e+06   4.1137695e+01
   1.8552330e+06   4.0832520e+01
   1.8599580e+06   4.0161133e+01
   1.8691700e+06   3.8818359e+01
   1.8710190e+06   4.2053223e+01
   1.8720930e+06   4.0100098e+01
   1.8785520e+06   4.1259766e+01
   1.8839620e+06   4.2541504e+01
   1.8884320e+06   3.8452148e+01
   1.8970670e+06   3.8940430e+01
   1.9024150e+06   3.8696289e+01
   1.9044270e+06   4.0039062e+01
   1.9083550e+06   4.0222168e+01
   1.9120570e+06   3.9794922e+01
   1.9142510e+06   4.0588379e+01
   1.9150120e+06   4.0344238e+01
   1.9203580e+06   4.6325684e+01
   1.9226290e+06   3.8513184e+01
   1.9235530e+06   4.4311523e+01
   1.9258480e+06   4.3823242e+01
   1.9312480e+06   3.8574219e+01
   1.9344640e+06   4.0771484e+01
   1.9377280e+06   4.0161133e+01
   1.9421940e+06   4.1687012e+01
   1.9473620e+06   4.3579102e+01
   1.9502780e+06   4.1015625e+01
   1.9533460e+06   3.8330078e+01
   1.9542810e+06   4.0466309e+01
   1.9587120e+06   3.8330078e+01
   1.9607240e+06   4.1687012e+01
   1.9652750e+06   4.3823242e+01
   1.9701490e+06   4.2175293e+01
   1.9739220e+06   4.2785645e+01
   1.9748980e+06   3.9245605e+01
   1.9758700e+06   3.8391113e+01
   1.9769750e+06   3.9855957e+01
   1.9839590e+06   4.0039062e+01
   1.9859690e+06   4.2785645e+01
   1.9873500e+06   4.2297363e+01
   1.9924270e+06   4.1015625e+01
   1.9936010e+06   3.8879395e+01
   1.9962290e+06   4.0527344e+01
   1.9983590e+06   4.0527344e+01
   2.0041420e+06   4.3334961e+01
   2.0089340e+06   3.9428711e+01
   2.0101460e+06   3.9062500e+01
   2.0126630e+06   3.8635254e+01
   2.0210150e+06   4.0344238e+01
   2.0238050e+06   3.8635254e+01
   2.0294630e+06   3.9306641e+01
   2.0307720e+06   4.5410156e+01
   2.0335340e+06   4.3151855e+01
   2.0392630e+06   4.0893555e+01
   2.0421790e+06   4.1442871e+01
   2.0436870e+06   3.9306641e+01
   2.0471950e+06   4.0466309e+01
   2.0502460e+06   4.0588379e+01
   2.0529000e+06   4.2724609e+01
   2.0529530e+06   4.2785645e+01
   2.0531070e+06   4.0588379e+01
   2.0560390e+06   4.3090820e+01
   2.0584990e+06   4.8095703e+01
   2.0600450e+06   4.3823242e+01
   2.0673780e+06   4.1992188e+01
   2.0682170e+06   4.2175293e+01
   2.0727460e+06   3.8757324e+01
   2.0777920e+06   3.8757324e+01
   2.0790600e+06   3.8513184e+01
   2.0815950e+06   3.9855957e+01
   2.0840710e+06   4.1503906e+01
   2.0877930e+06   4.3334961e+01
   2.0894180e+06   4.1442871e+01
   2.0904520e+06   3.9978027e+01
   2.0974010e+06   3.9794922e+01
   2.1022950e+06   4.0527344e+01
   2.1049930e+06   4.3029785e+01
   2.1087500e+06   4.0222168e+01
   2.1110640e+06   3.9550781e+01
   2.1127150e+06   3.9611816e+01
   2.1185710e+06   4.0100098e+01
   2.1202900e+06   3.9733887e+01
   2.1224740e+06   4.5043945e+01
   2.1251420e+06   4.4372559e+01
   2.1301070e+06   4.0710449e+01
   2.1315510e+06   3.9489746e+01
   2.1369710e+06   3.8574219e+01
   2.1378810e+06   4.0710449e+01
   2.1401040e+06   4.1992188e+01
   2.1440610e+06   4.1503906e+01
   2.1485880e+06   4.5898438e+01
   2.1490380e+06   4.7973633e+01
   2.1540280e+06   4.0527344e+01
   2.1570410e+06   3.9062500e+01
   2.1614160e+06   4.6936035e+01
   2.1640690e+06   4.1015625e+01
   2.1667710e+06   4.0771484e+01
   2.1703520e+06   4.3090820e+01
   2.1772510e+06   3.8574219e+01
   2.1793670e+06   3.9550781e+01
   2.1863730e+06   4.2846680e+01
   2.1881310e+06   3.9855957e+01
   2.1897840e+06   4.0954590e+01
   2.1914300e+06   3.8513184e+01
   2.1968880e+06   4.0771484e+01
   2.1981760e+06   3.8391113e+01
   2.1984560e+06   3.9367676e+01
   2.2089300e+06   3.8574219e+01
   2.2094100e+06   3.8513184e+01
   2.2148690e+06   3.8879395e+01
   2.2163990e+06   3.9672852e+01
   2.2184830e+06   4.0527344e+01
   2.2217900e+06   4.3212891e+01
   2.2256740e+06   3.8696289e+01
   2.2284720e+06   3.8513184e+01
   2.2297970e+06   4.1076660e+01
   2.2351350e+06   3.9978027e+01
   2.2356280e+06   4.0771484e+01
   2.2416420e+06   3.8391113e+01
   2.2458790e+06   3.9062500e+01
   2.2515270e+06   3.9306641e+01
   2.2562100e+06   4.1687012e+01
   2.2594200e+06   3.8757324e+01
   2.2624580e+06   4.6142578e+01
   2.2636000e+06   4.1687012e+01
   2.2659510e+06   4.7302246e+01
   2.2683190e+06   4.0466309e+01
   2.2712370e+06   3.8818359e+01
   2.2717230e+06   4.0710449e+01
   2.2739720e+06   4.4433594e+01
   2.2761690e+06   4.1809082e+01
   2.2807870e+06   3.8391113e+01
   2.2828680e+06   4.4738770e+01
   2.2847520e+06   3.9978027e+01
   2.2854140e+06   4.0527344e+01
   2.2860300e+06   3.8391113e+01
   2.2918330e+06   4.1625977e+01
   2.2938480e+06   4.1503906e+01
   2.2957730e+06   3.9978027e+01
   2.2986340e+06   3.8513184e+01
   2.3008700e+06   3.9611816e+01
   2.3075810e+06   4.2602539e+01
   2.3093320e+06   4.1015625e+01
   2.3150360e+06   4.0832520e+01
   2.3175850e+06   4.1015625e+01
   2.3229140e+06   3.9062500e+01
   2.3233170e+06   4.0588379e+01
   2.3269930e+06   4.6875000e+01
   2.3298210e+06   3.8574219e+01
   2.3315460e+06   4.0954590e+01
   2.3379870e+06   4.0710449e+01
   2.3387840e+06   4.4189453e+01
   2.3407410e+06   4.0039063e+01
   2.3441770e+06   4.6325684e+01
   2.3465910e+06   3.8513184e+01
   2.3482920e+06   3.8391113e+01
   2.3485900e+06   4.7180176e+01
   2.3516370e+06   4.0710449e+01
   2.3547910e+06   4.2480469e+01
   2.3601240e+06   4.1259766e+01
   2.3614360e+06   3.9062500e+01
   2.3653610e+06   4.6997070e+01
   2.3679140e+06   3.9550781e+01
   2.3700670e+06   3.9306641e+01
   2.3709600e+06   3.9978027e+01
   2.3764760e+06   4.7729492e+01
   2.3779860e+06   4.2663574e+01
   2.3843790e+06   4.0710449e+01
   2.3859040e+06   4.2785645e+01
   2.3946330e+06   4.2053223e+01
   2.3959530e+06   3.9916992e+01
   2.4016720e+06   3.9489746e+01
   2.4042260e+06   3.9184570e+01
   2.4045490e+06   3.9733887e+01
   2.4070800e+06   3.9306641e+01
   2.4158870e+06   4.1137695e+01
   2.4166660e+06   4.0405273e+01
   2.4268300e+06   3.8940430e+01
   2.4285830e+06   3.8635254e+01
   2.4289050e+06   4.7119141e+01
   2.4364990e+06   4.4616699e+01
   2.4426410e+06   4.3273926e+01
   2.4430800e+06   4.0710449e+01
   2.4495130e+06   4.1259766e+01
   2.4545620e+06   4.0405273e+01
   2.4568250e+06   4.3762207e+01
   2.4626270e+06   3.9978027e+01
   2.4639370e+06   4.2663574e+01
   2.4643770e+06   4.1381836e+01
   2.4679120e+06   4.3762207e+01
   2.4711360e+06   4.3029785e+01
   2.4730550e+06   4.1442871e+01
   2.4800810e+06   4.4128418e+01
   2.4838100e+06   3.8879395e+01
   2.4844990e+06   4.1198730e+01
   2.4878900e+06   4.1870117e+01
   2.4898550e+06   3.9550781e+01
   2.4908960e+06   4.2663574e+01
   2.4929920e+06   4.2907715e+01
   2.4956420e+06   3.9428711e+01
   2.4964890e+06   3.9794922e+01
   2.5000900e+06   4.2358398e+01
   2.5012170e+06   4.3212891e+01
   2.5027590e+06   3.8452148e+01
   2.5059710e+06   4.1076660e+01
   2.5087000e+06   4.0283203e+01
   2.5107930e+06   4.0527344e+01
   2.5172300e+06   3.9672852e+01
   2.5182150e+06   4.3884277e+01
   2.5219620e+06   3.8940430e+01
   2.5260960e+06   4.3151855e+01
   2.5267930e+06   3.9978027e+01
   2.5311040e+06   4.3640137e+01
   2.5357670e+06   3.8574219e+01
   2.5414480e+06   3.9611816e+01
   2.5463860e+06   4.0710449e+01
   2.5477380e+06   3.8757324e+01
   2.5500170e+06   4.1687012e+01
   2.5524500e+06   4.7546387e+01
   2.5593780e+06   3.9062500e+01
   2.5602570e+06   4.7302246e+01
   2.5625380e+06   3.8391113e+01
   2.5690740e+06   3.8879395e+01
   2.5716980e+06   3.8391113e+01
   2.5727060e+06   4.1015625e+01
   2.5771870e+06   3.9855957e+01
   2.5807330e+06   4.0954590e+01
   2.5826680e+06   4.4189453e+01
   2.5855180e+06   4.0893555e+01
   2.5948890e+06   4.0405273e+01
   2.5957850e+06   4.4128418e+01
   2.6006600e+06   4.0039062e+01
   2.6044170e+06   4.2480469e+01
   2.6116750e+06   4.3273926e+01
   2.6154890e+06   4.4067383e+01
   2.6179040e+06   4.0588379e+01
   2.6198260e+06   3.9916992e+01
   2.6244340e+06   4.3334961e+01
   2.6320150e+06   4.2785645e+01
   2.6383570e+06   4.0954590e+01
   2.6416060e+06   3.9367676e+01
   2.6422720e+06   4.2968750e+01
   2.6433190e+06   4.5959473e+01
   2.6447770e+06   4.2785645e+01
   2.6486370e+06   4.0100098e+01
   2.6534830e+06   3.9794922e+01
   2.6603030e+06   3.8391113e+01
   2.6659040e+06   4.0222168e+01
   2.6698300e+06   3.9184570e+01
   2.6757410e+06   4.1320801e+01
   2.6805470e+06   4.3029785e+01
   2.6823120e+06   3.9733887e+01
   2.6839280e+06   4.0771484e+01
   2.6849340e+06   3.8879395e+01
   2.6859030e+06   4.2358398e+01
   2.6913230e+06   4.0527344e+01
   2.6958670e+06   4.2663574e+01
   2.6995210e+06   3.9611816e+01
   2.7057490e+06   3.9123535e+01
   2.7103370e+06   4.1870117e+01
   2.7138150e+06   4.0222168e+01
   2.7147150e+06   4.0100098e+01
   2.7148840e+06   3.9794922e+01
   2.7204810e+06   3.9123535e+01
   2.7230830e+06   4.3762207e+01
   2.7251840e+06   4.1992188e+01
   2.7274340e+06   4.0405273e+01
   2.7370740e+06   3.8513184e+01
   2.7440080e+06   4.4799805e+01
   2.7528350e+06   4.0222168e+01
   2.7594490e+06   3.8635254e+01
   2.7610410e+06   3.9245605e+01
   2.7631440e+06   4.3884277e+01
   2.7653290e+06   3.8574219e+01
   2.7693140e+06   3.9550781e+01
   2.7758560e+06   4.0710449e+01
   2.7768960e+06   3.9367676e+01
   2.7819810e+06   4.3029785e+01
   2.7895350e+06   4.4555664e+01
   2.7904700e+06   4.2968750e+01
   2.7917620e+06   3.9733887e+01
   2.7933780e+06   3.8879395e+01
   2.7953130e+06   4.2297363e+01
   2.7970850e+06   4.0161133e+01
   2.8060890e+06   3.9916992e+01
   2.8076590e+06   4.0100098e+01
   2.8105050e+06   4.4189453e+01
   2.8128640e+06   4.2114258e+01
   2.8202100e+06   3.9184570e+01
   2.8226020e+06   4.0161133e+01
   2.8249300e+06   4.7058105e+01
   2.8253690e+06   3.8940430e+01
   2.8319110e+06   3.9611816e+01
   2.8345630e+06   3.8635254e+01
   2.8364240e+06   4.2175293e+01
   2.8378900e+06   3.8696289e+01
   2.8408130e+06   4.2297363e+01
   2.8424190e+06   4.3273926e+01
   2.8472590e+06   3.9062500e+01
   2.8487370e+06   3.8818359e+01
   2.8589400e+06   4.5715332e+01
   2.8663790e+06   3.8513184e+01
   2.8672490e+06   4.0283203e+01
   2.8740960e+06   3.9123535e+01
   2.8783440e+06   4.0954590e+01
   2.8804790e+06   4.2724609e+01
   2.8815780e+06   4.0771484e+01
   2.8843850e+06   3.9916992e+01
   2.8871230e+06   4.1076660e+01
   2.8878850e+06   3.9733887e+01
   2.8972950e+06   3.9245605e+01
   2.8999070e+06   4.2907715e+01
   2.9009110e+06   4.6630859e+01
   2.9104730e+06   4.3823242e+01
   2.9160320e+06   3.8330078e+01
   2.9197620e+06   4.2175293e+01
   2.9228930e+06   4.4067383e+01
   2.9240170e+06   3.8330078e+01
   2.9262520e+06   3.9428711e+01
   2.9312820e+06   3.8879395e+01
   2.9330820e+06   3.9855957e+01
   2.9347580e+06   4.1442871e+01
   2.9360360e+06   3.8513184e+01
   2.9370260e+06   4.1748047e+01
   2.9396830e+06   3.9855957e+01
   2.9477140e+06   3.8574219e+01
   2.9503360e+06   4.0100098e+01
   2.9514930e+06   4.4250488e+01
   2.9589330e+06   3.8696289e+01
   2.9596360e+06   3.9062500e+01
   2.9615590e+06   3.8330078e+01
   2.9632140e+06   4.0283203e+01
   2.9690180e+06   4.6142578e+01
   2.9740550e+06   4.3579102e+01
   2.9760120e+06   4.0832520e+01
   2.9796760e+06   4.2541504e+01
   2.9839460e+06   3.9001465e+01
   2.9846320e+06   3.9978027e+01
   2.9880690e+06   4.1992188e+01
   2.9893930e+06   4.3334961e+01
   2.9896780e+06   4.0832520e+01
   2.9923110e+06   3.8757324e+01
   2.9957200e+06   3.9550781e+01
   3.0013980e+06   4.4372559e+01
   3.0077720e+06   4.5349121e+01
   3.0118290e+06   4.5043945e+01
   3.0170640e+06   3.9550781e+01
   3.0204540e+06   4.4250488e+01
   3.0217330e+06   3.9855957e+01
   3.0228050e+06   4.2175293e+01
   3.0234530e+06   4.0588379e+01
   3.0264260e+06   4.1503906e+01
   3.0349820e+06   3.8330078e+01
   3.0367580e+06   4.3457031e+01
   3.0376090e+06   4.6508789e+01
   3.0424080e+06   4.1687012e+01
   3.0451780e+06   3.9489746e+01
   3.0463040e+06   3.9550781e+01
   3.0478750e+06   4.0710449e+01
   3.0513070e+06   3.9611816e+01
   3.0552650e+06   4.0710449e+01
   3.0592580e+06   4.0527344e+01
   3.0639640e+06   4.5166016e+01
   3.0801020e+06   4.1381836e+01
   3.0811100e+06   3.9245605e+01
   3.0825650e+06   4.3884277e+01
   3.0828770e+06   4.1137695e+01
   3.0849790e+06   3.9367676e+01
   3.0876870e+06   4.1809082e+01
   3.0904680e+06   4.2053223e+01
   3.0925920e+06   3.9672852e+01
   3.0941300e+06   3.9489746e+01
   3.0964140e+06   4.9255371e+01
   3.0983560e+06   4.1503906e+01
   3.1005010e+06   4.0832520e+01
   3.1076820e+06   4.0161133e+01
   3.1090750e+06   3.8940430e+01
   3.1134960e+06   3.8879395e+01
   3.1152560e+06   3.9184570e+01
   3.1164210e+06   3.9550781e+01
   3.1172410e+06   4.1076660e+01
   3.1190820e+06   3.8879395e+01
   3.1248750e+06   4.3090820e+01
   3.1293090e+06   4.3579102e+01
   3.1306270e+06   3.8574219e+01
   3.1351460e+06   4.0222168e+01
   3.1398390e+06   3.8269043e+01
   3.1417900e+06   4.0222168e+01
   3.1446360e+06   3.8391113e+01
   3.1575350e+06   3.8574219e+01
   3.1656340e+06   3.9794922e+01
   3.1700800e+06   4.0649414e+01
   3.1709390e+06   4.1992188e+01
   3.1750950e+06   3.9184570e+01
   3.1764600e+06   4.0710449e+01
   3.1803290e+06   4.4555664e+01
   3.1823270e+06   4.0039062e+01
   3.1835090e+06   3.8330078e+01
   3.1867720e+06   4.3518066e+01
   3.1902210e+06   3.8696289e+01
   3.1912140e+06   4.3090820e+01
   3.1918860e+06   3.9733887e+01
   3.1951910e+06   4.2785645e+01
   3.1974620e+06   4.0100098e+01
   3.1980780e+06   3.8269043e+01
   3.2024390e+06   4.1625977e+01
   3.2100540e+06   3.9245605e+01
   3.2119520e+06   4.3395996e+01
   3.2145700e+06   4.0527344e+01
   3.2231390e+06   4.0466309e+01
   3.2255920e+06   4.2480469e+01
   3.2300910e+06   3.8696289e+01
   3.2347140e+06   3.9306641e+01
   3.2375680e+06   4.0954590e+01
   3.2384630e+06   3.8818359e+01
   3.2397720e+06   4.4006348e+01
   3.2421700e+06   3.9916992e+01
   3.2451270e+06   3.8696289e+01
   3.2464250e+06   3.8635254e+01
   3.2546240e+06   3.8452148e+01
   3.2568800e+06   4.5715332e+01
   3.2626260e+06   3.8635254e+01
   3.2708210e+06   4.0466309e+01
   3.2729210e+06   4.0649414e+01
   3.2757600e+06   3.8330078e+01
   3.2892030e+06   4.1442871e+01
   3.2971940e+06   3.8940430e+01
   3.3086280e+06   3.8757324e+01
   3.3111670e+06   4.4555664e+01
   3.3134880e+06   3.8635254e+01
   3.3141360e+06   4.4433594e+01
   3.3154580e+06   4.1198730e+01
   3.3160870e+06   3.9367676e+01
   3.3217180e+06   3.9367676e+01
   3.3258410e+06   4.0588379e+01
   3.3290250e+06   3.9184570e+01
   3.3307790e+06   3.9367676e+01
   3.3342690e+06   4.2724609e+01
   3.3393680e+06   4.1015625e+01
   3.3480350e+06   4.7912598e+01
   3.3508940e+06   4.3579102e+01
   3.3511020e+06   4.0283203e+01
   3.3530320e+06   4.0039062e+01
   3.3596800e+06   3.9123535e+01
   3.3619380e+06   3.9855957e+01
   3.3669540e+06   4.4433594e+01
   3.3702630e+06   3.8879395e+01
   3.3717960e+06   4.0466309e+01
   3.3736190e+06   4.3212891e+01
   3.3774950e+06   3.8757324e+01
   3.3796060e+06   4.3701172e+01
   3.3895500e+06   4.1198730e+01
   3.3955390e+06   4.1564941e+01
   3.3988250e+06   4.0893555e+01
   3.4004180e+06   4.1992188e+01
   3.4035560e+06   4.0954590e+01
   3.4079370e+06   4.0161133e+01
   3.4103840e+06   3.8757324e+01
   3.4247770e+06   4.0405273e+01
   3.4257360e+06   3.9916992e+01
   3.4386240e+06   3.9428711e+01
   3.4410380e+06   4.3273926e+01
   3.4437320e+06   4.5349121e+01
   3.4651440e+06   4.0649414e+01
   3.4682150e+06   3.9123535e+01
   3.4706030e+06   3.8269043e+01
   3.4726360e+06   3.9062500e+01
   3.4769790e+06   4.2480469e+01
   3.4869870e+06   3.9733887e+01
   3.4939740e+06   3.8879395e+01
   3.4995060e+06   4.1015625e+01
   3.5008230e+06   3.8513184e+01
   3.5060940e+06   3.8940430e+01
   3.5114400e+06   3.8269043e+01
   3.5167650e+06   4.5654297e+01
   3.5171000e+06   4.0466309e+01
   3.5206780e+06   3.8452148e+01
   3.5249640e+06   4.0100098e+01
   3.5313270e+06   4.5043945e+01
   3.5350440e+06   3.8818359e+01
   3.5374340e+06   3.8635254e+01
   3.5489960e+06   4.7180176e+01
   3.5511130e+06   3.8330078e+01
   3.5534460e+06   4.0161133e+01
   3.5561490e+06   3.8513184e+01
   3.5572480e+06   4.1259766e+01
   3.5626900e+06   4.4128418e+01
   3.5664150e+06   3.9550781e+01
   3.5689440e+06   3.8635254e+01
   3.5697700e+06   3.9611816e+01
   3.5767130e+06   3.9916992e+01
   3.5784500e+06   4.0466309e+01
   3.5825170e+06   3.9489746e+01
   3.5885640e+06   3.9916992e+01
   3.5925040e+06   4.1748047e+01
   3.5949970e+06   3.9550781e+01
   3.5984230e+06   4.2175293e+01
   3.6023220e+06   4.3151855e+01
   3.6040670e+06   4.4860840e+01
   3.6060910e+06   4.0161133e+01
   3.6133060e+06   3.8574219e+01
   3.6147740e+06   4.2480469e+01
   3.6239740e+06   4.5532227e+01
   3.6258790e+06   3.8513184e+01
   3.6288060e+06   4.5288086e+01
   3.6324860e+06   4.0283203e+01
   3.6332730e+06   3.9489746e+01
   3.6389150e+06   4.0588379e+01
   3.6446900e+06   3.8879395e+01
   3.6476140e+06   4.2175293e+01
   3.6495870e+06   4.0283203e+01
   3.6509400e+06   3.8269043e+01
   3.6588650e+06   3.9001465e+01
   3.6655890e+06   3.9733887e+01
   3.6683900e+06   4.0771484e+01
   3.6710240e+06   3.9184570e+01
   3.6734690e+06   3.8940430e+01
   3.6778830e+06   3.8452148e+01
   3.6804550e+06   3.9794922e+01
   3.6817110e+06   4.2053223e+01
   3.6836740e+06   4.1687012e+01
   3.6931470e+06   3.9367676e+01
   3.6952650e+06   3.9184570e+01
   3.6975420e+06   3.9062500e+01
   3.7078010e+06   3.8757324e+01
   3.7116930e+06   4.2968750e+01
   3.7162590e+06   4.0527344e+01
   3.7183300e+06   3.8635254e+01
   3.7227210e+06   4.1931152e+01
   3.7238750e+06   3.8635254e+01
   3.7319300e+06   4.0039062e+01
   3.7420190e+06   4.1503906e+01
   3.7440630e+06   3.8391113e+01
   3.7481220e+06   3.8879395e+01
   3.7497350e+06   4.2358398e+01
   3.7519400e+06   4.2480469e+01
   3.7527320e+06   4.0405273e+01
   3.7535210e+06   4.0222168e+01
   3.7603870e+06   4.2968750e+01
   3.7658260e+06   3.9672852e+01
   3.7719540e+06   3.8879395e+01
   3.7733840e+06   4.0100098e+01
   3.7784170e+06   4.2846680e+01
   3.7838870e+06   4.0222168e+01
   3.7882440e+06   3.8330078e+01
   3.7900580e+06   4.3823242e+01
   3.7940240e+06   3.8330078e+01
   3.7964060e+06   3.9062500e+01
   3.7980700e+06   3.8330078e+01
   3.7995210e+06   4.0344238e+01
   3.8026460e+06   4.1076660e+01
   3.8052270e+06   3.9123535e+01
   3.8069360e+06   3.9489746e+01
   3.8128450e+06   4.9011230e+01
   3.8159690e+06   4.1137695e+01
   3.8198270e+06   4.5166016e+01
   3.8239390e+06   4.0527344e+01
   3.8271770e+06   3.9184570e+01
   3.8382490e+06   4.6203613e+01
   3.8398810e+06   4.5715332e+01
   3.8450670e+06   3.9001465e+01
   3.8542440e+06   4.4677734e+01
   3.8562890e+06   4.0222168e+01
   3.8657670e+06   3.9916992e+01
   3.8674700e+06   4.0893555e+01
   3.8695450e+06   4.3212891e+01
   3.8737020e+06   3.9184570e+01
   3.8750700e+06   3.8330078e+01
   3.8762940e+06   4.0039062e+01
   3.9022870e+06   4.1076660e+01
   3.9071130e+06   4.1564941e+01
   3.9154370e+06   3.9428711e+01
   3.9194920e+06   4.2907715e+01
   3.9243540e+06   4.0405273e+01
   3.9276390e+06   4.0832520e+01
   3.9313810e+06   3.8330078e+01
   3.9327600e+06   4.2541504e+01
   3.9429070e+06   3.8269043e+01
   3.9505350e+06   3.8513184e+01
   3.9542040e+06   4.7302246e+01
   3.9571050e+06   4.4128418e+01
   3.9689310e+06   3.9245605e+01
   3.9759650e+06   4.0283203e+01
   3.9801290e+06   4.0222168e+01
   3.9824010e+06   3.9306641e+01
   3.9829640e+06   4.0466309e+01
   3.9876620e+06   4.1137695e+01
   3.9917300e+06   3.9428711e+01
   3.9973230e+06   3.8391113e+01
   3.9992900e+06   4.2907715e+01
   4.0004210e+06   3.9062500e+01
   4.0027180e+06   4.0710449e+01
   4.0048500e+06   3.9184570e+01
   4.0096890e+06   4.3090820e+01
   4.0116130e+06   4.1320801e+01
   4.0154650e+06   3.9001465e+01
   4.0222260e+06   3.9794922e+01
   4.0270730e+06   4.2907715e+01
   4.0408440e+06   4.1809082e+01
   4.0420550e+06   4.1442871e+01
   4.0468740e+06   3.9062500e+01
   4.0599590e+06   4.7058105e+01
   4.0605730e+06   3.9672852e+01
   4.0635710e+06   4.4738770e+01
   4.0660010e+06   4.5166016e+01
   4.0753530e+06   3.9123535e+01
   4.0877840e+06   3.9916992e+01
   4.1014860e+06   3.9184570e+01
   4.1065710e+06   3.8330078e+01
   4.1089400e+06   4.3334961e+01
   4.1135750e+06   4.0771484e+01
   4.1177900e+06   4.0344238e+01
   4.1199940e+06   3.9062500e+01
   4.1233800e+06   4.0100098e+01
   4.1241120e+06   4.0222168e+01
   4.1296710e+06   4.0893555e+01
   4.1320290e+06   3.8269043e+01
   4.1385230e+06   5.0170898e+01
   4.1521830e+06   3.9245605e+01
   4.1640080e+06   4.0893555e+01
   4.1656770e+06   3.9672852e+01
   4.1708680e+06   3.8452148e+01
   4.1725310e+06   4.6264648e+01
   4.1793810e+06   4.5471191e+01
   4.1820020e+06   4.1992188e+01
   4.1833150e+06   4.2053223e+01
   4.1854860e+06   3.8330078e+01
   4.1885360e+06   3.9794922e+01
   4.1891910e+06   4.0405273e+01
   4.1927870e+06   4.0954590e+01
   4.1939730e+06   3.8940430e+01
   4.1994750e+06   4.2480469e+01
   4.2007260e+06   4.3457031e+01
   4.2018000e+06   3.9062500e+01
   4.2091400e+06   4.2297363e+01
   4.2165240e+06   4.0222168e+01
   4.2217610e+06   3.8879395e+01
   4.2244090e+06   3.8513184e+01
   4.2347370e+06   4.1625977e+01
   4.2432020e+06   4.1198730e+01
   4.2476760e+06   3.8391113e+01
   4.2511230e+06   3.9306641e+01
   4.2544660e+06   3.9611816e+01
   4.2560970e+06   3.8818359e+01
   4.2601170e+06   4.0100098e+01
   4.2697340e+06   4.0832520e+01
   4.2761340e+06   3.9123535e+01
   4.2856490e+06   4.5349121e+01
   4.2914350e+06   3.8696289e+01
   4.2956150e+06   4.7851562e+01
   4.3062560e+06   4.1320801e+01
   4.3107360e+06   4.3090820e+01
   4.3122940e+06   4.1015625e+01
   4.3192490e+06   3.8940430e+01
   4.3417030e+06   4.5776367e+01
   4.3431060e+06   3.9245605e+01
   4.3463520e+06   3.9306641e+01
   4.3481790e+06   3.8818359e+01
   4.3504000e+06   3.9916992e+01
   4.3536330e+06   3.8513184e+01
   4.3554710e+06   3.9306641e+01
   4.3629960e+06   3.8940430e+01
   4.3641360e+06   3.8269043e+01
   4.3669750e+06   3.9367676e+01
   4.3705440e+06   4.0893555e+01
   4.3729600e+06   3.8391113e+01
   4.3744080e+06   4.1198730e+01
   4.3778150e+06   4.0222168e+01
   4.3836730e+06   3.8330078e+01
   4.3863510e+06   4.2419434e+01
   4.3894930e+06   3.8940430e+01
   4.3941470e+06   4.6325684e+01
   4.4064080e+06   3.9978027e+01
   4.4131390e+06   3.8452148e+01
   4.4156930e+06   4.9316406e+01
   4.4479690e+06   3.8757324e+01
   4.4488320e+06   4.1870117e+01
   4.4564990e+06   4.4860840e+01
   4.4654530e+06   3.8940430e+01
   4.4718500e+06   4.2907715e+01
   4.4808140e+06   3.8879395e+01
   4.4870240e+06   4.5104980e+01
   4.4893050e+06   3.8513184e+01
   4.4901610e+06   3.8330078e+01
   4.4934050e+06   4.1687012e+01
   4.5005220e+06   3.9855957e+01
   4.5040140e+06   3.9855957e+01
   4.5050050e+06   3.8269043e+01
   4.5067770e+06   3.8391113e+01
   4.5087990e+06   3.9855957e+01
   4.5103210e+06   4.2419434e+01
   4.5162320e+06   3.8879395e+01
   4.5219650e+06   4.5104980e+01
   4.5291990e+06   4.0954590e+01
   4.5298510e+06   3.8513184e+01
   4.5432060e+06   3.8757324e+01
   4.5532240e+06   4.2053223e+01
   4.5566000e+06   4.0649414e+01
   4.5581190e+06   4.0222168e+01
   4.5593100e+06   3.8757324e+01
   4.5646950e+06   3.8696289e+01
   4.5733920e+06   3.9916992e+01
   4.5785080e+06   4.1076660e+01
   4.5886450e+06   4.6508789e+01
   4.5903190e+06   3.9001465e+01
   4.5963570e+06   4.0283203e+01
   4.6010740e+06   3.9245605e+01
   4.6076420e+06   3.8818359e+01
   4.6135970e+06   4.3029785e+01
   4.6163170e+06   4.4372559e+01
   4.6181040e+06   3.9428711e+01
   4.6194040e+06   4.0283203e+01
   4.6223700e+06   4.1015625e+01
   4.6348790e+06   3.8574219e+01
   4.6387330e+06   4.0710449e+01
   4.6398990e+06   4.0283203e+01
   4.6455570e+06   4.1992187e+01
   4.6487270e+06   3.8696289e+01
   4.6567100e+06   3.8513184e+01
   4.6705490e+06   3.9245605e+01
   4.6745330e+06   4.5959473e+01
   4.6783140e+06   4.0527344e+01
   4.6803980e+06   3.9489746e+01
   4.6823520e+06   4.0405273e+01
   4.6997250e+06   4.0222168e+01
   4.7071010e+06   3.9733887e+01
   4.7116440e+06   4.0771484e+01
   4.7159570e+06   3.9550781e+01
   4.7166050e+06   3.8879395e+01
   4.7232810e+06   3.8269043e+01
   4.7297090e+06   4.0222168e+01
   4.7313630e+06   3.8757324e+01
   4.7337040e+06   4.0893555e+01
   4.7346690e+06   4.1625977e+01
   4.7365940e+06   3.9794922e+01
   4.7397840e+06   3.8269043e+01
   4.7428390e+06   3.9733887e+01
   4.7607280e+06   3.9245605e+01
   4.7663730e+06   3.8879395e+01
   4.7687610e+06   3.8269043e+01
   4.7705250e+06   3.8574219e+01
   4.7762610e+06   3.9184570e+01
   4.7844540e+06   3.9123535e+01
   4.7898820e+06   3.8757324e+01
   4.8031620e+06   4.1320801e+01
   4.8051480e+06   4.3945312e+01
   4.8072090e+06   3.8330078e+01
   4.8200570e+06   3.9123535e+01
   4.8242490e+06   4.1931152e+01
   4.8281810e+06   3.9428711e+01
   4.8340510e+06   3.8940430e+01
   4.8419000e+06   3.8940430e+01
   4.8432870e+06   4.1625977e+01
   4.8495820e+06   4.0283203e+01
   4.8500060e+06   4.1748047e+01
   4.8547720e+06   3.9733887e+01
   4.8565310e+06   3.9978027e+01
   4.8640420e+06   3.8269043e+01
   4.8703160e+06   4.1870117e+01
   4.8800680e+06   3.8635254e+01
   4.8885270e+06   3.9733887e+01
   4.9007680e+06   3.9184570e+01
   4.9031230e+06   3.9367676e+01
   4.9074360e+06   3.9550781e+01
   4.9120090e+06   4.1137695e+01
   4.9149740e+06   4.0649414e+01
   4.9180230e+06   3.9916992e+01
   4.9210300e+06   4.4433594e+01
   4.9231770e+06   4.1931152e+01
   4.9245470e+06   3.9123535e+01
   4.9368150e+06   3.9611816e+01
   4.9404610e+06   3.9245605e+01
   4.9429710e+06   4.1015625e+01
   4.9460380e+06   3.9550781e+01
   4.9473790e+06   3.9855957e+01
   4.9476890e+06   3.8391113e+01
   4.9571750e+06   4.4189453e+01
   4.9583400e+06   4.0954590e+01
   4.9605660e+06   3.8757324e+01
   4.9628940e+06   3.9306641e+01
   4.9694030e+06   3.9672852e+01
   4.9714320e+06   4.2297363e+01
   4.9762220e+06   3.8391113e+01
   4.9777940e+06   4.3212891e+01
   4.9847720e+06   3.8696289e+01
   5.0077000e+06   4.2053223e+01
   5.0181700e+06   3.8696289e+01
   5.0193260e+06   3.9428711e+01
   5.0233130e+06   4.0588379e+01
   5.0292880e+06   4.0283203e+01
   5.0296760e+06   4.3151855e+01
   5.0329060e+06   4.3151855e+01
   5.0386530e+06   3.8330078e+01
   5.0424480e+06   4.4006348e+01
   5.0566520e+06   3.8757324e+01
   5.0623850e+06   3.8879395e+01
   5.0645520e+06   4.1259766e+01
   5.0655740e+06   4.3151855e+01
   5.0773700e+06   4.0466309e+01
   5.0815190e+06   3.9367676e+01
   5.1027890e+06   4.5349121e+01
   5.1166820e+06   4.4860840e+01
   5.1230760e+06   4.0161133e+01
   5.1246550e+06   3.8391113e+01
   5.1326260e+06   4.3273926e+01
   5.1339850e+06   3.8757324e+01
   5.1348960e+06   3.9428711e+01
   5.1376170e+06   4.1381836e+01
   5.1393480e+06   3.8513184e+01
   5.1421880e+06   3.8574219e+01
   5.1442070e+06   3.9367676e+01
   5.1573290e+06   3.8391113e+01
   5.1662140e+06   4.2602539e+01
   5.1689550e+06   4.3640137e+01
   5.1711000e+06   4.2297363e+01
   5.1742040e+06   3.8757324e+01
   5.1780570e+06   3.9489746e+01
   5.1914380e+06   4.0283203e+01
   5.2293730e+06   4.1259766e+01
   5.2347650e+06   3.9733887e+01
   5.2421280e+06   3.9062500e+01
   5.2459570e+06   4.0100098e+01
   5.2499850e+06   4.3334961e+01
   5.2543470e+06   3.8696289e+01
   5.2557470e+06   3.9428711e+01
   5.2580390e+06   4.7424316e+01
   5.2710260e+06   3.9306641e+01
   5.2726470e+06   4.6630859e+01
   5.2808870e+06   3.9916992e+01
   5.2927490e+06   4.3273926e+01
   5.2977240e+06   4.1992188e+01
   5.3067370e+06   4.5959473e+01
   5.3089280e+06   4.6386719e+01
   5.3176010e+06   3.9672852e+01
   5.3198540e+06   4.0222168e+01
   5.3284300e+06   4.1809082e+01
   5.3419610e+06   3.8940430e+01
   5.3484890e+06   3.9611816e+01
   5.3530030e+06   4.6081543e+01
   5.3567650e+06   3.8696289e+01
   5.3600590e+06   4.6875000e+01
   5.3673770e+06   4.2053223e+01
   5.3743450e+06   3.8879395e+01
   5.3764200e+06   4.1198730e+01
   5.3889300e+06   4.0832520e+01
   5.3912430e+06   3.8574219e+01
   5.3993510e+06   4.1259766e+01
   5.4107370e+06   3.8452148e+01
   5.4121860e+06   4.3273926e+01
   5.4354930e+06   4.0710449e+01
   5.4385570e+06   3.8391113e+01
   5.4451620e+06   4.4128418e+01
   5.4504650e+06   3.9184570e+01
   5.4532740e+06   4.1625977e+01
   5.4565840e+06   4.0100098e+01
   5.4606420e+06   4.3151855e+01
   5.4622690e+06   4.1015625e+01
   5.4667270e+06   3.8818359e+01
   5.4699770e+06   4.2846680e+01
   5.4723500e+06   4.0344238e+01
   5.4944610e+06   4.3518066e+01
   5.4968770e+06   3.8269043e+01
   5.5014960e+06   4.0588379e+01
   5.5106270e+06   4.0405273e+01
   5.5259340e+06   4.5898437e+01
   5.5289100e+06   4.0100098e+01
   5.5337720e+06   4.4616699e+01
   5.5494230e+06   3.8452148e+01
   5.5516500e+06   4.0588379e+01
   5.5563180e+06   3.8696289e+01
   5.5586680e+06   3.9123535e+01
   5.5641710e+06   3.8269043e+01
   5.5702550e+06   3.9855957e+01
   5.5748920e+06   4.0283203e+01
   5.5755740e+06   3.8330078e+01
   5.5894660e+06   4.0100098e+01
   5.5925700e+06   3.9123535e+01
   5.5954720e+06   3.9428711e+01
   5.5996260e+06   3.8269043e+01
   5.6066600e+06   4.0344238e+01
   5.6078280e+06   3.8452148e+01
   5.6154810e+06   4.5593262e+01
   5.6217770e+06   3.9062500e+01
   5.6268080e+06   3.9062500e+01
   5.6318610e+06   4.3579102e+01
   5.6350650e+06   4.0466309e+01
   5.6367380e+06   4.0893555e+01
   5.6377630e+06   3.8269043e+01
   5.6577540e+06   3.9123535e+01
   5.6596620e+06   4.3762207e+01
   5.6613350e+06   4.1259766e+01
   5.6627190e+06   3.8452148e+01
   5.6637160e+06   3.9733887e+01
   5.6665360e+06   3.8574219e+01
   5.6696000e+06   4.0039062e+01
   5.6735310e+06   3.9733887e+01
   5.6784980e+06   4.3212891e+01
   5.6916710e+06   3.9855957e+01
   5.7001650e+06   3.9550781e+01
   5.7069380e+06   3.9550781e+01
   5.7080070e+06   3.8330078e+01
   5.7249530e+06   3.8391113e+01
   5.7402230e+06   4.1381836e+01
   5.7469100e+06   4.0954590e+01
   5.7525400e+06   3.9611816e+01
   5.7622600e+06   4.1076660e+01
   5.7878140e+06   3.9428711e+01
   5.7935850e+06   3.8940430e+01
   5.7990900e+06   4.2541504e+01
   5.8233490e+06   4.2297363e+01
   5.8261690e+06   3.9306641e+01
   5.8422000e+06   4.0161133e+01
   5.8603500e+06   3.9794922e+01
   5.8654140e+06   4.0893555e+01
   5.8825270e+06   4.0527344e+01
   5.8870530e+06   3.9733887e+01
   5.8886320e+06   3.9367676e+01
   5.9028760e+06   3.8330078e+01
   5.9146470e+06   4.1198730e+01
   5.9367790e+06   3.8269043e+01
   5.9387810e+06   4.0100098e+01
   5.9422590e+06   4.2602539e+01
   5.9476920e+06   3.9184570e+01
   5.9499840e+06   4.0527344e+01
   5.9587550e+06   3.9916992e+01
   5.9737920e+06   4.3151855e+01
   5.9741020e+06   3.8574219e+01
   5.9917470e+06   3.8330078e+01
   5.9947530e+06   3.9184570e+01
   5.9950730e+06   3.8696289e+01
   6.0022800e+06   3.8208008e+01
   6.0033870e+06   3.8696289e+01
   6.0112060e+06   4.1015625e+01
   6.0143350e+06   3.9062500e+01
   6.0190290e+06   3.8391113e+01
   6.0215490e+06   3.8513184e+01
   6.0251850e+06   3.8085938e+01
   6.0306600e+06   3.8269043e+01
   6.0391230e+06   3.9062500e+01
   6.0565150e+06   3.9733887e+01
   6.0753430e+06   3.7963867e+01
   6.0808730e+06   3.8696289e+01
   6.0847740e+06   4.0283203e+01
   6.0984680e+06   3.7841797e+01
   6.1094050e+06   3.9428711e+01
   6.1223050e+06   3.7902832e+01
   6.1231650e+06   3.9855957e+01
   6.1243310e+06   3.8330078e+01
   6.1370490e+06   4.0344238e+01
   6.1404350e+06   3.9978027e+01
   6.1416190e+06   3.8879395e+01
   6.1514020e+06   3.9367676e+01
   6.1536390e+06   4.1137695e+01
   6.1541950e+06   3.7902832e+01
   6.1599710e+06   4.4067383e+01
   6.1622910e+06   4.3212891e+01
   6.1763770e+06   4.5288086e+01
   6.1793770e+06   4.2358398e+01
   6.1848880e+06   3.9245605e+01
   6.1885870e+06   3.9001465e+01
   6.1991280e+06   4.1137695e+01
   6.2029680e+06   3.8452148e+01
   6.2039760e+06   3.9550781e+01
   6.2165200e+06   3.9855957e+01
   6.2182970e+06   3.8269043e+01
   6.2212310e+06   4.6936035e+01
   6.2276730e+06   4.4128418e+01
   6.2303550e+06   3.7963867e+01
   6.2320220e+06   4.0405273e+01
   6.2330950e+06   3.8574219e+01
   6.2356660e+06   3.8391113e+01
   6.2426680e+06   4.0100098e+01
   6.2526310e+06   3.8391113e+01
   6.2604020e+06   3.8574219e+01
   6.2727910e+06   3.8085938e+01
   6.2743060e+06   3.9916992e+01
   6.3001490e+06   4.1198730e+01
   6.3019340e+06   3.9001465e+01
   6.3046120e+06   3.9306641e+01
   6.3130970e+06   4.0466309e+01
   6.3155350e+06   3.9489746e+01
   6.3178120e+06   3.9855957e+01
   6.3240270e+06   3.9550781e+01
   6.3354910e+06   3.9062500e+01
   6.3515000e+06   3.9062500e+01
   6.3580580e+06   3.9062500e+01
   6.3600310e+06   4.2602539e+01
   6.3613800e+06   4.0527344e+01
   6.3645120e+06   3.8024902e+01
   6.3651840e+06   3.9184570e+01
   6.3655440e+06   3.8452148e+01
   6.3769630e+06   4.9011230e+01
   6.3785970e+06   3.9428711e+01
   6.4011330e+06   4.0405273e+01
   6.4066570e+06   4.0893555e+01
   6.4071490e+06   4.1687012e+01
   6.4111150e+06   4.0100098e+01
   6.4274110e+06   4.4372559e+01
   6.4287970e+06   3.9184570e+01
   6.4297280e+06   3.9367676e+01
   6.4309750e+06   4.1198730e+01
   6.4325960e+06   3.8330078e+01
   6.4335590e+06   4.0283203e+01
   6.4429770e+06   3.9794922e+01
   6.4483790e+06   3.8024902e+01
   6.4544380e+06   3.8208008e+01
   6.4578780e+06   3.8757324e+01
   6.4633700e+06   3.9794922e+01
   6.4650820e+06   3.7841797e+01
   6.4667940e+06   4.3395996e+01
   6.4680730e+06   3.8635254e+01
   6.4730170e+06   3.9733887e+01
   6.4765670e+06   4.0039062e+01
   6.4781650e+06   4.6386719e+01
   6.4855850e+06   3.7902832e+01
   6.4918880e+06   3.8940430e+01
   6.4935680e+06   3.8208008e+01
   6.5109460e+06   3.8024902e+01
   6.5152810e+06   3.9550781e+01
   6.5155600e+06   3.8208008e+01
   6.5166100e+06   3.9428711e+01
   6.5186660e+06   4.0893555e+01
   6.5197160e+06   4.0283203e+01
   6.5208690e+06   3.7841797e+01
   6.5299830e+06   3.8208008e+01
   6.5332970e+06   3.8330078e+01
   6.5359090e+06   4.2724609e+01
   6.5367480e+06   3.8391113e+01
   6.5406960e+06   4.0344238e+01
   6.5466900e+06   4.0100098e+01
   6.5480040e+06   4.2175293e+01
   6.5574000e+06   4.2602539e+01
   6.5592590e+06   3.9367676e+01
   6.5722730e+06   4.1564941e+01
   6.5740010e+06   3.9611816e+01
   6.5767380e+06   4.1198730e+01
   6.5907660e+06   3.9978027e+01
   6.5959120e+06   3.9794922e+01
   6.5982790e+06   3.9123535e+01
   6.5993460e+06   3.7841797e+01
   6.6040240e+06   4.2053223e+01
   6.6236270e+06   3.9489746e+01
   6.6294920e+06   3.9062500e+01
   6.6305800e+06   3.7841797e+01
   6.6458560e+06   4.4921875e+01
   6.6497770e+06   4.0466309e+01
   6.6533410e+06   4.2663574e+01
   6.6543280e+06   4.2297363e+01
   6.6580620e+06   4.2846680e+01
   6.6624960e+06   3.9062500e+01
   6.6723920e+06   3.8635254e+01
   6.6745320e+06   3.8940430e+01
   6.6990680e+06   3.8208008e+01
   6.7004610e+06   4.1381836e+01
   6.7202350e+06   4.2053223e+01
   6.7246750e+06   3.8513184e+01
   6.7389370e+06   3.8208008e+01
   6.7484670e+06   4.1137695e+01
   6.7631190e+06   3.9062500e+01
   6.7750910e+06   4.0100098e+01
   6.7816880e+06   3.9428711e+01
   6.7903310e+06   3.8513184e+01
   6.7969940e+06   3.9672852e+01
   6.8028560e+06   3.8818359e+01
   6.8037160e+06   3.9550781e+01
   6.8100390e+06   3.9184570e+01
   6.8127810e+06   3.9123535e+01
   6.8135800e+06   4.2968750e+01
   6.8365900e+06   3.7902832e+01
   6.8374110e+06   3.8452148e+01
   6.8408090e+06   3.9978027e+01
   6.8504600e+06   4.0649414e+01
   6.8514900e+06   4.3640137e+01
   6.8540220e+06   3.9916992e+01
   6.8591310e+06   3.7902832e+01
   6.8608980e+06   3.8696289e+01
   6.8652610e+06   3.8940430e+01
   6.8693660e+06   3.8635254e+01
   6.8945050e+06   4.0649414e+01
   6.9113090e+06   4.0100098e+01
   6.9156950e+06   4.3029785e+01
   6.9179650e+06   4.1503906e+01
   6.9544440e+06   3.9733887e+01
   6.9605000e+06   3.7841797e+01
   6.9672120e+06   4.0832520e+01
   6.9803630e+06   4.2785645e+01
   6.9816450e+06   4.1442871e+01
   6.9890060e+06   4.0710449e+01
   6.9898990e+06   3.8024902e+01
   6.9916160e+06   4.1259766e+01
   7.0053890e+06   3.9794922e+01
   7.0118640e+06   4.1198730e+01
   7.0149150e+06   3.9733887e+01
   7.0183210e+06   3.9672852e+01
   7.0236700e+06   3.8757324e+01
   7.0306910e+06   4.2236328e+01
   7.0316790e+06   4.0832520e+01
   7.0383970e+06   3.8330078e+01
   7.0503390e+06   4.1320801e+01
   7.0551190e+06   3.7902832e+01
   7.0674590e+06   3.8757324e+01
   7.0712420e+06   4.2602539e+01
   7.0892120e+06   3.7902832e+01
   7.0934980e+06   3.9245605e+01
   7.1079320e+06   3.9306641e+01
   7.1143300e+06   3.8085938e+01
   7.1190820e+06   4.0283203e+01
   7.1302830e+06   3.9123535e+01
   7.1348520e+06   4.0832520e+01
   7.1396520e+06   4.0039063e+01
   7.1467090e+06   4.1870117e+01
   7.1496610e+06   4.0405273e+01
   7.1525220e+06   4.0771484e+01
   7.1586200e+06   4.0100098e+01
   7.1731640e+06   3.8452148e+01
   7.1745430e+06   3.8574219e+01
   7.1858040e+06   3.9245605e+01
   7.1883690e+06   4.5471191e+01
   7.1927210e+06   3.7902832e+01
   7.1960590e+06   3.8024902e+01
   7.2021760e+06   4.0954590e+01
   7.2145560e+06   3.8208008e+01
   7.2201110e+06   4.0344238e+01
   7.2282280e+06   3.9306641e+01
   7.2412430e+06   3.9855957e+01
   7.2452950e+06   3.7963867e+01
   7.2483860e+06   4.0100098e+01
   7.2577440e+06   3.9672852e+01
   7.2605710e+06   4.1564941e+01
   7.2688990e+06   3.8452148e+01
   7.2719120e+06   4.1076660e+01
   7.2768810e+06   3.9672852e+01
   7.2819300e+06   4.3762207e+01
   7.2938420e+06   3.9367676e+01
   7.2995350e+06   4.2175293e+01
   7.3029080e+06   3.8146973e+01
   7.3071040e+06   3.9794922e+01
   7.3077930e+06   3.9672852e+01
   7.3087230e+06   3.7963867e+01
   7.3126820e+06   4.2358398e+01
   7.3162860e+06   4.1137695e+01
   7.3184210e+06   3.8513184e+01
   7.3234900e+06   4.0893555e+01
   7.3268930e+06   4.2297363e+01
   7.3281380e+06   4.1381836e+01
   7.3304340e+06   4.2175293e+01
   7.3363910e+06   3.7841797e+01
   7.3431970e+06   3.8330078e+01
   7.3506350e+06   3.8146973e+01
   7.3566060e+06   4.2175293e+01
   7.3664770e+06   3.8635254e+01
   7.3723950e+06   3.9794922e+01
   7.3865560e+06   3.9794922e+01
   7.4077510e+06   3.7963867e+01
   7.4259370e+06   4.1564941e+01
   7.4274500e+06   3.9489746e+01
   7.4286030e+06   3.9367676e+01
   7.4315940e+06   4.0100098e+01
   7.4333600e+06   3.9367676e+01
   7.4344740e+06   3.9245605e+01
   7.4382650e+06   3.8574219e+01
   7.4417540e+06   4.2724609e+01
   7.4486000e+06   3.8269043e+01
   7.4547910e+06   4.5593262e+01
   7.4565610e+06   4.1931152e+01
   7.4624490e+06   3.9123535e+01
   7.4699910e+06   3.8024902e+01
   7.4725270e+06   3.8879395e+01
   7.4752880e+06   4.2358398e+01
   7.4762330e+06   4.1076660e+01
   7.4792780e+06   4.0344238e+01
   7.4972890e+06   3.8330078e+01
   7.5007400e+06   4.4067383e+01
   7.5043020e+06   4.0649414e+01
   7.5078420e+06   3.7963867e+01
   7.5091550e+06   3.9733887e+01
   7.5155280e+06   3.8879395e+01
   7.5176700e+06   3.8391113e+01
   7.5261500e+06   4.2175293e+01
   7.5310850e+06   4.0222168e+01
   7.5398400e+06   4.1015625e+01
   7.5411430e+06   3.8391113e+01
   7.5431960e+06   3.8085938e+01
   7.5445610e+06   3.8330078e+01
   7.5455890e+06   3.7902832e+01
   7.5516100e+06   3.8085938e+01
   7.5672710e+06   4.1198730e+01
   7.5682720e+06   4.1748047e+01
   7.5704450e+06   4.1625977e+01
   7.5727790e+06   3.8146973e+01
   7.5845200e+06   4.0283203e+01
   7.5859560e+06   4.0588379e+01
   7.5912030e+06   4.2907715e+01
   7.6167460e+06   3.8208008e+01
   7.6174300e+06   3.8635254e+01
   7.6580540e+06   4.2968750e+01
   7.6604820e+06   4.1381836e+01
   7.6767540e+06   3.9245605e+01
   7.6817410e+06   4.1442871e+01
   7.6832950e+06   4.3945312e+01
   7.7016980e+06   4.2236328e+01
   7.7056070e+06   4.2907715e+01
   7.7127520e+06   4.1625977e+01
   7.7148830e+06   4.4616699e+01
   7.7264570e+06   4.0405273e+01
   7.7332440e+06   4.1931152e+01
   7.7343050e+06   3.7963867e+01
   7.7398130e+06   3.8330078e+01
   7.7484160e+06   3.9367676e+01
   7.7621010e+06   3.8208008e+01
   7.7640710e+06   3.9978027e+01
   7.7839920e+06   3.9489746e+01
   7.7852590e+06   4.1809082e+01
   7.7890850e+06   4.0832520e+01
   7.7962800e+06   3.8757324e+01
   7.8022270e+06   5.0903320e+01
   7.8055670e+06   3.8757324e+01
   7.8075490e+06   4.1625977e+01
   7.8095650e+06   4.1015625e+01
   7.8133460e+06   9.0515137e+01
   7.8149200e+06   3.8330078e+01
   7.8171500e+06   3.7963867e+01
   7.8219170e+06   4.3457031e+01
   7.8264970e+06   3.8330078e+01
   7.8291720e+06   3.9245605e+01
   7.8335150e+06   4.2358398e+01
   7.8370490e+06   3.8330078e+01
   7.8404140e+06   4.2053223e+01
   7.8417780e+06   3.8208008e+01
   7.8428860e+06   3.9855957e+01
   7.8745130e+06   4.1687012e+01
   7.8761870e+06   4.2358398e+01
   7.8924080e+06   4.2968750e+01
   7.8989950e+06   3.8024902e+01
   7.9023410e+06   3.8818359e+01
   7.9117890e+06   3.8513184e+01
   7.9558160e+06   4.1137695e+01
   7.9737070e+06   3.9611816e+01
   7.9797130e+06   4.0588379e+01
   8.0167860e+06   3.8330078e+01
   8.0199340e+06   3.9001465e+01
   8.0291790e+06   3.8635254e+01
   8.0366230e+06   3.9794922e+01
   8.0411520e+06   3.9978027e+01
   8.0464660e+06   3.9978027e+01
   8.0571350e+06   4.3823242e+01
   8.0607560e+06   3.8208008e+01
   8.0656480e+06   4.0344238e+01
   8.0730190e+06   4.3457031e+01
   8.0770140e+06   3.9001465e+01
   8.0801940e+06   3.7841797e+01
   8.0909330e+06   3.9306641e+01
   8.0951430e+06   3.9855957e+01
   8.1112640e+06   4.1320801e+01
   8.1129120e+06   3.8635254e+01
   8.1169740e+06   3.8269043e+01
   8.1195150e+06   4.0588379e+01
   8.1389110e+06   4.0893555e+01
   8.1428250e+06   3.8635254e+01
   8.1473290e+06   4.3701172e+01
   8.1510180e+06   3.8024902e+01
   8.1645350e+06   4.1381836e+01
   8.1749790e+06   3.8879395e+01
   8.1806930e+06   3.8635254e+01
   8.1843820e+06   3.9306641e+01
   8.1884590e+06   3.8574219e+01
   8.1907610e+06   3.8879395e+01
   8.1932270e+06   4.1015625e+01
   8.1987300e+06   4.2724609e+01
   8.2006800e+06   3.7841797e+01
   8.2026120e+06   4.4372559e+01
   8.2035220e+06   3.9367676e+01
   8.2190480e+06   3.8330078e+01
   8.2337170e+06   3.8330078e+01
   8.2403080e+06   4.1503906e+01
   8.2466240e+06   3.9550781e+01
   8.2539040e+06   3.8818359e+01
   8.2557450e+06   4.1198730e+01
   8.2572690e+06   4.0771484e+01
   8.2653700e+06   3.8452148e+01
   8.2673940e+06   4.1320801e+01
   8.2764860e+06   4.0588379e+01
   8.2799000e+06   4.3395996e+01
   8.2896630e+06   4.1625977e+01
   8.3080320e+06   3.8146973e+01
   8.3131520e+06   3.8757324e+01
   8.3148900e+06   3.9184570e+01
   8.3157270e+06   4.1992188e+01
   8.3211900e+06   4.2846680e+01
   8.3300100e+06   4.0588379e+01
   8.3393780e+06   4.0649414e+01
   8.3401970e+06   3.8269043e+01
   8.3493970e+06   4.2724609e+01
   8.3503820e+06   4.1503906e+01
   8.3571710e+06   4.1381836e+01
   8.3577860e+06   3.7841797e+01
   8.3644780e+06   3.9611816e+01
   8.3654650e+06   3.8208008e+01
   8.3741270e+06   3.9306641e+01
   8.3754260e+06   4.0344238e+01
   8.3794980e+06   4.2907715e+01
   8.3804060e+06   4.3579102e+01
   8.3834160e+06   4.1870117e+01
   8.3847550e+06   3.9978027e+01
   8.3947540e+06   3.8757324e+01
   8.4008570e+06   4.2602539e+01
   8.4028940e+06   3.8940430e+01
   8.4205050e+06   3.8635254e+01
   8.4250450e+06   4.0466309e+01
   8.4322240e+06   3.9550781e+01
   8.4398610e+06   4.2358398e+01
   8.4435570e+06   4.0771484e+01
   8.4491580e+06   4.0039062e+01
   8.4531340e+06   4.0771484e+01
   8.4613680e+06   3.9916992e+01
   8.4833110e+06   4.1870117e+01
   8.5011970e+06   4.0039062e+01
   8.5034550e+06   3.8635254e+01
   8.5102420e+06   3.7841797e+01
   8.5131060e+06   3.7841797e+01
   8.5153250e+06   3.9794922e+01
   8.5203510e+06   4.7302246e+01
   8.5228640e+06   3.8635254e+01
   8.5319980e+06   3.8208008e+01
   8.5334780e+06   4.1992188e+01
   8.5365060e+06   4.0222168e+01
   8.5518560e+06   3.8085938e+01
   8.5607190e+06   3.9306641e+01
   8.5676940e+06   4.0588379e+01
   8.5710940e+06   4.2968750e+01
   8.5733860e+06   3.9489746e+01
   8.5792120e+06   4.1992188e+01
   8.5870090e+06   4.1076660e+01
   8.5904020e+06   4.0649414e+01
   8.5954600e+06   3.9733887e+01
   8.6066000e+06   3.8330078e+01
   8.6080920e+06   3.8269043e+01
   8.6158000e+06   4.2846680e+01
   8.6226660e+06   3.9733887e+01
   8.6265300e+06   4.1748047e+01
   8.6342880e+06   3.9978027e+01
   8.6393620e+06   3.8391113e+01
   8.6528190e+06   4.0100098e+01
   8.6627840e+06   4.6142578e+01
   8.6644770e+06   4.0405273e+01
   8.6687700e+06   4.1870117e+01
   8.6704010e+06   3.8452148e+01
   8.6826200e+06   3.9184570e+01
   8.6849130e+06   4.1625977e+01
   8.6898510e+06   3.8269043e+01
   8.7203930e+06   4.3334961e+01
   8.7209010e+06   4.0893555e+01
   8.7273080e+06   3.8574219e+01
   8.7308320e+06   4.4189453e+01
   8.7449080e+06   3.7963867e+01
   8.7599900e+06   3.8818359e+01
   8.7653840e+06   3.9306641e+01
   8.7683510e+06   4.2602539e+01
   8.7880260e+06   4.1992188e+01
   8.8121970e+06   4.0954590e+01
   8.8130140e+06   4.0100098e+01
   8.8193480e+06   4.1625977e+01
   8.8200460e+06   3.9916992e+01
   8.8245140e+06   3.9428711e+01
   8.8269580e+06   4.0344238e+01
   8.8315640e+06   3.8024902e+01
   8.8350760e+06   3.9489746e+01
   8.8416230e+06   3.8757324e+01
   8.8433390e+06   3.8940430e+01
   8.8450260e+06   3.8146973e+01
   8.8565820e+06   3.8208008e+01
   8.8598220e+06   4.4189453e+01
   8.8653000e+06   3.8452148e+01
   8.8696400e+06   3.7963867e+01
   8.8767310e+06   3.8208008e+01
   8.8839010e+06   4.1320801e+01
   8.8870100e+06   3.9306641e+01
   8.8954890e+06   4.0344238e+01
   8.9024600e+06   3.9001465e+01
   8.9075720e+06   4.6081543e+01
   8.9182860e+06   4.4738770e+01
   8.9305010e+06   4.2419434e+01
   8.9358130e+06   4.2602539e+01
   8.9393140e+06   3.9245605e+01
   8.9438290e+06   3.9428711e+01
   8.9466850e+06   3.8146973e+01
   8.9511120e+06   4.0405273e+01
   8.9517840e+06   4.2236328e+01
   8.9530290e+06   3.9184570e+01
   8.9622090e+06   4.3029785e+01
   8.9629320e+06   3.8757324e+01
   8.9688470e+06   4.0161133e+01
   8.9718900e+06   4.3579102e+01
   8.9742480e+06   4.1259766e+01
   8.9993460e+06   3.9184570e+01
   9.0009590e+06   3.7902832e+01
   9.0033370e+06   4.2114258e+01
   9.0205490e+06   4.2480469e+01
   9.0259080e+06   3.9001465e+01
   9.0386330e+06   4.1503906e+01
   9.0502130e+06   3.9245605e+01
   9.0519310e+06   4.0649414e+01
   9.0571670e+06   3.8391113e+01
   9.0799390e+06   3.9123535e+01
   9.0865410e+06   3.8574219e+01
   9.0884790e+06   3.9550781e+01
   9.0889000e+06   4.1870117e+01
   9.1021290e+06   3.7902832e+01
   9.1159160e+06   3.8513184e+01
   9.1172280e+06   4.3090820e+01
   9.1284550e+06   3.9306641e+01
   9.1500840e+06   4.0893555e+01
   9.1540080e+06   4.1748047e+01
   9.1626370e+06   3.9672852e+01
   9.1744790e+06   3.9184570e+01
   9.1862520e+06   4.0893555e+01
   9.1903200e+06   3.9550781e+01
   9.1933130e+06   3.7902832e+01
   9.2009290e+06   3.8330078e+01
   9.2024510e+06   3.7841797e+01
   9.2158620e+06   4.0649414e+01
   9.2274070e+06   3.9550781e+01
   9.2342380e+06   3.9245605e+01
   9.2389030e+06   4.4433594e+01
   9.2393040e+06   3.8879395e+01
   9.2447000e+06   3.8391113e+01
   9.2460630e+06   3.8818359e+01
   9.2564510e+06   3.7841797e+01
   9.2606960e+06   4.6447754e+01
   9.2837110e+06   3.9062500e+01
   9.2890530e+06   3.7963867e+01
   9.3081220e+06   4.0893555e+01
   9.3165590e+06   3.9733887e+01
   9.3248390e+06   3.8635254e+01
   9.3292460e+06   3.8146973e+01
   9.3339000e+06   3.9672852e+01
   9.3441180e+06   3.7963867e+01
   9.3710640e+06   4.0466309e+01
   9.3773650e+06   3.9672852e+01
   9.3861140e+06   3.9062500e+01
   9.3901390e+06   3.9978027e+01
   9.3914270e+06   4.2968750e+01
   9.3926010e+06   4.1625977e+01
   9.4016890e+06   3.9001465e+01
   9.4052100e+06   3.9306641e+01
   9.4126130e+06   3.8818359e+01
   9.4140860e+06   4.2419434e+01
   9.4190100e+06   3.8085938e+01
   9.4290710e+06   3.8330078e+01
   9.4546270e+06   4.3029785e+01
   9.4642460e+06   4.0527344e+01
   9.4703090e+06   3.9245605e+01
   9.4725460e+06   4.1748047e+01
   9.4828700e+06   3.7841797e+01
   9.4881960e+06   4.1259766e+01
   9.4893020e+06   4.4006348e+01
   9.5015850e+06   3.8330078e+01
   9.5040720e+06   4.0527344e+01
   9.5105460e+06   4.0771484e+01
   9.5128370e+06   4.5654297e+01
   9.5406190e+06   4.1076660e+01
   9.5466780e+06   4.4250488e+01
   9.5501890e+06   4.0771484e+01
   9.5528920e+06   3.8635254e+01
   9.5734160e+06   4.1870117e+01
   9.5761600e+06   3.8757324e+01
   9.5920960e+06   3.8391113e+01
   9.5989090e+06   3.8269043e+01
   9.6163090e+06   3.8146973e+01
   9.6302800e+06   4.0283203e+01
   9.6402620e+06   3.9794922e+01
   9.6461910e+06   3.7963867e+01
   9.6543570e+06   3.9794922e+01
   9.6586780e+06   3.9855957e+01
   9.6968330e+06   3.8085938e+01
   9.6974170e+06   3.8452148e+01
   9.7089520e+06   4.0161133e+01
   9.7103060e+06   3.8391113e+01
   9.7182370e+06   3.8513184e+01
   9.7214690e+06   3.8513184e+01
   9.7222830e+06   3.8757324e+01
   9.7284200e+06   4.1381836e+01
   9.7351660e+06   3.8513184e+01
   9.7488930e+06   4.0161133e+01
   9.7535270e+06   3.8879395e+01
   9.7631070e+06   4.2236328e+01
   9.7728820e+06   4.1625977e+01
   9.7748070e+06   3.8940430e+01
   9.7832410e+06   3.8818359e+01
   9.7917170e+06   3.8940430e+01
   9.7978470e+06   3.9001465e+01
   9.8014520e+06   4.0832520e+01
   9.8028060e+06   4.0710449e+01
   9.8163000e+06   3.8269043e+01
   9.8178480e+06   3.8513184e+01
   9.8189450e+06   3.9062500e+01
   9.8341640e+06   3.9245605e+01
   9.8381230e+06   4.1748047e+01
   9.8427850e+06   4.1137695e+01
   9.8504990e+06   4.1076660e+01
   9.8536310e+06   3.9489746e+01
   9.8581330e+06   3.9245605e+01
   9.8597660e+06   3.7963867e+01
   9.8614980e+06   3.7902832e+01
   9.8860420e+06   3.8452148e+01
   9.8951410e+06   3.9184570e+01
   9.8964760e+06   3.8208008e+01
   9.9132380e+06   4.1076660e+01
   9.9293950e+06   4.1625977e+01
   9.9321030e+06   3.8146973e+01
   9.9489870e+06   3.9733887e+01
   9.9503950e+06   4.0649414e+01
   9.9568530e+06   4.1381836e+01
   9.9728900e+06   3.9550781e+01
   9.9770610e+06   3.9916992e+01
   9.9918080e+06   4.2053223e+01
   9.9986850e+06   3.9672852e+01
   1.0000197e+07   3.8330078e+01
   1.0003900e+07   3.8330078e+01
   1.0008599e+07   4.4250488e+01
   1.0037861e+07   3.9489746e+01
   1.0043771e+07   4.2846680e+01
   1.0053974e+07   3.9489746e+01
   1.0059889e+07   3.7902832e+01
   1.0065784e+07   4.0527344e+01
   1.0068213e+07   3.8696289e+01
   1.0074281e+07   3.8818359e+01
   1.0098743e+07   3.9428711e+01
   1.0100667e+07   3.8940430e+01
   1.0105740e+07   3.8085938e+01
   1.0108357e+07   3.9550781e+01
   1.0121261e+07   4.0161133e+01
   1.0124536e+07   3.8757324e+01
   1.0133945e+07   3.8574219e+01
   1.0136588e+07   3.8818359e+01
   1.0143735e+07   4.2663574e+01
   1.0152991e+07   4.1870117e+01
   1.0157418e+07   3.8635254e+01
   1.0164204e+07   3.8574219e+01
   1.0181409e+07   4.1381836e+01
   1.0199476e+07   3.8879395e+01
   1.0209166e+07   3.9489746e+01
   1.0216956e+07   3.8391113e+01
   1.0218203e+07   4.5288086e+01
   1.0226834e+07   3.9245605e+01
   1.0230694e+07   4.6875000e+01
   1.0237723e+07   3.9733887e+01
   1.0257428e+07   3.9489746e+01
   1.0264814e+07   3.8024902e+01
   1.0272101e+07   4.0710449e+01
   1.0275173e+07   4.1503906e+01
   1.0278808e+07   3.7963867e+01
   1.0284669e+07   3.8513184e+01
   1.0292687e+07   4.3395996e+01
   1.0298975e+07   4.0222168e+01
   1.0317937e+07   3.8696289e+01
   1.0339386e+07   4.4677734e+01
   1.0349659e+07   3.7963867e+01
   1.0350759e+07   4.7302246e+01
   1.0358898e+07   4.1320801e+01
   1.0367900e+07   4.0344238e+01
   1.0381996e+07   4.0039062e+01
   1.0389444e+07   4.0710449e+01
   1.0396953e+07   3.8391113e+01
   1.0406158e+07   4.0161133e+01
   1.0407924e+07   3.8879395e+01
   1.0410398e+07   4.1687012e+01
   1.0413951e+07   3.9184570e+01
   1.0423901e+07   4.1992188e+01
   1.0432817e+07   3.8024902e+01
   1.0436327e+07   4.0527344e+01
   1.0441851e+07   3.9062500e+01
   1.0445854e+07   4.2785645e+01
   1.0448983e+07   3.8024902e+01
   1.0460917e+07   3.9062500e+01
   1.0464256e+07   3.9184570e+01
   1.0467732e+07   3.8879395e+01
   1.0470024e+07   4.2297363e+01
   1.0480792e+07   3.7963867e+01
   1.0487187e+07   3.8208008e+01
   1.0506570e+07   4.0039062e+01
   1.0511709e+07   3.8574219e+01
   1.0515022e+07   3.8452148e+01
   1.0519055e+07   4.2541504e+01
   1.0523351e+07   4.1381836e+01
   1.0542861e+07   4.1015625e+01
   1.0550951e+07   4.1076660e+01
   1.0553165e+07   3.8208008e+01
   1.0567463e+07   3.8635254e+01
   1.0570989e+07   4.0100098e+01
   1.0571928e+07   3.8513184e+01
   1.0575485e+07   3.8513184e+01
   1.0576391e+07   3.8208008e+01
   1.0593354e+07   3.8635254e+01
   1.0616570e+07   3.8818359e+01
   1.0618042e+07   4.0527344e+01
   1.0620061e+07   4.0100098e+01
   1.0628315e+07   3.9062500e+01
   1.0644826e+07   4.5043945e+01
   1.0645976e+07   3.8452148e+01
   1.0658461e+07   3.9794922e+01
   1.0665961e+07   4.4067383e+01
   1.0679819e+07   3.8085938e+01
   1.0689569e+07   3.7902832e+01
   1.0691237e+07   3.8574219e+01
   1.0694888e+07   4.0954590e+01
   1.0702911e+07   4.1687012e+01
   1.0706836e+07   3.7963867e+01
   1.0744955e+07   3.9428711e+01
   1.0747062e+07   4.2297363e+01
   1.0750384e+07   3.9306641e+01
   1.0757263e+07   3.9306641e+01
   1.0769722e+07   4.0100098e+01
   1.0770935e+07   4.1809082e+01
   1.0786971e+07   3.8757324e+01
   1.0788130e+07   3.9062500e+01
   1.0819394e+07   4.6813965e+01
   1.0832277e+07   4.7424316e+01
   1.0837904e+07   4.3273926e+01
   1.0862846e+07   4.0954590e+01
   1.0868356e+07   3.8269043e+01
   1.0869717e+07   4.0466309e+01
   1.0874654e+07   3.8818359e+01
   1.0879701e+07   3.8757324e+01
   1.0886206e+07   3.8024902e+01
   1.0887339e+07   3.8452148e+01
   1.0891457e+07   3.9550781e+01
   1.0900400e+07   3.8879395e+01
   1.0909551e+07   4.0954590e+01
   1.0918430e+07   4.0893555e+01
   1.0940839e+07   3.9489746e+01
   1.0944252e+07   4.0466309e+01
   1.0948239e+07   3.8574219e+01
   1.0953299e+07   3.8940430e+01
   1.0981030e+07   3.8085938e+01
   1.0992095e+07   4.2236328e+01
   1.0999790e+07   4.0649414e+01
   1.1004262e+07   4.0344238e+01
   1.1009482e+07   4.0466309e+01
   1.1036388e+07   3.8269043e+01
   1.1046644e+07   3.9428711e+01
   1.1063015e+07   3.8330078e+01
   1.1064343e+07   3.9733887e+01
   1.1077000e+07   4.0161133e+01
   1.1078865e+07   3.8635254e+01
   1.1085629e+07   3.8146973e+01
   1.1091749e+07   3.8696289e+01
   1.1097325e+07   4.2236328e+01
   1.1121437e+07   3.8574219e+01
   1.1129180e+07   3.8513184e+01
   1.1137074e+07   4.0588379e+01
   1.1143177e+07   3.8085938e+01
   1.1169281e+07   4.2358398e+01
   1.1183950e+07   3.8269043e+01
   1.1208157e+07   4.0466309e+01
   1.1210787e+07   4.2480469e+01
   1.1247944e+07   3.8696289e+01
   1.1268752e+07   4.0832520e+01
   1.1279806e+07   3.9489746e+01
   1.1284904e+07   4.0039062e+01
   1.1290727e+07   4.1198730e+01
   1.1292222e+07   4.2358398e+01
   1.1295310e+07   4.2602539e+01
   1.1298802e+07   3.9428711e+01
   1.1312182e+07   3.8879395e+01
   1.1315784e+07   3.8391113e+01
   1.1316693e+07   3.9428711e+01
   1.1330794e+07   3.8879395e+01
   1.1335895e+07   4.0344238e+01
   1.1341590e+07   3.8269043e+01
   1.1359159e+07   3.8208008e+01
   1.1367250e+07   4.0588379e+01
   1.1387112e+07   4.1625977e+01
   1.1421920e+07   4.0466309e+01
   1.1438896e+07   4.1381836e+01
   1.1452683e+07   4.0222168e+01
   1.1462458e+07   3.9672852e+01
   1.1469823e+07   4.5532227e+01
   1.1475550e+07   3.9489746e+01
   1.1476581e+07   4.2053223e+01
   1.1491148e+07   4.0954590e+01
   1.1507489e+07   3.8085938e+01
   1.1523456e+07   3.7841797e+01
   1.1532140e+07   4.0466309e+01
   1.1535588e+07   3.9733887e+01
   1.1536811e+07   3.8757324e+01
   1.1549759e+07   3.8513184e+01
   1.1557601e+07   4.1748047e+01
   1.1563192e+07   3.8879395e+01
   1.1578712e+07   3.8818359e+01
   1.1585958e+07   4.0405273e+01
   1.1603763e+07   4.3273926e+01
   1.1605601e+07   4.0405273e+01
   1.1608524e+07   3.7902832e+01
   1.1614026e+07   4.1503906e+01
   1.1617676e+07   3.8696289e+01
   1.1619938e+07   3.8024902e+01
   1.1624747e+07   3.8269043e+01
   1.1626345e+07   3.8757324e+01
   1.1635293e+07   4.0222168e+01
   1.1642501e+07   4.1259766e+01
   1.1653368e+07   3.8269043e+01
   1.1661867e+07   4.0771484e+01
   1.1668207e+07   3.8879395e+01
   1.1672006e+07   4.1564941e+01
   1.1686030e+07   3.8391113e+01
   1.1713973e+07   4.1625977e+01
   1.1715614e+07   4.1442871e+01
   1.1723386e+07   3.8146973e+01
   1.1738335e+07   4.2663574e+01
   1.1740127e+07   4.0405273e+01
   1.1745390e+07   3.9184570e+01
   1.1748513e+07   4.1381836e+01
   1.1755406e+07   4.1503906e+01
   1.1763879e+07   3.7902832e+01
   1.1775468e+07   3.9733887e+01
   1.1784567e+07   3.8330078e+01
   1.1791938e+07   4.1503906e+01
   1.1802502e+07   4.1381836e+01
   1.1805112e+07   4.2541504e+01
   1.1828604e+07   3.9672852e+01
   1.1832791e+07   4.1564941e+01
   1.1840381e+07   3.7841797e+01
   1.1850036e+07   3.7841797e+01
   1.1858392e+07   4.2541504e+01
   1.1881597e+07   3.9306641e+01
   1.1882881e+07   4.1503906e+01
   1.1884246e+07   4.0649414e+01
   1.1887946e+07   3.8635254e+01
   1.1894901e+07   4.0222168e+01
   1.1898461e+07   3.9916992e+01
   1.1906844e+07   4.0466309e+01
   1.1919824e+07   3.9367676e+01
   1.1922479e+07   3.8940430e+01
   1.1926764e+07   4.3457031e+01
   1.1930469e+07   3.9123535e+01
   1.1941119e+07   3.9550781e+01
   1.1943562e+07   3.9855957e+01
   1.1953720e+07   4.3090820e+01
   1.1963055e+07   3.8391113e+01
   1.1969750e+07   4.2236328e+01
   1.1977867e+07   4.0588379e+01
   1.1981698e+07   4.0893555e+01
   1.1983218e+07   4.2968750e+01
   1.1986197e+07   3.9855957e+01
   1.1993064e+07   3.9550781e+01
