   1.1999000e+07   0.0000000e+00
   6.0704000e+04   4.4921875e+01
   6.4082000e+04   1.5740967e+02
   1.2870600e+05   3.6132812e+01
   2.6598400e+05   3.5705566e+01
   4.3510100e+05   3.4912109e+01
   5.8034500e+05   3.5522461e+01
   5.8982100e+05   3.4851074e+01
   6.9991600e+05   3.5278320e+01
   7.3302700e+05   3.4912109e+01
   1.0126590e+06   3.5888672e+01
   1.5319710e+06   3.5400391e+01
   1.6349510e+06   3.5278320e+01
   1.6412270e+06   3.5522461e+01
   1.6904310e+06   3.8269043e+01
   2.3225040e+06   3.5034180e+01
   2.8973420e+06   3.8024902e+01
   3.1972810e+06   3.5217285e+01
   3.2936010e+06   4.0344238e+01
   4.1392310e+06   3.5034180e+01
   4.7390940e+06   3.5461426e+01
   4.7903410e+06   3.5583496e+01
   6.8366710e+06   3.4973145e+01
   7.2560710e+06   3.5400391e+01
   7.8133460e+06   9.9426270e+01
   7.9131980e+06   3.6254883e+01
   9.2695030e+06   3.5766602e+01
