   1.1996000e+07   0.0000000e+00
   3.4705000e+04   3.5827637e+01
   3.4994000e+04   2.9541016e+01
   3.5007000e+04   2.9479980e+01
   3.5164000e+04   3.3508301e+01
   3.5250000e+04   3.2470703e+01
   3.5350000e+04   3.0029297e+01
   3.5393000e+04   2.9602051e+01
   3.5425000e+04   4.7668457e+01
   3.5597000e+04   3.9123535e+01
   3.6779000e+04   2.9052734e+01
   5.4842000e+04   3.2592773e+01
   5.5109000e+04   2.9479980e+01
   5.5394000e+04   3.1494141e+01
   5.5460000e+04   2.8930664e+01
   5.6001000e+04   3.2226562e+01
   5.6340000e+04   2.9907227e+01
   1.4190100e+05   2.9418945e+01
   1.4198500e+05   3.2409668e+01
   1.4202000e+05   3.1860352e+01
   1.4207400e+05   3.4973145e+01
   1.4213800e+05   2.9785156e+01
   1.4216800e+05   5.4748535e+01
   1.4232100e+05   3.4606934e+01
   2.0949300e+05   4.6020508e+01
   2.1012800e+05   2.9724121e+01
   2.1020900e+05   3.6071777e+01
   2.1031300e+05   2.9846191e+01
   2.1033100e+05   3.6499023e+01
   2.1045200e+05   4.9987793e+01
   2.1053800e+05   4.4250488e+01
   2.1071600e+05   3.6682129e+01
   2.9673200e+05   3.0273438e+01
   2.9682500e+05   3.0883789e+01
   2.9687500e+05   3.1127930e+01
   2.9694200e+05   3.2714844e+01
   2.9704300e+05   3.3142090e+01
   2.9706400e+05   3.6499023e+01
   2.9712300e+05   2.9235840e+01
   2.9714900e+05   3.9611816e+01
   2.9718400e+05   4.0893555e+01
   2.9732800e+05   3.6804199e+01
   2.9799800e+05   2.9235840e+01
   2.9811400e+05   3.1311035e+01
   2.9825400e+05   3.1555176e+01
   2.9840500e+05   2.9418945e+01
   3.1864800e+05   3.3996582e+01
   3.1912000e+05   3.1555176e+01
   3.1924100e+05   2.9296875e+01
   3.1970100e+05   2.9541016e+01
   3.1993600e+05   3.3203125e+01
   3.2131100e+05   3.2592773e+01
   3.2230800e+05   3.1738281e+01
   3.2279000e+05   3.1188965e+01
   3.2318300e+05   4.1076660e+01
   3.8233700e+05   3.3325195e+01
   3.8296600e+05   3.5766602e+01
   4.8404200e+05   3.3203125e+01
   4.8412300e+05   4.3273926e+01
   4.8419400e+05   3.7292480e+01
   4.8425200e+05   3.8208008e+01
   4.8426300e+05   3.5217285e+01
   4.8434200e+05   4.0100098e+01
   4.8442100e+05   4.2053223e+01
   4.8474600e+05   3.0822754e+01
   4.8483900e+05   4.1564941e+01
   4.8502100e+05   2.9541016e+01
   4.8553900e+05   2.9968262e+01
   4.8568600e+05   3.0029297e+01
   4.8588200e+05   3.0334473e+01
   5.6825200e+05   3.6926270e+01
   5.6844200e+05   3.1188965e+01
   5.6854200e+05   3.7780762e+01
   5.6857700e+05   3.7475586e+01
   5.6860500e+05   3.7048340e+01
   5.6864000e+05   2.8869629e+01
   5.6865100e+05   4.3151855e+01
   5.6867600e+05   3.0517578e+01
   5.6872700e+05   4.5654297e+01
   5.6876400e+05   3.6254883e+01
   5.6879900e+05   5.1513672e+01
   5.6893500e+05   3.0883789e+01
   5.6899000e+05   3.2592773e+01
   5.6902100e+05   3.0151367e+01
   5.6926300e+05   3.2653809e+01
   5.6944200e+05   2.9235840e+01
   5.6954800e+05   3.2592773e+01
   5.6971200e+05   3.0578613e+01
   5.6973700e+05   3.0517578e+01
   5.6997400e+05   3.7231445e+01
   5.7025600e+05   3.7780762e+01
   5.7045200e+05   3.2714844e+01
   5.7055800e+05   2.9724121e+01
   5.7066400e+05   3.3081055e+01
   5.7079400e+05   3.1494141e+01
   5.7089300e+05   3.0212402e+01
   5.7120900e+05   4.1442871e+01
   5.7130900e+05   2.9052734e+01
   5.7165200e+05   2.8991699e+01
   5.7167400e+05   4.0039062e+01
   5.7337100e+05   3.1066895e+01
   5.7349200e+05   3.1188965e+01
   5.7386000e+05   3.2104492e+01
   6.4039500e+05   3.5400391e+01
   6.4053400e+05   3.9978027e+01
   6.4065400e+05   3.1311035e+01
   6.4072500e+05   4.3090820e+01
   6.4078400e+05   3.1066895e+01
   6.4080500e+05   3.0700684e+01
   6.4084800e+05   3.0090332e+01
   6.4086200e+05   3.7170410e+01
   6.4088200e+05   3.1921387e+01
   6.4089900e+05   3.3752441e+01
   6.4095200e+05   3.5827637e+01
   6.4097600e+05   3.9672852e+01
   6.4101400e+05   2.9541016e+01
   6.4111400e+05   2.8869629e+01
   6.4123100e+05   4.5410156e+01
   6.4134600e+05   3.2409668e+01
   6.4141000e+05   2.9479980e+01
   6.4163100e+05   4.2724609e+01
   6.4170700e+05   2.9296875e+01
   6.4178200e+05   2.9357910e+01
   6.4212600e+05   3.2165527e+01
   6.4237900e+05   3.0517578e+01
   6.4247200e+05   3.2409668e+01
   6.4249600e+05   4.2968750e+01
   6.4283900e+05   2.9357910e+01
   6.4342400e+05   3.0700684e+01
   6.4356500e+05   3.4118652e+01
   6.4487700e+05   3.3386230e+01
   6.4520100e+05   2.8930664e+01
   6.4623300e+05   2.9663086e+01
   7.5089700e+05   3.1860352e+01
   7.5098500e+05   3.2409668e+01
   7.5102500e+05   3.6560059e+01
   7.5105500e+05   3.0578613e+01
   7.5110100e+05   3.2958984e+01
   7.5117600e+05   3.2653809e+01
   7.5125900e+05   3.4545898e+01
   7.5147400e+05   4.0710449e+01
   7.5162300e+05   3.4606934e+01
   7.5168900e+05   3.7475586e+01
   7.5193600e+05   3.0151367e+01
   7.5210900e+05   3.6987305e+01
   7.5219500e+05   3.1738281e+01
   7.5222500e+05   4.0039062e+01
   7.5228900e+05   2.8991699e+01
   7.5259600e+05   3.5400391e+01
   7.5372600e+05   3.1066895e+01
   7.5423500e+05   3.3752441e+01
   8.4983500e+05   3.4423828e+01
   8.5034200e+05   3.6560059e+01
   8.5037100e+05   3.1188965e+01
   8.5048200e+05   3.0517578e+01
   8.5055300e+05   3.2348633e+01
   8.5064800e+05   2.9418945e+01
   8.5082700e+05   3.3142090e+01
   8.5104600e+05   4.6691895e+01
   8.5140000e+05   3.3813477e+01
   8.5149200e+05   2.9235840e+01
   8.5166000e+05   2.9052734e+01
   9.3905600e+05   3.3813477e+01
   9.3911200e+05   3.8757324e+01
   9.3932000e+05   2.9296875e+01
   9.3933100e+05   3.2592773e+01
   9.3936400e+05   3.6926270e+01
   9.3940200e+05   3.3996582e+01
   9.3944600e+05   3.5949707e+01
   9.3946900e+05   3.1494141e+01
   9.3952700e+05   3.4606934e+01
   9.3974100e+05   3.0273438e+01
   9.8444200e+05   4.3518066e+01
   9.8452300e+05   3.4240723e+01
   9.8456900e+05   3.1921387e+01
   9.8459000e+05   3.7353516e+01
   9.8464200e+05   3.1188965e+01
   9.8471200e+05   3.1311035e+01
   9.8475600e+05   3.3447266e+01
   9.8487600e+05   2.9113770e+01
   9.8495600e+05   3.1311035e+01
   9.8512600e+05   2.9663086e+01
   9.8521200e+05   3.1066895e+01
   9.8573600e+05   2.9418945e+01
   9.8587400e+05   3.0395508e+01
   1.0487600e+06   3.2348633e+01
   1.0497780e+06   3.1616211e+01
   1.0511880e+06   3.1799316e+01
   1.1518800e+06   3.1066895e+01
   1.1519930e+06   3.5461426e+01
   1.1520600e+06   3.2470703e+01
   1.1522510e+06   5.8593750e+01
   1.1522890e+06   3.7597656e+01
   1.1523120e+06   3.9062500e+01
   1.1523490e+06   3.1555176e+01
   1.1524250e+06   2.9602051e+01
   1.1526610e+06   3.0517578e+01
   1.1527810e+06   3.3020020e+01
   1.1887190e+06   3.1372070e+01
   1.1889330e+06   4.1137695e+01
   1.1891000e+06   3.2043457e+01
   1.1892380e+06   3.0273438e+01
   1.1894070e+06   3.0090332e+01
   1.1895610e+06   3.9367676e+01
   1.1896610e+06   3.5217285e+01
   1.1896760e+06   2.8930664e+01
   1.2584230e+06   2.9968262e+01
   1.2584940e+06   3.1066895e+01
   1.2585590e+06   3.2348633e+01
   1.2586220e+06   3.1250000e+01
   1.2586520e+06   3.0090332e+01
   1.2586780e+06   3.4301758e+01
   1.2586910e+06   3.8330078e+01
   1.2587520e+06   2.9418945e+01
   1.2588050e+06   3.2836914e+01
   1.2588190e+06   3.6804199e+01
   1.2588970e+06   3.0578613e+01
   1.2589730e+06   3.3325195e+01
   1.2590550e+06   3.3630371e+01
   1.2916270e+06   3.9916992e+01
   1.2917810e+06   3.3447266e+01
   1.2919940e+06   3.7597656e+01
   1.3984970e+06   3.5644531e+01
   1.3986050e+06   3.5461426e+01
   1.3986990e+06   2.9907227e+01
   1.3987190e+06   3.3020020e+01
   1.3987360e+06   2.9846191e+01
   1.3987720e+06   3.0273438e+01
   1.3988270e+06   3.2165527e+01
   1.3988560e+06   3.5156250e+01
   1.4839780e+06   3.4179688e+01
   1.4841160e+06   3.3813477e+01
   1.4842260e+06   3.1066895e+01
   1.4843320e+06   3.2165527e+01
   1.4843580e+06   3.6865234e+01
   1.4843920e+06   4.0527344e+01
   1.4845250e+06   3.5217285e+01
   1.4845830e+06   3.7170410e+01
   1.5681250e+06   2.8869629e+01
   1.5690080e+06   3.1127930e+01
   1.5694000e+06   2.9479980e+01
   1.5694270e+06   4.5654297e+01
   1.5695020e+06   2.9235840e+01
   1.5695180e+06   4.2785645e+01
   1.5695750e+06   3.0944824e+01
   1.5696200e+06   4.7607422e+01
   1.5696550e+06   3.0212402e+01
   1.5697730e+06   2.8930664e+01
   1.6053640e+06   3.7170410e+01
   1.6054440e+06   3.4301758e+01
   1.6055380e+06   2.8869629e+01
   1.6056160e+06   3.0273438e+01
   1.6057840e+06   3.3935547e+01
   1.6513230e+06   3.0944824e+01
   1.6514580e+06   3.2287598e+01
   1.6515620e+06   3.0395508e+01
   1.6516440e+06   3.7597656e+01
   1.6517090e+06   3.4057617e+01
   1.6517960e+06   2.9785156e+01
   1.6519690e+06   3.4606934e+01
   1.6848140e+06   3.8818359e+01
   1.6849150e+06   3.2226562e+01
   1.6850140e+06   2.9907227e+01
   1.6852110e+06   3.1860352e+01
   1.7649400e+06   2.9296875e+01
   1.7650990e+06   3.5705566e+01
   1.7651720e+06   3.3752441e+01
   1.7652410e+06   3.5217285e+01
   1.7653740e+06   3.1005859e+01
   1.7654370e+06   3.3996582e+01
   1.7654650e+06   3.3081055e+01
   1.7655090e+06   2.8869629e+01
   1.7655240e+06   3.4545898e+01
   1.7655940e+06   3.3874512e+01
   1.8114350e+06   3.0090332e+01
   1.8119990e+06   3.3996582e+01
   1.8124090e+06   3.2836914e+01
   1.8128730e+06   3.2287598e+01
   1.8129070e+06   3.0212402e+01
   1.8204950e+06   3.2714844e+01
   1.8206680e+06   3.3447266e+01
   1.8207970e+06   3.0639648e+01
   1.9223440e+06   2.9357910e+01
   1.9420790e+06   3.1066895e+01
   1.9422270e+06   4.3762207e+01
   1.9423790e+06   3.4179688e+01
   1.9424510e+06   3.1738281e+01
   1.9425370e+06   3.3020020e+01
   1.9425950e+06   3.0395508e+01
   1.9426050e+06   2.8869629e+01
   1.9426410e+06   3.2409668e+01
   1.9426650e+06   3.9855957e+01
   1.9427320e+06   3.7536621e+01
   1.9427530e+06   3.3996582e+01
   1.9428080e+06   3.7353516e+01
   1.9428750e+06   3.0639648e+01
   1.9429700e+06   3.1005859e+01
   2.0039100e+06   3.0700684e+01
   2.0040710e+06   3.0273438e+01
   2.0041690e+06   3.1738281e+01
   2.0042640e+06   2.8869629e+01
   2.0042920e+06   3.0761719e+01
   2.0043110e+06   3.3142090e+01
   2.0043810e+06   2.9724121e+01
   2.0044100e+06   5.2856445e+01
   2.0044570e+06   3.5827637e+01
   2.0044980e+06   3.3264160e+01
   2.0045260e+06   2.9663086e+01
   2.0045850e+06   3.4118652e+01
   2.0047800e+06   3.0151367e+01
   2.0049710e+06   2.9602051e+01
   2.0050620e+06   3.5766602e+01
   2.0054450e+06   2.9479980e+01
   2.0055760e+06   3.2653809e+01
   2.0351710e+06   3.0090332e+01
   2.0839280e+06   3.5400391e+01
   2.0840290e+06   3.1982422e+01
   2.0840740e+06   3.3386230e+01
   2.0841460e+06   3.3081055e+01
   2.0842050e+06   3.0334473e+01
   2.0842230e+06   3.2226562e+01
   2.0843040e+06   3.5949707e+01
   2.0843280e+06   3.3752441e+01
   2.0843960e+06   3.3752441e+01
   2.0844510e+06   3.0029297e+01
   2.0845370e+06   3.6926270e+01
   2.0846490e+06   3.0395508e+01
   2.0847480e+06   2.9907227e+01
   2.1476930e+06   3.1921387e+01
   2.1478170e+06   3.2287598e+01
   2.1479870e+06   3.5034180e+01
   2.1480640e+06   3.1250000e+01
   2.1480940e+06   2.9174805e+01
   2.1481830e+06   3.2653809e+01
   2.1482550e+06   3.0517578e+01
   2.1483230e+06   3.3264160e+01
   2.1483350e+06   7.3181152e+01
   2.1484560e+06   3.3508301e+01
   2.1486250e+06   3.3691406e+01
   2.1490350e+06   2.9418945e+01
   2.1491830e+06   3.1372070e+01
   2.1799410e+06   3.4423828e+01
   2.1802730e+06   3.3874512e+01
   2.1984570e+06   3.4057617e+01
   2.1992270e+06   3.1311035e+01
   2.1996170e+06   3.0761719e+01
   2.2301630e+06   3.4301758e+01
   2.2304460e+06   3.3508301e+01
   2.2306540e+06   3.0761719e+01
   2.2310060e+06   2.8930664e+01
   2.2313380e+06   3.0883789e+01
   2.2951660e+06   3.1677246e+01
   2.2952380e+06   3.3813477e+01
   2.2953060e+06   3.0517578e+01
   2.2953290e+06   3.6682129e+01
   2.2953460e+06   3.7902832e+01
   2.2953760e+06   4.8767090e+01
   2.2954000e+06   3.4484863e+01
   2.2954410e+06   2.9541016e+01
   2.2954690e+06   3.6132812e+01
   2.2954960e+06   3.0944824e+01
   2.2955710e+06   3.4057617e+01
   2.2955850e+06   3.4790039e+01
   2.2956970e+06   3.6865234e+01
   2.2965430e+06   3.2958984e+01
   2.2966430e+06   2.9968262e+01
   2.2971190e+06   3.0883789e+01
   2.3414580e+06   3.9794922e+01
   2.3416400e+06   3.4606934e+01
   2.3417420e+06   3.5461426e+01
   2.3418350e+06   3.0090332e+01
   2.3418990e+06   3.8330078e+01
   2.3419260e+06   4.0405273e+01
   2.3419770e+06   3.0822754e+01
   2.3420170e+06   3.1860352e+01
   2.3420360e+06   2.9907227e+01
   2.3420590e+06   3.5766602e+01
   2.3420930e+06   3.8940430e+01
   2.3421100e+06   3.3996582e+01
   2.3421900e+06   3.5278320e+01
   2.3424100e+06   3.0639648e+01
   2.3425310e+06   4.0588379e+01
   2.3429970e+06   4.3212891e+01
   2.3432410e+06   2.9724121e+01
   2.3433010e+06   3.3996582e+01
   2.3434150e+06   3.0090332e+01
   2.3434940e+06   3.7475586e+01
   2.3437270e+06   3.4545898e+01
   2.3439100e+06   4.0893555e+01
   2.3440780e+06   3.4057617e+01
   2.3441260e+06   3.2592773e+01
   2.3441810e+06   2.9724121e+01
   2.3445680e+06   3.1127930e+01
   2.3449990e+06   3.1616211e+01
   2.3456070e+06   3.1433105e+01
   2.4027990e+06   3.9184570e+01
   2.4030650e+06   2.9724121e+01
   2.4031940e+06   5.2673340e+01
   2.4032750e+06   2.9235840e+01
   2.4033580e+06   3.7597656e+01
   2.4034360e+06   3.0822754e+01
   2.4034840e+06   3.3508301e+01
   2.4035090e+06   3.6621094e+01
   2.4035500e+06   3.5400391e+01
   2.4035740e+06   3.2226562e+01
   2.4035930e+06   3.0456543e+01
   2.4036320e+06   3.7536621e+01
   2.4036790e+06   2.9968262e+01
   2.4037450e+06   3.1982422e+01
   2.4038780e+06   3.4729004e+01
   2.4222290e+06   2.9296875e+01
   2.4727740e+06   3.0334473e+01
   2.4729460e+06   3.4851074e+01
   2.4730500e+06   2.9907227e+01
   2.4731380e+06   3.3569336e+01
   2.4732040e+06   3.1616211e+01
   2.4732460e+06   3.2226562e+01
   2.4732870e+06   3.2836914e+01
   2.4733100e+06   3.0761719e+01
   2.4733680e+06   3.2592773e+01
   2.5678690e+06   3.0517578e+01
   2.5679750e+06   3.5217285e+01
   2.5680480e+06   3.2348633e+01
   2.5681290e+06   3.6560059e+01
   2.5681610e+06   3.7353516e+01
   2.5681850e+06   3.6071777e+01
   2.5682040e+06   3.1921387e+01
   2.5682960e+06   3.1066895e+01
   2.5683230e+06   2.9602051e+01
   2.6045070e+06   3.0029297e+01
   2.6047820e+06   3.8085938e+01
   2.6170540e+06   3.0395508e+01
   2.7299180e+06   4.1076660e+01
   2.7300780e+06   3.0761719e+01
   2.7301710e+06   3.3020020e+01
   2.7302440e+06   3.0212402e+01
   2.7302810e+06   3.1372070e+01
   2.7303690e+06   3.0944824e+01
   2.7303840e+06   5.3283691e+01
   2.7304720e+06   4.6447754e+01
   2.7305840e+06   3.1982422e+01
   2.7421890e+06   3.4423828e+01
   2.7425550e+06   3.6437988e+01
   2.7552970e+06   3.4606934e+01
   2.7640750e+06   3.0761719e+01
   2.7657720e+06   3.4973145e+01
   2.7660330e+06   3.7414551e+01
   2.7925930e+06   3.3813477e+01
   2.7926920e+06   3.5278320e+01
   2.7927580e+06   4.5776367e+01
   2.7928040e+06   3.1372070e+01
   2.7928340e+06   2.9663086e+01
   2.7928560e+06   3.5827637e+01
   2.7928920e+06   3.3569336e+01
   2.7929220e+06   2.9541016e+01
   2.7931460e+06   2.9724121e+01
   2.7931750e+06   2.9174805e+01
   2.7932310e+06   3.1677246e+01
   2.9136160e+06   3.2714844e+01
   2.9136950e+06   3.1250000e+01
   2.9137810e+06   3.9062500e+01
   2.9138170e+06   3.4973145e+01
   2.9138440e+06   4.3212891e+01
   2.9138740e+06   2.9113770e+01
   2.9139090e+06   4.4067383e+01
   2.9139360e+06   3.7292480e+01
   2.9139670e+06   3.1372070e+01
   2.9139880e+06   4.8706055e+01
   2.9140630e+06   3.2409668e+01
   2.9142030e+06   3.5583496e+01
   2.9148860e+06   3.0395508e+01
   2.9149920e+06   2.8930664e+01
   2.9600600e+06   3.2958984e+01
   2.9601530e+06   3.8513184e+01
   2.9602470e+06   3.4118652e+01
   2.9602900e+06   3.7048340e+01
   2.9603530e+06   4.3945313e+01
   2.9603790e+06   3.3081055e+01
   2.9604200e+06   3.5461426e+01
   2.9605440e+06   2.9602051e+01
   2.9606800e+06   3.3142090e+01
   2.9607510e+06   3.3203125e+01
   2.9610080e+06   3.2409668e+01
   2.9611610e+06   3.1494141e+01
   2.9613400e+06   3.0822754e+01
   2.9620340e+06   3.0883789e+01
   3.0502860e+06   3.1372070e+01
   3.0504210e+06   3.4545898e+01
   3.0505300e+06   4.2724609e+01
   3.0505740e+06   2.9724121e+01
   3.0505990e+06   3.0944824e+01
   3.0506660e+06   3.0212402e+01
   3.0507230e+06   4.1381836e+01
   3.0507390e+06   2.9907227e+01
   3.0507790e+06   3.6804199e+01
   3.0508280e+06   3.6437988e+01
   3.0508380e+06   3.1433105e+01
   3.0508750e+06   3.1921387e+01
   3.0509900e+06   2.9174805e+01
   3.0511790e+06   3.3935547e+01
   3.1184060e+06   3.7597656e+01
   3.1185370e+06   3.1127930e+01
   3.1186580e+06   3.0151367e+01
   3.1187460e+06   3.4667969e+01
   3.1187590e+06   3.3569336e+01
   3.1188070e+06   2.9541016e+01
   3.1188800e+06   3.7597656e+01
   3.1189060e+06   3.9367676e+01
   3.1189280e+06   3.9062500e+01
   3.1189530e+06   3.3630371e+01
   3.1189880e+06   4.1748047e+01
   3.1190420e+06   3.9550781e+01
   3.1653760e+06   3.2592773e+01
   3.1654850e+06   3.1921387e+01
   3.1655260e+06   3.6682129e+01
   3.1655730e+06   3.0090332e+01
   3.1656350e+06   3.3813477e+01
   3.1656660e+06   3.2104492e+01
   3.1656830e+06   3.5888672e+01
   3.1657110e+06   3.5217285e+01
   3.1657770e+06   3.9794922e+01
   3.1658120e+06   2.9357910e+01
   3.1658380e+06   3.2714844e+01
   3.1659110e+06   3.5339355e+01
   3.2387120e+06   3.5156250e+01
   3.2388190e+06   4.0649414e+01
   3.2388650e+06   3.1860352e+01
   3.2389250e+06   3.1188965e+01
   3.2390390e+06   4.7424316e+01
   3.2391340e+06   2.9907227e+01
   3.2392180e+06   3.9611816e+01
   3.2392990e+06   3.1616211e+01
   3.3169150e+06   3.5278320e+01
   3.3171890e+06   3.5827637e+01
   3.3172600e+06   3.3081055e+01
   3.3172860e+06   2.9357910e+01
   3.3173360e+06   3.4912109e+01
   3.3173840e+06   3.7719727e+01
   3.3174080e+06   3.0151367e+01
   3.3174570e+06   3.2531738e+01
   3.3175410e+06   2.9541016e+01
   3.3176240e+06   3.1250000e+01
   3.3514540e+06   3.4667969e+01
   3.3525140e+06   3.3203125e+01
   3.3526720e+06   4.0344238e+01
   3.3531010e+06   3.2958984e+01
   3.3537220e+06   3.5522461e+01
   3.4461720e+06   3.0090332e+01
   3.4462630e+06   3.1494141e+01
   3.4463110e+06   3.8146973e+01
   3.4463880e+06   4.3090820e+01
   3.4464080e+06   3.3142090e+01
   3.4464380e+06   4.3151855e+01
   3.4464840e+06   2.9968262e+01
   3.4465150e+06   4.2114258e+01
   3.4465390e+06   3.7963867e+01
   3.4465890e+06   3.0822754e+01
   3.4467710e+06   3.0212402e+01
   3.5264640e+06   3.0822754e+01
   3.5266540e+06   3.1677246e+01
   3.5267140e+06   2.9663086e+01
   3.5267600e+06   2.9663086e+01
   3.5267900e+06   3.0944824e+01
   3.5268600e+06   3.4240723e+01
   3.5269920e+06   3.1982422e+01
   3.5270290e+06   3.2287598e+01
   3.5270980e+06   2.9235840e+01
   3.5272360e+06   2.9174805e+01
   3.6415710e+06   3.2165527e+01
   3.6417030e+06   3.0944824e+01
   3.6418000e+06   3.0395508e+01
   3.6419090e+06   3.0029297e+01
   3.6420150e+06   3.2653809e+01
   3.6421180e+06   3.7597656e+01
   3.6421450e+06   2.9418945e+01
   3.6421960e+06   3.7414551e+01
   3.6422920e+06   2.8930664e+01
   3.6423520e+06   3.2897949e+01
   3.6949900e+06   2.9296875e+01
   3.6950950e+06   2.8930664e+01
   3.6951580e+06   3.1250000e+01
   3.6952330e+06   3.1616211e+01
   3.6952500e+06   3.2775879e+01
   3.6952640e+06   2.9235840e+01
   3.6953190e+06   3.3813477e+01
   3.6953550e+06   3.0395508e+01
   3.6953720e+06   3.0212402e+01
   3.6954220e+06   2.8930664e+01
   3.6954690e+06   3.4545898e+01
   3.7074230e+06   3.1860352e+01
   3.7078130e+06   3.2836914e+01
   3.7080670e+06   2.9357910e+01
   3.7084160e+06   2.9235840e+01
   3.7085780e+06   3.5278320e+01
   3.7091490e+06   3.3569336e+01
   3.7103070e+06   3.1860352e+01
   3.7619340e+06   3.8818359e+01
   3.7620780e+06   3.6865234e+01
   3.7621860e+06   3.2531738e+01
   3.7622730e+06   3.3447266e+01
   3.7623930e+06   3.6254883e+01
   3.7626430e+06   3.0090332e+01
   3.7627340e+06   2.9235840e+01
   3.8492080e+06   3.2287598e+01
   3.8492630e+06   3.4118652e+01
   3.8493400e+06   3.4240723e+01
   3.8493640e+06   3.6193848e+01
   3.8493990e+06   5.2673340e+01
   3.8494090e+06   2.9113770e+01
   3.8494440e+06   4.3273926e+01
   3.8495370e+06   2.9846191e+01
   3.8497540e+06   3.0456543e+01
   3.8500590e+06   3.0517578e+01
   3.8509760e+06   3.5034180e+01
   3.8511970e+06   2.9541016e+01
   3.8513090e+06   2.9846191e+01
   3.8515930e+06   3.1494141e+01
   3.8520960e+06   3.0029297e+01
   3.9369670e+06   2.9968262e+01
   3.9372430e+06   3.1066895e+01
   3.9373010e+06   3.3691406e+01
   3.9374170e+06   3.8574219e+01
   3.9374580e+06   3.2836914e+01
   3.9374760e+06   3.0273438e+01
   3.9375090e+06   3.4362793e+01
   3.9375720e+06   4.1015625e+01
   3.9376870e+06   3.3752441e+01
   3.9378500e+06   3.1799316e+01
   3.9384900e+06   3.3874512e+01
   3.9387880e+06   3.0151367e+01
   3.9391320e+06   3.0944824e+01
   3.9396000e+06   3.1860352e+01
   3.9935880e+06   3.0151367e+01
   4.0127950e+06   3.9428711e+01
   4.0129600e+06   3.2165527e+01
   4.0130460e+06   3.1311035e+01
   4.0130970e+06   3.1188965e+01
   4.0131580e+06   3.8208008e+01
   4.0131900e+06   5.1452637e+01
   4.0132130e+06   3.1005859e+01
   4.0132740e+06   3.0761719e+01
   4.0133310e+06   4.0893555e+01
   4.0134130e+06   3.4301758e+01
   4.0134260e+06   3.1066895e+01
   4.0135450e+06   2.9724121e+01
   4.0138330e+06   2.9663086e+01
   4.0139200e+06   3.2043457e+01
   4.0158830e+06   2.9235840e+01
   4.0163110e+06   3.4057617e+01
   4.0165000e+06   3.7170410e+01
   4.0241410e+06   3.0822754e+01
   4.0791430e+06   4.3090820e+01
   4.0792310e+06   3.5949707e+01
   4.0793190e+06   3.4606934e+01
   4.0794230e+06   4.0893555e+01
   4.0795040e+06   4.2663574e+01
   4.0795210e+06   3.3569336e+01
   4.0795680e+06   3.3264160e+01
   4.0796110e+06   2.9174805e+01
   4.0796470e+06   2.9968262e+01
   4.0799090e+06   3.0944824e+01
   4.1893520e+06   2.9602051e+01
   4.2334930e+06   3.0700684e+01
   4.2335800e+06   3.5034180e+01
   4.2336690e+06   3.0029297e+01
   4.2338210e+06   3.5217285e+01
   4.2338690e+06   3.0029297e+01
   4.2338890e+06   3.2287598e+01
   4.2339600e+06   2.9541016e+01
   4.2340000e+06   3.3691406e+01
   4.2341350e+06   3.5217285e+01
   4.2342060e+06   3.6621094e+01
   4.2349260e+06   2.9846191e+01
   4.2546490e+06   3.6376953e+01
   4.2606620e+06   3.7048340e+01
   4.2632030e+06   3.3508301e+01
   4.2633110e+06   3.1799316e+01
   4.2637480e+06   3.2470703e+01
   4.2749870e+06   2.9113770e+01
   4.2753480e+06   2.9174805e+01
   4.3350660e+06   3.2470703e+01
   4.3353470e+06   2.9235840e+01
   4.3356300e+06   2.9052734e+01
   4.3357070e+06   3.6010742e+01
   4.3358830e+06   2.9357910e+01
   4.3575730e+06   3.5461426e+01
   4.4245740e+06   4.1748047e+01
   4.4246800e+06   2.8930664e+01
   4.4247420e+06   3.1677246e+01
   4.4247870e+06   3.6254883e+01
   4.4248510e+06   3.7536621e+01
   4.4248800e+06   3.2531738e+01
   4.4249620e+06   3.2043457e+01
   4.4249740e+06   3.4790039e+01
   4.4256970e+06   3.4912109e+01
   4.4540480e+06   3.6499023e+01
   4.4544640e+06   3.3935547e+01
   4.4555840e+06   3.0761719e+01
   4.4848800e+06   3.2287598e+01
   4.4854700e+06   3.7780762e+01
   4.4857410e+06   3.5644531e+01
   4.5065870e+06   2.9602051e+01
   4.5071040e+06   2.9113770e+01
   4.5083820e+06   3.4851074e+01
   4.5975790e+06   2.9052734e+01
   4.5977740e+06   3.0334473e+01
   4.5978850e+06   4.5471191e+01
   4.5979360e+06   3.3447266e+01
   4.5980100e+06   5.2734375e+01
   4.5981140e+06   3.4667969e+01
   4.5981270e+06   3.6804199e+01
   4.6567440e+06   3.2470703e+01
   4.6572570e+06   3.5888672e+01
   4.6573250e+06   3.9123535e+01
   4.6573940e+06   4.0893555e+01
   4.6574150e+06   3.9489746e+01
   4.6574650e+06   3.1188965e+01
   4.6574990e+06   4.0405273e+01
   4.6575420e+06   3.4423828e+01
   4.6575630e+06   3.4118652e+01
   4.6576740e+06   4.4006348e+01
   4.6583280e+06   3.2653809e+01
   4.6584660e+06   2.9846191e+01
   4.6587010e+06   2.9724121e+01
   4.7518020e+06   3.1555176e+01
   4.7519390e+06   2.9968262e+01
   4.7520280e+06   2.9113770e+01
   4.7520550e+06   3.3264160e+01
   4.7521180e+06   4.4616699e+01
   4.7521510e+06   3.1127930e+01
   4.7522170e+06   2.9052734e+01
   4.7522310e+06   4.1259766e+01
   4.7522570e+06   3.5217285e+01
   4.7522970e+06   4.0893555e+01
   4.7523070e+06   3.9916992e+01
   4.7524080e+06   3.2104492e+01
   4.7528190e+06   2.9541016e+01
   4.7533890e+06   3.0090332e+01
   4.7539980e+06   3.1677246e+01
   4.7549780e+06   3.1433105e+01
   4.7556160e+06   2.8869629e+01
   4.7574300e+06   2.9113770e+01
   4.7966200e+06   3.2592773e+01
   4.7970800e+06   3.3447266e+01
   4.8928480e+06   2.9907227e+01
   4.8929950e+06   3.5339355e+01
   4.8931870e+06   3.4179688e+01
   4.8932190e+06   3.2714844e+01
   4.8932720e+06   3.3020020e+01
   4.8933100e+06   2.9296875e+01
   4.8933400e+06   3.2348633e+01
   4.8933570e+06   4.0344238e+01
   4.8934000e+06   4.6691895e+01
   4.8934460e+06   3.6376953e+01
   4.8935490e+06   3.0395508e+01
   4.8935660e+06   2.9113770e+01
   4.8941120e+06   2.9296875e+01
   4.9051260e+06   3.1921387e+01
   4.9053680e+06   3.2775879e+01
   5.0113340e+06   3.4301758e+01
   5.0115610e+06   3.5278320e+01
   5.0116960e+06   4.5410156e+01
   5.0117690e+06   3.4606934e+01
   5.0118190e+06   3.1066895e+01
   5.0118930e+06   3.3203125e+01
   5.0120440e+06   3.1616211e+01
   5.0120610e+06   3.4667969e+01
   5.0938020e+06   3.3935547e+01
   5.0940030e+06   3.3813477e+01
   5.0941060e+06   2.9479980e+01
   5.0941870e+06   3.3325195e+01
   5.0942670e+06   2.9113770e+01
   5.0942960e+06   3.2714844e+01
   5.0943170e+06   3.4912109e+01
   5.0943570e+06   2.9052734e+01
   5.0944310e+06   3.1494141e+01
   5.0946190e+06   3.6560059e+01
   5.2070430e+06   4.1015625e+01
   5.2072620e+06   3.7231445e+01
   5.2074720e+06   3.1372070e+01
   5.2075140e+06   2.9113770e+01
   5.2075600e+06   3.3142090e+01
   5.2075970e+06   3.9184570e+01
   5.2076680e+06   3.1616211e+01
   5.2076980e+06   5.1513672e+01
   5.2077690e+06   3.0029297e+01
   5.2078130e+06   3.2409668e+01
   5.2441040e+06   3.0334473e+01
   5.2444460e+06   3.8146973e+01
   5.2453190e+06   2.9968262e+01
   5.2455170e+06   3.2287598e+01
   5.3206920e+06   3.2714844e+01
   5.3208340e+06   3.4851074e+01
   5.3209490e+06   3.0212402e+01
   5.3210580e+06   3.6315918e+01
   5.3211860e+06   2.9479980e+01
   5.3212190e+06   2.9968262e+01
   5.3212990e+06   3.0700684e+01
   5.4091870e+06   3.3874512e+01
   5.4093420e+06   3.2531738e+01
   5.4095510e+06   3.1799316e+01
   5.4095870e+06   3.5339355e+01
   5.4096460e+06   3.4240723e+01
   5.4097430e+06   2.9418945e+01
   5.4385350e+06   3.7048340e+01
   5.4641540e+06   3.1494141e+01
   5.4645170e+06   3.0212402e+01
   5.4646230e+06   3.2470703e+01
   5.4646920e+06   3.1066895e+01
   5.4647260e+06   3.0029297e+01
   5.4649240e+06   3.8452148e+01
   5.4649340e+06   3.0212402e+01
   5.5317610e+06   3.4729004e+01
   5.5317920e+06   3.1433105e+01
   5.5319270e+06   3.4851074e+01
   5.5322320e+06   3.9306641e+01
   5.5333000e+06   3.1677246e+01
   5.5337070e+06   3.2592773e+01
   5.5765380e+06   4.0161133e+01
   5.5767080e+06   3.3691406e+01
   5.5768960e+06   3.3508301e+01
   5.5770680e+06   4.2419434e+01
   5.6166840e+06   3.0395508e+01
   5.6171050e+06   2.9418945e+01
   5.6359220e+06   3.5034180e+01
   5.6361730e+06   2.8930664e+01
   5.6363280e+06   3.3996582e+01
   5.6365000e+06   2.9541016e+01
   5.6365440e+06   3.0761719e+01
   5.6373010e+06   3.8391113e+01
   5.6376190e+06   3.2287598e+01
   5.6380270e+06   3.3630371e+01
   5.6692630e+06   3.2043457e+01
   5.6695620e+06   3.1127930e+01
   5.7095420e+06   3.3020020e+01
   5.7096420e+06   2.9968262e+01
   5.7097400e+06   3.2592773e+01
   5.7098390e+06   3.4484863e+01
   5.7099180e+06   3.1616211e+01
   5.7099680e+06   3.3447266e+01
   5.7684650e+06   3.1372070e+01
   5.7685730e+06   3.3874512e+01
   5.7686880e+06   3.0273438e+01
   5.7687950e+06   4.4738770e+01
   5.7688830e+06   3.1616211e+01
   5.7689480e+06   3.2226562e+01
   5.8337560e+06   2.9968262e+01
   5.8346080e+06   3.1066895e+01
   5.8347510e+06   3.2043457e+01
   5.8348160e+06   3.1555176e+01
   5.8351540e+06   2.9846191e+01
   5.8367900e+06   2.9663086e+01
   5.8370540e+06   3.3752441e+01
   5.8838400e+06   3.4423828e+01
   5.8846110e+06   3.5461426e+01
   5.8847570e+06   2.9663086e+01
   5.8850140e+06   3.4240723e+01
   5.9474470e+06   3.4484863e+01
   5.9477390e+06   2.9907227e+01
   5.9478270e+06   3.2714844e+01
   5.9478850e+06   2.9052734e+01
   5.9479140e+06   3.1677246e+01
   5.9479370e+06   3.7353516e+01
   5.9479880e+06   3.4423828e+01
   5.9480240e+06   3.5888672e+01
   5.9480840e+06   2.9724121e+01
   5.9481670e+06   2.9785156e+01
   6.0058110e+06   3.0151367e+01
   6.0058340e+06   3.2287598e+01
   6.0362070e+06   3.0578613e+01
   6.0362990e+06   3.1921387e+01
   6.0363190e+06   3.1677246e+01
   6.0363620e+06   3.2531738e+01
   6.0363980e+06   3.6315918e+01
   6.0364190e+06   3.0151367e+01
   6.0364430e+06   4.9804688e+01
   6.0365220e+06   3.4973145e+01
   6.0365500e+06   3.0212402e+01
   6.0365860e+06   3.5278320e+01
   6.0366370e+06   2.9113770e+01
   6.0366620e+06   3.9611816e+01
   6.0366960e+06   3.0700684e+01
   6.0367590e+06   3.2409668e+01
   6.0368190e+06   3.1066895e+01
   6.0369490e+06   3.1311035e+01
   6.0371020e+06   2.8503418e+01
   6.0372750e+06   2.9724121e+01
   6.0374260e+06   3.4179687e+01
   6.0375770e+06   2.9846191e+01
   6.0376450e+06   3.2470703e+01
   6.0376590e+06   3.0212402e+01
   6.0382920e+06   2.9846191e+01
   6.0383880e+06   3.1921387e+01
   6.0385200e+06   2.9663086e+01
   6.0387480e+06   3.0761719e+01
   6.0389450e+06   2.8808594e+01
   6.0390470e+06   2.8686523e+01
   6.0392950e+06   3.2409668e+01
   6.0394360e+06   2.9418945e+01
   6.0400440e+06   3.9245605e+01
   6.0402680e+06   3.5644531e+01
   6.0405860e+06   3.5400391e+01
   6.0409860e+06   3.0761719e+01
   6.0413320e+06   2.8686523e+01
   6.0419260e+06   3.1799316e+01
   6.0424460e+06   3.1005859e+01
   6.0426070e+06   2.8747559e+01
   6.0434020e+06   2.9052734e+01
   6.0436250e+06   3.1188965e+01
   6.0439520e+06   3.6376953e+01
   6.1700730e+06   3.9611816e+01
   6.1702140e+06   3.0273438e+01
   6.1702500e+06   7.3059082e+01
   6.1702810e+06   3.7353516e+01
   6.1703030e+06   4.6569824e+01
   6.1704230e+06   4.0100098e+01
   6.1705640e+06   3.1494141e+01
   6.1705780e+06   3.1921387e+01
   6.1706650e+06   3.2348633e+01
   6.1707820e+06   3.1494141e+01
   6.1709250e+06   3.2836914e+01
   6.1710370e+06   3.0212402e+01
   6.1711070e+06   3.8269043e+01
   6.1712440e+06   2.9052734e+01
   6.1713130e+06   4.0283203e+01
   6.1713800e+06   3.0822754e+01
   6.1714480e+06   3.0151367e+01
   6.1715130e+06   4.1076660e+01
   6.1715940e+06   2.8503418e+01
   6.1716740e+06   4.4189453e+01
   6.1719530e+06   3.0273438e+01
   6.1722560e+06   3.0334473e+01
   6.1722930e+06   3.3020020e+01
   6.1724750e+06   3.1250000e+01
   6.1729770e+06   3.1066895e+01
   6.1730660e+06   3.3386230e+01
   6.1732910e+06   2.9602051e+01
   6.1738810e+06   3.2226562e+01
   6.1747500e+06   2.9296875e+01
   6.1758040e+06   3.4423828e+01
   6.1759400e+06   3.0517578e+01
   6.1762170e+06   3.0639648e+01
   6.1763720e+06   3.3813477e+01
   6.1765010e+06   2.8564453e+01
   6.1766610e+06   3.3691406e+01
   6.1770900e+06   3.9794922e+01
   6.1775830e+06   2.8686523e+01
   6.1778180e+06   2.9541016e+01
   6.1787990e+06   3.3813477e+01
   6.1792980e+06   3.2958984e+01
   6.2164660e+06   3.6621094e+01
   6.2871830e+06   3.2287598e+01
   6.2873670e+06   2.9052734e+01
   6.2874050e+06   3.3691406e+01
   6.2875260e+06   3.1677246e+01
   6.2875440e+06   3.4301758e+01
   6.2876030e+06   3.2958984e+01
   6.2876160e+06   3.1250000e+01
   6.2876300e+06   3.4240723e+01
   6.2877160e+06   3.3203125e+01
   6.2877920e+06   3.2470703e+01
   6.2878490e+06   2.8686523e+01
   6.2878870e+06   3.5400391e+01
   6.2882760e+06   3.1677246e+01
   6.2894460e+06   3.1982422e+01
   6.3494780e+06   3.9916992e+01
   6.3499380e+06   3.1005859e+01
   6.3698340e+06   3.0395508e+01
   6.3699970e+06   3.1127930e+01
   6.3701310e+06   2.9785156e+01
   6.4458930e+06   3.3935547e+01
   6.4460460e+06   3.7719727e+01
   6.4462950e+06   2.8930664e+01
   6.4464300e+06   3.2409668e+01
   6.4465050e+06   3.0944824e+01
   6.4465420e+06   4.1076660e+01
   6.4465680e+06   3.2897949e+01
   6.4465980e+06   3.4790039e+01
   6.4466170e+06   3.4790039e+01
   6.4466620e+06   3.3630371e+01
   6.4467130e+06   2.9418945e+01
   6.5682430e+06   3.1738281e+01
   6.5686290e+06   3.5278320e+01
   6.5689310e+06   3.4545898e+01
   6.5693580e+06   2.9052734e+01
   6.5695330e+06   3.0822754e+01
   6.5698270e+06   3.5461426e+01
   6.6355310e+06   3.5034180e+01
   6.6357620e+06   3.0517578e+01
   6.6360290e+06   3.2531738e+01
   6.6361640e+06   3.8208008e+01
   6.6362070e+06   3.0395508e+01
   6.6363440e+06   2.9479980e+01
   6.6697390e+06   3.3142090e+01
   6.6698040e+06   3.3203125e+01
   6.6701810e+06   2.9907227e+01
   6.6703760e+06   2.8625488e+01
   6.6709270e+06   3.2714844e+01
   6.7374390e+06   2.8503418e+01
   6.7375920e+06   3.0822754e+01
   6.7376870e+06   3.4362793e+01
   6.7377370e+06   3.2653809e+01
   6.7377570e+06   3.0029297e+01
   6.7378230e+06   3.1494141e+01
   6.7378400e+06   2.9479980e+01
   6.7378830e+06   3.3752441e+01
   6.7379120e+06   3.5949707e+01
   6.7379490e+06   5.9997559e+01
   6.7379770e+06   3.3447266e+01
   6.7380280e+06   3.0517578e+01
   6.7380540e+06   2.9602051e+01
   6.7383180e+06   2.8930664e+01
   6.7386750e+06   2.8869629e+01
   6.7388900e+06   3.0212402e+01
   6.7399500e+06   3.5339355e+01
   6.7403280e+06   3.0944824e+01
   6.7500920e+06   3.4851074e+01
   6.7502860e+06   3.0944824e+01
   6.7634610e+06   3.1311035e+01
   6.7744480e+06   3.0761719e+01
   6.7951190e+06   3.5644531e+01
   6.8647110e+06   3.1372070e+01
   6.8649540e+06   3.3630371e+01
   6.8653090e+06   3.1066895e+01
   6.8654110e+06   3.0273437e+01
   6.8654900e+06   4.1442871e+01
   6.8655200e+06   3.9306641e+01
   6.8655670e+06   3.7475586e+01
   6.8655780e+06   2.9418945e+01
   6.8655980e+06   3.1555176e+01
   6.8657200e+06   3.1311035e+01
   6.8657590e+06   3.5217285e+01
   6.8658260e+06   3.3081055e+01
   6.8659410e+06   2.8625488e+01
   6.8660210e+06   3.5461426e+01
   6.8662200e+06   3.1799316e+01
   6.8663730e+06   3.0456543e+01
   6.8664730e+06   2.9357910e+01
   6.8664850e+06   2.8564453e+01
   6.8667880e+06   3.0517578e+01
   6.8668680e+06   2.8686523e+01
   6.8670180e+06   4.4677734e+01
   6.8679740e+06   3.0273438e+01
   6.8683240e+06   3.2165527e+01
   6.8688760e+06   3.0639648e+01
   6.9761750e+06   3.4729004e+01
   6.9762880e+06   2.9174805e+01
   6.9763130e+06   3.7353516e+01
   6.9764650e+06   3.7170410e+01
   6.9767240e+06   3.4606934e+01
   6.9767610e+06   3.1677246e+01
   6.9767850e+06   3.0578613e+01
   6.9768160e+06   3.0334473e+01
   6.9768720e+06   3.3081055e+01
   6.9769580e+06   3.4606934e+01
   6.9770360e+06   3.0395508e+01
   7.0821420e+06   3.3203125e+01
   7.0822470e+06   3.2531738e+01
   7.0823220e+06   4.4616699e+01
   7.0823400e+06   3.4851074e+01
   7.0824000e+06   3.5095215e+01
   7.0824510e+06   5.0048828e+01
   7.0825260e+06   2.8686523e+01
   7.0826740e+06   2.9235840e+01
   7.0826950e+06   2.9418945e+01
   7.0831850e+06   3.1494141e+01
   7.1575540e+06   3.3447266e+01
   7.1576700e+06   3.3569336e+01
   7.1577490e+06   2.9174805e+01
   7.1577990e+06   3.0700684e+01
   7.1578330e+06   3.0822754e+01
   7.1578580e+06   2.9418945e+01
   7.1578740e+06   3.9978027e+01
   7.1578950e+06   3.0639648e+01
   7.1579320e+06   3.8024902e+01
   7.1580180e+06   2.8625488e+01
   7.1580900e+06   3.0761719e+01
   7.1581880e+06   3.6010742e+01
   7.1590350e+06   3.2409668e+01
   7.1596580e+06   3.1799316e+01
   7.1987430e+06   3.2470703e+01
   7.2022450e+06   2.9968262e+01
   7.2872450e+06   3.1066895e+01
   7.2874950e+06   3.5156250e+01
   7.2877610e+06   2.9235840e+01
   7.2878310e+06   3.5278320e+01
   7.2879270e+06   3.1188965e+01
   7.2881640e+06   3.3264160e+01
   7.3062010e+06   3.8574219e+01
   7.3063720e+06   3.5339355e+01
   7.3067040e+06   3.3691406e+01
   7.3070490e+06   2.8564453e+01
   7.3189750e+06   3.4362793e+01
   7.3511240e+06   3.0212402e+01
   7.3512510e+06   3.1433105e+01
   7.3514640e+06   3.5583496e+01
   7.4006080e+06   3.4851074e+01
   7.4009070e+06   2.8808594e+01
   7.4011220e+06   2.9541016e+01
   7.4012410e+06   3.2714844e+01
   7.5749360e+06   3.8024902e+01
   7.5750080e+06   2.9113770e+01
   7.5750950e+06   3.1555176e+01
   7.5751300e+06   6.2805176e+01
   7.5751420e+06   3.0029297e+01
   7.5752110e+06   3.1005859e+01
   7.5752970e+06   3.0334473e+01
   7.5753100e+06   3.0029297e+01
   7.5756370e+06   3.6804199e+01
   7.5757050e+06   2.9541016e+01
   7.5758330e+06   3.0273438e+01
   7.5758990e+06   3.1311035e+01
   7.5762310e+06   3.3935547e+01
   7.5763200e+06   3.6010742e+01
   7.5768240e+06   3.2226562e+01
   7.5770610e+06   3.2165527e+01
   7.5772930e+06   2.9541016e+01
   7.5775160e+06   3.4912109e+01
   7.5776570e+06   3.1127930e+01
   7.5777340e+06   2.9541016e+01
   7.5782440e+06   2.8686523e+01
   7.5783450e+06   3.4606934e+01
   7.5785980e+06   3.1677246e+01
   7.5793580e+06   3.5278320e+01
   7.5809230e+06   3.0212402e+01
   7.5813730e+06   2.9785156e+01
   7.5822270e+06   3.1738281e+01
   7.5829490e+06   2.8564453e+01
   7.5833130e+06   2.9846191e+01
   7.5836420e+06   2.9113770e+01
   7.6921920e+06   2.9602051e+01
   7.6924690e+06   3.4545898e+01
   7.6925770e+06   3.2592773e+01
   7.6926660e+06   3.3386230e+01
   7.6927220e+06   4.6691895e+01
   7.6927570e+06   3.9062500e+01
   7.6927920e+06   2.9663086e+01
   7.6928190e+06   3.3569336e+01
   7.6928850e+06   3.7048340e+01
   7.6929710e+06   3.1799316e+01
   7.6930170e+06   3.1250000e+01
   7.6930810e+06   3.4790039e+01
   7.6932280e+06   2.8503418e+01
   7.6936220e+06   3.6437988e+01
   7.6937270e+06   3.2165527e+01
   7.6942320e+06   3.2653809e+01
   7.6942420e+06   3.0639648e+01
   7.6943810e+06   3.0456543e+01
   7.6943960e+06   3.1860352e+01
   7.6948980e+06   3.2043457e+01
   7.7622660e+06   3.0700684e+01
   7.7623910e+06   3.2653809e+01
   7.7624870e+06   3.6071777e+01
   7.7626210e+06   3.9062500e+01
   7.7626970e+06   2.9113770e+01
   7.7627190e+06   3.3081055e+01
   7.7627430e+06   3.0151367e+01
   7.7627610e+06   3.3691406e+01
   7.7627740e+06   2.9296875e+01
   7.7628400e+06   3.7597656e+01
   7.7629220e+06   3.0090332e+01
   7.7629400e+06   3.6804199e+01
   7.7630140e+06   2.9785156e+01
   7.7630620e+06   2.9113770e+01
   7.7631240e+06   2.9846191e+01
   7.7638040e+06   3.4423828e+01
   7.8769210e+06   2.8869629e+01
   7.8770220e+06   3.3447266e+01
   7.8770630e+06   2.8869629e+01
   7.8771150e+06   3.2531738e+01
   7.8771510e+06   3.4790039e+01
   7.8771820e+06   2.9418945e+01
   7.8771950e+06   4.4128418e+01
   7.8772380e+06   3.1494141e+01
   7.8772600e+06   3.4912109e+01
   7.8772930e+06   4.2846680e+01
   7.8773370e+06   2.9052734e+01
   7.8773550e+06   3.5461426e+01
   7.8774450e+06   3.5339355e+01
   7.8784820e+06   3.3203125e+01
   7.8786870e+06   3.4301758e+01
   7.9623050e+06   3.1250000e+01
   7.9624690e+06   4.2175293e+01
   7.9625120e+06   3.5400391e+01
   7.9626330e+06   5.7006836e+01
   7.9626960e+06   3.5888672e+01
   7.9627120e+06   3.5278320e+01
   7.9627900e+06   3.3569336e+01
   7.9628300e+06   2.8686523e+01
   8.0332960e+06   3.0761719e+01
   8.0334520e+06   2.9235840e+01
   8.0335660e+06   3.4790039e+01
   8.0336460e+06   3.2165527e+01
   8.0336590e+06   3.0700684e+01
   8.0337170e+06   3.1066895e+01
   8.0337580e+06   3.3203125e+01
   8.0337790e+06   3.0639648e+01
   8.0338380e+06   2.9968262e+01
   8.0338990e+06   3.6132813e+01
   8.0339330e+06   3.4729004e+01
   8.0340520e+06   2.9174805e+01
   8.1093720e+06   3.1982422e+01
   8.1095980e+06   3.7536621e+01
   8.1098120e+06   3.2714844e+01
   8.1098280e+06   2.9052734e+01
   8.1098740e+06   3.4362793e+01
   8.1099050e+06   3.1799316e+01
   8.1099220e+06   2.9418945e+01
   8.1100090e+06   3.7902832e+01
   8.1101540e+06   3.1494141e+01
   8.1515550e+06   3.5034180e+01
   8.1517370e+06   3.4118652e+01
   8.1519410e+06   2.9907227e+01
   8.1520840e+06   4.0405273e+01
   8.2732880e+06   2.9235840e+01
   8.2734880e+06   3.5888672e+01
   8.2735900e+06   2.9479980e+01
   8.2736610e+06   2.8686523e+01
   8.2737250e+06   2.9296875e+01
   8.2738760e+06   4.3579102e+01
   8.2739830e+06   2.9357910e+01
   8.2740130e+06   3.3996582e+01
   8.3159030e+06   3.4301758e+01
   8.3161940e+06   3.1799316e+01
   8.3162720e+06   3.0395508e+01
   8.3163310e+06   3.3752441e+01
   8.3164060e+06   2.9418945e+01
   8.3164330e+06   3.0700684e+01
   8.3165110e+06   3.1860352e+01
   8.3165320e+06   2.8869629e+01
   8.3165810e+06   2.8747559e+01
   8.3166490e+06   3.4362793e+01
   8.3906850e+06   3.0273438e+01
   8.3908450e+06   2.8808594e+01
   8.3909800e+06   2.9113770e+01
   8.3910200e+06   2.8930664e+01
   8.3910810e+06   2.9724121e+01
   8.3911640e+06   3.1860352e+01
   8.3912400e+06   3.1372070e+01
   8.3913190e+06   3.1616211e+01
   8.3914660e+06   2.9357910e+01
   8.4505730e+06   2.9907227e+01
   8.4509000e+06   3.2409668e+01
   8.4510580e+06   3.2531738e+01
   8.4511870e+06   3.7597656e+01
   8.4514510e+06   3.1005859e+01
   8.4796980e+06   3.1066895e+01
   8.4801810e+06   2.9602051e+01
   8.4813710e+06   3.1799316e+01
   8.4889410e+06   3.9794922e+01
   8.5503370e+06   3.4423828e+01
   8.5505380e+06   3.3630371e+01
   8.5507070e+06   3.0761719e+01
   8.5509250e+06   2.8808594e+01
   8.5849780e+06   2.9846191e+01
   8.5853460e+06   2.9968262e+01
   8.5856490e+06   3.3691406e+01
   8.6310470e+06   3.1188965e+01
   8.6314410e+06   3.0151367e+01
   8.6316190e+06   2.9663086e+01
   8.6317850e+06   2.8991699e+01
   8.6319290e+06   3.2775879e+01
   8.6320090e+06   3.6132812e+01
   8.6677240e+06   2.9541016e+01
   8.6683010e+06   3.1982422e+01
   8.6684210e+06   3.3264160e+01
   8.6685550e+06   3.4240723e+01
   8.6686690e+06   3.6682129e+01
   8.6687620e+06   3.0090332e+01
   8.7058520e+06   3.3203125e+01
   8.7063440e+06   2.9785156e+01
   8.7065380e+06   3.3447266e+01
   8.7503460e+06   3.7841797e+01
   8.7509340e+06   3.3081055e+01
   8.7686010e+06   2.8503418e+01
   8.7760980e+06   2.8503418e+01
   8.7765520e+06   3.6682129e+01
   8.7771050e+06   3.2531738e+01
   8.8936430e+06   3.3447266e+01
   8.8938770e+06   3.3081055e+01
   8.8940880e+06   2.9785156e+01
   8.8941130e+06   3.7597656e+01
   8.8941610e+06   2.9357910e+01
   8.8941850e+06   3.4423828e+01
   8.8942090e+06   2.9663086e+01
   8.8942410e+06   3.0700684e+01
   8.8943010e+06   2.9296875e+01
   8.8943420e+06   3.1433105e+01
   8.8944510e+06   3.7292480e+01
   8.8945660e+06   2.9663086e+01
   8.8947820e+06   3.0517578e+01
   8.8949190e+06   3.0029297e+01
   8.8955570e+06   2.9846191e+01
   8.8956450e+06   3.5461426e+01
   8.8958670e+06   3.5034180e+01
   8.8960830e+06   3.6071777e+01
   8.8961180e+06   3.2226562e+01
   8.8964190e+06   3.5278320e+01
   8.8969400e+06   3.1982422e+01
   8.8973910e+06   3.0456543e+01
   8.8980530e+06   3.2165527e+01
   8.8983800e+06   3.0822754e+01
   8.8994630e+06   2.9052734e+01
   8.9000700e+06   3.3447266e+01
   8.9001940e+06   2.9541016e+01
   8.9004450e+06   2.8747559e+01
   8.9010820e+06   3.1494141e+01
   8.9020860e+06   2.8503418e+01
   8.9028100e+06   3.4484863e+01
   9.0551710e+06   2.9541016e+01
   9.0554960e+06   3.0151367e+01
   9.0557460e+06   3.1250000e+01
   9.0558220e+06   3.7292480e+01
   9.0559080e+06   3.3203125e+01
   9.0559280e+06   2.9479980e+01
   9.0559730e+06   3.4606934e+01
   9.0561190e+06   3.0151367e+01
   9.0561620e+06   3.2836914e+01
   9.0920240e+06   3.3325195e+01
   9.0922270e+06   3.2409668e+01
   9.0923560e+06   2.9418945e+01
   9.0924890e+06   3.7963867e+01
   9.0925030e+06   3.7475586e+01
   9.0925800e+06   2.9541016e+01
   9.0926640e+06   2.9724121e+01
   9.0927600e+06   2.9724121e+01
   9.1154750e+06   3.3935547e+01
   9.1175180e+06   2.8991699e+01
   9.1180960e+06   3.7963867e+01
   9.1902000e+06   3.1799316e+01
   9.1903620e+06   3.7963867e+01
   9.1904400e+06   4.0100098e+01
   9.1904910e+06   3.8940430e+01
   9.1905470e+06   3.7536621e+01
   9.1905690e+06   3.6376953e+01
   9.1905950e+06   4.3273926e+01
   9.1906970e+06   3.6560059e+01
   9.1907490e+06   3.1921387e+01
   9.1908810e+06   3.6071777e+01
   9.1909340e+06   2.9174805e+01
   9.1909960e+06   4.2175293e+01
   9.1911540e+06   2.9968262e+01
   9.1914130e+06   3.3142090e+01
   9.1916480e+06   3.2165527e+01
   9.1918540e+06   2.8808594e+01
   9.1920710e+06   2.9052734e+01
   9.1922330e+06   2.8747559e+01
   9.1923230e+06   3.0883789e+01
   9.1924030e+06   2.9907227e+01
   9.1927140e+06   3.7475586e+01
   9.1940430e+06   2.9907227e+01
   9.1962480e+06   3.0395508e+01
   9.3238730e+06   3.0212402e+01
   9.3240490e+06   2.9052734e+01
   9.3240830e+06   3.3447266e+01
   9.3241770e+06   3.3630371e+01
   9.3242400e+06   4.2846680e+01
   9.3242890e+06   3.2653809e+01
   9.3243400e+06   3.0700684e+01
   9.3244300e+06   2.9235840e+01
   9.3244800e+06   3.2043457e+01
   9.3245290e+06   3.9978027e+01
   9.3247880e+06   2.9357910e+01
   9.3250670e+06   2.9968262e+01
   9.3251260e+06   2.8686523e+01
   9.3252990e+06   2.9235840e+01
   9.3253790e+06   3.4057617e+01
   9.3255320e+06   4.3579102e+01
   9.3256390e+06   2.9663086e+01
   9.3261710e+06   3.1433105e+01
   9.3280700e+06   3.3630371e+01
   9.4812220e+06   3.7292480e+01
   9.4813420e+06   2.8442383e+01
   9.4814160e+06   3.1127930e+01
   9.4814700e+06   2.9663086e+01
   9.4814950e+06   3.0334473e+01
   9.4815580e+06   3.9123535e+01
   9.4815910e+06   3.8208008e+01
   9.4816040e+06   3.9245605e+01
   9.4816880e+06   3.3447266e+01
   9.4817470e+06   2.8564453e+01
   9.4819530e+06   2.9479980e+01
   9.4827160e+06   3.0334473e+01
   9.4829820e+06   3.0761719e+01
   9.4837460e+06   2.8625488e+01
   9.4837860e+06   3.4484863e+01
   9.4839120e+06   2.9541016e+01
   9.4842910e+06   3.0456543e+01
   9.4848500e+06   2.8991699e+01
   9.4855710e+06   2.9052734e+01
   9.5341480e+06   4.0466309e+01
   9.5343220e+06   2.9846191e+01
   9.5343820e+06   3.5217285e+01
   9.5344330e+06   3.0395508e+01
   9.5345380e+06   2.9296875e+01
   9.5346040e+06   3.2409668e+01
   9.5346330e+06   2.8503418e+01
   9.5346720e+06   3.4484863e+01
   9.5346930e+06   3.3203125e+01
   9.5347380e+06   3.5278320e+01
   9.5347910e+06   3.1921387e+01
   9.5348170e+06   5.1452637e+01
   9.5348950e+06   2.8625488e+01
   9.5349750e+06   3.7353516e+01
   9.5350750e+06   2.9541016e+01
   9.5352440e+06   4.2297363e+01
   9.5353460e+06   3.0822754e+01
   9.5355020e+06   4.4250488e+01
   9.5357730e+06   2.9113770e+01
   9.5357850e+06   2.8930664e+01
   9.5360110e+06   2.8320312e+01
   9.5657780e+06   3.4240723e+01
   9.5993680e+06   3.0761719e+01
   9.5995040e+06   3.0212402e+01
   9.5996460e+06   3.6499023e+01
   9.5997360e+06   2.9235840e+01
   9.5998810e+06   3.3081055e+01
   9.6000500e+06   3.1738281e+01
   9.6483950e+06   3.1311035e+01
   9.6487820e+06   2.9602051e+01
   9.6488550e+06   2.9785156e+01
   9.6489710e+06   3.0700684e+01
   9.6491740e+06   2.9907227e+01
   9.6493050e+06   3.0639648e+01
   9.7517410e+06   3.3142090e+01
   9.7518650e+06   4.0100098e+01
   9.7519910e+06   2.9907227e+01
   9.7520350e+06   2.8320312e+01
   9.7520820e+06   3.8330078e+01
   9.7521150e+06   3.9916992e+01
   9.7521590e+06   4.3945312e+01
   9.7522110e+06   2.8808594e+01
   9.7522430e+06   3.7109375e+01
   9.7522710e+06   3.2531738e+01
   9.7523230e+06   3.0151367e+01
   9.7524230e+06   3.1677246e+01
   9.7525460e+06   2.8381348e+01
   9.7526180e+06   2.8869629e+01
   9.7527060e+06   2.8686523e+01
   9.7537040e+06   3.3203125e+01
   9.8255220e+06   3.3691406e+01
   9.8257120e+06   3.4545898e+01
   9.8258220e+06   3.2958984e+01
   9.8258870e+06   3.0151367e+01
   9.8259880e+06   4.2114258e+01
   9.8260160e+06   4.2724609e+01
   9.8260800e+06   3.7048340e+01
   9.8261500e+06   4.9438477e+01
   9.8262510e+06   3.3569336e+01
   9.8936940e+06   3.6071777e+01
   9.8938250e+06   3.0761719e+01
   9.8939110e+06   3.3874512e+01
   9.8940310e+06   3.4973145e+01
   9.8942250e+06   3.6987305e+01
   9.8943990e+06   3.4729004e+01
   9.8944360e+06   2.9602051e+01
   9.8951480e+06   3.4851074e+01
   9.9620250e+06   3.1860352e+01
   9.9621650e+06   3.1616211e+01
   9.9622340e+06   3.0029297e+01
   9.9623360e+06   2.8503418e+01
   9.9623620e+06   3.0395508e+01
   9.9624400e+06   2.8808594e+01
   9.9624620e+06   3.2348633e+01
   9.9624810e+06   3.5278320e+01
   9.9626080e+06   3.1921387e+01
   1.0012443e+07   3.1433105e+01
   1.0012624e+07   3.2104492e+01
   1.0012718e+07   3.8635254e+01
   1.0012772e+07   3.3569336e+01
   1.0012875e+07   2.8930664e+01
   1.0013002e+07   2.8320313e+01
   1.0013183e+07   3.4118652e+01
   1.0114445e+07   3.1860352e+01
   1.0114982e+07   3.1616211e+01
   1.0115250e+07   2.9846191e+01
   1.0162154e+07   4.4372559e+01
   1.0162253e+07   2.8869629e+01
   1.0162342e+07   3.7841797e+01
   1.0162507e+07   3.1372070e+01
   1.0162551e+07   3.0151367e+01
   1.0162632e+07   3.2165527e+01
   1.0162700e+07   3.6010742e+01
   1.0162724e+07   2.8869629e+01
   1.0162794e+07   2.8869629e+01
   1.0162918e+07   3.2043457e+01
   1.0163489e+07   2.9235840e+01
   1.0163575e+07   3.2409668e+01
   1.0163721e+07   3.0639648e+01
   1.0164027e+07   2.8442383e+01
   1.0164606e+07   2.9541016e+01
   1.0181802e+07   3.7719727e+01
   1.0182073e+07   3.0151367e+01
   1.0182089e+07   3.3691406e+01
   1.0247177e+07   3.1250000e+01
   1.0247308e+07   3.0578613e+01
   1.0247495e+07   4.4006348e+01
   1.0247611e+07   3.6926270e+01
   1.0247657e+07   3.5217285e+01
   1.0247689e+07   3.6621094e+01
   1.0247711e+07   4.0405273e+01
   1.0247785e+07   3.8513184e+01
   1.0247837e+07   3.5095215e+01
   1.0247928e+07   3.1188965e+01
   1.0320149e+07   3.2714844e+01
   1.0320348e+07   2.8381348e+01
   1.0320481e+07   2.9785156e+01
   1.0320551e+07   3.1921387e+01
   1.0320642e+07   3.1616211e+01
   1.0320687e+07   4.0710449e+01
   1.0320717e+07   3.5644531e+01
   1.0320846e+07   3.7048340e+01
   1.0320876e+07   3.3142090e+01
   1.0320887e+07   3.2653809e+01
   1.0434015e+07   2.9663086e+01
   1.0434224e+07   3.0700684e+01
   1.0434320e+07   3.4484863e+01
   1.0434357e+07   2.9113770e+01
   1.0434399e+07   3.1250000e+01
   1.0434420e+07   5.5114746e+01
   1.0434479e+07   3.2775879e+01
   1.0434518e+07   3.1921387e+01
   1.0434624e+07   3.2897949e+01
   1.0434820e+07   3.0883789e+01
   1.0435416e+07   3.1555176e+01
   1.0435492e+07   3.4912109e+01
   1.0435985e+07   2.8320313e+01
   1.0436073e+07   3.0700684e+01
   1.0437095e+07   3.0578613e+01
   1.0584739e+07   3.2165527e+01
   1.0584897e+07   3.0029297e+01
   1.0584914e+07   3.0517578e+01
   1.0585025e+07   2.9296875e+01
   1.0585081e+07   2.9907227e+01
   1.0585227e+07   2.8503418e+01
   1.0585250e+07   2.9052734e+01
   1.0585295e+07   4.0710449e+01
   1.0585342e+07   2.8381348e+01
   1.0585402e+07   3.4667969e+01
   1.0585553e+07   4.0466309e+01
   1.0585608e+07   3.7414551e+01
   1.0585745e+07   3.0395508e+01
   1.0586168e+07   2.8564453e+01
   1.0586627e+07   2.9052734e+01
   1.0587012e+07   3.1494141e+01
   1.0587224e+07   3.1188965e+01
   1.0588748e+07   2.8564453e+01
   1.0588981e+07   3.0456543e+01
   1.0599091e+07   3.0517578e+01
   1.0599311e+07   3.6071777e+01
   1.0599512e+07   3.9123535e+01
   1.0660341e+07   3.1127930e+01
   1.0660516e+07   2.8442383e+01
   1.0660592e+07   3.4729004e+01
   1.0660644e+07   3.2531738e+01
   1.0660740e+07   3.1677246e+01
   1.0660763e+07   3.6560059e+01
   1.0660776e+07   4.2541504e+01
   1.0660807e+07   4.7912598e+01
   1.0660843e+07   3.2287598e+01
   1.0660884e+07   3.1738281e+01
   1.0660944e+07   2.8747559e+01
   1.0661069e+07   3.2836914e+01
   1.0661136e+07   3.4484863e+01
   1.0661194e+07   3.0090332e+01
   1.0661267e+07   2.9724121e+01
   1.0661808e+07   2.8808594e+01
   1.0661883e+07   3.0883789e+01
   1.0661951e+07   3.8330078e+01
   1.0662131e+07   3.7414551e+01
   1.0662448e+07   2.8442383e+01
   1.0662519e+07   3.4729004e+01
   1.0662581e+07   2.8564453e+01
   1.0663155e+07   2.8564453e+01
   1.0663187e+07   3.1433105e+01
   1.0752994e+07   3.0029297e+01
   1.0753250e+07   3.3020020e+01
   1.0753461e+07   2.9785156e+01
   1.0753518e+07   2.9113770e+01
   1.0753611e+07   2.9724121e+01
   1.0753673e+07   2.9541016e+01
   1.0753697e+07   3.2714844e+01
   1.0753726e+07   3.0151367e+01
   1.0753760e+07   2.9418945e+01
   1.0753803e+07   3.6621094e+01
   1.0753908e+07   3.1127930e+01
   1.0753998e+07   2.9357910e+01
   1.0903235e+07   2.8869629e+01
   1.0903425e+07   4.0527344e+01
   1.0903507e+07   3.0944824e+01
   1.0903576e+07   3.2592773e+01
   1.0903634e+07   3.1860352e+01
   1.0903678e+07   4.9255371e+01
   1.0903719e+07   3.7048340e+01
   1.0903740e+07   2.9541016e+01
   1.0903783e+07   4.5837402e+01
   1.0903809e+07   2.9235840e+01
   1.0903928e+07   2.8442383e+01
   1.0903955e+07   2.9785156e+01
   1.0904122e+07   3.6437988e+01
   1.0904645e+07   3.1066895e+01
   1.0904857e+07   3.1738281e+01
   1.0904999e+07   2.8381348e+01
   1.0905025e+07   2.8869629e+01
   1.0905097e+07   2.8869629e+01
   1.0905477e+07   3.0761719e+01
   1.0906096e+07   2.9052734e+01
   1.0952356e+07   3.0151367e+01
   1.0952586e+07   3.1799316e+01
   1.0953035e+07   2.9907227e+01
   1.0962779e+07   3.0822754e+01
   1.0962877e+07   3.2348633e+01
   1.0962928e+07   6.0119629e+01
   1.0962974e+07   3.5827637e+01
   1.0963005e+07   3.7536621e+01
   1.0963028e+07   3.4423828e+01
   1.0963261e+07   2.9785156e+01
   1.0963357e+07   2.9418945e+01
   1.0963812e+07   3.8024902e+01
   1.0963936e+07   3.8085938e+01
   1.0964097e+07   2.8381348e+01
   1.0964471e+07   3.3447266e+01
   1.0964690e+07   3.0029297e+01
   1.0964785e+07   3.4484863e+01
   1.0964941e+07   3.3264160e+01
   1.0965473e+07   2.8869629e+01
   1.0966217e+07   2.9663086e+01
   1.0966527e+07   2.9602051e+01
   1.0966678e+07   2.9479980e+01
   1.0966767e+07   3.0578613e+01
   1.0967497e+07   3.1127930e+01
   1.0967514e+07   2.8991699e+01
   1.0967592e+07   3.4057617e+01
   1.0967776e+07   2.8442383e+01
   1.0968293e+07   5.1025391e+01
   1.0969039e+07   3.2714844e+01
   1.0969058e+07   3.1921387e+01
   1.1019340e+07   3.1372070e+01
   1.1019386e+07   3.6254883e+01
   1.1019430e+07   3.6987305e+01
   1.1019469e+07   4.6752930e+01
   1.1019508e+07   3.7963867e+01
   1.1019556e+07   3.1616211e+01
   1.1019803e+07   2.9541016e+01
   1.1019855e+07   3.1982422e+01
   1.1019913e+07   2.8747559e+01
   1.1020054e+07   2.9663086e+01
   1.1020451e+07   4.2724609e+01
   1.1020727e+07   3.2165527e+01
   1.1021213e+07   3.1188965e+01
   1.1021429e+07   4.4616699e+01
   1.1021554e+07   2.9296875e+01
   1.1021973e+07   2.9113770e+01
   1.1022713e+07   3.0395508e+01
   1.1269203e+07   3.3142090e+01
   1.1269335e+07   3.3081055e+01
   1.1269354e+07   3.1127930e+01
   1.1269417e+07   2.8808594e+01
   1.1269464e+07   4.1687012e+01
   1.1269484e+07   3.3752441e+01
   1.1269563e+07   3.5766602e+01
   1.1269627e+07   3.8635254e+01
   1.1269682e+07   2.9174805e+01
   1.1269769e+07   4.3029785e+01
   1.1269781e+07   3.3752441e+01
   1.1269833e+07   2.8320312e+01
   1.1269887e+07   3.1372070e+01
   1.1270553e+07   3.0456543e+01
   1.1270747e+07   3.4545898e+01
   1.1270886e+07   3.0029297e+01
   1.1271108e+07   2.8930664e+01
   1.1272250e+07   3.2592773e+01
   1.1344925e+07   2.9418945e+01
   1.1345167e+07   3.1860352e+01
   1.1345283e+07   3.0944824e+01
   1.1345338e+07   3.0822754e+01
   1.1345353e+07   2.9357910e+01
   1.1345385e+07   3.3447266e+01
   1.1345438e+07   3.0517578e+01
   1.1345461e+07   3.0273438e+01
   1.1345486e+07   3.4851074e+01
   1.1345536e+07   4.1076660e+01
   1.1345587e+07   3.1677246e+01
   1.1345623e+07   3.8818359e+01
   1.1345650e+07   2.9113770e+01
   1.1345684e+07   3.0517578e+01
   1.1345746e+07   3.0700684e+01
   1.1346559e+07   3.5888672e+01
   1.1346601e+07   3.9123535e+01
   1.1346684e+07   3.1372070e+01
   1.1346791e+07   2.9296875e+01
   1.1347146e+07   3.0517578e+01
   1.1347214e+07   3.0395508e+01
   1.1399098e+07   3.4423828e+01
   1.1399289e+07   2.8625488e+01
   1.1399407e+07   3.3081055e+01
   1.1399502e+07   3.0090332e+01
   1.1399531e+07   2.8564453e+01
   1.1399580e+07   3.3630371e+01
   1.1399761e+07   3.6743164e+01
   1.1399932e+07   2.8991699e+01
   1.1400118e+07   3.7109375e+01
   1.1429624e+07   3.0273438e+01
   1.1429792e+07   3.5644531e+01
   1.1429902e+07   2.9296875e+01
   1.1430044e+07   2.9418945e+01
   1.1430197e+07   3.4240723e+01
   1.1430454e+07   2.8869629e+01
   1.1548693e+07   3.7048340e+01
   1.1548847e+07   3.9062500e+01
   1.1548954e+07   3.0151367e+01
   1.1549021e+07   3.3020020e+01
   1.1549090e+07   2.8869629e+01
   1.1549201e+07   4.1076660e+01
   1.1590540e+07   3.3874512e+01
   1.1590889e+07   3.1616211e+01
   1.1591195e+07   3.0151367e+01
   1.1591414e+07   2.9479980e+01
   1.1591556e+07   3.1372070e+01
   1.1680989e+07   2.8991699e+01
   1.1681109e+07   3.0517578e+01
   1.1681137e+07   2.8625488e+01
   1.1681248e+07   3.5583496e+01
   1.1681277e+07   3.1372070e+01
   1.1681318e+07   3.7902832e+01
   1.1681330e+07   3.3325195e+01
   1.1681436e+07   4.2053223e+01
   1.1681458e+07   2.9785156e+01
   1.1681491e+07   3.1555176e+01
   1.1681558e+07   3.6437988e+01
   1.1681578e+07   3.2897949e+01
   1.1681598e+07   2.9663086e+01
   1.1681659e+07   3.1127930e+01
   1.1681709e+07   3.0212402e+01
   1.1681818e+07   4.3090820e+01
   1.1681885e+07   3.0639648e+01
   1.1682369e+07   3.3813477e+01
   1.1682876e+07   2.8869629e+01
   1.1683618e+07   3.1555176e+01
   1.1684268e+07   2.9663086e+01
   1.1684348e+07   3.2836914e+01
   1.1685769e+07   3.2775879e+01
   1.1686706e+07   3.2897949e+01
   1.1755013e+07   2.8625488e+01
   1.1834313e+07   4.1198730e+01
   1.1834423e+07   3.1616211e+01
   1.1834472e+07   2.9113770e+01
   1.1834523e+07   4.0649414e+01
   1.1834556e+07   3.2226562e+01
   1.1834619e+07   2.8991699e+01
   1.1834634e+07   3.0090332e+01
   1.1834680e+07   6.7871094e+01
   1.1834798e+07   4.1748047e+01
   1.1834939e+07   2.8442383e+01
   1.1835446e+07   3.2287598e+01
   1.1835517e+07   2.8869629e+01
   1.1835654e+07   2.8991699e+01
   1.1835745e+07   3.0700684e+01
   1.1835909e+07   3.1372070e+01
   1.1836069e+07   3.3264160e+01
   1.1837100e+07   3.1250000e+01
   1.1837619e+07   3.1372070e+01
   1.1921951e+07   3.0700684e+01
   1.1922182e+07   3.0883789e+01
   1.1922307e+07   2.8747559e+01
   1.1922901e+07   2.8808594e+01
