   1.1996000e+07   0.0000000e+00
   1.4190400e+05   3.5827637e+01
   2.9685000e+05   3.6804199e+01
   4.8404100e+05   3.7048340e+01
   2.0840170e+06   4.1687012e+01
   2.6044730e+06   3.4912109e+01
   3.5273280e+06   3.4667969e+01
   3.6424740e+06   3.4973145e+01
   5.2084510e+06   3.5827637e+01
   6.0056220e+06   3.4362793e+01
   6.0367590e+06   3.4423828e+01
   6.7376540e+06   3.5644531e+01
   6.9765900e+06   3.5461426e+01
   7.5749490e+06   3.4790039e+01
   8.5929150e+06   3.6010742e+01
   8.8939710e+06   3.5583496e+01
   1.0152902e+07   3.5522461e+01
   1.1463903e+07   3.5644531e+01
   1.1732654e+07   3.3996582e+01
