   1.1996000e+07   0.0000000e+00
   1.4146700e+05   2.8686523e+01
   1.4217700e+05   2.8930664e+01
   1.4695300e+05   2.9174805e+01
   1.9952600e+05   2.9113770e+01
   2.1151500e+05   3.0456543e+01
   2.1156000e+05   3.6865234e+01
   2.1160000e+05   3.2043457e+01
   2.1162200e+05   3.1982422e+01
   2.1164800e+05   5.0415039e+01
   2.1168000e+05   3.8269043e+01
   2.1177500e+05   3.4179688e+01
   2.1202800e+05   3.0151367e+01
   2.9781000e+05   2.9418945e+01
   2.9784800e+05   3.5034180e+01
   2.9786400e+05   3.4790039e+01
   2.9789000e+05   3.9794922e+01
   2.9791000e+05   4.9621582e+01
   2.9796200e+05   4.1687012e+01
   2.9798400e+05   2.8869629e+01
   2.9804700e+05   3.2653809e+01
   2.9807100e+05   4.9621582e+01
   2.9808600e+05   3.3325195e+01
   2.9811200e+05   2.8503418e+01
   2.9818300e+05   2.9174805e+01
   3.2244800e+05   3.0944824e+01
   3.7612300e+05   3.1860352e+01
   3.7682300e+05   3.3203125e+01
   3.7975600e+05   3.4057617e+01
   3.8376800e+05   3.0639648e+01
   4.8481000e+05   4.2663574e+01
   4.8487100e+05   4.1931152e+01
   4.8490100e+05   2.9418945e+01
   4.8492900e+05   4.6569824e+01
   4.8497200e+05   2.9479980e+01
   4.8502900e+05   3.9367676e+01
   4.8504100e+05   2.9602051e+01
   4.8508600e+05   3.6132812e+01
   4.8511900e+05   3.1066895e+01
   5.6805100e+05   3.5339355e+01
   5.6807800e+05   2.8625488e+01
   5.6811300e+05   4.5471191e+01
   5.6815200e+05   3.0944824e+01
   5.6819100e+05   3.3020020e+01
   5.6829500e+05   3.5461426e+01
   5.6839300e+05   2.9785156e+01
   5.8417600e+05   2.9052734e+01
   6.4017300e+05   3.8208008e+01
   6.4020800e+05   3.2043457e+01
   6.4024000e+05   5.0781250e+01
   6.4027100e+05   3.1555176e+01
   6.4030000e+05   2.9235840e+01
   6.4031200e+05   3.4667969e+01
   6.4035300e+05   2.9235840e+01
   6.4042500e+05   3.3264160e+01
   6.4047900e+05   3.8146973e+01
   6.4068200e+05   2.9541016e+01
   7.2435600e+05   3.7414551e+01
   7.2533100e+05   3.1860352e+01
   7.5154800e+05   3.2653809e+01
   7.5161100e+05   3.0029297e+01
   7.5164000e+05   4.7058105e+01
   7.5166000e+05   3.0700684e+01
   7.5170800e+05   3.0578613e+01
   7.5175800e+05   3.9489746e+01
   7.5179000e+05   3.1250000e+01
   7.5189400e+05   3.1982422e+01
   7.5194500e+05   3.5705566e+01
   8.4987900e+05   3.5522461e+01
   8.5042400e+05   2.8503418e+01
   8.7988200e+05   2.9846191e+01
   9.0982200e+05   3.2958984e+01
   9.1027100e+05   3.2897949e+01
   9.1055800e+05   3.1616211e+01
   9.1546300e+05   2.9357910e+01
   9.1609000e+05   3.0944824e+01
   9.2237600e+05   3.0517578e+01
   9.4032300e+05   3.2897949e+01
   9.8525600e+05   3.1860352e+01
   9.8571000e+05   3.1311035e+01
   9.8627000e+05   2.9541016e+01
   9.8663800e+05   2.8625488e+01
   9.9355400e+05   2.8442383e+01
   9.9500500e+05   2.8625488e+01
   9.9649500e+05   3.0456543e+01
   9.9742300e+05   3.2104492e+01
   9.9746600e+05   2.9418945e+01
   1.0459390e+06   3.4179688e+01
   1.0481660e+06   3.0212402e+01
   1.0569710e+06   3.4851074e+01
   1.0579190e+06   3.0273437e+01
   1.0582330e+06   2.9479980e+01
   1.0626030e+06   3.4057617e+01
   1.0635440e+06   3.0212402e+01
   1.0635770e+06   2.9296875e+01
   1.0643910e+06   3.1982422e+01
   1.1525230e+06   2.9174805e+01
   1.1526610e+06   3.7048340e+01
   1.1526830e+06   2.9785156e+01
   1.1527070e+06   3.4667969e+01
   1.1527340e+06   3.7963867e+01
   1.1527560e+06   5.0964355e+01
   1.1527960e+06   3.1372070e+01
   1.1528290e+06   2.8625488e+01
   1.1528510e+06   3.1311035e+01
   1.1528950e+06   3.4667969e+01
   1.1529110e+06   3.3020020e+01
   1.1529820e+06   3.9855957e+01
   1.1530160e+06   3.0212402e+01
   1.1531050e+06   3.2958984e+01
   1.1532410e+06   3.4606934e+01
   1.1558670e+06   2.8747559e+01
   1.1565210e+06   3.1921387e+01
   1.1583920e+06   3.0273438e+01
   1.1640990e+06   2.9479980e+01
   1.2591880e+06   2.9052734e+01
   1.2592910e+06   3.1921387e+01
   1.2593120e+06   3.4301758e+01
   1.2593450e+06   4.0100098e+01
   1.2593690e+06   2.8930664e+01
   1.2593790e+06   3.0883789e+01
   1.2594000e+06   2.8686523e+01
   1.2594300e+06   3.1433105e+01
   1.2594430e+06   3.0883789e+01
   1.2594990e+06   2.9724121e+01
   1.2595370e+06   3.6926270e+01
   1.2596010e+06   2.8442383e+01
   1.3571520e+06   3.0456543e+01
   1.3611970e+06   2.8808594e+01
   1.3997130e+06   2.9724121e+01
   1.3998470e+06   2.9846191e+01
   1.4007970e+06   2.9846191e+01
   1.4111780e+06   2.9968262e+01
   1.4165290e+06   3.2531738e+01
   1.4221150e+06   3.1860352e+01
   1.4845150e+06   2.9113770e+01
   1.4854670e+06   3.0822754e+01
   1.4902390e+06   3.2409668e+01
   1.4951290e+06   3.3020020e+01
   1.4954720e+06   2.9052734e+01
   1.4965420e+06   3.3813477e+01
   1.5001970e+06   2.9418945e+01
   1.5009180e+06   2.9174805e+01
   1.5173120e+06   3.0029297e+01
   1.5199340e+06   2.8930664e+01
   1.5650190e+06   2.8930664e+01
   1.5675400e+06   3.3935547e+01
   1.6510960e+06   3.0639648e+01
   1.6511530e+06   2.9785156e+01
   1.6512750e+06   4.4433594e+01
   1.6513100e+06   3.9123535e+01
   1.6513660e+06   3.4179688e+01
   1.6514630e+06   2.9113770e+01
   1.6515540e+06   3.0883789e+01
   1.6516220e+06   3.1433105e+01
   1.6516990e+06   3.1677246e+01
   1.6517280e+06   3.0517578e+01
   1.6527590e+06   2.9418945e+01
   1.6663990e+06   2.9785156e+01
   1.7215440e+06   3.0883789e+01
   1.7663390e+06   4.2297363e+01
   1.7663680e+06   3.8146973e+01
   1.7663890e+06   5.2551270e+01
   1.7664110e+06   3.9611816e+01
   1.7664560e+06   3.1188965e+01
   1.7665200e+06   3.3508301e+01
   1.7665560e+06   3.0883789e+01
   1.7665920e+06   4.1503906e+01
   1.7666270e+06   2.8808594e+01
   1.7667840e+06   3.3508301e+01
   1.7728710e+06   2.8686523e+01
   1.9417570e+06   3.2287598e+01
   1.9418720e+06   2.9907227e+01
   1.9419480e+06   2.8747559e+01
   2.0036810e+06   3.3142090e+01
   2.0037140e+06   2.9174805e+01
   2.0037640e+06   4.0222168e+01
   2.0037940e+06   3.3142090e+01
   2.0038240e+06   3.6621094e+01
   2.0038430e+06   4.4006348e+01
   2.0038650e+06   2.8564453e+01
   2.0038940e+06   3.5949707e+01
   2.0039290e+06   3.5034180e+01
   2.0039510e+06   2.8503418e+01
   2.0039820e+06   3.3142090e+01
   2.0040210e+06   3.2287598e+01
   2.0040780e+06   3.1188965e+01
   2.0041410e+06   3.6987305e+01
   2.0043790e+06   3.1127930e+01
   2.1474220e+06   3.2226563e+01
   2.1474620e+06   3.2226562e+01
   2.1474780e+06   3.1250000e+01
   2.1475420e+06   5.4870605e+01
   2.1475720e+06   3.0273438e+01
   2.1475850e+06   4.4128418e+01
   2.1476110e+06   3.1616211e+01
   2.1476490e+06   2.8686523e+01
   2.1477030e+06   3.6682129e+01
   2.1477790e+06   3.8146973e+01
   2.1477920e+06   3.1860352e+01
   2.1478400e+06   3.2531738e+01
   2.1478850e+06   3.5034180e+01
   2.2315150e+06   3.1127930e+01
   2.2375280e+06   2.8442383e+01
   2.2960520e+06   2.8686523e+01
   2.2961070e+06   3.2226563e+01
   2.2961260e+06   3.5461426e+01
   2.2961430e+06   3.0761719e+01
   2.2961820e+06   4.0222168e+01
   2.2962110e+06   3.8818359e+01
   2.2962440e+06   2.9602051e+01
   2.2962600e+06   2.8991699e+01
   2.2962970e+06   4.3395996e+01
   2.2963470e+06   3.6193848e+01
   2.2964120e+06   3.5705566e+01
   2.3443390e+06   2.8564453e+01
   2.4024860e+06   3.6376953e+01
   2.4025260e+06   3.7597656e+01
   2.4025500e+06   3.2104492e+01
   2.4025690e+06   2.9907227e+01
   2.4026020e+06   3.6926270e+01
   2.4026420e+06   2.9602051e+01
   2.4026530e+06   3.0334473e+01
   2.4026780e+06   3.2531738e+01
   2.4027310e+06   2.9479980e+01
   2.4027810e+06   2.9296875e+01
   2.4028040e+06   2.8869629e+01
   2.4028180e+06   3.1127930e+01
   2.4028490e+06   3.3264160e+01
   2.4029950e+06   3.0334473e+01
   2.4728000e+06   3.1494141e+01
   2.5688030e+06   5.0781250e+01
   2.5688260e+06   3.0212402e+01
   2.5688680e+06   3.9306641e+01
   2.5688840e+06   4.9194336e+01
   2.5689080e+06   4.1503906e+01
   2.5689600e+06   2.9174805e+01
   2.5690160e+06   3.3264160e+01
   2.5690380e+06   2.8991699e+01
   2.5691700e+06   2.9174805e+01
   2.5692480e+06   2.8625488e+01
   2.6144790e+06   3.0639648e+01
   2.6168570e+06   4.1259766e+01
   2.6168830e+06   2.9541016e+01
   2.6169080e+06   5.0109863e+01
   2.6169500e+06   3.4118652e+01
   2.6169600e+06   3.7902832e+01
   2.6169950e+06   3.6804199e+01
   2.6170160e+06   3.3691406e+01
   2.6170900e+06   2.9418945e+01
   2.6173540e+06   3.5827637e+01
   2.6174280e+06   3.1921387e+01
   2.7297310e+06   3.7109375e+01
   2.7297520e+06   3.0212402e+01
   2.7297660e+06   3.1494141e+01
   2.7297920e+06   4.3701172e+01
   2.7298200e+06   3.3569336e+01
   2.7298390e+06   4.5715332e+01
   2.7298620e+06   3.1677246e+01
   2.7298940e+06   4.0405273e+01
   2.7299080e+06   3.8513184e+01
   2.7299580e+06   3.1188965e+01
   2.7300010e+06   3.5156250e+01
   2.7300770e+06   2.8930664e+01
   2.7300970e+06   3.1066895e+01
   2.7302100e+06   2.9235840e+01
   2.7414720e+06   2.9846191e+01
   2.7422420e+06   3.2836914e+01
   2.7423030e+06   4.1625977e+01
   2.7423140e+06   3.1921387e+01
   2.7423820e+06   3.0761719e+01
   2.7423930e+06   3.3020020e+01
   2.7426130e+06   3.1188965e+01
   2.7429770e+06   3.2165527e+01
   2.7548710e+06   2.8808594e+01
   2.7931040e+06   2.9052734e+01
   2.7937250e+06   3.1372070e+01
   2.7937720e+06   3.6926270e+01
   2.9148420e+06   2.8564453e+01
   3.1181930e+06   3.0395508e+01
   3.1182690e+06   3.8696289e+01
   3.1184280e+06   3.3020020e+01
   3.1185540e+06   3.3203125e+01
   3.1187090e+06   3.3142090e+01
   3.1189450e+06   3.3081055e+01
   3.1189760e+06   2.8930664e+01
   3.1679010e+06   3.2287598e+01
   3.1679470e+06   3.4973145e+01
   3.1679640e+06   2.8747559e+01
   3.1679830e+06   3.5949707e+01
   3.1679930e+06   4.5104980e+01
   3.1680420e+06   3.3325195e+01
   3.1681110e+06   3.2409668e+01
   3.1681340e+06   3.2043457e+01
   3.1681670e+06   3.5705566e+01
   3.1683660e+06   3.0822754e+01
   3.1685240e+06   2.9357910e+01
   3.2403090e+06   3.5888672e+01
   3.2403600e+06   4.0771484e+01
   3.2403750e+06   4.0100098e+01
   3.2404000e+06   2.8869629e+01
   3.2404230e+06   3.9245605e+01
   3.2404770e+06   3.4729004e+01
   3.2404940e+06   3.5766602e+01
   3.2405750e+06   3.1921387e+01
   3.2405970e+06   3.1494141e+01
   3.2408630e+06   2.8808594e+01
   3.3119450e+06   3.0944824e+01
   3.5262370e+06   2.8930664e+01
   3.5262760e+06   3.3752441e+01
   3.5262950e+06   2.8503418e+01
   3.5263060e+06   3.8452148e+01
   3.5263440e+06   3.6376953e+01
   3.5263690e+06   2.9174805e+01
   3.5263910e+06   4.6325684e+01
   3.5264010e+06   3.2226562e+01
   3.5264230e+06   4.2785645e+01
   3.5264750e+06   3.2409668e+01
   3.5266020e+06   3.4545898e+01
   3.5266790e+06   3.0273437e+01
   3.5266890e+06   2.8991699e+01
   3.5267540e+06   3.0517578e+01
   3.5268220e+06   2.9846191e+01
   3.5393120e+06   2.8808594e+01
   3.7617370e+06   3.3142090e+01
   3.7617720e+06   2.8503418e+01
   3.7618060e+06   5.7922363e+01
   3.7618230e+06   2.9846191e+01
   3.7618550e+06   4.0222168e+01
   3.7618850e+06   4.4921875e+01
   3.7619020e+06   2.9479980e+01
   3.7619550e+06   2.9541016e+01
   3.7620330e+06   3.0578613e+01
   3.7621590e+06   2.9724121e+01
   3.7622470e+06   3.4606934e+01
   3.7628510e+06   3.2165527e+01
   3.8498700e+06   3.1066895e+01
   3.8499130e+06   3.7841797e+01
   3.8499580e+06   3.4362793e+01
   3.8500050e+06   3.0883789e+01
   3.8500250e+06   3.2531738e+01
   3.8501290e+06   3.5644531e+01
   3.8501760e+06   3.3325195e+01
   3.8501970e+06   3.1494141e+01
   3.8502540e+06   2.9479980e+01
   3.8504460e+06   2.9357910e+01
   3.9367750e+06   3.3569336e+01
   3.9368090e+06   4.7058105e+01
   3.9368430e+06   3.2165527e+01
   3.9368620e+06   3.6010742e+01
   3.9368880e+06   3.2531738e+01
   3.9369010e+06   4.0222168e+01
   3.9369310e+06   3.3508301e+01
   3.9369460e+06   3.0883789e+01
   3.9370000e+06   3.4790039e+01
   3.9373870e+06   2.8503418e+01
   3.9375160e+06   3.0029297e+01
   3.9377490e+06   2.9968262e+01
   4.0126130e+06   2.9602051e+01
   4.0126450e+06   2.9785156e+01
   4.0126590e+06   4.3701172e+01
   4.0126820e+06   3.2409668e+01
   4.0127020e+06   3.2470703e+01
   4.0128130e+06   3.4484863e+01
   4.0128360e+06   3.2897949e+01
   4.0128810e+06   3.3142090e+01
   4.0129130e+06   2.9479980e+01
   4.0133320e+06   3.1738281e+01
   4.0134610e+06   3.0761719e+01
   4.0236780e+06   2.8503418e+01
   4.0236940e+06   3.2409668e+01
   4.0237930e+06   2.9968262e+01
   4.0238400e+06   2.8747559e+01
   4.0239160e+06   3.0822754e+01
   4.0239520e+06   3.9184570e+01
   4.0239840e+06   3.4362793e+01
   4.0240410e+06   3.2714844e+01
   4.0240630e+06   3.4118652e+01
   4.0240780e+06   3.2836914e+01
   4.0241640e+06   2.8564453e+01
   4.0242020e+06   4.4921875e+01
   4.0248490e+06   2.8747559e+01
   4.0252170e+06   2.9113770e+01
   4.0398610e+06   2.9968262e+01
   4.0403070e+06   2.9907227e+01
   4.0404610e+06   3.9855957e+01
   4.0404890e+06   3.3386230e+01
   4.0405400e+06   4.1992188e+01
   4.0406810e+06   2.8808594e+01
   4.0417010e+06   2.9724121e+01
   4.0809370e+06   3.1066895e+01
   4.0809640e+06   3.5522461e+01
   4.0809840e+06   4.6997070e+01
   4.0810300e+06   3.2531738e+01
   4.0810440e+06   3.0212402e+01
   4.0810830e+06   2.8625488e+01
   4.0811080e+06   3.5278320e+01
   4.0811670e+06   2.8625488e+01
   4.0812110e+06   3.2714844e+01
   4.0814640e+06   3.3142090e+01
   4.5052060e+06   3.1188965e+01
   4.5835320e+06   2.9907227e+01
   4.5852910e+06   3.2165527e+01
   4.6182040e+06   2.9052734e+01
   4.6565580e+06   2.8747559e+01
   4.6565880e+06   2.9907227e+01
   4.6566060e+06   4.2053223e+01
   4.6566190e+06   2.9663086e+01
   4.6566390e+06   3.5278320e+01
   4.6566570e+06   3.1127930e+01
   4.6567010e+06   3.7536621e+01
   4.6567340e+06   2.9968262e+01
   4.6567790e+06   3.2470703e+01
   4.6568250e+06   3.3325195e+01
   4.6568860e+06   3.1738281e+01
   4.6573050e+06   3.2653809e+01
   4.7516610e+06   3.3752441e+01
   4.8926710e+06   3.4606934e+01
   4.8927040e+06   3.9916992e+01
   4.8927220e+06   3.7780762e+01
   4.8927410e+06   3.8513184e+01
   4.8927830e+06   3.4912109e+01
   4.8928000e+06   3.0639648e+01
   4.8929090e+06   3.2348633e+01
   4.8929960e+06   3.5095215e+01
   4.9047560e+06   3.0151367e+01
   4.9050210e+06   4.1503906e+01
   4.9050420e+06   4.2480469e+01
   4.9050620e+06   2.9174805e+01
   4.9050780e+06   3.0700684e+01
   4.9051060e+06   4.7058105e+01
   4.9051550e+06   2.9968262e+01
   4.9051740e+06   3.8940430e+01
   4.9051840e+06   3.6804199e+01
   4.9052300e+06   3.4179688e+01
   4.9052460e+06   3.1188965e+01
   4.9053670e+06   3.4423828e+01
   4.9054020e+06   3.4729004e+01
   5.0113340e+06   3.0029297e+01
   5.0114160e+06   2.9541016e+01
   5.0561580e+06   3.0456543e+01
   5.0943230e+06   2.9724121e+01
   5.0945190e+06   2.9846191e+01
   5.2081800e+06   3.0517578e+01
   5.2081980e+06   4.6752930e+01
   5.2082200e+06   3.0029297e+01
   5.2082410e+06   3.7353516e+01
   5.2082650e+06   2.9235840e+01
   5.2082800e+06   3.4484863e+01
   5.2083410e+06   3.9001465e+01
   5.2083800e+06   3.6437988e+01
   5.2084410e+06   4.0649414e+01
   5.2085520e+06   3.2287598e+01
   5.2086010e+06   2.8564453e+01
   5.2089110e+06   2.9235840e+01
   5.4247460e+06   3.2287598e+01
   5.4639980e+06   3.6376953e+01
   5.4640470e+06   3.5705566e+01
   5.4640730e+06   3.4118652e+01
   5.4641310e+06   2.8869629e+01
   5.4641470e+06   3.2287598e+01
   5.4641770e+06   2.8930664e+01
   5.4641990e+06   2.8808594e+01
   5.4642460e+06   3.1677246e+01
   5.5323930e+06   2.8930664e+01
   5.5351720e+06   3.1921387e+01
   5.5355710e+06   2.9602051e+01
   5.5752890e+06   3.5644531e+01
   5.5762060e+06   2.8869629e+01
   5.6161710e+06   2.8625488e+01
   5.6161930e+06   4.0405273e+01
   5.6165000e+06   2.8564453e+01
   5.6658310e+06   2.8747559e+01
   5.7108790e+06   3.0029297e+01
   5.7214580e+06   2.9174805e+01
   5.7700380e+06   3.2714844e+01
   5.7700690e+06   3.2897949e+01
   5.7700960e+06   3.8391113e+01
   5.7701090e+06   3.8208008e+01
   5.7701440e+06   2.8503418e+01
   5.7701550e+06   3.7780762e+01
   5.7702080e+06   4.3518066e+01
   5.7702850e+06   3.1066895e+01
   5.7703710e+06   3.0822754e+01
   5.7705340e+06   3.1005859e+01
   5.7711920e+06   3.3020020e+01
   5.8845200e+06   3.7780762e+01
   5.8845390e+06   3.2775879e+01
   5.8845780e+06   5.3771973e+01
   5.8846260e+06   4.6936035e+01
   5.8846500e+06   4.0344238e+01
   5.8847250e+06   3.0517578e+01
   5.8848570e+06   3.3996582e+01
   5.8849930e+06   3.5034180e+01
   5.8850240e+06   2.9052734e+01
   5.9186220e+06   2.8930664e+01
   5.9483350e+06   2.9663086e+01
   5.9488150e+06   3.2714844e+01
   5.9488360e+06   4.7424316e+01
   5.9488590e+06   3.1066895e+01
   5.9488790e+06   3.6315918e+01
   5.9489380e+06   3.2165527e+01
   5.9489550e+06   2.8808594e+01
   5.9489770e+06   3.5644531e+01
   5.9490060e+06   3.0151367e+01
   5.9491230e+06   3.2470703e+01
   5.9491520e+06   3.0029297e+01
   5.9494800e+06   2.8503418e+01
   5.9502020e+06   3.2958984e+01
   6.0360610e+06   3.3020020e+01
   6.0363420e+06   2.8442383e+01
   6.0902840e+06   2.9785156e+01
   6.2160290e+06   3.3569336e+01
   6.2160510e+06   3.7170410e+01
   6.2160730e+06   4.1625977e+01
   6.2160980e+06   4.2480469e+01
   6.2161130e+06   3.7231445e+01
   6.2161370e+06   3.2470703e+01
   6.2161810e+06   4.1564941e+01
   6.2162150e+06   3.0029297e+01
   6.2162600e+06   3.1860352e+01
   6.2163360e+06   3.4057617e+01
   6.2164050e+06   3.4240723e+01
   6.3470100e+06   3.1860352e+01
   6.4888860e+06   3.1738281e+01
   6.5700800e+06   3.3935547e+01
   6.6321320e+06   2.8625488e+01
   6.6352830e+06   3.1066895e+01
   6.6360480e+06   4.0466309e+01
   6.6371210e+06   2.9907227e+01
   6.7372610e+06   3.2409668e+01
   6.7372910e+06   4.1442871e+01
   6.7373080e+06   3.8513184e+01
   6.7373410e+06   4.6142578e+01
   6.7373700e+06   4.7668457e+01
   6.7374410e+06   3.8452148e+01
   6.7374660e+06   3.3630371e+01
   6.7374770e+06   2.8259277e+01
   6.7374870e+06   3.3813477e+01
   6.7375800e+06   3.1066895e+01
   6.7376880e+06   3.0029297e+01
   6.7381980e+06   3.0700684e+01
   6.7382720e+06   2.8625488e+01
   6.7384980e+06   3.9123535e+01
   6.7387050e+06   2.9907227e+01
   6.7496140e+06   3.3752441e+01
   6.7496400e+06   2.8564453e+01
   6.7497240e+06   2.9846191e+01
   6.7497800e+06   5.5053711e+01
   6.7498090e+06   3.1188965e+01
   6.7498190e+06   3.0273438e+01
   6.7498960e+06   3.7048340e+01
   6.7499500e+06   3.8024902e+01
   6.7499610e+06   2.9357910e+01
   6.7502050e+06   2.8564453e+01
   6.7503650e+06   3.0822754e+01
   6.7504060e+06   2.8747559e+01
   6.7506720e+06   2.9907227e+01
   6.7508680e+06   2.9174805e+01
   6.7509910e+06   3.0029297e+01
   6.7510980e+06   2.8137207e+01
   6.7628280e+06   3.0822754e+01
   6.7629830e+06   3.0395508e+01
   6.7630230e+06   3.2348633e+01
   6.7630890e+06   2.8320312e+01
   6.7632170e+06   3.0456543e+01
   6.7632460e+06   3.8574219e+01
   6.7632940e+06   4.6264648e+01
   6.7633640e+06   3.2470703e+01
   6.7633950e+06   4.2724609e+01
   6.7634220e+06   2.8137207e+01
   6.7634440e+06   2.8930664e+01
   6.7635030e+06   3.2836914e+01
   6.7635750e+06   3.6315918e+01
   6.7644880e+06   3.0212402e+01
   6.7740810e+06   3.4423828e+01
   6.7741080e+06   2.9907227e+01
   6.7741500e+06   4.1748047e+01
   6.7742050e+06   3.8146973e+01
   6.7742390e+06   3.6437988e+01
   6.7742940e+06   4.2846680e+01
   6.7743330e+06   2.9602051e+01
   6.7744090e+06   3.5888672e+01
   6.7744520e+06   3.2897949e+01
   6.7744910e+06   3.6315918e+01
   6.7745350e+06   3.2104492e+01
   6.7747030e+06   2.8625488e+01
   6.7747350e+06   2.8686523e+01
   6.7749550e+06   2.8564453e+01
   6.7846020e+06   3.3752441e+01
   6.7846400e+06   2.8930664e+01
   6.7846780e+06   3.0395508e+01
   6.7847260e+06   4.3334961e+01
   6.7847470e+06   3.8940430e+01
   6.7847770e+06   2.8869629e+01
   6.7848790e+06   3.5644531e+01
   6.7848920e+06   3.2836914e+01
   6.7850600e+06   3.4240723e+01
   6.7859820e+06   3.5339355e+01
   6.7947410e+06   3.0029297e+01
   6.7948240e+06   3.7902832e+01
   6.7949020e+06   2.8564453e+01
   6.7949250e+06   2.9418945e+01
   6.7949420e+06   3.6193848e+01
   6.7950040e+06   2.8442383e+01
   6.7950670e+06   2.9479980e+01
   6.7952530e+06   3.0273438e+01
   6.7953260e+06   2.9785156e+01
   6.7954320e+06   3.2226562e+01
   6.8645590e+06   2.9418945e+01
   6.8645890e+06   5.5969238e+01
   6.8646000e+06   3.2226562e+01
   6.8646340e+06   2.8564453e+01
   6.8646610e+06   3.1921387e+01
   6.8646770e+06   3.7414551e+01
   6.8647390e+06   3.9245605e+01
   6.8647850e+06   2.8686523e+01
   6.8648220e+06   2.8198242e+01
   6.8648390e+06   3.2836914e+01
   6.8648840e+06   3.0029297e+01
   6.8649260e+06   3.0090332e+01
   6.9105780e+06   2.8625488e+01
   6.9108180e+06   2.8808594e+01
   6.9108500e+06   3.0639648e+01
   6.9109190e+06   3.1799316e+01
   6.9761720e+06   2.9296875e+01
   6.9768980e+06   3.7048340e+01
   7.1037540e+06   4.2114258e+01
   7.2246280e+06   3.0517578e+01
   7.2246460e+06   3.9001465e+01
   7.2271930e+06   2.9541016e+01
   7.2298660e+06   3.1372070e+01
   7.2703570e+06   3.5705566e+01
   7.3059890e+06   2.8625488e+01
   7.3060200e+06   2.9907227e+01
   7.3060370e+06   3.7231445e+01
   7.3060730e+06   3.4179688e+01
   7.3060830e+06   4.6752930e+01
   7.3061160e+06   4.0527344e+01
   7.3061400e+06   3.6254883e+01
   7.3061910e+06   3.5156250e+01
   7.3062400e+06   3.9550781e+01
   7.3064860e+06   2.9724121e+01
   7.3065170e+06   3.3081055e+01
   7.3069220e+06   2.9846191e+01
   7.3071070e+06   3.3569336e+01
   7.3074020e+06   3.8391113e+01
   7.3179060e+06   2.9968262e+01
   7.3181570e+06   2.8808594e+01
   7.3186110e+06   2.8808594e+01
   7.3186400e+06   3.0334473e+01
   7.3187200e+06   3.2897949e+01
   7.3187420e+06   3.1494141e+01
   7.3187630e+06   2.8503418e+01
   7.3187730e+06   3.6682129e+01
   7.3188120e+06   2.8137207e+01
   7.3188320e+06   3.7048340e+01
   7.3188680e+06   3.5278320e+01
   7.3188930e+06   2.8320313e+01
   7.3189580e+06   2.9968262e+01
   7.3189960e+06   3.4545898e+01
   7.3190530e+06   2.9479980e+01
   7.3191150e+06   3.4240723e+01
   7.3192280e+06   2.9479980e+01
   7.3193200e+06   2.8808594e+01
   7.3199350e+06   2.8137207e+01
   7.3658400e+06   3.0273438e+01
   7.3659840e+06   3.0761719e+01
   7.4467260e+06   2.8625488e+01
   7.4634740e+06   3.3386230e+01
   7.4675120e+06   3.0273438e+01
   7.4746440e+06   3.1860352e+01
   7.4747130e+06   4.4982910e+01
   7.4907760e+06   4.1076660e+01
   7.4913480e+06   3.0273438e+01
   7.5288180e+06   2.9724121e+01
   7.5288580e+06   3.4973145e+01
   7.5297960e+06   4.0100098e+01
   7.5298170e+06   2.9541016e+01
   7.5752940e+06   2.8137207e+01
   7.5754300e+06   3.6254883e+01
   7.5755320e+06   4.0832520e+01
   7.5755720e+06   3.5034180e+01
   7.5755920e+06   2.9418945e+01
   7.5756480e+06   4.0832520e+01
   7.5756660e+06   3.0700684e+01
   7.5756970e+06   3.1066895e+01
   7.5757210e+06   3.6682129e+01
   7.5757620e+06   2.8442383e+01
   7.5759740e+06   2.9907227e+01
   7.5760400e+06   2.8259277e+01
   7.6289770e+06   2.9479980e+01
   7.7620870e+06   3.4545898e+01
   7.7621150e+06   4.2785645e+01
   7.7621260e+06   3.5705566e+01
   7.7621540e+06   5.2124023e+01
   7.7621890e+06   3.1494141e+01
   7.7622810e+06   3.0151367e+01
   7.7625090e+06   3.2714844e+01
   7.7625460e+06   3.4545898e+01
   7.7625790e+06   3.3264160e+01
   7.7628490e+06   4.8461914e+01
   7.7628900e+06   2.9907227e+01
   7.8013040e+06   2.9357910e+01
   8.0331400e+06   3.5522461e+01
   8.0331570e+06   4.3518066e+01
   8.0331820e+06   3.2287598e+01
   8.0332270e+06   2.9235840e+01
   8.0332680e+06   3.9245605e+01
   8.0332910e+06   3.0151367e+01
   8.0333140e+06   3.3630371e+01
   8.0333500e+06   4.1259766e+01
   8.1596150e+06   3.2470703e+01
   8.2011050e+06   2.8747559e+01
   8.2718130e+06   2.8686523e+01
   8.3157540e+06   3.6437988e+01
   8.3157780e+06   3.2714844e+01
   8.3158010e+06   3.4057617e+01
   8.3158210e+06   3.0029297e+01
   8.3158540e+06   2.8137207e+01
   8.3158770e+06   3.4606934e+01
   8.3158970e+06   3.2836914e+01
   8.3159740e+06   2.8198242e+01
   8.3160690e+06   2.8259277e+01
   8.3162270e+06   3.0578613e+01
   8.3165650e+06   3.2409668e+01
   8.3905410e+06   2.8442383e+01
   8.3905690e+06   3.0822754e+01
   8.3905830e+06   3.1616211e+01
   8.3905930e+06   2.9296875e+01
   8.3906350e+06   3.0883789e+01
   8.3906650e+06   3.9611816e+01
   8.3907060e+06   3.1005859e+01
   8.3907290e+06   2.9907227e+01
   8.3907610e+06   2.9968262e+01
   8.3907860e+06   2.9541016e+01
   8.3917950e+06   2.8259277e+01
   8.3920710e+06   3.7231445e+01
   8.3923470e+06   2.8625488e+01
   8.4795420e+06   2.9235840e+01
   8.4795810e+06   4.7546387e+01
   8.4796050e+06   3.0456543e+01
   8.4796230e+06   5.1574707e+01
   8.4796440e+06   2.8259277e+01
   8.4796670e+06   3.5705566e+01
   8.4797260e+06   3.2470703e+01
   8.4797630e+06   2.8808594e+01
   8.4797800e+06   2.9052734e+01
   8.4804920e+06   3.0517578e+01
   8.4806410e+06   2.8503418e+01
   8.4887240e+06   3.1066895e+01
   8.4888350e+06   3.1860352e+01
   8.4888480e+06   3.2897949e+01
   8.4888890e+06   3.8269043e+01
   8.4889050e+06   5.1208496e+01
   8.4889560e+06   3.7658691e+01
   8.4889760e+06   3.1555176e+01
   8.4890200e+06   2.9907227e+01
   8.4890680e+06   3.5461426e+01
   8.4890790e+06   3.0395508e+01
   8.4891080e+06   3.2958984e+01
   8.4891450e+06   3.1982422e+01
   8.4891800e+06   3.2287598e+01
   8.4892180e+06   3.3935547e+01
   8.4898150e+06   3.0700684e+01
   8.4902470e+06   2.9052734e+01
   8.5501860e+06   3.0761719e+01
   8.5502180e+06   2.9418945e+01
   8.5502440e+06   2.9785156e+01
   8.5502680e+06   4.0954590e+01
   8.5502860e+06   3.5949707e+01
   8.5503030e+06   4.1320801e+01
   8.5503460e+06   4.2236328e+01
   8.5503660e+06   3.8208008e+01
   8.5503940e+06   3.2592773e+01
   8.5504400e+06   3.5278320e+01
   8.5505430e+06   3.0090332e+01
   8.5507280e+06   3.2409668e+01
   8.5507630e+06   3.0517578e+01
   8.5509700e+06   3.2165527e+01
   8.5513040e+06   3.1433105e+01
   8.5847490e+06   3.5705566e+01
   8.5847940e+06   2.9296875e+01
   8.5848300e+06   4.1320801e+01
   8.5848440e+06   3.6804199e+01
   8.5848870e+06   3.7170410e+01
   8.5848990e+06   4.5288086e+01
   8.5849620e+06   3.6193848e+01
   8.5850250e+06   3.0517578e+01
   8.5850400e+06   3.1127930e+01
   8.5853140e+06   3.0273438e+01
   8.5855390e+06   2.8991699e+01
   8.5856360e+06   3.0578613e+01
   8.5858350e+06   2.9907227e+01
   8.5861540e+06   3.2165527e+01
   8.6308980e+06   2.9113770e+01
   8.6309200e+06   3.8146973e+01
   8.6309380e+06   3.0151367e+01
   8.6309640e+06   7.0495605e+01
   8.6309830e+06   3.4912109e+01
   8.6310490e+06   2.9968262e+01
   8.6311100e+06   4.3334961e+01
   8.6313110e+06   2.9174805e+01
   8.6316390e+06   2.9052734e+01
   8.6317410e+06   3.2409668e+01
   8.6690430e+06   3.2836914e+01
   8.6694000e+06   2.9357910e+01
   8.6694410e+06   3.3081055e+01
   8.6694760e+06   2.8381348e+01
   8.6695300e+06   3.6621094e+01
   8.6695620e+06   4.0893555e+01
   8.6695820e+06   3.3020020e+01
   8.6695990e+06   2.9174805e+01
   8.6696240e+06   2.8747559e+01
   8.6696580e+06   4.0161133e+01
   8.6697800e+06   3.4912109e+01
   8.7057290e+06   2.9602051e+01
   8.7057530e+06   4.2541504e+01
   8.7057750e+06   3.2531738e+01
   8.7058800e+06   4.3823242e+01
   8.7058910e+06   3.7536621e+01
   8.7059420e+06   3.7048340e+01
   8.7060090e+06   2.9418945e+01
   8.7060490e+06   3.2958984e+01
   8.7061580e+06   2.8320313e+01
   8.7501200e+06   2.9663086e+01
   8.7501780e+06   3.6315918e+01
   8.7502510e+06   3.5522461e+01
   8.7503260e+06   2.9235840e+01
   8.7505490e+06   2.8869629e+01
   8.7754600e+06   2.9907227e+01
   8.8947720e+06   2.9418945e+01
   9.0208090e+06   3.1250000e+01
   9.0237940e+06   2.9602051e+01
   9.0919190e+06   2.8991699e+01
   9.1899170e+06   2.8442383e+01
   9.2219260e+06   2.8930664e+01
   9.2224610e+06   3.3813477e+01
   9.2923290e+06   2.8503418e+01
   9.3654040e+06   2.8259277e+01
   9.4163240e+06   2.8625488e+01
   9.4310650e+06   4.3945312e+01
   9.4810790e+06   2.8686523e+01
   9.4810910e+06   3.0578613e+01
   9.4811250e+06   4.8278809e+01
   9.4811400e+06   4.8217773e+01
   9.4811640e+06   2.8808594e+01
   9.4811750e+06   3.4973145e+01
   9.4812260e+06   3.6499023e+01
   9.4812420e+06   2.9357910e+01
   9.4812570e+06   3.7658691e+01
   9.4812850e+06   3.5888672e+01
   9.4814590e+06   3.4240723e+01
   9.4815260e+06   3.2043457e+01
   9.4816170e+06   3.3386230e+01
   9.4818150e+06   2.8930664e+01
   9.4818410e+06   3.6315918e+01
   9.4821070e+06   3.1250000e+01
   9.4823240e+06   2.9785156e+01
   9.5340780e+06   3.0944824e+01
   9.5341060e+06   4.4006348e+01
   9.5341270e+06   2.8442383e+01
   9.5341530e+06   4.3457031e+01
   9.5341680e+06   2.9357910e+01
   9.5341860e+06   2.9479980e+01
   9.5341970e+06   3.7597656e+01
   9.5342280e+06   2.8808594e+01
   9.5342960e+06   3.0334473e+01
   9.5343210e+06   3.4118652e+01
   9.5343480e+06   3.4545898e+01
   9.5344460e+06   2.8259277e+01
   9.5345020e+06   3.2165527e+01
   9.5345840e+06   3.9855957e+01
   9.5654450e+06   2.9541016e+01
   9.5656410e+06   3.1311035e+01
   9.5657560e+06   2.8442383e+01
   9.5657800e+06   3.4851074e+01
   9.5657970e+06   2.9174805e+01
   9.5658400e+06   3.0029297e+01
   9.6480450e+06   2.8503418e+01
   9.6487570e+06   3.0212402e+01
   9.6847700e+06   2.8869629e+01
   9.6876720e+06   3.1738281e+01
   9.7515690e+06   3.2653809e+01
   9.7516010e+06   4.4616699e+01
   9.7516450e+06   3.2714844e+01
   9.7516660e+06   3.6926270e+01
   9.7516880e+06   3.1066895e+01
   9.7517210e+06   3.2043457e+01
   9.7517900e+06   3.3935547e+01
   9.7522270e+06   2.9052734e+01
   9.7530150e+06   2.8808594e+01
   9.8258830e+06   3.1127930e+01
   9.8934250e+06   3.1127930e+01
   9.9332030e+06   3.9733887e+01
   1.0012278e+07   3.2531738e+01
   1.0012304e+07   3.9794922e+01
   1.0012315e+07   6.7565918e+01
   1.0012371e+07   3.0334473e+01
   1.0012391e+07   3.0761719e+01
   1.0012411e+07   3.2775879e+01
   1.0012437e+07   3.9367676e+01
   1.0012480e+07   3.4790039e+01
   1.0012656e+07   3.1799316e+01
   1.0013409e+07   2.8259277e+01
   1.0013422e+07   2.8076172e+01
   1.0110366e+07   2.9663086e+01
   1.0112541e+07   3.4851074e+01
   1.0161953e+07   3.3020020e+01
   1.0161986e+07   4.0283203e+01
   1.0162011e+07   2.9174805e+01
   1.0162038e+07   3.3020020e+01
   1.0162090e+07   4.1748047e+01
   1.0162138e+07   3.1188965e+01
   1.0162599e+07   2.8198242e+01
   1.0162710e+07   3.7353516e+01
   1.0162923e+07   3.0151367e+01
   1.0163031e+07   2.8259277e+01
   1.0181656e+07   3.3752441e+01
   1.0181690e+07   3.7292480e+01
   1.0181739e+07   3.4423828e+01
   1.0181752e+07   3.3508301e+01
   1.0181812e+07   3.7963867e+01
   1.0181882e+07   2.9113770e+01
   1.0181903e+07   3.3020020e+01
   1.0181945e+07   2.9846191e+01
   1.0182018e+07   3.1311035e+01
   1.0182079e+07   2.8259277e+01
   1.0182101e+07   2.9479980e+01
   1.0182234e+07   3.4545898e+01
   1.0246870e+07   3.3325195e+01
   1.0246933e+07   3.1005859e+01
   1.0246947e+07   3.0090332e+01
   1.0246967e+07   2.9846191e+01
   1.0247006e+07   5.0720215e+01
   1.0247038e+07   2.9785156e+01
   1.0247053e+07   3.1860352e+01
   1.0247084e+07   2.9357910e+01
   1.0247107e+07   4.2114258e+01
   1.0247124e+07   3.4973145e+01
   1.0247142e+07   4.2541504e+01
   1.0247396e+07   2.9296875e+01
   1.0319917e+07   3.1860352e+01
   1.0320036e+07   3.1677246e+01
   1.0320142e+07   5.0292969e+01
   1.0320167e+07   3.1860352e+01
   1.0320187e+07   2.8381348e+01
   1.0320242e+07   5.4626465e+01
   1.0320325e+07   3.0761719e+01
   1.0433338e+07   3.1127930e+01
   1.0433360e+07   3.4240723e+01
   1.0433865e+07   2.8869629e+01
   1.0584567e+07   3.2043457e+01
   1.0584583e+07   3.0578613e+01
   1.0584596e+07   5.1574707e+01
   1.0584617e+07   3.9672852e+01
   1.0584633e+07   2.8747559e+01
   1.0584703e+07   2.8320312e+01
   1.0584717e+07   2.8259277e+01
   1.0584758e+07   3.6865234e+01
   1.0584793e+07   2.9296875e+01
   1.0584812e+07   2.9541016e+01
   1.0584826e+07   3.1188965e+01
   1.0585028e+07   2.8808594e+01
   1.0585141e+07   3.2775879e+01
   1.0585236e+07   2.8259277e+01
   1.0585421e+07   3.3081055e+01
   1.0585444e+07   3.2409668e+01
   1.0585598e+07   3.1799316e+01
   1.0585882e+07   3.9184570e+01
   1.0598820e+07   5.2734375e+01
   1.0598854e+07   3.3569336e+01
   1.0598873e+07   3.2592773e+01
   1.0598893e+07   2.8747559e+01
   1.0598936e+07   2.8076172e+01
   1.0598946e+07   3.0822754e+01
   1.0598983e+07   2.8625488e+01
   1.0599016e+07   3.0395508e+01
   1.0599036e+07   3.1738281e+01
   1.0599285e+07   2.8259277e+01
   1.0599335e+07   3.3630371e+01
   1.0599454e+07   2.9663086e+01
   1.0599799e+07   3.1982422e+01
   1.0600045e+07   2.8625488e+01
   1.0600173e+07   3.3874512e+01
   1.0660923e+07   2.8564453e+01
   1.0660957e+07   3.3325195e+01
   1.0661031e+07   3.1372070e+01
   1.0661115e+07   4.1870117e+01
   1.0661164e+07   3.6499023e+01
   1.0661193e+07   4.1870117e+01
   1.0661235e+07   3.0883789e+01
   1.0661259e+07   3.5827637e+01
   1.0661326e+07   3.8146973e+01
   1.0661353e+07   3.5339355e+01
   1.0661402e+07   3.7170410e+01
   1.0661666e+07   2.9479980e+01
   1.0661751e+07   3.0151367e+01
   1.0661808e+07   3.5827637e+01
   1.0662076e+07   2.9541016e+01
   1.0662328e+07   3.9916992e+01
   1.0753026e+07   2.9602051e+01
   1.0783438e+07   2.8808594e+01
   1.0903851e+07   3.2592773e+01
   1.0904915e+07   2.9479980e+01
   1.0904953e+07   2.8076172e+01
   1.0905014e+07   3.4973145e+01
   1.0905040e+07   4.5166016e+01
   1.0905065e+07   2.8747559e+01
   1.0905096e+07   3.1738281e+01
   1.0905108e+07   4.6691895e+01
   1.0905119e+07   2.9357910e+01
   1.0905165e+07   3.3264160e+01
   1.0905179e+07   3.1433105e+01
   1.0905197e+07   2.8442383e+01
   1.0905214e+07   3.1372070e+01
   1.0905258e+07   3.6926270e+01
   1.0905281e+07   3.4057617e+01
   1.0948959e+07   3.1372070e+01
   1.0949909e+07   3.2287598e+01
   1.0951737e+07   3.0334473e+01
   1.0963299e+07   2.9907227e+01
   1.0963365e+07   3.6193848e+01
   1.0963537e+07   2.9724121e+01
   1.0963613e+07   3.2653809e+01
   1.0963637e+07   3.3935547e+01
   1.0963665e+07   3.1433105e+01
   1.0963691e+07   3.5522461e+01
   1.0963723e+07   3.7841797e+01
   1.0963756e+07   3.0578613e+01
   1.0963789e+07   3.6437988e+01
   1.0963926e+07   3.0456543e+01
   1.0963946e+07   2.8503418e+01
   1.0964004e+07   3.0700684e+01
   1.1019924e+07   2.8869629e+01
   1.1020046e+07   3.2653809e+01
   1.1020098e+07   4.0527344e+01
   1.1020116e+07   2.9357910e+01
   1.1020161e+07   3.1372070e+01
   1.1020191e+07   3.1616211e+01
   1.1020231e+07   3.4912109e+01
   1.1020253e+07   3.0212402e+01
   1.1020290e+07   4.1748047e+01
   1.1065501e+07   2.9724121e+01
   1.1156218e+07   4.2541504e+01
   1.1157920e+07   2.8381348e+01
   1.1232442e+07   2.9602051e+01
   1.1269011e+07   2.9235840e+01
   1.1269060e+07   3.6499023e+01
   1.1269081e+07   2.8137207e+01
   1.1269111e+07   2.8320312e+01
   1.1269172e+07   2.8869629e+01
   1.1269210e+07   3.4057617e+01
   1.1269277e+07   3.1677246e+01
   1.1269482e+07   3.0273438e+01
   1.1269563e+07   3.4118652e+01
   1.1269977e+07   3.0578613e+01
   1.1270104e+07   2.9052734e+01
   1.1270260e+07   4.2480469e+01
   1.1281013e+07   4.5166016e+01
   1.1281076e+07   3.6926270e+01
   1.1281102e+07   2.9968262e+01
   1.1281124e+07   3.1677246e+01
   1.1281148e+07   3.5644531e+01
   1.1281158e+07   3.1860352e+01
   1.1281233e+07   3.2653809e+01
   1.1281261e+07   3.0822754e+01
   1.1281306e+07   3.0090332e+01
   1.1281341e+07   3.7719727e+01
   1.1281367e+07   3.1982422e+01
   1.1281395e+07   3.0517578e+01
   1.1281453e+07   2.9113770e+01
   1.1282041e+07   3.8391113e+01
   1.1282244e+07   2.9174805e+01
   1.1282689e+07   3.0151367e+01
   1.1346039e+07   2.8137207e+01
   1.1346076e+07   3.7353516e+01
   1.1346130e+07   2.8625488e+01
   1.1346143e+07   3.0700684e+01
   1.1346158e+07   3.2958984e+01
   1.1346183e+07   4.4189453e+01
   1.1346197e+07   2.8198242e+01
   1.1346230e+07   3.0700684e+01
   1.1346255e+07   3.7353516e+01
   1.1346278e+07   3.7963867e+01
   1.1346320e+07   3.0273438e+01
   1.1346346e+07   3.6315918e+01
   1.1346443e+07   2.8320312e+01
   1.1346496e+07   3.2592773e+01
   1.1346561e+07   2.9846191e+01
   1.1346641e+07   2.8442383e+01
   1.1347031e+07   3.4118652e+01
   1.1398817e+07   3.1738281e+01
   1.1398890e+07   2.8381348e+01
   1.1398946e+07   3.2043457e+01
   1.1399000e+07   3.1555176e+01
   1.1399019e+07   3.4362793e+01
   1.1399029e+07   3.6132812e+01
   1.1399077e+07   4.1442871e+01
   1.1399133e+07   2.8137207e+01
   1.1399143e+07   3.0517578e+01
   1.1399172e+07   3.0395508e+01
   1.1399209e+07   3.1188965e+01
   1.1399299e+07   3.4179688e+01
   1.1399362e+07   2.8564453e+01
   1.1399761e+07   3.1555176e+01
   1.1465450e+07   3.2592773e+01
   1.1612470e+07   4.4860840e+01
   1.1680819e+07   4.8095703e+01
   1.1680850e+07   3.6743164e+01
   1.1680894e+07   3.2531738e+01
   1.1680906e+07   3.2226562e+01
   1.1680956e+07   4.2785645e+01
   1.1680990e+07   3.1066895e+01
   1.1681049e+07   3.4118652e+01
   1.1681069e+07   2.9479980e+01
   1.1681084e+07   2.8869629e+01
   1.1681222e+07   3.0944824e+01
   1.1681311e+07   3.0578613e+01
   1.1681378e+07   3.2104492e+01
   1.1681724e+07   2.9785156e+01
   1.1681877e+07   3.1005859e+01
   1.1939197e+07   3.2226562e+01
