   1.1999000e+07   0.0000000e+00
   9.3370000e+03   3.1188965e+01
   9.6540000e+03   2.8076172e+01
   9.8060000e+03   2.8320312e+01
   9.8820000e+03   2.7526855e+01
   1.2791200e+06   2.7404785e+01
   1.3613100e+06   2.7160645e+01
   1.3850000e+06   2.8015137e+01
   1.4940640e+06   2.9968262e+01
   1.4940990e+06   2.7221680e+01
   1.4941310e+06   2.9785156e+01
   1.4941590e+06   3.5949707e+01
   1.4941760e+06   2.9113770e+01
   1.4941900e+06   2.8442383e+01
   1.4942160e+06   2.8381348e+01
   1.4942430e+06   2.7282715e+01
   1.5121110e+06   2.8808594e+01
   1.5121660e+06   2.7770996e+01
   1.5145360e+06   2.7526855e+01
   1.5229520e+06   3.0334473e+01
   1.5230890e+06   4.0588379e+01
   1.5231910e+06   2.7709961e+01
   1.5374080e+06   3.2531738e+01
   1.5509750e+06   2.7709961e+01
   1.5511610e+06   3.0517578e+01
   1.5662100e+06   3.0395508e+01
   1.5907600e+06   2.8015137e+01
   1.5909110e+06   2.8137207e+01
   1.5909640e+06   3.1311035e+01
   1.6030290e+06   2.7282715e+01
   1.6177600e+06   2.8930664e+01
   1.6329010e+06   2.8869629e+01
   1.6753580e+06   2.7893066e+01
   1.6850410e+06   2.7770996e+01
   1.7077190e+06   2.8137207e+01
   1.7422100e+06   2.8137207e+01
   1.7646640e+06   3.0822754e+01
   1.7759570e+06   2.7526855e+01
   1.7879810e+06   2.7282715e+01
   1.8362130e+06   2.7954102e+01
   1.8368690e+06   2.7099609e+01
   1.8467790e+06   2.7587891e+01
   1.8473270e+06   2.7160645e+01
   1.8637110e+06   2.7954102e+01
   1.8637380e+06   2.7282715e+01
   1.8840930e+06   2.8137207e+01
   1.8842460e+06   2.8381348e+01
   1.8847840e+06   2.7465820e+01
   1.9164900e+06   3.2104492e+01
   1.9345540e+06   3.0578613e+01
   1.9356340e+06   2.8076172e+01
   1.9358720e+06   2.7832031e+01
   1.9488540e+06   2.8625488e+01
   1.9491880e+06   2.7587891e+01
   1.9682130e+06   2.8808594e+01
   1.9687570e+06   2.9357910e+01
   1.9688940e+06   3.2470703e+01
   1.9884560e+06   2.7893066e+01
   1.9885840e+06   3.0334473e+01
   2.0065790e+06   2.9907227e+01
   2.0330410e+06   2.7282715e+01
   2.0514670e+06   3.7231445e+01
   2.0514870e+06   2.7160645e+01
   2.0675560e+06   2.9174805e+01
   2.0676970e+06   2.8747559e+01
   2.0679840e+06   3.0029297e+01
   2.1021550e+06   3.1616211e+01
   2.1027950e+06   2.8137207e+01
   2.1028840e+06   2.9418945e+01
   2.1030370e+06   2.9479980e+01
   2.6025600e+06   3.0334473e+01
   2.6037280e+06   4.0344238e+01
   2.6037770e+06   3.1127930e+01
   2.6037900e+06   2.7832031e+01
   2.6210560e+06   3.0212402e+01
   2.6212430e+06   3.0029297e+01
   2.6403520e+06   3.0822754e+01
   2.6602420e+06   2.8625488e+01
   2.6666450e+06   2.7832031e+01
   2.6709140e+06   2.7648926e+01
   2.6770280e+06   3.2958984e+01
   2.6770860e+06   2.8442383e+01
   2.6771140e+06   3.0151367e+01
   2.6771740e+06   3.7109375e+01
   2.6844310e+06   2.8808594e+01
   2.6918030e+06   3.1066895e+01
   2.6918640e+06   3.0395508e+01
   2.7042940e+06   3.1982422e+01
   2.7349610e+06   3.0517578e+01
   2.7492670e+06   3.0639648e+01
   2.7732810e+06   3.0151367e+01
   2.8016280e+06   2.8808594e+01
   2.8022510e+06   3.2897949e+01
   2.8155570e+06   2.8747559e+01
   2.8463950e+06   2.7282715e+01
   2.8465710e+06   2.8198242e+01
   2.8467770e+06   3.0395508e+01
   2.8470890e+06   2.9296875e+01
   2.8604420e+06   2.7099609e+01
   2.8609860e+06   3.1250000e+01
   2.8700450e+06   3.4790039e+01
   2.8706410e+06   3.1921387e+01
   2.9092000e+06   3.5461426e+01
   2.9093790e+06   2.8686523e+01
   2.9245770e+06   2.8442383e+01
   2.9248560e+06   2.9235840e+01
   2.9407460e+06   2.7282715e+01
   2.9410410e+06   2.7099609e+01
   2.9411780e+06   2.7160645e+01
   2.9413010e+06   2.8991699e+01
   2.9413430e+06   2.8259277e+01
   2.9414050e+06   2.9052734e+01
   2.9415200e+06   2.8198242e+01
   2.9415960e+06   2.7893066e+01
   2.9749970e+06   2.9235840e+01
   2.9754150e+06   2.9907227e+01
   2.9755050e+06   3.1127930e+01
   3.0000160e+06   2.8442383e+01
   3.0001350e+06   2.6794434e+01
   3.0287810e+06   3.1005859e+01
   3.0288680e+06   3.3996582e+01
   3.0288990e+06   3.1066895e+01
   3.0499970e+06   2.7099609e+01
   3.0503590e+06   2.7832031e+01
   3.0504620e+06   3.0395508e+01
   3.0561880e+06   3.0334473e+01
   3.0774870e+06   2.9968262e+01
   3.0778400e+06   2.6794434e+01
   3.0780360e+06   2.8076172e+01
   3.0780580e+06   2.9541016e+01
   3.1016810e+06   2.8930664e+01
   3.1018280e+06   2.7282715e+01
   3.1023770e+06   2.7404785e+01
   3.1024860e+06   2.8747559e+01
   3.1026120e+06   2.8015137e+01
   3.1298940e+06   2.8686523e+01
   3.1300320e+06   2.6916504e+01
   3.1301730e+06   2.6733398e+01
   3.1303260e+06   2.7526855e+01
   3.8913970e+06   2.9479980e+01
   3.8917090e+06   2.9479980e+01
   3.8918220e+06   2.7099609e+01
   3.8918340e+06   2.7099609e+01
   3.8918910e+06   3.3203125e+01
   3.8919300e+06   3.3691406e+01
   3.8920080e+06   3.0700684e+01
   3.8973410e+06   2.8564453e+01
   3.9061330e+06   2.7343750e+01
   3.9083050e+06   3.1555176e+01
   3.9089770e+06   2.8869629e+01
   3.9090190e+06   2.9235840e+01
   3.9090300e+06   2.7893066e+01
   3.9147240e+06   3.1982422e+01
   3.9228700e+06   2.8381348e+01
   3.9239330e+06   2.8686523e+01
   3.9299160e+06   2.7282715e+01
   3.9523160e+06   2.9052734e+01
   3.9523940e+06   3.1738281e+01
   3.9650120e+06   2.8564453e+01
   3.9652790e+06   2.6733398e+01
   3.9815010e+06   2.9296875e+01
   3.9901450e+06   3.0517578e+01
   3.9906750e+06   2.7282715e+01
   3.9907610e+06   2.7099609e+01
   3.9907980e+06   2.6733398e+01
   3.9908400e+06   2.7648926e+01
   4.0145360e+06   2.7404785e+01
   4.0408100e+06   2.8015137e+01
   4.0528780e+06   2.9541016e+01
   4.0602670e+06   2.6672363e+01
   4.0667050e+06   2.9846191e+01
   4.0825230e+06   2.8198242e+01
   4.0829550e+06   2.9785156e+01
   4.0881480e+06   3.2592773e+01
   4.0888210e+06   3.9123535e+01
   4.0995020e+06   3.0395508e+01
   4.1059900e+06   2.7038574e+01
   4.1061550e+06   3.0944824e+01
   4.1067130e+06   2.7709961e+01
   4.1131630e+06   2.9724121e+01
   4.1269450e+06   2.9357910e+01
   4.1357130e+06   2.6855469e+01
   4.1477220e+06   2.8259277e+01
   4.1574250e+06   2.7648926e+01
   4.1580570e+06   2.7343750e+01
   4.1797000e+06   2.8808594e+01
   4.1798700e+06   2.7648926e+01
   4.1800530e+06   2.9296875e+01
   4.1989860e+06   2.9418945e+01
   4.1994270e+06   3.2348633e+01
   4.2077990e+06   2.7343750e+01
   4.2188840e+06   2.7160645e+01
   4.2192070e+06   2.9235840e+01
   4.2193270e+06   2.7465820e+01
   4.2344200e+06   2.7160645e+01
   4.2345870e+06   2.9296875e+01
   4.2350660e+06   2.7648926e+01
   4.2475760e+06   2.8137207e+01
   4.2477530e+06   3.1250000e+01
   4.2479760e+06   2.8137207e+01
   4.2695720e+06   2.9541016e+01
   4.2700090e+06   2.7587891e+01
   4.2717740e+06   2.8137207e+01
   4.2875340e+06   2.6672363e+01
   4.2876880e+06   2.6733398e+01
   4.3018090e+06   2.8442383e+01
   4.3026030e+06   2.8869629e+01
   4.3028280e+06   3.5766602e+01
   4.3029530e+06   2.7404785e+01
   4.3278170e+06   2.9907227e+01
   4.3279870e+06   2.6977539e+01
   4.3283890e+06   2.7770996e+01
   4.3285520e+06   2.9724121e+01
   4.3286010e+06   2.6855469e+01
   4.3515280e+06   2.8442383e+01
   4.3521810e+06   2.8564453e+01
   4.3780300e+06   2.8808594e+01
   4.3782150e+06   2.8625488e+01
   4.3784340e+06   2.9296875e+01
   4.3786670e+06   2.8625488e+01
   4.3790250e+06   2.7343750e+01
   4.4054290e+06   2.6977539e+01
   4.4056340e+06   2.6916504e+01
   4.4056660e+06   2.8503418e+01
   5.3549850e+06   3.1005859e+01
   5.3551980e+06   2.7526855e+01
   5.3552980e+06   3.0761719e+01
   5.3553500e+06   3.0639648e+01
   5.3553690e+06   2.6733398e+01
   5.3553880e+06   2.8442383e+01
   5.3554090e+06   2.7404785e+01
   5.3554400e+06   2.6916504e+01
   5.3812560e+06   2.6672363e+01
   5.3812910e+06   2.6672363e+01
   5.4033540e+06   2.7160645e+01
   5.4041810e+06   2.9418945e+01
   5.4042990e+06   2.6733398e+01
   5.4347840e+06   2.9113770e+01
   5.4349130e+06   2.7770996e+01
   5.4350540e+06   3.1066895e+01
   5.4540190e+06   2.8015137e+01
   5.4630730e+06   2.7221680e+01
   5.4824340e+06   2.6794434e+01
   5.5462200e+06   2.6733398e+01
   5.5462940e+06   3.5156250e+01
   5.5579250e+06   2.6794434e+01
   5.5710650e+06   2.6977539e+01
   5.5710930e+06   2.8442383e+01
   5.5711990e+06   2.8381348e+01
   5.5847300e+06   3.2470703e+01
   5.5928850e+06   2.7526855e+01
   5.6085970e+06   3.2653809e+01
   5.6188690e+06   3.0944824e+01
   5.6195680e+06   3.0090332e+01
   5.6346800e+06   2.8503418e+01
   5.6475680e+06   2.9479980e+01
   5.6676430e+06   3.1433105e+01
   5.6678310e+06   2.7893066e+01
   5.6683620e+06   2.8747559e+01
   5.6684050e+06   2.9357910e+01
   5.6684440e+06   2.6733398e+01
   5.6900900e+06   2.9052734e+01
   5.7120170e+06   2.7832031e+01
   5.7306860e+06   2.7526855e+01
   5.7308090e+06   2.8381348e+01
   5.7308750e+06   2.6794434e+01
   5.7649550e+06   3.2958984e+01
   5.7653040e+06   3.0517578e+01
   5.7941920e+06   2.8442383e+01
   5.7947220e+06   3.0639648e+01
   5.8275900e+06   2.9602051e+01
   5.8277390e+06   3.0395508e+01
   5.8281750e+06   2.7282715e+01
   5.8282850e+06   3.2104492e+01
   5.8613860e+06   3.4484863e+01
   5.8616470e+06   2.7709961e+01
   5.8620510e+06   2.7893066e+01
   5.8621040e+06   2.9479980e+01
   5.8621200e+06   2.8625488e+01
   5.8622470e+06   2.8320312e+01
   5.9007970e+06   3.3935547e+01
   5.9010440e+06   2.8137207e+01
   5.9014150e+06   2.7099609e+01
   5.9017040e+06   3.0029297e+01
   5.9305220e+06   2.9174805e+01
   5.9306690e+06   2.8869629e+01
   5.9307960e+06   3.0944824e+01
   5.9311680e+06   2.9174805e+01
   5.9312720e+06   2.9174805e+01
   5.9672070e+06   2.8930664e+01
   6.0155570e+06   2.7709961e+01
   6.0158210e+06   3.1005859e+01
   6.0158710e+06   3.0273438e+01
   6.0396090e+06   2.7709961e+01
   6.8186480e+06   3.2897949e+01
   6.8187560e+06   3.3752441e+01
   6.8187930e+06   3.6193848e+01
   6.8188070e+06   2.8137207e+01
   6.8188960e+06   2.8137207e+01
   6.8227060e+06   2.7832031e+01
   6.8636560e+06   3.0151367e+01
   6.8774030e+06   3.2714844e+01
   6.8794560e+06   3.0822754e+01
   6.8956720e+06   2.7526855e+01
   6.8963990e+06   3.1066895e+01
   6.8964490e+06   2.7343750e+01
   6.9160520e+06   3.0273438e+01
   6.9363360e+06   3.1555176e+01
   6.9457790e+06   3.0395508e+01
   6.9490260e+06   2.7648926e+01
   6.9570240e+06   2.7343750e+01
   6.9796160e+06   2.7343750e+01
   7.0051530e+06   2.8564453e+01
   7.0351640e+06   3.2836914e+01
   7.0352590e+06   3.0090332e+01
   7.0353810e+06   2.8137207e+01
   7.0636270e+06   2.7343750e+01
   7.0637770e+06   3.2409668e+01
   7.0638270e+06   3.0029297e+01
   7.0638370e+06   3.2043457e+01
   7.0946470e+06   2.9541016e+01
   7.1195760e+06   2.7282715e+01
   7.1196390e+06   2.7954102e+01
   7.1196550e+06   2.7465820e+01
   7.1535090e+06   2.8747559e+01
   7.1535840e+06   2.7709961e+01
   7.1538380e+06   2.7587891e+01
   7.1992430e+06   3.2287598e+01
   7.1993390e+06   3.3569336e+01
   7.2245070e+06   3.0700684e+01
   7.2320940e+06   2.8442383e+01
   7.2418750e+06   3.1494141e+01
   7.2426760e+06   2.7343750e+01
   7.2782330e+06   2.7465820e+01
   7.2785890e+06   2.7770996e+01
   7.2786830e+06   2.8625488e+01
   7.3119460e+06   3.1738281e+01
   7.3595600e+06   2.8320312e+01
   7.3600910e+06   3.0395508e+01
   7.3920070e+06   2.7770996e+01
   7.3923370e+06   2.7526855e+01
   7.4331140e+06   2.8503418e+01
   7.4333860e+06   2.9907227e+01
   7.4336270e+06   3.2409668e+01
   7.4338230e+06   3.0639648e+01
   7.4727680e+06   2.7709961e+01
   7.4728440e+06   2.7282715e+01
   7.5973380e+06   3.1799316e+01
   7.5974980e+06   3.4423828e+01
   7.5977630e+06   2.8625488e+01
   7.5978480e+06   2.8991699e+01
   7.5978930e+06   2.8625488e+01
   7.5981310e+06   2.7770996e+01
   7.6315120e+06   3.0090332e+01
   7.6315940e+06   3.1005859e+01
   7.6725460e+06   2.8503418e+01
   7.6725650e+06   3.2165527e+01
   7.7029550e+06   3.2165527e+01
   7.7193540e+06   3.0639648e+01
   7.7531530e+06   2.8686523e+01
   7.7742260e+06   2.9541016e+01
   7.7938370e+06   2.8686523e+01
   7.8117790e+06   2.7709961e+01
   7.8119230e+06   2.7404785e+01
   7.8240100e+06   2.7893066e+01
   7.8243030e+06   2.8015137e+01
   7.8370080e+06   3.1494141e+01
   7.8617390e+06   2.7526855e+01
   7.8619120e+06   3.0700684e+01
   7.8622290e+06   2.9357910e+01
   7.8716920e+06   2.9174805e+01
   7.8827960e+06   3.6254883e+01
   7.8933540e+06   2.8564453e+01
   7.9015980e+06   2.7709961e+01
   7.9228210e+06   2.9479980e+01
   7.9332290e+06   2.9907227e+01
   7.9431220e+06   2.7954102e+01
   7.9554310e+06   2.9663086e+01
   7.9555790e+06   2.8564453e+01
   7.9756130e+06   3.0944824e+01
   7.9761610e+06   2.8991699e+01
   7.9841790e+06   3.0151367e+01
   7.9936530e+06   2.9052734e+01
   7.9945600e+06   2.8137207e+01
   8.0132990e+06   3.0395508e+01
   8.0783000e+06   3.3874512e+01
   8.0791650e+06   3.0944824e+01
   8.0871990e+06   2.9907227e+01
   8.1084120e+06   3.1250000e+01
   8.1171020e+06   3.1494141e+01
   8.1176760e+06   2.9785156e+01
   8.1186140e+06   2.7526855e+01
   8.1435940e+06   2.8076172e+01
   8.1703490e+06   2.7709961e+01
   8.1707420e+06   2.8198242e+01
   8.1708460e+06   3.0456543e+01
   8.1901480e+06   3.2287598e+01
   8.1981330e+06   3.1616211e+01
   8.2228040e+06   3.4118652e+01
   8.2294990e+06   2.7648926e+01
   8.2583700e+06   2.7343750e+01
   8.2711760e+06   2.7587891e+01
   8.2788450e+06   2.9296875e+01
   8.3044190e+06   2.8259277e+01
   8.3118700e+06   2.7832031e+01
   8.3204920e+06   2.9724121e+01
   8.3354420e+06   2.7648926e+01
   8.3572640e+06   2.8198242e+01
   8.3824210e+06   3.0395508e+01
   8.3965970e+06   2.7526855e+01
   8.4046050e+06   2.7648926e+01
   8.4049450e+06   3.3630371e+01
   8.4132560e+06   3.0517578e+01
   8.4210360e+06   2.9235840e+01
   8.4294670e+06   2.7954102e+01
   8.4379030e+06   2.8015137e+01
   8.4381620e+06   2.7282715e+01
   8.4551600e+06   2.7343750e+01
   8.4655910e+06   2.7709961e+01
   8.4741230e+06   2.9296875e+01
   8.4871390e+06   2.9541016e+01
   8.5239460e+06   2.8625488e+01
   8.5292110e+06   2.7770996e+01
   8.5463730e+06   2.8930664e+01
   8.5464960e+06   3.2104492e+01
   8.5465270e+06   3.4484863e+01
   9.7874650e+06   3.4484863e+01
   9.7876200e+06   3.1982422e+01
   9.7877070e+06   3.2043457e+01
   9.8010960e+06   2.8564453e+01
   9.8316750e+06   3.4973145e+01
   9.8317190e+06   3.1677246e+01
   9.8678490e+06   3.2958984e+01
   9.8680140e+06   2.7587891e+01
   9.8681580e+06   2.7404785e+01
   9.9037710e+06   2.8930664e+01
   9.9352880e+06   3.0944824e+01
   9.9533970e+06   2.9785156e+01
   9.9925730e+06   2.8503418e+01
   9.9972120e+06   2.7526855e+01
   1.0019225e+07   3.6682129e+01
   1.0032845e+07   2.9724121e+01
   1.0068956e+07   2.8747559e+01
   1.0069999e+07   2.7526855e+01
   1.0070047e+07   2.7404785e+01
   1.0070109e+07   3.8024902e+01
   1.0102861e+07   2.9663086e+01
   1.0103734e+07   3.0578613e+01
   1.0104884e+07   3.0334473e+01
   1.0171603e+07   3.1127930e+01
   1.0171891e+07   2.9357910e+01
   1.0171940e+07   2.7404785e+01
   1.0171978e+07   2.8625488e+01
   1.0172069e+07   2.9113770e+01
   1.0221477e+07   2.8259277e+01
   1.0221916e+07   2.8320312e+01
   1.0222250e+07   2.9846191e+01
   1.0307637e+07   2.8991699e+01
   1.0308133e+07   2.8686523e+01
   1.0308219e+07   3.0944824e+01
   1.0948046e+07   3.0639648e+01
   1.0948078e+07   2.8198242e+01
   1.0948089e+07   4.3762207e+01
   1.0948179e+07   2.7587891e+01
   1.0948232e+07   2.9052734e+01
   1.1005653e+07   2.8564453e+01
   1.1008200e+07   2.8686523e+01
   1.1011252e+07   2.8381348e+01
   1.1015096e+07   2.7404785e+01
   1.1033245e+07   3.0456543e+01
   1.1033295e+07   3.3447266e+01
   1.1033434e+07   3.1311035e+01
   1.1056952e+07   2.7709961e+01
   1.1058550e+07   2.8747559e+01
   1.1058574e+07   3.2470703e+01
   1.1102782e+07   2.7832031e+01
   1.1120421e+07   2.7587891e+01
   1.1120441e+07   3.0273438e+01
   1.1120787e+07   2.9296875e+01
   1.1171774e+07   2.7404785e+01
   1.1221941e+07   3.0334473e+01
   1.1222088e+07   2.8137207e+01
   1.1222568e+07   2.9907227e+01
   1.1222682e+07   3.0822754e+01
   1.1222813e+07   2.8137207e+01
   1.1257801e+07   3.0273438e+01
   1.1279778e+07   3.0395508e+01
   1.1280036e+07   2.9663086e+01
   1.1292451e+07   2.9113770e+01
   1.1339114e+07   3.6560059e+01
   1.1346951e+07   2.8686523e+01
   1.1370177e+07   2.9418945e+01
   1.1385738e+07   3.2470703e+01
   1.1395788e+07   2.8808594e+01
   1.1396744e+07   2.8869629e+01
   1.1437240e+07   2.8137207e+01
   1.1455034e+07   2.9541016e+01
   1.1455358e+07   3.0639648e+01
   1.1455893e+07   2.7770996e+01
   1.1455978e+07   3.0029297e+01
   1.1456120e+07   2.9846191e+01
