   1.1999000e+07   0.0000000e+00
   9.8490000e+03   3.6071777e+01
   4.0321000e+04   3.6865234e+01
   3.1351000e+05   3.6926270e+01
   7.0294100e+05   4.0588379e+01
   1.4941240e+06   9.0332031e+01
   1.4941630e+06   3.6682129e+01
   1.4942310e+06   3.8208008e+01
   1.4942700e+06   3.7353516e+01
   1.5121460e+06   4.7729492e+01
   1.5230170e+06   3.6010742e+01
   1.5230870e+06   3.8269043e+01
   1.5232080e+06   3.6071777e+01
   1.5369980e+06   4.4128418e+01
   1.5370350e+06   5.4931641e+01
   1.5371490e+06   3.6499023e+01
   1.5509920e+06   3.9733887e+01
   1.5511400e+06   4.2541504e+01
   1.5659550e+06   3.7414551e+01
   1.5660750e+06   4.5654297e+01
   1.5661350e+06   4.0893555e+01
   1.5908120e+06   3.9733887e+01
   1.5909300e+06   3.9123535e+01
   1.6028730e+06   3.6193848e+01
   1.6176810e+06   3.6804199e+01
   1.6326630e+06   4.2297363e+01
   1.6640380e+06   3.6254883e+01
   1.6642840e+06   3.8818359e+01
   1.6751230e+06   4.0283203e+01
   1.6848270e+06   3.5949707e+01
   1.6970530e+06   4.0283203e+01
   1.7082970e+06   3.6315918e+01
   1.7202310e+06   3.9428711e+01
   1.7417600e+06   4.8034668e+01
   1.7536750e+06   4.3212891e+01
   1.7539240e+06   3.9611816e+01
   1.7649830e+06   3.5949707e+01
   1.7651110e+06   4.0405273e+01
   1.7877810e+06   3.6987305e+01
   1.7879400e+06   3.7902832e+01
   1.8123660e+06   5.2612305e+01
   1.8253790e+06   4.1137695e+01
   1.8635740e+06   4.0222168e+01
   1.8636360e+06   4.3395996e+01
   1.8637580e+06   4.8828125e+01
   1.8638410e+06   3.6437988e+01
   1.8849210e+06   4.1137695e+01
   1.9162040e+06   5.2062988e+01
   1.9163590e+06   3.6315918e+01
   1.9354000e+06   3.9672852e+01
   1.9355850e+06   3.6621094e+01
   1.9687670e+06   5.2124023e+01
   1.9891120e+06   4.0954590e+01
   2.0328610e+06   4.4433594e+01
   2.0329750e+06   4.9377441e+01
   2.1027740e+06   5.9020996e+01
   2.1028730e+06   3.6621094e+01
   2.6037600e+06   5.4626465e+01
   2.6037770e+06   3.6193848e+01
   2.6038330e+06   3.9062500e+01
   2.6039100e+06   3.8452148e+01
   2.6039350e+06   3.7048340e+01
   2.6211220e+06   4.1076660e+01
   2.6211540e+06   5.2734375e+01
   2.6212040e+06   3.7414551e+01
   2.6212530e+06   3.6560059e+01
   2.6769960e+06   3.9855957e+01
   2.6772780e+06   3.7048340e+01
   2.6917230e+06   3.7170410e+01
   2.6917490e+06   5.3710938e+01
   2.6918460e+06   4.1992188e+01
   2.7042170e+06   5.8715820e+01
   2.7043330e+06   3.8635254e+01
   2.7043450e+06   3.8757324e+01
   2.7348770e+06   4.8767090e+01
   2.7554790e+06   3.8085938e+01
   2.7555970e+06   3.5827637e+01
   2.7817470e+06   3.5888672e+01
   2.7818870e+06   4.5959473e+01
   2.7819990e+06   3.9184570e+01
   2.8018250e+06   4.3823242e+01
   2.8019980e+06   4.1748047e+01
   2.8246770e+06   3.6743164e+01
   2.8248520e+06   3.6865234e+01
   2.8248630e+06   3.9611816e+01
   2.8250040e+06   3.8696289e+01
   2.8471450e+06   5.7373047e+01
   2.8472590e+06   3.7109375e+01
   2.8473560e+06   3.9306641e+01
   2.8478340e+06   3.7048340e+01
   2.8704600e+06   3.8635254e+01
   2.8705660e+06   3.5705566e+01
   2.8707060e+06   4.2663574e+01
   2.8896750e+06   3.7109375e+01
   2.8898990e+06   4.2236328e+01
   2.9096550e+06   4.3273926e+01
   2.9097740e+06   4.7790527e+01
   2.9413510e+06   4.6142578e+01
   2.9753850e+06   5.2062988e+01
   2.9754820e+06   3.7292480e+01
   3.0005390e+06   3.8513184e+01
   3.0006050e+06   4.9255371e+01
   3.0007270e+06   3.9855957e+01
   3.0286840e+06   4.5349121e+01
   3.0287650e+06   4.2358398e+01
   3.0288140e+06   3.7536621e+01
   3.0288770e+06   4.2236328e+01
   3.0502950e+06   5.1208496e+01
   3.0504300e+06   4.0466309e+01
   3.0589750e+06   3.7902832e+01
   3.0778670e+06   3.6132812e+01
   3.1022700e+06   5.0781250e+01
   3.1024920e+06   3.6376953e+01
   3.1306110e+06   4.1992187e+01
   3.1307220e+06   4.0466309e+01
   3.8918590e+06   4.6508789e+01
   3.8918780e+06   4.1381836e+01
   3.8919190e+06   3.9489746e+01
   3.9089590e+06   3.6987305e+01
   3.9090570e+06   3.5888672e+01
   3.9239520e+06   3.7780762e+01
   3.9239660e+06   4.4921875e+01
   3.9240920e+06   4.9255371e+01
   3.9241550e+06   3.7841797e+01
   3.9241670e+06   3.5522461e+01
   3.9522980e+06   3.8513184e+01
   3.9524000e+06   3.5461426e+01
   3.9524150e+06   4.0466309e+01
   3.9650010e+06   3.8879395e+01
   3.9650170e+06   3.5766602e+01
   3.9651080e+06   4.5471191e+01
   3.9651190e+06   3.6010742e+01
   3.9652940e+06   3.5400391e+01
   3.9906380e+06   3.6865234e+01
   3.9906870e+06   3.8452148e+01
   3.9907560e+06   4.4921875e+01
   4.0417380e+06   4.0039062e+01
   4.0888150e+06   3.6865234e+01
   4.0889200e+06   3.5339355e+01
   4.1138600e+06   3.5949707e+01
   4.1139520e+06   3.6682129e+01
   4.1140100e+06   3.7231445e+01
   4.1358650e+06   4.7119141e+01
   4.1360250e+06   3.5827637e+01
   4.1577200e+06   4.0283203e+01
   4.1804860e+06   3.5522461e+01
   4.2189810e+06   3.8391113e+01
   4.2191080e+06   4.6508789e+01
   4.2474340e+06   4.3334961e+01
   4.2475700e+06   3.9428711e+01
   4.2701280e+06   4.2053223e+01
   4.2702570e+06   4.3945312e+01
   4.3026590e+06   4.2053223e+01
   4.3027930e+06   3.9001465e+01
   4.3028090e+06   4.0954590e+01
   4.3283690e+06   4.4799805e+01
   4.3284840e+06   4.3457031e+01
   4.3285900e+06   3.6621094e+01
   4.3517110e+06   4.2480469e+01
   4.3517910e+06   3.6743164e+01
   4.3519500e+06   4.1015625e+01
   4.3785700e+06   4.0405273e+01
   4.4054500e+06   4.3823242e+01
   5.3553420e+06   5.1208496e+01
   5.3553820e+06   4.3273926e+01
   5.3630210e+06   3.5522461e+01
   5.3811990e+06   4.7424316e+01
   5.3812230e+06   4.2724609e+01
   5.3813130e+06   4.2297363e+01
   5.4040880e+06   3.5583496e+01
   5.4041190e+06   3.9306641e+01
   5.4042150e+06   4.1442871e+01
   5.4043160e+06   3.7841797e+01
   5.4346310e+06   3.5766602e+01
   5.4346850e+06   4.2724609e+01
   5.4347850e+06   4.0466309e+01
   5.4348180e+06   3.6621094e+01
   5.4348450e+06   3.8208008e+01
   5.4673930e+06   3.5522461e+01
   5.4675660e+06   4.1992188e+01
   5.4675790e+06   3.5339355e+01
   5.4820010e+06   4.1809082e+01
   5.5014080e+06   3.6376953e+01
   5.5014310e+06   5.3161621e+01
   5.5218560e+06   3.5644531e+01
   5.5219320e+06   4.2602539e+01
   5.5219890e+06   4.1809082e+01
   5.5460590e+06   3.5522461e+01
   5.5461070e+06   3.8757324e+01
   5.5707610e+06   3.5705566e+01
   5.5709460e+06   3.7292480e+01
   5.5710580e+06   4.2236328e+01
   5.5710830e+06   4.0710449e+01
   5.5711430e+06   4.5715332e+01
   5.5712150e+06   3.6254883e+01
   5.5712900e+06   3.7109375e+01
   5.6194940e+06   4.4128418e+01
   5.6475310e+06   4.0405273e+01
   5.6476330e+06   4.0161133e+01
   5.6682910e+06   3.5400391e+01
   5.6683120e+06   3.6071777e+01
   5.6683750e+06   3.5949707e+01
   5.6909490e+06   3.9916992e+01
   5.7305600e+06   3.7170410e+01
   5.7651540e+06   3.5522461e+01
   5.7652670e+06   4.0405273e+01
   5.7944390e+06   4.1137695e+01
   5.7945660e+06   4.6325684e+01
   5.8281250e+06   4.4433594e+01
   5.8282950e+06   4.1015625e+01
   5.8284460e+06   3.6254883e+01
   5.8618850e+06   3.6132812e+01
   5.8619500e+06   4.4067383e+01
   5.8619720e+06   3.5339355e+01
   5.8620470e+06   3.6193848e+01
   5.9011640e+06   5.9020996e+01
   5.9012770e+06   3.9794922e+01
   5.9310640e+06   4.3457031e+01
   5.9312340e+06   4.7851562e+01
   5.9675930e+06   3.8452148e+01
   5.9676450e+06   5.4626465e+01
   5.9677530e+06   3.9550781e+01
   6.0156980e+06   3.7536621e+01
   6.0157500e+06   3.9733887e+01
   6.0158560e+06   3.7414551e+01
   6.0403460e+06   4.3579102e+01
   6.1048960e+06   3.5461426e+01
   6.8187340e+06   4.2236328e+01
   6.8187830e+06   3.6193848e+01
   6.8963220e+06   3.5888672e+01
   6.8963710e+06   5.4077148e+01
   6.9568090e+06   4.2053223e+01
   6.9568460e+06   4.1442871e+01
   6.9568840e+06   4.2175293e+01
   6.9792910e+06   3.9794922e+01
   6.9793640e+06   3.9794922e+01
   6.9794250e+06   3.6376953e+01
   7.0051200e+06   4.1137695e+01
   7.0051500e+06   3.8391113e+01
   7.0052180e+06   4.9743652e+01
   7.0352230e+06   3.6376953e+01
   7.0352530e+06   3.5827637e+01
   7.0353440e+06   4.5471191e+01
   7.0635570e+06   4.8095703e+01
   7.0636350e+06   4.1503906e+01
   7.0943750e+06   4.5776367e+01
   7.0944710e+06   3.8085938e+01
   7.1196190e+06   3.6193848e+01
   7.1196490e+06   3.5156250e+01
   7.1196870e+06   4.6875000e+01
   7.1533200e+06   3.5156250e+01
   7.1991440e+06   3.7353516e+01
   7.1992570e+06   3.5522461e+01
   7.1992720e+06   3.5217285e+01
   7.2423350e+06   3.7048340e+01
   7.2425730e+06   4.8095703e+01
   7.2426050e+06   3.9855957e+01
   7.2426670e+06   3.5156250e+01
   7.2785730e+06   3.6560059e+01
   7.2786810e+06   3.5461426e+01
   7.3599120e+06   5.6274414e+01
   7.3926040e+06   4.6813965e+01
   7.3927100e+06   4.3640137e+01
   7.3927790e+06   3.8574219e+01
   7.4336280e+06   4.5532227e+01
   7.4336390e+06   4.6325684e+01
   7.4337440e+06   3.7841797e+01
   7.4726030e+06   3.6682129e+01
   7.4727270e+06   3.9672852e+01
   7.4728210e+06   3.5766602e+01
   7.4728760e+06   3.8024902e+01
   7.5977720e+06   8.4655762e+01
   7.5978400e+06   3.5461426e+01
   7.5978670e+06   4.1503906e+01
   7.5979460e+06   3.7780762e+01
   7.5979930e+06   3.5827637e+01
   7.6313540e+06   4.0100098e+01
   7.6314380e+06   4.1748047e+01
   7.6316730e+06   3.5217285e+01
   7.6728800e+06   3.6743164e+01
   7.6729310e+06   4.2358398e+01
   7.6730070e+06   4.0039062e+01
   7.7035950e+06   4.2907715e+01
   7.7036060e+06   4.1137695e+01
   7.7036770e+06   3.9367676e+01
   7.7036950e+06   3.7841797e+01
   7.7526370e+06   4.2236328e+01
   7.7527160e+06   4.2785645e+01
   8.1706130e+06   4.4982910e+01
   8.1706900e+06   3.8513184e+01
   8.4868180e+06   4.6142578e+01
   8.4868930e+06   4.0344238e+01
   8.4869490e+06   6.3293457e+01
   8.4870420e+06   4.0466309e+01
   8.5462960e+06   4.9316406e+01
   8.5463180e+06   4.3212891e+01
   8.5464010e+06   4.1259766e+01
   8.5485610e+06   3.5400391e+01
   9.0334090e+06   3.5888672e+01
   9.7876490e+06   3.7658691e+01
   9.8316010e+06   3.9001465e+01
   9.8678060e+06   5.1208496e+01
   9.8678610e+06   3.6315918e+01
   9.8679090e+06   4.1381836e+01
   9.9035650e+06   3.7902832e+01
   9.9036670e+06   4.0954590e+01
   9.9036910e+06   3.8391113e+01
   9.9534150e+06   4.1259766e+01
   9.9535260e+06   3.6621094e+01
   1.0019119e+07   4.9743652e+01
   1.0019141e+07   3.6193848e+01
   1.0019185e+07   3.6437988e+01
   1.0019218e+07   4.1503906e+01
   1.0019267e+07   3.7109375e+01
   1.0069867e+07   5.1757812e+01
   1.0069962e+07   3.8635254e+01
   1.0069973e+07   5.9692383e+01
   1.0070101e+07   3.5522461e+01
   1.0171795e+07   4.8828125e+01
   1.0171906e+07   3.6804199e+01
   1.0171984e+07   4.0771484e+01
   1.0222200e+07   4.0039062e+01
   1.0222221e+07   4.7241211e+01
   1.0222311e+07   4.8156738e+01
   1.0308038e+07   4.0039062e+01
   1.0308065e+07   4.2907715e+01
   1.0308108e+07   3.6865234e+01
   1.0948041e+07   4.2053223e+01
   1.0948088e+07   3.9428711e+01
   1.0948103e+07   4.4067383e+01
   1.1033236e+07   3.9001465e+01
   1.1033266e+07   3.6437988e+01
   1.1033373e+07   3.6132812e+01
   1.1058445e+07   4.0893555e+01
   1.1120225e+07   3.5583496e+01
   1.1120399e+07   4.9316406e+01
   1.1120437e+07   4.9621582e+01
   1.1120511e+07   4.5288086e+01
   1.1222605e+07   5.0964355e+01
   1.1222679e+07   4.8706055e+01
   1.1300951e+07   3.6743164e+01
   1.1301036e+07   3.6926270e+01
   1.1396307e+07   4.4067383e+01
   1.1396494e+07   4.1442871e+01
   1.1455801e+07   5.1147461e+01
   1.1455859e+07   3.7231445e+01
   1.1455891e+07   3.8635254e+01
   1.1455973e+07   4.1748047e+01
