   1.1996000e+07   0.0000000e+00
   8.1664000e+04   4.0039062e+01
   8.1873000e+04   3.6254883e+01
   3.9892200e+05   3.6010742e+01
   4.7062000e+05   4.1625977e+01
   4.7181100e+05   3.7109375e+01
   6.3639300e+05   3.5278320e+01
   6.3646000e+05   3.5461426e+01
   6.3652700e+05   3.7231445e+01
   6.3659100e+05   3.6315918e+01
   6.6140800e+05   3.7902832e+01
   6.6165700e+05   3.6132812e+01
   6.6169100e+05   3.6621094e+01
   6.8012700e+05   3.9428711e+01
   6.9424100e+05   3.7292480e+01
   7.0795900e+05   3.8330078e+01
   7.0903000e+05   3.5888672e+01
   7.3062500e+05   3.5644531e+01
   7.3064000e+05   3.7841797e+01
   7.3070500e+05   3.6682129e+01
   7.4368300e+05   3.7658691e+01
   7.7169100e+05   4.0039062e+01
   7.7181000e+05   3.8452148e+01
   7.7187500e+05   3.6621094e+01
   7.7195300e+05   3.7658691e+01
   7.8564100e+05   3.5400391e+01
   7.8571300e+05   4.3640137e+01
   7.8575800e+05   3.5278320e+01
   8.8492700e+05   3.9001465e+01
   9.1608900e+05   3.5522461e+01
   9.1617600e+05   3.6682129e+01
   9.1629100e+05   4.0588379e+01
   9.4673200e+05   3.5888672e+01
   9.4681300e+05   3.6071777e+01
   9.4707100e+05   3.6987305e+01
   9.7963600e+05   3.7963867e+01
   9.7977600e+05   3.5217285e+01
   9.7990600e+05   3.5766602e+01
   1.0093220e+06   3.5217285e+01
   1.0506890e+06   3.5217285e+01
   1.2452670e+06   3.6804199e+01
   1.4365930e+06   3.8208008e+01
   1.4746880e+06   4.1381836e+01
   1.4747080e+06   3.6315918e+01
   1.4749070e+06   4.2846680e+01
   1.6073640e+06   3.8757324e+01
   1.6122680e+06   3.7841797e+01
   1.7369340e+06   3.8085938e+01
   1.7378860e+06   3.6499023e+01
   1.8577970e+06   3.5400391e+01
   1.8580480e+06   3.7780762e+01
   1.9709560e+06   3.6437988e+01
   1.9756030e+06   3.9672852e+01
   2.0266820e+06   3.6071777e+01
   2.1833950e+06   3.5522461e+01
   2.2897750e+06   3.9306641e+01
   2.6219980e+06   3.9123535e+01
   2.6242320e+06   4.0405273e+01
   2.6399470e+06   4.2114258e+01
   2.6400840e+06   3.6254883e+01
   2.6672700e+06   3.5156250e+01
   2.6959170e+06   3.7353516e+01
   2.6959550e+06   3.7170410e+01
   2.6981730e+06   3.7414551e+01
   2.7317920e+06   3.8940430e+01
   2.7320580e+06   3.8513184e+01
   2.7749710e+06   3.5705566e+01
   2.7750990e+06   3.6193848e+01
   2.7753070e+06   3.8818359e+01
   2.8049120e+06   4.2114258e+01
   2.8744970e+06   3.8757324e+01
   2.8747600e+06   4.1137695e+01
   2.9057810e+06   3.5949707e+01
   2.9058050e+06   3.6193848e+01
   2.9058490e+06   3.7719727e+01
   2.9058690e+06   3.7170410e+01
   2.9059230e+06   3.9916992e+01
   2.9060000e+06   3.5400391e+01
   2.9348000e+06   3.6499023e+01
   2.9348770e+06   4.1381836e+01
   3.2125570e+06   3.5095215e+01
   3.2313420e+06   3.5461426e+01
   3.2314230e+06   3.7231445e+01
   3.3474560e+06   3.6926270e+01
   3.6197220e+06   3.8940430e+01
   3.6210560e+06   3.6376953e+01
   3.6765060e+06   3.6926270e+01
   3.6765390e+06   4.1870117e+01
   3.7521020e+06   3.6804199e+01
   3.7522310e+06   4.1687012e+01
   3.7840160e+06   3.5583496e+01
   3.7840460e+06   3.9428711e+01
   3.8188390e+06   3.6376953e+01
   3.8188630e+06   3.5644531e+01
   3.8189060e+06   4.2175293e+01
   3.8963350e+06   3.7597656e+01
   3.9353720e+06   3.6560059e+01
   3.9354580e+06   3.9550781e+01
   3.9355510e+06   3.7353516e+01
   3.9355940e+06   3.6254883e+01
   3.9591180e+06   3.6071777e+01
   3.9591860e+06   4.2785645e+01
   3.9615910e+06   3.5095215e+01
   3.9793490e+06   3.5217285e+01
   3.9976220e+06   4.0954590e+01
   3.9976730e+06   3.9306641e+01
   3.9976970e+06   3.9855957e+01
   3.9977780e+06   3.5034180e+01
   3.9979370e+06   3.5095215e+01
   4.0483270e+06   3.6499023e+01
   4.0485030e+06   3.7475586e+01
   4.2594530e+06   3.5217285e+01
   4.2644210e+06   3.5644531e+01
   4.5976710e+06   3.5400391e+01
   4.5978910e+06   3.5461426e+01
   4.5980120e+06   3.6499023e+01
   4.6320690e+06   3.9733887e+01
   4.6321930e+06   3.6499023e+01
   4.6766560e+06   4.2785645e+01
   4.6767420e+06   3.6865234e+01
   4.6963600e+06   3.7536621e+01
   4.7474160e+06   3.8146973e+01
   4.7474620e+06   3.6193848e+01
   4.7767650e+06   3.7658691e+01
   4.7769500e+06   3.6132812e+01
   4.7782200e+06   3.7292480e+01
   5.0314310e+06   3.8330078e+01
   5.0324800e+06   3.6071777e+01
   5.1061780e+06   3.5705566e+01
   5.3152360e+06   3.6315918e+01
   5.3173420e+06   3.8574219e+01
   5.5768080e+06   3.5034180e+01
   5.5779380e+06   3.6315918e+01
   5.7495670e+06   3.5949707e+01
   5.8576410e+06   3.7048340e+01
   5.8577810e+06   5.6701660e+01
   5.8578280e+06   3.8024902e+01
   5.8870270e+06   3.6682129e+01
   5.8988790e+06   3.5217285e+01
   5.9099760e+06   3.9428711e+01
   5.9101700e+06   3.4973145e+01
   5.9228140e+06   3.7597656e+01
   5.9228420e+06   3.6560059e+01
   5.9229430e+06   4.7058105e+01
   5.9341170e+06   3.7353516e+01
   5.9343890e+06   4.2358398e+01
   5.9489420e+06   3.7231445e+01
   5.9754960e+06   3.6621094e+01
   5.9756660e+06   3.5156250e+01
   5.9895670e+06   3.8024902e+01
   6.0078710e+06   5.1757812e+01
   6.1006400e+06   3.5156250e+01
   6.7598840e+06   3.5400391e+01
   6.8121480e+06   3.5949707e+01
   6.8123670e+06   3.6621094e+01
   6.8365150e+06   3.5400391e+01
   6.8366080e+06   3.5583496e+01
   6.8366300e+06   3.7902832e+01
   7.0160490e+06   4.2236328e+01
   7.0161350e+06   3.5217285e+01
   7.0161750e+06   4.0771484e+01
   7.0163000e+06   3.5827637e+01
   7.1749990e+06   4.1931152e+01
   7.3197290e+06   3.6804199e+01
   7.3197400e+06   3.5278320e+01
   7.3199730e+06   3.9794922e+01
   7.3427530e+06   3.5461426e+01
   7.3534260e+06   3.8452148e+01
   7.3536380e+06   4.1687012e+01
   7.3538180e+06   3.5705566e+01
   7.3692040e+06   4.7851562e+01
   7.3982440e+06   3.5400391e+01
   7.3983170e+06   4.2175293e+01
   7.4933130e+06   3.6682129e+01
   7.4933600e+06   4.2907715e+01
   7.4934840e+06   3.8269043e+01
   7.5173520e+06   3.5522461e+01
   7.5174470e+06   3.9855957e+01
   7.5174720e+06   3.7231445e+01
   7.5610800e+06   3.5278320e+01
   7.5611670e+06   3.6010742e+01
   7.5781970e+06   4.3518066e+01
   7.5784000e+06   3.5766602e+01
   7.5977650e+06   3.9123535e+01
   7.7537020e+06   3.7536621e+01
   8.0362340e+06   3.6621094e+01
   8.2730340e+06   3.8208008e+01
   8.3443900e+06   3.8024902e+01
   8.4623490e+06   3.9184570e+01
   8.5783420e+06   3.8269043e+01
   9.0579680e+06   3.5095215e+01
   9.2395950e+06   3.6071777e+01
   9.2396430e+06   3.4484863e+01
   9.2397410e+06   3.4851074e+01
   9.2398260e+06   3.4667969e+01
   9.2554810e+06   3.7170410e+01
   9.2555540e+06   3.4790039e+01
   9.2555940e+06   4.2175293e+01
   9.2556720e+06   3.6621094e+01
   9.2564120e+06   3.9978027e+01
   9.2566950e+06   3.5339355e+01
   9.2684170e+06   3.4973145e+01
   9.2685160e+06   3.4973145e+01
   9.2685640e+06   3.4484863e+01
   9.2686040e+06   4.6081543e+01
   9.2811060e+06   3.8146973e+01
   9.2812000e+06   3.8452148e+01
   9.2812430e+06   3.5888672e+01
   9.2812560e+06   4.1137695e+01
   9.2813780e+06   3.5339355e+01
   9.2925090e+06   3.9916992e+01
   9.2925660e+06   4.0954590e+01
   9.2926050e+06   3.6743164e+01
   9.2926330e+06   3.8513184e+01
   9.3028080e+06   3.4912109e+01
   9.3140240e+06   4.1687012e+01
   9.3140380e+06   3.5583496e+01
   9.3140630e+06   3.5583496e+01
   9.3141430e+06   3.7170410e+01
   9.3358400e+06   3.5949707e+01
   9.3360390e+06   3.9428711e+01
   9.3361290e+06   3.4667969e+01
   9.3513750e+06   3.4667969e+01
   9.3514100e+06   3.5888672e+01
   9.3514620e+06   3.5644531e+01
   9.3515910e+06   3.6926270e+01
   9.3634750e+06   3.5278320e+01
   9.3635470e+06   3.6437988e+01
   9.3928450e+06   3.5522461e+01
   9.3930480e+06   4.0283203e+01
   9.3930980e+06   3.8757324e+01
   9.3933240e+06   3.6132812e+01
   9.5591310e+06   3.5766602e+01
   9.5593450e+06   4.1870117e+01
   1.0012349e+07   3.4545898e+01
   1.0118355e+07   3.9184570e+01
   1.0205024e+07   3.7658691e+01
   1.0205082e+07   3.5522461e+01
   1.0205147e+07   3.8574219e+01
   1.0205213e+07   3.5766602e+01
   1.0205383e+07   3.5583496e+01
   1.0236349e+07   3.6071777e+01
   1.0236481e+07   3.7475586e+01
   1.0237351e+07   3.4606934e+01
   1.0250366e+07   3.5217285e+01
   1.0250429e+07   3.4606934e+01
   1.0250578e+07   3.6193848e+01
   1.0261307e+07   3.7170410e+01
   1.0274442e+07   3.5217285e+01
   1.0275477e+07   3.6499023e+01
   1.0288462e+07   3.6437988e+01
   1.0300262e+07   3.5949707e+01
   1.0300327e+07   3.5217285e+01
   1.0300371e+07   3.7841797e+01
   1.0300405e+07   4.2480469e+01
   1.0312853e+07   3.8391113e+01
   1.0316686e+07   3.6010742e+01
   1.0326567e+07   3.4606934e+01
   1.0326603e+07   4.1809082e+01
   1.0326774e+07   4.0222168e+01
   1.0359520e+07   3.4667969e+01
   1.0359642e+07   3.7292480e+01
   1.0373655e+07   3.5522461e+01
   1.0423005e+07   3.9001465e+01
   1.0423099e+07   3.5827637e+01
   1.0423119e+07   3.8452148e+01
   1.0423184e+07   4.1259766e+01
   1.0927315e+07   3.5827637e+01
   1.0927732e+07   3.4851074e+01
   1.0949022e+07   3.4973145e+01
   1.0949039e+07   3.5522461e+01
   1.0949165e+07   4.7241211e+01
   1.0949198e+07   3.7536621e+01
   1.1058191e+07   3.6071777e+01
   1.1058270e+07   3.4484863e+01
   1.1058349e+07   3.5339355e+01
   1.1058474e+07   3.4973145e+01
   1.1058514e+07   3.5461426e+01
   1.1078149e+07   3.4545898e+01
   1.1080433e+07   4.7485352e+01
   1.1080505e+07   3.6621094e+01
   1.1135037e+07   4.1687012e+01
   1.1135158e+07   4.3762207e+01
   1.1135239e+07   3.4423828e+01
   1.1148151e+07   3.5400391e+01
   1.1159949e+07   3.9306641e+01
   1.1160030e+07   3.7109375e+01
   1.1160071e+07   4.0466309e+01
   1.1160214e+07   3.5156250e+01
   1.1172230e+07   3.6682129e+01
   1.1172423e+07   3.7170410e+01
   1.1188953e+07   3.4484863e+01
   1.1201023e+07   3.8024902e+01
   1.1213832e+07   3.8024902e+01
   1.1213935e+07   3.6926270e+01
   1.1214028e+07   3.9794922e+01
   1.1229818e+07   3.4545898e+01
   1.1722300e+07   3.4790039e+01
