   1.1996000e+07   0.0000000e+00
   1.4748770e+06   3.3386230e+01
   3.7146430e+06   3.3447266e+01
   3.7688020e+06   3.2592773e+01
   4.0290810e+06   3.2348633e+01
   4.7240960e+06   3.2836914e+01
   4.9178580e+06   3.2897949e+01
   5.5484180e+06   3.3020020e+01
   6.1506450e+06   3.2531738e+01
   6.5558940e+06   3.3569336e+01
   6.6927050e+06   3.2531738e+01
   7.3059300e+06   3.3264160e+01
   7.3167700e+06   3.2958984e+01
   7.3691750e+06   3.3020020e+01
   7.5285060e+06   3.3081055e+01
   7.6921550e+06   3.2897949e+01
   8.1425070e+06   3.3264160e+01
   9.1518900e+06   3.3447266e+01
   1.0171212e+07   3.2836914e+01
   1.0312907e+07   3.6499023e+01
   1.0423142e+07   3.6010742e+01
   1.1189189e+07   3.3874512e+01
