   1.1996000e+07   0.0000000e+00
   8.1785000e+04   3.4912109e+01
   6.3667500e+05   3.6132813e+01
   6.6167700e+05   3.5827637e+01
   6.8012100e+05   3.5095215e+01
   6.8023100e+05   3.5156250e+01
   6.8028500e+05   3.6621094e+01
   6.9405600e+05   3.6743164e+01
   6.9410100e+05   3.4606934e+01
   6.9427600e+05   3.6132812e+01
   7.4370700e+05   3.6987305e+01
   7.7190300e+05   3.6437988e+01
   7.7198700e+05   3.7109375e+01
   7.8563600e+05   3.6987305e+01
   8.3340000e+05   3.7536621e+01
   8.3366600e+05   3.6010742e+01
   8.8512000e+05   3.4851074e+01
   8.8522500e+05   3.6621094e+01
   9.7973900e+05   3.9916992e+01
   9.7988900e+05   3.8757324e+01
   1.8581330e+06   3.4545898e+01
   2.5800550e+06   3.5339355e+01
   2.5800750e+06   3.6499023e+01
   2.6088240e+06   3.5339355e+01
   2.6089090e+06   3.9062500e+01
   2.6089450e+06   3.9123535e+01
   2.6219010e+06   3.4667969e+01
   2.6399310e+06   3.4301758e+01
   2.6400560e+06   3.8146973e+01
   2.6400670e+06   3.6071777e+01
   2.6532730e+06   4.0161133e+01
   2.6533140e+06   3.7048340e+01
   2.6676010e+06   3.4545898e+01
   2.6817850e+06   3.6376953e+01
   2.6958960e+06   3.7719727e+01
   2.7750990e+06   3.4057617e+01
   2.7751130e+06   3.6560059e+01
   2.8047440e+06   3.4484863e+01
   2.8049100e+06   3.8940430e+01
   2.8447060e+06   3.5888672e+01
   2.9058790e+06   3.8696289e+01
   2.9349540e+06   3.9367676e+01
   3.2313790e+06   3.5644531e+01
   3.6199320e+06   3.7231445e+01
   3.6199970e+06   3.4790039e+01
   3.6769020e+06   3.9245605e+01
   3.7141730e+06   3.8879395e+01
   3.7143950e+06   3.5034180e+01
   3.7663340e+06   3.8879395e+01
   3.7840270e+06   3.4973145e+01
   3.7842320e+06   3.9123535e+01
   3.8319980e+06   3.7902832e+01
   3.8964000e+06   3.5461426e+01
   3.8964590e+06   4.2663574e+01
   3.9354580e+06   4.3579102e+01
   3.9354940e+06   3.5522461e+01
   3.9593650e+06   4.1198730e+01
   3.9979390e+06   3.7353516e+01
   4.5730480e+06   3.9001465e+01
   4.6320720e+06   3.7719727e+01
   4.6321340e+06   4.3395996e+01
   4.6648660e+06   3.6926270e+01
   4.6649250e+06   3.9794922e+01
   4.6963350e+06   3.8146973e+01
   4.7297610e+06   3.4790039e+01
   4.7769550e+06   3.4912109e+01
   4.7769930e+06   3.5827637e+01
   4.9016840e+06   3.6010742e+01
   5.8577020e+06   3.4912109e+01
   5.8868940e+06   3.5461426e+01
   5.8869250e+06   3.7414551e+01
   5.8869530e+06   3.5278320e+01
   5.9343020e+06   3.8330078e+01
   5.9488870e+06   3.8635254e+01
   5.9756500e+06   3.5522461e+01
   5.9756970e+06   3.6010742e+01
   5.9894520e+06   3.5400391e+01
   6.0078690e+06   3.6865234e+01
   6.8366310e+06   4.0832520e+01
   6.8366560e+06   3.5461426e+01
   6.9662540e+06   3.4484863e+01
   7.0161230e+06   3.5217285e+01
   7.0163280e+06   3.5156250e+01
   7.3051820e+06   3.4057617e+01
   7.3052300e+06   4.4555664e+01
   7.3052980e+06   3.9978027e+01
   7.3053230e+06   3.5339355e+01
   7.3053520e+06   3.4423828e+01
   7.3054200e+06   3.4057617e+01
   7.3198040e+06   3.6010742e+01
   7.3198570e+06   4.7607422e+01
   7.3333200e+06   3.9733887e+01
   7.3334640e+06   3.6071777e+01
   7.3692740e+06   3.7292480e+01
   7.3694670e+06   3.4606934e+01
   7.3843860e+06   3.4729004e+01
   7.4934850e+06   3.7353516e+01
   7.5173850e+06   3.8635254e+01
   7.5175390e+06   3.4423828e+01
   7.5612910e+06   3.7292480e+01
   8.4623690e+06   3.4057617e+01
   9.2687550e+06   3.8818359e+01
   9.2810600e+06   3.6376953e+01
   9.2810730e+06   3.8879395e+01
   9.2924710e+06   3.6193848e+01
   9.3028670e+06   3.5827637e+01
   9.3139990e+06   3.4851074e+01
   9.3251020e+06   3.9367676e+01
   9.3515250e+06   4.1564941e+01
   9.3517280e+06   3.5339355e+01
   9.3928680e+06   3.4729004e+01
   9.3929630e+06   3.4912109e+01
   9.3930640e+06   3.7353516e+01
   9.5324620e+06   3.4606934e+01
   9.5325570e+06   4.5654297e+01
   9.5592000e+06   3.7475586e+01
   1.0236391e+07   3.6865234e+01
   1.0261543e+07   3.4790039e+01
   1.0288412e+07   3.5583496e+01
   1.0313031e+07   3.7536621e+01
   1.0326609e+07   3.7414551e+01
   1.0326731e+07   3.7902832e+01
   1.0359507e+07   3.5095215e+01
   1.0359644e+07   4.1992188e+01
   1.0423034e+07   3.5095215e+01
   1.0423138e+07   3.4973145e+01
   1.0927288e+07   3.7597656e+01
   1.0927307e+07   4.0344238e+01
   1.1058194e+07   3.6193848e+01
   1.1058507e+07   3.5095215e+01
   1.1080496e+07   3.5278320e+01
   1.1080511e+07   3.6804199e+01
   1.1135075e+07   4.1687012e+01
   1.1135177e+07   3.5705566e+01
   1.1148048e+07   3.6193848e+01
   1.1172293e+07   3.4606934e+01
   1.1200980e+07   3.4423828e+01
