   1.1996000e+07   0.0000000e+00
   8.9400000e+02   3.0517578e+01
   3.1214000e+04   4.9316406e+01
   3.1760000e+04   3.0578613e+01
   3.5464000e+04   3.1494141e+01
   3.5840000e+04   3.9306641e+01
   8.1707000e+04   3.0883789e+01
   8.1724000e+04   3.0578613e+01
   8.1741000e+04   4.8278809e+01
   8.1773000e+04   3.7719727e+01
   8.1786000e+04   4.6752930e+01
   8.1804000e+04   3.3813477e+01
   8.1856000e+04   3.6682129e+01
   8.1883000e+04   3.1188965e+01
   8.1924000e+04   3.9733887e+01
   8.1943000e+04   3.0761719e+01
   1.3058100e+05   3.1066895e+01
   1.5759900e+05   6.1950684e+01
   1.5928300e+05   3.3142090e+01
   1.5929300e+05   3.9672852e+01
   1.5936500e+05   3.0578613e+01
   1.7613500e+05   3.6132812e+01
   1.8778800e+05   4.9316406e+01
   1.8780600e+05   3.2714844e+01
   1.8865400e+05   4.7119141e+01
   1.8907300e+05   3.7902832e+01
   2.3269100e+05   3.3935547e+01
   2.4386700e+05   3.8940430e+01
   2.5600000e+05   3.0578613e+01
   2.5602700e+05   3.1311035e+01
   2.5629000e+05   3.8330078e+01
   2.5750400e+05   5.5603027e+01
   2.6767700e+05   3.2043457e+01
   3.6123400e+05   4.6325684e+01
   3.6140500e+05   3.8085938e+01
   3.6142000e+05   4.3090820e+01
   3.6189200e+05   5.7067871e+01
   3.6548600e+05   3.1372070e+01
   6.3634700e+05   3.0944824e+01
   6.3645100e+05   3.1127930e+01
   6.3647000e+05   3.8085938e+01
   6.3649300e+05   3.5278320e+01
   6.3650700e+05   3.2165527e+01
   6.3656000e+05   4.1503906e+01
   6.3662100e+05   3.2958984e+01
   6.3664600e+05   3.7780762e+01
   6.3673800e+05   3.0395508e+01
   6.6147300e+05   3.1188965e+01
   6.6153000e+05   5.9143066e+01
   6.6154700e+05   3.7048340e+01
   6.6157400e+05   3.5644531e+01
   6.6159600e+05   3.4667969e+01
   6.6161700e+05   3.5461426e+01
   6.6172300e+05   3.0578613e+01
   6.6291300e+05   3.1188965e+01
   6.6299400e+05   3.0578613e+01
   6.6331500e+05   3.3691406e+01
   6.7996700e+05   3.0578613e+01
   6.8005400e+05   4.2175293e+01
   6.8007300e+05   3.0944824e+01
   6.8012600e+05   3.9245605e+01
   6.8014000e+05   4.1076660e+01
   6.8019200e+05   3.7170410e+01
   6.8021500e+05   3.4057617e+01
   6.8025800e+05   3.3447266e+01
   6.8031700e+05   3.3264160e+01
   6.8035300e+05   3.3264160e+01
   6.8042100e+05   3.5034180e+01
   6.8083400e+05   3.1311035e+01
   6.8111500e+05   3.0578613e+01
   6.8178000e+05   3.2043457e+01
   6.9397600e+05   3.3386230e+01
   6.9398800e+05   3.7902832e+01
   6.9409500e+05   3.1616211e+01
   6.9411500e+05   4.5593262e+01
   6.9416800e+05   3.1738281e+01
   6.9423200e+05   3.3325195e+01
   6.9427400e+05   3.1921387e+01
   6.9428500e+05   3.6010742e+01
   6.9439600e+05   3.1921387e+01
   6.9624600e+05   3.4912109e+01
   6.9699300e+05   3.4667969e+01
   6.9735000e+05   3.0456543e+01
   7.0757900e+05   3.0700684e+01
   7.0761200e+05   3.1005859e+01
   7.0763500e+05   3.6621094e+01
   7.0772100e+05   4.6203613e+01
   7.0779900e+05   3.1127930e+01
   7.0783100e+05   5.1635742e+01
   7.0785900e+05   3.3447266e+01
   7.0790600e+05   3.8574219e+01
   7.0794100e+05   3.3325195e+01
   7.0795900e+05   3.1433105e+01
   7.0810000e+05   4.0832520e+01
   7.0816000e+05   3.4179688e+01
   7.0985300e+05   3.7658691e+01
   7.1007800e+05   3.3020020e+01
   7.1077500e+05   3.6804199e+01
   7.3033300e+05   4.2175293e+01
   7.3036900e+05   3.5461426e+01
   7.3046700e+05   3.3996582e+01
   7.3048500e+05   3.4545898e+01
   7.3052000e+05   3.1677246e+01
   7.3056700e+05   3.0395508e+01
   7.3058900e+05   3.7353516e+01
   7.3061200e+05   3.5339355e+01
   7.3063400e+05   3.1188965e+01
   7.3065600e+05   3.1921387e+01
   7.3070000e+05   3.0395508e+01
   7.3071500e+05   3.5156250e+01
   7.3073100e+05   3.2897949e+01
   7.3076300e+05   3.7963867e+01
   7.3080700e+05   3.2592773e+01
   7.3085400e+05   3.0212402e+01
   7.3203500e+05   3.3813477e+01
   7.3231000e+05   3.2348633e+01
   7.3248700e+05   3.2592773e+01
   7.3281500e+05   3.1066895e+01
   7.3331100e+05   4.1198730e+01
   7.4334400e+05   4.9133301e+01
   7.4347000e+05   3.0944824e+01
   7.4354500e+05   3.4973145e+01
   7.4370100e+05   3.2348633e+01
   7.4376800e+05   3.8085938e+01
   7.4378500e+05   4.1992188e+01
   7.4381600e+05   3.8391113e+01
   7.4466800e+05   3.0334473e+01
   7.4506000e+05   3.9001465e+01
   7.4548300e+05   3.0334473e+01
   7.4587500e+05   3.1250000e+01
   7.4624200e+05   3.9428711e+01
   7.7160700e+05   3.2592773e+01
   7.7162500e+05   4.3212891e+01
   7.7166500e+05   3.4301758e+01
   7.7171200e+05   3.0151367e+01
   7.7172900e+05   3.9978027e+01
   7.7175500e+05   3.2836914e+01
   7.7186400e+05   3.1188965e+01
   7.7190100e+05   3.7231445e+01
   7.7192000e+05   3.0456543e+01
   7.7198200e+05   3.3447266e+01
   7.7199700e+05   3.2348633e+01
   7.7204000e+05   3.3935547e+01
   7.7232800e+05   3.3874512e+01
   7.7353700e+05   3.8085938e+01
   7.7406300e+05   3.5827637e+01
   7.8548400e+05   4.9194336e+01
   7.8556000e+05   3.1250000e+01
   7.8566700e+05   3.5278320e+01
   7.8569200e+05   3.2287598e+01
   7.8577300e+05   3.0517578e+01
   7.8584100e+05   3.1250000e+01
   7.8586200e+05   3.0822754e+01
   7.8589900e+05   3.0395508e+01
   7.8652600e+05   3.8818359e+01
   7.8701500e+05   3.2104492e+01
   7.8775600e+05   3.1372070e+01
   8.3338200e+05   6.2438965e+01
   8.3343800e+05   3.9245605e+01
   8.3348500e+05   3.0700684e+01
   8.3352100e+05   3.1494141e+01
   8.3353200e+05   3.5705566e+01
   8.3357700e+05   3.1555176e+01
   8.3359900e+05   3.2714844e+01
   8.3362000e+05   3.7719727e+01
   8.3368300e+05   3.0517578e+01
   8.3654800e+05   4.0405273e+01
   8.8481600e+05   3.5278320e+01
   8.8487600e+05   6.4819336e+01
   8.8488800e+05   4.8461914e+01
   8.8494000e+05   3.5644531e+01
   8.8497600e+05   3.1311035e+01
   8.8501700e+05   4.2175293e+01
   8.8503000e+05   3.0212402e+01
   8.8511300e+05   3.0700684e+01
   8.8516800e+05   3.2043457e+01
   8.8520200e+05   3.0212402e+01
   8.8668600e+05   3.3020020e+01
   9.1587600e+05   3.1372070e+01
   9.1588600e+05   4.1137695e+01
   9.1593700e+05   5.9875488e+01
   9.1596500e+05   3.1311035e+01
   9.1601000e+05   4.7729492e+01
   9.1606200e+05   3.6254883e+01
   9.1609300e+05   3.4973145e+01
   9.1614500e+05   3.4057617e+01
   9.1617800e+05   4.7424316e+01
   9.1625100e+05   3.1188965e+01
   9.1640100e+05   3.3081055e+01
   9.1701700e+05   3.0395508e+01
   9.1745700e+05   3.2897949e+01
   9.1763000e+05   3.2531738e+01
   9.4659200e+05   3.1738281e+01
   9.4662500e+05   3.4912109e+01
   9.4668600e+05   6.3720703e+01
   9.4677300e+05   5.2001953e+01
   9.4678400e+05   3.4545898e+01
   9.4683100e+05   3.0700684e+01
   9.4685500e+05   4.6020508e+01
   9.4689900e+05   3.6560059e+01
   9.4696200e+05   3.2043457e+01
   9.4712200e+05   3.5888672e+01
   9.4764600e+05   3.3752441e+01
   9.7958300e+05   3.1860352e+01
   9.7963000e+05   4.3029785e+01
   9.7966600e+05   3.1433105e+01
   9.7968100e+05   3.6804199e+01
   9.7969100e+05   3.9550781e+01
   9.7972100e+05   3.0517578e+01
   9.7975700e+05   3.1188965e+01
   9.7980800e+05   3.1494141e+01
   9.7988300e+05   3.1372070e+01
   9.7989700e+05   3.3386230e+01
   9.8064300e+05   3.3630371e+01
   9.8095500e+05   3.1555176e+01
   1.0091710e+06   3.7902832e+01
   1.0092320e+06   3.6926270e+01
   1.0092460e+06   5.0170898e+01
   1.0093190e+06   3.2714844e+01
   1.0094230e+06   4.1015625e+01
   1.0094790e+06   3.6682129e+01
   1.0094890e+06   3.2409668e+01
   1.0095040e+06   3.6865234e+01
   1.0095870e+06   3.0883789e+01
   1.0096150e+06   3.8024902e+01
   1.0097330e+06   3.1433105e+01
   1.0099550e+06   4.3151855e+01
   1.0503820e+06   3.3325195e+01
   1.0504890e+06   4.9743652e+01
   1.0505170e+06   3.2653809e+01
   1.0505670e+06   3.1738281e+01
   1.0506240e+06   3.3325195e+01
   1.0506650e+06   3.2043457e+01
   1.1183410e+06   3.1188965e+01
   1.1880140e+06   3.5034180e+01
   1.1903700e+06   3.8818359e+01
   1.2403350e+06   3.6560059e+01
   1.2581110e+06   3.2958984e+01
   1.4333930e+06   4.3884277e+01
   1.4345670e+06   4.1809082e+01
   1.4747290e+06   3.4484863e+01
   1.4747400e+06   4.1564941e+01
   1.4747780e+06   3.1616211e+01
   1.4747890e+06   3.8330078e+01
   1.4748060e+06   3.4240723e+01
   1.4748470e+06   3.1555176e+01
   1.4749770e+06   3.0639648e+01
   1.6030280e+06   3.3996582e+01
   1.7322220e+06   4.3884277e+01
   1.7335090e+06   4.9560547e+01
   1.7346450e+06   3.2165527e+01
   1.7346670e+06   4.0283203e+01
   1.7433620e+06   4.0222168e+01
   1.7440490e+06   3.0822754e+01
   1.7446170e+06   5.3771973e+01
   1.7617610e+06   3.0944824e+01
   1.8578170e+06   3.2043457e+01
   1.8578600e+06   3.3935547e+01
   1.8578990e+06   4.9255371e+01
   1.8579240e+06   3.3142090e+01
   1.8579620e+06   3.6132812e+01
   1.8579750e+06   3.5827637e+01
   1.8589010e+06   3.4362793e+01
   1.9038970e+06   3.9123535e+01
   1.9332440e+06   3.2897949e+01
   1.9731750e+06   4.2297363e+01
   2.0012730e+06   3.1799316e+01
   2.0262750e+06   4.6386719e+01
   2.0511050e+06   3.0456543e+01
   2.0512520e+06   4.5410156e+01
   2.0714730e+06   3.2287598e+01
   2.1188740e+06   3.0273438e+01
   2.1203500e+06   4.1259766e+01
   2.1394050e+06   3.1494141e+01
   2.1809480e+06   4.3029785e+01
   2.1818980e+06   3.1677246e+01
   2.2465440e+06   4.7546387e+01
   2.2680060e+06   3.9855957e+01
   2.2680390e+06   3.1555176e+01
   2.2695780e+06   4.4433594e+01
   2.2884240e+06   4.5776367e+01
   2.2905760e+06   4.9194336e+01
   2.3245710e+06   3.4362793e+01
   2.3440600e+06   4.6142578e+01
   2.3467310e+06   3.3264160e+01
   2.3471560e+06   3.6682129e+01
   2.3687590e+06   4.9804688e+01
   2.4013430e+06   5.0598145e+01
   2.4279290e+06   4.2663574e+01
   2.4293230e+06   5.7067871e+01
   2.4304860e+06   4.3640137e+01
   2.4366320e+06   3.0273438e+01
   2.4367180e+06   4.1076660e+01
   2.4817110e+06   3.2287598e+01
   2.4817480e+06   5.2307129e+01
   2.4881070e+06   4.5410156e+01
   2.4889970e+06   4.3640137e+01
   2.4907140e+06   3.0151367e+01
   2.4968810e+06   5.6152344e+01
   2.5041870e+06   4.7973633e+01
   2.5047950e+06   4.6569824e+01
   2.5226590e+06   3.0883789e+01
   2.5226760e+06   5.3222656e+01
   2.5234780e+06   3.8818359e+01
   2.5366050e+06   5.3100586e+01
   2.5660630e+06   3.0883789e+01
   2.5800370e+06   3.0578613e+01
   2.5800520e+06   3.0700684e+01
   2.5800780e+06   3.4240723e+01
   2.5801090e+06   3.1066895e+01
   2.5801380e+06   4.2724609e+01
   2.5801650e+06   3.1921387e+01
   2.5801780e+06   3.2165527e+01
   2.5802010e+06   3.4606934e+01
   2.5812490e+06   3.3203125e+01
   2.5815910e+06   3.2897949e+01
   2.6086520e+06   3.3691406e+01
   2.6087750e+06   3.4362793e+01
   2.6087890e+06   4.2419434e+01
   2.6088290e+06   3.6621094e+01
   2.6088540e+06   4.4006348e+01
   2.6088730e+06   3.2043457e+01
   2.6088880e+06   4.1625977e+01
   2.6089030e+06   3.1250000e+01
   2.6089480e+06   3.9916992e+01
   2.6090010e+06   3.1127930e+01
   2.6091410e+06   3.1127930e+01
   2.6092120e+06   3.2470703e+01
   2.6096870e+06   3.0578613e+01
   2.6100120e+06   3.1188965e+01
   2.6103340e+06   3.4362793e+01
   2.6104370e+06   3.1494141e+01
   2.6214350e+06   3.0273438e+01
   2.6217110e+06   3.7353516e+01
   2.6217290e+06   3.0151367e+01
   2.6218070e+06   4.1870117e+01
   2.6218250e+06   3.1555176e+01
   2.6218610e+06   3.5583496e+01
   2.6219240e+06   3.4667969e+01
   2.6220230e+06   3.8085938e+01
   2.6220730e+06   3.0700684e+01
   2.6239650e+06   3.1677246e+01
   2.6241490e+06   3.2592773e+01
   2.6248550e+06   3.5278320e+01
   2.6395870e+06   4.7912598e+01
   2.6396740e+06   3.9489746e+01
   2.6397030e+06   3.5583496e+01
   2.6397800e+06   3.6010742e+01
   2.6397990e+06   4.4494629e+01
   2.6398170e+06   3.4118652e+01
   2.6399090e+06   3.0151367e+01
   2.6411430e+06   3.2653809e+01
   2.6413850e+06   4.2785645e+01
   2.6415010e+06   3.7109375e+01
   2.6419120e+06   3.5217285e+01
   2.6425370e+06   3.4362793e+01
   2.6529550e+06   3.1738281e+01
   2.6529950e+06   4.4677734e+01
   2.6530270e+06   3.2836914e+01
   2.6530950e+06   4.3701172e+01
   2.6531640e+06   4.1381836e+01
   2.6532010e+06   3.1494141e+01
   2.6532210e+06   3.2897949e+01
   2.6532600e+06   3.2470703e+01
   2.6532860e+06   3.9550781e+01
   2.6540230e+06   3.2653809e+01
   2.6549160e+06   3.2470703e+01
   2.6556750e+06   4.1503906e+01
   2.6562120e+06   4.0344238e+01
   2.6565910e+06   3.4362793e+01
   2.6670220e+06   5.3100586e+01
   2.6671010e+06   3.2104492e+01
   2.6671300e+06   5.3833008e+01
   2.6672030e+06   3.9184570e+01
   2.6673290e+06   3.5644531e+01
   2.6673400e+06   3.4729004e+01
   2.6673670e+06   3.0212402e+01
   2.6674420e+06   3.1311035e+01
   2.6688200e+06   3.1372070e+01
   2.6691720e+06   3.9794922e+01
   2.6815320e+06   4.3029785e+01
   2.6815960e+06   3.5339355e+01
   2.6816260e+06   3.4362793e+01
   2.6816520e+06   3.4179688e+01
   2.6817030e+06   3.3325195e+01
   2.6817580e+06   3.1066895e+01
   2.6817940e+06   3.5461426e+01
   2.6818220e+06   3.7719727e+01
   2.6818520e+06   3.1250000e+01
   2.6819020e+06   3.0212402e+01
   2.6819750e+06   3.3142090e+01
   2.6828170e+06   3.0639648e+01
   2.6830820e+06   3.1799316e+01
   2.6833380e+06   3.6437988e+01
   2.6836950e+06   3.4179688e+01
   2.6840340e+06   3.2409668e+01
   2.6956800e+06   4.2419434e+01
   2.6957680e+06   3.6621094e+01
   2.6958430e+06   3.5339355e+01
   2.6958610e+06   3.3264160e+01
   2.6959050e+06   3.1188965e+01
   2.6959230e+06   3.1066895e+01
   2.6959380e+06   3.2165527e+01
   2.6959720e+06   3.3508301e+01
   2.6960280e+06   3.0883789e+01
   2.6961450e+06   3.2897949e+01
   2.7129620e+06   4.6691895e+01
   2.7130190e+06   3.0273438e+01
   2.7130290e+06   3.5705566e+01
   2.7130930e+06   3.3020020e+01
   2.7131250e+06   4.6325684e+01
   2.7131430e+06   3.3020020e+01
   2.7132510e+06   3.0395508e+01
   2.7133080e+06   3.1127930e+01
   2.7133450e+06   3.5278320e+01
   2.7145660e+06   3.5156250e+01
   2.7150110e+06   3.2775879e+01
   2.7316060e+06   3.1005859e+01
   2.7316390e+06   4.7790527e+01
   2.7317000e+06   3.7048340e+01
   2.7317300e+06   3.2409668e+01
   2.7317480e+06   3.7536621e+01
   2.7318050e+06   4.1870117e+01
   2.7318210e+06   3.6437988e+01
   2.7318680e+06   3.3630371e+01
   2.7319160e+06   3.0883789e+01
   2.7319440e+06   3.5888672e+01
   2.7320030e+06   3.1005859e+01
   2.7320470e+06   3.0395508e+01
   2.7321430e+06   3.4301758e+01
   2.7330120e+06   3.0273438e+01
   2.7334440e+06   3.0334473e+01
   2.7334610e+06   4.0954590e+01
   2.7749110e+06   3.5095215e+01
   2.7749320e+06   3.2958984e+01
   2.7749640e+06   3.6437988e+01
   2.7749750e+06   3.4606934e+01
   2.7750250e+06   3.9978027e+01
   2.7750480e+06   3.6499023e+01
   2.7750640e+06   3.5095215e+01
   2.7751040e+06   3.1433105e+01
   2.7751500e+06   4.1015625e+01
   2.7751810e+06   3.2653809e+01
   2.7763230e+06   3.1250000e+01
   2.7766830e+06   3.1555176e+01
   2.7769080e+06   3.7963867e+01
   2.7770750e+06   3.0334473e+01
   2.8046340e+06   3.6376953e+01
   2.8046540e+06   5.4931641e+01
   2.8046730e+06   3.0761719e+01
   2.8047110e+06   3.1250000e+01
   2.8047230e+06   5.7189941e+01
   2.8047700e+06   3.0700684e+01
   2.8048300e+06   4.0832520e+01
   2.8049230e+06   3.3081055e+01
   2.8049670e+06   3.0212402e+01
   2.8049940e+06   3.3569336e+01
   2.8059490e+06   3.0944824e+01
   2.8443820e+06   3.4790039e+01
   2.8444340e+06   5.2307129e+01
   2.8444830e+06   3.1555176e+01
   2.8445060e+06   4.4799805e+01
   2.8445300e+06   3.6071777e+01
   2.8445730e+06   3.9062500e+01
   2.8445830e+06   3.1188965e+01
   2.8446550e+06   3.3264160e+01
   2.8446830e+06   3.2348633e+01
   2.8447590e+06   3.0334473e+01
   2.8743980e+06   3.4790039e+01
   2.8744430e+06   5.6518555e+01
   2.8744640e+06   3.0273438e+01
   2.8745030e+06   3.4484863e+01
   2.8745730e+06   3.8269043e+01
   2.8746290e+06   3.8085938e+01
   2.8746560e+06   3.3142090e+01
   2.8746800e+06   3.2104492e+01
   2.8748100e+06   3.6499023e+01
   2.8751780e+06   3.2348633e+01
   2.8755270e+06   3.0761719e+01
   2.8761820e+06   3.8452148e+01
   2.9056060e+06   3.4973145e+01
   2.9056810e+06   3.4301758e+01
   2.9057040e+06   3.0273438e+01
   2.9057510e+06   4.1015625e+01
   2.9057710e+06   4.4189453e+01
   2.9058570e+06   3.7658691e+01
   2.9058710e+06   3.3813477e+01
   2.9059210e+06   3.5339355e+01
   2.9059750e+06   3.3020020e+01
   2.9060280e+06   3.2775879e+01
   2.9068320e+06   3.0944824e+01
   2.9346410e+06   3.0517578e+01
   2.9347030e+06   3.0944824e+01
   2.9347170e+06   3.6315918e+01
   2.9347440e+06   3.8085938e+01
   2.9347720e+06   3.1982422e+01
   2.9347940e+06   3.6071777e+01
   2.9349030e+06   3.2714844e+01
   2.9349640e+06   3.1982422e+01
   2.9350100e+06   3.4362793e+01
   2.9354240e+06   3.3874512e+01
   2.9356560e+06   3.0639648e+01
   3.1899950e+06   3.7902832e+01
   3.1906310e+06   3.4545898e+01
   3.2312810e+06   3.1005859e+01
   3.2313050e+06   3.0456543e+01
   3.2313560e+06   3.4362793e+01
   3.2313660e+06   5.5419922e+01
   3.2314420e+06   3.7780762e+01
   3.2315000e+06   4.1809082e+01
   3.2315510e+06   3.2470703e+01
   3.2315820e+06   3.1616211e+01
   3.2316310e+06   3.4973145e+01
   3.3349690e+06   4.2663574e+01
   3.3358040e+06   5.0720215e+01
   3.3363030e+06   4.9865723e+01
   3.3427730e+06   4.2541504e+01
   3.4557480e+06   3.2958984e+01
   3.4562260e+06   3.0334473e+01
   3.4562840e+06   3.3447266e+01
   3.4563710e+06   3.2592773e+01
   3.5102270e+06   3.9001465e+01
   3.5105090e+06   3.2592773e+01
   3.5250710e+06   5.0048828e+01
   3.5291630e+06   4.5776367e+01
   3.5302660e+06   4.2358398e+01
   3.6196630e+06   3.3996582e+01
   3.6196910e+06   3.5827637e+01
   3.6197400e+06   3.3386230e+01
   3.6197510e+06   4.2968750e+01
   3.6197940e+06   3.1921387e+01
   3.6198330e+06   4.1320801e+01
   3.6198650e+06   3.7353516e+01
   3.6199020e+06   4.6508789e+01
   3.6201600e+06   3.0151367e+01
   3.6210590e+06   3.1799316e+01
   3.6764830e+06   3.3752441e+01
   3.6765060e+06   3.2775879e+01
   3.6765390e+06   3.4851074e+01
   3.6765770e+06   5.0598145e+01
   3.6766080e+06   3.1921387e+01
   3.6766620e+06   3.0700684e+01
   3.6766960e+06   3.3569336e+01
   3.6767490e+06   3.1005859e+01
   3.6767640e+06   3.0944824e+01
   3.6772620e+06   3.2714844e+01
   3.7140260e+06   3.0700684e+01
   3.7140570e+06   3.4790039e+01
   3.7140750e+06   3.8330078e+01
   3.7141350e+06   3.5766602e+01
   3.7141560e+06   4.5654297e+01
   3.7141800e+06   3.7475586e+01
   3.7142180e+06   3.6682129e+01
   3.7142320e+06   3.6865234e+01
   3.7142730e+06   3.0822754e+01
   3.7143050e+06   3.9794922e+01
   3.7143360e+06   3.0273438e+01
   3.7146460e+06   3.5217285e+01
   3.7152760e+06   3.1555176e+01
   3.7158820e+06   3.1677246e+01
   3.7520650e+06   3.1982422e+01
   3.7520930e+06   3.5400391e+01
   3.7521280e+06   3.3813477e+01
   3.7521650e+06   3.4790039e+01
   3.7522810e+06   3.3081055e+01
   3.7522930e+06   3.3020020e+01
   3.7523240e+06   3.4606934e+01
   3.7533130e+06   3.2470703e+01
   3.7535370e+06   4.0527344e+01
   3.7656250e+06   4.5227051e+01
   3.7658170e+06   3.3264160e+01
   3.7658410e+06   4.8767090e+01
   3.7659870e+06   3.2043457e+01
   3.7660220e+06   4.6875000e+01
   3.7661200e+06   3.1066895e+01
   3.7661820e+06   3.1494141e+01
   3.7662140e+06   3.0700684e+01
   3.7662270e+06   3.5644531e+01
   3.7662370e+06   3.5949707e+01
   3.7662620e+06   3.5522461e+01
   3.7663490e+06   3.0761719e+01
   3.7665010e+06   3.2775879e+01
   3.7672860e+06   3.7048340e+01
   3.7817890e+06   3.1372070e+01
   3.7837940e+06   3.1188965e+01
   3.7838070e+06   3.5949707e+01
   3.7839180e+06   4.1992188e+01
   3.7839440e+06   3.8513184e+01
   3.7839760e+06   3.0822754e+01
   3.7840070e+06   3.0273438e+01
   3.7840290e+06   3.1494141e+01
   3.7840420e+06   5.0842285e+01
   3.7840990e+06   3.9489746e+01
   3.7841160e+06   4.2724609e+01
   3.7842120e+06   3.0700684e+01
   3.7842870e+06   3.4606934e+01
   3.7851370e+06   3.0151367e+01
   3.7852620e+06   3.0883789e+01
   3.8187020e+06   4.3579102e+01
   3.8187560e+06   4.7119141e+01
   3.8187750e+06   3.4667969e+01
   3.8188220e+06   3.3142090e+01
   3.8188410e+06   3.0456543e+01
   3.8188690e+06   3.2165527e+01
   3.8189400e+06   4.1687012e+01
   3.8189540e+06   3.3508301e+01
   3.8189890e+06   3.0822754e+01
   3.8190080e+06   3.4057617e+01
   3.8190650e+06   3.2958984e+01
   3.8198850e+06   3.3691406e+01
   3.8201340e+06   3.3508301e+01
   3.8210810e+06   3.0212402e+01
   3.8213040e+06   3.5034180e+01
   3.8317690e+06   3.2165527e+01
   3.8318240e+06   5.1025391e+01
   3.8318420e+06   3.4240723e+01
   3.8318810e+06   3.0456543e+01
   3.8319190e+06   4.4250488e+01
   3.8319510e+06   3.3447266e+01
   3.8320250e+06   3.1066895e+01
   3.8321460e+06   3.2775879e+01
   3.8321810e+06   3.0883789e+01
   3.8322160e+06   3.4484863e+01
   3.8323950e+06   3.1799316e+01
   3.8330490e+06   3.2836914e+01
   3.8962850e+06   3.4118652e+01
   3.8963210e+06   3.3813477e+01
   3.8963740e+06   3.7902832e+01
   3.8964440e+06   4.0527344e+01
   3.8964660e+06   3.3569336e+01
   3.8968720e+06   3.3996582e+01
   3.8977450e+06   4.1870117e+01
   3.9352790e+06   3.6437988e+01
   3.9353000e+06   5.0292969e+01
   3.9353520e+06   3.3935547e+01
   3.9353680e+06   3.7963867e+01
   3.9354250e+06   4.1015625e+01
   3.9354420e+06   3.5095215e+01
   3.9354970e+06   3.5644531e+01
   3.9355260e+06   3.1005859e+01
   3.9355680e+06   3.0334473e+01
   3.9355790e+06   3.4240723e+01
   3.9366110e+06   3.0395508e+01
   3.9367510e+06   4.0588379e+01
   3.9589930e+06   3.1005859e+01
   3.9590070e+06   3.9672852e+01
   3.9590760e+06   4.4311523e+01
   3.9591080e+06   3.0578613e+01
   3.9591510e+06   4.1137695e+01
   3.9591790e+06   3.9306641e+01
   3.9591990e+06   3.3935547e+01
   3.9592490e+06   3.3569336e+01
   3.9592840e+06   4.1381836e+01
   3.9593690e+06   3.5217285e+01
   3.9600610e+06   3.6376953e+01
   3.9601230e+06   3.4301758e+01
   3.9976240e+06   3.8391113e+01
   3.9976400e+06   3.7658691e+01
   3.9977030e+06   3.8635254e+01
   3.9977740e+06   3.5156250e+01
   3.9978120e+06   3.6682129e+01
   3.9978460e+06   3.6987305e+01
   3.9978750e+06   3.0395508e+01
   3.9979170e+06   3.2165527e+01
   3.9979410e+06   3.1250000e+01
   3.9979790e+06   3.2714844e+01
   3.9980200e+06   3.1799316e+01
   4.0483400e+06   3.0273438e+01
   4.0484280e+06   3.3752441e+01
   4.0484640e+06   3.7048340e+01
   4.0484740e+06   3.0273438e+01
   4.0485470e+06   3.5461426e+01
   4.0486300e+06   4.2114258e+01
   4.0487920e+06   3.0944824e+01
   4.0488060e+06   3.2714844e+01
   4.0488700e+06   3.0822754e+01
   4.0489640e+06   4.1320801e+01
   4.0714530e+06   3.1799316e+01
   4.2352310e+06   3.2043457e+01
   4.2353090e+06   3.7231445e+01
   4.2578510e+06   4.3212891e+01
   4.3692750e+06   4.4982910e+01
   4.4104610e+06   4.7302246e+01
   4.4112880e+06   3.9855957e+01
   4.4118300e+06   4.2968750e+01
   4.4131660e+06   4.3884277e+01
   4.4133050e+06   3.0822754e+01
   4.4209790e+06   5.3649902e+01
   4.4218640e+06   3.8330078e+01
   4.4219490e+06   3.7719727e+01
   4.4223060e+06   4.4250488e+01
   4.5225820e+06   5.2307129e+01
   4.5329370e+06   3.9672852e+01
   4.5329830e+06   3.5278320e+01
   4.5610110e+06   4.3457031e+01
   4.5613990e+06   4.2175293e+01
   4.5620990e+06   4.2846680e+01
   4.5728600e+06   3.9001465e+01
   4.5729030e+06   3.7292480e+01
   4.5729330e+06   4.0649414e+01
   4.5729490e+06   4.1564941e+01
   4.5729830e+06   3.5461426e+01
   4.5730200e+06   3.3752441e+01
   4.5730560e+06   4.0466309e+01
   4.5731480e+06   3.1982422e+01
   4.5976130e+06   3.0700684e+01
   4.5976680e+06   3.2897949e+01
   4.5976980e+06   5.4321289e+01
   4.5977240e+06   3.0639648e+01
   4.5977590e+06   3.2897949e+01
   4.5978010e+06   3.9184570e+01
   4.5978220e+06   3.0334473e+01
   4.5978500e+06   3.9794922e+01
   4.5980070e+06   3.0456543e+01
   4.5982410e+06   3.0334473e+01
   4.5983500e+06   3.2287598e+01
   4.5986880e+06   3.2531738e+01
   4.5990430e+06   3.2714844e+01
   4.5990730e+06   3.6132812e+01
   4.5993680e+06   3.1066895e+01
   4.6319490e+06   3.5888672e+01
   4.6319720e+06   3.2348633e+01
   4.6320010e+06   3.6499023e+01
   4.6320480e+06   4.0161133e+01
   4.6320910e+06   3.2409668e+01
   4.6321120e+06   3.1799316e+01
   4.6321280e+06   3.5156250e+01
   4.6321550e+06   3.9245605e+01
   4.6321710e+06   3.0761719e+01
   4.6333330e+06   3.3691406e+01
   4.6647710e+06   3.2287598e+01
   4.6647970e+06   3.2348633e+01
   4.6648170e+06   3.1555176e+01
   4.6648440e+06   3.7292480e+01
   4.6648700e+06   3.4545898e+01
   4.6649130e+06   3.0334473e+01
   4.6649270e+06   3.6499023e+01
   4.6649680e+06   3.1860352e+01
   4.6650210e+06   3.7170410e+01
   4.6659840e+06   3.4729004e+01
   4.6660130e+06   3.0151367e+01
   4.6663920e+06   3.4545898e+01
   4.6665310e+06   3.1494141e+01
   4.6669080e+06   3.4301758e+01
   4.6763840e+06   5.6335449e+01
   4.6764910e+06   3.9733887e+01
   4.6765410e+06   3.0212402e+01
   4.6766020e+06   3.1616211e+01
   4.6766310e+06   5.1757812e+01
   4.6766880e+06   3.1311035e+01
   4.6767130e+06   3.2409668e+01
   4.6767420e+06   3.5400391e+01
   4.6768030e+06   3.1188965e+01
   4.6768860e+06   3.4912109e+01
   4.6769290e+06   3.6804199e+01
   4.6781580e+06   3.5339355e+01
   4.6785290e+06   3.3142090e+01
   4.6960440e+06   4.2602539e+01
   4.6960910e+06   3.1677246e+01
   4.6961250e+06   4.1625977e+01
   4.6962240e+06   3.4423828e+01
   4.6962340e+06   3.5095215e+01
   4.6962560e+06   3.3874512e+01
   4.6963020e+06   3.7292480e+01
   4.6963290e+06   3.2775879e+01
   4.6963420e+06   3.2775879e+01
   4.6963750e+06   3.0822754e+01
   4.6964330e+06   3.3325195e+01
   4.6974600e+06   3.1127930e+01
   4.6977390e+06   3.1494141e+01
   4.7106230e+06   4.4738770e+01
   4.7106710e+06   3.2043457e+01
   4.7107340e+06   3.6865234e+01
   4.7107610e+06   3.2714844e+01
   4.7107900e+06   3.2165527e+01
   4.7108250e+06   3.2592773e+01
   4.7108480e+06   3.3264160e+01
   4.7108610e+06   3.2836914e+01
   4.7108760e+06   3.9672852e+01
   4.7109250e+06   3.6437988e+01
   4.7110480e+06   3.1188965e+01
   4.7114540e+06   3.0700684e+01
   4.7122060e+06   3.8085938e+01
   4.7294170e+06   6.0668945e+01
   4.7294600e+06   3.2897949e+01
   4.7294880e+06   4.6569824e+01
   4.7295300e+06   3.0578613e+01
   4.7295730e+06   4.1503906e+01
   4.7296270e+06   3.2409668e+01
   4.7296520e+06   3.6193848e+01
   4.7296800e+06   3.3752441e+01
   4.7297090e+06   3.0944824e+01
   4.7297270e+06   3.6560059e+01
   4.7297700e+06   3.3691406e+01
   4.7298710e+06   3.6010742e+01
   4.7304440e+06   3.2165527e+01
   4.7305510e+06   3.0456543e+01
   4.7307440e+06   3.3203125e+01
   4.7311400e+06   3.7963867e+01
   4.7472780e+06   3.4057617e+01
   4.7473650e+06   3.4301758e+01
   4.7473770e+06   3.1005859e+01
   4.7474150e+06   4.1137695e+01
   4.7474600e+06   3.8330078e+01
   4.7474810e+06   3.2897949e+01
   4.7475640e+06   3.1311035e+01
   4.7475980e+06   3.5583496e+01
   4.7484350e+06   3.2592773e+01
   4.7486910e+06   3.6560059e+01
   4.7488500e+06   3.4118652e+01
   4.7491560e+06   3.3935547e+01
   4.7697560e+06   3.0273438e+01
   4.7766810e+06   3.6804199e+01
   4.7766930e+06   3.1066895e+01
   4.7767270e+06   4.2175293e+01
   4.7768110e+06   3.5522461e+01
   4.7768340e+06   3.5217285e+01
   4.7768520e+06   3.3264160e+01
   4.7769340e+06   3.4606934e+01
   4.7769530e+06   3.5522461e+01
   4.7770670e+06   3.2287598e+01
   4.7772790e+06   3.1494141e+01
   4.7780690e+06   3.5705566e+01
   4.7783070e+06   3.2897949e+01
   4.7787290e+06   4.4250488e+01
   4.9002360e+06   3.7292480e+01
   4.9016170e+06   3.1005859e+01
   4.9016930e+06   3.0639648e+01
   4.9741250e+06   3.0944824e+01
   4.9750880e+06   3.1250000e+01
   5.0321200e+06   4.5898438e+01
   5.0628600e+06   4.4372559e+01
   5.0630330e+06   4.4860840e+01
   5.1033470e+06   5.6274414e+01
   5.1033950e+06   3.0578613e+01
   5.1047290e+06   3.3386230e+01
   5.1048910e+06   4.2114258e+01
   5.1053020e+06   5.1269531e+01
   5.1574240e+06   4.4006348e+01
   5.1628270e+06   3.8208008e+01
   5.1637030e+06   3.7170410e+01
   5.1642840e+06   3.1982422e+01
   5.3131180e+06   4.4128418e+01
   5.3153380e+06   4.6325684e+01
   5.3164120e+06   3.7048340e+01
   5.3167080e+06   3.9550781e+01
   5.3173050e+06   4.6630859e+01
   5.3894650e+06   6.1950684e+01
   5.4310280e+06   4.7058105e+01
   5.4325980e+06   3.2836914e+01
   5.4326210e+06   6.4880371e+01
   5.4331590e+06   4.5043945e+01
   5.4337420e+06   4.6936035e+01
   5.4344850e+06   5.0231934e+01
   5.5050700e+06   3.0517578e+01
   5.5054340e+06   6.3720703e+01
   5.5054790e+06   3.4912109e+01
   5.5056450e+06   3.3447266e+01
   5.5754380e+06   3.0761719e+01
   5.5771930e+06   4.4921875e+01
   5.5788410e+06   4.5532227e+01
   5.5793080e+06   4.4860840e+01
   5.5794590e+06   3.6010742e+01
   5.6196530e+06   4.0222168e+01
   5.6201070e+06   5.4016113e+01
   5.6203390e+06   3.4484863e+01
   5.7269780e+06   4.2053223e+01
   5.7495940e+06   4.9499512e+01
   5.7502320e+06   4.5104980e+01
   5.7550650e+06   5.8044434e+01
   5.8556400e+06   3.3386230e+01
   5.8562810e+06   4.5898438e+01
   5.8575940e+06   3.3264160e+01
   5.8576590e+06   5.2124023e+01
   5.8576950e+06   4.1015625e+01
   5.8577130e+06   3.9550781e+01
   5.8577430e+06   4.2907715e+01
   5.8577560e+06   3.3325195e+01
   5.8578230e+06   3.5949707e+01
   5.8578850e+06   3.1555176e+01
   5.8579580e+06   3.0944824e+01
   5.8582830e+06   3.0334473e+01
   5.8590020e+06   3.3081055e+01
   5.8591850e+06   3.5522461e+01
   5.8867880e+06   3.1066895e+01
   5.8868190e+06   3.3081055e+01
   5.8868310e+06   5.3710938e+01
   5.8869010e+06   3.9123535e+01
   5.8869230e+06   3.0700684e+01
   5.8869400e+06   3.0944824e+01
   5.8869790e+06   3.3935547e+01
   5.8870050e+06   3.8330078e+01
   5.8870210e+06   4.9011230e+01
   5.8870590e+06   3.0456543e+01
   5.8870930e+06   3.4729004e+01
   5.8874340e+06   3.1066895e+01
   5.8881860e+06   3.5461426e+01
   5.8881970e+06   3.1677246e+01
   5.8887020e+06   3.0944824e+01
   5.8986800e+06   3.1005859e+01
   5.8987410e+06   3.3386230e+01
   5.8987720e+06   3.4179688e+01
   5.8987880e+06   5.1269531e+01
   5.8988190e+06   4.3640137e+01
   5.8988400e+06   3.5888672e+01
   5.8988820e+06   3.7841797e+01
   5.8989160e+06   3.1494141e+01
   5.8989350e+06   3.3874512e+01
   5.8989490e+06   3.4667969e+01
   5.8989850e+06   3.1982422e+01
   5.8992840e+06   3.4240723e+01
   5.8995800e+06   3.0395508e+01
   5.9005190e+06   3.1677246e+01
   5.9009220e+06   3.1433105e+01
   5.9012340e+06   3.1250000e+01
   5.9097360e+06   3.6743164e+01
   5.9097990e+06   4.6752930e+01
   5.9098840e+06   4.0222168e+01
   5.9099370e+06   3.8330078e+01
   5.9099670e+06   3.5888672e+01
   5.9100050e+06   3.7536621e+01
   5.9100360e+06   3.6499023e+01
   5.9100560e+06   3.3752441e+01
   5.9101900e+06   3.1921387e+01
   5.9114850e+06   4.1992188e+01
   5.9116510e+06   3.0273438e+01
   5.9119840e+06   3.9184570e+01
   5.9122240e+06   3.7231445e+01
   5.9125270e+06   3.6865234e+01
   5.9127370e+06   4.8583984e+01
   5.9128880e+06   3.3874512e+01
   5.9225870e+06   3.0822754e+01
   5.9226060e+06   5.1818848e+01
   5.9226800e+06   3.3813477e+01
   5.9228010e+06   3.0334473e+01
   5.9228270e+06   3.7719727e+01
   5.9229270e+06   3.5644531e+01
   5.9243160e+06   3.6010742e+01
   5.9244570e+06   4.0466309e+01
   5.9247700e+06   4.0710449e+01
   5.9250840e+06   4.1442871e+01
   5.9255650e+06   3.0212402e+01
   5.9340000e+06   5.8349609e+01
   5.9340350e+06   3.1311035e+01
   5.9340600e+06   4.4799805e+01
   5.9341170e+06   3.1921387e+01
   5.9341470e+06   3.3752441e+01
   5.9341810e+06   3.2287598e+01
   5.9342180e+06   3.2409668e+01
   5.9342480e+06   3.4240723e+01
   5.9342780e+06   3.1860352e+01
   5.9343290e+06   3.2470703e+01
   5.9349230e+06   3.0944824e+01
   5.9354490e+06   3.1677246e+01
   5.9360080e+06   3.0212402e+01
   5.9362860e+06   3.6987305e+01
   5.9366860e+06   3.1005859e+01
   5.9370300e+06   4.2175293e+01
   5.9486190e+06   5.5541992e+01
   5.9486650e+06   3.7719727e+01
   5.9486860e+06   3.6499023e+01
   5.9487050e+06   3.0212402e+01
   5.9487370e+06   3.6437988e+01
   5.9487650e+06   3.1433105e+01
   5.9487780e+06   4.7729492e+01
   5.9488060e+06   3.9184570e+01
   5.9488160e+06   3.1555176e+01
   5.9488990e+06   3.2226562e+01
   5.9489460e+06   3.3386230e+01
   5.9489940e+06   3.1555176e+01
   5.9491860e+06   3.5583496e+01
   5.9500170e+06   3.1799316e+01
   5.9502070e+06   4.3579102e+01
   5.9510060e+06   3.2287598e+01
   5.9754080e+06   3.7658691e+01
   5.9754210e+06   3.2592773e+01
   5.9754620e+06   3.0944824e+01
   5.9754960e+06   3.5827637e+01
   5.9755200e+06   3.5705566e+01
   5.9755610e+06   3.0822754e+01
   5.9755710e+06   3.2104492e+01
   5.9756200e+06   3.1250000e+01
   5.9756810e+06   3.1066895e+01
   5.9757270e+06   4.1870117e+01
   5.9757650e+06   3.2104492e+01
   5.9767170e+06   3.0273438e+01
   5.9772720e+06   3.2287598e+01
   5.9780230e+06   4.0344238e+01
   5.9891410e+06   4.7485352e+01
   5.9891610e+06   3.5583496e+01
   5.9891880e+06   3.0273438e+01
   5.9892280e+06   3.0883789e+01
   5.9892620e+06   3.3935547e+01
   5.9892910e+06   4.4738770e+01
   5.9893100e+06   3.0273438e+01
   5.9893540e+06   3.3386230e+01
   5.9893730e+06   3.7597656e+01
   5.9893890e+06   3.4851074e+01
   5.9894180e+06   3.1982422e+01
   5.9895150e+06   3.1311035e+01
   5.9895790e+06   3.0639648e+01
   5.9901730e+06   3.1799316e+01
   5.9905840e+06   3.0578613e+01
   5.9909810e+06   3.8940430e+01
   5.9913570e+06   4.2968750e+01
   6.0075850e+06   5.3283691e+01
   6.0076300e+06   3.7902832e+01
   6.0076610e+06   3.4667969e+01
   6.0077140e+06   3.9672852e+01
   6.0077850e+06   4.3395996e+01
   6.0077970e+06   3.0944824e+01
   6.0078210e+06   3.6193848e+01
   6.0078560e+06   3.0822754e+01
   6.0079150e+06   3.4118652e+01
   6.0079370e+06   3.3691406e+01
   6.0087820e+06   3.5949707e+01
   6.0088610e+06   3.0761719e+01
   6.0090180e+06   3.2592773e+01
   6.1049470e+06   3.2165527e+01
   6.1924470e+06   3.7109375e+01
   6.2572980e+06   2.9968262e+01
   6.2637720e+06   2.9968262e+01
   6.2645190e+06   5.8105469e+01
   6.3343660e+06   4.4860840e+01
   6.3732260e+06   3.0883789e+01
   6.3736970e+06   5.2673340e+01
   6.4171980e+06   4.5166016e+01
   6.4413480e+06   3.2897949e+01
   6.4419050e+06   5.2062988e+01
   6.4889970e+06   4.6142578e+01
   6.5319030e+06   3.1799316e+01
   6.5323100e+06   3.5339355e+01
   6.5325890e+06   3.0090332e+01
   6.5553730e+06   5.3039551e+01
   6.5560120e+06   3.0578613e+01
   6.6151730e+06   4.6691895e+01
   6.6152850e+06   4.2907715e+01
   6.6488030e+06   3.9428711e+01
   6.6488490e+06   3.6071777e+01
   6.6494850e+06   3.2836914e+01
   6.6787250e+06   4.4616699e+01
   6.7577900e+06   5.6152344e+01
   6.7578310e+06   3.0883789e+01
   6.7599180e+06   5.5236816e+01
   6.8121260e+06   3.6132812e+01
   6.8121360e+06   4.5471191e+01
   6.8121800e+06   4.0222168e+01
   6.8122370e+06   3.4729004e+01
   6.8122830e+06   3.0334473e+01
   6.8123130e+06   3.8208008e+01
   6.8124440e+06   3.4973145e+01
   6.8362540e+06   3.1555176e+01
   6.8363710e+06   3.0822754e+01
   6.8364230e+06   4.9987793e+01
   6.8364420e+06   6.1035156e+01
   6.8364840e+06   3.6254883e+01
   6.8365000e+06   3.7841797e+01
   6.8365230e+06   3.2836914e+01
   6.8365380e+06   3.0090332e+01
   6.8365480e+06   4.3518066e+01
   6.8365710e+06   3.5095215e+01
   6.8366920e+06   3.7475586e+01
   6.8369440e+06   3.1799316e+01
   6.8374050e+06   3.0822754e+01
   6.8374340e+06   3.5095215e+01
   6.8375070e+06   3.0212402e+01
   6.8380560e+06   3.2348633e+01
   6.8383320e+06   3.5095215e+01
   6.9660480e+06   3.0029297e+01
   6.9661090e+06   5.1269531e+01
   6.9661830e+06   4.3518066e+01
   6.9662790e+06   3.5583496e+01
   6.9663070e+06   3.1860352e+01
   6.9663270e+06   3.7231445e+01
   6.9663820e+06   3.3386230e+01
   6.9670710e+06   2.9968262e+01
   6.9673390e+06   3.2714844e+01
   7.0158760e+06   3.3813477e+01
   7.0159450e+06   3.3142090e+01
   7.0160650e+06   4.5166016e+01
   7.0160790e+06   3.1127930e+01
   7.0161260e+06   3.6071777e+01
   7.0161500e+06   3.0944824e+01
   7.0161730e+06   3.7292480e+01
   7.0162580e+06   4.6203613e+01
   7.1736780e+06   3.0029297e+01
   7.1743490e+06   4.4128418e+01
   7.1749520e+06   4.1076660e+01
   7.1749790e+06   2.9968262e+01
   7.1754440e+06   3.3081055e+01
   7.2351600e+06   4.7058105e+01
   7.2529480e+06   3.8513184e+01
   7.2688590e+06   5.0415039e+01
   7.2688840e+06   3.2348633e+01
   7.2689500e+06   3.7597656e+01
   7.2690140e+06   4.2907715e+01
   7.2690360e+06   3.9550781e+01
   7.2691370e+06   3.2897949e+01
   7.2691490e+06   4.1687012e+01
   7.2692000e+06   3.0944824e+01
   7.2692570e+06   3.4240723e+01
   7.2692890e+06   3.1005859e+01
   7.2694330e+06   3.5827637e+01
   7.3051040e+06   3.5217285e+01
   7.3051350e+06   5.0720215e+01
   7.3051710e+06   3.7902832e+01
   7.3051880e+06   3.0761719e+01
   7.3051980e+06   3.3325195e+01
   7.3052220e+06   3.0761719e+01
   7.3057000e+06   3.0212402e+01
   7.3192480e+06   3.1860352e+01
   7.3195770e+06   3.5156250e+01
   7.3196480e+06   4.7424316e+01
   7.3196900e+06   3.2104492e+01
   7.3197190e+06   3.3081055e+01
   7.3197290e+06   3.2470703e+01
   7.3197840e+06   3.0822754e+01
   7.3198110e+06   3.2226562e+01
   7.3198330e+06   3.0395508e+01
   7.3198730e+06   3.1005859e+01
   7.3199420e+06   3.0395508e+01
   7.3200220e+06   3.1005859e+01
   7.3200650e+06   3.9184570e+01
   7.3201050e+06   3.0761719e+01
   7.3206130e+06   3.1005859e+01
   7.3215270e+06   3.9306641e+01
   7.3331090e+06   4.9316406e+01
   7.3331800e+06   3.2775879e+01
   7.3332870e+06   4.2419434e+01
   7.3333950e+06   3.7658691e+01
   7.3334230e+06   3.6743164e+01
   7.3334660e+06   3.0395508e+01
   7.3335190e+06   3.1066895e+01
   7.3335390e+06   3.2104492e+01
   7.3336380e+06   3.6926270e+01
   7.3423740e+06   4.3701172e+01
   7.3424830e+06   3.3691406e+01
   7.3425110e+06   3.0334473e+01
   7.3425590e+06   3.0212402e+01
   7.3426210e+06   4.0100098e+01
   7.3426960e+06   3.3813477e+01
   7.3427230e+06   3.7231445e+01
   7.3427760e+06   3.6682129e+01
   7.3428190e+06   3.1921387e+01
   7.3435030e+06   3.0151367e+01
   7.3440250e+06   3.5095215e+01
   7.3444870e+06   3.7658691e+01
   7.3459850e+06   3.2958984e+01
   7.3532660e+06   4.2602539e+01
   7.3533670e+06   3.3020020e+01
   7.3533800e+06   4.1198730e+01
   7.3534120e+06   2.9968262e+01
   7.3534560e+06   3.6071777e+01
   7.3534970e+06   3.6987305e+01
   7.3535280e+06   3.6193848e+01
   7.3535780e+06   3.3081055e+01
   7.3536160e+06   3.0029297e+01
   7.3536380e+06   3.2592773e+01
   7.3548300e+06   4.0161133e+01
   7.3559060e+06   4.0893555e+01
   7.3690520e+06   4.8461914e+01
   7.3691070e+06   3.8452148e+01
   7.3691810e+06   3.2226562e+01
   7.3692360e+06   3.2714844e+01
   7.3692530e+06   3.3386230e+01
   7.3692920e+06   3.1982422e+01
   7.3693700e+06   3.0273437e+01
   7.3701170e+06   3.3325195e+01
   7.3705090e+06   3.3081055e+01
   7.3706420e+06   3.7902832e+01
   7.3709310e+06   3.7658691e+01
   7.3716090e+06   3.7109375e+01
   7.3843010e+06   4.4921875e+01
   7.3843550e+06   4.3518066e+01
   7.3843870e+06   4.1320801e+01
   7.3844230e+06   5.2185059e+01
   7.3844530e+06   3.1311035e+01
   7.3844970e+06   4.1870117e+01
   7.3845080e+06   3.1433105e+01
   7.3845290e+06   3.2104492e+01
   7.3845490e+06   3.0151367e+01
   7.3845710e+06   3.7353516e+01
   7.3846040e+06   3.8757324e+01
   7.3846290e+06   3.3386230e+01
   7.3847370e+06   3.2104492e+01
   7.3847780e+06   3.3630371e+01
   7.3853660e+06   3.4545898e+01
   7.3980470e+06   3.7902832e+01
   7.3980660e+06   3.0395508e+01
   7.3981000e+06   4.0039062e+01
   7.3981820e+06   4.0283203e+01
   7.3982090e+06   3.2104492e+01
   7.3982220e+06   3.4790039e+01
   7.3983480e+06   3.7292480e+01
   7.3983620e+06   4.1931152e+01
   7.3983940e+06   3.2287598e+01
   7.3984120e+06   3.3386230e+01
   7.3985150e+06   3.0639648e+01
   7.3992020e+06   3.2775879e+01
   7.3997350e+06   4.1259766e+01
   7.4000100e+06   4.3579102e+01
   7.4932810e+06   4.4677734e+01
   7.4933020e+06   3.1250000e+01
   7.4933340e+06   3.6560059e+01
   7.4933720e+06   3.4240723e+01
   7.4934120e+06   4.0527344e+01
   7.4934270e+06   2.9968262e+01
   7.4934470e+06   3.0761719e+01
   7.4935160e+06   3.3264160e+01
   7.4935310e+06   3.6376953e+01
   7.5170170e+06   3.1616211e+01
   7.5171930e+06   4.4128418e+01
   7.5172290e+06   3.3996582e+01
   7.5172710e+06   3.8696289e+01
   7.5172860e+06   3.8940430e+01
   7.5173200e+06   3.2470703e+01
   7.5173400e+06   3.2043457e+01
   7.5173920e+06   3.1799316e+01
   7.5174540e+06   3.5949707e+01
   7.5175020e+06   3.1555176e+01
   7.5175230e+06   3.3569336e+01
   7.5175800e+06   3.5949707e+01
   7.5176000e+06   3.7780762e+01
   7.5176370e+06   3.1860352e+01
   7.5182930e+06   3.1372070e+01
   7.5186030e+06   3.4851074e+01
   7.5280080e+06   4.3823242e+01
   7.5281660e+06   3.1372070e+01
   7.5281880e+06   4.9682617e+01
   7.5282300e+06   3.5766602e+01
   7.5282650e+06   3.0395508e+01
   7.5282820e+06   4.2480469e+01
   7.5283240e+06   3.6010742e+01
   7.5283390e+06   3.6499023e+01
   7.5283690e+06   3.1921387e+01
   7.5284360e+06   3.0883789e+01
   7.5285370e+06   3.0578613e+01
   7.5290730e+06   3.2897949e+01
   7.5609170e+06   5.1757812e+01
   7.5610250e+06   3.2592773e+01
   7.5610590e+06   3.1433105e+01
   7.5610940e+06   3.1188965e+01
   7.5611170e+06   3.3935547e+01
   7.5611530e+06   4.2053223e+01
   7.5611800e+06   3.7841797e+01
   7.5611980e+06   3.0151367e+01
   7.5612160e+06   3.9245605e+01
   7.5612900e+06   3.6376953e+01
   7.5614030e+06   3.2531738e+01
   7.5621220e+06   3.3569336e+01
   7.5623950e+06   3.0090332e+01
   7.5625820e+06   3.0944824e+01
   7.5779710e+06   3.0578613e+01
   7.5780050e+06   3.5461426e+01
   7.5780730e+06   3.5766602e+01
   7.5780870e+06   3.0517578e+01
   7.5781040e+06   3.6621094e+01
   7.5781230e+06   5.0048828e+01
   7.5781400e+06   3.0090332e+01
   7.5782030e+06   3.8696289e+01
   7.5782530e+06   3.7780762e+01
   7.5782890e+06   3.1372070e+01
   7.5783040e+06   3.0456543e+01
   7.5783590e+06   3.1066895e+01
   7.5784050e+06   3.1433105e+01
   7.5784640e+06   3.3264160e+01
   7.5794440e+06   3.3142090e+01
   7.5976150e+06   3.7475586e+01
   7.5976620e+06   3.0639648e+01
   7.5976840e+06   3.5888672e+01
   7.5977320e+06   3.1311035e+01
   7.5977570e+06   4.1198730e+01
   7.5978050e+06   3.0700684e+01
   7.5978240e+06   3.1555176e+01
   7.5979210e+06   4.0588379e+01
   7.5979590e+06   3.2409668e+01
   7.5986550e+06   3.6437988e+01
   7.5987710e+06   3.7292480e+01
   7.9239530e+06   5.5053711e+01
   7.9265390e+06   5.2856445e+01
   7.9270840e+06   4.9804688e+01
   8.0132970e+06   4.8400879e+01
   8.0352630e+06   4.4677734e+01
   8.0353280e+06   3.8146973e+01
   8.0362040e+06   3.7963867e+01
   8.0362910e+06   3.2165527e+01
   8.0711680e+06   4.8034668e+01
   8.0712330e+06   3.3081055e+01
   8.0721790e+06   4.7851562e+01
   8.0721900e+06   3.0456543e+01
   8.0722900e+06   3.2897949e+01
   8.0723290e+06   4.7302246e+01
   8.0723390e+06   3.4973145e+01
   8.1455310e+06   4.3884277e+01
   8.1455630e+06   3.3386230e+01
   8.2260070e+06   3.9062500e+01
   8.2732920e+06   3.3935547e+01
   8.3208610e+06   4.6508789e+01
   8.3441290e+06   4.4738770e+01
   8.3442190e+06   3.3996582e+01
   8.3443360e+06   3.3264160e+01
   8.3443900e+06   3.0578613e+01
   8.3444560e+06   3.2958984e+01
   8.3445490e+06   3.1127930e+01
   8.3445590e+06   3.1372070e+01
   8.3446600e+06   3.0212402e+01
   8.3744780e+06   4.7912598e+01
   8.3752410e+06   5.6640625e+01
   8.3756770e+06   5.0842285e+01
   8.4624050e+06   3.0212402e+01
   8.4624610e+06   3.0700684e+01
   8.4828810e+06   3.1921387e+01
   8.4829900e+06   3.3081055e+01
   8.4831280e+06   4.1564941e+01
   8.4831810e+06   3.2592773e+01
   8.4834290e+06   4.5532227e+01
   8.4836090e+06   4.0588379e+01
   8.4836460e+06   3.1677246e+01
   8.5186510e+06   4.5288086e+01
   8.5189270e+06   4.5654297e+01
   8.5579860e+06   3.1188965e+01
   8.5580650e+06   3.3996582e+01
   8.5582120e+06   3.0456543e+01
   8.5582450e+06   4.9072266e+01
   8.5783100e+06   4.9865723e+01
   8.5791120e+06   5.1757812e+01
   8.5798890e+06   3.5278320e+01
   8.5799110e+06   3.9672852e+01
   8.5804810e+06   4.2053223e+01
   8.6236880e+06   3.1311035e+01
   8.6241580e+06   4.5776367e+01
   8.6243200e+06   4.5043945e+01
   8.6244170e+06   3.8757324e+01
   8.6926640e+06   4.1198730e+01
   8.6929760e+06   3.9978027e+01
   8.7544390e+06   3.5522461e+01
   8.7545960e+06   4.4616699e+01
   8.7551630e+06   4.5715332e+01
   8.7722850e+06   4.3212891e+01
   8.7737340e+06   4.4311523e+01
   8.7739330e+06   4.3457031e+01
   8.7936920e+06   4.4372559e+01
   8.7943480e+06   5.4931641e+01
   8.8134240e+06   4.8278809e+01
   8.8136280e+06   4.7119141e+01
   8.8140420e+06   5.5969238e+01
   8.8335180e+06   5.2062988e+01
   8.8346970e+06   4.5410156e+01
   8.8349780e+06   4.1381836e+01
   8.8579530e+06   3.1311035e+01
   8.9000050e+06   3.1372070e+01
   8.9008640e+06   4.7607422e+01
   8.9011870e+06   5.0354004e+01
   8.9331170e+06   4.3701172e+01
   8.9598070e+06   4.9072266e+01
   8.9603310e+06   5.6152344e+01
   8.9671890e+06   4.1748047e+01
   8.9672930e+06   4.9011230e+01
   8.9678170e+06   4.7607422e+01
   8.9692280e+06   5.6457520e+01
   9.0503540e+06   4.8950195e+01
   9.0504120e+06   5.8105469e+01
   9.0513520e+06   3.9855957e+01
   9.0521950e+06   4.7180176e+01
   9.0526100e+06   4.3334961e+01
   9.0589380e+06   3.1311035e+01
   9.0591770e+06   4.0527344e+01
   9.1077610e+06   4.0710449e+01
   9.1355540e+06   4.4799805e+01
   9.1517130e+06   4.4372559e+01
   9.1613900e+06   3.0639648e+01
   9.1614000e+06   5.6030273e+01
   9.1958430e+06   4.3579102e+01
   9.2216960e+06   4.5715332e+01
   9.2217250e+06   3.2470703e+01
   9.2395200e+06   3.2714844e+01
   9.2395370e+06   3.3142090e+01
   9.2395520e+06   3.9062500e+01
   9.2395740e+06   4.5532227e+01
   9.2395950e+06   3.1433105e+01
   9.2396240e+06   3.6193848e+01
   9.2397000e+06   3.0883789e+01
   9.2397380e+06   3.0578613e+01
   9.2410150e+06   3.2348633e+01
   9.2551430e+06   3.1921387e+01
   9.2553210e+06   3.2958984e+01
   9.2554130e+06   3.5705566e+01
   9.2554590e+06   4.1259766e+01
   9.2554800e+06   4.6875000e+01
   9.2555500e+06   3.2348633e+01
   9.2555920e+06   3.6132812e+01
   9.2556680e+06   3.3996582e+01
   9.2557450e+06   3.3020020e+01
   9.2558020e+06   3.0944824e+01
   9.2558220e+06   3.1433105e+01
   9.2561180e+06   3.0578613e+01
   9.2576430e+06   3.2653809e+01
   9.2578000e+06   3.3874512e+01
   9.2683050e+06   4.0222168e+01
   9.2683520e+06   3.2226562e+01
   9.2683860e+06   4.0344238e+01
   9.2684330e+06   3.2470703e+01
   9.2685010e+06   3.8696289e+01
   9.2685330e+06   3.1555176e+01
   9.2709480e+06   4.1137695e+01
   9.2809890e+06   3.0944824e+01
   9.2810030e+06   6.2072754e+01
   9.2810410e+06   3.3752441e+01
   9.2810610e+06   3.4545898e+01
   9.2811020e+06   3.2470703e+01
   9.2811980e+06   3.4423828e+01
   9.2814320e+06   3.1311035e+01
   9.2833910e+06   3.0883789e+01
   9.2837150e+06   3.4667969e+01
   9.2838380e+06   3.1188965e+01
   9.2838980e+06   4.1015625e+01
   9.2844130e+06   3.5278320e+01
   9.2924430e+06   6.2683105e+01
   9.2924850e+06   3.1127930e+01
   9.2925030e+06   3.7292480e+01
   9.2925320e+06   3.1616211e+01
   9.2926250e+06   3.1616211e+01
   9.2927220e+06   3.0456543e+01
   9.2941360e+06   3.3996582e+01
   9.2945470e+06   3.0700684e+01
   9.2952540e+06   3.2836914e+01
   9.2958030e+06   3.1799316e+01
   9.3027420e+06   3.1860352e+01
   9.3027680e+06   4.0710449e+01
   9.3027880e+06   3.5705566e+01
   9.3028160e+06   3.3996582e+01
   9.3028570e+06   3.3081055e+01
   9.3028730e+06   3.8330078e+01
   9.3029250e+06   3.9062500e+01
   9.3030220e+06   3.2714844e+01
   9.3048610e+06   3.3813477e+01
   9.3058370e+06   3.5278320e+01
   9.3139630e+06   3.4484863e+01
   9.3139790e+06   5.2856445e+01
   9.3140210e+06   3.0700684e+01
   9.3140680e+06   3.5156250e+01
   9.3141060e+06   3.0456543e+01
   9.3141820e+06   3.1799316e+01
   9.3142080e+06   3.2409668e+01
   9.3142330e+06   3.0456543e+01
   9.3155140e+06   3.6865234e+01
   9.3158220e+06   3.6987305e+01
   9.3159750e+06   3.4057617e+01
   9.3161100e+06   3.3081055e+01
   9.3165670e+06   3.1860352e+01
   9.3249940e+06   3.2592773e+01
   9.3250090e+06   4.7058105e+01
   9.3251000e+06   3.3813477e+01
   9.3251130e+06   3.9550781e+01
   9.3251410e+06   3.1494141e+01
   9.3251640e+06   3.4851074e+01
   9.3252060e+06   3.0822754e+01
   9.3263520e+06   3.1799316e+01
   9.3265480e+06   4.0405273e+01
   9.3265590e+06   3.4790039e+01
   9.3279980e+06   3.1738281e+01
   9.3358230e+06   4.0954590e+01
   9.3358330e+06   5.7861328e+01
   9.3358720e+06   3.4790039e+01
   9.3359000e+06   3.5156250e+01
   9.3359610e+06   4.4616699e+01
   9.3359880e+06   3.2409668e+01
   9.3360040e+06   3.2836914e+01
   9.3360200e+06   3.5461426e+01
   9.3361250e+06   3.2592773e+01
   9.3361940e+06   3.0761719e+01
   9.3364490e+06   3.1005859e+01
   9.3368760e+06   3.4729004e+01
   9.3372110e+06   3.1860352e+01
   9.3513150e+06   3.5095215e+01
   9.3513670e+06   3.6865234e+01
   9.3514740e+06   3.1677246e+01
   9.3515270e+06   3.1799316e+01
   9.3515390e+06   3.1494141e+01
   9.3542780e+06   3.5888672e+01
   9.3633270e+06   3.9123535e+01
   9.3633430e+06   3.3081055e+01
   9.3633850e+06   3.0578613e+01
   9.3634140e+06   3.0517578e+01
   9.3634390e+06   3.0456543e+01
   9.3635020e+06   3.0944824e+01
   9.3636480e+06   3.2592773e+01
   9.3651100e+06   3.8574219e+01
   9.3656300e+06   3.1372070e+01
   9.3926870e+06   4.0649414e+01
   9.3927460e+06   3.4057617e+01
   9.3927640e+06   3.1860352e+01
   9.3927880e+06   4.5349121e+01
   9.3928580e+06   3.8818359e+01
   9.3929370e+06   3.0761719e+01
   9.3929480e+06   3.1433105e+01
   9.3929640e+06   3.5034180e+01
   9.3929980e+06   3.4057617e+01
   9.3943280e+06   3.9123535e+01
   9.3945680e+06   3.9672852e+01
   9.3949180e+06   3.3996582e+01
   9.5322700e+06   3.9855957e+01
   9.5322940e+06   6.2927246e+01
   9.5323220e+06   3.8208008e+01
   9.5323580e+06   3.8330078e+01
   9.5323750e+06   3.4790039e+01
   9.5323970e+06   3.8696289e+01
   9.5324160e+06   4.1870117e+01
   9.5324530e+06   3.3020020e+01
   9.5324750e+06   4.0466309e+01
   9.5325190e+06   3.4362793e+01
   9.5325710e+06   3.2592773e+01
   9.5325870e+06   3.0883789e+01
   9.5328140e+06   3.0517578e+01
   9.5590360e+06   3.1188965e+01
   9.5591530e+06   3.2531738e+01
   9.5591740e+06   4.0710449e+01
   9.5592250e+06   3.2836914e+01
   9.5592860e+06   3.8269043e+01
   9.5593450e+06   3.1677246e+01
   9.5594010e+06   3.3691406e+01
   9.5594180e+06   3.0883789e+01
   9.5596310e+06   3.2226562e+01
   9.5596410e+06   3.1311035e+01
   9.6703050e+06   3.0700684e+01
   9.6704090e+06   3.5156250e+01
   9.6704610e+06   5.4870605e+01
   9.7438520e+06   4.1503906e+01
   9.7454600e+06   3.1005859e+01
   9.7454730e+06   4.8095703e+01
   9.7458280e+06   3.1250000e+01
   9.7459940e+06   4.8278809e+01
   9.8179780e+06   3.4362793e+01
   9.8180380e+06   4.8889160e+01
   9.8181460e+06   4.5104980e+01
   9.8757210e+06   3.6987305e+01
   9.8930500e+06   3.4790039e+01
   9.8930690e+06   3.5583496e+01
   9.9280060e+06   5.0170898e+01
   9.9280870e+06   3.1066895e+01
   9.9291120e+06   5.4199219e+01
   9.9679800e+06   4.9072266e+01
   9.9680570e+06   4.6691895e+01
   9.9684310e+06   5.3161621e+01
   1.0013229e+07   4.2236328e+01
   1.0013449e+07   4.6997070e+01
   1.0036875e+07   4.1503906e+01
   1.0117273e+07   4.6264648e+01
   1.0118097e+07   3.2165527e+01
   1.0118148e+07   3.0517578e+01
   1.0118205e+07   3.9123535e+01
   1.0118261e+07   3.2775879e+01
   1.0118275e+07   3.9733887e+01
   1.0118304e+07   3.9794922e+01
   1.0118333e+07   3.3020020e+01
   1.0118450e+07   3.0700684e+01
   1.0205010e+07   3.4179688e+01
   1.0205034e+07   3.1799316e+01
   1.0205068e+07   3.9855957e+01
   1.0205101e+07   3.4973145e+01
   1.0205126e+07   4.0710449e+01
   1.0205140e+07   3.6499023e+01
   1.0205178e+07   4.0222168e+01
   1.0205215e+07   3.3264160e+01
   1.0205306e+07   3.8574219e+01
   1.0205335e+07   3.7109375e+01
   1.0206078e+07   3.4301758e+01
   1.0236266e+07   3.2287598e+01
   1.0236298e+07   4.5898438e+01
   1.0236380e+07   3.4484863e+01
   1.0236401e+07   3.0761719e+01
   1.0236427e+07   3.3508301e+01
   1.0236442e+07   3.8574219e+01
   1.0236465e+07   3.1494141e+01
   1.0236496e+07   3.1066895e+01
   1.0236538e+07   3.2958984e+01
   1.0236976e+07   3.2714844e+01
   1.0250227e+07   4.4372559e+01
   1.0250344e+07   4.9621582e+01
   1.0250361e+07   3.7353516e+01
   1.0250403e+07   3.5949707e+01
   1.0250424e+07   4.4677734e+01
   1.0250487e+07   3.6437988e+01
   1.0250499e+07   3.5766602e+01
   1.0250616e+07   3.6499023e+01
   1.0251714e+07   3.6743164e+01
   1.0261144e+07   3.5766602e+01
   1.0261187e+07   3.2531738e+01
   1.0261244e+07   4.0527344e+01
   1.0261272e+07   4.4494629e+01
   1.0261296e+07   3.5827637e+01
   1.0261332e+07   4.7790527e+01
   1.0261368e+07   3.1738281e+01
   1.0261484e+07   3.9367676e+01
   1.0262123e+07   3.1372070e+01
   1.0262930e+07   3.5888672e+01
   1.0274309e+07   4.6691895e+01
   1.0274372e+07   3.6865234e+01
   1.0274384e+07   4.3640137e+01
   1.0274457e+07   3.4545898e+01
   1.0274473e+07   3.3691406e+01
   1.0274505e+07   3.1188965e+01
   1.0274565e+07   3.8879395e+01
   1.0274602e+07   4.4555664e+01
   1.0274629e+07   3.1738281e+01
   1.0274664e+07   3.3081055e+01
   1.0274909e+07   3.1921387e+01
   1.0275319e+07   3.1188965e+01
   1.0276081e+07   4.1320801e+01
   1.0276535e+07   3.4423828e+01
   1.0288101e+07   4.2297363e+01
   1.0288158e+07   3.2897949e+01
   1.0288186e+07   3.1433105e+01
   1.0288250e+07   4.0466309e+01
   1.0288295e+07   3.5644531e+01
   1.0288352e+07   3.3935547e+01
   1.0288370e+07   3.0578613e+01
   1.0288431e+07   3.5400391e+01
   1.0288544e+07   3.1738281e+01
   1.0289439e+07   3.1250000e+01
   1.0289632e+07   3.2714844e+01
   1.0300189e+07   4.6569824e+01
   1.0300200e+07   4.5898438e+01
   1.0300241e+07   3.0883789e+01
   1.0300308e+07   3.0639648e+01
   1.0300345e+07   3.2775879e+01
   1.0300376e+07   3.5766602e+01
   1.0300462e+07   3.0883789e+01
   1.0300649e+07   3.1982422e+01
   1.0301317e+07   3.1616211e+01
   1.0301514e+07   3.0578613e+01
   1.0301880e+07   3.8635254e+01
   1.0312656e+07   4.3884277e+01
   1.0312711e+07   4.1442871e+01
   1.0312754e+07   3.2287598e+01
   1.0312863e+07   3.3325195e+01
   1.0312937e+07   3.6376953e+01
   1.0313002e+07   3.3874512e+01
   1.0313078e+07   3.3569336e+01
   1.0314048e+07   3.2592773e+01
   1.0326511e+07   3.2409668e+01
   1.0326533e+07   3.7414551e+01
   1.0326554e+07   3.1311035e+01
   1.0326575e+07   4.1137695e+01
   1.0326591e+07   3.2531738e+01
   1.0326605e+07   3.6376953e+01
   1.0326694e+07   3.5400391e+01
   1.0326740e+07   3.3752441e+01
   1.0327816e+07   3.5888672e+01
   1.0328114e+07   3.1433105e+01
   1.0359272e+07   5.7678223e+01
   1.0359308e+07   3.1311035e+01
   1.0359328e+07   3.7475586e+01
   1.0359363e+07   4.8522949e+01
   1.0359375e+07   3.6743164e+01
   1.0359401e+07   3.5034180e+01
   1.0359420e+07   3.1372070e+01
   1.0359475e+07   4.1076660e+01
   1.0359521e+07   3.8574219e+01
   1.0359532e+07   3.1738281e+01
   1.0359558e+07   3.1616211e+01
   1.0359587e+07   3.7109375e+01
   1.0359597e+07   4.3823242e+01
   1.0359662e+07   3.1494141e+01
   1.0359678e+07   3.2104492e+01
   1.0359756e+07   3.4362793e+01
   1.0359794e+07   3.6499023e+01
   1.0360120e+07   3.3142090e+01
   1.0373321e+07   3.2653809e+01
   1.0373338e+07   4.7912598e+01
   1.0373416e+07   3.6315918e+01
   1.0373453e+07   3.0700684e+01
   1.0373490e+07   4.3457031e+01
   1.0373504e+07   3.1860352e+01
   1.0373544e+07   4.0161133e+01
   1.0373708e+07   3.1005859e+01
   1.0373742e+07   3.5461426e+01
   1.0373832e+07   3.4790039e+01
   1.0374556e+07   3.4912109e+01
   1.0375064e+07   3.2775879e+01
   1.0422917e+07   3.1433105e+01
   1.0422965e+07   4.8706055e+01
   1.0422996e+07   3.1372070e+01
   1.0423033e+07   4.5776367e+01
   1.0423072e+07   3.8757324e+01
   1.0423099e+07   4.1809082e+01
   1.0423123e+07   3.4912109e+01
   1.0423149e+07   3.1494141e+01
   1.0423185e+07   3.0639648e+01
   1.0423295e+07   3.2226562e+01
   1.0424291e+07   3.0456543e+01
   1.0424354e+07   3.7658691e+01
   1.0424526e+07   3.9733887e+01
   1.0587762e+07   4.5837402e+01
   1.0587799e+07   3.2531738e+01
   1.0709590e+07   4.7729492e+01
   1.0769683e+07   3.0944824e+01
   1.0769936e+07   5.0109863e+01
   1.0814251e+07   3.1127930e+01
   1.0927206e+07   3.4240723e+01
   1.0927242e+07   3.6132812e+01
   1.0927265e+07   4.7729492e+01
   1.0927282e+07   3.2165527e+01
   1.0927298e+07   4.3334961e+01
   1.0927343e+07   3.3142090e+01
   1.0927385e+07   3.0456543e+01
   1.0927428e+07   3.0761719e+01
   1.0927464e+07   3.8513184e+01
   1.0927512e+07   3.0761719e+01
   1.0927540e+07   3.5278320e+01
   1.0927573e+07   3.1616211e+01
   1.0948873e+07   3.4851074e+01
   1.0948948e+07   3.4179688e+01
   1.0948960e+07   3.1250000e+01
   1.0949008e+07   5.6213379e+01
   1.0949097e+07   3.4057617e+01
   1.0949113e+07   3.3935547e+01
   1.0949165e+07   3.4729004e+01
   1.0949181e+07   3.7841797e+01
   1.0950086e+07   3.5095215e+01
   1.1058070e+07   3.7048340e+01
   1.1058091e+07   3.2714844e+01
   1.1058120e+07   5.2612305e+01
   1.1058181e+07   4.0710449e+01
   1.1058206e+07   3.0578613e+01
   1.1058241e+07   3.2348633e+01
   1.1058271e+07   3.6254883e+01
   1.1058282e+07   4.3518066e+01
   1.1058339e+07   3.1250000e+01
   1.1059272e+07   3.2775879e+01
   1.1080282e+07   3.2226562e+01
   1.1080295e+07   4.7546387e+01
   1.1080388e+07   3.3691406e+01
   1.1080412e+07   3.6987305e+01
   1.1080442e+07   3.0761719e+01
   1.1080496e+07   3.1616211e+01
   1.1080730e+07   3.4667969e+01
   1.1134945e+07   3.0456543e+01
   1.1134980e+07   5.4931641e+01
   1.1135022e+07   3.2287598e+01
   1.1135033e+07   3.2165527e+01
   1.1135051e+07   3.2043457e+01
   1.1135070e+07   3.5461426e+01
   1.1135103e+07   3.1066895e+01
   1.1135180e+07   3.4729004e+01
   1.1135249e+07   3.3142090e+01
   1.1147964e+07   3.3691406e+01
   1.1147995e+07   5.2856445e+01
   1.1148065e+07   5.8105469e+01
   1.1148091e+07   3.2836914e+01
   1.1148132e+07   3.9367676e+01
   1.1148157e+07   3.1982422e+01
   1.1148181e+07   3.0883789e+01
   1.1148247e+07   3.0578613e+01
   1.1148263e+07   3.5461426e+01
   1.1148377e+07   3.2287598e+01
   1.1148455e+07   3.1188965e+01
   1.1149097e+07   3.0578613e+01
   1.1149508e+07   3.9733887e+01
   1.1159854e+07   4.2907715e+01
   1.1159880e+07   3.5949707e+01
   1.1159933e+07   4.4555664e+01
   1.1160006e+07   3.5461426e+01
   1.1160026e+07   3.6193848e+01
   1.1160062e+07   3.2165527e+01
   1.1160106e+07   4.1320801e+01
   1.1160145e+07   3.6315918e+01
   1.1160159e+07   3.5400391e+01
   1.1160234e+07   3.1494141e+01
   1.1161218e+07   3.7719727e+01
   1.1172124e+07   3.5949707e+01
   1.1172165e+07   3.5217285e+01
   1.1172187e+07   3.7475586e+01
   1.1172202e+07   3.7841797e+01
   1.1172311e+07   3.2287598e+01
   1.1172364e+07   3.5400391e+01
   1.1172443e+07   3.1616211e+01
   1.1172466e+07   3.5095215e+01
   1.1188637e+07   3.4118652e+01
   1.1188683e+07   3.4729004e+01
   1.1188761e+07   4.0283203e+01
   1.1188785e+07   3.2836914e+01
   1.1188829e+07   4.5532227e+01
   1.1188851e+07   4.1503906e+01
   1.1188881e+07   3.0883789e+01
   1.1189007e+07   3.7841797e+01
   1.1189137e+07   3.1555176e+01
   1.1189201e+07   3.2775879e+01
   1.1189226e+07   3.3447266e+01
   1.1200779e+07   3.3447266e+01
   1.1200799e+07   3.8452148e+01
   1.1200868e+07   3.3691406e+01
   1.1200903e+07   3.0517578e+01
   1.1200932e+07   4.0405273e+01
   1.1201002e+07   4.5043945e+01
   1.1201033e+07   3.3142090e+01
   1.1201044e+07   3.4729004e+01
   1.1201180e+07   3.5278320e+01
   1.1201801e+07   3.0761719e+01
   1.1202081e+07   3.3935547e+01
   1.1213660e+07   5.6457520e+01
   1.1213697e+07   4.5104980e+01
   1.1213751e+07   3.0822754e+01
   1.1213802e+07   5.1635742e+01
   1.1213814e+07   3.1433105e+01
   1.1213839e+07   3.3935547e+01
   1.1213881e+07   3.0883789e+01
   1.1213920e+07   3.6437988e+01
   1.1213951e+07   3.4118652e+01
   1.1213992e+07   3.6621094e+01
   1.1214098e+07   3.1372070e+01
   1.1215118e+07   3.0578613e+01
   1.1215394e+07   3.3142090e+01
   1.1229597e+07   3.8330078e+01
   1.1229669e+07   3.9855957e+01
   1.1229691e+07   3.2409668e+01
   1.1229748e+07   4.0405273e+01
   1.1229777e+07   3.2104492e+01
   1.1229814e+07   3.3081055e+01
   1.1229873e+07   3.1738281e+01
   1.1229900e+07   3.5278320e+01
   1.1229989e+07   3.1555176e+01
   1.1230087e+07   3.7902832e+01
   1.1230147e+07   3.2897949e+01
   1.1230716e+07   3.2409668e+01
   1.1231254e+07   3.2714844e+01
   1.1612620e+07   4.2114258e+01
   1.1612863e+07   5.0720215e+01
   1.1648555e+07   4.3273926e+01
   1.1649606e+07   4.1442871e+01
   1.1740137e+07   3.7170410e+01
   1.1740498e+07   4.4799805e+01
   1.1741151e+07   3.0639648e+01
   1.1769363e+07   5.2551270e+01
   1.1769374e+07   3.0761719e+01
   1.1770571e+07   3.1982422e+01
   1.1803828e+07   3.2836914e+01
   1.1804134e+07   3.3081055e+01
   1.1804147e+07   4.2846680e+01
   1.1914305e+07   4.7668457e+01
   1.1955505e+07   4.7607422e+01
   1.1974549e+07   4.6020508e+01
   1.1974947e+07   3.8208008e+01
