   1.1996000e+07   0.0000000e+00
   7.8565300e+05   3.3264160e+01
   9.8038200e+05   3.5339355e+01
   2.6256740e+06   3.5522461e+01
   2.6412630e+06   3.3569336e+01
   4.0855400e+06   3.3081055e+01
   5.9236000e+06   3.3203125e+01
   5.9899400e+06   3.2836914e+01
   6.8081810e+06   3.2775879e+01
   7.3982050e+06   3.8146973e+01
   8.5322460e+06   3.5583496e+01
   9.2687660e+06   3.3325195e+01
   9.3634920e+06   3.4423828e+01
   9.3928540e+06   3.2775879e+01
   1.0251535e+07   3.2653809e+01
   1.0288587e+07   3.2592773e+01
   1.0313165e+07   3.3386230e+01
   1.1189610e+07   3.2775879e+01
   1.1774569e+07   3.2958984e+01
