   2.9990000e+06   0.0000000e+00
   2.7290000e+03   3.2836914e+01
   4.9240000e+03   3.1921387e+01
   1.6277000e+04   3.3813477e+01
   1.7086000e+04   3.4667969e+01
   2.2136000e+04   4.1992188e+01
   2.2358000e+04   3.0700684e+01
   2.7650000e+04   4.0100098e+01
   3.1823000e+04   3.1555176e+01
   3.2998000e+04   3.2043457e+01
   3.3479000e+04   3.4240723e+01
   4.3465000e+04   3.2348633e+01
   4.3574000e+04   3.2592773e+01
   4.4691000e+04   3.1250000e+01
   4.7908000e+04   3.0761719e+01
   5.2433000e+04   3.1433105e+01
   5.8236000e+04   3.5766602e+01
   6.4987000e+04   3.9367676e+01
   6.5281000e+04   4.7851562e+01
   6.6191000e+04   3.5339355e+01
   7.4227000e+04   3.4240723e+01
   8.1314000e+04   4.0222168e+01
   8.7385000e+04   3.8391113e+01
   9.0250000e+04   3.7658691e+01
   9.3078000e+04   3.3935547e+01
   9.9608000e+04   3.8085938e+01
   1.0487200e+05   3.2714844e+01
   1.0732100e+05   3.3752441e+01
   1.0911800e+05   3.6315918e+01
   1.1250900e+05   3.2043457e+01
   1.1372900e+05   3.4790039e+01
   1.2086400e+05   3.4545898e+01
   1.2169900e+05   3.6499023e+01
   1.2198400e+05   3.4973145e+01
   1.2212800e+05   3.9367676e+01
   1.2227500e+05   3.3752441e+01
   1.2245200e+05   3.5644531e+01
   1.2265900e+05   3.2592773e+01
   1.2280700e+05   3.3142090e+01
   1.2292200e+05   4.0771484e+01
   1.2300600e+05   3.7597656e+01
   1.2303400e+05   3.2226562e+01
   1.2308300e+05   4.3762207e+01
   1.2311600e+05   3.5278320e+01
   1.2314100e+05   3.3447266e+01
   1.2316100e+05   3.2836914e+01
   1.2320800e+05   3.4912109e+01
   1.2322500e+05   6.5429688e+01
   1.2325400e+05   3.6437988e+01
   1.2326900e+05   4.4433594e+01
   1.2330100e+05   4.4982910e+01
   1.2332300e+05   3.1433105e+01
   1.2333300e+05   3.0700684e+01
   1.2335700e+05   6.8054199e+01
   1.2339500e+05   3.9367676e+01
   1.2341200e+05   4.6569824e+01
   1.2343400e+05   6.2927246e+01
   1.2344500e+05   3.5156250e+01
   1.2347000e+05   3.6621094e+01
   1.2350300e+05   3.2348633e+01
   1.2352700e+05   3.5705566e+01
   1.2357200e+05   3.4301758e+01
   1.2363000e+05   3.2653809e+01
   1.2366800e+05   3.4973145e+01
   1.2371200e+05   4.3640137e+01
   1.2380800e+05   3.5034180e+01
   1.2382300e+05   4.5898438e+01
   1.2389000e+05   3.3630371e+01
   1.2391900e+05   4.1687012e+01
   1.2394000e+05   3.8879395e+01
   1.2401300e+05   3.7536621e+01
   1.2404500e+05   3.2287598e+01
   1.2411400e+05   3.5644531e+01
   1.2439500e+05   3.4729004e+01
   1.2445100e+05   3.0883789e+01
   1.2454200e+05   3.9062500e+01
   1.2474600e+05   3.1494141e+01
   1.2490800e+05   3.5583496e+01
   1.2493400e+05   3.0822754e+01
   1.2507800e+05   3.2836914e+01
   1.2519600e+05   3.4484863e+01
   1.2546300e+05   3.1616211e+01
   1.2547700e+05   4.0893555e+01
   1.2552800e+05   4.5349121e+01
   1.2558300e+05   3.1799316e+01
   1.2561200e+05   4.3457031e+01
   1.2579400e+05   3.6315918e+01
   1.2582600e+05   3.6987305e+01
   1.2584600e+05   3.4240723e+01
   1.2602900e+05   4.6264648e+01
   1.2605600e+05   3.5339355e+01
   1.2608400e+05   4.4067383e+01
   1.2627400e+05   3.3752441e+01
   1.2631900e+05   3.1127930e+01
   1.2644100e+05   4.0283203e+01
   1.2661000e+05   3.1311035e+01
   1.2706100e+05   3.4179688e+01
   1.2710700e+05   3.7292480e+01
   1.2767700e+05   3.0944824e+01
   1.2798300e+05   3.1799316e+01
   1.2805300e+05   3.0944824e+01
   1.2835400e+05   4.4799805e+01
   1.2902300e+05   3.3264160e+01
   1.2903600e+05   3.1921387e+01
   1.3070400e+05   3.2043457e+01
   1.3147800e+05   3.0761719e+01
   1.3201200e+05   3.6499023e+01
   1.3221000e+05   3.4729004e+01
   1.3251300e+05   3.5522461e+01
   1.3319800e+05   3.2653809e+01
   1.3349900e+05   4.5043945e+01
   1.3378200e+05   3.3447266e+01
   1.3388500e+05   3.4484863e+01
   1.3411000e+05   3.0700684e+01
   1.3477600e+05   3.1860352e+01
   1.3498700e+05   3.1555176e+01
   1.3566300e+05   3.1738281e+01
   1.3601500e+05   3.4545898e+01
   1.3750900e+05   3.5156250e+01
   1.3754300e+05   3.6743164e+01
   1.3802800e+05   3.5217285e+01
   1.3804600e+05   4.3395996e+01
   1.3917800e+05   3.3691406e+01
   1.3960900e+05   3.8452148e+01
   1.3989100e+05   3.2287598e+01
   1.4048900e+05   3.0334473e+01
   1.4074600e+05   3.5217285e+01
   1.4091700e+05   4.1198730e+01
   1.4126400e+05   3.6804199e+01
   1.4154600e+05   3.6315918e+01
   1.4416000e+05   3.9611816e+01
   1.4518200e+05   3.6621094e+01
   1.4980800e+05   3.4973145e+01
   1.5330000e+05   3.7475586e+01
   1.5397800e+05   3.6071777e+01
   1.5475300e+05   3.1860352e+01
   1.5712100e+05   3.5339355e+01
   1.5737000e+05   3.0395508e+01
   1.5769400e+05   4.0954590e+01
   1.7378700e+05   3.0334473e+01
   1.7761900e+05   3.1066895e+01
   1.8224700e+05   3.1250000e+01
   1.8652300e+05   3.1188965e+01
   1.8710200e+05   4.0405273e+01
   2.0534600e+05   3.8330078e+01
   2.0838800e+05   3.6193848e+01
   2.1279300e+05   3.8085938e+01
   2.1493500e+05   3.4301758e+01
   2.3697800e+05   3.9916992e+01
   2.4028300e+05   3.1250000e+01
   2.4488200e+05   3.1005859e+01
   2.4923100e+05   3.6682129e+01
   2.5271600e+05   3.1494141e+01
   2.5343000e+05   3.1982422e+01
   2.5578800e+05   3.1677246e+01
   2.6307700e+05   3.2531738e+01
   2.6459700e+05   3.6132812e+01
   2.6647300e+05   4.1320801e+01
   2.6834900e+05   3.2165527e+01
   2.7800800e+05   3.6926270e+01
   2.8126500e+05   3.7109375e+01
   2.9494900e+05   3.3813477e+01
   2.9849000e+05   3.9916992e+01
   3.0946600e+05   3.4362793e+01
   3.1085500e+05   3.5156250e+01
   3.1516500e+05   4.0039062e+01
   3.1859300e+05   3.2836914e+01
   3.1970600e+05   3.6804199e+01
   3.2236000e+05   3.8818359e+01
   3.2541400e+05   4.1870117e+01
   3.2605200e+05   3.9611816e+01
   3.2633900e+05   3.0639648e+01
   3.2750500e+05   4.3884277e+01
   3.3048500e+05   4.1748047e+01
   3.3159500e+05   3.8085938e+01
   3.3956100e+05   3.6499023e+01
   3.4203900e+05   3.1799316e+01
   3.4498100e+05   3.6010742e+01
   3.5742900e+05   3.3813477e+01
   3.5891300e+05   3.7414551e+01
   3.6303700e+05   3.0883789e+01
   3.6587500e+05   3.4484863e+01
   3.7505800e+05   3.8574219e+01
   3.7621800e+05   3.0944824e+01
   3.7800200e+05   3.4912109e+01
   3.8040200e+05   3.0639648e+01
   3.8200800e+05   3.3142090e+01
   3.8896200e+05   3.9428711e+01
   3.9513700e+05   3.0761719e+01
   3.9558800e+05   3.2287598e+01
   4.0363700e+05   3.8330078e+01
   4.0610600e+05   3.0761719e+01
   4.1139600e+05   3.9367676e+01
   4.1632200e+05   3.7353516e+01
   4.1881100e+05   3.5766602e+01
   4.1932500e+05   4.6142578e+01
   4.2086900e+05   3.3752441e+01
   4.2556800e+05   3.2775879e+01
   4.3086300e+05   3.2165527e+01
   4.3236400e+05   3.2836914e+01
   4.3655500e+05   3.5400391e+01
   4.4318700e+05   3.4240723e+01
   4.4397100e+05   3.7109375e+01
   4.4635900e+05   4.6630859e+01
   4.5042200e+05   3.7475586e+01
   4.5908500e+05   4.1931152e+01
   4.6279200e+05   3.3508301e+01
   4.6574900e+05   3.8574219e+01
   4.6781500e+05   3.5705566e+01
   4.7314700e+05   4.2846680e+01
   4.7748000e+05   3.2165527e+01
   4.8006100e+05   4.0405273e+01
   4.8422300e+05   3.9184570e+01
   4.9272600e+05   3.2775879e+01
   4.9673600e+05   3.4973145e+01
   5.0784700e+05   3.4912109e+01
   5.1262100e+05   3.9123535e+01
   5.1743300e+05   3.4057617e+01
   5.2109600e+05   3.1433105e+01
   5.2274900e+05   4.4982910e+01
   5.3357400e+05   3.1005859e+01
   5.3365200e+05   4.0527344e+01
   5.3366200e+05   3.2409668e+01
   5.3383900e+05   3.8696289e+01
   5.3386000e+05   3.0944824e+01
   5.3391400e+05   3.8208008e+01
   5.3399600e+05   6.3354492e+01
   5.3402300e+05   3.2592773e+01
   5.3406200e+05   3.7536621e+01
   5.3407200e+05   4.4067383e+01
   5.3410900e+05   4.2236328e+01
   5.3412000e+05   3.3264160e+01
   5.3413000e+05   3.5278320e+01
   5.3417000e+05   5.7250977e+01
   5.3419400e+05   3.1311035e+01
   5.3421500e+05   3.9184570e+01
   5.3423300e+05   4.0649414e+01
   5.3424500e+05   3.0456543e+01
   5.3426200e+05   4.5104980e+01
   5.3429900e+05   4.4128418e+01
   5.3431500e+05   3.4362793e+01
   5.3433400e+05   3.5400391e+01
   5.3435300e+05   4.0649414e+01
   5.3440100e+05   4.8217773e+01
   5.3443100e+05   5.1330566e+01
   5.3444400e+05   3.1677246e+01
   5.3447400e+05   5.1391602e+01
   5.3450600e+05   4.5288086e+01
   5.3458200e+05   6.6040039e+01
   5.3468500e+05   3.3081055e+01
   5.3474900e+05   4.2846680e+01
   5.3485200e+05   6.1279297e+01
   5.3498000e+05   3.6071777e+01
   5.3510300e+05   4.4311523e+01
   5.3514200e+05   3.6743164e+01
   5.3530800e+05   3.1250000e+01
   5.3532800e+05   4.2968750e+01
   5.3544700e+05   3.3203125e+01
   5.3549500e+05   3.4118652e+01
   5.3565900e+05   3.0639648e+01
   5.3570700e+05   3.7414551e+01
   5.3585100e+05   3.9611816e+01
   5.3588600e+05   3.1250000e+01
   5.3590700e+05   4.2907715e+01
   5.3606200e+05   4.5410156e+01
   5.3612200e+05   3.9611816e+01
   5.3623800e+05   3.0883789e+01
   5.3624900e+05   3.4118652e+01
   5.3641200e+05   3.5827637e+01
   5.3643200e+05   3.2775879e+01
   5.3647100e+05   3.6010742e+01
   5.3653900e+05   3.9306641e+01
   5.3659500e+05   3.5583496e+01
   5.3668400e+05   3.4240723e+01
   5.3669700e+05   4.4006348e+01
   5.3686400e+05   3.7353516e+01
   5.3688300e+05   3.0517578e+01
   5.3698500e+05   3.1005859e+01
   5.3707300e+05   3.0639648e+01
   5.3714800e+05   3.1677246e+01
   5.3725200e+05   3.1616211e+01
   5.3745400e+05   3.5339355e+01
   5.3749300e+05   3.3813477e+01
   5.3773000e+05   3.3874512e+01
   5.3782500e+05   3.3325195e+01
   5.3799300e+05   3.0700684e+01
   5.3821800e+05   3.1982422e+01
   5.3833800e+05   3.6743164e+01
   5.3851700e+05   3.6010742e+01
   5.3854900e+05   4.3334961e+01
   5.3903900e+05   3.7597656e+01
   5.3914400e+05   3.3264160e+01
   5.3950000e+05   3.6010742e+01
   5.4009500e+05   3.4606934e+01
   5.4110600e+05   3.4240723e+01
   5.4173200e+05   3.7475586e+01
   5.4329500e+05   3.6071777e+01
   5.4340600e+05   3.6376953e+01
   5.4357500e+05   3.1005859e+01
   5.4384000e+05   4.3334961e+01
   5.4419900e+05   3.2043457e+01
   5.4431300e+05   3.6071777e+01
   5.4474400e+05   3.8574219e+01
   5.4560300e+05   4.1809082e+01
   5.4561300e+05   4.8095703e+01
   5.4674400e+05   3.6071777e+01
   5.4684500e+05   3.6682129e+01
   5.4722600e+05   3.9489746e+01
   5.4786300e+05   3.3752441e+01
   5.4962400e+05   3.3203125e+01
   5.5087100e+05   4.6142578e+01
   5.5143100e+05   3.5156250e+01
   5.5280200e+05   4.2053223e+01
   5.5293800e+05   3.8208008e+01
   5.5770400e+05   3.8757324e+01
   5.5934300e+05   3.5278320e+01
   5.6078200e+05   3.3813477e+01
   5.6236700e+05   3.6682129e+01
   5.6288700e+05   3.8818359e+01
   5.6316000e+05   3.2897949e+01
   5.6350200e+05   3.3630371e+01
   5.6509500e+05   3.0395508e+01
   5.6603700e+05   3.4973145e+01
   5.6724300e+05   3.5400391e+01
   5.7045100e+05   3.2348633e+01
   5.7824100e+05   3.4301758e+01
   5.8081900e+05   3.1555176e+01
   5.8346100e+05   3.3874512e+01
   5.8789400e+05   3.8391113e+01
   5.9897800e+05   3.5766602e+01
   5.9912800e+05   3.7109375e+01
   6.0010200e+05   3.4973145e+01
   6.0832900e+05   4.4494629e+01
   6.0840900e+05   3.1127930e+01
   6.0896800e+05   3.2958984e+01
   6.1060600e+05   4.7851562e+01
   6.1507800e+05   3.9001465e+01
   6.1834000e+05   3.9184570e+01
   6.2252800e+05   3.2714844e+01
   6.2683300e+05   3.2470703e+01
   6.2889700e+05   3.2043457e+01
   6.3380300e+05   4.0161133e+01
   6.3439800e+05   3.3020020e+01
   6.3545100e+05   4.7973633e+01
   6.4443400e+05   3.3020020e+01
   6.5155000e+05   3.1616211e+01
   6.6016900e+05   3.1433105e+01
   6.6281800e+05   3.2470703e+01
   6.6867300e+05   3.0822754e+01
   6.7256500e+05   3.9550781e+01
   6.7993900e+05   3.4973145e+01
   6.8561900e+05   3.6437988e+01
   6.8619600e+05   3.6376953e+01
   6.9055600e+05   3.5827637e+01
   6.9244700e+05   4.3701172e+01
   7.0172300e+05   4.0100098e+01
   7.0620000e+05   3.8940430e+01
   7.0708900e+05   4.2236328e+01
   7.0783000e+05   3.3813477e+01
   7.1137400e+05   3.1127930e+01
   7.1719700e+05   3.2409668e+01
   7.1756000e+05   3.3264160e+01
   7.2831000e+05   3.3325195e+01
   7.2858700e+05   3.8696289e+01
   7.3454000e+05   3.2043457e+01
   7.3854900e+05   3.2043457e+01
   7.4695100e+05   3.4545898e+01
   7.4823700e+05   3.2897949e+01
   7.5375600e+05   4.0100098e+01
   7.5505300e+05   3.2348633e+01
   7.6123300e+05   3.8330078e+01
   7.6215000e+05   3.1066895e+01
   7.6313400e+05   4.4494629e+01
   7.6720600e+05   3.7048340e+01
   7.7115200e+05   3.6315918e+01
   7.7195900e+05   3.8696289e+01
   7.7450500e+05   3.5095215e+01
   7.8136200e+05   3.0883789e+01
   7.8336400e+05   4.2907715e+01
   7.8424500e+05   3.3813477e+01
   7.8647900e+05   3.2348633e+01
   7.8742600e+05   3.1250000e+01
   7.9474900e+05   3.5705566e+01
   8.0137400e+05   3.7536621e+01
   8.0306200e+05   3.6987305e+01
   8.0803500e+05   3.1250000e+01
   8.1065500e+05   3.0334473e+01
   8.1110700e+05   3.0883789e+01
   8.1118700e+05   3.6804199e+01
   8.1124600e+05   3.0761719e+01
   8.1135600e+05   4.5471191e+01
   8.1142400e+05   3.2592773e+01
   8.1144600e+05   3.2165527e+01
   8.1148500e+05   4.2724609e+01
   8.1150800e+05   7.6293945e+01
   8.1152400e+05   3.7597656e+01
   8.1155100e+05   5.8532715e+01
   8.1156300e+05   4.6936035e+01
   8.1159400e+05   5.3527832e+01
   8.1162500e+05   5.7434082e+01
   8.1164900e+05   3.9245605e+01
   8.1167000e+05   3.3142090e+01
   8.1169300e+05   4.7729492e+01
   8.1170300e+05   4.6997070e+01
   8.1172500e+05   3.3569336e+01
   8.1175600e+05   3.2592773e+01
   8.1179000e+05   4.9926758e+01
   8.1180300e+05   4.6020508e+01
   8.1187900e+05   3.4362793e+01
   8.1189800e+05   4.4433594e+01
   8.1191400e+05   3.5583496e+01
   8.1194600e+05   5.2673340e+01
   8.1197600e+05   3.2531738e+01
   8.1203400e+05   5.2551270e+01
   8.1204900e+05   3.7414551e+01
   8.1213000e+05   3.4912109e+01
   8.1214600e+05   3.1005859e+01
   8.1222400e+05   4.1442871e+01
   8.1226400e+05   3.5888672e+01
   8.1234900e+05   3.2043457e+01
   8.1237600e+05   4.5532227e+01
   8.1239900e+05   3.3996582e+01
   8.1251600e+05   3.1066895e+01
   8.1269500e+05   3.1250000e+01
   8.1281200e+05   3.6987305e+01
   8.1286500e+05   3.0883789e+01
   8.1290300e+05   3.0700684e+01
   8.1298500e+05   3.1799316e+01
   8.1301400e+05   3.0883789e+01
   8.1319700e+05   3.3813477e+01
   8.1327100e+05   4.8400879e+01
   8.1342100e+05   4.3945313e+01
   8.1345200e+05   3.7048340e+01
   8.1356500e+05   3.5888672e+01
   8.1362300e+05   3.5156250e+01
   8.1363900e+05   3.8635254e+01
   8.1366400e+05   4.2358398e+01
   8.1375000e+05   3.0639648e+01
   8.1383700e+05   4.3640137e+01
   8.1389800e+05   3.1372070e+01
   8.1399300e+05   3.9794922e+01
   8.1402800e+05   3.2531738e+01
   8.1413200e+05   4.1503906e+01
   8.1415200e+05   5.4199219e+01
   8.1424900e+05   3.6560059e+01
   8.1435500e+05   5.9936523e+01
   8.1437400e+05   4.3701172e+01
   8.1444700e+05   3.4545898e+01
   8.1447500e+05   3.1372070e+01
   8.1461900e+05   3.0578613e+01
   8.1464600e+05   3.0517578e+01
   8.1467300e+05   3.0944824e+01
   8.1480100e+05   3.8208008e+01
   8.1481400e+05   3.4973145e+01
   8.1552400e+05   3.1250000e+01
   8.1565500e+05   4.1137695e+01
   8.1571900e+05   3.9367676e+01
   8.1608700e+05   3.7475586e+01
   8.1633600e+05   3.0334473e+01
   8.1640800e+05   3.8940430e+01
   8.1682500e+05   3.6437988e+01
   8.1700500e+05   3.1494141e+01
   8.1731500e+05   3.4545898e+01
   8.1802300e+05   3.7719727e+01
   8.1848700e+05   3.2043457e+01
   8.1921100e+05   3.1860352e+01
   8.1983700e+05   3.3264160e+01
   8.2030200e+05   4.1320801e+01
   8.2056900e+05   3.2165527e+01
   8.2104100e+05   3.0822754e+01
   8.2146900e+05   3.7414551e+01
   8.2169600e+05   3.5827637e+01
   8.2195100e+05   3.6376953e+01
   8.2208500e+05   4.7485352e+01
   8.2211700e+05   3.2348633e+01
   8.2220000e+05   3.9123535e+01
   8.2236500e+05   5.3466797e+01
   8.2239200e+05   3.0883789e+01
   8.2241800e+05   5.1269531e+01
   8.2244300e+05   3.3874512e+01
   8.2250400e+05   3.3020020e+01
   8.2251600e+05   4.5837402e+01
   8.2258000e+05   4.1625977e+01
   8.2265200e+05   4.1381836e+01
   8.2267100e+05   3.0883789e+01
   8.2271400e+05   4.7302246e+01
   8.2273400e+05   3.5034180e+01
   8.2278800e+05   3.5156250e+01
   8.2286100e+05   3.8269043e+01
   8.2290300e+05   3.4484863e+01
   8.2298400e+05   4.6752930e+01
   8.2299800e+05   3.8330078e+01
   8.2305900e+05   3.2287598e+01
   8.2310100e+05   3.0944824e+01
   8.2311500e+05   3.5827637e+01
   8.2318900e+05   3.2470703e+01
   8.2323400e+05   4.5471191e+01
   8.2325200e+05   3.9855957e+01
   8.2330100e+05   3.3630371e+01
   8.2333500e+05   3.6743164e+01
   8.2336900e+05   3.5705566e+01
   8.2348200e+05   4.5043945e+01
   8.2354000e+05   3.2653809e+01
   8.2355200e+05   5.7128906e+01
   8.2356900e+05   3.0761719e+01
   8.2365500e+05   3.9001465e+01
   8.2372300e+05   3.0517578e+01
   8.2377000e+05   6.4147949e+01
   8.2378000e+05   3.3386230e+01
   8.2381000e+05   3.1738281e+01
   8.2395900e+05   3.1921387e+01
   8.2414500e+05   4.0405273e+01
   8.2418300e+05   4.2907715e+01
   8.2431000e+05   3.7475586e+01
   8.2444800e+05   3.9611816e+01
   8.2458300e+05   3.4057617e+01
   8.2462800e+05   4.1381836e+01
   8.2483400e+05   3.7109375e+01
   8.2486800e+05   3.1372070e+01
   8.2502600e+05   3.6010742e+01
   8.2537400e+05   3.4301758e+01
   8.2566100e+05   4.7485352e+01
   8.2572100e+05   3.1433105e+01
   8.2612500e+05   3.1005859e+01
   8.2624700e+05   3.3752441e+01
   8.2705800e+05   3.5461426e+01
   8.2834100e+05   3.6499023e+01
   8.2836300e+05   3.3691406e+01
   8.2925300e+05   3.0822754e+01
   8.3017600e+05   3.8757324e+01
   8.3034200e+05   4.2297363e+01
   8.3074200e+05   4.0161133e+01
   8.3105500e+05   3.2714844e+01
   8.3217600e+05   3.2531738e+01
   8.3241400e+05   3.0761719e+01
   8.3508600e+05   4.2480469e+01
   8.3534300e+05   4.4433594e+01
   8.3617500e+05   3.6193848e+01
   8.3680700e+05   4.0100098e+01
   8.3850300e+05   3.9123535e+01
   8.4067000e+05   4.1992188e+01
   8.4418500e+05   4.0039062e+01
   8.5187900e+05   3.2775879e+01
   8.5451700e+05   3.1616211e+01
   8.5733800e+05   3.4240723e+01
   8.7279800e+05   3.1860352e+01
   8.7362700e+05   3.5217285e+01
   8.7391000e+05   4.2480469e+01
   8.7430500e+05   3.8513184e+01
   8.7553700e+05   3.6254883e+01
   8.7556900e+05   4.1625977e+01
   8.7559200e+05   4.1748047e+01
   8.7566600e+05   3.2470703e+01
   8.7572800e+05   3.6132812e+01
   8.7574600e+05   4.1076660e+01
   8.7583100e+05   3.0761719e+01
   8.7593700e+05   4.7729492e+01
   8.7595600e+05   3.7902832e+01
   8.7611000e+05   4.1809082e+01
   8.7612800e+05   3.9367676e+01
   8.7618000e+05   3.1127930e+01
   8.7620100e+05   3.0639648e+01
   8.7621600e+05   5.5297852e+01
   8.7626800e+05   4.2724609e+01
   8.7628700e+05   4.6142578e+01
   8.7631400e+05   5.1452637e+01
   8.7635000e+05   3.1860352e+01
   8.7638100e+05   3.7475586e+01
   8.7640500e+05   3.4179688e+01
   8.7643700e+05   3.0517578e+01
   8.7647900e+05   4.3395996e+01
   8.7650600e+05   6.1828613e+01
   8.7655400e+05   4.9316406e+01
   8.7659600e+05   3.9062500e+01
   8.7662100e+05   5.8349609e+01
   8.7663300e+05   3.6376953e+01
   8.7665700e+05   3.1250000e+01
   8.7676900e+05   3.2531738e+01
   8.7679600e+05   3.1860352e+01
   8.7682200e+05   3.4851074e+01
   8.7684300e+05   4.9011230e+01
   8.7686400e+05   3.0883789e+01
   8.7694300e+05   3.2165527e+01
   8.7698800e+05   4.3029785e+01
   8.7701200e+05   5.6213379e+01
   8.7703500e+05   3.0761719e+01
   8.7707300e+05   3.7231445e+01
   8.7713000e+05   3.2958984e+01
   8.7716300e+05   3.0578613e+01
   8.7718900e+05   3.7170410e+01
   8.7727900e+05   3.4057617e+01
   8.7733800e+05   4.7546387e+01
   8.7735000e+05   4.5776367e+01
   8.7740700e+05   5.0292969e+01
   8.7747200e+05   3.5949707e+01
   8.7755300e+05   4.4433594e+01
   8.7757800e+05   4.2663574e+01
   8.7761700e+05   3.2104492e+01
   8.7771100e+05   4.0283203e+01
   8.7776000e+05   3.8879395e+01
   8.7786000e+05   3.5095215e+01
   8.7787200e+05   3.7414551e+01
   8.7798600e+05   3.1616211e+01
   8.7805000e+05   3.1677246e+01
   8.7807300e+05   3.1433105e+01
   8.7809100e+05   3.1555176e+01
   8.7813100e+05   4.2419434e+01
   8.7822800e+05   3.1555176e+01
   8.7824600e+05   3.6499023e+01
   8.7830300e+05   3.2104492e+01
   8.7854700e+05   3.7231445e+01
   8.7873900e+05   3.2348633e+01
   8.7877200e+05   3.3142090e+01
   8.7878800e+05   4.2785645e+01
   8.7898000e+05   4.0832520e+01
   8.7899600e+05   4.3395996e+01
   8.7919500e+05   3.7292480e+01
   8.7933700e+05   3.3447266e+01
   8.7980900e+05   3.1066895e+01
   8.8007200e+05   3.2653809e+01
   8.8016400e+05   3.7780762e+01
   8.8055900e+05   3.7902832e+01
   8.8075000e+05   3.0639648e+01
   8.8128500e+05   3.5095215e+01
   8.8179900e+05   3.4667969e+01
   8.8231900e+05   3.6193848e+01
   8.8867600e+05   4.0466309e+01
   8.8891100e+05   3.5339355e+01
   8.8918800e+05   3.3142090e+01
   8.8997400e+05   3.1433105e+01
   8.9095200e+05   3.0456543e+01
   8.9219200e+05   3.5827637e+01
   8.9386300e+05   4.3395996e+01
   9.0128400e+05   3.0395508e+01
   9.0926000e+05   3.3569336e+01
   9.0970900e+05   3.7536621e+01
   9.1199500e+05   3.2714844e+01
   9.1329900e+05   3.1433105e+01
   9.1884300e+05   4.8522949e+01
   9.2387600e+05   3.6682129e+01
   9.2536500e+05   3.2836914e+01
   9.2567800e+05   3.9855957e+01
   9.2930800e+05   3.1799316e+01
   9.4875900e+05   4.2358398e+01
   9.5235600e+05   3.2836914e+01
   9.5241800e+05   3.3874512e+01
   9.5251400e+05   4.0161133e+01
   9.5253200e+05   3.5217285e+01
   9.5261900e+05   4.6020508e+01
   9.5270600e+05   3.1127930e+01
   9.5277100e+05   3.1066895e+01
   9.5282200e+05   6.2988281e+01
   9.5287100e+05   3.4545898e+01
   9.5289200e+05   4.6081543e+01
   9.5291300e+05   3.0700684e+01
   9.5298100e+05   3.6437988e+01
   9.5303900e+05   3.7231445e+01
   9.5305200e+05   3.8696289e+01
   9.5308100e+05   3.8452148e+01
   9.5309700e+05   4.3701172e+01
   9.5312900e+05   3.7414551e+01
   9.5315100e+05   3.6621094e+01
   9.5318000e+05   3.6865234e+01
   9.5320800e+05   4.2236328e+01
   9.5322600e+05   4.3090820e+01
   9.5323800e+05   3.5888672e+01
   9.5327800e+05   4.4555664e+01
   9.5330200e+05   4.0161133e+01
   9.5331200e+05   3.3996582e+01
   9.5333600e+05   5.2001953e+01
   9.5335000e+05   3.1494141e+01
   9.5337800e+05   3.0883789e+01
   9.5340100e+05   3.0334473e+01
   9.5342500e+05   3.4545898e+01
   9.5347600e+05   3.5766602e+01
   9.5356500e+05   3.8757324e+01
   9.5360400e+05   7.5988770e+01
   9.5369700e+05   3.4912109e+01
   9.5373200e+05   4.6081543e+01
   9.5376800e+05   3.3691406e+01
   9.5384100e+05   3.1860352e+01
   9.5385200e+05   5.2062988e+01
   9.5391600e+05   3.2592773e+01
   9.5402200e+05   3.2409668e+01
   9.5405500e+05   3.0517578e+01
   9.5407200e+05   4.1320801e+01
   9.5412900e+05   3.0944824e+01
   9.5414300e+05   3.4057617e+01
   9.5419000e+05   3.3569336e+01
   9.5420600e+05   3.2470703e+01
   9.5424400e+05   3.3752441e+01
   9.5438000e+05   4.3701172e+01
   9.5445600e+05   4.4311523e+01
   9.5449200e+05   3.0517578e+01
   9.5452200e+05   3.1311035e+01
   9.5458000e+05   3.7170410e+01
   9.5465400e+05   3.5644531e+01
   9.5478600e+05   3.9611816e+01
   9.5500100e+05   3.3142090e+01
   9.5501600e+05   4.7180176e+01
   9.5507600e+05   3.2653809e+01
   9.5522800e+05   3.3996582e+01
   9.5532100e+05   3.3813477e+01
   9.5536600e+05   3.7597656e+01
   9.5538300e+05   3.8146973e+01
   9.5548400e+05   3.1555176e+01
   9.5564200e+05   3.9550781e+01
   9.5570300e+05   3.0334473e+01
   9.5582100e+05   3.4423828e+01
   9.5590300e+05   4.4067383e+01
   9.5593600e+05   4.1320801e+01
   9.5602100e+05   3.2348633e+01
   9.5613600e+05   3.9916992e+01
   9.5618100e+05   4.1687012e+01
   9.5667100e+05   4.0832520e+01
   9.5678000e+05   4.0039062e+01
   9.5722900e+05   3.2836914e+01
   9.5752600e+05   4.2480469e+01
   9.5789800e+05   3.5949707e+01
   9.5832200e+05   3.2775879e+01
   9.5860400e+05   3.5034180e+01
   9.5904900e+05   3.0761719e+01
   9.5983300e+05   3.6621094e+01
   9.6051100e+05   3.5339355e+01
   9.6223500e+05   3.3935547e+01
   9.6332000e+05   3.7414551e+01
   9.6334700e+05   3.4851074e+01
   9.6392800e+05   3.3020020e+01
   9.6427600e+05   3.4606934e+01
   9.6461300e+05   3.0822754e+01
   9.6682100e+05   3.0578613e+01
   9.6777500e+05   4.1076660e+01
   9.7189600e+05   4.6264648e+01
   9.7315800e+05   3.2470703e+01
   9.7615300e+05   3.9855957e+01
   9.7932200e+05   3.4484863e+01
   9.8507000e+05   3.8330078e+01
   9.8555300e+05   4.3762207e+01
   9.8864300e+05   3.0700684e+01
   9.9062400e+05   4.3212891e+01
   9.9328400e+05   3.7902832e+01
   9.9379700e+05   3.1311035e+01
   9.9564100e+05   3.1982422e+01
   9.9866300e+05   3.6743164e+01
   1.0001030e+06   3.4667969e+01
   1.0012140e+06   3.4606934e+01
   1.0026960e+06   3.0700684e+01
   1.0035890e+06   3.6193848e+01
   1.0102560e+06   3.1127930e+01
   1.0184180e+06   3.2958984e+01
   1.0210600e+06   4.0588379e+01
   1.0220370e+06   3.3813477e+01
   1.0288520e+06   3.5766602e+01
   1.0313460e+06   3.6499023e+01
   1.0314630e+06   3.6010742e+01
   1.0331770e+06   3.6560059e+01
   1.0364830e+06   3.7658691e+01
   1.0411200e+06   4.0954590e+01
   1.0417230e+06   3.2592773e+01
   1.0428490e+06   3.3020020e+01
   1.0454550e+06   3.3325195e+01
   1.0570220e+06   4.2968750e+01
   1.0618100e+06   4.2907715e+01
   1.0653560e+06   3.2836914e+01
   1.0755920e+06   3.3691406e+01
   1.0781360e+06   3.1066895e+01
   1.0785960e+06   3.4362793e+01
   1.0815100e+06   3.4790039e+01
   1.0822360e+06   3.9123535e+01
   1.0882180e+06   3.5705566e+01
   1.0906120e+06   4.3823242e+01
   1.0989400e+06   3.9062500e+01
   1.1004420e+06   3.9489746e+01
   1.1021560e+06   3.9489746e+01
   1.1050240e+06   3.4606934e+01
   1.1093480e+06   3.1738281e+01
   1.1100400e+06   3.2653809e+01
   1.1149790e+06   3.3752441e+01
   1.1198520e+06   3.4362793e+01
   1.1225600e+06   3.6132812e+01
   1.1233780e+06   3.1738281e+01
   1.1348170e+06   3.1433105e+01
   1.1357190e+06   4.0588379e+01
   1.1357860e+06   3.9794922e+01
   1.1376570e+06   3.6193848e+01
   1.1381360e+06   3.6560059e+01
   1.1384670e+06   3.2958984e+01
   1.1387110e+06   3.3752441e+01
   1.1388250e+06   3.1311035e+01
   1.1389680e+06   4.6997070e+01
   1.1390090e+06   3.2958984e+01
   1.1390260e+06   3.0883789e+01
   1.1390910e+06   4.6936035e+01
   1.1391210e+06   5.2551270e+01
   1.1391330e+06   5.2124023e+01
   1.1391700e+06   3.5278320e+01
   1.1391970e+06   5.1391602e+01
   1.1392230e+06   4.5776367e+01
   1.1392470e+06   3.4606934e+01
   1.1392630e+06   4.7851562e+01
   1.1392810e+06   3.6254883e+01
   1.1393270e+06   3.6437988e+01
   1.1393470e+06   4.6264648e+01
   1.1393650e+06   3.5339355e+01
   1.1393890e+06   3.1188965e+01
   1.1394180e+06   6.0852051e+01
   1.1394480e+06   3.4301758e+01
   1.1394590e+06   3.0700684e+01
   1.1394920e+06   3.8269043e+01
   1.1395160e+06   7.9650879e+01
   1.1395340e+06   3.7719727e+01
   1.1395640e+06   4.5043945e+01
   1.1395920e+06   5.4626465e+01
   1.1396220e+06   3.1127930e+01
   1.1396320e+06   4.1625977e+01
   1.1396900e+06   3.4118652e+01
   1.1397280e+06   4.5776367e+01
   1.1397480e+06   3.4790039e+01
   1.1397850e+06   4.4311523e+01
   1.1398300e+06   4.1259766e+01
   1.1398850e+06   3.2592773e+01
   1.1398990e+06   4.2358398e+01
   1.1399650e+06   3.6560059e+01
   1.1399840e+06   3.4729004e+01
   1.1400810e+06   3.2287598e+01
   1.1401680e+06   3.3081055e+01
   1.1402200e+06   3.3752441e+01
   1.1402500e+06   3.3630371e+01
   1.1402750e+06   3.1066895e+01
   1.1403760e+06   3.3447266e+01
   1.1403930e+06   3.9733887e+01
   1.1405260e+06   4.5715332e+01
   1.1405700e+06   4.5227051e+01
   1.1406620e+06   3.3691406e+01
   1.1407950e+06   3.0761719e+01
   1.1408140e+06   3.8818359e+01
   1.1409970e+06   3.3081055e+01
   1.1410120e+06   4.1076660e+01
   1.1410920e+06   3.4423828e+01
   1.1411620e+06   3.6315918e+01
   1.1412370e+06   3.7780762e+01
   1.1413800e+06   5.0354004e+01
   1.1413920e+06   4.2480469e+01
   1.1414860e+06   3.0944824e+01
   1.1415490e+06   3.2470703e+01
   1.1416490e+06   4.5898438e+01
   1.1418690e+06   4.2724609e+01
   1.1419600e+06   3.3447266e+01
   1.1419700e+06   3.2287598e+01
   1.1420310e+06   3.4606934e+01
   1.1420490e+06   3.0334473e+01
   1.1422260e+06   3.5095215e+01
   1.1422940e+06   4.2419434e+01
   1.1423180e+06   4.3518066e+01
   1.1424240e+06   4.6325684e+01
   1.1425130e+06   3.3752441e+01
   1.1426760e+06   3.9001465e+01
   1.1428030e+06   3.2775879e+01
   1.1430880e+06   3.1372070e+01
   1.1434050e+06   3.3569336e+01
   1.1440390e+06   3.2897949e+01
   1.1441550e+06   4.1259766e+01
   1.1443430e+06   3.4240723e+01
   1.1445260e+06   3.3203125e+01
   1.1448760e+06   4.3945312e+01
   1.1453020e+06   3.1127930e+01
   1.1461290e+06   3.4057617e+01
   1.1467570e+06   3.2836914e+01
   1.1468910e+06   3.1982422e+01
   1.1472880e+06   3.6499023e+01
   1.1475320e+06   3.4240723e+01
   1.1478440e+06   3.4362793e+01
   1.1484390e+06   3.0822754e+01
   1.1488800e+06   4.0405273e+01
   1.1489920e+06   3.3630371e+01
   1.1496180e+06   3.6132812e+01
   1.1497230e+06   3.1494141e+01
   1.1504450e+06   3.2775879e+01
   1.1508870e+06   4.0039062e+01
   1.1519430e+06   3.5705566e+01
   1.1521320e+06   3.2653809e+01
   1.1544080e+06   3.0700684e+01
   1.1545720e+06   3.1921387e+01
   1.1549340e+06   3.4545898e+01
   1.1549610e+06   5.2734375e+01
   1.1554320e+06   3.6315918e+01
   1.1561940e+06   3.4240723e+01
   1.1582500e+06   3.1005859e+01
   1.1584990e+06   3.8513184e+01
   1.1589970e+06   3.2287598e+01
   1.1613330e+06   3.7536621e+01
   1.1622900e+06   3.0944824e+01
   1.1643950e+06   3.7780762e+01
   1.1678230e+06   3.2226562e+01
   1.1689190e+06   3.3630371e+01
   1.1700590e+06   4.1259766e+01
   1.1730520e+06   4.0588379e+01
   1.1782960e+06   4.1442871e+01
   1.1850460e+06   3.1250000e+01
   1.1919020e+06   4.6447754e+01
   1.1956890e+06   4.5288086e+01
   1.2047380e+06   4.5837402e+01
   1.2119980e+06   3.5400391e+01
   1.2137950e+06   3.9550781e+01
   1.2145020e+06   3.0578613e+01
   1.2200120e+06   3.5156250e+01
   1.2241330e+06   3.0700684e+01
   1.2256200e+06   3.4057617e+01
   1.2289180e+06   4.1625977e+01
   1.2358900e+06   3.6254883e+01
   1.2376590e+06   4.3212891e+01
   1.2397450e+06   3.8879395e+01
   1.2399030e+06   3.7902832e+01
   1.2406400e+06   4.1931152e+01
   1.2417990e+06   4.5471191e+01
   1.2431910e+06   3.3508301e+01
   1.2473470e+06   3.2043457e+01
   1.2484640e+06   4.0588379e+01
   1.2500720e+06   4.5227051e+01
   1.2546750e+06   3.6621094e+01
   1.2548470e+06   3.3508301e+01
   1.2549870e+06   3.1372070e+01
   1.2550120e+06   4.5349121e+01
   1.2550270e+06   3.3996582e+01
   1.2551040e+06   4.5288086e+01
   1.2552350e+06   3.1982422e+01
   1.2552780e+06   4.4067383e+01
   1.2552960e+06   4.2541504e+01
   1.2553300e+06   5.0903320e+01
   1.2553430e+06   3.0517578e+01
   1.2553560e+06   4.6386719e+01
   1.2553760e+06   3.4912109e+01
   1.2553990e+06   4.0100098e+01
   1.2554590e+06   3.6437988e+01
   1.2554950e+06   5.1208496e+01
   1.2555160e+06   5.0170898e+01
   1.2555470e+06   4.7973633e+01
   1.2555690e+06   3.5644531e+01
   1.2556250e+06   3.1127930e+01
   1.2556380e+06   3.1372070e+01
   1.2556760e+06   3.2104492e+01
   1.2557180e+06   3.9611816e+01
   1.2557400e+06   3.4240723e+01
   1.2557810e+06   3.1494141e+01
   1.2558090e+06   3.5888672e+01
   1.2558240e+06   3.2836914e+01
   1.2558420e+06   4.1137695e+01
   1.2558800e+06   4.4738770e+01
   1.2559270e+06   3.4057617e+01
   1.2560020e+06   4.0893555e+01
   1.2560850e+06   3.7048340e+01
   1.2560950e+06   3.7170410e+01
   1.2561310e+06   5.2978516e+01
   1.2562110e+06   3.4484863e+01
   1.2562390e+06   3.1677246e+01
   1.2562990e+06   4.5104980e+01
   1.2563490e+06   3.8940430e+01
   1.2563800e+06   3.6132812e+01
   1.2564340e+06   3.1066895e+01
   1.2564540e+06   3.6071777e+01
   1.2564750e+06   3.2653809e+01
   1.2564990e+06   3.3813477e+01
   1.2565510e+06   3.1982422e+01
   1.2565910e+06   4.5471191e+01
   1.2567400e+06   3.6071777e+01
   1.2567990e+06   3.2958984e+01
   1.2568680e+06   3.4729004e+01
   1.2569410e+06   3.1494141e+01
   1.2569900e+06   3.4912109e+01
   1.2570040e+06   4.8889160e+01
   1.2571330e+06   3.1066895e+01
   1.2572970e+06   3.7536621e+01
   1.2574140e+06   3.0578613e+01
   1.2574570e+06   3.3813477e+01
   1.2575760e+06   3.9367676e+01
   1.2576680e+06   4.2541504e+01
   1.2579010e+06   3.1982422e+01
   1.2579170e+06   3.6804199e+01
   1.2581850e+06   3.5095215e+01
   1.2582830e+06   3.3752441e+01
   1.2584010e+06   4.6569824e+01
   1.2586760e+06   3.3874512e+01
   1.2588950e+06   3.1188965e+01
   1.2590990e+06   3.7658691e+01
   1.2591300e+06   3.2409668e+01
   1.2594690e+06   3.5827637e+01
   1.2598620e+06   3.3630371e+01
   1.2601840e+06   3.3935547e+01
   1.2608990e+06   3.6437988e+01
   1.2612380e+06   3.1372070e+01
   1.2615920e+06   3.5644531e+01
   1.2623760e+06   3.3935547e+01
   1.2624820e+06   3.1127930e+01
   1.2628700e+06   4.0832520e+01
   1.2636330e+06   3.1005859e+01
   1.2641320e+06   3.1982422e+01
   1.2642200e+06   3.5400391e+01
   1.2644070e+06   3.8818359e+01
   1.2647580e+06   3.3081055e+01
   1.2648070e+06   3.6254883e+01
   1.2653600e+06   3.9489746e+01
   1.2662360e+06   3.7841797e+01
   1.2662720e+06   4.3701172e+01
   1.2664680e+06   3.9794922e+01
   1.2672570e+06   4.3518066e+01
   1.2681320e+06   3.5400391e+01
   1.2682990e+06   3.0517578e+01
   1.2688910e+06   3.0578613e+01
   1.2689090e+06   3.6743164e+01
   1.2697850e+06   3.1555176e+01
   1.2699430e+06   4.6264648e+01
   1.2710040e+06   3.2409668e+01
   1.2712810e+06   3.5339355e+01
   1.2748920e+06   3.4362793e+01
   1.2757110e+06   3.5888672e+01
   1.2760390e+06   3.8085938e+01
   1.2783230e+06   3.0944824e+01
   1.2787730e+06   3.7536621e+01
   1.2816510e+06   3.5339355e+01
   1.2835920e+06   3.9367676e+01
   1.2843560e+06   3.9367676e+01
   1.2863170e+06   3.4423828e+01
   1.2883140e+06   3.2287598e+01
   1.2890430e+06   3.4667969e+01
   1.2895640e+06   3.0334473e+01
   1.2902690e+06   3.0578613e+01
   1.2918000e+06   3.8024902e+01
   1.3004950e+06   3.1311035e+01
   1.3020580e+06   3.5400391e+01
   1.3041870e+06   3.4912109e+01
   1.3139830e+06   3.4423828e+01
   1.3168320e+06   4.1442871e+01
   1.3225250e+06   3.4790039e+01
   1.3229670e+06   3.2226562e+01
   1.3240750e+06   4.2297363e+01
   1.3268060e+06   3.5156250e+01
   1.3275420e+06   3.6865234e+01
   1.3306740e+06   3.1616211e+01
   1.3339250e+06   3.3081055e+01
   1.3419630e+06   3.2592773e+01
   1.3455600e+06   4.0588379e+01
   1.3485080e+06   3.8330078e+01
   1.3528380e+06   4.5227051e+01
   1.3567840e+06   4.7302246e+01
   1.3585340e+06   3.0517578e+01
   1.3638800e+06   3.3264160e+01
   1.3656660e+06   3.5217285e+01
   1.3702180e+06   3.1372070e+01
   1.3718380e+06   5.1940918e+01
   1.3721320e+06   3.9550781e+01
   1.3725430e+06   3.6010742e+01
   1.3726620e+06   3.1799316e+01
   1.3731270e+06   3.8452148e+01
   1.3735720e+06   3.4179688e+01
   1.3739350e+06   3.0639648e+01
   1.3740440e+06   3.8818359e+01
   1.3741090e+06   3.7902832e+01
   1.3742140e+06   3.2470703e+01
   1.3742380e+06   3.1677246e+01
   1.3742860e+06   3.1250000e+01
   1.3743280e+06   3.7780762e+01
   1.3743700e+06   4.4372559e+01
   1.3743840e+06   5.1696777e+01
   1.3744370e+06   3.1250000e+01
   1.3744740e+06   4.1748047e+01
   1.3745030e+06   3.5461426e+01
   1.3745150e+06   4.4677734e+01
   1.3745380e+06   3.0822754e+01
   1.3745860e+06   4.1015625e+01
   1.3746080e+06   6.8115234e+01
   1.3746230e+06   4.7973633e+01
   1.3747260e+06   4.0466309e+01
   1.3747500e+06   4.2053223e+01
   1.3747870e+06   3.1555176e+01
   1.3748000e+06   3.1433105e+01
   1.3748660e+06   3.6071777e+01
   1.3748990e+06   3.0517578e+01
   1.3749450e+06   4.9804688e+01
   1.3749750e+06   3.3691406e+01
   1.3750470e+06   3.1066895e+01
   1.3751020e+06   4.2907715e+01
   1.3751130e+06   3.5339355e+01
   1.3751840e+06   3.8635254e+01
   1.3752000e+06   5.0048828e+01
   1.3752110e+06   3.6682129e+01
   1.3752490e+06   3.3935547e+01
   1.3752920e+06   4.5349121e+01
   1.3753320e+06   4.1076660e+01
   1.3754380e+06   3.6499023e+01
   1.3755450e+06   3.6193848e+01
   1.3756090e+06   3.3569336e+01
   1.3757330e+06   3.1127930e+01
   1.3757520e+06   3.8269043e+01
   1.3758360e+06   3.1860352e+01
   1.3759470e+06   3.5644531e+01
   1.3759900e+06   4.6081543e+01
   1.3760100e+06   3.1982422e+01
   1.3761290e+06   3.9916992e+01
   1.3761470e+06   3.7048340e+01
   1.3762240e+06   3.5034180e+01
   1.3762440e+06   3.3935547e+01
   1.3763740e+06   3.8269043e+01
   1.3766660e+06   3.5827637e+01
   1.3766900e+06   3.5095215e+01
   1.3767470e+06   3.6560059e+01
   1.3768580e+06   3.3630371e+01
   1.3770920e+06   3.6193848e+01
   1.3771040e+06   3.0883789e+01
   1.3771320e+06   4.7424316e+01
   1.3771700e+06   4.5593262e+01
   1.3773260e+06   4.3701172e+01
   1.3774020e+06   3.1127930e+01
   1.3775080e+06   3.6621094e+01
   1.3775240e+06   3.9794922e+01
   1.3776590e+06   3.9062500e+01
   1.3776930e+06   3.0456543e+01
   1.3777290e+06   3.5583496e+01
   1.3783350e+06   3.0883789e+01
   1.3788220e+06   3.8391113e+01
   1.3795450e+06   3.1127930e+01
   1.3803780e+06   3.0761719e+01
   1.3809140e+06   3.6865234e+01
   1.3810360e+06   3.5339355e+01
   1.3818560e+06   3.0761719e+01
   1.3824780e+06   3.0578613e+01
   1.3831390e+06   3.0761719e+01
   1.3833530e+06   3.1616211e+01
   1.3834960e+06   3.6254883e+01
   1.3839290e+06   3.3569336e+01
   1.3843220e+06   5.2490234e+01
   1.3849440e+06   3.4118652e+01
   1.3855450e+06   3.2409668e+01
   1.3860170e+06   3.1250000e+01
   1.3868110e+06   4.4189453e+01
   1.3875660e+06   3.1127930e+01
   1.3877110e+06   3.4606934e+01
   1.3879010e+06   4.0466309e+01
   1.3882970e+06   4.2663574e+01
   1.3887410e+06   3.8757324e+01
   1.3888780e+06   4.0832520e+01
   1.3893250e+06   3.4912109e+01
   1.3895780e+06   4.8522949e+01
   1.3907470e+06   3.1799316e+01
   1.3913170e+06   4.7546387e+01
   1.4006810e+06   3.1921387e+01
   1.4011840e+06   3.1127930e+01
   1.4042080e+06   3.1433105e+01
   1.4101440e+06   3.2836914e+01
   1.4136210e+06   3.1250000e+01
   1.4188960e+06   3.1066895e+01
   1.4245200e+06   3.6193848e+01
   1.4253710e+06   3.2043457e+01
   1.4318510e+06   3.1494141e+01
   1.4368900e+06   3.4912109e+01
   1.4389070e+06   3.4362793e+01
   1.4392470e+06   3.0700684e+01
   1.4425390e+06   3.3752441e+01
   1.4445550e+06   3.4423828e+01
   1.4462300e+06   3.3752441e+01
   1.4468990e+06   3.7597656e+01
   1.4559490e+06   3.8574219e+01
   1.4582600e+06   3.0822754e+01
   1.4724070e+06   3.7963867e+01
   1.4744980e+06   3.8024902e+01
   1.4752230e+06   3.7048340e+01
   1.4756110e+06   3.4973145e+01
   1.4761590e+06   4.0649414e+01
   1.4787430e+06   3.3935547e+01
   1.4801790e+06   3.5095215e+01
   1.4810650e+06   3.6621094e+01
   1.4838120e+06   3.0944824e+01
   1.4866640e+06   3.2165527e+01
   1.4894090e+06   4.2907715e+01
   1.4904900e+06   3.1311035e+01
   1.4936290e+06   3.6560059e+01
   1.4995830e+06   3.9916992e+01
   1.5040290e+06   4.1625977e+01
   1.5067500e+06   3.2226562e+01
   1.5093170e+06   3.3691406e+01
   1.5114910e+06   3.8024902e+01
   1.5116750e+06   3.4851074e+01
   1.5161210e+06   3.7597656e+01
   1.5162200e+06   3.6743164e+01
   1.5162690e+06   4.4067383e+01
   1.5164060e+06   3.1982422e+01
   1.5164480e+06   3.9794922e+01
   1.5164580e+06   3.4301758e+01
   1.5164910e+06   3.5339355e+01
   1.5165230e+06   6.5612793e+01
   1.5165710e+06   3.9855957e+01
   1.5165920e+06   4.3762207e+01
   1.5166040e+06   3.0395508e+01
   1.5166340e+06   5.2246094e+01
   1.5166910e+06   5.9265137e+01
   1.5167300e+06   5.5541992e+01
   1.5167610e+06   3.0517578e+01
   1.5167810e+06   3.4362793e+01
   1.5168110e+06   3.2287598e+01
   1.5168340e+06   4.7180176e+01
   1.5168830e+06   3.5888672e+01
   1.5168970e+06   3.6193848e+01
   1.5169450e+06   3.3935547e+01
   1.5169680e+06   3.5156250e+01
   1.5169780e+06   3.2165527e+01
   1.5170550e+06   4.0771484e+01
   1.5170650e+06   3.0822754e+01
   1.5170920e+06   3.7292480e+01
   1.5171090e+06   3.8940430e+01
   1.5171580e+06   3.6010742e+01
   1.5171720e+06   3.3752441e+01
   1.5172290e+06   3.7170410e+01
   1.5172610e+06   3.1311035e+01
   1.5172750e+06   3.2531738e+01
   1.5173560e+06   3.5217285e+01
   1.5173760e+06   3.8269043e+01
   1.5174010e+06   3.5217285e+01
   1.5174380e+06   3.3630371e+01
   1.5175040e+06   3.5766602e+01
   1.5176240e+06   4.2297363e+01
   1.5176660e+06   4.3701172e+01
   1.5177140e+06   3.2348633e+01
   1.5177630e+06   3.3386230e+01
   1.5178680e+06   3.1799316e+01
   1.5179270e+06   4.0405273e+01
   1.5179600e+06   3.3203125e+01
   1.5180310e+06   4.1503906e+01
   1.5180760e+06   4.2480469e+01
   1.5183910e+06   3.1799316e+01
   1.5189900e+06   3.5339355e+01
   1.5190510e+06   4.0283203e+01
   1.5190950e+06   3.7048340e+01
   1.5191240e+06   3.3264160e+01
   1.5191710e+06   4.0283203e+01
   1.5194260e+06   3.9428711e+01
   1.5194650e+06   3.7231445e+01
   1.5195570e+06   3.2897949e+01
   1.5198630e+06   3.1738281e+01
   1.5202300e+06   3.1311035e+01
   1.5204320e+06   3.0517578e+01
   1.5205930e+06   3.4606934e+01
   1.5210330e+06   3.6987305e+01
   1.5221450e+06   3.1250000e+01
   1.5228230e+06   3.0761719e+01
   1.5245760e+06   3.3203125e+01
   1.5249940e+06   3.0334473e+01
   1.5250590e+06   3.3996582e+01
   1.5254040e+06   3.1005859e+01
   1.5262520e+06   3.9978027e+01
   1.5265880e+06   3.0517578e+01
   1.5270180e+06   3.0700684e+01
   1.5272940e+06   3.8452148e+01
   1.5282880e+06   3.2104492e+01
   1.5305400e+06   4.0527344e+01
   1.5305810e+06   3.0334473e+01
   1.5314310e+06   3.4973145e+01
   1.5314470e+06   3.4667969e+01
   1.5316180e+06   3.7719727e+01
   1.5316950e+06   3.5888672e+01
   1.5321210e+06   3.5278320e+01
   1.5327650e+06   3.4301758e+01
   1.5341650e+06   3.1066895e+01
   1.5353780e+06   3.4729004e+01
   1.5387920e+06   3.4301758e+01
   1.5397370e+06   3.7963867e+01
   1.5416360e+06   3.1250000e+01
   1.5428630e+06   3.2653809e+01
   1.5443450e+06   3.2653809e+01
   1.5487710e+06   3.7963867e+01
   1.5511850e+06   4.2114258e+01
   1.5530020e+06   3.0822754e+01
   1.5553040e+06   3.4912109e+01
   1.5645480e+06   3.6987305e+01
   1.5675180e+06   3.3142090e+01
   1.5702230e+06   3.2287598e+01
   1.5706790e+06   4.0588379e+01
   1.5718560e+06   3.5522461e+01
   1.5804380e+06   3.4912109e+01
   1.5819860e+06   3.7902832e+01
   1.5889100e+06   3.7292480e+01
   1.5913470e+06   3.3935547e+01
   1.5915020e+06   3.2592773e+01
   1.5936610e+06   3.1372070e+01
   1.5946000e+06   3.1921387e+01
   1.5966450e+06   4.1503906e+01
   1.5977880e+06   3.2653809e+01
   1.6004280e+06   3.1311035e+01
   1.6025510e+06   3.1921387e+01
   1.6099840e+06   5.1635742e+01
   1.6134340e+06   3.3935547e+01
   1.6146890e+06   3.2104492e+01
   1.6217610e+06   4.0405273e+01
   1.6260860e+06   3.7292480e+01
   1.6329680e+06   3.4912109e+01
   1.6344740e+06   3.5522461e+01
   1.6362000e+06   4.0039062e+01
   1.6379890e+06   3.2470703e+01
   1.6431750e+06   3.0578613e+01
   1.6462370e+06   3.1799316e+01
   1.6498100e+06   3.6682129e+01
   1.6563150e+06   3.4423828e+01
   1.6571350e+06   3.4973145e+01
   1.6593140e+06   3.4545898e+01
   1.6596650e+06   3.2531738e+01
   1.6607810e+06   3.2409668e+01
   1.6615180e+06   3.4790039e+01
   1.6628990e+06   3.4118652e+01
   1.6651280e+06   3.8940430e+01
   1.6708530e+06   3.3142090e+01
   1.6722270e+06   3.7597656e+01
   1.6776540e+06   3.4545898e+01
   1.6777910e+06   3.6254883e+01
   1.6833410e+06   3.7353516e+01
   1.6856960e+06   3.1921387e+01
   1.6871500e+06   3.4484863e+01
   1.6909790e+06   3.2104492e+01
   1.6922640e+06   3.3325195e+01
   1.6942320e+06   3.8574219e+01
   1.6973900e+06   3.2897949e+01
   1.7029420e+06   3.2653809e+01
   1.7060880e+06   3.3325195e+01
   1.7066210e+06   3.7109375e+01
   1.7145080e+06   4.1748047e+01
   1.7150600e+06   3.6987305e+01
   1.7211880e+06   3.3874512e+01
   1.7242790e+06   3.7109375e+01
   1.7265060e+06   4.3823242e+01
   1.7291620e+06   3.4912109e+01
   1.7304090e+06   3.5583496e+01
   1.7320640e+06   3.1311035e+01
   1.7355480e+06   3.1616211e+01
   1.7385150e+06   3.0944824e+01
   1.7414810e+06   3.6010742e+01
   1.7448420e+06   3.5766602e+01
   1.7499550e+06   3.8146973e+01
   1.7539440e+06   3.1616211e+01
   1.7542520e+06   3.5827637e+01
   1.7587770e+06   3.9611816e+01
   1.7592250e+06   3.6071777e+01
   1.7601270e+06   4.3762207e+01
   1.7641940e+06   3.6132812e+01
   1.7646790e+06   6.8725586e+01
   1.7646900e+06   4.4189453e+01
   1.7647180e+06   4.2480469e+01
   1.7647920e+06   4.1320801e+01
   1.7648260e+06   6.5917969e+01
   1.7648400e+06   3.5949707e+01
   1.7648630e+06   5.9631348e+01
   1.7648770e+06   3.0334473e+01
   1.7648880e+06   4.4677734e+01
   1.7649180e+06   3.3569336e+01
   1.7649470e+06   5.0170898e+01
   1.7650020e+06   4.2358398e+01
   1.7650290e+06   5.4382324e+01
   1.7650550e+06   3.6193848e+01
   1.7650840e+06   4.3151855e+01
   1.7651030e+06   3.5888672e+01
   1.7651490e+06   3.5400391e+01
   1.7651880e+06   3.8330078e+01
   1.7652030e+06   3.1616211e+01
   1.7652280e+06   4.5043945e+01
   1.7652700e+06   4.2053223e+01
   1.7653600e+06   3.3142090e+01
   1.7653950e+06   3.0578613e+01
   1.7654790e+06   3.6071777e+01
   1.7654920e+06   4.0893555e+01
   1.7655380e+06   4.8339844e+01
   1.7656080e+06   4.1442871e+01
   1.7656240e+06   4.6020508e+01
   1.7656630e+06   3.1005859e+01
   1.7656820e+06   3.0822754e+01
   1.7657970e+06   4.4006348e+01
   1.7658950e+06   3.2897949e+01
   1.7659170e+06   4.2236328e+01
   1.7659420e+06   3.3020020e+01
   1.7660110e+06   3.3874512e+01
   1.7660970e+06   4.2663574e+01
   1.7661260e+06   3.4484863e+01
   1.7662450e+06   3.4729004e+01
   1.7663210e+06   3.6926270e+01
   1.7664680e+06   3.3142090e+01
   1.7664880e+06   3.8940430e+01
   1.7666370e+06   3.0639648e+01
   1.7666750e+06   3.3264160e+01
   1.7667960e+06   3.8269043e+01
   1.7669420e+06   3.4912109e+01
   1.7669980e+06   3.1433105e+01
   1.7670750e+06   3.0395508e+01
   1.7672480e+06   3.3447266e+01
   1.7673440e+06   3.0883789e+01
   1.7674040e+06   4.1870117e+01
   1.7676910e+06   3.4545898e+01
   1.7677330e+06   3.1555176e+01
   1.7679030e+06   4.6569824e+01
   1.7680100e+06   3.7780762e+01
   1.7681250e+06   4.3029785e+01
   1.7683880e+06   3.2592773e+01
   1.7685230e+06   3.2470703e+01
   1.7685890e+06   3.8146973e+01
   1.7687940e+06   3.1005859e+01
   1.7691530e+06   3.4240723e+01
   1.7698080e+06   3.3142090e+01
   1.7704050e+06   3.4118652e+01
   1.7707520e+06   3.1250000e+01
   1.7713560e+06   3.6071777e+01
   1.7743310e+06   3.8391113e+01
   1.7746220e+06   3.7109375e+01
   1.7747100e+06   4.9743652e+01
   1.7749290e+06   3.9306641e+01
   1.7749590e+06   3.3386230e+01
   1.7752570e+06   3.8635254e+01
   1.7756080e+06   3.6987305e+01
   1.7757240e+06   3.8330078e+01
   1.7758070e+06   3.4729004e+01
   1.7758330e+06   3.0639648e+01
   1.7758710e+06   5.0598145e+01
   1.7758920e+06   4.0527344e+01
   1.7759640e+06   4.2663574e+01
   1.7761210e+06   3.3386230e+01
   1.7761520e+06   3.0883789e+01
   1.7761860e+06   3.2165527e+01
   1.7762170e+06   4.3518066e+01
   1.7762470e+06   4.5227051e+01
   1.7762790e+06   4.9804688e+01
   1.7763220e+06   3.5705566e+01
   1.7763370e+06   3.8269043e+01
   1.7764710e+06   3.9123535e+01
   1.7764950e+06   3.7109375e+01
   1.7765200e+06   3.3996582e+01
   1.7765560e+06   4.4677734e+01
   1.7765790e+06   5.3649902e+01
   1.7765890e+06   3.5583496e+01
   1.7766620e+06   3.3569336e+01
   1.7766850e+06   3.4301758e+01
   1.7767620e+06   3.6682129e+01
   1.7768050e+06   4.2297363e+01
   1.7768390e+06   3.6865234e+01
   1.7769270e+06   3.5583496e+01
   1.7769740e+06   3.2653809e+01
   1.7770310e+06   3.0517578e+01
   1.7770700e+06   3.4545898e+01
   1.7771190e+06   3.3752441e+01
   1.7771910e+06   4.0283203e+01
   1.7773890e+06   4.2297363e+01
   1.7774160e+06   3.7353516e+01
   1.7776120e+06   3.3630371e+01
   1.7777440e+06   3.5766602e+01
   1.7777540e+06   3.5095215e+01
   1.7778670e+06   3.7109375e+01
   1.7780820e+06   4.7546387e+01
   1.7781380e+06   3.3569336e+01
   1.7781490e+06   5.2124023e+01
   1.7783590e+06   4.5532227e+01
   1.7784190e+06   4.8828125e+01
   1.7784540e+06   4.3762207e+01
   1.7785800e+06   3.6499023e+01
   1.7787580e+06   3.0883789e+01
   1.7787980e+06   3.8024902e+01
   1.7788230e+06   4.6691895e+01
   1.7789990e+06   3.2714844e+01
   1.7790760e+06   3.1494141e+01
   1.7790880e+06   4.3762207e+01
   1.7792720e+06   3.1738281e+01
   1.7793340e+06   4.0283203e+01
   1.7794810e+06   3.5522461e+01
   1.7796050e+06   3.6254883e+01
   1.7801300e+06   3.0822754e+01
   1.7812810e+06   3.6682129e+01
   1.7833940e+06   3.3508301e+01
   1.7835900e+06   3.1677246e+01
   1.7838270e+06   3.3325195e+01
   1.7884970e+06   3.1188965e+01
   1.7887180e+06   3.7597656e+01
   1.7967410e+06   3.5827637e+01
   1.7994560e+06   3.1372070e+01
   1.8006640e+06   4.4860840e+01
   1.8048520e+06   3.7170410e+01
   1.8051480e+06   3.5156250e+01
   1.8108190e+06   3.1860352e+01
   1.8113200e+06   3.6315918e+01
   1.8123290e+06   3.1738281e+01
   1.8199850e+06   3.2592773e+01
   1.8232800e+06   3.1433105e+01
   1.8272880e+06   3.9855957e+01
   1.8369140e+06   3.6621094e+01
   1.8374950e+06   4.0039062e+01
   1.8396020e+06   4.6997070e+01
   1.8403770e+06   4.6936035e+01
   1.8459080e+06   3.4301758e+01
   1.8495390e+06   3.2287598e+01
   1.8552240e+06   3.6132812e+01
   1.8558860e+06   3.5095215e+01
   1.8602610e+06   3.1738281e+01
   1.8640220e+06   3.9062500e+01
   1.8643360e+06   3.1311035e+01
   1.8698590e+06   3.0883789e+01
   1.8748390e+06   3.3813477e+01
   1.8789960e+06   3.4729004e+01
   1.8801530e+06   4.0466309e+01
   1.8806710e+06   3.1616211e+01
   1.8854090e+06   3.7719727e+01
   1.8869100e+06   3.7597656e+01
   1.8905920e+06   3.5766602e+01
   1.8943100e+06   3.5522461e+01
   1.8962900e+06   3.0395508e+01
   1.8981360e+06   3.5766602e+01
   1.9060020e+06   3.4606934e+01
   1.9104540e+06   3.6193848e+01
   1.9126930e+06   4.0100098e+01
   1.9133170e+06   4.9926758e+01
   1.9163760e+06   3.2714844e+01
   1.9182630e+06   3.4790039e+01
   1.9189380e+06   3.1433105e+01
   1.9198410e+06   3.9916992e+01
   1.9291660e+06   3.6682129e+01
   1.9300220e+06   4.2846680e+01
   1.9319370e+06   3.6254883e+01
   1.9348610e+06   4.1320801e+01
   1.9440070e+06   4.0527344e+01
   1.9453240e+06   3.0456543e+01
   1.9486450e+06   3.2958984e+01
   1.9503520e+06   3.0883789e+01
   1.9512100e+06   3.8085938e+01
   1.9570990e+06   3.9184570e+01
   1.9572220e+06   4.5593262e+01
   1.9585840e+06   4.0222168e+01
   1.9627830e+06   3.9367676e+01
   1.9664690e+06   3.2775879e+01
   1.9672040e+06   3.9611816e+01
   1.9688720e+06   3.1372070e+01
   1.9754740e+06   3.0639648e+01
   1.9761780e+06   3.1433105e+01
   1.9776560e+06   3.7231445e+01
   1.9829970e+06   4.1503906e+01
   1.9846180e+06   3.8879395e+01
   1.9856800e+06   3.6437988e+01
   1.9923000e+06   3.5217285e+01
   1.9927540e+06   4.4372559e+01
   1.9970300e+06   3.8146973e+01
   1.9977400e+06   3.1555176e+01
   1.9979170e+06   3.1555176e+01
   1.9989760e+06   3.6987305e+01
   2.0018470e+06   4.7607422e+01
   2.0019060e+06   4.1564941e+01
   2.0020040e+06   4.6691895e+01
   2.0020170e+06   4.3457031e+01
   2.0020680e+06   5.3955078e+01
   2.0021280e+06   3.5644531e+01
   2.0021470e+06   3.6987305e+01
   2.0021620e+06   4.2785645e+01
   2.0021850e+06   4.5593262e+01
   2.0022140e+06   4.0832520e+01
   2.0022290e+06   5.7495117e+01
   2.0022420e+06   4.1442871e+01
   2.0022610e+06   3.0395508e+01
   2.0022970e+06   3.1250000e+01
   2.0023160e+06   3.2592773e+01
   2.0023360e+06   3.8146973e+01
   2.0023710e+06   3.0700684e+01
   2.0023830e+06   3.9428711e+01
   2.0024250e+06   3.9550781e+01
   2.0024410e+06   3.8513184e+01
   2.0024720e+06   4.6752930e+01
   2.0024850e+06   3.5217285e+01
   2.0025520e+06   4.5532227e+01
   2.0025860e+06   4.5349121e+01
   2.0026030e+06   4.2724609e+01
   2.0026900e+06   4.5898438e+01
   2.0027790e+06   3.1616211e+01
   2.0028270e+06   3.7658691e+01
   2.0029210e+06   4.3884277e+01
   2.0029540e+06   3.2470703e+01
   2.0029960e+06   3.9428711e+01
   2.0030690e+06   3.7170410e+01
   2.0031770e+06   3.8513184e+01
   2.0032200e+06   3.5766602e+01
   2.0033460e+06   4.0954590e+01
   2.0033710e+06   4.4189453e+01
   2.0035160e+06   3.4851074e+01
   2.0035530e+06   4.0710449e+01
   2.0036270e+06   3.2653809e+01
   2.0037430e+06   3.9306641e+01
   2.0037660e+06   4.0771484e+01
   2.0038090e+06   3.7109375e+01
   2.0039480e+06   4.8461914e+01
   2.0039590e+06   3.2897949e+01
   2.0040090e+06   3.3874512e+01
   2.0041390e+06   3.7536621e+01
   2.0041750e+06   4.3457031e+01
   2.0042240e+06   3.3752441e+01
   2.0043500e+06   3.2653809e+01
   2.0044470e+06   3.6071777e+01
   2.0045220e+06   3.8330078e+01
   2.0045550e+06   3.2165527e+01
   2.0045740e+06   4.4799805e+01
   2.0048220e+06   3.3081055e+01
   2.0048450e+06   3.9062500e+01
   2.0051160e+06   3.1433105e+01
   2.0052460e+06   3.3264160e+01
   2.0053410e+06   3.7170410e+01
   2.0058920e+06   3.4240723e+01
   2.0062630e+06   4.3273926e+01
   2.0076030e+06   3.6682129e+01
   2.0085290e+06   3.1555176e+01
   2.0104300e+06   3.4545898e+01
   2.0105670e+06   3.2592773e+01
   2.0106980e+06   3.8574219e+01
   2.0140460e+06   3.9550781e+01
   2.0143150e+06   3.3020020e+01
   2.0143670e+06   3.1555176e+01
   2.0147590e+06   3.1372070e+01
   2.0151670e+06   3.7597656e+01
   2.0152890e+06   3.7353516e+01
   2.0156140e+06   3.0822754e+01
   2.0157200e+06   3.3813477e+01
   2.0160690e+06   3.2775879e+01
   2.0162570e+06   3.5278320e+01
   2.0167580e+06   4.3945312e+01
   2.0167760e+06   3.2287598e+01
   2.0168730e+06   3.6682129e+01
   2.0171040e+06   3.5278320e+01
   2.0172710e+06   5.3527832e+01
   2.0174070e+06   3.7963867e+01
   2.0175800e+06   4.7668457e+01
   2.0177230e+06   3.5339355e+01
   2.0178160e+06   3.1494141e+01
   2.0180950e+06   3.7475586e+01
   2.0183080e+06   4.2419434e+01
   2.0191310e+06   3.5461426e+01
   2.0194970e+06   3.1066895e+01
   2.0196200e+06   3.9489746e+01
   2.0208840e+06   3.1188965e+01
   2.0238360e+06   3.4301758e+01
   2.0241260e+06   3.0700684e+01
   2.0247170e+06   3.3691406e+01
   2.0275990e+06   3.4423828e+01
   2.0297420e+06   4.5227051e+01
   2.0314270e+06   3.5583496e+01
   2.0352140e+06   3.5095215e+01
   2.0427800e+06   3.0700684e+01
   2.0445850e+06   3.3081055e+01
   2.0485710e+06   3.0456543e+01
   2.0495930e+06   3.2226562e+01
   2.0615470e+06   3.9550781e+01
   2.0645050e+06   3.8940430e+01
   2.0675520e+06   3.2287598e+01
   2.0699210e+06   3.1921387e+01
   2.0749140e+06   3.0578613e+01
   2.0811760e+06   3.1433105e+01
   2.0837730e+06   3.7841797e+01
   2.0879010e+06   4.1748047e+01
   2.0894470e+06   3.0334473e+01
   2.0907560e+06   3.4240723e+01
   2.0916560e+06   3.1066895e+01
   2.0919340e+06   3.8513184e+01
   2.0931880e+06   3.7902832e+01
   2.0979420e+06   3.6010742e+01
   2.1029060e+06   3.2592773e+01
   2.1083470e+06   3.5644531e+01
   2.1194960e+06   3.4973145e+01
   2.1220290e+06   3.4545898e+01
   2.1251920e+06   3.7048340e+01
   2.1267440e+06   3.9855957e+01
   2.1271010e+06   3.4118652e+01
   2.1285320e+06   3.6804199e+01
   2.1308240e+06   3.5400391e+01
   2.1327900e+06   4.4006348e+01
   2.1408520e+06   3.1188965e+01
   2.1424490e+06   3.3508301e+01
   2.1446420e+06   4.0710449e+01
   2.1448060e+06   4.3518066e+01
   2.1448920e+06   3.7536621e+01
   2.1449580e+06   3.7109375e+01
   2.1451620e+06   4.4128418e+01
   2.1452870e+06   3.1372070e+01
   2.1453370e+06   3.9367676e+01
   2.1454260e+06   4.0649414e+01
   2.1454520e+06   3.1127930e+01
   2.1454700e+06   3.0822754e+01
   2.1454890e+06   3.1433105e+01
   2.1455830e+06   3.8146973e+01
   2.1456190e+06   3.0639648e+01
   2.1456700e+06   3.2348633e+01
   2.1456990e+06   3.0395508e+01
   2.1457260e+06   4.5532227e+01
   2.1457550e+06   3.6437988e+01
   2.1457670e+06   7.7392578e+01
   2.1457930e+06   5.2246094e+01
   2.1458210e+06   3.7536621e+01
   2.1458550e+06   4.6630859e+01
   2.1458680e+06   3.3874512e+01
   2.1459150e+06   4.2419434e+01
   2.1459410e+06   3.5461426e+01
   2.1459760e+06   3.3142090e+01
   2.1459880e+06   5.1879883e+01
   2.1460100e+06   3.5888672e+01
   2.1460810e+06   3.9550781e+01
   2.1461170e+06   3.5217285e+01
   2.1461690e+06   3.2714844e+01
   2.1461790e+06   4.0283203e+01
   2.1462060e+06   3.2165527e+01
   2.1462510e+06   4.2114258e+01
   2.1462610e+06   3.2409668e+01
   2.1462860e+06   3.2653809e+01
   2.1463120e+06   3.7353516e+01
   2.1464230e+06   3.4729004e+01
   2.1464650e+06   3.5034180e+01
   2.1465210e+06   3.3569336e+01
   2.1465970e+06   3.9672852e+01
   2.1466120e+06   3.3874512e+01
   2.1466940e+06   3.9611816e+01
   2.1467500e+06   3.5156250e+01
   2.1468260e+06   3.4912109e+01
   2.1468800e+06   3.0517578e+01
   2.1469330e+06   3.5095215e+01
   2.1470970e+06   3.1799316e+01
   2.1471260e+06   3.5949707e+01
   2.1473030e+06   3.7231445e+01
   2.1473270e+06   4.1564941e+01
   2.1475600e+06   3.2592773e+01
   2.1475870e+06   3.5644531e+01
   2.1477140e+06   3.2043457e+01
   2.1477620e+06   6.8725586e+01
   2.1480430e+06   3.0883789e+01
   2.1480710e+06   4.3518066e+01
   2.1480900e+06   3.9123535e+01
   2.1481280e+06   3.2836914e+01
   2.1482600e+06   3.0822754e+01
   2.1482960e+06   3.5400391e+01
   2.1484100e+06   3.5339355e+01
   2.1484710e+06   4.2114258e+01
   2.1484960e+06   3.3630371e+01
   2.1485350e+06   3.5705566e+01
   2.1487310e+06   3.4912109e+01
   2.1487480e+06   3.8208008e+01
   2.1490200e+06   3.1005859e+01
   2.1497680e+06   3.0456543e+01
   2.1504300e+06   3.5278320e+01
   2.1514960e+06   3.2470703e+01
   2.1521640e+06   3.0639648e+01
   2.1546540e+06   4.0161133e+01
   2.1547910e+06   3.1066895e+01
   2.1549610e+06   3.5339355e+01
   2.1550390e+06   3.9550781e+01
   2.1550700e+06   3.9916992e+01
   2.1554430e+06   3.5400391e+01
   2.1563020e+06   4.2114258e+01
   2.1565650e+06   4.4555664e+01
   2.1568830e+06   3.3508301e+01
   2.1574800e+06   3.9794922e+01
   2.1575380e+06   3.6987305e+01
   2.1576900e+06   4.1503906e+01
   2.1578390e+06   3.0517578e+01
   2.1580840e+06   3.1066895e+01
   2.1582560e+06   3.1066895e+01
   2.1586630e+06   3.5583496e+01
   2.1591390e+06   4.0710449e+01
   2.1594430e+06   3.8208008e+01
   2.1597110e+06   3.0578613e+01
   2.1598000e+06   3.3569336e+01
   2.1601270e+06   3.1311035e+01
   2.1601760e+06   3.6987305e+01
   2.1603850e+06   4.2480469e+01
   2.1606370e+06   4.0710449e+01
   2.1610350e+06   3.3447266e+01
   2.1616780e+06   3.0761719e+01
   2.1621830e+06   3.5766602e+01
   2.1675290e+06   4.0893555e+01
   2.1679180e+06   4.3884277e+01
   2.1682320e+06   3.5217285e+01
   2.1724200e+06   3.4912109e+01
   2.1725540e+06   3.2043457e+01
   2.1728500e+06   3.9123535e+01
   2.1731990e+06   3.3508301e+01
   2.1747300e+06   3.1494141e+01
   2.1749980e+06   3.0578613e+01
   2.1774740e+06   3.0822754e+01
   2.1786730e+06   4.4128418e+01
   2.1801690e+06   3.0334473e+01
   2.1807480e+06   3.5461426e+01
   2.1838420e+06   3.0517578e+01
   2.1840720e+06   4.4311523e+01
   2.1846420e+06   4.3457031e+01
   2.1860930e+06   4.4006348e+01
   2.1881180e+06   3.2226562e+01
   2.1887040e+06   3.2531738e+01
   2.1947800e+06   3.0334473e+01
   2.1956990e+06   3.1738281e+01
   2.1988680e+06   3.4362793e+01
   2.1996820e+06   3.3081055e+01
   2.2006750e+06   3.1188965e+01
   2.2062790e+06   3.5827637e+01
   2.2086670e+06   3.5339355e+01
   2.2089730e+06   3.9306641e+01
   2.2089940e+06   3.5522461e+01
   2.2164590e+06   3.3569336e+01
   2.2188610e+06   3.7536621e+01
   2.2228990e+06   3.3386230e+01
   2.2246270e+06   3.2409668e+01
   2.2248670e+06   3.2714844e+01
   2.2276990e+06   3.8391113e+01
   2.2285480e+06   3.4118652e+01
   2.2304160e+06   3.7414551e+01
   2.2335330e+06   3.1982422e+01
   2.2347540e+06   3.5278320e+01
   2.2365600e+06   3.2775879e+01
   2.2366230e+06   3.2043457e+01
   2.2391950e+06   3.9794922e+01
   2.2465200e+06   3.1250000e+01
   2.2471330e+06   3.4973145e+01
   2.2493200e+06   3.8330078e+01
   2.2545540e+06   3.7902832e+01
   2.2550220e+06   4.4250488e+01
   2.2587820e+06   3.5766602e+01
   2.2646480e+06   3.1738281e+01
   2.2665790e+06   3.4667969e+01
   2.2684030e+06   3.0822754e+01
   2.2700240e+06   3.9123535e+01
   2.2706530e+06   3.0944824e+01
   2.2715030e+06   3.2287598e+01
   2.2729180e+06   3.1250000e+01
   2.2742600e+06   3.1677246e+01
   2.2793690e+06   3.1127930e+01
   2.2802860e+06   3.8879395e+01
   2.2843880e+06   3.1433105e+01
   2.2883280e+06   3.3203125e+01
   2.2886430e+06   4.1076660e+01
   2.2922360e+06   3.2348633e+01
   2.3000250e+06   3.5156250e+01
   2.3018680e+06   3.2836914e+01
   2.3030340e+06   3.3508301e+01
   2.3039700e+06   3.0883789e+01
   2.3043780e+06   3.3874512e+01
   2.3046560e+06   3.8879395e+01
   2.3076780e+06   3.1860352e+01
   2.3119110e+06   3.5034180e+01
   2.3119500e+06   3.2897949e+01
   2.3135800e+06   3.2653809e+01
   2.3173920e+06   3.8024902e+01
   2.3207230e+06   3.2653809e+01
   2.3213150e+06   3.5339355e+01
   2.3223900e+06   3.0639648e+01
   2.3258750e+06   3.2653809e+01
   2.3291500e+06   3.5522461e+01
   2.3301850e+06   4.0283203e+01
   2.3330970e+06   3.1677246e+01
   2.3338130e+06   3.9672852e+01
   2.3367180e+06   3.1494141e+01
   2.3368380e+06   3.7719727e+01
   2.3368530e+06   6.3598633e+01
   2.3369160e+06   3.3203125e+01
   2.3369370e+06   4.6508789e+01
   2.3370340e+06   3.0761719e+01
   2.3370750e+06   3.1066895e+01
   2.3370970e+06   4.9987793e+01
   2.3371080e+06   5.8349609e+01
   2.3371270e+06   4.1015625e+01
   2.3371530e+06   3.1616211e+01
   2.3371980e+06   3.5034180e+01
   2.3372230e+06   4.3334961e+01
   2.3372600e+06   4.4677734e+01
   2.3372850e+06   7.6477051e+01
   2.3373040e+06   4.0039062e+01
   2.3373160e+06   3.2653809e+01
   2.3373510e+06   4.0405273e+01
   2.3373700e+06   3.2226562e+01
   2.3374060e+06   3.8085938e+01
   2.3374610e+06   3.3142090e+01
   2.3374800e+06   4.3945312e+01
   2.3375060e+06   3.6926270e+01
   2.3375610e+06   3.4729004e+01
   2.3375810e+06   3.7902832e+01
   2.3375920e+06   3.6254883e+01
   2.3376280e+06   4.2724609e+01
   2.3376550e+06   4.2114258e+01
   2.3376860e+06   3.8391113e+01
   2.3377010e+06   3.1982422e+01
   2.3377260e+06   4.3640137e+01
   2.3377850e+06   4.7485352e+01
   2.3377970e+06   3.6987305e+01
   2.3378360e+06   5.0415039e+01
   2.3378590e+06   4.1259766e+01
   2.3379010e+06   3.7902832e+01
   2.3379170e+06   3.0944824e+01
   2.3379820e+06   4.0039062e+01
   2.3380360e+06   3.2409668e+01
   2.3380900e+06   6.1401367e+01
   2.3381670e+06   3.7353516e+01
   2.3382430e+06   3.4301758e+01
   2.3383580e+06   3.7963867e+01
   2.3384120e+06   4.6630859e+01
   2.3384850e+06   3.4545898e+01
   2.3385490e+06   3.9062500e+01
   2.3386450e+06   3.8269043e+01
   2.3386790e+06   4.0649414e+01
   2.3388590e+06   3.1555176e+01
   2.3388830e+06   3.4301758e+01
   2.3389850e+06   3.4118652e+01
   2.3391290e+06   3.0395508e+01
   2.3393000e+06   4.8400879e+01
   2.3395800e+06   3.6743164e+01
   2.3396540e+06   3.2653809e+01
   2.3398000e+06   3.3752441e+01
   2.3401810e+06   3.3935547e+01
   2.3402560e+06   4.0771484e+01
   2.3406250e+06   3.2104492e+01
   2.3414210e+06   3.3142090e+01
   2.3414710e+06   3.6315918e+01
   2.3421380e+06   3.3020020e+01
   2.3426340e+06   3.4179688e+01
   2.3445380e+06   3.2836914e+01
   2.3468420e+06   3.5095215e+01
   2.3473940e+06   3.9428711e+01
   2.3480690e+06   3.1982422e+01
   2.3487590e+06   3.9184570e+01
   2.3491220e+06   3.4362793e+01
   2.3495670e+06   3.7902832e+01
   2.3496670e+06   3.3020020e+01
   2.3500800e+06   3.1921387e+01
   2.3509340e+06   3.2897949e+01
   2.3517180e+06   3.1799316e+01
   2.3517300e+06   3.9184570e+01
   2.3522170e+06   3.9733887e+01
   2.3526740e+06   3.1799316e+01
   2.3531660e+06   3.1616211e+01
   2.3538280e+06   3.8269043e+01
   2.3538510e+06   3.1738281e+01
   2.3586640e+06   3.4667969e+01
   2.3592040e+06   4.1748047e+01
   2.3614350e+06   3.5644531e+01
   2.3619750e+06   3.3630371e+01
   2.3639490e+06   3.6071777e+01
   2.3643790e+06   5.0720215e+01
   2.3658230e+06   3.7170410e+01
   2.3692140e+06   3.0761719e+01
   2.3697960e+06   3.1677246e+01
   2.3701450e+06   3.7292480e+01
   2.3708890e+06   3.7536621e+01
   2.3748620e+06   4.2419434e+01
   2.3814180e+06   3.9489746e+01
   2.3837640e+06   4.0100098e+01
   2.3838760e+06   3.4179688e+01
   2.3904030e+06   3.8818359e+01
   2.3932290e+06   3.2653809e+01
   2.3976310e+06   3.4484863e+01
   2.3990690e+06   3.4912109e+01
   2.4037550e+06   3.1372070e+01
   2.4054970e+06   3.4484863e+01
   2.4075290e+06   3.6560059e+01
   2.4122540e+06   3.5522461e+01
   2.4165130e+06   3.8818359e+01
   2.4167600e+06   3.1799316e+01
   2.4171410e+06   3.5034180e+01
   2.4199850e+06   3.1005859e+01
   2.4227320e+06   3.0456543e+01
   2.4244650e+06   3.2104492e+01
   2.4285820e+06   3.6071777e+01
   2.4286820e+06   3.3508301e+01
   2.4300750e+06   3.1005859e+01
   2.4319450e+06   3.4362793e+01
   2.4345210e+06   3.2592773e+01
   2.4382310e+06   3.2043457e+01
   2.4394850e+06   3.1433105e+01
   2.4404020e+06   3.1555176e+01
   2.4452520e+06   4.1137695e+01
   2.4479830e+06   3.2531738e+01
   2.4545530e+06   3.1311035e+01
   2.4601460e+06   4.1198730e+01
   2.4601800e+06   3.7231445e+01
   2.4602440e+06   3.2653809e+01
   2.4602850e+06   3.3264160e+01
   2.4604130e+06   3.2958984e+01
   2.4604280e+06   3.1372070e+01
   2.4604560e+06   4.5104980e+01
   2.4605030e+06   5.7983398e+01
   2.4605460e+06   3.2287598e+01
   2.4605630e+06   3.1372070e+01
   2.4605970e+06   3.2714844e+01
   2.4606530e+06   5.2307129e+01
   2.4606740e+06   5.1696777e+01
   2.4607130e+06   4.7912598e+01
   2.4607270e+06   3.4545898e+01
   2.4607500e+06   3.4301758e+01
   2.4607720e+06   3.1677246e+01
   2.4607940e+06   3.9428711e+01
   2.4608140e+06   5.6091309e+01
   2.4608310e+06   5.8898926e+01
   2.4608720e+06   4.4006348e+01
   2.4609160e+06   3.9916992e+01
   2.4609290e+06   4.2907715e+01
   2.4609680e+06   3.7841797e+01
   2.4609960e+06   3.8574219e+01
   2.4610480e+06   3.9733887e+01
   2.4610670e+06   3.5583496e+01
   2.4610970e+06   4.6081543e+01
   2.4611110e+06   3.2226562e+01
   2.4611510e+06   3.1311035e+01
   2.4611840e+06   3.9733887e+01
   2.4612070e+06   3.9184570e+01
   2.4612530e+06   3.6010742e+01
   2.4612770e+06   3.8818359e+01
   2.4613060e+06   3.0334473e+01
   2.4613400e+06   4.8583984e+01
   2.4613590e+06   3.3508301e+01
   2.4614470e+06   3.1982422e+01
   2.4614910e+06   3.9733887e+01
   2.4615110e+06   3.3508301e+01
   2.4615800e+06   3.9306641e+01
   2.4616180e+06   3.2897949e+01
   2.4617820e+06   3.4179688e+01
   2.4618470e+06   3.7963867e+01
   2.4619370e+06   3.5705566e+01
   2.4621240e+06   3.5278320e+01
   2.4621640e+06   3.3691406e+01
   2.4622430e+06   3.5766602e+01
   2.4622680e+06   3.0761719e+01
   2.4624210e+06   3.5705566e+01
   2.4624640e+06   3.1677246e+01
   2.4626060e+06   3.7719727e+01
   2.4628490e+06   3.5156250e+01
   2.4630190e+06   3.8757324e+01
   2.4630440e+06   4.2114258e+01
   2.4633870e+06   3.9672852e+01
   2.4634490e+06   3.2592773e+01
   2.4637250e+06   3.4179688e+01
   2.4638110e+06   3.1005859e+01
   2.4638560e+06   3.8085938e+01
   2.4640030e+06   3.7658691e+01
   2.4642550e+06   3.1982422e+01
   2.4643980e+06   3.4240723e+01
   2.4646790e+06   3.8269043e+01
   2.4647020e+06   3.6499023e+01
   2.4651080e+06   4.7607422e+01
   2.4657080e+06   3.0761719e+01
   2.4694660e+06   3.5339355e+01
   2.4701470e+06   3.9306641e+01
   2.4703290e+06   3.0517578e+01
   2.4704580e+06   3.1921387e+01
   2.4708860e+06   3.4606934e+01
   2.4709950e+06   3.1860352e+01
   2.4711640e+06   3.5217285e+01
   2.4713760e+06   3.5644531e+01
   2.4714740e+06   3.4362793e+01
   2.4717010e+06   3.2836914e+01
   2.4718650e+06   3.1127930e+01
   2.4719530e+06   3.2287598e+01
   2.4723600e+06   3.1188965e+01
   2.4724880e+06   4.3090820e+01
   2.4725870e+06   3.2592773e+01
   2.4727030e+06   3.0761719e+01
   2.4729040e+06   3.5583496e+01
   2.4730230e+06   3.9245605e+01
   2.4732160e+06   3.4057617e+01
   2.4732560e+06   4.2846680e+01
   2.4737430e+06   4.0771484e+01
   2.4742760e+06   3.2226562e+01
   2.4746460e+06   3.3142090e+01
   2.4746940e+06   3.6193848e+01
   2.4752590e+06   3.3264160e+01
   2.4759130e+06   3.1860352e+01
   2.4773630e+06   3.2104492e+01
   2.4776910e+06   3.7231445e+01
   2.4778820e+06   3.6132812e+01
   2.4780130e+06   3.3691406e+01
   2.4787510e+06   3.2104492e+01
   2.4789270e+06   3.0395508e+01
   2.4839900e+06   3.1372070e+01
   2.4844160e+06   3.3142090e+01
   2.4864320e+06   5.1452637e+01
   2.4880700e+06   3.4179688e+01
   2.4884110e+06   3.5095215e+01
   2.4891400e+06   4.0527344e+01
   2.4905540e+06   3.3508301e+01
   2.4919790e+06   3.1311035e+01
   2.4936410e+06   3.3935547e+01
   2.4947550e+06   3.4362793e+01
   2.4948110e+06   3.7231445e+01
   2.4958310e+06   3.1372070e+01
   2.4968690e+06   3.2287598e+01
   2.4971050e+06   3.7841797e+01
   2.4996110e+06   3.4790039e+01
   2.5000360e+06   3.3447266e+01
   2.5046970e+06   3.7048340e+01
   2.5054440e+06   3.6254883e+01
   2.5059310e+06   3.4240723e+01
   2.5063640e+06   3.3325195e+01
   2.5077180e+06   3.0883789e+01
   2.5102130e+06   3.2287598e+01
   2.5218660e+06   3.6376953e+01
   2.5255940e+06   3.1921387e+01
   2.5316720e+06   4.0832520e+01
   2.5338250e+06   3.3874512e+01
   2.5342910e+06   4.5776367e+01
   2.5347930e+06   3.9855957e+01
   2.5375860e+06   3.7841797e+01
   2.5406650e+06   3.9184570e+01
   2.5429470e+06   3.4545898e+01
   2.5479380e+06   3.0517578e+01
   2.5535910e+06   3.5461426e+01
   2.5542010e+06   3.6315918e+01
   2.5544940e+06   3.6987305e+01
   2.5559530e+06   3.4606934e+01
   2.5601170e+06   3.3935547e+01
   2.5625880e+06   3.1311035e+01
   2.5754400e+06   3.5766602e+01
   2.5787370e+06   4.1625977e+01
   2.5797010e+06   4.0222168e+01
   2.5823910e+06   3.3935547e+01
   2.5845070e+06   3.3935547e+01
   2.5882020e+06   3.7841797e+01
   2.5894860e+06   3.3447266e+01
   2.5932620e+06   3.1250000e+01
   2.5938180e+06   3.3325195e+01
   2.5969000e+06   3.1738281e+01
   2.5992690e+06   3.0944824e+01
   2.6036500e+06   4.5349121e+01
   2.6060290e+06   3.4118652e+01
   2.6083900e+06   3.7963867e+01
   2.6106320e+06   3.0578613e+01
   2.6115140e+06   4.0344238e+01
   2.6154270e+06   3.6437988e+01
   2.6218990e+06   3.0456543e+01
   2.6231960e+06   3.4851074e+01
   2.6265420e+06   3.3203125e+01
   2.6268660e+06   3.7292480e+01
   2.6291030e+06   3.1066895e+01
   2.6318100e+06   3.5705566e+01
   2.6342820e+06   3.3020020e+01
   2.6350500e+06   3.5583496e+01
   2.6381940e+06   3.3508301e+01
   2.6391750e+06   3.2836914e+01
   2.6455020e+06   3.3203125e+01
   2.6472260e+06   3.2226562e+01
   2.6472390e+06   3.1860352e+01
   2.6496310e+06   4.0344238e+01
   2.6520370e+06   3.0395508e+01
   2.6530790e+06   3.3203125e+01
   2.6587300e+06   3.6132812e+01
   2.6637550e+06   4.1992188e+01
   2.6642090e+06   3.6193848e+01
   2.6651100e+06   4.2236328e+01
   2.6653200e+06   3.8574219e+01
   2.6692890e+06   3.8452148e+01
   2.6729200e+06   3.2592773e+01
   2.6759220e+06   3.0761719e+01
   2.6818050e+06   3.3386230e+01
   2.6843910e+06   3.7658691e+01
   2.6912770e+06   3.0456543e+01
   2.6938770e+06   3.5156250e+01
   2.6956560e+06   3.7597656e+01
   2.6979770e+06   3.6132812e+01
   2.6995710e+06   3.3630371e+01
   2.7042770e+06   3.1311035e+01
   2.7076880e+06   3.5827637e+01
   2.7090370e+06   3.0517578e+01
   2.7125410e+06   3.4729004e+01
   2.7152460e+06   3.1311035e+01
   2.7161460e+06   3.8085938e+01
   2.7164360e+06   4.0283203e+01
   2.7168530e+06   3.2897949e+01
   2.7172580e+06   3.0761719e+01
   2.7232260e+06   3.5766602e+01
   2.7271730e+06   3.7475586e+01
   2.7298550e+06   3.3691406e+01
   2.7331220e+06   3.2775879e+01
   2.7353000e+06   3.1005859e+01
   2.7357000e+06   3.3813477e+01
   2.7374030e+06   3.8513184e+01
   2.7394080e+06   3.0456543e+01
   2.7450750e+06   3.7292480e+01
   2.7470090e+06   3.7536621e+01
   2.7480840e+06   3.2531738e+01
   2.7489090e+06   3.0822754e+01
   2.7492920e+06   3.4667969e+01
   2.7545350e+06   3.7780762e+01
   2.7573940e+06   3.9733887e+01
   2.7583260e+06   3.0395508e+01
   2.7590330e+06   4.0588379e+01
   2.7595330e+06   3.5888672e+01
   2.7608910e+06   4.0405273e+01
   2.7653010e+06   3.8085938e+01
   2.7661500e+06   3.3996582e+01
   2.7690040e+06   3.7231445e+01
   2.7708300e+06   3.6376953e+01
   2.7717650e+06   3.3325195e+01
   2.7751130e+06   3.2836914e+01
   2.7783150e+06   3.5461426e+01
   2.7809130e+06   3.2653809e+01
   2.7811620e+06   3.9855957e+01
   2.7815700e+06   3.9489746e+01
   2.7842300e+06   3.7719727e+01
   2.7845370e+06   3.1494141e+01
   2.7891780e+06   3.4301758e+01
   2.7922460e+06   3.6071777e+01
   2.7926700e+06   3.7475586e+01
   2.7948210e+06   4.1503906e+01
   2.7953760e+06   3.6132812e+01
   2.7956410e+06   3.5827637e+01
   2.7963550e+06   4.2236328e+01
   2.7963740e+06   6.1584473e+01
   2.7963960e+06   5.4626465e+01
   2.7964560e+06   3.7902832e+01
   2.7964810e+06   3.3996582e+01
   2.7964950e+06   4.8889160e+01
   2.7965140e+06   3.0761719e+01
   2.7965320e+06   3.7963867e+01
   2.7965550e+06   4.0954590e+01
   2.7965710e+06   3.0883789e+01
   2.7966080e+06   6.3049316e+01
   2.7966410e+06   5.2062988e+01
   2.7966760e+06   4.4433594e+01
   2.7967130e+06   4.2602539e+01
   2.7967440e+06   3.0395508e+01
   2.7967660e+06   3.8269043e+01
   2.7968120e+06   3.2897949e+01
   2.7968310e+06   3.1311035e+01
   2.7968750e+06   6.0791016e+01
   2.7968980e+06   3.5156250e+01
   2.7969290e+06   3.2470703e+01
   2.7969400e+06   3.9245605e+01
   2.7969660e+06   3.1188965e+01
   2.7969760e+06   3.8635254e+01
   2.7970500e+06   4.2358398e+01
   2.7970830e+06   3.8635254e+01
   2.7971270e+06   3.8146973e+01
   2.7971630e+06   3.5949707e+01
   2.7972520e+06   3.6621094e+01
   2.7972700e+06   4.6203613e+01
   2.7973060e+06   3.7231445e+01
   2.7973690e+06   3.1494141e+01
   2.7974070e+06   3.6437988e+01
   2.7975040e+06   3.3752441e+01
   2.7975680e+06   3.4729004e+01
   2.7976030e+06   3.0883789e+01
   2.7977940e+06   3.2836914e+01
   2.7979660e+06   3.7963867e+01
   2.7979790e+06   3.1860352e+01
   2.7980110e+06   3.9184570e+01
   2.7982720e+06   4.2968750e+01
   2.7984510e+06   3.6804199e+01
   2.7987490e+06   3.3203125e+01
   2.7989130e+06   3.1066895e+01
   2.7991650e+06   3.0578613e+01
   2.7992090e+06   4.0039062e+01
   2.7994390e+06   3.2226562e+01
   2.7994810e+06   3.8757324e+01
   2.7996070e+06   3.3508301e+01
   2.7996920e+06   3.3325195e+01
   2.7998870e+06   3.4484863e+01
   2.7999050e+06   3.1799316e+01
   2.8009860e+06   3.5034180e+01
   2.8017050e+06   3.3752441e+01
   2.8021570e+06   3.0822754e+01
   2.8027530e+06   3.0639648e+01
   2.8059000e+06   3.3813477e+01
   2.8063470e+06   3.1799316e+01
   2.8068710e+06   3.0822754e+01
   2.8072610e+06   3.5034180e+01
   2.8080400e+06   4.1870117e+01
   2.8083000e+06   3.0761719e+01
   2.8087940e+06   3.4423828e+01
   2.8089050e+06   3.5644531e+01
   2.8093410e+06   5.4443359e+01
   2.8097960e+06   4.5959473e+01
   2.8101850e+06   3.0517578e+01
   2.8102190e+06   3.1677246e+01
   2.8102370e+06   4.4189453e+01
   2.8104960e+06   3.1433105e+01
   2.8105630e+06   3.4240723e+01
   2.8107930e+06   3.0761719e+01
   2.8109340e+06   4.9682617e+01
   2.8111020e+06   3.5461426e+01
   2.8112810e+06   3.2775879e+01
   2.8114760e+06   3.1982422e+01
   2.8115970e+06   5.0354004e+01
   2.8116200e+06   3.6682129e+01
   2.8116420e+06   3.7475586e+01
   2.8116530e+06   5.4260254e+01
   2.8117450e+06   5.1086426e+01
   2.8118130e+06   4.6997070e+01
   2.8118800e+06   4.5410156e+01
   2.8119250e+06   3.8940430e+01
   2.8119350e+06   3.1066895e+01
   2.8119630e+06   3.2592773e+01
   2.8120370e+06   5.6884766e+01
   2.8120810e+06   3.3813477e+01
   2.8120980e+06   3.3020020e+01
   2.8121230e+06   3.3569336e+01
   2.8121500e+06   4.6325684e+01
   2.8121880e+06   4.0039062e+01
   2.8122170e+06   3.1616211e+01
   2.8122460e+06   4.2236328e+01
   2.8123900e+06   4.6203613e+01
   2.8124010e+06   4.1625977e+01
   2.8124180e+06   3.7780762e+01
   2.8124460e+06   4.1748047e+01
   2.8125910e+06   3.2958984e+01
   2.8126300e+06   4.6630859e+01
   2.8127210e+06   3.2592773e+01
   2.8127650e+06   3.3935547e+01
   2.8127850e+06   3.0639648e+01
   2.8128740e+06   3.6315918e+01
   2.8129490e+06   3.4606934e+01
   2.8129980e+06   3.4240723e+01
   2.8130690e+06   3.0456543e+01
   2.8131680e+06   3.1921387e+01
   2.8132000e+06   3.9550781e+01
   2.8132260e+06   4.4128418e+01
   2.8132910e+06   3.7658691e+01
   2.8134490e+06   4.9926758e+01
   2.8134630e+06   3.4729004e+01
   2.8135860e+06   3.2836914e+01
   2.8137360e+06   3.8452148e+01
   2.8137670e+06   4.6875000e+01
   2.8139910e+06   3.4301758e+01
   2.8140080e+06   3.8757324e+01
   2.8141010e+06   3.8940430e+01
   2.8142960e+06   3.0700684e+01
   2.8149570e+06   3.2897949e+01
   2.8217340e+06   3.8452148e+01
   2.8220720e+06   3.1616211e+01
   2.8223260e+06   3.0944824e+01
   2.8281760e+06   3.1005859e+01
   2.8285490e+06   3.9672852e+01
   2.8291990e+06   3.3386230e+01
   2.8316870e+06   4.1931152e+01
   2.8322340e+06   4.0283203e+01
   2.8362460e+06   3.3996582e+01
   2.8369580e+06   3.9306641e+01
   2.8426510e+06   3.2409668e+01
   2.8479150e+06   3.0761719e+01
   2.8511800e+06   4.4921875e+01
   2.8512260e+06   4.9743652e+01
   2.8514270e+06   3.1677246e+01
   2.8518020e+06   3.3996582e+01
   2.8519200e+06   3.8391113e+01
   2.8520380e+06   3.7353516e+01
   2.8523170e+06   3.1005859e+01
   2.8526980e+06   3.7597656e+01
   2.8529620e+06   3.1005859e+01
   2.8572610e+06   3.0395508e+01
   2.8599300e+06   3.4606934e+01
   2.8615460e+06   3.8085938e+01
   2.8627110e+06   3.2165527e+01
   2.8673350e+06   3.0639648e+01
   2.8689750e+06   3.8513184e+01
   2.8751420e+06   4.2358398e+01
   2.8821760e+06   3.5217285e+01
   2.8822350e+06   3.6621094e+01
   2.8883350e+06   3.4301758e+01
   2.9002610e+06   3.2104492e+01
   2.9023420e+06   3.7475586e+01
   2.9082590e+06   3.3020020e+01
   2.9094480e+06   4.2541504e+01
   2.9095900e+06   3.3569336e+01
   2.9096820e+06   3.4240723e+01
   2.9098100e+06   3.9489746e+01
   2.9099620e+06   3.5217285e+01
   2.9100130e+06   5.7861328e+01
   2.9100550e+06   3.3752441e+01
   2.9101770e+06   4.3884277e+01
   2.9101940e+06   3.5034180e+01
   2.9102190e+06   4.2541504e+01
   2.9102630e+06   5.9753418e+01
   2.9102850e+06   3.5705566e+01
   2.9103140e+06   4.0222168e+01
   2.9103550e+06   6.3354492e+01
   2.9103680e+06   3.4179688e+01
   2.9103880e+06   3.0578613e+01
   2.9104260e+06   3.8696289e+01
   2.9104490e+06   3.2165527e+01
   2.9104840e+06   3.1921387e+01
   2.9104980e+06   6.0546875e+01
   2.9105380e+06   3.2226562e+01
   2.9105630e+06   3.6071777e+01
   2.9105890e+06   3.1188965e+01
   2.9106180e+06   3.0578613e+01
   2.9106500e+06   4.2480469e+01
   2.9106690e+06   3.1677246e+01
   2.9106920e+06   3.5766602e+01
   2.9107100e+06   3.1494141e+01
   2.9107530e+06   3.4545898e+01
   2.9107850e+06   4.6752930e+01
   2.9108310e+06   3.5522461e+01
   2.9108930e+06   3.6315918e+01
   2.9109230e+06   4.1625977e+01
   2.9109520e+06   3.7902832e+01
   2.9109940e+06   3.0822754e+01
   2.9110280e+06   4.3640137e+01
   2.9111570e+06   3.9306641e+01
   2.9112250e+06   3.8330078e+01
   2.9112660e+06   4.6020508e+01
   2.9113100e+06   3.0761719e+01
   2.9113370e+06   3.6376953e+01
   2.9114070e+06   3.6560059e+01
   2.9114540e+06   3.2470703e+01
   2.9114850e+06   3.5827637e+01
   2.9116320e+06   3.1005859e+01
   2.9116450e+06   3.2409668e+01
   2.9117850e+06   3.5217285e+01
   2.9118170e+06   3.4912109e+01
   2.9118830e+06   3.8940430e+01
   2.9119590e+06   3.2592773e+01
   2.9120610e+06   3.5644531e+01
   2.9121890e+06   3.2043457e+01
   2.9123030e+06   3.4973145e+01
   2.9125090e+06   4.0954590e+01
   2.9126960e+06   3.6376953e+01
   2.9127320e+06   3.2836914e+01
   2.9129330e+06   3.3813477e+01
   2.9131120e+06   3.5583496e+01
   2.9133210e+06   3.3081055e+01
   2.9136630e+06   4.0222168e+01
   2.9140880e+06   3.2043457e+01
   2.9142440e+06   3.7048340e+01
   2.9143810e+06   3.7170410e+01
   2.9147540e+06   3.4667969e+01
   2.9148090e+06   3.5583496e+01
   2.9154300e+06   3.5034180e+01
   2.9158270e+06   3.2958984e+01
   2.9161410e+06   3.1311035e+01
   2.9164870e+06   3.1494141e+01
   2.9197550e+06   3.6926270e+01
   2.9201460e+06   3.5339355e+01
   2.9208660e+06   3.1921387e+01
   2.9238700e+06   3.6804199e+01
   2.9241500e+06   4.1564941e+01
   2.9245380e+06   3.2043457e+01
   2.9246580e+06   3.7475586e+01
   2.9258000e+06   3.3020020e+01
   2.9265470e+06   3.0761719e+01
   2.9267780e+06   3.3386230e+01
   2.9272350e+06   3.0395508e+01
   2.9275590e+06   3.2287598e+01
   2.9280340e+06   3.3264160e+01
   2.9281320e+06   3.2775879e+01
   2.9303470e+06   3.0456543e+01
   2.9314790e+06   3.5583496e+01
   2.9329650e+06   3.5583496e+01
   2.9345080e+06   3.1738281e+01
   2.9350970e+06   3.6743164e+01
   2.9357180e+06   3.4362793e+01
   2.9359990e+06   3.2775879e+01
   2.9378910e+06   3.7414551e+01
   2.9412460e+06   3.8024902e+01
   2.9417370e+06   3.1188965e+01
   2.9443210e+06   3.5278320e+01
   2.9443980e+06   3.6743164e+01
   2.9457650e+06   3.7170410e+01
   2.9472260e+06   4.3762207e+01
   2.9492420e+06   3.6926270e+01
   2.9511920e+06   4.5288086e+01
   2.9526620e+06   3.4301758e+01
   2.9550830e+06   3.1860352e+01
   2.9568960e+06   3.6010742e+01
   2.9622670e+06   3.1311035e+01
   2.9629760e+06   3.3996582e+01
   2.9713050e+06   3.7902832e+01
   2.9721280e+06   4.0771484e+01
   2.9853280e+06   4.0893555e+01
   2.9871420e+06   3.8146973e+01
   2.9891870e+06   3.4362793e+01
   2.9905180e+06   3.2165527e+01
   2.9925960e+06   3.8452148e+01
   2.9939260e+06   3.3630371e+01
   2.9944950e+06   4.2236328e+01
   2.9947010e+06   3.1311035e+01
   2.9959090e+06   3.7231445e+01
