   2.9990000e+06   0.0000000e+00
   2.8000000e+01   1.1718750e+02
   5.5880000e+03   1.2109375e+02
   6.4150000e+03   1.1907959e+02
   7.4710000e+03   1.2188721e+02
   8.2180000e+03   1.2084961e+02
   9.0320000e+03   1.2689209e+02
   1.0042000e+04   1.1737061e+02
   1.4255000e+04   1.2780762e+02
   1.5415000e+04   1.2835693e+02
   1.7211000e+04   1.1511230e+02
   1.7914000e+04   1.1151123e+02
   2.2635000e+04   1.1968994e+02
   2.3921000e+04   1.2176514e+02
   2.4869000e+04   1.2817383e+02
   2.5567000e+04   1.1230469e+02
   2.6280000e+04   1.1370850e+02
   2.7140000e+04   1.1175537e+02
   2.8643000e+04   1.2640381e+02
   2.9184000e+04   1.1065674e+02
   3.3022000e+04   1.1291504e+02
   3.4124000e+04   1.2408447e+02
   3.5073000e+04   1.1273193e+02
   3.7612000e+04   1.1218262e+02
   3.8937000e+04   1.2145996e+02
   4.0389000e+04   1.1114502e+02
   4.1532000e+04   1.2322998e+02
   4.2413000e+04   1.1663818e+02
   4.3075000e+04   1.1822510e+02
   4.4025000e+04   1.0729980e+02
   4.4713000e+04   1.0375977e+02
   4.6035000e+04   1.1108398e+02
   4.7367000e+04   1.1486816e+02
   4.8077000e+04   1.0137939e+02
   4.9005000e+04   1.2310791e+02
   4.9939000e+04   1.2066650e+02
   5.0854000e+04   1.1529541e+02
   5.1591000e+04   1.0919189e+02
   5.2534000e+04   1.0168457e+02
   5.3401000e+04   1.1193848e+02
   6.0259000e+04   1.2347412e+02
   6.1246000e+04   1.3031006e+02
   6.2788000e+04   1.1761475e+02
   6.3664000e+04   1.2182617e+02
   6.4614000e+04   1.1450195e+02
   6.5239000e+04   1.0284424e+02
   6.6419000e+04   1.1553955e+02
   6.7295000e+04   1.1169434e+02
   6.8013000e+04   1.1242676e+02
   6.8836000e+04   1.2731934e+02
   6.9573000e+04   1.0125732e+02
   7.0568000e+04   1.2182617e+02
   7.1264000e+04   1.1822510e+02
   7.2006000e+04   1.0473633e+02
   7.2600000e+04   1.0504150e+02
   7.3362000e+04   1.0485840e+02
   7.3978000e+04   9.5458984e+01
   7.4508000e+04   1.0375977e+02
   7.5274000e+04   1.1181641e+02
   7.8094000e+04   1.0699463e+02
   7.8646000e+04   1.1297607e+02
   7.9445000e+04   1.0467529e+02
   8.0313000e+04   9.9365234e+01
   8.1701000e+04   1.0479736e+02
   8.7541000e+04   1.1083984e+02
   8.8466000e+04   1.2890625e+02
   8.9145000e+04   1.1950684e+02
   8.9949000e+04   1.2030029e+02
   9.0780000e+04   1.2078857e+02
   9.1695000e+04   1.0644531e+02
   9.2552000e+04   1.0205078e+02
   9.4146000e+04   1.0644531e+02
   9.4977000e+04   1.0980225e+02
   9.5824000e+04   1.1444092e+02
   9.6792000e+04   1.0217285e+02
   9.7722000e+04   1.0791016e+02
   9.8371000e+04   1.0510254e+02
   9.9143000e+04   1.0821533e+02
   9.9912000e+04   1.0455322e+02
   1.0060800e+05   1.0894775e+02
   1.0128000e+05   1.0272217e+02
   1.0243200e+05   1.0638428e+02
   1.0798100e+05   1.1010742e+02
   1.0905500e+05   1.0900879e+02
   1.0992300e+05   1.0388184e+02
   1.1068300e+05   1.1578369e+02
   1.1130000e+05   1.1071777e+02
   1.1208300e+05   1.1242676e+02
   1.1278000e+05   1.0607910e+02
   1.1341600e+05   9.8876953e+01
   1.1426400e+05   1.0388184e+02
   1.1520700e+05   1.0339355e+02
   1.2041300e+05   1.2445068e+02
   1.2107400e+05   1.0827637e+02
   1.2221800e+05   1.1694336e+02
   1.2285600e+05   1.1468506e+02
   1.2343600e+05   1.1688232e+02
   1.2347200e+05   3.5583496e+01
   1.2358600e+05   3.9550781e+01
   1.2376800e+05   3.8024902e+01
   1.2378700e+05   9.1369629e+01
   1.2385700e+05   3.9794922e+01
   1.2400100e+05   4.3029785e+01
   1.2533200e+05   4.1015625e+01
   1.2559900e+05   3.5766602e+01
   1.2562700e+05   4.1198730e+01
   1.2590700e+05   3.9428711e+01
   1.2620500e+05   3.4423828e+01
   1.2622200e+05   3.9428711e+01
   1.2653100e+05   4.0588379e+01
   1.2670100e+05   3.4667969e+01
   1.2702500e+05   3.9794922e+01
   1.2714400e+05   4.3579102e+01
   1.2751200e+05   5.8715820e+01
   1.2758400e+05   3.5217285e+01
   1.2789000e+05   5.9570312e+01
   1.2812000e+05   3.7719727e+01
   1.2830700e+05   5.0781250e+01
   1.2867000e+05   4.1870117e+01
   1.2912400e+05   6.5795898e+01
   1.2974500e+05   8.4045410e+01
   1.3066700e+05   1.0040283e+02
   1.3153600e+05   9.8388672e+01
   1.3725500e+05   1.1157227e+02
   1.4334100e+05   1.2091064e+02
   1.4407600e+05   1.1077881e+02
   1.4636700e+05   1.1987305e+02
   1.4694500e+05   1.0675049e+02
   1.4785200e+05   1.1590576e+02
   1.4865500e+05   1.0577393e+02
   1.5001300e+05   1.0437012e+02
   1.5067000e+05   1.0083008e+02
   1.5229600e+05   1.2060547e+02
   1.5292800e+05   9.5214844e+01
   1.5366200e+05   1.1560059e+02
   1.5445700e+05   9.8754883e+01
   1.5550300e+05   1.1486816e+02
   1.5636300e+05   1.1114502e+02
   1.5690100e+05   8.9416504e+01
   1.5760300e+05   1.0662842e+02
   1.5825100e+05   1.0522461e+02
   1.5963500e+05   1.0852051e+02
   1.6058200e+05   1.0583496e+02
   1.6129400e+05   1.0601807e+02
   1.6197300e+05   9.5825195e+01
   1.6327400e+05   1.0968018e+02
   1.6382300e+05   1.0052490e+02
   1.6523000e+05   1.0064697e+02
   1.6588800e+05   9.7961426e+01
   1.6640000e+05   8.9355469e+01
   1.7179200e+05   1.2207031e+02
   1.7255200e+05   1.1328125e+02
   1.7359800e+05   1.1639404e+02
   1.7435800e+05   1.1138916e+02
   1.7518300e+05   1.1938477e+02
   1.7608400e+05   1.1712646e+02
   1.7685300e+05   1.1553955e+02
   1.7746500e+05   1.0064697e+02
   1.7829100e+05   9.4909668e+01
   1.7893200e+05   1.0296631e+02
   1.7977500e+05   1.0095215e+02
   1.8034200e+05   9.3994141e+01
   1.8203600e+05   1.0943604e+02
   1.8272700e+05   1.1340332e+02
   1.8354700e+05   1.1633301e+02
   1.8421300e+05   1.0693359e+02
   1.8873100e+05   1.1956787e+02
   1.8924200e+05   1.0516357e+02
   1.8992200e+05   1.0052490e+02
   1.9094000e+05   1.0241699e+02
   1.9152900e+05   9.9243164e+01
   1.9206800e+05   9.9060059e+01
   1.9268900e+05   9.4543457e+01
   1.9337900e+05   1.0382080e+02
   1.9829600e+05   1.1212158e+02
   1.9892400e+05   1.0668945e+02
   1.9955900e+05   1.1108398e+02
   2.0025600e+05   1.0571289e+02
   2.0207100e+05   1.0626221e+02
   2.0306200e+05   1.1956787e+02
   2.0377700e+05   1.0742188e+02
   2.0448900e+05   7.0495605e+01
   2.0504600e+05   8.9721680e+01
   2.0570100e+05   9.6984863e+01
   2.0780700e+05   1.0913086e+02
   2.0859500e+05   1.0516357e+02
   2.0929400e+05   1.0321045e+02
   2.1031200e+05   1.0742188e+02
   2.1227800e+05   1.1437988e+02
   2.1291300e+05   1.0937500e+02
   2.1375700e+05   1.0778809e+02
   2.1460900e+05   1.0076904e+02
   2.1518900e+05   1.0681152e+02
   2.1579300e+05   9.2712402e+01
   2.1644300e+05   9.9060059e+01
   2.1704400e+05   8.5449219e+01
   2.1808200e+05   9.9304199e+01
   2.1881100e+05   9.8876953e+01
   2.2215700e+05   1.0803223e+02
   2.2275700e+05   1.0357666e+02
   2.2333300e+05   9.9975586e+01
   2.2407200e+05   9.5336914e+01
   2.2856100e+05   1.1871338e+02
   2.2907600e+05   1.0327148e+02
   2.3035300e+05   1.0540771e+02
   2.3155700e+05   1.0723877e+02
   2.3206100e+05   9.5214844e+01
   2.3625000e+05   1.1859131e+02
   2.3683100e+05   1.0302734e+02
   2.3775600e+05   1.1157227e+02
   2.3851400e+05   1.0217285e+02
   2.3909400e+05   1.0412598e+02
   2.3970100e+05   9.6130371e+01
   2.4478500e+05   1.2194824e+02
   2.4549100e+05   1.0797119e+02
   2.4699700e+05   1.1248779e+02
   2.4768000e+05   1.1602783e+02
   2.4851700e+05   1.0290527e+02
   2.4929200e+05   1.1291504e+02
   2.4993000e+05   1.0821533e+02
   2.5054600e+05   8.4350586e+01
   2.5131300e+05   1.0253906e+02
   2.5193300e+05   9.6984863e+01
   2.5286300e+05   1.0125732e+02
   2.5805900e+05   1.1340332e+02
   2.5861200e+05   1.1944580e+02
   2.6184800e+05   1.1767578e+02
   2.6251100e+05   1.1657715e+02
   2.6340200e+05   1.1114502e+02
   2.6526700e+05   1.1645508e+02
   2.6633600e+05   1.0809326e+02
   2.6710000e+05   1.0754395e+02
   2.6790800e+05   1.0400391e+02
   2.6853300e+05   9.5275879e+01
   2.6904500e+05   9.7412109e+01
   2.6956200e+05   9.4116211e+01
   2.7014800e+05   9.1064453e+01
   2.7441700e+05   1.1291504e+02
   2.7515900e+05   1.0937500e+02
   2.7564600e+05   9.9914551e+01
   2.7620800e+05   9.6496582e+01
   2.7669800e+05   9.0148926e+01
   2.8230300e+05   1.1456299e+02
   2.8278800e+05   1.0400391e+02
   2.8369200e+05   1.1425781e+02
   2.8442500e+05   1.0992432e+02
   2.8627200e+05   1.1956787e+02
   2.8689700e+05   1.0839844e+02
   2.8764000e+05   9.9487305e+01
   2.8856200e+05   1.0925293e+02
   2.8938200e+05   1.0565186e+02
   2.9013900e+05   1.0833740e+02
   2.9096800e+05   1.0113525e+02
   2.9167200e+05   1.0131836e+02
   2.9282800e+05   1.0101318e+02
   2.9349900e+05   9.2407227e+01
   2.9411300e+05   9.4726563e+01
   2.9466000e+05   8.9599609e+01
   2.9536600e+05   9.1613770e+01
   2.9597200e+05   9.4238281e+01
   2.9691700e+05   1.0205078e+02
   2.9761400e+05   1.0253906e+02
   2.9834600e+05   9.0087891e+01
   3.0408600e+05   1.1657715e+02
   3.0472000e+05   1.1108398e+02
   3.0526700e+05   1.0729980e+02
   3.1001800e+05   1.1773682e+02
   3.1054100e+05   1.0449219e+02
   3.1130600e+05   1.0736084e+02
   3.1194800e+05   1.0076904e+02
   3.1252600e+05   9.7839355e+01
   3.1313000e+05   9.3688965e+01
   3.1410100e+05   1.1151123e+02
   3.1470000e+05   1.0070801e+02
   3.1547500e+05   1.1822510e+02
   3.1594500e+05   8.8073730e+01
   3.1649000e+05   9.7778320e+01
   3.1793900e+05   1.0217285e+02
   3.1875200e+05   1.0333252e+02
   3.1943400e+05   1.0174561e+02
   3.2043200e+05   1.0632324e+02
   3.2138700e+05   9.6618652e+01
   3.2327800e+05   1.1157227e+02
   3.2420800e+05   1.0534668e+02
   3.2521900e+05   9.1735840e+01
   3.2577900e+05   9.0881348e+01
   3.2915500e+05   1.0302734e+02
   3.2963700e+05   9.9365234e+01
   3.3090900e+05   1.1242676e+02
   3.3229800e+05   1.0375977e+02
   3.3303600e+05   1.0083008e+02
   3.3401000e+05   1.0272217e+02
   3.3737300e+05   1.0809326e+02
   3.3800500e+05   1.0473633e+02
   3.3847900e+05   1.0583496e+02
   3.3898800e+05   9.5581055e+01
   3.3976200e+05   1.0552979e+02
   3.4052000e+05   1.0321045e+02
   3.4119900e+05   8.4838867e+01
   3.4453400e+05   1.0900879e+02
   3.4504700e+05   1.0815430e+02
   3.4566500e+05   1.1157227e+02
   3.4620100e+05   9.0637207e+01
   3.4748400e+05   1.0400391e+02
   3.4801900e+05   9.4116211e+01
   3.4953600e+05   1.0644531e+02
   3.5424800e+05   1.0394287e+02
   3.5521500e+05   1.1297607e+02
   3.5581100e+05   1.0833740e+02
   3.5656600e+05   1.0693359e+02
   3.5755700e+05   1.0748291e+02
   3.5831900e+05   9.5214844e+01
   3.5898800e+05   1.0137939e+02
   3.5956600e+05   9.4482422e+01
   3.6027400e+05   1.0046387e+02
   3.6148800e+05   1.0522461e+02
   3.6215200e+05   1.0021973e+02
   3.6722400e+05   1.1517334e+02
   3.6771800e+05   1.0455322e+02
   3.6819000e+05   9.5520020e+01
   3.6905400e+05   1.0479736e+02
   3.7013400e+05   1.1157227e+02
   3.7073900e+05   9.5703125e+01
   3.7136300e+05   9.1430664e+01
   3.7232100e+05   9.7900391e+01
   3.7658900e+05   1.0192871e+02
   3.7729700e+05   1.2585449e+02
   3.7793800e+05   1.0827637e+02
   3.7854300e+05   1.0406494e+02
   3.7904500e+05   8.8073730e+01
   3.7983900e+05   1.0900879e+02
   3.8443200e+05   1.0626221e+02
   3.8544900e+05   1.1016846e+02
   3.8609800e+05   9.5397949e+01
   3.8656200e+05   9.4665527e+01
   3.8704100e+05   9.1003418e+01
   3.8774300e+05   1.0693359e+02
   3.8848300e+05   9.6008301e+01
   3.8909900e+05   8.9904785e+01
   3.8996200e+05   1.0522461e+02
   3.9376700e+05   1.1309814e+02
   3.9422600e+05   1.0314941e+02
   3.9480600e+05   9.7778320e+01
   3.9532500e+05   8.8317871e+01
   3.9582700e+05   8.9599609e+01
   3.9631700e+05   8.7036133e+01
   3.9785100e+05   1.0571289e+02
   3.9857100e+05   1.0101318e+02
   3.9909100e+05   8.8012695e+01
   4.0012800e+05   1.0717773e+02
   4.0077000e+05   9.1979980e+01
   4.0168400e+05   8.5388184e+01
   4.0257500e+05   9.9792480e+01
   4.0317500e+05   1.0272217e+02
   4.0863100e+05   1.1340332e+02
   4.1016100e+05   1.1669922e+02
   4.1075000e+05   9.7412109e+01
   4.1169400e+05   1.1828613e+02
   4.1222200e+05   9.7290039e+01
   4.1277500e+05   9.6618652e+01
   4.1348900e+05   8.7219238e+01
   4.1419600e+05   9.4909668e+01
   4.1922100e+05   1.1328125e+02
   4.1976800e+05   1.0363770e+02
   4.2052300e+05   1.0577393e+02
   4.2103200e+05   9.2285156e+01
   4.2146900e+05   8.5998535e+01
   4.2208900e+05   9.1308594e+01
   4.2267900e+05   9.4970703e+01
   4.2329000e+05   8.8317871e+01
   4.2399700e+05   9.4055176e+01
   4.2459900e+05   9.8510742e+01
   4.2565000e+05   1.0119629e+02
   4.2665000e+05   1.0156250e+02
   4.2748200e+05   9.8083496e+01
   4.2801700e+05   8.2641602e+01
   4.2992700e+05   1.0681152e+02
   4.3058900e+05   8.7951660e+01
   4.3121700e+05   8.6242676e+01
   4.3220900e+05   9.5092773e+01
   4.3356800e+05   9.7473145e+01
   4.3429900e+05   9.6374512e+01
   4.3496200e+05   8.9477539e+01
   4.3566400e+05   9.4970703e+01
   4.3661300e+05   9.3933105e+01
   4.3784200e+05   1.0327148e+02
   4.3846700e+05   1.0125732e+02
   4.3912700e+05   8.8134766e+01
   4.4516000e+05   1.1669922e+02
   4.4580100e+05   1.0662842e+02
   4.4635900e+05   1.0290527e+02
   4.4703700e+05   9.2285156e+01
   4.4770300e+05   9.1857910e+01
   4.4832900e+05   9.2529297e+01
   4.4886800e+05   8.7524414e+01
   4.4945200e+05   8.7463379e+01
   4.5007800e+05   9.2468262e+01
   4.5105900e+05   9.7778320e+01
   4.5182900e+05   9.5825195e+01
   4.5233300e+05   7.9956055e+01
   4.5311500e+05   9.1430664e+01
   4.5399200e+05   9.8510742e+01
   4.5481200e+05   9.8937988e+01
   4.5653000e+05   1.0150146e+02
   4.5745100e+05   8.4655762e+01
   4.5802400e+05   8.4045410e+01
   4.5907000e+05   8.8867188e+01
   4.5986700e+05   9.8937988e+01
   4.6476700e+05   1.0839844e+02
   4.6549100e+05   9.2956543e+01
   4.6607700e+05   1.0266113e+02
   4.6668900e+05   8.9050293e+01
   4.6754300e+05   9.0515137e+01
   4.6841200e+05   9.9060059e+01
   4.6994300e+05   9.4299316e+01
   4.7051700e+05   9.0820313e+01
   4.7286000e+05   1.0455322e+02
   4.7433300e+05   1.0662842e+02
   4.7492100e+05   9.1979980e+01
   4.7573700e+05   1.0253906e+02
   4.7633100e+05   9.5092773e+01
   4.7706400e+05   9.3627930e+01
   4.7795200e+05   9.7839355e+01
   4.7942600e+05   1.0021973e+02
   4.8064200e+05   8.8623047e+01
   4.8115400e+05   8.8867188e+01
   4.8177700e+05   8.9416504e+01
   4.8229000e+05   7.2570801e+01
   4.8295900e+05   9.0698242e+01
   4.8348800e+05   8.1787109e+01
   4.8426200e+05   8.4411621e+01
   4.8489100e+05   9.2895508e+01
   4.8572300e+05   9.3994141e+01
   4.9074000e+05   9.7778320e+01
   4.9147800e+05   9.5703125e+01
   4.9264700e+05   1.0937500e+02
   4.9325600e+05   1.0455322e+02
   4.9414900e+05   1.0626221e+02
   4.9803800e+05   1.0974121e+02
   4.9839900e+05   9.0332031e+01
   4.9884100e+05   7.9223633e+01
   4.9963900e+05   1.0168457e+02
   5.0022000e+05   8.3190918e+01
   5.0066600e+05   7.2753906e+01
   5.0158600e+05   9.4238281e+01
   5.0228000e+05   9.0576172e+01
   5.0279800e+05   8.3312988e+01
   5.0342400e+05   7.5561523e+01
   5.0461700e+05   9.2285156e+01
   5.0577600e+05   9.7717285e+01
   5.0629800e+05   9.8693848e+01
   5.1110000e+05   1.0357666e+02
   5.1169800e+05   9.5520020e+01
   5.1224900e+05   9.5520020e+01
   5.1335400e+05   9.7351074e+01
   5.1397800e+05   9.6313477e+01
   5.1470100e+05   9.8266602e+01
   5.1554700e+05   1.0345459e+02
   5.1615800e+05   8.8928223e+01
   5.1664700e+05   6.9396973e+01
   5.1743600e+05   8.8317871e+01
   5.1807700e+05   8.6914062e+01
   5.1871200e+05   8.3251953e+01
   5.2412200e+05   1.0620117e+02
   5.2461800e+05   1.0186768e+02
   5.2516500e+05   9.7839355e+01
   5.2597000e+05   9.1796875e+01
   5.2660100e+05   9.3688965e+01
   5.2744300e+05   8.5144043e+01
   5.2811200e+05   9.1125488e+01
   5.2952700e+05   6.2927246e+01
   5.3013800e+05   9.8815918e+01
   5.3082700e+05   9.7473145e+01
   5.3135100e+05   8.3435059e+01
   5.3431700e+05   3.5766602e+01
   5.3444500e+05   4.1015625e+01
   5.3456000e+05   3.5583496e+01
   5.3471600e+05   1.1474609e+02
   5.3493900e+05   7.1838379e+01
   5.3624100e+05   3.4667969e+01
   5.3735300e+05   3.9978027e+01
   5.3842700e+05   3.8940430e+01
   5.4056600e+05   3.4240723e+01
   5.4099600e+05   4.0039062e+01
   5.4221400e+05   7.8186035e+01
   5.4294400e+05   8.5998535e+01
   5.4366800e+05   7.5561523e+01
   5.5046200e+05   1.1621094e+02
   5.5139500e+05   1.0974121e+02
   5.5218200e+05   9.7229004e+01
   5.5282700e+05   1.0717773e+02
   5.5366100e+05   9.9487305e+01
   5.5419700e+05   8.3862305e+01
   5.5515500e+05   5.4748535e+01
   5.5577200e+05   9.4787598e+01
   5.5707800e+05   9.0087891e+01
   5.5761200e+05   8.0017090e+01
   5.5807400e+05   6.1523438e+01
   5.6293900e+05   1.0913086e+02
   5.6357300e+05   8.8012695e+01
   5.6460100e+05   1.0339355e+02
   5.6507600e+05   8.5205078e+01
   5.6546400e+05   6.8237305e+01
   5.6607500e+05   7.8002930e+01
   5.7044600e+05   1.1517334e+02
   5.7104400e+05   9.0637207e+01
   5.7206600e+05   9.9975586e+01
   5.7352100e+05   1.0253906e+02
   5.7479300e+05   9.2224121e+01
   5.7528400e+05   7.7148438e+01
   5.7637500e+05   9.6801758e+01
   5.7764200e+05   9.7473145e+01
   5.7853600e+05   8.8317871e+01
   5.7917300e+05   8.9660645e+01
   5.7973800e+05   7.7453613e+01
   5.8033500e+05   8.7524414e+01
   5.8110700e+05   8.4655762e+01
   5.8167800e+05   7.8369141e+01
   5.8229300e+05   7.6171875e+01
   5.8286600e+05   6.6711426e+01
   5.8356300e+05   8.0078125e+01
   5.8440900e+05   8.0871582e+01
   5.8490100e+05   6.9030762e+01
   5.9102300e+05   1.0797119e+02
   5.9162100e+05   9.3078613e+01
   5.9303500e+05   1.0241699e+02
   5.9356600e+05   8.8500977e+01
   5.9408900e+05   8.4716797e+01
   5.9464600e+05   8.3068848e+01
   5.9513900e+05   7.0861816e+01
   5.9568200e+05   6.7871094e+01
   5.9617500e+05   6.8969727e+01
   5.9674400e+05   7.3303223e+01
   5.9742900e+05   8.1970215e+01
   5.9799900e+05   5.7067871e+01
   5.9872200e+05   8.0017090e+01
   6.0619400e+05   1.1401367e+02
   6.0679400e+05   1.0534668e+02
   6.1183700e+05   1.1279297e+02
   6.1249100e+05   1.0925293e+02
   6.1308100e+05   1.0754395e+02
   6.1357800e+05   8.3557129e+01
   6.1441500e+05   9.8632813e+01
   6.1519200e+05   1.0418701e+02
   6.1616400e+05   1.0778809e+02
   6.1699300e+05   9.6740723e+01
   6.1771000e+05   9.4116211e+01
   6.1937300e+05   1.0375977e+02
   6.2068300e+05   1.0058594e+02
   6.2142100e+05   9.2773438e+01
   6.2247500e+05   9.5458984e+01
   6.2325000e+05   9.0515137e+01
   6.2960900e+05   1.0852051e+02
   6.3023400e+05   1.0406494e+02
   6.3186400e+05   1.0034180e+02
   6.3243200e+05   9.9731445e+01
   6.3323000e+05   9.6313477e+01
   6.3379900e+05   8.9233398e+01
   6.3490500e+05   1.0827637e+02
   6.3539100e+05   9.1186523e+01
   6.3822700e+05   1.0137939e+02
   6.3879700e+05   9.9731445e+01
   6.3947900e+05   1.0223389e+02
   6.4010900e+05   8.8989258e+01
   6.4097000e+05   9.5031738e+01
   6.4148500e+05   8.0505371e+01
   6.4223300e+05   9.3566895e+01
   6.4295300e+05   8.8317871e+01
   6.4362200e+05   9.4238281e+01
   6.4421700e+05   8.5876465e+01
   6.4556300e+05   9.4787598e+01
   6.4657300e+05   8.6242676e+01
   6.4715700e+05   8.4838867e+01
   6.4839100e+05   9.6984863e+01
   6.5165000e+05   9.8937988e+01
   6.5223100e+05   9.9426270e+01
   6.5292300e+05   8.8073730e+01
   6.5359200e+05   8.8195801e+01
   6.5415300e+05   8.5632324e+01
   6.5480100e+05   7.7026367e+01
   6.5534100e+05   8.4533691e+01
   6.6211400e+05   1.1584473e+02
   6.6287400e+05   9.0393066e+01
   6.6348200e+05   9.3994141e+01
   6.6433000e+05   9.8266602e+01
   6.6515400e+05   9.6313477e+01
   6.6599300e+05   9.8876953e+01
   6.6662400e+05   8.8745117e+01
   6.6732900e+05   1.0009766e+02
   6.6801200e+05   8.6608887e+01
   6.6858000e+05   9.0759277e+01
   6.6920900e+05   8.0810547e+01
   6.6970700e+05   7.5317383e+01
   6.7023000e+05   7.3120117e+01
   6.7068800e+05   4.5532227e+01
   6.7144200e+05   8.4655762e+01
   6.7204200e+05   8.7219238e+01
   6.7280100e+05   8.1420898e+01
   6.7927700e+05   1.0217285e+02
   6.7976400e+05   9.0881348e+01
   6.8022800e+05   9.0515137e+01
   6.8075400e+05   1.0180664e+02
   6.8122900e+05   8.8806152e+01
   6.8244700e+05   9.6313477e+01
   6.8305500e+05   8.8317871e+01
   6.8445500e+05   9.2529297e+01
   6.8512600e+05   9.6069336e+01
   6.8636100e+05   1.0394287e+02
   6.8699400e+05   8.0017090e+01
   6.8750100e+05   7.2204590e+01
   6.8805000e+05   6.4758301e+01
   6.8855300e+05   6.8664551e+01
   6.8892600e+05   4.6630859e+01
   6.8993300e+05   8.8195801e+01
   6.9052000e+05   8.2153320e+01
   6.9126800e+05   8.3068848e+01
   6.9186400e+05   7.7331543e+01
   6.9232100e+05   6.0485840e+01
   6.9304700e+05   7.2753906e+01
   6.9401300e+05   5.8776855e+01
   7.0030500e+05   1.1163330e+02
   7.0081200e+05   9.4604492e+01
   7.0221500e+05   9.6496582e+01
   7.0279300e+05   8.9538574e+01
   7.0348600e+05   9.2529297e+01
   7.0443000e+05   9.3627930e+01
   7.0517300e+05   1.0070801e+02
   7.0578500e+05   9.1064453e+01
   7.0643300e+05   8.8012695e+01
   7.1179200e+05   1.1169434e+02
   7.1217000e+05   8.9599609e+01
   7.1265000e+05   8.7036133e+01
   7.1319200e+05   8.4350586e+01
   7.1366800e+05   7.7209473e+01
   7.1420900e+05   8.0749512e+01
   7.1510600e+05   8.4167480e+01
   7.1636200e+05   9.0759277e+01
   7.1698700e+05   8.1848145e+01
   7.1756100e+05   7.8796387e+01
   7.1839100e+05   7.9650879e+01
   7.1907200e+05   8.6914062e+01
   7.1987200e+05   8.8867188e+01
   7.2044400e+05   6.4392090e+01
   7.2157800e+05   9.3566895e+01
   7.2236800e+05   7.2998047e+01
   7.2350200e+05   8.3557129e+01
   7.2783300e+05   1.0247803e+02
   7.2836800e+05   9.4787598e+01
   7.2924800e+05   9.2651367e+01
   7.2984800e+05   8.6303711e+01
   7.3054400e+05   9.1613770e+01
   7.3149500e+05   8.7768555e+01
   7.3206500e+05   7.1594238e+01
   7.3269100e+05   8.9416504e+01
   7.3358500e+05   8.6120605e+01
   7.3457300e+05   7.7392578e+01
   7.3545000e+05   8.5266113e+01
   7.3702600e+05   7.5378418e+01
   7.3792700e+05   8.9050293e+01
   7.3855900e+05   7.8857422e+01
   7.3911500e+05   7.7148438e+01
   7.3993700e+05   7.8857422e+01
   7.4087700e+05   8.9538574e+01
   7.4146800e+05   7.8796387e+01
   7.4780900e+05   1.1376953e+02
   7.4828700e+05   9.6191406e+01
   7.4885600e+05   9.3688965e+01
   7.4945500e+05   9.4299316e+01
   7.5008600e+05   8.0688477e+01
   7.5120800e+05   8.1726074e+01
   7.5169600e+05   6.6345215e+01
   7.5249100e+05   9.1369629e+01
   7.5287500e+05   5.7800293e+01
   7.5329500e+05   5.0964355e+01
   7.5373800e+05   5.4382324e+01
   7.5494800e+05   5.1879883e+01
   7.5673700e+05   8.7768555e+01
   7.5749000e+05   7.6477051e+01
   7.6383000e+05   1.0253906e+02
   7.6494800e+05   9.7167969e+01
   7.6598100e+05   8.7951660e+01
   7.6697900e+05   1.0644531e+02
   7.6769400e+05   9.5764160e+01
   7.6863400e+05   9.7839355e+01
   7.6927700e+05   8.4411621e+01
   7.6977300e+05   5.9753418e+01
   7.7095000e+05   7.9895020e+01
   7.7165600e+05   7.0861816e+01
   7.7248400e+05   6.9885254e+01
   7.7812400e+05   1.0369873e+02
   7.7855700e+05   9.1125488e+01
   7.7912100e+05   9.0393066e+01
   7.7958100e+05   7.2021484e+01
   7.8010900e+05   6.4697266e+01
   7.8070800e+05   7.5866699e+01
   7.8147200e+05   8.2397461e+01
   7.8209600e+05   7.3303223e+01
   7.8291200e+05   8.5937500e+01
   7.8859300e+05   1.0424805e+02
   7.8910800e+05   8.1665039e+01
   7.8959900e+05   9.4238281e+01
   7.9012600e+05   7.9223633e+01
   7.9064100e+05   7.4401855e+01
   7.9136800e+05   8.6669922e+01
   7.9197100e+05   8.0566406e+01
   7.9271300e+05   8.5327148e+01
   7.9330900e+05   8.2763672e+01
   7.9389300e+05   7.5439453e+01
   7.9490200e+05   8.8195801e+01
   7.9563600e+05   8.4472656e+01
   7.9619600e+05   7.2753906e+01
   7.9684400e+05   6.9885254e+01
   7.9759300e+05   7.4462891e+01
   7.9788700e+05   3.4790039e+01
   7.9834600e+05   5.0781250e+01
   7.9881400e+05   4.3334961e+01
   7.9932100e+05   4.9804688e+01
   8.0739000e+05   9.7778320e+01
   8.0806300e+05   8.6669922e+01
   8.1153800e+05   1.0473633e+02
   8.1177800e+05   4.0222168e+01
   8.1187900e+05   8.6730957e+01
   8.1194900e+05   3.4729004e+01
   8.1214200e+05   5.8715820e+01
   8.1277400e+05   3.4240723e+01
   8.1576100e+05   3.8452148e+01
   8.1873200e+05   4.5898438e+01
   8.1955000e+05   7.7026367e+01
   8.2038200e+05   8.2885742e+01
   8.2408400e+05   9.6313477e+01
   8.2468000e+05   3.6743164e+01
   8.2471200e+05   9.2041016e+01
   8.2525500e+05   3.6743164e+01
   8.2533400e+05   8.9172363e+01
   8.2545500e+05   3.6865234e+01
   8.2560100e+05   3.4057617e+01
   8.2564100e+05   3.8085938e+01
   8.2680300e+05   3.8879395e+01
   8.3154500e+05   5.9875488e+01
   8.3232300e+05   6.1950684e+01
   8.3411400e+05   8.3251953e+01
   8.4146100e+05   9.9975586e+01
   8.4195600e+05   9.7595215e+01
   8.4258700e+05   9.2407227e+01
   8.4348600e+05   8.1665039e+01
   8.4430900e+05   8.8989258e+01
   8.4503800e+05   8.5998535e+01
   8.4580700e+05   7.5866699e+01
   8.4646900e+05   8.2031250e+01
   8.4811100e+05   8.6181641e+01
   8.4865200e+05   6.6406250e+01
   8.4965000e+05   7.5561523e+01
   8.5081100e+05   9.5886230e+01
   8.5129200e+05   6.9763184e+01
   8.5184700e+05   7.1166992e+01
   8.5253500e+05   7.2143555e+01
   8.5321700e+05   7.3730469e+01
   8.5391300e+05   6.9946289e+01
   8.5472800e+05   7.5378418e+01
   8.5878800e+05   9.3933105e+01
   8.5929600e+05   8.1054688e+01
   8.6034400e+05   8.4594727e+01
   8.6100900e+05   8.5815430e+01
   8.6169300e+05   8.3374023e+01
   8.6225600e+05   6.1950684e+01
   8.6719700e+05   1.0833740e+02
   8.6768500e+05   9.3078613e+01
   8.6828900e+05   9.4665527e+01
   8.6911900e+05   9.5520020e+01
   8.6969400e+05   7.8491211e+01
   8.7025400e+05   7.3425293e+01
   8.7095200e+05   7.7026367e+01
   8.7150600e+05   6.8786621e+01
   8.7197400e+05   6.3232422e+01
   8.7231700e+05   3.5644531e+01
   8.7272500e+05   3.6682129e+01
   8.7326000e+05   5.3222656e+01
   8.7437900e+05   8.4533691e+01
   8.7490700e+05   5.3833008e+01
   8.7676500e+05   3.7475586e+01
   8.7690300e+05   3.5217285e+01
   8.7702500e+05   3.7048340e+01
   8.7704900e+05   3.7963867e+01
   8.7731600e+05   8.8989258e+01
   8.7755600e+05   3.4667969e+01
   8.7963100e+05   3.6804199e+01
   8.8448100e+05   4.5593262e+01
   8.8615500e+05   7.1594238e+01
   8.8699600e+05   6.2622070e+01
   8.9468600e+05   9.2346191e+01
   8.9528400e+05   9.6801758e+01
   8.9634800e+05   8.8989258e+01
   8.9682500e+05   7.8063965e+01
   8.9725200e+05   5.0354004e+01
   8.9784200e+05   6.4208984e+01
   8.9850200e+05   6.8908691e+01
   8.9955500e+05   8.9538574e+01
   9.0012200e+05   7.4890137e+01
   9.0075600e+05   6.9641113e+01
   9.0119000e+05   3.4240723e+01
   9.0173500e+05   5.7373047e+01
   9.0235100e+05   5.6640625e+01
   9.0290300e+05   4.3029785e+01
   9.0710300e+05   1.0083008e+02
   9.0776200e+05   9.1552734e+01
   9.0883600e+05   8.6242676e+01
   9.0930100e+05   6.6955566e+01
   9.0993000e+05   7.6843262e+01
   9.1060700e+05   7.0678711e+01
   9.1105400e+05   5.3649902e+01
   9.1183200e+05   7.5622559e+01
   9.1236300e+05   4.8400879e+01
   9.1282400e+05   4.3151855e+01
   9.1345100e+05   5.5541992e+01
   9.1410800e+05   6.7932129e+01
   9.1481600e+05   6.6345215e+01
   9.2080200e+05   1.0351562e+02
   9.2116000e+05   7.3181152e+01
   9.2193700e+05   8.9416504e+01
   9.2267000e+05   7.9162598e+01
   9.2321500e+05   7.5073242e+01
   9.2394200e+05   7.5317383e+01
   9.2447600e+05   6.1523438e+01
   9.2506400e+05   8.4167480e+01
   9.2565700e+05   6.4208984e+01
   9.2625000e+05   4.9804688e+01
   9.2686000e+05   5.6884766e+01
   9.2799700e+05   8.4472656e+01
   9.2901800e+05   8.0200195e+01
   9.2973100e+05   7.2570801e+01
   9.3499500e+05   8.7341309e+01
   9.3542800e+05   6.9763184e+01
   9.3590100e+05   7.8796387e+01
   9.3653500e+05   8.0139160e+01
   9.3714600e+05   7.4768066e+01
   9.3839500e+05   9.3139648e+01
   9.3889100e+05   5.9997559e+01
   9.3966900e+05   7.1899414e+01
   9.4025200e+05   6.9580078e+01
   9.4079400e+05   5.4931641e+01
   9.4133300e+05   4.4494629e+01
   9.4318500e+05   4.2358398e+01
   9.4389100e+05   6.5673828e+01
   9.4458400e+05   4.4006348e+01
   9.4533100e+05   5.3527832e+01
   9.4609800e+05   5.1635742e+01
   9.4716200e+05   6.4270020e+01
   9.5153000e+05   9.4238281e+01
   9.5210900e+05   7.5195312e+01
   9.5273300e+05   6.8847656e+01
   9.5326600e+05   5.5480957e+01
   9.5327700e+05   5.0048828e+01
   9.5339500e+05   3.5461426e+01
   9.5357000e+05   3.6865234e+01
   9.5478900e+05   3.9733887e+01
   9.5532300e+05   3.4545898e+01
   9.5646800e+05   3.5034180e+01
   9.6134300e+05   3.8940430e+01
   9.6182500e+05   3.8452148e+01
   9.6261000e+05   4.6020508e+01
   9.6932600e+05   9.1125488e+01
   9.6988600e+05   8.0932617e+01
   9.7067100e+05   7.0739746e+01
   9.7147400e+05   8.3068848e+01
   9.7250100e+05   7.9223633e+01
   9.7341800e+05   6.7443848e+01
   9.7431200e+05   5.8471680e+01
   9.7502900e+05   7.8857422e+01
   9.7562000e+05   5.8593750e+01
   9.7606300e+05   3.6682129e+01
   9.7678600e+05   5.2490234e+01
   9.8060000e+05   8.4777832e+01
   9.8117200e+05   7.5073242e+01
   9.8175200e+05   6.3903809e+01
   9.8255100e+05   7.3608398e+01
   9.8330900e+05   6.8969727e+01
   9.8460100e+05   8.4228516e+01
   9.8510600e+05   5.4504395e+01
   9.8611300e+05   6.5734863e+01
   9.8669200e+05   5.6945801e+01
   9.8727200e+05   3.9001465e+01
   9.8892300e+05   7.1655273e+01
   9.9584200e+05   9.4177246e+01
   9.9640200e+05   7.6049805e+01
   9.9724400e+05   7.7453613e+01
   9.9790000e+05   7.6354980e+01
   9.9862800e+05   8.1909180e+01
   9.9926900e+05   6.4392090e+01
   9.9981900e+05   5.1879883e+01
   1.0004390e+06   5.2978516e+01
   1.0010410e+06   6.3842773e+01
   1.0017420e+06   5.4504395e+01
   1.0033170e+06   8.1359863e+01
   1.0038550e+06   6.4392090e+01
   1.0043700e+06   4.9621582e+01
   1.0084140e+06   8.7890625e+01
   1.0091950e+06   8.0566406e+01
   1.0098820e+06   7.1411133e+01
   1.0104040e+06   4.6264648e+01
   1.0111020e+06   7.2753906e+01
   1.0123220e+06   8.2092285e+01
   1.0128240e+06   4.9926758e+01
   1.0133440e+06   4.2297363e+01
   1.0139140e+06   4.8828125e+01
   1.0155070e+06   4.6997070e+01
   1.0197580e+06   9.3444824e+01
   1.0203910e+06   7.3852539e+01
   1.0212770e+06   8.4228516e+01
   1.0217800e+06   5.7006836e+01
   1.0221920e+06   4.1748047e+01
   1.0234270e+06   6.4331055e+01
   1.0239140e+06   3.5156250e+01
   1.0247050e+06   6.2622070e+01
   1.0257400e+06   7.5134277e+01
   1.0303480e+06   8.9538574e+01
   1.0307590e+06   5.9265137e+01
   1.0311870e+06   5.0415039e+01
   1.0320820e+06   3.4606934e+01
   1.0327660e+06   5.8837891e+01
   1.0335930e+06   6.3659668e+01
   1.0351470e+06   8.0017090e+01
   1.0360800e+06   8.4106445e+01
   1.0367110e+06   6.0791016e+01
   1.0404840e+06   8.2519531e+01
   1.0409410e+06   7.6293945e+01
   1.0418300e+06   7.1777344e+01
   1.0426220e+06   6.9641113e+01
   1.0434950e+06   7.5866699e+01
   1.0465700e+06   8.6425781e+01
   1.0471270e+06   7.3303223e+01
   1.0476780e+06   6.2255859e+01
   1.0483080e+06   5.4992676e+01
   1.0493010e+06   7.4707031e+01
   1.0496880e+06   3.7109375e+01
   1.0502010e+06   4.3212891e+01
   1.0514600e+06   6.4208984e+01
   1.0557550e+06   8.7707520e+01
   1.0561740e+06   7.7026367e+01
   1.0569220e+06   6.9885254e+01
   1.0578390e+06   7.4707031e+01
   1.0590260e+06   8.1359863e+01
   1.0598060e+06   7.2021484e+01
   1.0604230e+06   6.2500000e+01
   1.0611450e+06   6.8908691e+01
   1.0619870e+06   5.1696777e+01
   1.0626000e+06   4.7302246e+01
   1.0631780e+06   5.1208496e+01
   1.0638110e+06   4.7851562e+01
   1.0699700e+06   8.3862305e+01
   1.0704320e+06   6.8725586e+01
   1.0712950e+06   8.7768555e+01
   1.0721290e+06   7.1777344e+01
   1.0729090e+06   7.1289063e+01
   1.0734750e+06   5.8776855e+01
   1.0740490e+06   5.9020996e+01
   1.0749600e+06   7.5988770e+01
   1.0754870e+06   4.0710449e+01
   1.0770990e+06   7.2326660e+01
   1.0776100e+06   4.4860840e+01
   1.0780750e+06   4.5166016e+01
   1.0795840e+06   3.5522461e+01
   1.0875490e+06   9.6557617e+01
   1.0881300e+06   8.5144043e+01
   1.0891860e+06   8.0139160e+01
   1.0914230e+06   9.0515137e+01
   1.0919250e+06   7.3120117e+01
   1.0925190e+06   6.7382812e+01
   1.0932400e+06   7.6904297e+01
   1.0939230e+06   5.9082031e+01
   1.0952340e+06   8.1787109e+01
   1.0959160e+06   4.1625977e+01
   1.0963570e+06   5.2246094e+01
   1.0972030e+06   7.2265625e+01
   1.0978320e+06   6.4758301e+01
   1.0985350e+06   5.4321289e+01
   1.0995940e+06   7.1716309e+01
   1.1008480e+06   7.1533203e+01
   1.1017040e+06   7.1899414e+01
   1.1023570e+06   5.4138184e+01
   1.1084910e+06   8.7890625e+01
   1.1094310e+06   8.2641602e+01
   1.1104020e+06   8.1237793e+01
   1.1112200e+06   7.6538086e+01
   1.1118290e+06   7.1166992e+01
   1.1127750e+06   7.8308105e+01
   1.1134870e+06   6.8420410e+01
   1.1140560e+06   4.2846680e+01
   1.1152930e+06   7.2082520e+01
   1.1162200e+06   7.9467773e+01
   1.1168820e+06   5.9326172e+01
   1.1177690e+06   6.3842773e+01
   1.1183900e+06   5.9814453e+01
   1.1193100e+06   6.4392090e+01
   1.1201030e+06   7.4035645e+01
   1.1219540e+06   7.7270508e+01
   1.1225000e+06   5.2062988e+01
   1.1230830e+06   5.9143066e+01
   1.1255000e+06   5.2612305e+01
   1.1262510e+06   4.9133301e+01
   1.1273410e+06   3.7841797e+01
   1.1336730e+06   1.0186768e+02
   1.1342320e+06   7.6477051e+01
   1.1348720e+06   7.6721191e+01
   1.1354180e+06   6.7687988e+01
   1.1359680e+06   6.1279297e+01
   1.1370570e+06   7.5073242e+01
   1.1378170e+06   7.4645996e+01
   1.1393790e+06   3.9916992e+01
   1.1395040e+06   3.3996582e+01
   1.1395990e+06   3.4851074e+01
   1.1396430e+06   8.8500977e+01
   1.1416170e+06   4.3212891e+01
   1.1423190e+06   3.5339355e+01
   1.1428270e+06   3.5522461e+01
   1.1467320e+06   5.2917480e+01
   1.1474070e+06   4.0893555e+01
   1.1483990e+06   5.9692383e+01
   1.1490860e+06   3.8574219e+01
   1.1497700e+06   4.9560547e+01
   1.1506100e+06   5.3344727e+01
   1.1528300e+06   7.5683594e+01
   1.1534320e+06   4.7241211e+01
   1.1547260e+06   4.9743652e+01
   1.1567550e+06   8.7280273e+01
   1.1575570e+06   6.1279297e+01
   1.1583070e+06   6.3293457e+01
   1.1589820e+06   5.4382324e+01
   1.1609320e+06   6.1340332e+01
   1.1616390e+06   3.9855957e+01
   1.1623480e+06   4.2114258e+01
   1.1642200e+06   4.5776367e+01
   1.1649390e+06   3.3996582e+01
   1.1689530e+06   7.5988770e+01
   1.1695580e+06   6.2561035e+01
   1.1700460e+06   4.5959473e+01
   1.1711640e+06   4.1931152e+01
   1.1716430e+06   3.3996582e+01
   1.1729100e+06   3.7597656e+01
   1.1751040e+06   4.5837402e+01
   1.1794320e+06   7.6477051e+01
   1.1799800e+06   6.3537598e+01
   1.1805790e+06   5.1269531e+01
   1.1811440e+06   4.1442871e+01
   1.1819370e+06   6.2622070e+01
   1.1826970e+06   3.6499023e+01
   1.1843580e+06   3.5705566e+01
   1.1893190e+06   8.4533691e+01
   1.1897830e+06   4.7851562e+01
   1.1902250e+06   3.9978027e+01
   1.1908330e+06   4.7241211e+01
   1.1919810e+06   6.6284180e+01
   1.1928650e+06   6.4514160e+01
   1.1934370e+06   4.5288086e+01
   1.1964130e+06   7.4096680e+01
   1.1969220e+06   4.9743652e+01
   1.1975450e+06   4.5532227e+01
   1.1984920e+06   7.9162598e+01
   1.1998370e+06   4.9255371e+01
   1.2005980e+06   5.5541992e+01
   1.2042280e+06   6.9580078e+01
   1.2048390e+06   5.2917480e+01
   1.2058360e+06   6.2438965e+01
   1.2064970e+06   4.1137695e+01
   1.2071130e+06   4.0039062e+01
   1.2082020e+06   6.8969727e+01
   1.2090040e+06   6.0546875e+01
   1.2098180e+06   5.5236816e+01
   1.2109200e+06   6.3537598e+01
   1.2115730e+06   3.7658691e+01
   1.2133240e+06   5.9814453e+01
   1.2138800e+06   4.5227051e+01
   1.2150050e+06   6.5063477e+01
   1.2155680e+06   3.5827637e+01
   1.2171640e+06   5.5114746e+01
   1.2180800e+06   5.8898926e+01
   1.2194090e+06   5.7250977e+01
   1.2212080e+06   7.6049805e+01
   1.2219480e+06   6.3293457e+01
   1.2240710e+06   6.9519043e+01
   1.2245700e+06   3.7719727e+01
   1.2253170e+06   5.1086426e+01
   1.2261220e+06   5.6823730e+01
   1.2274320e+06   3.8391113e+01
   1.2340480e+06   7.9956055e+01
   1.2350940e+06   7.3425293e+01
   1.2362230e+06   6.4147949e+01
   1.2367680e+06   3.9306641e+01
   1.2386680e+06   5.2185059e+01
   1.2393980e+06   4.8767090e+01
   1.2400180e+06   4.1931152e+01
   1.2426960e+06   4.1748047e+01
   1.2471580e+06   7.0190430e+01
   1.2478420e+06   4.6813965e+01
   1.2490280e+06   7.2937012e+01
   1.2506050e+06   7.1777344e+01
   1.2511710e+06   4.3701172e+01
   1.2529620e+06   5.4870605e+01
   1.2547310e+06   3.9184570e+01
   1.2556570e+06   3.4362793e+01
   1.2559350e+06   7.0190430e+01
   1.2559520e+06   3.8940430e+01
   1.2572300e+06   3.4790039e+01
   1.2574880e+06   3.8024902e+01
   1.2585000e+06   3.5888672e+01
   1.2644310e+06   3.8940430e+01
   1.2660270e+06   6.3049316e+01
   1.2669470e+06   4.1381836e+01
   1.2708080e+06   5.1086426e+01
   1.2717090e+06   3.8085938e+01
   1.2738720e+06   4.7058105e+01
   1.2765550e+06   5.7250977e+01
   1.2771170e+06   3.5400391e+01
   1.2827660e+06   4.2663574e+01
   1.2844610e+06   5.5053711e+01
   1.2864100e+06   3.6499023e+01
   1.2879280e+06   5.2551270e+01
   1.2907590e+06   6.3171387e+01
   1.2916010e+06   4.8645020e+01
   1.2923110e+06   4.1625977e+01
   1.2950100e+06   4.6020508e+01
   1.2967280e+06   5.6518555e+01
   1.2994970e+06   4.0344238e+01
   1.3010490e+06   3.4667969e+01
   1.3026710e+06   3.5827637e+01
   1.3055220e+06   6.8237305e+01
   1.3062090e+06   4.3273926e+01
   1.3088600e+06   3.6499023e+01
   1.3110720e+06   5.8654785e+01
   1.3176820e+06   4.7729492e+01
   1.3202820e+06   6.1462402e+01
   1.3208200e+06   3.4790039e+01
   1.3220060e+06   4.7973633e+01
   1.3239720e+06   5.5725098e+01
   1.3254330e+06   4.6325684e+01
   1.3312530e+06   5.8105469e+01
   1.3346450e+06   7.1350098e+01
   1.3352610e+06   5.1025391e+01
   1.3405540e+06   5.6884766e+01
   1.3411350e+06   4.0039062e+01
   1.3468420e+06   5.2062988e+01
   1.3479060e+06   4.0527344e+01
   1.3494290e+06   4.2846680e+01
   1.3517490e+06   5.8959961e+01
   1.3527620e+06   4.6569824e+01
   1.3538620e+06   5.2856445e+01
   1.3546800e+06   3.5949707e+01
   1.3562410e+06   5.7495117e+01
   1.3576120e+06   3.4912109e+01
   1.3589760e+06   4.9438477e+01
   1.3617030e+06   5.5664062e+01
   1.3624680e+06   4.5043945e+01
   1.3675180e+06   4.9133301e+01
   1.3684640e+06   4.1015625e+01
   1.3701560e+06   5.0231934e+01
   1.3725740e+06   3.4729004e+01
   1.3747090e+06   4.2236328e+01
   1.3748660e+06   3.7475586e+01
   1.3750120e+06   3.5461426e+01
   1.3751110e+06   3.9245605e+01
   1.3752840e+06   3.4667969e+01
   1.3762170e+06   3.4057617e+01
   1.3764280e+06   3.7048340e+01
   1.3766930e+06   3.4667969e+01
   1.3771310e+06   3.9367676e+01
   1.3775490e+06   3.6193848e+01
   1.3853170e+06   4.1687012e+01
   1.3865370e+06   4.4128418e+01
   1.3876180e+06   3.4729004e+01
   1.3890950e+06   3.4912109e+01
   1.3902010e+06   3.7597656e+01
   1.3961580e+06   3.5095215e+01
   1.3971010e+06   3.4240723e+01
   1.3982260e+06   3.5217285e+01
   1.3998250e+06   4.7607422e+01
   1.4047420e+06   3.5522461e+01
   1.4120400e+06   3.6193848e+01
   1.4133470e+06   4.5104980e+01
   1.4176770e+06   3.4423828e+01
   1.4197370e+06   4.0771484e+01
   1.4218880e+06   3.6010742e+01
   1.4271850e+06   5.0415039e+01
   1.4328200e+06   3.9611816e+01
   1.4336340e+06   3.6071777e+01
   1.4345720e+06   3.5095215e+01
   1.4368140e+06   3.4118652e+01
   1.4383170e+06   3.6621094e+01
   1.4396920e+06   4.5593262e+01
   1.4450850e+06   3.6010742e+01
   1.4468830e+06   4.3212891e+01
   1.4488140e+06   4.5471191e+01
   1.4501180e+06   4.9438477e+01
   1.4575680e+06   3.9978027e+01
   1.4640000e+06   3.6010742e+01
   1.4664780e+06   3.9489746e+01
   1.4717820e+06   3.5461426e+01
   1.4755810e+06   3.3813477e+01
   1.4803370e+06   3.6437988e+01
   1.4872090e+06   3.3996582e+01
   1.5088560e+06   3.5461426e+01
   1.5168350e+06   4.1320801e+01
   1.5170030e+06   3.5278320e+01
   1.5170440e+06   3.6010742e+01
   1.5172650e+06   3.5339355e+01
   1.5173680e+06   3.6499023e+01
   1.5191350e+06   3.9367676e+01
   1.5194320e+06   3.4545898e+01
   1.7652410e+06   3.6254883e+01
   1.7653700e+06   3.5400391e+01
   1.7655470e+06   3.6621094e+01
   1.7656420e+06   3.9306641e+01
   1.7668320e+06   3.8085938e+01
   1.7671500e+06   4.8339844e+01
   1.7673750e+06   3.6804199e+01
   1.7677770e+06   3.9794922e+01
   1.7680060e+06   3.5644531e+01
   1.7685600e+06   3.7902832e+01
   1.7775800e+06   3.5461426e+01
   1.7782570e+06   4.0039062e+01
   1.7787410e+06   3.7841797e+01
   1.7799950e+06   3.3935547e+01
   1.7804550e+06   3.4606934e+01
   2.0017260e+06   3.6010742e+01
   2.0018390e+06   4.6569824e+01
   2.0019310e+06   3.6254883e+01
   2.0019910e+06   3.4362793e+01
   2.0020390e+06   4.7729492e+01
   2.0021130e+06   3.6560059e+01
   2.0022240e+06   3.4362793e+01
   2.0023980e+06   3.6254883e+01
   2.0037290e+06   3.8574219e+01
   2.0042580e+06   3.5095215e+01
   2.1316670e+06   3.8452148e+01
   2.1413160e+06   4.1809082e+01
   2.1458680e+06   3.8269043e+01
   2.1460580e+06   3.4667969e+01
   2.1462670e+06   3.5644531e+01
   2.1473170e+06   3.5461426e+01
   2.1476410e+06   3.7292480e+01
   2.1479620e+06   3.5278320e+01
   2.1483680e+06   3.5888672e+01
   2.1489400e+06   3.6865234e+01
   2.1638180e+06   3.5339355e+01
   2.1683320e+06   3.5827637e+01
   2.1767440e+06   4.2419434e+01
   2.1817350e+06   3.3752441e+01
   2.1853320e+06   4.8034668e+01
   2.1871910e+06   4.1381836e+01
   2.1904740e+06   3.5034180e+01
   2.1988870e+06   3.5217285e+01
   2.2018350e+06   4.3395996e+01
   2.2020310e+06   3.3935547e+01
   2.2043820e+06   3.8635254e+01
   2.2065330e+06   3.6987305e+01
   2.2084950e+06   3.8269043e+01
   2.2111620e+06   3.5156250e+01
   2.2190060e+06   3.3874512e+01
   2.2203130e+06   3.4729004e+01
   2.2260220e+06   4.0466309e+01
   2.2328200e+06   4.2297363e+01
   2.2360400e+06   5.0659180e+01
   2.2374490e+06   3.6926270e+01
   2.2404440e+06   4.1076660e+01
   2.2432840e+06   4.0527344e+01
   2.2452190e+06   3.7353516e+01
   2.2536890e+06   3.6926270e+01
   2.2553500e+06   3.7902832e+01
   2.2615530e+06   3.6010742e+01
   2.2653930e+06   4.4433594e+01
   2.2666630e+06   4.4921875e+01
   2.2747360e+06   3.5705566e+01
   2.2912450e+06   5.3405762e+01
   2.2974300e+06   3.8818359e+01
   2.3030460e+06   5.3833008e+01
   2.3096050e+06   6.0302734e+01
   2.3227330e+06   5.2246094e+01
   2.3275170e+06   5.3649902e+01
   2.3373170e+06   5.3955078e+01
   2.3375870e+06   4.8950195e+01
   2.3376850e+06   3.5095215e+01
   2.3377930e+06   3.4606934e+01
   2.3378490e+06   5.4687500e+01
   2.3378870e+06   3.3813477e+01
   2.3389800e+06   3.4790039e+01
   2.3392810e+06   3.9184570e+01
   2.3399250e+06   3.6987305e+01
   2.4024470e+06   6.6284180e+01
   2.4202090e+06   6.2316895e+01
   2.4607610e+06   4.9072266e+01
   2.4608550e+06   3.5278320e+01
   2.4609760e+06   4.3334961e+01
   2.4612960e+06   5.0720215e+01
   2.4624830e+06   3.6193848e+01
   2.4627440e+06   3.7597656e+01
   2.4629940e+06   3.8757324e+01
   2.4632440e+06   3.3813477e+01
   2.4633710e+06   3.9733887e+01
   2.4637500e+06   3.5949707e+01
   2.5302680e+06   7.5805664e+01
   2.5503970e+06   8.4533691e+01
   2.5578550e+06   5.8288574e+01
   2.6841560e+06   7.9040527e+01
   2.7002100e+06   8.6486816e+01
   2.7193690e+06   7.1411133e+01
   2.7347390e+06   8.4350586e+01
   2.7731930e+06   7.6293945e+01
   2.7969250e+06   3.7170410e+01
   2.7970280e+06   3.5888672e+01
   2.7971240e+06   1.0083008e+02
   2.7971440e+06   3.5400391e+01
   2.7972400e+06   3.6376953e+01
   2.7973860e+06   6.8359375e+01
   2.7976200e+06   4.3212891e+01
   2.7981150e+06   3.3874512e+01
   2.7983630e+06   5.1208496e+01
   2.7987750e+06   4.7485352e+01
   2.7987950e+06   3.3752441e+01
   2.7992310e+06   4.1931152e+01
   2.7997580e+06   4.3823242e+01
   2.8000150e+06   3.7658691e+01
   2.8004930e+06   5.5725098e+01
   2.8121030e+06   3.5583496e+01
   2.8123930e+06   4.2480469e+01
   2.8126960e+06   3.3996582e+01
   2.8129250e+06   8.6547852e+01
   2.8133330e+06   7.8125000e+01
   2.8137010e+06   4.1931152e+01
   2.8140320e+06   5.5725098e+01
   2.8144940e+06   3.5034180e+01
   2.8145410e+06   5.6030273e+01
   2.8148670e+06   3.7780762e+01
   2.8149570e+06   4.7302246e+01
   2.8155670e+06   5.3588867e+01
   2.8412690e+06   8.7402344e+01
   2.8478550e+06   9.1064453e+01
   2.8518310e+06   7.6477051e+01
   2.8584980e+06   9.1857910e+01
   2.8601600e+06   8.3679199e+01
   2.8615350e+06   7.3669434e+01
   2.8624890e+06   7.0495605e+01
   2.8829980e+06   8.2885742e+01
   2.8921370e+06   8.4289551e+01
   2.9035970e+06   8.7402344e+01
   2.9046260e+06   7.1838379e+01
   2.9063520e+06   7.3425293e+01
   2.9104830e+06   3.6682129e+01
   2.9106050e+06   3.7597656e+01
   2.9107650e+06   9.2651367e+01
   2.9109140e+06   3.6376953e+01
   2.9109490e+06   5.0354004e+01
   2.9110370e+06   3.5339355e+01
   2.9110690e+06   6.4697266e+01
   2.9113230e+06   3.4301758e+01
   2.9118630e+06   3.7414551e+01
   2.9127040e+06   3.9001465e+01
   2.9138650e+06   4.6386719e+01
   2.9358920e+06   8.2031250e+01
   2.9407540e+06   8.6975098e+01
   2.9481210e+06   8.5693359e+01
   2.9546500e+06   8.8928223e+01
   2.9557680e+06   7.5622559e+01
   2.9681620e+06   9.1857910e+01
   2.9695880e+06   8.2519531e+01
   2.9798900e+06   8.8989258e+01
   2.9942020e+06   8.7158203e+01
   2.9953140e+06   7.9711914e+01
   2.9968880e+06   8.3923340e+01
