   2.9990000e+06   0.0000000e+00
   3.8688000e+04   3.7780762e+01
   1.2314200e+05   4.1748047e+01
   1.2334800e+05   3.7597656e+01
   1.2337100e+05   3.9855957e+01
   1.2340300e+05   3.9184570e+01
   1.2342900e+05   4.0893555e+01
   1.2347500e+05   4.0161133e+01
   1.2349900e+05   3.6315918e+01
   1.2354200e+05   4.1564941e+01
   1.2356400e+05   3.8513184e+01
   1.2359400e+05   4.0771484e+01
   1.2360600e+05   3.9855957e+01
   1.2366600e+05   5.3833008e+01
   1.2371100e+05   4.9499512e+01
   1.2374300e+05   4.0771484e+01
   1.2377800e+05   3.7353516e+01
   1.2388600e+05   4.0710449e+01
   1.2395800e+05   3.9001465e+01
   1.2401500e+05   3.7292480e+01
   1.2407500e+05   4.1503906e+01
   1.2408700e+05   3.6560059e+01
   1.2412300e+05   3.7536621e+01
   1.2418300e+05   5.1696777e+01
   1.2440800e+05   3.6743164e+01
   1.2443800e+05   3.8146973e+01
   1.2458000e+05   3.6926270e+01
   1.2472700e+05   3.9428711e+01
   1.2536700e+05   3.9489746e+01
   1.2567800e+05   4.5715332e+01
   1.2578300e+05   3.8269043e+01
   1.2604700e+05   4.0527344e+01
   1.2616900e+05   4.0161133e+01
   1.2623700e+05   3.7597656e+01
   1.2685300e+05   3.8024902e+01
   1.2694700e+05   3.8635254e+01
   1.2788900e+05   3.8146973e+01
   1.2842100e+05   3.8330078e+01
   1.2901000e+05   3.8085938e+01
   1.5253800e+05   3.7048340e+01
   3.7322600e+05   4.0283203e+01
   3.7529400e+05   4.0710449e+01
   3.7592000e+05   3.6865234e+01
   3.7699400e+05   4.0954590e+01
   4.8322100e+05   3.6743164e+01
   5.3411400e+05   3.6621094e+01
   5.3418900e+05   4.0039062e+01
   5.3426200e+05   3.9611816e+01
   5.3434300e+05   3.9611816e+01
   5.3440700e+05   3.7414551e+01
   5.3442800e+05   6.0058594e+01
   5.3450500e+05   4.5837402e+01
   5.3458200e+05   4.2724609e+01
   5.3463900e+05   4.8645020e+01
   5.3466600e+05   4.8828125e+01
   5.3471700e+05   3.6865234e+01
   5.3476500e+05   3.7353516e+01
   5.3477700e+05   4.9865723e+01
   5.3488300e+05   4.6569824e+01
   5.3512400e+05   4.2175293e+01
   5.3527200e+05   3.9367676e+01
   5.3534700e+05   4.8400879e+01
   5.3545000e+05   3.6315918e+01
   5.3562800e+05   4.3701172e+01
   5.3590900e+05   3.6682129e+01
   5.3598700e+05   3.6315918e+01
   5.3627400e+05   4.4006348e+01
   5.3634400e+05   3.7292480e+01
   5.3640400e+05   3.6743164e+01
   5.3654300e+05   4.2968750e+01
   5.3664500e+05   4.4860840e+01
   5.3681600e+05   3.8208008e+01
   5.3718400e+05   3.6926270e+01
   5.3731400e+05   3.6499023e+01
   5.3794000e+05   3.6804199e+01
   5.3902500e+05   3.8940430e+01
   5.4021700e+05   3.7048340e+01
   5.6417400e+05   3.7109375e+01
   8.1149200e+05   3.8269043e+01
   8.1162300e+05   3.7048340e+01
   8.1167300e+05   4.1503906e+01
   8.1175400e+05   4.2114258e+01
   8.1182100e+05   3.6987305e+01
   8.1183900e+05   6.6345215e+01
   8.1192300e+05   3.8146973e+01
   8.1198400e+05   4.1198730e+01
   8.1201300e+05   3.8269043e+01
   8.1202400e+05   5.8410645e+01
   8.1204600e+05   4.6203613e+01
   8.1207100e+05   4.0100098e+01
   8.1209200e+05   3.6437988e+01
   8.1213100e+05   4.1870117e+01
   8.1215200e+05   4.1687012e+01
   8.1217600e+05   5.0781250e+01
   8.1223700e+05   3.6926270e+01
   8.1231900e+05   3.7231445e+01
   8.1237500e+05   5.3894043e+01
   8.1238700e+05   4.4799805e+01
   8.1241800e+05   4.0100098e+01
   8.1279400e+05   4.7607422e+01
   8.1282900e+05   3.7536621e+01
   8.1304500e+05   3.7231445e+01
   8.1308100e+05   3.9611816e+01
   8.1337800e+05   4.0344238e+01
   8.1356100e+05   4.9621582e+01
   8.1367400e+05   4.3823242e+01
   8.1376400e+05   3.7475586e+01
   8.1381600e+05   4.2541504e+01
   8.1385700e+05   4.1564941e+01
   8.1392200e+05   3.7902832e+01
   8.1395000e+05   4.1687012e+01
   8.1406800e+05   4.5227051e+01
   8.1415800e+05   4.0466309e+01
   8.1420000e+05   3.8269043e+01
   8.1445600e+05   3.6865234e+01
   8.1556300e+05   3.9855957e+01
   8.1592000e+05   4.2846680e+01
   8.1641300e+05   3.8146973e+01
   8.1651000e+05   3.6804199e+01
   8.1708200e+05   3.7170410e+01
   8.2045000e+05   3.9367676e+01
   8.2118400e+05   3.6254883e+01
   8.2140000e+05   3.6132812e+01
   8.2345300e+05   4.6325684e+01
   8.2387000e+05   3.7719727e+01
   8.2444700e+05   4.3762207e+01
   8.2470700e+05   3.8391113e+01
   8.2493200e+05   3.6376953e+01
   8.2556600e+05   4.0161133e+01
   8.2565900e+05   3.7231445e+01
   8.2572600e+05   3.6132812e+01
   8.2705800e+05   3.7170410e+01
   8.2792700e+05   4.2602539e+01
   8.2838100e+05   3.6560059e+01
   8.7524500e+05   3.9489746e+01
   8.7615100e+05   5.2062988e+01
   8.7653000e+05   3.6926270e+01
   8.7655500e+05   4.1870117e+01
   8.7663900e+05   3.6804199e+01
   8.7668300e+05   3.9978027e+01
   8.7678300e+05   3.8085938e+01
   8.7681800e+05   3.8391113e+01
   8.7693600e+05   4.0588379e+01
   8.7700800e+05   4.0222168e+01
   8.7705300e+05   4.1198730e+01
   8.7712500e+05   3.9978027e+01
   8.7714400e+05   5.4748535e+01
   8.7718100e+05   3.9489746e+01
   8.7724700e+05   3.6499023e+01
   8.7736800e+05   3.9184570e+01
   8.7746600e+05   4.5898438e+01
   8.7748700e+05   3.6193848e+01
   8.7755500e+05   3.7292480e+01
   8.7767500e+05   4.4799805e+01
   8.7770200e+05   3.8940430e+01
   8.7777800e+05   4.0588379e+01
   8.7781800e+05   4.3762207e+01
   8.7797000e+05   3.7109375e+01
   8.7799500e+05   5.4687500e+01
   8.7808000e+05   3.6865234e+01
   8.7846000e+05   3.8513184e+01
   8.7872900e+05   3.6560059e+01
   8.7882100e+05   3.6254883e+01
   8.7904700e+05   3.7170410e+01
   8.7976800e+05   3.7536621e+01
   8.7980000e+05   4.8278809e+01
   8.8020400e+05   4.2907715e+01
   8.8150900e+05   3.9428711e+01
   9.4207500e+05   3.6315918e+01
   9.5301100e+05   3.8391113e+01
   9.5315000e+05   4.2358398e+01
   9.5325500e+05   4.3212891e+01
   9.5327800e+05   4.0527344e+01
   9.5334800e+05   4.1931152e+01
   9.5337900e+05   3.7414551e+01
   9.5349400e+05   3.6254883e+01
   9.5352400e+05   3.7048340e+01
   9.5357800e+05   3.6865234e+01
   9.5360300e+05   5.9997559e+01
   9.5364300e+05   4.2663574e+01
   9.5370100e+05   3.6987305e+01
   9.5371400e+05   3.7048340e+01
   9.5377500e+05   4.1625977e+01
   9.5379400e+05   3.9184570e+01
   9.5385500e+05   3.6254883e+01
   9.5389400e+05   3.7841797e+01
   9.5392000e+05   4.8828125e+01
   9.5393800e+05   4.5654297e+01
   9.5395500e+05   3.6254883e+01
   9.5404500e+05   3.7475586e+01
   9.5441200e+05   4.8522949e+01
   9.5461700e+05   3.8757324e+01
   9.5469100e+05   4.2175293e+01
   9.5483600e+05   4.8034668e+01
   9.5500900e+05   3.7048340e+01
   9.5502600e+05   4.0710449e+01
   9.5511300e+05   3.8208008e+01
   9.5516500e+05   3.7963867e+01
   9.5533600e+05   4.2480469e+01
   9.5560800e+05   4.7485352e+01
   9.5587300e+05   3.9184570e+01
   9.5588600e+05   4.6325684e+01
   9.5598100e+05   3.9428711e+01
   9.5698500e+05   3.7353516e+01
   9.5725000e+05   3.8208008e+01
   9.5761800e+05   3.8391113e+01
   9.7002400e+05   3.6804199e+01
   1.1391550e+06   3.6560059e+01
   1.1394200e+06   3.7353516e+01
   1.1394750e+06   4.6264648e+01
   1.1395150e+06   4.0649414e+01
   1.1395770e+06   4.0405273e+01
   1.1395960e+06   4.0588379e+01
   1.1396190e+06   4.0527344e+01
   1.1396660e+06   4.4616699e+01
   1.1397170e+06   4.9987793e+01
   1.1397510e+06   3.8085938e+01
   1.1397620e+06   5.4382324e+01
   1.1398680e+06   5.6457520e+01
   1.1399070e+06   4.5104980e+01
   1.1399570e+06   4.2907715e+01
   1.1401370e+06   4.1137695e+01
   1.1403590e+06   4.3029785e+01
   1.1403710e+06   4.0771484e+01
   1.1405170e+06   3.8940430e+01
   1.1409130e+06   5.1330566e+01
   1.1413160e+06   3.9916992e+01
   1.1413460e+06   3.8146973e+01
   1.1415260e+06   4.4860840e+01
   1.1417060e+06   3.8940430e+01
   1.1420590e+06   3.9733887e+01
   1.1422380e+06   4.1442871e+01
   1.1424050e+06   3.8635254e+01
   1.1431570e+06   3.6987305e+01
   1.1431990e+06   4.5471191e+01
   1.1434720e+06   3.9672852e+01
   1.1438230e+06   4.2236328e+01
   1.1438820e+06   3.6804199e+01
   1.1444430e+06   4.4738770e+01
   1.1456520e+06   3.8452148e+01
   1.2090180e+06   3.7231445e+01
   1.2552180e+06   4.0710449e+01
   1.2553750e+06   4.3884277e+01
   1.2554490e+06   3.6682129e+01
   1.2555160e+06   3.9611816e+01
   1.2555530e+06   4.3212891e+01
   1.2556350e+06   4.0527344e+01
   1.2557490e+06   3.6621094e+01
   1.2557720e+06   4.6447754e+01
   1.2558000e+06   3.7902832e+01
   1.2559230e+06   4.0283203e+01
   1.2559870e+06   4.0588379e+01
   1.2560200e+06   3.7475586e+01
   1.2560520e+06   3.7719727e+01
   1.2560750e+06   5.1452637e+01
   1.2560870e+06   4.1259766e+01
   1.2561090e+06   5.3100586e+01
   1.2561740e+06   3.6376953e+01
   1.2562980e+06   3.9367676e+01
   1.2563490e+06   4.3518066e+01
   1.2563800e+06   4.4921875e+01
   1.2565650e+06   4.3518066e+01
   1.2566150e+06   3.9306641e+01
   1.2570010e+06   3.8146973e+01
   1.2577610e+06   3.7109375e+01
   1.2577880e+06   4.9255371e+01
   1.2578190e+06   3.9062500e+01
   1.2586730e+06   3.9062500e+01
   1.2610540e+06   3.7780762e+01
   1.2682800e+06   3.6193848e+01
   1.2799370e+06   3.7963867e+01
   1.2922190e+06   3.6376953e+01
   1.3743980e+06   4.3395996e+01
   1.3745140e+06   3.7719727e+01
   1.3746640e+06   3.6437988e+01
   1.3746980e+06   3.7902832e+01
   1.3747530e+06   3.8635254e+01
   1.3748350e+06   4.2419434e+01
   1.3749310e+06   4.0283203e+01
   1.3749590e+06   5.2673340e+01
   1.3749950e+06   4.3457031e+01
   1.3750070e+06   5.2917480e+01
   1.3750330e+06   3.6315918e+01
   1.3750540e+06   4.1076660e+01
   1.3750930e+06   3.8574219e+01
   1.3751280e+06   4.1564941e+01
   1.3751730e+06   3.6132812e+01
   1.3751890e+06   3.7597656e+01
   1.3752240e+06   4.1992188e+01
   1.3752430e+06   4.9621582e+01
   1.3752720e+06   4.5715332e+01
   1.3753140e+06   4.1198730e+01
   1.3753300e+06   3.7963867e+01
   1.3753770e+06   3.7170410e+01
   1.3754280e+06   3.8391113e+01
   1.3755240e+06   4.8461914e+01
   1.3756030e+06   3.6437988e+01
   1.3756390e+06   3.6560059e+01
   1.3757400e+06   6.4514160e+01
   1.3758910e+06   3.6804199e+01
   1.3760210e+06   3.6621094e+01
   1.3762340e+06   4.4616699e+01
   1.3765790e+06   4.9560547e+01
   1.3767150e+06   4.0527344e+01
   1.3767950e+06   3.6682129e+01
   1.3769080e+06   3.8024902e+01
   1.3769590e+06   3.7536621e+01
   1.3771990e+06   3.9428711e+01
   1.3772090e+06   3.8879395e+01
   1.3773000e+06   4.1076660e+01
   1.3774190e+06   3.6437988e+01
   1.3794850e+06   3.6682129e+01
   1.3795890e+06   3.9001465e+01
   1.5167500e+06   4.1015625e+01
   1.5167880e+06   3.9184570e+01
   1.5169070e+06   3.9245605e+01
   1.5169180e+06   4.0649414e+01
   1.5169930e+06   3.9489746e+01
   1.5170430e+06   3.9489746e+01
   1.5170850e+06   3.9123535e+01
   1.5171090e+06   3.8024902e+01
   1.5171740e+06   4.4982910e+01
   1.5171840e+06   3.9672852e+01
   1.5172080e+06   3.8269043e+01
   1.5172480e+06   3.8024902e+01
   1.5173050e+06   4.5959473e+01
   1.5173300e+06   3.6682129e+01
   1.5173560e+06   4.8583984e+01
   1.5173880e+06   3.7353516e+01
   1.5174430e+06   4.6447754e+01
   1.5174700e+06   3.9184570e+01
   1.5175340e+06   3.6437988e+01
   1.5176040e+06   6.0546875e+01
   1.5176510e+06   4.1564941e+01
   1.5178630e+06   3.9916992e+01
   1.5180480e+06   4.2602539e+01
   1.5187740e+06   4.1259766e+01
   1.5190060e+06   4.6203613e+01
   1.5191050e+06   4.1625977e+01
   1.5191750e+06   4.0527344e+01
   1.5192900e+06   4.2785645e+01
   1.5193190e+06   3.6560059e+01
   1.5195170e+06   3.6743164e+01
   1.5195800e+06   3.6743164e+01
   1.5200130e+06   3.6743164e+01
   1.5212610e+06   4.0832520e+01
   1.5216580e+06   3.9306641e+01
   1.5326290e+06   3.6254883e+01
   1.5336820e+06   3.9672852e+01
   1.7650210e+06   3.7292480e+01
   1.7650600e+06   3.8024902e+01
   1.7650980e+06   4.1137695e+01
   1.7651600e+06   3.6743164e+01
   1.7651790e+06   3.8879395e+01
   1.7652140e+06   3.8635254e+01
   1.7652440e+06   4.1564941e+01
   1.7652670e+06   3.9062500e+01
   1.7652960e+06   4.6936035e+01
   1.7653470e+06   3.8024902e+01
   1.7653640e+06   4.4982910e+01
   1.7654640e+06   4.3457031e+01
   1.7655020e+06   3.7475586e+01
   1.7655470e+06   3.7048340e+01
   1.7655750e+06   3.9855957e+01
   1.7655860e+06   4.6813965e+01
   1.7656440e+06   4.0222168e+01
   1.7657000e+06   4.2907715e+01
   1.7657130e+06   3.6193848e+01
   1.7658310e+06   5.1269531e+01
   1.7658630e+06   3.8757324e+01
   1.7658860e+06   4.1687012e+01
   1.7659570e+06   3.7170410e+01
   1.7660820e+06   5.0292969e+01
   1.7667820e+06   4.5043945e+01
   1.7669890e+06   4.8034668e+01
   1.7674520e+06   3.8879395e+01
   1.7678120e+06   4.1748047e+01
   1.7685860e+06   3.8146973e+01
   1.7687380e+06   3.6743164e+01
   1.7689960e+06   4.4189453e+01
   1.7692240e+06   3.8696289e+01
   1.7695210e+06   4.2358398e+01
   1.7698310e+06   3.7597656e+01
   1.7710390e+06   3.9611816e+01
   1.7760840e+06   3.8146973e+01
   1.7766350e+06   3.6254883e+01
   1.7768310e+06   4.8706055e+01
   1.7769040e+06   3.8696289e+01
   1.7769940e+06   3.7048340e+01
   1.7773150e+06   4.7119141e+01
   1.7773930e+06   3.8635254e+01
   1.7777010e+06   3.7597656e+01
   1.7778430e+06   3.9062500e+01
   1.7778670e+06   3.6193848e+01
   1.7782240e+06   4.0039062e+01
   1.7782830e+06   4.9255371e+01
   1.7783880e+06   4.0222168e+01
   1.7787140e+06   5.7128906e+01
   1.7787250e+06   4.1259766e+01
   1.7788320e+06   4.6875000e+01
   1.7788640e+06   4.4799805e+01
   1.7790990e+06   4.9621582e+01
   1.7795000e+06   3.9611816e+01
   1.7798980e+06   4.2846680e+01
   1.7803300e+06   3.8085938e+01
   1.7975000e+06   3.8940430e+01
   1.9127420e+06   3.7597656e+01
   1.9220590e+06   4.6630859e+01
   1.9405170e+06   3.6804199e+01
   2.0016420e+06   4.0283203e+01
   2.0017080e+06   4.8278809e+01
   2.0017340e+06   3.7841797e+01
   2.0017880e+06   3.6621094e+01
   2.0018650e+06   4.1870117e+01
   2.0019290e+06   4.1625977e+01
   2.0019430e+06   4.1015625e+01
   2.0019880e+06   3.8940430e+01
   2.0020250e+06   4.0039062e+01
   2.0020900e+06   3.7475586e+01
   2.0021390e+06   4.2480469e+01
   2.0021630e+06   4.0832520e+01
   2.0022420e+06   4.3395996e+01
   2.0023370e+06   3.6193848e+01
   2.0024040e+06   3.6315918e+01
   2.0024280e+06   5.2673340e+01
   2.0025150e+06   3.7658691e+01
   2.0025250e+06   4.2297363e+01
   2.0026070e+06   3.7597656e+01
   2.0027350e+06   3.7231445e+01
   2.0028810e+06   4.1137695e+01
   2.0029680e+06   3.9123535e+01
   2.0031980e+06   4.1320801e+01
   2.0035120e+06   3.8757324e+01
   2.0038800e+06   3.6437988e+01
   2.0039940e+06   4.0954590e+01
   2.0040740e+06   3.6926270e+01
   2.0045560e+06   3.9611816e+01
   2.0048360e+06   3.6499023e+01
   2.0050430e+06   4.0588379e+01
   2.0052250e+06   3.6560059e+01
   2.0059530e+06   3.8574219e+01
   2.0071200e+06   3.6254883e+01
   2.0146740e+06   3.8696289e+01
   2.0178360e+06   3.6621094e+01
   2.0199030e+06   3.8879395e+01
   2.0286540e+06   3.8146973e+01
   2.1454240e+06   3.8818359e+01
   2.1457570e+06   3.7109375e+01
   2.1457840e+06   4.0649414e+01
   2.1458220e+06   3.6376953e+01
   2.1458610e+06   3.9306641e+01
   2.1458940e+06   3.7231445e+01
   2.1459200e+06   4.3701172e+01
   2.1459440e+06   5.1086426e+01
   2.1459810e+06   3.8024902e+01
   2.1460320e+06   3.6132812e+01
   2.1460640e+06   3.7597656e+01
   2.1461270e+06   4.1442871e+01
   2.1461800e+06   4.6630859e+01
   2.1461900e+06   4.3090820e+01
   2.1462160e+06   6.5368652e+01
   2.1462530e+06   4.4128418e+01
   2.1463080e+06   3.9489746e+01
   2.1463670e+06   3.7170410e+01
   2.1464490e+06   4.3090820e+01
   2.1464660e+06   4.8156738e+01
   2.1464760e+06   4.5104980e+01
   2.1465000e+06   3.6987305e+01
   2.1465510e+06   3.9489746e+01
   2.1466670e+06   4.0588379e+01
   2.1466790e+06   3.6315918e+01
   2.1467650e+06   4.1870117e+01
   2.1469370e+06   3.7658691e+01
   2.1473930e+06   3.7963867e+01
   2.1474270e+06   3.7109375e+01
   2.1474910e+06   4.3640137e+01
   2.1477010e+06   4.0466309e+01
   2.1482760e+06   4.0893555e+01
   2.1483540e+06   3.8574219e+01
   2.1484430e+06   4.1076660e+01
   2.1485450e+06   3.7048340e+01
   2.1485960e+06   4.1870117e+01
   2.1488630e+06   4.1564941e+01
   2.1496930e+06   3.6804199e+01
   2.1517030e+06   4.1381836e+01
   2.1613030e+06   3.6376953e+01
   2.1627150e+06   3.6682129e+01
   2.1674340e+06   3.6865234e+01
   2.2648020e+06   3.9184570e+01
   2.2786460e+06   3.8757324e+01
   2.3191700e+06   3.6254883e+01
   2.3371740e+06   4.1625977e+01
   2.3372950e+06   3.8391113e+01
   2.3373100e+06   4.1809082e+01
   2.3373540e+06   3.8696289e+01
   2.3373930e+06   3.8513184e+01
   2.3374970e+06   4.0710449e+01
   2.3375430e+06   5.1452637e+01
   2.3375730e+06   4.1809082e+01
   2.3376620e+06   3.8879395e+01
   2.3378070e+06   4.4067383e+01
   2.3378250e+06   4.9316406e+01
   2.3378700e+06   3.9062500e+01
   2.3378830e+06   3.7170410e+01
   2.3379560e+06   3.7963867e+01
   2.3379690e+06   3.9184570e+01
   2.3380260e+06   3.8269043e+01
   2.3380540e+06   5.9020996e+01
   2.3381410e+06   4.2785645e+01
   2.3382200e+06   4.6997070e+01
   2.3384500e+06   3.8208008e+01
   2.3384770e+06   4.0710449e+01
   2.3389430e+06   4.0222168e+01
   2.3391300e+06   3.6376953e+01
   2.3392770e+06   4.2297363e+01
   2.3393750e+06   3.8208008e+01
   2.3399840e+06   3.9245605e+01
   2.3401660e+06   4.2480469e+01
   2.3404740e+06   3.6315918e+01
   2.3404880e+06   3.9306641e+01
   2.3407740e+06   3.9978027e+01
   2.3414310e+06   3.7719727e+01
   2.3424300e+06   3.6987305e+01
   2.3431570e+06   4.0283203e+01
   2.3529090e+06   3.7658691e+01
   2.3601710e+06   3.9001465e+01
   2.3674710e+06   4.0954590e+01
   2.3720180e+06   4.1748047e+01
   2.3786040e+06   3.6437988e+01
   2.4183520e+06   4.6020508e+01
   2.4604230e+06   3.6621094e+01
   2.4604340e+06   4.1137695e+01
   2.4606160e+06   3.7780762e+01
   2.4607610e+06   5.2368164e+01
   2.4608180e+06   5.3405762e+01
   2.4608820e+06   4.4128418e+01
   2.4609250e+06   3.8452148e+01
   2.4609980e+06   3.8085938e+01
   2.4610610e+06   4.4128418e+01
   2.4610780e+06   3.6254883e+01
   2.4611260e+06   3.9001465e+01
   2.4611500e+06   3.6193848e+01
   2.4611690e+06   4.2541504e+01
   2.4612070e+06   4.6813965e+01
   2.4612170e+06   4.2175293e+01
   2.4612780e+06   3.7231445e+01
   2.4613150e+06   3.7658691e+01
   2.4613440e+06   4.4982910e+01
   2.4615370e+06   3.6499023e+01
   2.4616340e+06   4.2419434e+01
   2.4617320e+06   3.9489746e+01
   2.4618050e+06   4.3334961e+01
   2.4620810e+06   4.0283203e+01
   2.4624580e+06   3.7475586e+01
   2.4626370e+06   3.6743164e+01
   2.4629470e+06   3.6499023e+01
   2.4630890e+06   3.6499023e+01
   2.4635390e+06   4.5104980e+01
   2.4641430e+06   3.6804199e+01
   2.4641790e+06   3.7414551e+01
   2.4642950e+06   4.7973633e+01
   2.4651950e+06   3.6437988e+01
   2.4656820e+06   3.8940430e+01
   2.4724540e+06   3.9489746e+01
   2.4732940e+06   3.9794922e+01
   2.4739100e+06   3.6682129e+01
   2.4889280e+06   3.6804199e+01
   2.4928540e+06   3.9672852e+01
   2.5005890e+06   3.6560059e+01
   2.5323380e+06   4.1625977e+01
   2.5355880e+06   3.8330078e+01
   2.6370600e+06   4.0466309e+01
   2.6566790e+06   3.8208008e+01
   2.6868920e+06   3.6254883e+01
   2.7550770e+06   3.6376953e+01
   2.7965750e+06   4.1870117e+01
   2.7968130e+06   3.6560059e+01
   2.7969070e+06   3.8452148e+01
   2.7969420e+06   4.6875000e+01
   2.7969570e+06   4.0283203e+01
   2.7969980e+06   5.0415039e+01
   2.7970120e+06   6.0241699e+01
   2.7970850e+06   3.7414551e+01
   2.7970960e+06   5.1879883e+01
   2.7971280e+06   4.0710449e+01
   2.7971780e+06   3.7597656e+01
   2.7971910e+06   3.6682129e+01
   2.7972210e+06   4.8095703e+01
   2.7972580e+06   3.7597656e+01
   2.7973110e+06   4.1442871e+01
   2.7973830e+06   4.0710449e+01
   2.7974400e+06   3.7780762e+01
   2.7976490e+06   4.0405273e+01
   2.7979080e+06   3.9794922e+01
   2.7979520e+06   4.1015625e+01
   2.7982830e+06   4.8522949e+01
   2.7983960e+06   3.7902832e+01
   2.7987080e+06   3.7475586e+01
   2.7987610e+06   3.7841797e+01
   2.7988890e+06   4.0649414e+01
   2.7990180e+06   4.7302246e+01
   2.7992660e+06   3.6804199e+01
   2.7993740e+06   3.9489746e+01
   2.7995220e+06   3.6560059e+01
   2.7995360e+06   4.1992188e+01
   2.7998290e+06   3.8146973e+01
   2.8006420e+06   4.0344238e+01
   2.8010050e+06   3.9672852e+01
   2.8010520e+06   4.0405273e+01
   2.8030540e+06   3.7841797e+01
   2.8036230e+06   4.5959473e+01
   2.8105120e+06   4.5166016e+01
   2.8113690e+06   4.2846680e+01
   2.8118990e+06   4.1625977e+01
   2.8119340e+06   3.9062500e+01
   2.8121210e+06   3.6987305e+01
   2.8122040e+06   3.6987305e+01
   2.8122410e+06   3.8085938e+01
   2.8122640e+06   4.0039062e+01
   2.8123400e+06   4.1564941e+01
   2.8124720e+06   3.7780762e+01
   2.8126170e+06   4.0527344e+01
   2.8129970e+06   3.6254883e+01
   2.8130080e+06   4.2968750e+01
   2.8130690e+06   4.5532227e+01
   2.8131140e+06   3.8269043e+01
   2.8131580e+06   4.5104980e+01
   2.8131830e+06   3.7475586e+01
   2.8132160e+06   3.8879395e+01
   2.8133180e+06   3.8635254e+01
   2.8133500e+06   4.5349121e+01
   2.8134190e+06   3.8208008e+01
   2.8134550e+06   4.4555664e+01
   2.8364580e+06   3.8330078e+01
   2.8490300e+06   3.7841797e+01
   2.8564030e+06   3.6560059e+01
   2.9103110e+06   4.4799805e+01
   2.9103580e+06   4.1687012e+01
   2.9104070e+06   5.2612305e+01
   2.9104540e+06   3.8574219e+01
   2.9105280e+06   4.2785645e+01
   2.9105710e+06   4.3151855e+01
   2.9106220e+06   3.8940430e+01
   2.9106370e+06   4.0954590e+01
   2.9106900e+06   4.1870117e+01
   2.9107100e+06   5.0903320e+01
   2.9107350e+06   3.7353516e+01
   2.9108020e+06   3.8085938e+01
   2.9108420e+06   3.9794922e+01
   2.9108810e+06   3.9550781e+01
   2.9109350e+06   3.6132812e+01
   2.9109490e+06   4.2846680e+01
   2.9109750e+06   4.9621582e+01
   2.9110580e+06   4.2114258e+01
   2.9110850e+06   4.0466309e+01
   2.9112040e+06   5.3588867e+01
   2.9112200e+06   4.1320801e+01
   2.9112640e+06   3.7719727e+01
   2.9117000e+06   4.5166016e+01
   2.9118540e+06   3.7536621e+01
   2.9120420e+06   3.8574219e+01
   2.9122420e+06   3.9184570e+01
   2.9122940e+06   3.6560059e+01
   2.9123950e+06   3.7170410e+01
   2.9126000e+06   3.7719727e+01
   2.9126510e+06   3.8696289e+01
   2.9130390e+06   3.6315918e+01
   2.9133610e+06   3.6560059e+01
   2.9250470e+06   3.6865234e+01
   2.9260840e+06   3.8818359e+01
