   2.9990000e+06   0.0000000e+00
   1.4101000e+04   2.9541016e+01
   1.6134400e+05   2.8808594e+01
   2.4959600e+05   2.9296875e+01
   3.6597700e+05   2.9602051e+01
   5.3505200e+05   3.1982422e+01
   8.1163300e+05   2.8991699e+01
   8.1185700e+05   3.6254883e+01
   8.1202700e+05   2.9418945e+01
   8.1217100e+05   2.9602051e+01
   8.7662200e+05   2.9296875e+01
   8.7682400e+05   3.1311035e+01
   8.7689900e+05   2.9235840e+01
   8.7703700e+05   3.3264160e+01
   1.1395530e+06   2.8991699e+01
   1.1396420e+06   2.9724121e+01
   1.1398080e+06   2.8747559e+01
   1.1399720e+06   3.0883789e+01
   1.2559040e+06   2.9174805e+01
   1.3752110e+06   3.0578613e+01
   1.3753540e+06   3.0883789e+01
   1.5168160e+06   2.9296875e+01
   1.5171370e+06   3.8574219e+01
   1.7656230e+06   3.1127930e+01
   1.7658760e+06   3.0639648e+01
   1.7765350e+06   2.8869629e+01
   2.0026320e+06   2.8747559e+01
   2.0027730e+06   3.1494141e+01
   2.1459400e+06   3.0151367e+01
   2.1462560e+06   2.9113770e+01
   2.1463340e+06   2.9418945e+01
   2.1466450e+06   3.1921387e+01
   2.1467390e+06   2.8930664e+01
   2.3378110e+06   2.8747559e+01
   2.3380140e+06   2.9174805e+01
   2.6399310e+06   3.0151367e+01
   2.7530400e+06   2.8930664e+01
   2.7966580e+06   2.9418945e+01
   2.8126150e+06   2.9052734e+01
   2.9104720e+06   2.9663086e+01
