   2.9990000e+06   0.0000000e+00
   2.7799000e+04   3.0578613e+01
   7.8438000e+04   3.1677246e+01
   1.2309500e+05   3.8391113e+01
   1.2788000e+05   3.1677246e+01
   1.4585100e+05   3.9672852e+01
   1.5089200e+05   3.1799316e+01
   1.5441900e+05   3.9428711e+01
   1.5480600e+05   3.5888672e+01
   1.5980000e+05   3.7231445e+01
   1.6463000e+05   3.0944824e+01
   1.8421900e+05   3.1982422e+01
   3.2752300e+05   4.1198730e+01
   3.6153700e+05   3.1921387e+01
   3.7851400e+05   3.0883789e+01
   3.8238900e+05   4.3151855e+01
   3.8271200e+05   3.0151367e+01
   3.8308500e+05   3.4667969e+01
   3.9637700e+05   3.8513184e+01
   3.9714500e+05   4.2541504e+01
   4.0900800e+05   3.7780762e+01
   4.1633600e+05   4.2236328e+01
   4.1714900e+05   3.1494141e+01
   4.3819900e+05   4.1564941e+01
   5.1492500e+05   3.3081055e+01
   5.1727500e+05   4.3212891e+01
   5.2290500e+05   3.9306641e+01
   5.3402200e+05   4.1198730e+01
   5.3446700e+05   3.1188965e+01
   5.6396600e+05   4.2785645e+01
   5.9081300e+05   3.0700684e+01
   6.8549200e+05   4.6020508e+01
   6.8612000e+05   4.3457031e+01
   6.9314800e+05   3.6010742e+01
   6.9781200e+05   4.1381836e+01
   7.0715500e+05   4.1931152e+01
   7.0765600e+05   3.8024902e+01
   7.0807900e+05   3.6804199e+01
   7.4161100e+05   4.0344238e+01
   8.1158600e+05   5.2368164e+01
   8.1260400e+05   3.1127930e+01
   8.2208500e+05   3.4790039e+01
   8.2252500e+05   3.8635254e+01
   8.2309300e+05   3.1250000e+01
   8.7576400e+05   4.4433594e+01
   8.7622600e+05   3.0517578e+01
   8.7736800e+05   2.9785156e+01
   8.7778500e+05   3.0151367e+01
   8.7850000e+05   3.0273438e+01
   9.0799200e+05   3.5461426e+01
   9.5281000e+05   3.9916992e+01
   9.5300100e+05   3.2897949e+01
   1.0123660e+06   3.8818359e+01
   1.0207810e+06   3.5949707e+01
   1.0528830e+06   2.9968262e+01
   1.0736770e+06   3.0883789e+01
   1.1289210e+06   4.0771484e+01
   1.1389140e+06   4.5776367e+01
   1.1595540e+06   3.0273438e+01
   1.2552990e+06   4.7973633e+01
   1.2553450e+06   3.0334473e+01
   1.2596020e+06   3.6987305e+01
   1.3733690e+06   3.9306641e+01
   1.3739910e+06   3.7780762e+01
   1.3742060e+06   3.6865234e+01
   1.3769030e+06   3.0883789e+01
   1.3781030e+06   3.3264160e+01
   1.5165570e+06   3.9489746e+01
   1.5166900e+06   3.0639648e+01
   1.5202530e+06   3.0029297e+01
   1.5314900e+06   3.9367676e+01
   1.5467580e+06   3.0944824e+01
   1.6953110e+06   3.0029297e+01
   1.7323550e+06   3.1372070e+01
   1.7649450e+06   3.5888672e+01
   1.7650470e+06   3.0029297e+01
   1.7677460e+06   3.4240723e+01
   1.7760800e+06   4.5898438e+01
   1.7765000e+06   4.0527344e+01
   1.8750070e+06   3.3752441e+01
   1.9595820e+06   3.0822754e+01
   1.9736660e+06   3.3386230e+01
   2.0018960e+06   4.9316406e+01
   2.0023450e+06   2.9846191e+01
   2.0057340e+06   3.0212402e+01
   2.0175770e+06   4.4555664e+01
   2.0175970e+06   3.2958984e+01
   2.1435020e+06   3.4057617e+01
   2.1445550e+06   3.7292480e+01
   2.1457370e+06   4.7607422e+01
   2.1602110e+06   4.6020508e+01
   2.1606300e+06   3.0883789e+01
   2.2408630e+06   3.3386230e+01
   2.2950660e+06   3.1860352e+01
   2.3175650e+06   3.0822754e+01
   2.3322120e+06   4.7058105e+01
   2.3370290e+06   4.5349121e+01
   2.3372620e+06   3.1127930e+01
   2.3397170e+06   3.8146973e+01
   2.3401530e+06   3.1372070e+01
   2.3611160e+06   3.1860352e+01
   2.4464400e+06   3.0761719e+01
   2.4533370e+06   3.5888672e+01
   2.4604120e+06   5.4382324e+01
   2.4605560e+06   3.0944824e+01
   2.4607140e+06   3.9733887e+01
   2.4616750e+06   3.3569336e+01
   2.4637620e+06   3.7963867e+01
   2.4647220e+06   4.0588379e+01
   2.4720410e+06   4.0466309e+01
   2.4730520e+06   3.4545898e+01
   2.4915360e+06   3.1921387e+01
   2.5234080e+06   3.2531738e+01
   2.5351830e+06   4.8278809e+01
   2.5373240e+06   3.8330078e+01
   2.5626700e+06   3.5827637e+01
   2.5690290e+06   4.7424316e+01
   2.5739950e+06   3.8024902e+01
   2.5744950e+06   3.0944824e+01
   2.5764340e+06   3.1066895e+01
   2.5927560e+06   4.1870117e+01
   2.6045980e+06   4.0588379e+01
   2.6061840e+06   5.5725098e+01
   2.6144400e+06   4.2663574e+01
   2.6165190e+06   4.4677734e+01
   2.6207120e+06   3.2287598e+01
   2.6231770e+06   4.3945313e+01
   2.6296980e+06   4.4982910e+01
   2.6303610e+06   3.8879395e+01
   2.6366800e+06   3.9611816e+01
   2.6411350e+06   3.9794922e+01
   2.6414860e+06   3.7414551e+01
   2.6422720e+06   3.0883789e+01
   2.6778100e+06   5.0598145e+01
   2.6781670e+06   3.3386230e+01
   2.6785200e+06   3.1921387e+01
   2.6900020e+06   3.2653809e+01
   2.6948850e+06   4.7241211e+01
   2.6953270e+06   3.2592773e+01
   2.7065840e+06   4.8095703e+01
   2.7140900e+06   4.8217773e+01
   2.7164970e+06   3.8391113e+01
   2.7174510e+06   3.9062500e+01
   2.7197250e+06   4.0832520e+01
   2.7279410e+06   4.2236328e+01
   2.7419310e+06   5.3161621e+01
   2.7424420e+06   3.1982422e+01
   2.7430180e+06   3.6560059e+01
   2.7939250e+06   3.7536621e+01
   2.7956860e+06   3.9306641e+01
   2.7960270e+06   4.0100098e+01
   2.7964390e+06   3.1433105e+01
   2.7971950e+06   3.3996582e+01
   2.8000070e+06   3.3752441e+01
   2.8105680e+06   4.1809082e+01
   2.8114720e+06   3.4545898e+01
   2.8122050e+06   3.0029297e+01
   2.8147510e+06   3.1433105e+01
   2.8528530e+06   3.7048340e+01
   2.8532830e+06   3.5400391e+01
   2.8694620e+06   3.6437988e+01
   2.8704200e+06   3.2470703e+01
   2.8847260e+06   4.9072266e+01
   2.8942190e+06   4.7485352e+01
   2.9072740e+06   4.3457031e+01
   2.9091000e+06   4.7912598e+01
   2.9094010e+06   3.5766602e+01
   2.9095800e+06   3.1677246e+01
   2.9101420e+06   3.0090332e+01
   2.9111030e+06   3.3691406e+01
   2.9319680e+06   4.6081543e+01
   2.9322630e+06   3.4118652e+01
   2.9469650e+06   3.1738281e+01
   2.9537130e+06   4.2114258e+01
   2.9705200e+06   4.4128418e+01
   2.9718020e+06   3.1433105e+01
   2.9786640e+06   3.1616211e+01
   2.9960210e+06   4.8461914e+01
