   1.1999000e+07   0.0000000e+00
   1.1319300e+05   8.4350586e+01
   1.4143700e+05   8.4228516e+01
   1.5862700e+05   8.8928223e+01
   3.0141200e+05   8.2824707e+01
   5.1719000e+05   7.9650879e+01
   5.7935100e+05   9.1735840e+01
   6.2801000e+05   9.3322754e+01
   6.3035200e+05   8.4228516e+01
   6.3039900e+05   8.5327148e+01
   6.3850200e+05   8.6547852e+01
   6.3944600e+05   8.0200195e+01
   6.4016100e+05   8.5998535e+01
   6.4307300e+05   7.9345703e+01
   6.4965300e+05   8.6059570e+01
   6.6290300e+05   8.6059570e+01
   7.4146700e+05   7.9528809e+01
   7.5395700e+05   8.2275391e+01
   7.7949400e+05   9.0637207e+01
   7.9798500e+05   8.6730957e+01
   8.9741000e+05   8.5693359e+01
   1.0050950e+06   8.0017090e+01
   1.0115860e+06   8.1604004e+01
   1.0956330e+06   1.0430908e+02
   1.0956530e+06   7.9345703e+01
   1.2404010e+06   8.1298828e+01
   1.2525620e+06   9.2712402e+01
   1.2531090e+06   7.9772949e+01
   1.2531860e+06   9.1308594e+01
   1.2535770e+06   8.1176758e+01
   1.2535940e+06   8.6730957e+01
   1.2537270e+06   8.0444336e+01
   1.2546960e+06   8.4655762e+01
   1.2547260e+06   8.1542969e+01
   1.2548640e+06   8.3862305e+01
   1.2552610e+06   8.0627441e+01
   1.2563190e+06   8.3190918e+01
   1.2564180e+06   8.0993652e+01
   1.2564380e+06   8.3496094e+01
   1.2571720e+06   8.3435059e+01
   1.2581000e+06   9.1613770e+01
   1.2584310e+06   8.7524414e+01
   1.2586730e+06   7.9406738e+01
   1.2587270e+06   1.0913086e+02
   1.2607760e+06   9.0942383e+01
   1.2618730e+06   8.9416504e+01
   1.2619280e+06   9.0148926e+01
   1.2627380e+06   8.1542969e+01
   1.2634320e+06   8.6853027e+01
   1.2664200e+06   8.3496094e+01
   1.2665550e+06   9.9670410e+01
   1.2666080e+06   1.1810303e+02
   1.2666190e+06   8.0200195e+01
   1.2667450e+06   8.3740234e+01
   1.2670060e+06   8.1665039e+01
   1.2674560e+06   1.1181641e+02
   1.2677650e+06   8.4899902e+01
   1.2679020e+06   9.6435547e+01
   1.2682910e+06   9.0148926e+01
   1.2960870e+06   9.2895508e+01
   1.2962190e+06   8.5266113e+01
   1.3009950e+06   8.4106445e+01
   1.3158230e+06   8.3251953e+01
   1.3203420e+06   8.5021973e+01
   1.3205220e+06   8.0627441e+01
   1.3351370e+06   8.6425781e+01
   1.3428790e+06   7.9895020e+01
   1.3478000e+06   8.4777832e+01
   1.3501000e+06   9.7290039e+01
   1.3509410e+06   8.1298828e+01
   1.3512820e+06   7.9345703e+01
   1.3519320e+06   7.9711914e+01
   1.3585960e+06   8.1909180e+01
   1.3607910e+06   8.2824707e+01
   1.3622240e+06   8.0444336e+01
   1.3640110e+06   8.0993652e+01
   1.3642970e+06   8.2214355e+01
   1.3756120e+06   7.9956055e+01
   1.3778020e+06   7.9772949e+01
   1.3806500e+06   8.3496094e+01
   1.3936560e+06   8.0993652e+01
   1.3977040e+06   8.3557129e+01
   1.4087840e+06   8.4960938e+01
   1.4132530e+06   9.3505859e+01
   1.4381100e+06   8.0993652e+01
   1.4474240e+06   8.8684082e+01
   1.4542000e+06   8.0505371e+01
   1.4693060e+06   8.1054688e+01
   1.4923510e+06   8.0627441e+01
   1.4984420e+06   8.1848145e+01
   1.5150120e+06   8.2946777e+01
   1.5183570e+06   8.4045410e+01
   1.5558680e+06   8.0383301e+01
   1.5891660e+06   8.0383301e+01
   1.6062350e+06   8.5388184e+01
   1.6457950e+06   8.2153320e+01
   1.6587860e+06   8.8256836e+01
   1.6617650e+06   8.4533691e+01
   1.6619080e+06   8.3984375e+01
   1.6646750e+06   8.1481934e+01
   1.6711160e+06   8.0261230e+01
   1.7060880e+06   8.5388184e+01
   1.7084470e+06   7.9895020e+01
   1.7100140e+06   8.0383301e+01
   1.7141980e+06   8.5998535e+01
   1.7142370e+06   8.3435059e+01
   1.7145440e+06   9.1247559e+01
   1.7267360e+06   8.4777832e+01
   1.7425810e+06   7.9528809e+01
   1.7489030e+06   8.4594727e+01
   1.7693080e+06   8.0139160e+01
   1.7704630e+06   8.9355469e+01
   1.7705010e+06   8.0688477e+01
   1.7706670e+06   8.7707520e+01
   1.7821310e+06   8.0322266e+01
   1.7843620e+06   8.3435059e+01
   1.7939500e+06   8.5021973e+01
   1.9795610e+06   8.1665039e+01
   2.4374620e+06   7.9895020e+01
   2.4998240e+06   8.7219238e+01
   2.6255210e+06   8.0139160e+01
   2.9332760e+06   8.1848145e+01
   2.9838700e+06   8.2275391e+01
   2.9838940e+06   8.1298828e+01
   3.0180020e+06   8.5693359e+01
   3.0374120e+06   9.3383789e+01
   3.0375770e+06   9.5092773e+01
   3.0395010e+06   8.4838867e+01
   3.0421430e+06   9.0209961e+01
   3.0426980e+06   1.0504150e+02
   3.0500540e+06   8.9965820e+01
   3.0594460e+06   8.4777832e+01
   3.0613920e+06   8.4533691e+01
   3.0614020e+06   9.1186523e+01
   3.0684760e+06   8.8439941e+01
   3.0685540e+06   8.8256836e+01
   3.0688150e+06   9.1247559e+01
   3.0693680e+06   8.7280273e+01
   3.0693930e+06   9.0148926e+01
   3.0789290e+06   8.5083008e+01
   3.0829500e+06   9.2834473e+01
   3.0845640e+06   9.0148926e+01
   3.0962510e+06   8.7158203e+01
   3.1000680e+06   8.6364746e+01
   3.1073790e+06   9.0026855e+01
   3.1129930e+06   9.3505859e+01
   3.1138620e+06   9.6618652e+01
   3.1155500e+06   9.7534180e+01
   3.1172420e+06   8.6730957e+01
   3.1191930e+06   9.1918945e+01
   3.1195420e+06   9.2834473e+01
   3.1220060e+06   8.7463379e+01
   3.1224990e+06   1.0290527e+02
   3.1263350e+06   8.7829590e+01
   3.1289470e+06   9.5825195e+01
   3.1301930e+06   8.7219238e+01
   3.1309410e+06   8.8928223e+01
   3.1326770e+06   8.7402344e+01
   3.1336140e+06   8.6791992e+01
   3.1342090e+06   9.8022461e+01
   3.1373180e+06   8.4350586e+01
   3.1443640e+06   8.6242676e+01
   3.1492230e+06   8.8195801e+01
   3.1567130e+06   8.5693359e+01
   3.1598200e+06   8.8317871e+01
   3.1664830e+06   8.8378906e+01
   3.1706570e+06   8.5021973e+01
   3.1738810e+06   9.0148926e+01
   3.1755930e+06   8.6730957e+01
   3.1763410e+06   8.8867188e+01
   3.1770550e+06   8.4533691e+01
   3.1779110e+06   9.3627930e+01
   3.2003380e+06   9.1552734e+01
   3.2106810e+06   8.7890625e+01
   3.2113860e+06   8.4472656e+01
   3.2126550e+06   8.5021973e+01
   3.2127350e+06   8.5510254e+01
   3.2172980e+06   8.6303711e+01
   3.2220810e+06   8.5815430e+01
   3.2233590e+06   8.4777832e+01
   3.2247690e+06   9.0209961e+01
   3.2286650e+06   9.2041016e+01
   3.2299890e+06   8.4655762e+01
   3.2450820e+06   8.7585449e+01
   3.2509520e+06   8.8928223e+01
   3.2516060e+06   9.3261719e+01
   3.2522680e+06   8.6608887e+01
   3.2526170e+06   9.2895508e+01
   3.2546310e+06   8.6791992e+01
   3.2661610e+06   8.5876465e+01
   3.2664870e+06   8.5083008e+01
   3.2666510e+06   8.5510254e+01
   3.2667210e+06   8.5266113e+01
   3.2714020e+06   8.7036133e+01
   3.2714680e+06   8.5632324e+01
   3.2726550e+06   8.4350586e+01
   3.2744570e+06   9.0087891e+01
   3.2750940e+06   8.7585449e+01
   3.2757420e+06   8.7219238e+01
   3.2778170e+06   8.8012695e+01
   3.2829730e+06   9.2956543e+01
   3.2840800e+06   1.0101318e+02
   3.2842770e+06   8.8439941e+01
   3.2843340e+06   1.0034180e+02
   3.2874880e+06   9.3750000e+01
   3.2905190e+06   8.6853027e+01
   3.2921770e+06   8.7402344e+01
   3.3047320e+06   9.4848633e+01
   3.3075560e+06   9.2590332e+01
   3.3108770e+06   8.8439941e+01
   3.3131120e+06   9.1430664e+01
   3.3131470e+06   9.0881348e+01
   3.3132030e+06   8.5815430e+01
   3.3138480e+06   8.5998535e+01
   3.3167680e+06   8.6914062e+01
   3.3198310e+06   8.5327148e+01
   3.3200520e+06   8.6120605e+01
   3.3201770e+06   8.4655762e+01
   3.3202050e+06   8.8256836e+01
   3.3207320e+06   8.4655762e+01
   3.3212370e+06   8.5510254e+01
   3.3214970e+06   8.6853027e+01
   3.3216920e+06   9.4482422e+01
   3.3239530e+06   8.4777832e+01
   3.3356570e+06   8.4899902e+01
   3.3541830e+06   8.4350586e+01
   3.3546190e+06   8.5144043e+01
   3.3548950e+06   9.5764160e+01
   3.3650330e+06   8.5388184e+01
   3.3873370e+06   8.7829590e+01
   3.3910760e+06   8.5754395e+01
   3.4007400e+06   8.4594727e+01
   3.4020850e+06   8.6181641e+01
   3.4029820e+06   8.9660645e+01
   3.4542760e+06   8.9599609e+01
   3.5370880e+06   8.9660645e+01
   3.5383650e+06   8.9782715e+01
   3.6112850e+06   9.3444824e+01
   3.6162330e+06   1.0211182e+02
   3.6171110e+06   8.5998535e+01
   3.6537040e+06   8.4899902e+01
   3.6747260e+06   8.7219238e+01
   3.7008280e+06   8.4350586e+01
   3.7278230e+06   9.4177246e+01
   3.7371920e+06   9.7961426e+01
   3.7381430e+06   8.8684082e+01
   3.8307490e+06   8.8623047e+01
   3.8506630e+06   9.9365234e+01
   3.8508850e+06   8.4960938e+01
   3.8512280e+06   9.3261719e+01
   3.8518400e+06   8.7829590e+01
   3.8519120e+06   8.5937500e+01
   3.8520780e+06   8.5876465e+01
   3.8524220e+06   8.7707520e+01
   3.8527680e+06   9.7167969e+01
   3.8543680e+06   9.0942383e+01
   3.8557980e+06   8.6425781e+01
   3.8578100e+06   8.4777832e+01
   5.1489530e+06   8.5021973e+01
   5.4851530e+06   8.5144043e+01
   5.6288790e+06   8.6120605e+01
   5.7978940e+06   8.4838867e+01
   5.7979060e+06   1.0284424e+02
   6.0683020e+06   8.8989258e+01
   6.0685820e+06   8.5083008e+01
   6.0871640e+06   8.4167480e+01
   6.7477490e+06   1.0839844e+02
   6.7478200e+06   8.4472656e+01
   6.8686350e+06   8.8745117e+01
   7.0115910e+06   9.7778320e+01
   7.1637450e+06   8.6364746e+01
   7.2142180e+06   9.1918945e+01
   7.3136490e+06   9.4970703e+01
   7.5598690e+06   8.4472656e+01
   7.5850060e+06   8.6364746e+01
   7.6845690e+06   8.4655762e+01
   7.9157920e+06   8.8378906e+01
   7.9260550e+06   8.5510254e+01
   7.9651490e+06   1.0095215e+02
   7.9651700e+06   8.4533691e+01
   7.9654440e+06   9.0942383e+01
   7.9843390e+06   1.0266113e+02
   7.9848780e+06   1.0369873e+02
   7.9851680e+06   8.6364746e+01
   7.9868820e+06   9.0148926e+01
   7.9882300e+06   8.8256836e+01
   7.9898470e+06   8.8867188e+01
   7.9908300e+06   8.5876465e+01
   7.9926460e+06   8.7768555e+01
   7.9962690e+06   8.9477539e+01
   7.9970790e+06   1.0235596e+02
   7.9977110e+06   9.2651367e+01
   7.9994370e+06   9.2468262e+01
   8.0002970e+06   9.9609375e+01
   8.0019340e+06   8.9416504e+01
   8.0025830e+06   9.1186523e+01
   8.0061440e+06   9.1735840e+01
   8.0065900e+06   8.4289551e+01
   8.0099120e+06   8.6425781e+01
   8.0099630e+06   9.1308594e+01
   8.0110170e+06   1.1279297e+02
   8.0185860e+06   8.5021973e+01
   8.0229070e+06   8.7402344e+01
   8.0236410e+06   9.1064453e+01
   8.0245510e+06   8.6425781e+01
   8.0304430e+06   8.5876465e+01
   8.0314570e+06   8.6303711e+01
   8.0317700e+06   8.6242676e+01
   8.0324050e+06   8.4167480e+01
   8.0324680e+06   8.4106445e+01
   8.0327500e+06   8.5205078e+01
   8.0356340e+06   8.4106445e+01
   8.0360770e+06   9.7473145e+01
   8.0364530e+06   9.3017578e+01
   8.0366560e+06   8.9294434e+01
   8.0371430e+06   9.6862793e+01
   8.0372700e+06   8.5205078e+01
   8.0375570e+06   8.4289551e+01
   8.0399040e+06   9.6374512e+01
   8.0399780e+06   9.5397949e+01
   8.0422530e+06   8.7341309e+01
   8.0425210e+06   8.5144043e+01
   8.0429670e+06   8.5632324e+01
   8.0430630e+06   8.4472656e+01
   8.0442180e+06   8.7036133e+01
   8.0664930e+06   8.4228516e+01
   8.0699860e+06   8.6059570e+01
   8.0706220e+06   8.9721680e+01
   8.0706510e+06   9.4543457e+01
   8.0808260e+06   8.5754395e+01
   8.0818980e+06   8.9416504e+01
   8.0842650e+06   8.7036133e+01
   8.0890120e+06   8.7585449e+01
   8.0890650e+06   8.9172363e+01
   8.0930760e+06   8.4167480e+01
   8.0953590e+06   9.0270996e+01
   8.1026800e+06   8.7402344e+01
   8.1050140e+06   8.4350586e+01
   8.1104120e+06   8.4350586e+01
   8.1154940e+06   9.1430664e+01
   8.1162700e+06   1.0266113e+02
   8.1182290e+06   8.5205078e+01
   8.1183720e+06   8.5571289e+01
   8.1185270e+06   8.6181641e+01
   8.1335920e+06   8.5327148e+01
   8.1804440e+06   8.5021973e+01
   8.1841870e+06   9.1857910e+01
   8.1852520e+06   8.9172363e+01
   8.2004930e+06   9.8754883e+01
   8.2005460e+06   8.7890625e+01
   8.2005870e+06   1.0131836e+02
   8.2007720e+06   8.4777832e+01
   8.2019640e+06   8.6059570e+01
   8.2072840e+06   9.0942383e+01
   8.2149240e+06   8.4960938e+01
   8.2259400e+06   8.6059570e+01
   8.2310630e+06   8.4777832e+01
   8.2515010e+06   8.4655762e+01
   8.2543310e+06   8.5510254e+01
   8.2561830e+06   8.8745117e+01
   8.3491510e+06   9.2529297e+01
   8.3495450e+06   9.3750000e+01
   8.3517740e+06   9.1613770e+01
   8.3522870e+06   8.3984375e+01
   8.3571820e+06   9.2102051e+01
   8.3636130e+06   8.8623047e+01
   8.3654290e+06   9.0515137e+01
   8.3699770e+06   8.4472656e+01
   8.3723820e+06   8.8745117e+01
   8.3727940e+06   8.4838867e+01
   8.3759670e+06   9.2285156e+01
   8.4836860e+06   8.6242676e+01
   8.5136070e+06   8.4472656e+01
   8.5418120e+06   1.0772705e+02
   8.5456830e+06   8.9782715e+01
   8.5472130e+06   8.5327148e+01
   8.5495500e+06   8.4228516e+01
   8.5702220e+06   8.6486816e+01
   8.5722810e+06   9.0942383e+01
   8.5736120e+06   8.4594727e+01
   8.5763380e+06   9.1125488e+01
   8.5808780e+06   8.4655762e+01
   8.5830660e+06   8.6242676e+01
   8.5894310e+06   8.7768555e+01
   8.5932790e+06   9.0026855e+01
   8.5966180e+06   8.5693359e+01
   8.6030590e+06   8.5876465e+01
   8.6106410e+06   8.8867188e+01
   8.6110390e+06   9.0087891e+01
   8.6163850e+06   8.8684082e+01
   8.6167930e+06   8.6853027e+01
   8.6176450e+06   8.4838867e+01
   8.6181760e+06   8.5571289e+01
   8.6182250e+06   8.7646484e+01
   8.6186240e+06   8.5571289e+01
   8.6210350e+06   8.4411621e+01
   8.6292480e+06   9.2712402e+01
   8.6295270e+06   8.4289551e+01
   8.6352430e+06   8.6303711e+01
   8.6399550e+06   8.9111328e+01
   8.6508930e+06   8.7768555e+01
   8.6510270e+06   8.6914062e+01
   8.6590650e+06   8.5083008e+01
   8.6624110e+06   8.7829590e+01
   8.6662250e+06   9.7778320e+01
   8.6663090e+06   9.0209961e+01
   8.6693870e+06   8.6791992e+01
   8.6698960e+06   8.8256836e+01
   8.6715330e+06   8.5266113e+01
   8.6730780e+06   8.9172363e+01
   8.6759600e+06   8.4594727e+01
   8.6822400e+06   8.5815430e+01
   8.6826100e+06   8.7463379e+01
   8.6841300e+06   1.1273193e+02
   8.6842400e+06   8.4106445e+01
   8.6843160e+06   8.8867188e+01
   8.6853550e+06   8.6547852e+01
   8.6868010e+06   8.6425781e+01
   8.6873860e+06   8.5388184e+01
   8.6878730e+06   9.5275879e+01
   8.6901530e+06   8.5266113e+01
   8.6903910e+06   9.0148926e+01
   8.6909370e+06   8.9782715e+01
   8.6946820e+06   8.9904785e+01
   8.6983870e+06   8.7768555e+01
   8.6992530e+06   8.9904785e+01
   8.6992840e+06   9.0820312e+01
   8.6995000e+06   9.1125488e+01
   8.6996350e+06   1.0131836e+02
   8.6996930e+06   8.8134766e+01
   8.7004130e+06   8.5021973e+01
   8.7008450e+06   9.1369629e+01
   8.7164470e+06   8.6364746e+01
   8.7170490e+06   9.2346191e+01
   8.7182810e+06   9.6191406e+01
   8.7206220e+06   9.3017578e+01
   8.7211030e+06   9.1369629e+01
   8.7228940e+06   9.0576172e+01
   8.7230210e+06   9.1308594e+01
   8.7235890e+06   1.0327148e+02
   8.7250070e+06   8.4228516e+01
   8.7259910e+06   8.8195801e+01
   8.7262830e+06   9.0759277e+01
   8.7268870e+06   9.2285156e+01
   8.7277270e+06   8.4838867e+01
   8.7301420e+06   8.4228516e+01
   8.7304480e+06   9.2529297e+01
   8.7306060e+06   9.1308594e+01
   8.7316630e+06   8.4472656e+01
   8.7356610e+06   8.7036133e+01
   8.7360600e+06   8.7890625e+01
   8.7364580e+06   9.0026855e+01
   8.7371360e+06   8.6242676e+01
   8.7372840e+06   8.7219238e+01
   8.7376630e+06   8.5754395e+01
   8.7380230e+06   8.8378906e+01
   8.7390750e+06   8.7097168e+01
   8.7392390e+06   8.9172363e+01
   8.7397360e+06   8.6425781e+01
   8.7403610e+06   9.2041016e+01
   8.7407740e+06   8.8378906e+01
   8.7413100e+06   8.8806152e+01
   8.7417050e+06   9.2407227e+01
   8.7418840e+06   8.3984375e+01
   8.7474740e+06   9.6923828e+01
   8.7475550e+06   8.8684082e+01
   8.7478430e+06   8.7585449e+01
   8.7486770e+06   8.6608887e+01
   8.7487830e+06   8.4960938e+01
   8.7490690e+06   8.4045410e+01
   8.7491890e+06   9.1918945e+01
   8.7506990e+06   8.7097168e+01
   8.7533940e+06   8.5571289e+01
   8.7548420e+06   1.0559082e+02
   8.7556210e+06   8.7341309e+01
   8.7571870e+06   8.5815430e+01
   8.7580220e+06   9.0087891e+01
   8.7585030e+06   8.4472656e+01
   8.7594540e+06   8.6730957e+01
   8.7604850e+06   8.6059570e+01
   8.7611000e+06   8.4655762e+01
   8.7623290e+06   9.4299316e+01
   8.7625870e+06   8.4411621e+01
   8.7639100e+06   8.4289551e+01
   8.7642630e+06   9.7656250e+01
   8.7644640e+06   8.6425781e+01
   8.7664750e+06   8.8256836e+01
   8.7700220e+06   9.0026855e+01
   8.7701040e+06   9.0087891e+01
   8.7706930e+06   8.7585449e+01
   8.7708440e+06   8.7890625e+01
   8.7712340e+06   9.5581055e+01
   8.7723280e+06   8.6242676e+01
   8.7724910e+06   9.7229004e+01
   8.7726300e+06   8.4838867e+01
   8.7736000e+06   8.5754395e+01
   8.7741350e+06   9.3750000e+01
   8.7768850e+06   8.9599609e+01
   8.7771370e+06   8.7158203e+01
   8.7781390e+06   8.8928223e+01
   8.7786970e+06   9.1918945e+01
   8.7799170e+06   8.5510254e+01
   8.7850460e+06   8.6608887e+01
   8.7850710e+06   8.9050293e+01
   8.7853350e+06   9.1003418e+01
   8.7860970e+06   8.4960938e+01
   8.7861750e+06   8.5144043e+01
   8.7863910e+06   8.5021973e+01
   8.7864990e+06   9.0576172e+01
   8.7894900e+06   9.1979980e+01
   8.7895810e+06   9.1552734e+01
   8.7905470e+06   8.6547852e+01
   8.7905740e+06   8.9294434e+01
   8.7969530e+06   9.0942383e+01
   8.7976270e+06   8.9294434e+01
   8.7976590e+06   9.1918945e+01
   8.8010630e+06   8.8134766e+01
   8.8012400e+06   8.9843750e+01
   8.8015310e+06   8.6425781e+01
   8.8026680e+06   1.0186768e+02
   8.8026780e+06   8.8256836e+01
   8.8028080e+06   8.5144043e+01
   8.8033380e+06   8.4472656e+01
   8.8060280e+06   8.8073730e+01
   8.8201390e+06   9.4299316e+01
   8.8208670e+06   8.6853027e+01
   8.8238980e+06   8.4167480e+01
   8.8245350e+06   8.8439941e+01
   8.8263210e+06   8.9782715e+01
   8.8263330e+06   8.8928223e+01
   8.8274310e+06   8.6547852e+01
   8.8279360e+06   9.3139648e+01
   8.8284590e+06   8.6730957e+01
   8.8285230e+06   9.0087891e+01
   8.8292190e+06   8.9599609e+01
   8.8308720e+06   8.3984375e+01
   8.8308930e+06   8.5388184e+01
   8.8338480e+06   8.4167480e+01
   8.8352100e+06   8.8134766e+01
   8.8368080e+06   8.7768555e+01
   8.8368470e+06   8.4533691e+01
   8.8375710e+06   9.6008301e+01
   8.8384750e+06   9.3444824e+01
   8.8387460e+06   9.1125488e+01
   8.8389130e+06   8.5021973e+01
   8.8404210e+06   8.4106445e+01
   8.8411830e+06   8.5571289e+01
   8.8414760e+06   9.3017578e+01
   8.8439470e+06   8.6303711e+01
   8.8450810e+06   8.7280273e+01
   8.8464680e+06   1.0491943e+02
   8.8465550e+06   9.1369629e+01
   8.8471550e+06   8.7341309e+01
   8.8479280e+06   8.7036133e+01
   8.8484480e+06   9.4299316e+01
   8.8490050e+06   9.3383789e+01
   8.8523170e+06   8.4716797e+01
   8.8528490e+06   9.5153809e+01
   8.8543850e+06   8.4228516e+01
   8.8545770e+06   1.0382080e+02
   8.8547090e+06   8.8562012e+01
   8.8558990e+06   9.0270996e+01
   8.8560200e+06   8.5021973e+01
   8.8596420e+06   8.6242676e+01
   8.8614820e+06   8.6486816e+01
   8.8620130e+06   8.7097168e+01
   8.8631510e+06   8.5998535e+01
   8.8636000e+06   9.6008301e+01
   8.8647330e+06   8.3984375e+01
   8.8683790e+06   8.4655762e+01
   8.8684120e+06   8.5144043e+01
   8.8701850e+06   8.6120605e+01
   8.8702410e+06   8.5388184e+01
   8.8732910e+06   8.5510254e+01
   8.8774760e+06   9.1003418e+01
   8.8778980e+06   9.0881348e+01
   8.8800790e+06   8.9111328e+01
   8.8812900e+06   8.4350586e+01
   8.8816070e+06   8.5266113e+01
   8.8842970e+06   9.0515137e+01
   8.8861590e+06   8.4228516e+01
   8.8862220e+06   8.5876465e+01
   8.8877150e+06   8.5266113e+01
   8.8881890e+06   8.4289551e+01
   8.8892890e+06   9.1430664e+01
   8.8905030e+06   9.4970703e+01
   8.8912070e+06   8.5144043e+01
   8.8919980e+06   8.8256836e+01
   8.8930120e+06   8.6059570e+01
   8.8955140e+06   8.5876465e+01
   8.8966780e+06   9.5153809e+01
   8.8986070e+06   8.4045410e+01
   8.9011090e+06   9.1369629e+01
   8.9012510e+06   8.4411621e+01
   8.9105210e+06   8.8134766e+01
   8.9119220e+06   8.5205078e+01
   8.9119860e+06   8.9294434e+01
   8.9121350e+06   9.3322754e+01
   8.9137950e+06   8.8500977e+01
   8.9151530e+06   8.7646484e+01
   8.9160620e+06   8.7097168e+01
   8.9171760e+06   9.1369629e+01
   8.9190030e+06   8.8378906e+01
   8.9219750e+06   8.7768555e+01
   8.9285920e+06   8.7341309e+01
   8.9295910e+06   9.2285156e+01
   8.9306490e+06   9.0087891e+01
   8.9560890e+06   8.7829590e+01
   8.9593620e+06   8.9416504e+01
   8.9594130e+06   8.8317871e+01
   8.9622700e+06   9.2834473e+01
   8.9633570e+06   1.0931396e+02
   8.9653660e+06   8.7341309e+01
   8.9743110e+06   8.4716797e+01
   8.9790880e+06   8.9477539e+01
   8.9800910e+06   9.1430664e+01
   9.0253360e+06   8.7097168e+01
   9.0778510e+06   8.7158203e+01
   9.0877700e+06   8.7402344e+01
   9.2293340e+06   9.1186523e+01
   9.2342130e+06   8.9660645e+01
   9.4326930e+06   8.6608887e+01
   9.6893940e+06   8.9111328e+01
   1.0144196e+07   8.9111328e+01
