   1.1999000e+07   0.0000000e+00
   9.7570000e+03   2.2338867e+01
   9.7769000e+04   4.0649414e+01
   9.8052000e+04   4.8339844e+01
   9.8357000e+04   4.4738770e+01
   9.8655000e+04   4.7180176e+01
   9.8860000e+04   4.0466309e+01
   9.9056000e+04   4.0771484e+01
   9.9308000e+04   3.8635254e+01
   9.9512000e+04   4.1259766e+01
   9.9683000e+04   4.2053223e+01
   9.9933000e+04   3.7780762e+01
   1.0016200e+05   4.3395996e+01
   1.0048000e+05   3.8024902e+01
   1.0087000e+05   3.9245605e+01
   1.0106300e+05   3.6682129e+01
   1.0160000e+05   3.5034180e+01
   1.0185900e+05   3.5766602e+01
   1.0206600e+05   3.7902832e+01
   1.0330200e+05   4.2541504e+01
   1.0375500e+05   3.6376953e+01
   1.0431700e+05   3.4973145e+01
   1.0466100e+05   5.1513672e+01
   1.0556100e+05   3.7109375e+01
   1.0600500e+05   3.8391113e+01
   1.0646100e+05   4.0283203e+01
   1.0691000e+05   3.8330078e+01
   1.0779100e+05   4.2053223e+01
   1.0808600e+05   3.5949707e+01
   1.0838900e+05   3.9184570e+01
   1.1028300e+05   4.4128418e+01
   1.1055800e+05   3.6010742e+01
   1.1108500e+05   4.1992188e+01
   1.1161700e+05   3.9367676e+01
   1.1191800e+05   3.4545898e+01
   1.1226400e+05   3.9062500e+01
   1.1265000e+05   3.9062500e+01
   1.1338700e+05   3.7170410e+01
   1.1368700e+05   3.7414551e+01
   1.1409300e+05   3.8269043e+01
   1.1477200e+05   4.1625977e+01
   1.1527700e+05   3.5217285e+01
   1.1588000e+05   3.5461426e+01
   1.1617800e+05   3.6621094e+01
   1.1819800e+05   4.6508789e+01
   1.1862200e+05   4.3762207e+01
   1.1907800e+05   3.5339355e+01
   1.1947900e+05   3.8391113e+01
   1.2012500e+05   4.5288086e+01
   1.2053200e+05   4.7241211e+01
   1.2094600e+05   3.5461426e+01
   1.2134800e+05   3.6437988e+01
   1.2157700e+05   3.6315918e+01
   1.2187600e+05   3.4118652e+01
   1.2237500e+05   3.9001465e+01
   1.2271600e+05   3.7475586e+01
   1.2313300e+05   4.4311523e+01
   1.2354600e+05   4.1076660e+01
   1.2406100e+05   4.0100098e+01
   1.2476800e+05   4.2297363e+01
   1.2534200e+05   4.6020508e+01
   1.2610800e+05   3.7597656e+01
   1.2699600e+05   3.5644531e+01
   1.2776400e+05   3.5156250e+01
   1.2817100e+05   4.2663574e+01
   1.2976700e+05   3.9855957e+01
   1.3020700e+05   3.6682129e+01
   1.3080600e+05   4.2297363e+01
   1.3124400e+05   3.7902832e+01
   1.3152600e+05   4.1564941e+01
   1.3194600e+05   3.1005859e+01
   1.3307900e+05   3.5339355e+01
   1.3370600e+05   3.9489746e+01
   1.3419900e+05   3.8513184e+01
   1.3477500e+05   3.2897949e+01
   1.3538600e+05   4.6813965e+01
   1.3590900e+05   4.0344238e+01
   1.3654200e+05   3.7170410e+01
   1.3748900e+05   4.0161133e+01
   1.3788000e+05   3.8330078e+01
   1.3881900e+05   3.9550781e+01
   1.3962100e+05   3.7597656e+01
   1.4054200e+05   4.1687012e+01
   1.4158100e+05   4.2968750e+01
   1.4198200e+05   2.3254395e+01
   1.4217600e+05   4.6447754e+01
   1.4253100e+05   3.7475586e+01
   1.4276300e+05   3.3569336e+01
   1.4295200e+05   3.8208008e+01
   1.4334100e+05   3.6499023e+01
   1.4439900e+05   3.7353516e+01
   1.4486500e+05   3.9489746e+01
   1.4532100e+05   4.5654297e+01
   1.4651400e+05   4.3579102e+01
   1.4696800e+05   2.2949219e+01
   1.4733600e+05   4.2297363e+01
   1.4779100e+05   3.6621094e+01
   1.4829600e+05   3.7780762e+01
   1.4883500e+05   4.2785645e+01
   1.5005400e+05   3.7902832e+01
   1.5044300e+05   3.7048340e+01
   1.5104800e+05   4.1564941e+01
   1.5165600e+05   3.9794922e+01
   1.5250800e+05   3.8879395e+01
   1.5303400e+05   3.7597656e+01
   1.5344600e+05   3.8635254e+01
   1.5612500e+05   4.0161133e+01
   1.5640600e+05   3.9245605e+01
   1.5668400e+05   3.6071777e+01
   1.5696700e+05   3.4057617e+01
   1.5739300e+05   3.6193848e+01
   1.5781100e+05   3.8269043e+01
   1.5840800e+05   4.1015625e+01
   1.5971300e+05   3.6376953e+01
   1.6067300e+05   3.7597656e+01
   1.6099100e+05   4.2968750e+01
   1.6203800e+05   3.3081055e+01
   1.6511800e+05   3.6193848e+01
   1.6554100e+05   4.5776367e+01
   1.6598700e+05   4.1259766e+01
   1.6634400e+05   3.9733887e+01
   1.6786700e+05   3.6010742e+01
   1.6823900e+05   4.3945312e+01
   1.6871200e+05   3.9550781e+01
   1.6910100e+05   3.5522461e+01
   1.6941700e+05   3.6743164e+01
   1.6988500e+05   3.8513184e+01
   1.7227100e+05   3.6804199e+01
   1.7259000e+05   3.7414551e+01
   1.7287500e+05   4.1198730e+01
   1.7329200e+05   4.0771484e+01
   1.7352300e+05   3.4667969e+01
   1.7486900e+05   3.6804199e+01
   1.7528500e+05   3.7353516e+01
   1.7559200e+05   4.2663574e+01
   1.7630000e+05   3.5583496e+01
   1.7748700e+05   3.4240723e+01
   1.7777200e+05   4.1198730e+01
   1.7806000e+05   3.8513184e+01
   1.7883100e+05   3.6743164e+01
   1.7918500e+05   3.8818359e+01
   1.7949200e+05   3.6254883e+01
   1.7980700e+05   3.6804199e+01
   1.8303500e+05   3.5522461e+01
   1.8340000e+05   3.4851074e+01
   1.8391900e+05   3.3325195e+01
   1.8432000e+05   3.9428711e+01
   1.8510800e+05   3.3691406e+01
   1.8556500e+05   3.3630371e+01
   1.8629300e+05   3.4973145e+01
   1.8828600e+05   4.0222168e+01
   1.8871700e+05   4.2236328e+01
   1.8919000e+05   3.8330078e+01
   1.9339100e+05   4.5410156e+01
   1.9381800e+05   3.5644531e+01
   1.9412000e+05   3.3020020e+01
   1.9435400e+05   3.8452148e+01
   1.9461400e+05   4.0039063e+01
   1.9509700e+05   3.9001465e+01
   1.9553800e+05   3.4912109e+01
   1.9780200e+05   3.1311035e+01
   1.9828100e+05   3.9855957e+01
   1.9871900e+05   3.8879395e+01
   1.9981600e+05   4.1015625e+01
   2.0059800e+05   4.2358398e+01
   2.0111800e+05   3.6437988e+01
   2.0135200e+05   3.7231445e+01
   2.0470200e+05   3.5522461e+01
   2.0506400e+05   4.1992188e+01
   2.0547500e+05   3.6071777e+01
   2.0582400e+05   3.4790039e+01
   2.0863800e+05   3.6621094e+01
   2.0901100e+05   3.3996582e+01
   2.0980400e+05   4.4982910e+01
   2.1404900e+05   4.0405273e+01
   2.1477400e+05   4.5898438e+01
   2.1534300e+05   3.4912109e+01
   2.1646600e+05   3.9001465e+01
   2.1673000e+05   3.7841797e+01
   2.1700600e+05   4.1442871e+01
   2.1743000e+05   3.7109375e+01
   2.1782300e+05   3.4301758e+01
   2.1853400e+05   3.7170410e+01
   2.2087200e+05   3.9978027e+01
   2.2121500e+05   3.9978027e+01
   2.2148500e+05   3.9611816e+01
   2.2152600e+05   2.3986816e+01
   2.2189000e+05   3.4729004e+01
   2.2276400e+05   4.5654297e+01
   2.2334200e+05   3.6804199e+01
   2.2813900e+05   3.8574219e+01
   2.2864100e+05   3.1616211e+01
   2.2899600e+05   3.9001465e+01
   2.2939500e+05   4.0100098e+01
   2.3241000e+05   4.2358398e+01
   2.3293700e+05   4.0222168e+01
   2.3323200e+05   4.1870117e+01
   3.1661900e+05   2.2766113e+01
   3.2574000e+05   2.2888184e+01
   3.2833000e+05   2.2521973e+01
   5.4508500e+05   2.4780273e+01
   6.2117900e+05   2.8198242e+01
   6.4291300e+05   2.2766113e+01
   6.4345600e+05   4.1748047e+01
   6.4393800e+05   4.1381836e+01
   6.4422200e+05   4.2358398e+01
   6.4440500e+05   4.5776367e+01
   6.4457500e+05   4.1381836e+01
   6.4476700e+05   3.5156250e+01
   6.4493900e+05   4.0161133e+01
   6.4519000e+05   3.4667969e+01
   6.4550500e+05   3.9062500e+01
   6.4594700e+05   3.4606934e+01
   6.4647300e+05   3.7658691e+01
   6.4698500e+05   3.8024902e+01
   6.4760300e+05   4.9743652e+01
   6.4805000e+05   3.3203125e+01
   6.4836700e+05   3.5034180e+01
   6.4872600e+05   4.1748047e+01
   6.4914800e+05   4.0649414e+01
   6.4956400e+05   4.4311523e+01
   6.5033500e+05   3.5827637e+01
   6.5083900e+05   3.7658691e+01
   6.5132900e+05   4.0283203e+01
   6.5176400e+05   4.2724609e+01
   6.5263300e+05   4.4006348e+01
   6.5305500e+05   3.6926270e+01
   6.5359500e+05   3.8269043e+01
   6.5394800e+05   3.6132812e+01
   6.5454800e+05   4.0100098e+01
   6.5495300e+05   3.8330078e+01
   6.5674400e+05   3.6560059e+01
   6.5716800e+05   3.6315918e+01
   6.5769700e+05   4.0771484e+01
   6.5826300e+05   3.9733887e+01
   6.5893200e+05   4.2175293e+01
   6.5967700e+05   3.6743164e+01
   6.6016100e+05   4.4738770e+01
   6.6061600e+05   2.5878906e+01
   6.6103700e+05   4.0405273e+01
   6.6174400e+05   3.5156250e+01
   6.6304800e+05   4.3273926e+01
   6.6365000e+05   4.2785645e+01
   6.6393000e+05   3.7780762e+01
   6.6437800e+05   4.0588379e+01
   6.6512000e+05   4.6081543e+01
   6.6578000e+05   3.6315918e+01
   6.6641500e+05   3.6193848e+01
   6.6694700e+05   3.7841797e+01
   6.6732700e+05   3.4240723e+01
   6.6802900e+05   3.4606934e+01
   6.6952700e+05   4.3579102e+01
   6.7003800e+05   4.3273926e+01
   6.7041100e+05   3.4362793e+01
   6.7156600e+05   4.1931152e+01
   6.7213100e+05   3.6682129e+01
   6.7254900e+05   3.2165527e+01
   6.7365800e+05   3.9611816e+01
   6.7437300e+05   3.7353516e+01
   6.7479200e+05   3.7048340e+01
   6.7546900e+05   3.7597656e+01
   6.7616700e+05   3.7963867e+01
   6.7704000e+05   3.8513184e+01
   6.7742800e+05   3.9428711e+01
   6.7861100e+05   3.7780762e+01
   6.7918200e+05   3.9672852e+01
   6.8144100e+05   4.0588379e+01
   6.8180000e+05   4.0832520e+01
   6.8209900e+05   4.2175293e+01
   6.8261100e+05   3.3203125e+01
   6.8304300e+05   3.8024902e+01
   6.8338800e+05   3.7475586e+01
   6.8372700e+05   3.9550781e+01
   6.8398000e+05   3.5278320e+01
   6.8474300e+05   4.0405273e+01
   6.8669800e+05   4.2846680e+01
   6.8723500e+05   4.1076660e+01
   6.8766800e+05   3.4423828e+01
   6.8795200e+05   3.7597656e+01
   6.8828200e+05   3.9978027e+01
   6.8893100e+05   3.7231445e+01
   6.8957900e+05   3.9428711e+01
   6.9026100e+05   3.8024902e+01
   6.9303100e+05   3.4545898e+01
   6.9341600e+05   4.2419434e+01
   6.9396100e+05   3.8696289e+01
   6.9431200e+05   3.8696289e+01
   6.9466800e+05   4.0832520e+01
   6.9667600e+05   4.2663574e+01
   6.9712400e+05   4.0039062e+01
   6.9764900e+05   3.9245605e+01
   6.9802900e+05   3.4912109e+01
   6.9852700e+05   4.2114258e+01
   7.0034300e+05   4.4921875e+01
   7.0098700e+05   4.1503906e+01
   7.0131500e+05   4.0649414e+01
   7.0167400e+05   4.3945312e+01
   7.0200700e+05   3.7658691e+01
   7.0267200e+05   3.8879395e+01
   7.0314900e+05   4.2053223e+01
   7.0435200e+05   3.4667969e+01
   7.0538600e+05   3.7231445e+01
   7.0675100e+05   3.8879395e+01
   7.0721700e+05   3.7780762e+01
   7.0765900e+05   3.7963867e+01
   7.0924700e+05   3.9855957e+01
   7.0989700e+05   4.4738770e+01
   7.1024100e+05   3.6621094e+01
   7.1093300e+05   3.9916992e+01
   7.1148900e+05   3.7353516e+01
   7.1241600e+05   3.9062500e+01
   7.1489800e+05   4.4189453e+01
   7.1549300e+05   3.9367676e+01
   7.1583200e+05   4.0710449e+01
   7.1616100e+05   3.8757324e+01
   7.1658700e+05   4.2968750e+01
   7.1693400e+05   3.6071777e+01
   7.1739300e+05   3.6010742e+01
   7.1789900e+05   3.7475586e+01
   7.1890400e+05   3.3813477e+01
   7.1961600e+05   2.9541016e+01
   7.2004400e+05   3.4362793e+01
   7.2082600e+05   3.7597656e+01
   7.2124200e+05   3.3447266e+01
   7.2236200e+05   3.3081055e+01
   7.2276200e+05   3.4851074e+01
   7.2327900e+05   3.6621094e+01
   7.2380400e+05   3.3508301e+01
   7.2452300e+05   4.2480469e+01
   7.2492700e+05   3.9794922e+01
   7.2677300e+05   4.0893555e+01
   7.2705500e+05   3.8574219e+01
   7.2732300e+05   4.2968750e+01
   7.2758900e+05   3.6254883e+01
   7.2819600e+05   4.2480469e+01
   7.2864600e+05   4.1503906e+01
   7.3183300e+05   3.7536621e+01
   7.3288500e+05   3.6865234e+01
   7.3342000e+05   4.2114258e+01
   7.3426700e+05   3.7780762e+01
   7.3460400e+05   4.2419434e+01
   7.3489600e+05   3.9794922e+01
   7.3538800e+05   3.1066895e+01
   7.3655800e+05   4.5959473e+01
   7.3689600e+05   3.5034180e+01
   7.3744700e+05   3.9184570e+01
   7.3802100e+05   4.5043945e+01
   7.3968400e+05   3.9611816e+01
   7.4017900e+05   4.3884277e+01
   7.4065500e+05   3.6437988e+01
   7.4195900e+05   4.2114258e+01
   7.4234900e+05   3.6682129e+01
   7.4305800e+05   3.8818359e+01
   7.4492700e+05   3.9306641e+01
   7.4539900e+05   3.8452148e+01
   7.4641500e+05   4.3945313e+01
   7.4687800e+05   3.6682129e+01
   7.4829000e+05   3.9733887e+01
   7.4874900e+05   3.6987305e+01
   7.5113000e+05   3.7109375e+01
   7.5149300e+05   3.6193848e+01
   7.5187200e+05   3.8940430e+01
   7.5211300e+05   3.3874512e+01
   7.5236200e+05   3.4851074e+01
   7.5287700e+05   3.7658691e+01
   7.5489500e+05   3.8635254e+01
   7.5561200e+05   3.5095215e+01
   7.5711300e+05   3.8696289e+01
   7.5753400e+05   3.7475586e+01
   7.5813900e+05   3.5034180e+01
   7.6024500e+05   4.3090820e+01
   7.6120800e+05   3.9733887e+01
   7.6172300e+05   3.9733887e+01
   7.6221500e+05   4.1564941e+01
   7.6298000e+05   4.0893555e+01
   7.6360700e+05   3.5827637e+01
   7.6446100e+05   4.0344238e+01
   7.6683800e+05   4.3273926e+01
   7.6726900e+05   3.7109375e+01
   7.6788500e+05   4.2968750e+01
   7.6833300e+05   3.9062500e+01
   7.7141300e+05   3.9123535e+01
   7.7449400e+05   3.9367676e+01
   7.7505400e+05   4.1931152e+01
   7.7563600e+05   3.8940430e+01
   8.5329600e+05   4.0832520e+01
   9.2206000e+05   2.2583008e+01
   9.6100500e+05   2.3437500e+01
   9.7798300e+05   2.3803711e+01
   9.8086300e+05   2.2460938e+01
   1.0136100e+06   2.2399902e+01
   1.0565450e+06   2.2338867e+01
   1.1285110e+06   3.7231445e+01
   1.1288970e+06   4.2480469e+01
   1.1290880e+06   3.9550781e+01
   1.1293150e+06   4.2175293e+01
   1.1295170e+06   4.3212891e+01
   1.1297050e+06   3.2409668e+01
   1.1299330e+06   3.8330078e+01
   1.1301660e+06   3.0029297e+01
   1.1305430e+06   4.1992188e+01
   1.1308010e+06   3.2348633e+01
   1.1311660e+06   3.5705566e+01
   1.1314790e+06   3.6743164e+01
   1.1319180e+06   3.4179688e+01
   1.1323830e+06   4.4555664e+01
   1.1327400e+06   4.6875000e+01
   1.1333170e+06   3.8330078e+01
   1.1342840e+06   3.7109375e+01
   1.1347640e+06   4.2297363e+01
   1.1356970e+06   4.0222168e+01
   1.1363970e+06   4.3273926e+01
   1.1370460e+06   3.8452148e+01
   1.1375520e+06   4.0222168e+01
   1.1380840e+06   3.6621094e+01
   1.1387650e+06   3.8146973e+01
   1.1391860e+06   3.7231445e+01
   1.1400410e+06   4.2480469e+01
   1.1405370e+06   4.0100098e+01
   1.1408670e+06   3.9733887e+01
   1.1411750e+06   3.3813477e+01
   1.1415140e+06   2.2521973e+01
   1.1416100e+06   3.7231445e+01
   1.1423630e+06   4.5715332e+01
   1.1428230e+06   3.9062500e+01
   1.1431320e+06   4.2236328e+01
   1.1434340e+06   3.7231445e+01
   1.1446210e+06   3.7841797e+01
   1.1449630e+06   2.2399902e+01
   1.1452810e+06   3.8940430e+01
   1.1458120e+06   4.5043945e+01
   1.1462480e+06   3.8330078e+01
   1.1474250e+06   3.9245605e+01
   1.1482640e+06   3.4179688e+01
   1.1486820e+06   4.0527344e+01
   1.1492800e+06   3.1799316e+01
   1.1496620e+06   3.5156250e+01
   1.1501190e+06   3.3813477e+01
   1.1504340e+06   3.3752441e+01
   1.1510070e+06   3.3996582e+01
   1.1525880e+06   4.4433594e+01
   1.1530200e+06   3.5339355e+01
   1.1534320e+06   4.2297363e+01
   1.1538150e+06   3.5827637e+01
   1.1543250e+06   3.8696289e+01
   1.1546800e+06   3.8513184e+01
   1.1551870e+06   3.9794922e+01
   1.1555710e+06   3.2226563e+01
   1.1565210e+06   3.6682129e+01
   1.1570210e+06   3.6682129e+01
   1.1573950e+06   3.9428711e+01
   1.1578730e+06   3.3508301e+01
   1.1586070e+06   3.0395508e+01
   1.1596080e+06   3.6376953e+01
   1.1599880e+06   3.8208008e+01
   1.1607920e+06   3.6743164e+01
   1.1625920e+06   3.6254883e+01
   1.1631110e+06   3.1921387e+01
   1.1644390e+06   3.3935547e+01
   1.1650270e+06   4.3701172e+01
   1.1653900e+06   3.5888672e+01
   1.1663770e+06   3.7475586e+01
   1.1667090e+06   3.8391113e+01
   1.1670160e+06   3.5888672e+01
   1.1681740e+06   4.0161133e+01
   1.1688020e+06   3.9062500e+01
   1.1691260e+06   3.8574219e+01
   1.1695540e+06   4.5410156e+01
   1.1698320e+06   3.9978027e+01
   1.1709680e+06   3.8146973e+01
   1.1716350e+06   3.7658691e+01
   1.1741030e+06   3.9794922e+01
   1.1749170e+06   3.8940430e+01
   1.1753870e+06   3.8085938e+01
   1.1756840e+06   4.7180176e+01
   1.1761620e+06   3.8513184e+01
   1.1767610e+06   3.8269043e+01
   1.1784990e+06   3.9001465e+01
   1.1791140e+06   4.2053223e+01
   1.1796860e+06   3.6621094e+01
   1.1805100e+06   3.5217285e+01
   1.1808590e+06   3.6437988e+01
   1.1828990e+06   4.6081543e+01
   1.1834650e+06   3.8513184e+01
   1.1838440e+06   3.6804199e+01
   1.1850010e+06   4.2785645e+01
   1.1856390e+06   3.2348633e+01
   1.1866120e+06   3.7170410e+01
   1.1879180e+06   3.8574219e+01
   1.1884680e+06   4.1564941e+01
   1.1890250e+06   4.2663574e+01
   1.1914310e+06   4.0039063e+01
   1.1918820e+06   3.4118652e+01
   1.1922700e+06   3.4179688e+01
   1.1926040e+06   3.7231445e+01
   1.1930140e+06   4.0222168e+01
   1.1935940e+06   3.7841797e+01
   1.1972620e+06   3.8757324e+01
   1.1976200e+06   3.9978027e+01
   1.1980000e+06   4.0222168e+01
   1.1982950e+06   4.4067383e+01
   1.1985900e+06   3.8452148e+01
   1.1993650e+06   2.6794434e+01
   1.2028780e+06   3.9123535e+01
   1.2033250e+06   4.1198730e+01
   1.2042220e+06   3.6315918e+01
   1.2046010e+06   3.6437988e+01
   1.2049010e+06   4.1809082e+01
   1.2052360e+06   3.2714844e+01
   1.2058920e+06   4.0283203e+01
   1.2079660e+06   4.2358398e+01
   1.2089790e+06   3.8208008e+01
   1.2094900e+06   3.8635254e+01
   1.2101150e+06   3.5217285e+01
   1.2108410e+06   2.9663086e+01
   1.2112850e+06   3.9245605e+01
   1.2118010e+06   3.8635254e+01
   1.2124220e+06   4.1687012e+01
   1.2133740e+06   3.4118652e+01
   1.2140030e+06   3.6071777e+01
   1.2168000e+06   3.1005859e+01
   1.2171890e+06   3.7414551e+01
   1.2175690e+06   4.0527344e+01
   1.2180680e+06   2.2399902e+01
   1.2187450e+06   3.8024902e+01
   1.2199010e+06   3.7902832e+01
   1.2201760e+06   3.8635254e+01
   1.2204240e+06   3.3874512e+01
   1.2223260e+06   3.8085938e+01
   1.2229300e+06   3.8269043e+01
   1.2246320e+06   4.2175293e+01
   1.2254830e+06   3.7231445e+01
   1.2259690e+06   3.5156250e+01
   1.2278250e+06   3.8635254e+01
   1.2285290e+06   4.0161133e+01
   1.2303010e+06   3.7353516e+01
   1.2309670e+06   3.9184570e+01
   1.2324900e+06   3.9794922e+01
   1.2344200e+06   3.6560059e+01
   1.2349110e+06   3.9245605e+01
   1.2366160e+06   2.2888184e+01
   1.2382610e+06   4.5471191e+01
   1.2387240e+06   3.9978027e+01
   1.2391730e+06   4.0344238e+01
   1.2399060e+06   3.8879395e+01
   1.2403280e+06   3.3508301e+01
   1.2406470e+06   3.9978027e+01
   1.2412640e+06   3.4912109e+01
   1.2423990e+06   3.7170410e+01
   1.2449130e+06   4.1442871e+01
   1.2456260e+06   3.8940430e+01
   1.2459000e+06   4.4189453e+01
   1.2461730e+06   3.7170410e+01
   1.2465560e+06   3.7780762e+01
   1.2472290e+06   3.4484863e+01
   1.2505720e+06   3.6010742e+01
   1.2516990e+06   4.1320801e+01
   1.2530320e+06   2.4414062e+01
   1.2535980e+06   2.3071289e+01
   1.2540540e+06   4.5349121e+01
   1.2551640e+06   3.8208008e+01
   1.2562980e+06   4.1198730e+01
   1.2570550e+06   3.2836914e+01
   1.2580650e+06   3.8208008e+01
   1.2587750e+06   3.9184570e+01
   1.2592950e+06   4.3945312e+01
   1.2595930e+06   4.1992188e+01
   1.2603430e+06   3.7475586e+01
   1.2631020e+06   4.3762207e+01
   1.2635490e+06   4.2053223e+01
   1.2639090e+06   4.6264648e+01
   1.2646820e+06   3.7353516e+01
   1.2667040e+06   3.7292480e+01
   1.2670250e+06   3.7719727e+01
   1.2674530e+06   3.4606934e+01
   1.2679310e+06   3.8696289e+01
   1.2683540e+06   3.4545898e+01
   1.2690320e+06   3.8635254e+01
   1.2697400e+06   3.7292480e+01
   1.2725930e+06   3.3447266e+01
   1.2729470e+06   3.9123535e+01
   1.2732610e+06   3.6926270e+01
   1.2735560e+06   3.3264160e+01
   1.2740340e+06   4.3029785e+01
   1.2768660e+06   4.0161133e+01
   1.2776360e+06   4.0893555e+01
   1.2781140e+06   4.2053223e+01
   1.2808610e+06   4.3029785e+01
   1.2813120e+06   4.0466309e+01
   1.2823950e+06   4.1198730e+01
   1.2827540e+06   3.6865234e+01
   1.2837000e+06   4.1564941e+01
   1.2842460e+06   4.2419434e+01
   1.2846500e+06   5.0964355e+01
   1.2875300e+06   3.1677246e+01
   1.2885770e+06   3.4667969e+01
   1.2892010e+06   3.8269043e+01
   1.2896820e+06   4.0039062e+01
   1.2900170e+06   4.2358398e+01
   1.2904920e+06   3.9855957e+01
   1.2929750e+06   2.4536133e+01
   1.2951310e+06   3.8269043e+01
   1.2961000e+06   4.6203613e+01
   1.2968710e+06   3.9550781e+01
   1.2998320e+06   3.0944824e+01
   1.3001610e+06   4.1687012e+01
   1.3013160e+06   4.2602539e+01
   1.3068680e+06   3.8513184e+01
   1.4217220e+06   2.7160645e+01
   1.5338760e+06   2.2827148e+01
   1.5418500e+06   2.3315430e+01
   1.6127530e+06   2.3498535e+01
   1.6422280e+06   3.8940430e+01
   1.6427930e+06   4.2297363e+01
   1.6431910e+06   4.6081543e+01
   1.6434270e+06   2.3620605e+01
   1.6436410e+06   4.0222168e+01
   1.6438610e+06   3.9855957e+01
   1.6441330e+06   4.0588379e+01
   1.6443480e+06   3.8940430e+01
   1.6446900e+06   3.8635254e+01
   1.6450750e+06   3.2470703e+01
   1.6453020e+06   3.8818359e+01
   1.6457030e+06   4.1076660e+01
   1.6463910e+06   4.2175293e+01
   1.6469480e+06   2.4536133e+01
   1.6474260e+06   3.7292480e+01
   1.6478350e+06   3.5644531e+01
   1.6481910e+06   3.6743164e+01
   1.6485570e+06   3.6621094e+01
   1.6489970e+06   4.1442871e+01
   1.6495920e+06   3.4240723e+01
   1.6502830e+06   4.1687012e+01
   1.6521060e+06   3.8024902e+01
   1.6526100e+06   3.5522461e+01
   1.6529020e+06   4.0954590e+01
   1.6531900e+06   4.0405273e+01
   1.6537230e+06   3.9611816e+01
   1.6541150e+06   3.9733887e+01
   1.6545480e+06   3.8818359e+01
   1.6561940e+06   3.8208008e+01
   1.6565590e+06   4.0222168e+01
   1.6570240e+06   3.7841797e+01
   1.6583920e+06   3.9001465e+01
   1.6588950e+06   4.4067383e+01
   1.6594590e+06   4.2053223e+01
   1.6601000e+06   4.2541504e+01
   1.6604390e+06   3.6682129e+01
   1.6608200e+06   4.5410156e+01
   1.6611790e+06   3.7536621e+01
   1.6614540e+06   4.1687012e+01
   1.6636820e+06   3.3813477e+01
   1.6639850e+06   4.2297363e+01
   1.6643580e+06   3.7536621e+01
   1.6654190e+06   3.8085938e+01
   1.6675670e+06   4.1625977e+01
   1.6683130e+06   4.1076660e+01
   1.6691350e+06   3.8574219e+01
   1.6697160e+06   4.1015625e+01
   1.6711290e+06   4.2785645e+01
   1.6716990e+06   3.8085938e+01
   1.6729530e+06   4.6875000e+01
   1.6735350e+06   3.6132812e+01
   1.6737740e+06   3.9123535e+01
   1.6742410e+06   3.3264160e+01
   1.6747860e+06   3.4423828e+01
   1.6752990e+06   3.9428711e+01
   1.6760020e+06   4.1137695e+01
   1.6776560e+06   3.8452148e+01
   1.6781250e+06   3.6071777e+01
   1.6785770e+06   3.8940430e+01
   1.6789760e+06   3.2470703e+01
   1.6794560e+06   4.1564941e+01
   1.6799750e+06   4.0649414e+01
   1.6812160e+06   3.6071777e+01
   1.6818020e+06   4.3212891e+01
   1.6830290e+06   3.9550781e+01
   1.6833410e+06   3.4606934e+01
   1.6837360e+06   3.6865234e+01
   1.6841640e+06   3.6193848e+01
   1.6844260e+06   4.0222168e+01
   1.6852960e+06   3.7780762e+01
   1.6859190e+06   4.1381836e+01
   1.6867020e+06   3.7292480e+01
   1.6870440e+06   3.4851074e+01
   1.6872740e+06   4.0161133e+01
   1.6875950e+06   4.6325684e+01
   1.6881740e+06   3.2836914e+01
   1.6890400e+06   4.5532227e+01
   1.6894370e+06   4.1015625e+01
   1.6902470e+06   4.1687012e+01
   1.6906250e+06   3.3874512e+01
   1.6909010e+06   3.3020020e+01
   1.6913420e+06   3.7902832e+01
   1.6918600e+06   3.6804199e+01
   1.6924130e+06   4.1259766e+01
   1.6942000e+06   3.8879395e+01
   1.6950200e+06   4.2541504e+01
   1.6955160e+06   3.6376953e+01
   1.6975060e+06   4.1687012e+01
   1.6978660e+06   4.0039062e+01
   1.6984900e+06   4.2968750e+01
   1.6991410e+06   3.5095215e+01
   1.6997510e+06   3.9855957e+01
   1.7000680e+06   3.9489746e+01
   1.7005540e+06   3.3630371e+01
   1.7010850e+06   3.5949707e+01
   1.7018780e+06   3.4790039e+01
   1.7029030e+06   3.3203125e+01
   1.7034770e+06   3.6560059e+01
   1.7037410e+06   3.7353516e+01
   1.7052160e+06   3.6254883e+01
   1.7055850e+06   3.7841797e+01
   1.7061250e+06   4.1137695e+01
   1.7065460e+06   4.0344238e+01
   1.7068580e+06   4.2358398e+01
   1.7073410e+06   3.6437988e+01
   1.7083240e+06   4.0527344e+01
   1.7107240e+06   3.6926270e+01
   1.7118820e+06   4.0283203e+01
   1.7126220e+06   4.3823242e+01
   1.7127370e+06   3.5461426e+01
   1.7130290e+06   3.6010742e+01
   1.7132350e+06   3.5949707e+01
   1.7154380e+06   4.0405273e+01
   1.7160780e+06   4.0771484e+01
   1.7167330e+06   3.6743164e+01
   1.7171610e+06   3.9367676e+01
   1.7174320e+06   3.5400391e+01
   1.7179520e+06   3.2226563e+01
   1.7203300e+06   3.8208008e+01
   1.7209120e+06   4.4067383e+01
   1.7215530e+06   4.2846680e+01
   1.7224250e+06   3.4667969e+01
   1.7231310e+06   3.8757324e+01
   1.7234710e+06   4.0161133e+01
   1.7239340e+06   3.0517578e+01
   1.7243890e+06   3.8818359e+01
   1.7269280e+06   3.4362793e+01
   1.7290080e+06   4.0039062e+01
   1.7294100e+06   3.0090332e+01
   1.7297670e+06   3.4484863e+01
   1.7303660e+06   3.4851074e+01
   1.7325850e+06   3.9550781e+01
   1.7335560e+06   4.0283203e+01
   1.7340190e+06   3.9001465e+01
   1.7346040e+06   3.5583496e+01
   1.7354950e+06   3.8452148e+01
   1.7378410e+06   4.0039063e+01
   1.7387320e+06   3.6193848e+01
   1.7393790e+06   3.7841797e+01
   1.7400020e+06   3.7048340e+01
   1.7405980e+06   3.9123535e+01
   1.7415050e+06   3.9245605e+01
   1.7422240e+06   4.0954590e+01
   1.7426460e+06   3.2897949e+01
   1.7430500e+06   3.2592773e+01
   1.7434720e+06   3.4667969e+01
   1.7441860e+06   3.7719727e+01
   1.7470750e+06   3.9855957e+01
   1.7475830e+06   3.9611816e+01
   1.7479800e+06   3.5156250e+01
   1.7504900e+06   4.0832520e+01
   1.7509570e+06   4.2358398e+01
   1.7513520e+06   4.1198730e+01
   1.7526790e+06   4.0649414e+01
   1.7536120e+06   4.1442871e+01
   1.7544570e+06   3.6193848e+01
   1.7550160e+06   3.6071777e+01
   1.7561060e+06   3.3996582e+01
   1.7564490e+06   3.6804199e+01
   1.7567830e+06   3.5461426e+01
   1.7572090e+06   3.7475586e+01
   1.7578590e+06   3.8085938e+01
   1.7598640e+06   3.6193848e+01
   1.7607480e+06   4.3518066e+01
   1.7612800e+06   3.2287598e+01
   1.7615070e+06   4.1320801e+01
   1.7617820e+06   3.1005859e+01
   1.7624010e+06   3.3569336e+01
   1.7629450e+06   3.8818359e+01
   1.7668660e+06   3.9428711e+01
   1.7675120e+06   4.3090820e+01
   1.7683830e+06   3.5217285e+01
   1.7688570e+06   3.6315918e+01
   1.7694980e+06   3.9123535e+01
   1.7743840e+06   4.0466309e+01
   1.7749110e+06   4.3518066e+01
   1.7753360e+06   3.8330078e+01
   1.7757870e+06   3.7414551e+01
   1.7763080e+06   3.2775879e+01
   1.7799290e+06   3.6560059e+01
   1.7807690e+06   3.9184570e+01
   1.7812320e+06   3.4057617e+01
   1.7819360e+06   3.7536621e+01
   1.7835980e+06   3.6315918e+01
   1.7846760e+06   4.2846680e+01
   1.7874220e+06   4.1564941e+01
   1.8335300e+06   2.2949219e+01
   1.9168650e+06   2.2521973e+01
   1.9286090e+06   2.5512695e+01
   1.9598770e+06   2.4963379e+01
   2.0079120e+06   2.2460938e+01
   2.0217130e+06   2.4658203e+01
   2.0254960e+06   2.2705078e+01
   2.0348150e+06   2.2705078e+01
   2.0678110e+06   2.3620605e+01
   2.1299190e+06   3.9245605e+01
   2.1303300e+06   4.0161133e+01
   2.1305550e+06   4.4921875e+01
   2.1307660e+06   4.1809082e+01
   2.1309800e+06   3.6315918e+01
   2.1311650e+06   3.9916992e+01
   2.1313470e+06   3.1433105e+01
   2.1315080e+06   3.1372070e+01
   2.1318680e+06   3.4301758e+01
   2.1321720e+06   4.1687012e+01
   2.1325900e+06   3.6193848e+01
   2.1330470e+06   4.2602539e+01
   2.1333910e+06   3.7719727e+01
   2.1337970e+06   4.3823242e+01
   2.1345100e+06   4.2053223e+01
   2.1349860e+06   3.4179688e+01
   2.1355000e+06   4.2602539e+01
   2.1359630e+06   3.5522461e+01
   2.1363850e+06   3.7292480e+01
   2.1381080e+06   3.6743164e+01
   2.1384810e+06   3.2714844e+01
   2.1388680e+06   4.2480469e+01
   2.1398220e+06   4.1259766e+01
   2.1405350e+06   3.5766602e+01
   2.1410120e+06   3.9428711e+01
   2.1413220e+06   3.9672852e+01
   2.1419890e+06   3.6560059e+01
   2.1441910e+06   3.4790039e+01
   2.1450470e+06   3.9184570e+01
   2.1456190e+06   3.9611816e+01
   2.1468990e+06   3.7292480e+01
   2.1473190e+06   3.5522461e+01
   2.1483510e+06   3.4790039e+01
   2.1491330e+06   3.4973145e+01
   2.1495990e+06   4.2114258e+01
   2.1501480e+06   3.4179688e+01
   2.1508230e+06   3.7353516e+01
   2.1511930e+06   3.9184570e+01
   2.1518230e+06   4.0100098e+01
   2.1522080e+06   3.6376953e+01
   2.1528140e+06   4.1931152e+01
   2.1535420e+06   3.6376953e+01
   2.1539130e+06   4.3701172e+01
   2.1545550e+06   3.3752441e+01
   2.1551640e+06   3.7902832e+01
   2.1573260e+06   3.6254883e+01
   2.1581190e+06   3.7170410e+01
   2.1591460e+06   3.5766602e+01
   2.1594950e+06   3.7658691e+01
   2.1601720e+06   3.8940430e+01
   2.1609210e+06   3.6987305e+01
   2.1615670e+06   3.7292480e+01
   2.1621750e+06   3.8757324e+01
   2.1625700e+06   3.7597656e+01
   2.1646110e+06   4.0832520e+01
   2.1651130e+06   3.7841797e+01
   2.1655300e+06   3.2836914e+01
   2.1658700e+06   3.8330078e+01
   2.1665410e+06   4.0039063e+01
   2.1673670e+06   3.6010742e+01
   2.1677580e+06   3.5827637e+01
   2.1688590e+06   4.2968750e+01
   2.1703810e+06   3.7048340e+01
   2.1710810e+06   3.9245605e+01
   2.1715020e+06   3.9367676e+01
   2.1724010e+06   3.6682129e+01
   2.1728650e+06   3.8269043e+01
   2.1737100e+06   3.0883789e+01
   2.1763010e+06   4.5349121e+01
   2.1775100e+06   4.1748047e+01
   2.1780570e+06   3.6376953e+01
   2.1783600e+06   3.8696289e+01
   2.1787120e+06   3.9428711e+01
   2.1800410e+06   3.0639648e+01
   2.1810000e+06   3.4912109e+01
   2.1814900e+06   3.7292480e+01
   2.1819520e+06   2.8198242e+01
   2.1836650e+06   4.3273926e+01
   2.1844610e+06   4.4860840e+01
   2.1848680e+06   4.2053223e+01
   2.1866770e+06   3.2836914e+01
   2.1871080e+06   3.9672852e+01
   2.1876570e+06   3.3386230e+01
   2.1883400e+06   3.8879395e+01
   2.1887370e+06   3.3630371e+01
   2.1892820e+06   3.8879395e+01
   2.1921440e+06   3.7048340e+01
   2.1933210e+06   4.1748047e+01
   2.1938380e+06   4.4067383e+01
   2.1945120e+06   3.8208008e+01
   2.1950590e+06   3.7719727e+01
   2.1957130e+06   4.3151855e+01
   2.1961130e+06   3.9062500e+01
   2.1967840e+06   3.3569336e+01
   2.1975000e+06   3.7902832e+01
   2.2000610e+06   3.8330078e+01
   2.2004690e+06   3.5705566e+01
   2.2010010e+06   4.0039063e+01
   2.2017870e+06   3.6132812e+01
   2.2022170e+06   4.1015625e+01
   2.2025810e+06   3.2287598e+01
   2.2028440e+06   3.9733887e+01
   2.2036870e+06   3.2165527e+01
   2.2063460e+06   3.4606934e+01
   2.2067690e+06   3.7231445e+01
   2.2073710e+06   3.7353516e+01
   2.2078830e+06   3.6621094e+01
   2.2087100e+06   3.9978027e+01
   2.2091640e+06   3.3508301e+01
   2.2097480e+06   3.0273438e+01
   2.2100950e+06   3.1921387e+01
   2.2116550e+06   4.1687012e+01
   2.2121500e+06   4.1503906e+01
   2.2128480e+06   3.5217285e+01
   2.2141380e+06   4.2480469e+01
   2.2147370e+06   3.5034180e+01
   2.2186570e+06   3.6743164e+01
   2.2192470e+06   3.9245605e+01
   2.2199090e+06   3.9306641e+01
   2.2204470e+06   3.8452148e+01
   2.2210980e+06   3.9855957e+01
   2.2218100e+06   3.2531738e+01
   2.2221910e+06   3.8879395e+01
   2.2229400e+06   3.8757324e+01
   2.2239210e+06   3.9367676e+01
   2.2244640e+06   3.6499023e+01
   2.2272060e+06   3.9672852e+01
   2.2279070e+06   3.4606934e+01
   2.2318290e+06   3.9367676e+01
   2.2322600e+06   4.1320801e+01
   2.2336300e+06   3.2958984e+01
   2.3555660e+06   2.5695801e+01
   2.4832710e+06   2.2277832e+01
   2.5153210e+06   2.4841309e+01
   2.5847250e+06   2.3864746e+01
   2.6116850e+06   4.4250488e+01
   2.6120110e+06   3.9550781e+01
   2.6122380e+06   4.2236328e+01
   2.6124150e+06   4.2968750e+01
   2.6126190e+06   4.1687012e+01
   2.6127990e+06   3.7170410e+01
   2.6129600e+06   3.5644531e+01
   2.6132120e+06   3.5949707e+01
   2.6134500e+06   3.7902832e+01
   2.6136890e+06   3.6804199e+01
   2.6139530e+06   4.4128418e+01
   2.6142240e+06   3.4057617e+01
   2.6144550e+06   3.1616211e+01
   2.6147580e+06   3.5705566e+01
   2.6150320e+06   3.9794922e+01
   2.6159750e+06   3.5949707e+01
   2.6166690e+06   3.2531738e+01
   2.6171080e+06   3.7109375e+01
   2.6174370e+06   3.7048340e+01
   2.6179670e+06   4.0466309e+01
   2.6184270e+06   4.0222168e+01
   2.6188670e+06   3.5400391e+01
   2.6194550e+06   3.2409668e+01
   2.6198510e+06   3.8696289e+01
   2.6203350e+06   3.5766602e+01
   2.6207080e+06   3.4606934e+01
   2.6211620e+06   3.5034180e+01
   2.6216590e+06   4.1076660e+01
   2.6234290e+06   4.1015625e+01
   2.6237990e+06   3.3325195e+01
   2.6241010e+06   3.4667969e+01
   2.6243890e+06   3.6315918e+01
   2.6246760e+06   3.2775879e+01
   2.6252220e+06   3.6682129e+01
   2.6260610e+06   3.1677246e+01
   2.6265960e+06   4.2358398e+01
   2.6269860e+06   3.8085938e+01
   2.6274810e+06   3.3996582e+01
   2.6281230e+06   3.0883789e+01
   2.6291570e+06   3.3691406e+01
   2.6295680e+06   3.7475586e+01
   2.6298640e+06   3.9916992e+01
   2.6302170e+06   3.7780762e+01
   2.6309300e+06   3.5644531e+01
   2.6326770e+06   3.6682129e+01
   2.6336190e+06   3.6926270e+01
   2.6340480e+06   3.7780762e+01
   2.6343410e+06   3.5034180e+01
   2.6347340e+06   3.5522461e+01
   2.6354560e+06   3.3508301e+01
   2.6359550e+06   3.4851074e+01
   2.6363450e+06   4.3029785e+01
   2.6366620e+06   3.8024902e+01
   2.6374250e+06   3.3752441e+01
   2.6380470e+06   3.8146973e+01
   2.6385130e+06   3.5705566e+01
   2.6392260e+06   3.8269043e+01
   2.6402730e+06   3.9367676e+01
   2.6409330e+06   4.2297363e+01
   2.6424890e+06   4.1992188e+01
   2.6428200e+06   4.0405273e+01
   2.6433790e+06   4.5959473e+01
   2.6437690e+06   3.4729004e+01
   2.6441630e+06   3.7292480e+01
   2.6448340e+06   3.7353516e+01
   2.6455400e+06   3.6804199e+01
   2.6460450e+06   3.4240723e+01
   2.6467690e+06   3.4667969e+01
   2.6482850e+06   3.3813477e+01
   2.6487130e+06   3.9306641e+01
   2.6491590e+06   3.5522461e+01
   2.6507310e+06   4.1748047e+01
   2.6511010e+06   3.7597656e+01
   2.6514500e+06   3.8818359e+01
   2.6524030e+06   4.2907715e+01
   2.6527630e+06   4.0405273e+01
   2.6531130e+06   4.0283203e+01
   2.6534740e+06   4.2602539e+01
   2.6538110e+06   3.1188965e+01
   2.6543100e+06   3.4729004e+01
   2.6560470e+06   3.8085938e+01
   2.6564890e+06   4.2846680e+01
   2.6568980e+06   4.3701172e+01
   2.6575350e+06   3.6743164e+01
   2.6579550e+06   3.5766602e+01
   2.6588370e+06   3.4240723e+01
   2.6601280e+06   4.0649414e+01
   2.6605460e+06   3.8513184e+01
   2.6609710e+06   4.2053223e+01
   2.6615900e+06   3.7902832e+01
   2.6623300e+06   3.7963867e+01
   2.6627610e+06   4.1015625e+01
   2.6641310e+06   3.6010742e+01
   2.6647560e+06   3.8879395e+01
   2.6654520e+06   4.1748047e+01
   2.6666010e+06   4.0344238e+01
   2.6670930e+06   3.9916992e+01
   2.6675150e+06   3.6437988e+01
   2.6683870e+06   3.5156250e+01
   2.6689600e+06   3.5095215e+01
   2.6707160e+06   3.7902832e+01
   2.6715370e+06   4.0100098e+01
   2.6722070e+06   3.5461426e+01
   2.6736890e+06   4.0649414e+01
   2.6741240e+06   3.9733887e+01
   2.6746230e+06   3.5644531e+01
   2.6750680e+06   4.0710449e+01
   2.6763030e+06   3.5766602e+01
   2.6768990e+06   3.8757324e+01
   2.6772660e+06   4.3579102e+01
   2.6777320e+06   3.3203125e+01
   2.6790680e+06   3.3447266e+01
   2.6799430e+06   3.7658691e+01
   2.6805860e+06   3.6071777e+01
   2.6811820e+06   3.4362793e+01
   2.6819460e+06   3.6071777e+01
   2.6825190e+06   3.3081055e+01
   2.6831640e+06   2.9541016e+01
   2.6861960e+06   3.6376953e+01
   2.6867180e+06   3.9184570e+01
   2.6869980e+06   3.7902832e+01
   2.6873690e+06   4.3884277e+01
   2.6879970e+06   4.2846680e+01
   2.6885090e+06   4.4128418e+01
   2.6894370e+06   3.3813477e+01
   2.6912260e+06   4.1259766e+01
   2.6918920e+06   3.2165527e+01
   2.6925150e+06   3.6499023e+01
   2.6934730e+06   3.8696289e+01
   2.6946270e+06   4.0954590e+01
   2.6950050e+06   3.2531738e+01
   2.6952810e+06   3.8391113e+01
   2.6956880e+06   2.8747559e+01
   2.6962720e+06   3.3325195e+01
   2.6967860e+06   3.8269043e+01
   2.6988210e+06   3.2836914e+01
   2.6996880e+06   3.6987305e+01
   2.7001760e+06   3.3020020e+01
   2.7013530e+06   3.7841797e+01
   2.7037320e+06   3.2104492e+01
   2.7048370e+06   4.7790527e+01
   2.7052250e+06   3.3081055e+01
   2.7055990e+06   4.2297363e+01
   2.7063280e+06   3.2592773e+01
   2.7080590e+06   3.5766602e+01
   2.7093950e+06   3.7597656e+01
   2.7125070e+06   3.9550781e+01
   2.7134040e+06   3.8208008e+01
   2.7139330e+06   3.8452148e+01
   2.7143360e+06   3.5522461e+01
   2.7148870e+06   4.0771484e+01
   2.7153610e+06   3.5949707e+01
   2.7181210e+06   3.8879395e+01
   2.7186580e+06   4.0222168e+01
   2.7189070e+06   4.1503906e+01
   2.7193850e+06   3.3874512e+01
   2.7199880e+06   3.9611816e+01
   2.7230530e+06   4.3395996e+01
   2.7235500e+06   4.0283203e+01
   2.7239990e+06   3.5339355e+01
   2.7244430e+06   3.7902832e+01
   2.7249390e+06   3.7353516e+01
   2.7253550e+06   3.5217285e+01
   2.7257350e+06   3.2043457e+01
   2.7319510e+06   3.3142090e+01
   2.7328650e+06   3.5827637e+01
   2.7333590e+06   3.7475586e+01
   2.7342180e+06   4.1931152e+01
   2.7347400e+06   4.4311523e+01
   2.7353670e+06   3.4667969e+01
   2.7370610e+06   3.9978027e+01
   2.7378940e+06   3.6682129e+01
   2.7390460e+06   3.8208008e+01
   2.7398360e+06   3.6865234e+01
   2.7409730e+06   3.9245605e+01
   2.7437050e+06   3.5644531e+01
   2.7441460e+06   3.8269043e+01
   2.7445130e+06   3.2104492e+01
   2.7448860e+06   4.1320801e+01
   2.7489550e+06   3.5217285e+01
   2.7493460e+06   4.0344238e+01
   2.7498410e+06   3.5583496e+01
   2.7504120e+06   3.2226562e+01
   2.7508570e+06   3.1372070e+01
   2.7513030e+06   3.4057617e+01
   2.7525760e+06   3.6865234e+01
   2.7541130e+06   3.4667969e+01
   2.7550530e+06   3.6132812e+01
   2.7559660e+06   3.9245605e+01
   2.7575460e+06   3.5583496e+01
   2.7579900e+06   3.5827637e+01
   2.7583260e+06   3.7658691e+01
   2.7608060e+06   3.2531738e+01
   2.7614720e+06   4.0649414e+01
   2.7657060e+06   3.9672852e+01
   2.7661870e+06   3.5339355e+01
   2.7666860e+06   3.8940430e+01
   2.7671260e+06   3.8818359e+01
   2.7698110e+06   4.0222168e+01
   2.7745730e+06   4.9987793e+01
   2.7750930e+06   3.4790039e+01
   2.8701260e+06   2.3803711e+01
   3.0827790e+06   2.3559570e+01
   3.1225040e+06   2.3986816e+01
   3.2884900e+06   4.4372559e+01
   3.2888300e+06   3.8208008e+01
   3.2890860e+06   3.5400391e+01
   3.2893310e+06   3.7475586e+01
   3.2895550e+06   3.4973145e+01
   3.2897790e+06   3.9245605e+01
   3.2899240e+06   3.9062500e+01
   3.2901100e+06   3.4912109e+01
   3.2902820e+06   3.3813477e+01
   3.2905780e+06   3.8269043e+01
   3.2909570e+06   3.0700684e+01
   3.2912570e+06   3.7658691e+01
   3.2915470e+06   4.3762207e+01
   3.2920030e+06   3.7475586e+01
   3.2924990e+06   3.1982422e+01
   3.2929690e+06   3.9367676e+01
   3.2935750e+06   4.4921875e+01
   3.2940650e+06   3.7597656e+01
   3.2943750e+06   4.2785645e+01
   3.2947290e+06   4.0893555e+01
   3.2950680e+06   3.4057617e+01
   3.2955430e+06   4.1198730e+01
   3.2963880e+06   3.6682129e+01
   3.2973310e+06   4.0954590e+01
   3.2978050e+06   3.9916992e+01
   3.2983170e+06   3.6682129e+01
   3.2987640e+06   3.9001465e+01
   3.2993010e+06   3.6010742e+01
   3.2998620e+06   3.7414551e+01
   3.3003530e+06   3.5400391e+01
   3.3011180e+06   4.1748047e+01
   3.3017210e+06   3.9611816e+01
   3.3022890e+06   3.7414551e+01
   3.3027510e+06   4.0100098e+01
   3.3031370e+06   3.9794922e+01
   3.3036550e+06   3.2592773e+01
   3.3047550e+06   2.5512695e+01
   3.3051080e+06   3.6254883e+01
   3.3055170e+06   2.9541016e+01
   3.3059720e+06   3.6743164e+01
   3.3069120e+06   3.3447266e+01
   3.3075740e+06   3.8085937e+01
   3.3089420e+06   3.5583496e+01
   3.3093490e+06   4.3029785e+01
   3.3098960e+06   3.8208008e+01
   3.3104430e+06   3.3020020e+01
   3.3109280e+06   3.9428711e+01
   3.3114420e+06   4.1625977e+01
   3.3121540e+06   3.1921387e+01
   3.3125080e+06   3.8513184e+01
   3.3128680e+06   3.9733887e+01
   3.3135420e+06   4.0649414e+01
   3.3138980e+06   3.0395508e+01
   3.3142480e+06   3.6499023e+01
   3.3146310e+06   3.7292480e+01
   3.3150540e+06   4.2663574e+01
   3.3156410e+06   4.2114258e+01
   3.3162310e+06   3.5339355e+01
   3.3166330e+06   3.0761719e+01
   3.3169610e+06   3.1494141e+01
   3.3173850e+06   4.3579102e+01
   3.3176950e+06   3.6621094e+01
   3.3182460e+06   3.4851074e+01
   3.3195710e+06   4.3701172e+01
   3.3201610e+06   3.5034180e+01
   3.3208510e+06   3.2958984e+01
   3.3212120e+06   3.7597656e+01
   3.3216570e+06   3.1250000e+01
   3.3221090e+06   4.2846680e+01
   3.3228690e+06   3.7109375e+01
   3.3235590e+06   4.3334961e+01
   3.3246950e+06   3.7658691e+01
   3.3258780e+06   3.5278320e+01
   3.3264200e+06   3.7170410e+01
   3.3268920e+06   3.5034180e+01
   3.3272520e+06   4.1381836e+01
   3.3275390e+06   4.0405273e+01
   3.3278550e+06   3.1799316e+01
   3.3284260e+06   3.4484863e+01
   3.3290500e+06   3.3447266e+01
   3.3294330e+06   3.4851074e+01
   3.3296470e+06   3.1616211e+01
   3.3302250e+06   3.8940430e+01
   3.3315460e+06   3.6743164e+01
   3.3322240e+06   3.5766602e+01
   3.3325690e+06   4.2968750e+01
   3.3329830e+06   3.9245605e+01
   3.3333070e+06   3.5217285e+01
   3.3345550e+06   3.3996582e+01
   3.3352130e+06   3.8696289e+01
   3.3356960e+06   3.5705566e+01
   3.3360940e+06   3.7231445e+01
   3.3364820e+06   2.9296875e+01
   3.3368880e+06   3.7780762e+01
   3.3387440e+06   3.8879395e+01
   3.3392590e+06   3.6254883e+01
   3.3395850e+06   3.4667969e+01
   3.3399910e+06   3.6560059e+01
   3.3405300e+06   3.7597656e+01
   3.3415350e+06   3.9550781e+01
   3.3424840e+06   3.5705566e+01
   3.3428500e+06   3.2104492e+01
   3.3437770e+06   3.9001465e+01
   3.3450150e+06   3.9489746e+01
   3.3456260e+06   3.3752441e+01
   3.3459370e+06   4.0527344e+01
   3.3462730e+06   3.3935547e+01
   3.3471330e+06   3.7170410e+01
   3.3476000e+06   3.3020020e+01
   3.3479800e+06   3.4912109e+01
   3.3482590e+06   3.8818359e+01
   3.3491210e+06   3.9733887e+01
   3.3496740e+06   3.5705566e+01
   3.3501830e+06   3.3203125e+01
   3.3518680e+06   3.4729004e+01
   3.3523200e+06   3.7231445e+01
   3.3528750e+06   3.1860352e+01
   3.3535850e+06   3.5400391e+01
   3.3552250e+06   3.9978027e+01
   3.3556210e+06   3.3569336e+01
   3.3564030e+06   4.3212891e+01
   3.3574080e+06   3.7536621e+01
   3.3590360e+06   3.4362793e+01
   3.3600530e+06   3.5461426e+01
   3.3608040e+06   3.8391113e+01
   3.3615070e+06   3.8085937e+01
   3.3625020e+06   3.6682129e+01
   3.3632250e+06   3.2531738e+01
   3.3659380e+06   3.9245605e+01
   3.3664020e+06   3.7902832e+01
   3.3673720e+06   3.0456543e+01
   3.3677390e+06   3.9184570e+01
   3.3685520e+06   3.2226562e+01
   3.3692790e+06   3.5278320e+01
   3.3699610e+06   3.5522461e+01
   3.3712190e+06   4.6508789e+01
   3.3717940e+06   4.2114258e+01
   3.3734420e+06   4.0039062e+01
   3.3748880e+06   3.3874512e+01
   3.3781430e+06   3.2409668e+01
   3.3788540e+06   3.1372070e+01
   3.3796680e+06   3.5949707e+01
   3.3800200e+06   3.4301758e+01
   3.3804300e+06   3.5583496e+01
   3.3838000e+06   4.3945312e+01
   3.3844100e+06   4.0527344e+01
   3.3853580e+06   3.7292480e+01
   3.3858370e+06   3.4240723e+01
   3.3872340e+06   4.1137695e+01
   3.3890310e+06   4.2297363e+01
   3.3899160e+06   4.3334961e+01
   3.3904530e+06   3.5949707e+01
   3.3910780e+06   3.9855957e+01
   3.3924190e+06   3.3203125e+01
   3.3931010e+06   3.8208008e+01
   3.3945430e+06   4.0222168e+01
   3.3954990e+06   3.4301758e+01
   3.3974980e+06   3.8696289e+01
   3.3978670e+06   3.9611816e+01
   3.3983360e+06   3.6987305e+01
   3.4033740e+06   3.8635254e+01
   3.4039650e+06   3.8696289e+01
   3.4053820e+06   3.3081055e+01
   3.4059960e+06   4.3029785e+01
   3.4087540e+06   3.0029297e+01
   3.5685870e+06   2.4719238e+01
   3.6888810e+06   2.2766113e+01
   4.4250600e+06   2.5207520e+01
   4.4470140e+06   2.2766113e+01
   4.5536560e+06   2.3803711e+01
   4.6150440e+06   2.2766113e+01
   4.7160260e+06   2.3620605e+01
   4.8342050e+06   2.2521973e+01
   4.8354580e+06   2.4780273e+01
   4.9098220e+06   2.2399902e+01
   5.1030050e+06   2.5268555e+01
   5.2257850e+06   2.3986816e+01
   5.4471410e+06   2.2338867e+01
   5.4978510e+06   2.2521973e+01
   5.6374360e+06   2.3559570e+01
   5.7325840e+06   2.2521973e+01
   5.7399170e+06   2.2949219e+01
   5.7496530e+06   2.3071289e+01
   5.7684560e+06   2.3803711e+01
   5.9214990e+06   2.2827148e+01
   6.1275290e+06   2.5207520e+01
   6.3895760e+06   2.3193359e+01
   6.4402880e+06   2.2277832e+01
   6.5163880e+06   2.3742676e+01
   6.8347780e+06   2.3742676e+01
   6.8482160e+06   2.4414062e+01
   6.8512530e+06   2.3498535e+01
   6.8648330e+06   2.2338867e+01
   7.0582720e+06   2.2888184e+01
   7.1447440e+06   2.2827148e+01
   7.3134740e+06   2.2644043e+01
   7.3566290e+06   2.2460938e+01
   7.5318080e+06   2.3193359e+01
   7.7516160e+06   2.3986816e+01
   7.7802130e+06   2.4536133e+01
   7.8000530e+06   2.2766113e+01
   7.8464170e+06   2.2521973e+01
   7.8780250e+06   2.2521973e+01
   7.9109570e+06   2.2460938e+01
   7.9794400e+06   2.2460938e+01
   8.6113210e+06   2.4841309e+01
   8.6168630e+06   2.5451660e+01
   8.7377930e+06   2.3986816e+01
   8.7502660e+06   2.4780273e+01
   8.8662260e+06   2.2399902e+01
   8.8680670e+06   2.3071289e+01
   9.0469180e+06   2.4353027e+01
   9.0816350e+06   2.3986816e+01
   9.2847710e+06   2.2949219e+01
   9.6877750e+06   2.6794434e+01
   9.8981020e+06   2.4291992e+01
   9.9554480e+06   2.3681641e+01
   1.0038697e+07   2.3498535e+01
   1.0084956e+07   2.2827148e+01
   1.0240319e+07   2.4536133e+01
   1.0498594e+07   2.2705078e+01
   1.0512336e+07   3.2104492e+01
   1.0512481e+07   2.6184082e+01
   1.0548855e+07   2.4291992e+01
   1.0552036e+07   2.4169922e+01
   1.0559961e+07   2.8198242e+01
   1.0561689e+07   2.4108887e+01
   1.0564033e+07   2.3376465e+01
   1.0566026e+07   2.5939941e+01
   1.0615017e+07   2.2644043e+01
   1.0660738e+07   2.3254395e+01
   1.0742748e+07   2.3742676e+01
   1.0904544e+07   2.2827148e+01
   1.1014992e+07   2.4780273e+01
   1.1269453e+07   2.2705078e+01
   1.1650392e+07   2.4291992e+01
   1.1727470e+07   2.3010254e+01
   1.1749977e+07   2.4047852e+01
   1.1853861e+07   2.3803711e+01
   1.1868246e+07   2.4291992e+01
