   1.1999000e+07   0.0000000e+00
   5.0565000e+04   2.3681641e+01
   6.4502000e+04   2.3193359e+01
   3.3952600e+05   5.4809570e+01
   3.3963000e+05   4.5959473e+01
   3.3971000e+05   3.2958984e+01
   3.3982500e+05   3.5949707e+01
   3.3994000e+05   3.5583496e+01
   3.4002500e+05   2.9052734e+01
   3.4040300e+05   4.3334961e+01
   3.4058100e+05   3.1921387e+01
   3.4100100e+05   3.9062500e+01
   3.4107400e+05   2.3254395e+01
   4.4208100e+05   2.4353027e+01
   4.4223000e+05   2.2888184e+01
   4.4310500e+05   2.5085449e+01
   4.4376700e+05   2.3986816e+01
   4.5531500e+05   2.3071289e+01
   4.6753200e+05   2.3132324e+01
   4.6791000e+05   2.4719238e+01
   4.6831800e+05   2.3071289e+01
   4.6858800e+05   2.5085449e+01
   4.7500100e+05   2.3864746e+01
   4.7603700e+05   2.3437500e+01
   4.7615900e+05   2.3132324e+01
   4.7693200e+05   2.6184082e+01
   7.0811800e+05   4.7363281e+01
   7.0822100e+05   4.2541504e+01
   7.0829100e+05   2.3620605e+01
   7.0841700e+05   3.5522461e+01
   7.0851800e+05   2.9541016e+01
   7.0865100e+05   3.3203125e+01
   7.0879300e+05   3.5217285e+01
   7.0891900e+05   2.8747559e+01
   7.0922800e+05   4.3334961e+01
   7.0928800e+05   2.4047852e+01
   8.4134300e+05   2.5573730e+01
   8.8489400e+05   2.4536133e+01
   1.3206180e+06   2.4169922e+01
   2.0928790e+06   2.4719238e+01
   2.0955080e+06   2.4108887e+01
   2.2538550e+06   2.3010254e+01
   2.7035850e+06   2.3010254e+01
   3.3819020e+06   2.3071289e+01
   3.4478740e+06   2.4597168e+01
   4.2286050e+06   2.5878906e+01
   4.7956200e+06   2.3254395e+01
   5.8034440e+06   2.2949219e+01
   6.5914590e+06   2.7832031e+01
   7.5849550e+06   2.6000977e+01
   7.9729170e+06   2.3742676e+01
