   8.9970000e+06   0.0000000e+00
   2.1777000e+04   3.3569336e+01
   2.1800000e+04   3.2958984e+01
   2.1907000e+04   3.5034180e+01
   2.1947000e+04   5.5053711e+01
   2.1967000e+04   4.2602539e+01
   2.1977000e+04   4.1137695e+01
   2.2014000e+04   6.4025879e+01
   2.2031000e+04   4.3884277e+01
   2.2050000e+04   4.0039062e+01
   2.2067000e+04   4.2358398e+01
   2.2093000e+04   5.6030273e+01
   2.2123000e+04   3.6865234e+01
   2.2138000e+04   3.9611816e+01
   2.2162000e+04   3.8879395e+01
   2.2185000e+04   1.1022949e+02
   2.2216000e+04   7.0251465e+01
   2.2279000e+04   3.8879395e+01
   2.2303000e+04   6.9763184e+01
   2.2314000e+04   5.8044434e+01
   2.2339000e+04   4.3212891e+01
   2.2370000e+04   4.3457031e+01
   2.2401000e+04   3.4606934e+01
   2.2500000e+04   3.5644531e+01
   2.2576000e+04   3.8391113e+01
   2.2592000e+04   3.5217285e+01
   2.2618000e+04   3.8452148e+01
   2.2769000e+04   3.5034180e+01
   6.6475000e+04   3.2287598e+01
   6.7086000e+04   3.2653809e+01
   6.7331000e+04   3.3752441e+01
   6.7488000e+04   3.6254883e+01
   6.7515000e+04   3.3203125e+01
   6.7635000e+04   4.5227051e+01
   6.7652000e+04   3.4729004e+01
   6.7688000e+04   5.8166504e+01
   6.7715000e+04   3.6254883e+01
   6.7854000e+04   3.3447266e+01
   6.7979000e+04   3.4484863e+01
   6.8192000e+04   3.2592773e+01
   1.2753500e+05   3.2958984e+01
   1.2981500e+05   3.6499023e+01
   1.2999800e+05   3.4912109e+01
   1.3010400e+05   3.4057617e+01
   1.3062000e+05   3.5034180e+01
   1.3172500e+05   3.4545898e+01
   1.3173500e+05   3.3020020e+01
   1.3177300e+05   3.3874512e+01
   1.3199100e+05   3.3874512e+01
   1.3202900e+05   4.9499512e+01
   1.3232500e+05   3.3081055e+01
   1.3241500e+05   3.4851074e+01
   1.3314900e+05   3.2958984e+01
   1.4440000e+05   3.3203125e+01
   1.4538100e+05   3.3630371e+01
   2.2732300e+05   3.5156250e+01
   2.2754100e+05   3.3508301e+01
   2.2799000e+05   3.4484863e+01
   2.2810800e+05   3.5705566e+01
   2.2812700e+05   3.5217285e+01
   2.2845400e+05   3.6499023e+01
   2.2857700e+05   3.5766602e+01
   2.2863800e+05   3.9489746e+01
   2.2873100e+05   3.5766602e+01
   2.2903800e+05   3.5644531e+01
   2.2910400e+05   3.2775879e+01
   2.2937600e+05   3.3996582e+01
   2.3733000e+05   4.0100098e+01
   2.3770900e+05   3.4545898e+01
   3.1016900e+05   3.9123535e+01
   3.1018200e+05   3.8330078e+01
   3.1023300e+05   4.1259766e+01
   3.1024600e+05   4.9987793e+01
   3.1027000e+05   3.3386230e+01
   3.1031600e+05   4.3395996e+01
   3.1033800e+05   4.9865723e+01
   3.1034900e+05   5.5175781e+01
   3.1037600e+05   3.5461426e+01
   3.1039000e+05   4.8339844e+01
   3.1040100e+05   3.3386230e+01
   3.1044600e+05   5.3100586e+01
   3.1046700e+05   3.3874512e+01
   3.1048600e+05   3.6499023e+01
   3.1051200e+05   3.3813477e+01
   3.1058400e+05   3.6437988e+01
   3.1077900e+05   3.3569336e+01
   3.1082800e+05   3.4667969e+01
   3.1089800e+05   3.2775879e+01
   3.1133300e+05   3.5400391e+01
   3.9423700e+05   4.2419434e+01
   3.9425700e+05   5.7617188e+01
   3.9427200e+05   4.9621582e+01
   3.9432100e+05   3.8269043e+01
   3.9434800e+05   3.3996582e+01
   3.9435800e+05   4.7302246e+01
   3.9439700e+05   3.9184570e+01
   3.9441800e+05   3.6437988e+01
   3.9443100e+05   6.5124512e+01
   3.9445600e+05   4.2114258e+01
   3.9449400e+05   4.1503906e+01
   3.9451100e+05   7.3974609e+01
   3.9452200e+05   3.6621094e+01
   3.9454100e+05   4.0222168e+01
   3.9457500e+05   5.1879883e+01
   3.9461100e+05   4.8278809e+01
   3.9463300e+05   4.5959473e+01
   3.9471500e+05   3.5888672e+01
   3.9477000e+05   3.4912109e+01
   3.9484300e+05   4.5715332e+01
   3.9485700e+05   4.6569824e+01
   3.9502000e+05   3.2409668e+01
   3.9515500e+05   3.2897949e+01
   4.9614100e+05   3.4362793e+01
   4.9628600e+05   3.7658691e+01
   4.9645600e+05   3.2958984e+01
   4.9709300e+05   3.3386230e+01
   4.9904600e+05   3.3813477e+01
   4.9923500e+05   3.2836914e+01
   4.9960100e+05   4.1320801e+01
   4.9994700e+05   4.1259766e+01
   5.0594100e+05   3.5034180e+01
   5.0722300e+05   3.9123535e+01
   5.0829400e+05   3.2409668e+01
   5.0996200e+05   3.3203125e+01
   5.7942600e+05   3.4179688e+01
   5.7974100e+05   4.1503906e+01
   5.7977100e+05   4.9865723e+01
   5.7981600e+05   4.4677734e+01
   5.7984000e+05   4.6264648e+01
   5.7987000e+05   5.5114746e+01
   5.7991700e+05   3.7963867e+01
   5.7993900e+05   4.4860840e+01
   5.7996200e+05   5.1391602e+01
   5.7998100e+05   5.4321289e+01
   5.8001500e+05   3.8330078e+01
   5.8007300e+05   3.9184570e+01
   5.8013900e+05   5.6396484e+01
   5.8016000e+05   3.2409668e+01
   5.8019800e+05   3.3264160e+01
   5.8686300e+05   3.5339355e+01
   5.8790100e+05   3.5888672e+01
   6.2901700e+05   3.2958984e+01
   6.2903900e+05   3.3996582e+01
   6.2905700e+05   3.4851074e+01
   6.2908700e+05   3.4729004e+01
   6.2911900e+05   4.0100098e+01
   6.2913400e+05   4.2907715e+01
   6.2917200e+05   3.7902832e+01
   6.2919400e+05   5.2612305e+01
   6.2921800e+05   8.4289551e+01
   6.2924900e+05   5.4077148e+01
   6.2927600e+05   5.5847168e+01
   6.2929600e+05   3.3203125e+01
   6.2933300e+05   4.9926758e+01
   6.2935700e+05   4.2785645e+01
   6.2937700e+05   3.5888672e+01
   6.2942800e+05   3.6987305e+01
   6.2950000e+05   3.5827637e+01
   6.2968800e+05   3.4240723e+01
   6.2977700e+05   3.6621094e+01
   7.2563000e+05   3.9367676e+01
   7.2567200e+05   3.8330078e+01
   7.2570200e+05   3.8085938e+01
   7.2572800e+05   4.8095703e+01
   7.2577800e+05   4.0588379e+01
   7.2580300e+05   4.6813965e+01
   7.2586000e+05   3.6560059e+01
   7.2587700e+05   5.7800293e+01
   7.2590900e+05   3.6804199e+01
   7.2593000e+05   3.8024902e+01
   7.2596700e+05   5.9020996e+01
   7.2599900e+05   5.0781250e+01
   7.2601200e+05   4.3029785e+01
   7.2604700e+05   3.5278320e+01
   7.2605800e+05   3.7109375e+01
   7.2608800e+05   3.8269043e+01
   7.2610700e+05   3.7536621e+01
   7.2614000e+05   3.7109375e+01
   7.2615500e+05   3.4179688e+01
   7.2619300e+05   3.6193848e+01
   7.2620700e+05   3.5034180e+01
   7.2640600e+05   4.7790527e+01
   7.2644500e+05   3.3691406e+01
   7.2667000e+05   3.3386230e+01
   7.4765600e+05   3.6499023e+01
   7.4781600e+05   3.5278320e+01
   7.4784200e+05   3.2348633e+01
   7.4787000e+05   3.2348633e+01
   7.4788100e+05   4.0710449e+01
   7.4791200e+05   4.5532227e+01
   7.4794200e+05   3.3691406e+01
   7.4797000e+05   3.6743164e+01
   7.4798400e+05   5.8105469e+01
   7.4801900e+05   3.2409668e+01
   7.4803100e+05   5.7373047e+01
   7.4806900e+05   4.9194336e+01
   7.4808900e+05   3.9794922e+01
   7.4812500e+05   7.4096680e+01
   7.4814500e+05   5.7495117e+01
   7.4818000e+05   5.8593750e+01
   7.4819400e+05   3.5827637e+01
   7.4820600e+05   4.0161133e+01
   7.4823800e+05   5.2978516e+01
   7.4825700e+05   3.8818359e+01
   7.4828600e+05   3.8208008e+01
   7.4830400e+05   4.7912598e+01
   7.4832700e+05   3.5522461e+01
   7.4834300e+05   5.7312012e+01
   7.4837600e+05   3.4362793e+01
   7.4845900e+05   3.4545898e+01
   7.4848600e+05   3.5461426e+01
   7.4851500e+05   4.8278809e+01
   7.4855900e+05   3.9978027e+01
   7.4858300e+05   4.6081543e+01
   7.4863400e+05   3.6499023e+01
   7.4866400e+05   4.3884277e+01
   7.4869500e+05   3.5461426e+01
   7.4874200e+05   3.6682129e+01
   7.4888500e+05   4.3457031e+01
   7.4890600e+05   3.3081055e+01
   7.6121600e+05   3.3691406e+01
   7.6175100e+05   3.3996582e+01
   7.6177100e+05   4.2053223e+01
   7.6267300e+05   3.3630371e+01
   7.6296700e+05   4.2480469e+01
   7.6327000e+05   3.3813477e+01
   8.3320800e+05   3.6987305e+01
   9.2176400e+05   4.4677734e+01
   9.2178800e+05   3.7597656e+01
   9.2183500e+05   4.7729492e+01
   9.2189100e+05   4.5654297e+01
   9.2191000e+05   3.7231445e+01
   9.2193500e+05   4.1809082e+01
   9.2196900e+05   4.1015625e+01
   9.2199600e+05   6.2561035e+01
   9.2201800e+05   3.5217285e+01
   9.2204100e+05   4.5898438e+01
   9.2206100e+05   3.5644531e+01
   9.2210300e+05   6.0241699e+01
   9.2211600e+05   4.2480469e+01
   9.2214400e+05   3.7597656e+01
   9.2216500e+05   4.4189453e+01
   9.2220200e+05   3.2287598e+01
   9.2223700e+05   3.6926270e+01
   9.2226900e+05   4.1320801e+01
   9.2231900e+05   5.1452637e+01
   9.2237800e+05   3.7658691e+01
   9.2240500e+05   3.7780762e+01
   9.2245200e+05   3.3447266e+01
   9.2250500e+05   4.7790527e+01
   9.9141800e+05   3.3569336e+01
   9.9147800e+05   3.5827637e+01
   9.9151800e+05   4.5349121e+01
   9.9158100e+05   3.6132812e+01
   9.9160400e+05   4.4860840e+01
   9.9162300e+05   3.7353516e+01
   9.9164000e+05   6.8481445e+01
   9.9169000e+05   4.5288086e+01
   9.9170600e+05   3.5156250e+01
   9.9172200e+05   6.4697266e+01
   9.9174300e+05   3.8940430e+01
   9.9176100e+05   5.3588867e+01
   9.9180700e+05   3.4729004e+01
   9.9182700e+05   3.3081055e+01
   9.9184100e+05   5.9448242e+01
   9.9185900e+05   4.8767090e+01
   9.9187600e+05   4.1931152e+01
   9.9189800e+05   3.5644531e+01
   9.9193900e+05   4.1748047e+01
   9.9198400e+05   3.6315918e+01
   9.9199700e+05   3.7536621e+01
   9.9202100e+05   3.4423828e+01
   9.9207100e+05   3.9794922e+01
   9.9215300e+05   3.7170410e+01
   9.9227400e+05   3.4729004e+01
   9.9238800e+05   3.6254883e+01
   1.0369440e+06   3.6682129e+01
   1.0369600e+06   3.7597656e+01
   1.0371350e+06   3.3691406e+01
   1.0373670e+06   3.2348633e+01
   1.0374250e+06   3.4973145e+01
   1.0375560e+06   3.6193848e+01
   1.0376990e+06   3.5583496e+01
   1.0388680e+06   3.2958984e+01
   1.0429880e+06   3.9245605e+01
   1.0432940e+06   3.2531738e+01
   1.0435320e+06   3.5278320e+01
   1.0445280e+06   3.2531738e+01
   1.0450970e+06   3.6560059e+01
   1.0511350e+06   3.2470703e+01
   1.0549170e+06   3.2897949e+01
   1.1794400e+06   3.5949707e+01
   1.1794630e+06   4.7973633e+01
   1.1794980e+06   3.2897949e+01
   1.1795250e+06   4.8400879e+01
   1.1795740e+06   3.8269043e+01
   1.1795980e+06   3.3203125e+01
   1.1796240e+06   3.5156250e+01
   1.1796580e+06   5.5664062e+01
   1.1796710e+06   4.2968750e+01
   1.1796980e+06   3.2836914e+01
   1.1797450e+06   4.0283203e+01
   1.1798080e+06   3.6926270e+01
   1.1800110e+06   3.2958984e+01
   1.2347420e+06   3.4301758e+01
   1.2360970e+06   3.2531738e+01
   1.2363220e+06   3.2348633e+01
   1.2381040e+06   3.2531738e+01
   1.2393910e+06   3.2714844e+01
   1.2423200e+06   3.3874512e+01
   1.2463280e+06   3.3081055e+01
   1.2878950e+06   3.2836914e+01
   1.2879170e+06   3.7109375e+01
   1.2879690e+06   4.8645020e+01
   1.2879860e+06   5.0354004e+01
   1.2880180e+06   3.2714844e+01
   1.2880410e+06   4.1442871e+01
   1.2880760e+06   3.9916992e+01
   1.2880890e+06   4.3945312e+01
   1.2881230e+06   4.3457031e+01
   1.2881350e+06   8.5388184e+01
   1.2881460e+06   3.2348633e+01
   1.2881830e+06   3.9916992e+01
   1.2882360e+06   4.4982910e+01
   1.2882740e+06   3.5034180e+01
   1.2883090e+06   3.3569336e+01
   1.2883280e+06   3.9672852e+01
   1.2883630e+06   4.0100098e+01
   1.2883880e+06   3.3264160e+01
   1.2884590e+06   3.3508301e+01
   1.2885030e+06   3.9123535e+01
   1.2885380e+06   3.3081055e+01
   1.2885780e+06   4.5227051e+01
   1.3574540e+06   3.8024902e+01
   1.3575080e+06   4.1748047e+01
   1.3577170e+06   3.5522461e+01
   1.3580030e+06   3.5522461e+01
   1.3585570e+06   3.4667969e+01
   1.3599050e+06   3.5095215e+01
   1.3608590e+06   4.0893555e+01
   1.4235040e+06   3.9367676e+01
   1.4241210e+06   3.3142090e+01
   1.4244620e+06   3.2348633e+01
   1.4246970e+06   3.5949707e+01
   1.4247710e+06   3.4606934e+01
   1.4251410e+06   3.4545898e+01
   1.4257120e+06   3.9123535e+01
   1.4670390e+06   4.5471191e+01
   1.4670490e+06   3.3813477e+01
   1.4670920e+06   3.5217285e+01
   1.4677370e+06   3.6804199e+01
   1.4681030e+06   3.2470703e+01
   1.4689040e+06   3.7292480e+01
   1.6357580e+06   3.3264160e+01
   1.6357870e+06   3.8269043e+01
   1.6358190e+06   4.0893555e+01
   1.6358410e+06   4.6447754e+01
   1.6358730e+06   3.3264160e+01
   1.6359050e+06   5.2612305e+01
   1.6359240e+06   6.9702148e+01
   1.6359540e+06   4.4372559e+01
   1.6359820e+06   4.2236328e+01
   1.6360100e+06   4.8645020e+01
   1.6360250e+06   4.5959473e+01
   1.6360730e+06   5.0231934e+01
   1.6360860e+06   7.2021484e+01
   1.6361090e+06   3.2714844e+01
   1.6361230e+06   4.2297363e+01
   1.6361570e+06   4.0649414e+01
   1.6362310e+06   3.8940430e+01
   1.6362690e+06   3.2775879e+01
   1.6362950e+06   3.7658691e+01
   1.6363320e+06   4.2297363e+01
   1.6363490e+06   3.4118652e+01
   1.6363600e+06   3.7658691e+01
   1.6364060e+06   3.4423828e+01
   1.6364500e+06   3.9062500e+01
   1.6364790e+06   3.9367676e+01
   1.6365790e+06   5.3710938e+01
   1.6366620e+06   3.3630371e+01
   1.6366810e+06   3.2958984e+01
   1.6367070e+06   3.4545898e+01
   1.6367360e+06   3.2592773e+01
   1.6368750e+06   4.1198730e+01
   1.6791840e+06   3.2287598e+01
   1.6792120e+06   4.3945312e+01
   1.6792250e+06   3.2592773e+01
   1.6792580e+06   4.1625977e+01
   1.6792690e+06   4.5166016e+01
   1.6793370e+06   6.2622070e+01
   1.6793570e+06   5.7922363e+01
   1.6793720e+06   5.9143066e+01
   1.6793980e+06   6.1828613e+01
   1.6794250e+06   5.8837891e+01
   1.6794360e+06   5.7800293e+01
   1.6794630e+06   4.5898438e+01
   1.6794870e+06   3.9855957e+01
   1.6795030e+06   4.1992188e+01
   1.6795370e+06   4.2724609e+01
   1.6795760e+06   3.9550781e+01
   1.6795980e+06   4.0405273e+01
   1.6796230e+06   4.7973633e+01
   1.6796510e+06   4.1442871e+01
   1.6796920e+06   4.1259766e+01
   1.6797180e+06   3.4240723e+01
   1.6797400e+06   4.3579102e+01
   1.6798760e+06   3.6193848e+01
   1.6799000e+06   3.7414551e+01
   1.6799460e+06   3.7963867e+01
   1.6799690e+06   3.4240723e+01
   1.6800130e+06   3.4179688e+01
   1.6800410e+06   3.2531738e+01
   1.6800780e+06   3.3447266e+01
   1.6801520e+06   4.1748047e+01
   1.6801770e+06   3.3386230e+01
   1.6802900e+06   3.3142090e+01
   1.6803810e+06   3.4057617e+01
   1.6805900e+06   3.8635254e+01
   1.6806940e+06   3.5827637e+01
   1.6810110e+06   3.4851074e+01
   1.6810490e+06   4.7485352e+01
   1.6813030e+06   3.7902832e+01
   1.6813750e+06   3.6254883e+01
   1.7066830e+06   3.2775879e+01
   1.7075910e+06   3.6193848e+01
   1.7077520e+06   3.4973145e+01
   1.7510510e+06   3.3447266e+01
   1.7511110e+06   4.0649414e+01
   1.7511670e+06   5.6823730e+01
   1.7511970e+06   4.4677734e+01
   1.7512160e+06   3.3386230e+01
   1.7512450e+06   3.7170410e+01
   1.7512730e+06   3.9672852e+01
   1.7513000e+06   5.4138184e+01
   1.7513160e+06   3.7536621e+01
   1.7513260e+06   7.1838379e+01
   1.7513530e+06   4.3334961e+01
   1.7513820e+06   5.1147461e+01
   1.7514130e+06   5.1330566e+01
   1.7514310e+06   5.5908203e+01
   1.7514500e+06   4.2419434e+01
   1.7514820e+06   4.7424316e+01
   1.7515120e+06   4.1076660e+01
   1.7515230e+06   3.5888672e+01
   1.7515360e+06   4.6875000e+01
   1.7515570e+06   3.6254883e+01
   1.7515950e+06   4.6630859e+01
   1.7516260e+06   3.3691406e+01
   1.7516500e+06   3.9062500e+01
   1.7517210e+06   3.9367676e+01
   1.7517310e+06   3.8574219e+01
   1.7517730e+06   3.2592773e+01
   1.7518040e+06   3.6499023e+01
   1.7519150e+06   3.2592773e+01
   1.7519390e+06   3.8024902e+01
   1.7519670e+06   3.3325195e+01
   1.7520200e+06   4.3090820e+01
   1.7520340e+06   3.4484863e+01
   1.7521430e+06   3.4423828e+01
   1.7523990e+06   4.1992188e+01
   1.8260990e+06   3.3752441e+01
   1.8264580e+06   3.2531738e+01
   1.8269780e+06   3.3325195e+01
   1.8275680e+06   3.2531738e+01
   1.8277470e+06   3.2775879e+01
   1.8990530e+06   3.2958984e+01
   1.8991490e+06   4.2602539e+01
   1.8991920e+06   3.5827637e+01
   1.8992290e+06   3.8452148e+01
   1.8992600e+06   4.7241211e+01
   1.8992880e+06   4.4372559e+01
   1.8993150e+06   3.9062500e+01
   1.8993270e+06   5.4687500e+01
   1.8993550e+06   3.6315918e+01
   1.8993710e+06   3.6499023e+01
   1.8993960e+06   6.6772461e+01
   1.8994210e+06   3.4729004e+01
   1.8994420e+06   3.3691406e+01
   1.8994740e+06   3.6437988e+01
   1.8995020e+06   4.6936035e+01
   1.8995390e+06   3.7536621e+01
   1.8995720e+06   4.5715332e+01
   1.8996260e+06   3.9062500e+01
   1.8996660e+06   4.1503906e+01
   1.8997080e+06   3.3874512e+01
   1.8997850e+06   3.4667969e+01
   1.8999060e+06   3.8757324e+01
   1.9460090e+06   3.4179688e+01
   1.9460440e+06   3.2775879e+01
   1.9460910e+06   3.4423828e+01
   1.9461400e+06   3.4606934e+01
   1.9461610e+06   4.0283203e+01
   1.9462130e+06   3.3691406e+01
   1.9462420e+06   3.6499023e+01
   1.9462670e+06   3.3142090e+01
   1.9462770e+06   4.8645020e+01
   1.9463420e+06   4.3395996e+01
   1.9463590e+06   3.3386230e+01
   1.9464390e+06   3.6071777e+01
   1.9464840e+06   3.2775879e+01
   1.9465410e+06   3.5522461e+01
   1.9466540e+06   3.3020020e+01
   1.9471930e+06   3.3325195e+01
   2.0115720e+06   3.6071777e+01
   2.0119460e+06   3.4057617e+01
   2.0120040e+06   3.3508301e+01
   2.0120450e+06   3.8635254e+01
   2.0122630e+06   3.3935547e+01
   2.0140420e+06   3.2287598e+01
   2.0894050e+06   3.6682129e+01
   2.0897670e+06   3.4667969e+01
   2.0897910e+06   4.0649414e+01
   2.0903360e+06   3.2836914e+01
   2.0904600e+06   3.6743164e+01
   2.0921830e+06   3.5034180e+01
   2.0929430e+06   3.4057617e+01
   2.1619340e+06   3.2775879e+01
   2.1619800e+06   3.2897949e+01
   2.1620890e+06   3.4179688e+01
   2.1621320e+06   3.2287598e+01
   2.1621990e+06   3.3813477e+01
   2.1622810e+06   3.2775879e+01
   2.1622990e+06   4.2663574e+01
   2.1623440e+06   4.0893555e+01
   2.1623580e+06   3.3630371e+01
   2.1624410e+06   3.4057617e+01
   2.1624930e+06   4.2663574e+01
   2.1625730e+06   3.2958984e+01
   2.1629010e+06   3.2409668e+01
   2.1909040e+06   3.3447266e+01
   2.1917160e+06   3.3386230e+01
   2.1957720e+06   3.8024902e+01
   2.2012390e+06   3.3752441e+01
   2.2025920e+06   3.3874512e+01
   2.2623850e+06   4.4616699e+01
   2.2624910e+06   3.6071777e+01
   2.2625700e+06   3.5461426e+01
   2.2625850e+06   3.3996582e+01
   2.2626240e+06   3.8208008e+01
   2.2626660e+06   4.0649414e+01
   2.2626930e+06   4.2724609e+01
   2.2627260e+06   5.7739258e+01
   2.2627600e+06   4.6081543e+01
   2.2627720e+06   5.0292969e+01
   2.2628190e+06   3.9489746e+01
   2.2628500e+06   3.4362793e+01
   2.2629100e+06   3.6987305e+01
   2.2629430e+06   3.3630371e+01
   2.2629960e+06   3.5156250e+01
   2.2631370e+06   3.4912109e+01
   2.3260170e+06   3.3813477e+01
   2.3260280e+06   4.1259766e+01
   2.3260930e+06   3.9062500e+01
   2.3261300e+06   3.7292480e+01
   2.3261810e+06   3.8208008e+01
   2.3262370e+06   5.3833008e+01
   2.3262490e+06   6.1767578e+01
   2.3262690e+06   3.8330078e+01
   2.3262940e+06   3.5095215e+01
   2.3263380e+06   5.4809570e+01
   2.3263500e+06   3.9916992e+01
   2.3263940e+06   4.0893555e+01
   2.3264380e+06   3.4423828e+01
   2.3264520e+06   4.6752930e+01
   2.3265260e+06   3.4729004e+01
   2.3265570e+06   4.5043945e+01
   2.3265900e+06   3.3447266e+01
   2.3266440e+06   3.2348633e+01
   2.3266910e+06   4.0100098e+01
   2.3267040e+06   4.0344238e+01
   2.3267480e+06   3.3813477e+01
   2.3268180e+06   5.4931641e+01
   2.3270220e+06   3.2775879e+01
   2.3548580e+06   3.2958984e+01
   2.3549990e+06   3.8818359e+01
   2.3555710e+06   3.5766602e+01
   2.3556080e+06   3.5278320e+01
   2.3556290e+06   4.5776367e+01
   2.3556430e+06   3.6926270e+01
   2.3556930e+06   3.9367676e+01
   2.3557260e+06   5.9082031e+01
   2.3557420e+06   3.6621094e+01
   2.3557890e+06   3.3935547e+01
   2.3558130e+06   3.3264160e+01
   2.3558310e+06   7.3181152e+01
   2.3558530e+06   5.9082031e+01
   2.3558700e+06   4.5471191e+01
   2.3558920e+06   3.5339355e+01
   2.3559100e+06   4.9865723e+01
   2.3559660e+06   3.4118652e+01
   2.3559950e+06   3.2531738e+01
   2.3560130e+06   4.3273926e+01
   2.3560640e+06   3.6499023e+01
   2.3560990e+06   3.4545898e+01
   2.3561250e+06   5.1818848e+01
   2.3561810e+06   3.4790039e+01
   2.3562720e+06   6.3842773e+01
   2.3563590e+06   3.3813477e+01
   2.3564090e+06   4.4311523e+01
   2.3564580e+06   3.6865234e+01
   2.4322510e+06   3.4179688e+01
   2.4322800e+06   5.4077148e+01
   2.4323380e+06   4.3090820e+01
   2.4324020e+06   5.0720215e+01
   2.4324320e+06   3.6621094e+01
   2.4324590e+06   3.8818359e+01
   2.4324690e+06   5.0659180e+01
   2.4324920e+06   4.0222168e+01
   2.4325200e+06   5.0598145e+01
   2.4325330e+06   3.3935547e+01
   2.4325500e+06   4.7668457e+01
   2.4325860e+06   3.6010742e+01
   2.4325990e+06   3.4301758e+01
   2.4326360e+06   5.7189941e+01
   2.4326540e+06   3.6987305e+01
   2.4326760e+06   6.4086914e+01
   2.4327100e+06   3.6071777e+01
   2.4327670e+06   3.5766602e+01
   2.4327810e+06   5.4992676e+01
   2.4328740e+06   3.6315918e+01
   2.4329050e+06   4.9560547e+01
   2.4330610e+06   3.3752441e+01
   2.4331210e+06   3.4729004e+01
   2.4331700e+06   3.9001465e+01
   2.5212930e+06   3.4362793e+01
   2.5213170e+06   4.6325684e+01
   2.5213310e+06   3.6437988e+01
   2.5213570e+06   4.0649414e+01
   2.5213890e+06   3.2531738e+01
   2.5214390e+06   3.9062500e+01
   2.5215090e+06   4.6997070e+01
   2.5215340e+06   6.8176270e+01
   2.5215550e+06   4.0893555e+01
   2.5215680e+06   6.5490723e+01
   2.5215930e+06   4.4677734e+01
   2.5216280e+06   7.9406738e+01
   2.5216580e+06   4.5349121e+01
   2.5216720e+06   3.2653809e+01
   2.5216870e+06   4.3151855e+01
   2.5217200e+06   4.1381836e+01
   2.5217790e+06   4.5715332e+01
   2.5218950e+06   3.7780762e+01
   2.5219500e+06   3.3935547e+01
   2.5222790e+06   3.7231445e+01
   2.5223440e+06   5.5603027e+01
   2.6219120e+06   3.2348633e+01
   2.6222080e+06   3.2897949e+01
   2.6222250e+06   3.3935547e+01
   2.6223770e+06   3.2836914e+01
   2.6231160e+06   3.5278320e+01
   2.6238130e+06   3.2836914e+01
   2.6241100e+06   4.0344238e+01
   2.6741710e+06   3.3081055e+01
   2.6750960e+06   3.4606934e+01
   2.6758310e+06   3.3142090e+01
   2.6760060e+06   3.3691406e+01
   2.6767650e+06   3.2287598e+01
   2.6816200e+06   3.8757324e+01
   2.6858700e+06   4.0649414e+01
   2.7670640e+06   3.3081055e+01
   2.7672500e+06   3.6437988e+01
   2.7673130e+06   4.2846680e+01
   2.7673420e+06   3.4423828e+01
   2.7673640e+06   3.8085938e+01
   2.7674250e+06   4.6081543e+01
   2.7675200e+06   3.4606934e+01
   2.7677910e+06   3.2775879e+01
   2.7695390e+06   3.6254883e+01
   2.7698650e+06   3.2836914e+01
   2.7803620e+06   3.3203125e+01
   2.8351880e+06   3.2531738e+01
   2.8355410e+06   3.8330078e+01
   2.8356230e+06   3.3813477e+01
   2.8364650e+06   3.8635254e+01
   2.8366110e+06   3.4423828e+01
   2.9056650e+06   3.7414551e+01
   2.9060420e+06   3.6132812e+01
   2.9061400e+06   3.3325195e+01
   2.9991460e+06   3.3142090e+01
   2.9993820e+06   3.2226562e+01
   2.9994140e+06   3.3081055e+01
   2.9994560e+06   4.0649414e+01
   2.9995060e+06   3.3569336e+01
   2.9995740e+06   3.2165527e+01
   2.9996030e+06   3.4606934e+01
   2.9996380e+06   5.5969238e+01
   2.9996520e+06   3.8208008e+01
   2.9996820e+06   4.6813965e+01
   2.9996980e+06   4.7607422e+01
   2.9997210e+06   3.5705566e+01
   2.9997460e+06   3.6132812e+01
   2.9997850e+06   4.3945312e+01
   2.9998420e+06   3.3447266e+01
   3.0538080e+06   3.2775879e+01
   3.0538500e+06   3.2287598e+01
   3.0538980e+06   4.2236328e+01
   3.0539210e+06   3.3813477e+01
   3.0540290e+06   3.1860352e+01
   3.0540570e+06   3.2592773e+01
   3.0541030e+06   3.4912109e+01
   3.0541230e+06   3.4423828e+01
   3.0541590e+06   3.3264160e+01
   3.0542080e+06   5.6640625e+01
   3.0542370e+06   5.5603027e+01
   3.0542470e+06   3.6254883e+01
   3.0543030e+06   3.3447266e+01
   3.0543220e+06   7.1105957e+01
   3.0543350e+06   3.5034180e+01
   3.0544170e+06   3.7658691e+01
   3.0544710e+06   3.5522461e+01
   3.0544820e+06   3.2470703e+01
   3.0545210e+06   3.3386230e+01
   3.1137380e+06   3.2348633e+01
   3.1146100e+06   3.3142090e+01
   3.1151930e+06   3.3569336e+01
   3.1224940e+06   3.3630371e+01
   3.2000830e+06   3.2531738e+01
   3.2003670e+06   5.4077148e+01
   3.2003920e+06   3.4057617e+01
   3.2010670e+06   3.1799316e+01
   3.2016770e+06   4.1870117e+01
   3.2017060e+06   3.6682129e+01
   3.2028720e+06   3.2287598e+01
   3.2660270e+06   6.4819336e+01
   3.2660570e+06   3.5583496e+01
   3.2660830e+06   3.9489746e+01
   3.2661310e+06   3.9489746e+01
   3.2661660e+06   3.4179688e+01
   3.2661880e+06   3.3508301e+01
   3.2662060e+06   5.5541992e+01
   3.2662170e+06   3.7963867e+01
   3.2662460e+06   3.9306641e+01
   3.2662670e+06   4.1625977e+01
   3.2662840e+06   4.1320801e+01
   3.2663110e+06   3.4667969e+01
   3.2663430e+06   3.3386230e+01
   3.2663670e+06   6.9885254e+01
   3.2663860e+06   5.2429199e+01
   3.2664470e+06   4.1137695e+01
   3.2664890e+06   3.1982422e+01
   3.2665260e+06   3.1799316e+01
   3.2665420e+06   3.4362793e+01
   3.2666130e+06   3.9001465e+01
   3.2666410e+06   3.5034180e+01
   3.2667050e+06   4.4372559e+01
   3.2667360e+06   3.3752441e+01
   3.2667890e+06   3.3508301e+01
   3.2668130e+06   3.3081055e+01
   3.3188790e+06   3.3020020e+01
   3.3189430e+06   4.2724609e+01
   3.3194070e+06   3.6499023e+01
   3.3194200e+06   3.9062500e+01
   3.3201070e+06   3.1799316e+01
   3.3201630e+06   3.4790039e+01
   3.3221820e+06   3.3081055e+01
   3.3405970e+06   3.3996582e+01
   3.3410230e+06   3.5766602e+01
   3.3410510e+06   3.6193848e+01
   3.3413050e+06   3.3020020e+01
   3.3574140e+06   3.2165527e+01
   3.3574510e+06   4.3945312e+01
   3.3574660e+06   3.2592773e+01
   3.3574900e+06   3.3020020e+01
   3.3575450e+06   4.2602539e+01
   3.3576070e+06   3.6132812e+01
   3.3576830e+06   3.7231445e+01
   3.3577040e+06   3.9184570e+01
   3.3577290e+06   4.4006348e+01
   3.3577700e+06   6.3171387e+01
   3.3579940e+06   3.2287598e+01
   3.3839760e+06   3.1738281e+01
   3.3840640e+06   3.5095215e+01
   3.3844250e+06   3.5583496e+01
   3.3848330e+06   3.2104492e+01
   3.3854290e+06   3.1921387e+01
   3.3857440e+06   3.5339355e+01
   3.3857720e+06   3.7109375e+01
   3.4440530e+06   3.4667969e+01
   3.4442790e+06   3.3142090e+01
   3.4443500e+06   4.3334961e+01
   3.4443620e+06   3.2836914e+01
   3.4444050e+06   5.2429199e+01
   3.4444390e+06   3.4606934e+01
   3.4444620e+06   3.7597656e+01
   3.4445030e+06   3.5583496e+01
   3.4445170e+06   3.9062500e+01
   3.4445400e+06   6.6894531e+01
   3.4445730e+06   4.1137695e+01
   3.4446130e+06   4.0405273e+01
   3.4446350e+06   4.7729492e+01
   3.4446490e+06   4.7485352e+01
   3.4446700e+06   4.7912598e+01
   3.4447000e+06   5.7678223e+01
   3.4447150e+06   3.5644531e+01
   3.4447340e+06   4.9194336e+01
   3.4447530e+06   3.6010742e+01
   3.4447720e+06   4.1198730e+01
   3.4448350e+06   4.5654297e+01
   3.4448710e+06   3.8146973e+01
   3.4449420e+06   3.3569336e+01
   3.4449740e+06   5.3649902e+01
   3.4450360e+06   4.9987793e+01
   3.4451090e+06   3.3142090e+01
   3.4451820e+06   3.2409668e+01
   3.4452450e+06   3.3447266e+01
   3.4452900e+06   4.2724609e+01
   3.4453200e+06   3.9672852e+01
   3.4453910e+06   3.6926270e+01
   3.4454930e+06   3.3996582e+01
   3.4897180e+06   3.3081055e+01
   3.4902590e+06   4.7973633e+01
   3.4903320e+06   4.7363281e+01
   3.4903540e+06   3.6987305e+01
   3.4903840e+06   4.9133301e+01
   3.4904060e+06   3.8574219e+01
   3.4904350e+06   5.1025391e+01
   3.4904670e+06   4.5837402e+01
   3.4904820e+06   5.3405762e+01
   3.4905040e+06   3.5888672e+01
   3.4905400e+06   5.0842285e+01
   3.4905630e+06   3.6621094e+01
   3.4905930e+06   6.2988281e+01
   3.4906290e+06   3.7658691e+01
   3.4906400e+06   4.6264648e+01
   3.4906620e+06   3.2531738e+01
   3.4907380e+06   3.9184570e+01
   3.4907580e+06   3.4484863e+01
   3.4907790e+06   3.7963867e+01
   3.4908420e+06   3.5644531e+01
   3.4908650e+06   3.2653809e+01
   3.4909540e+06   3.4118652e+01
   3.4910580e+06   3.2958984e+01
   3.4911240e+06   3.8452148e+01
   3.4911350e+06   4.3212891e+01
   3.4911760e+06   3.6865234e+01
   3.4912970e+06   3.1921387e+01
   3.4915260e+06   3.1738281e+01
   3.4916680e+06   3.9733887e+01
   3.4918430e+06   3.3508301e+01
   3.5643550e+06   5.1147461e+01
   3.5644260e+06   3.3813477e+01
   3.5644700e+06   4.2846680e+01
   3.5644880e+06   3.6621094e+01
   3.5645100e+06   4.7119141e+01
   3.5645500e+06   7.1533203e+01
   3.5645650e+06   4.0710449e+01
   3.5645840e+06   4.1076660e+01
   3.5646040e+06   3.8574219e+01
   3.5646310e+06   3.3996582e+01
   3.5646420e+06   3.2592773e+01
   3.5646710e+06   3.2043457e+01
   3.5646830e+06   5.0109863e+01
   3.5647050e+06   4.8034668e+01
   3.5647250e+06   5.1452637e+01
   3.5647420e+06   3.3752441e+01
   3.5647930e+06   4.6386719e+01
   3.5648550e+06   3.9978027e+01
   3.5648840e+06   4.3823242e+01
   3.5649440e+06   3.6193848e+01
   3.5650330e+06   3.7658691e+01
   3.5650770e+06   3.4179688e+01
   3.5651120e+06   3.6254883e+01
   3.5651240e+06   3.8208008e+01
   3.5652850e+06   3.8879395e+01
   3.5653210e+06   4.0649414e+01
   3.5653360e+06   3.3691406e+01
   3.5655180e+06   4.0466309e+01
   3.5657650e+06   3.2104492e+01
   3.6406030e+06   3.7902832e+01
   3.6409150e+06   3.2958984e+01
   3.6410210e+06   3.5278320e+01
   3.6412310e+06   3.1799316e+01
   3.6421280e+06   3.6743164e+01
   3.6430620e+06   3.4118652e+01
   3.6759380e+06   3.6987305e+01
   3.6760280e+06   3.2897949e+01
   3.6760510e+06   3.7780762e+01
   3.6760720e+06   4.2175293e+01
   3.6760850e+06   6.0424805e+01
   3.6761290e+06   3.3386230e+01
   3.6761720e+06   4.4616699e+01
   3.6762000e+06   4.0649414e+01
   3.6762350e+06   4.7302246e+01
   3.6762610e+06   4.5776367e+01
   3.6762750e+06   3.4057617e+01
   3.6763100e+06   4.7668457e+01
   3.6763280e+06   4.3273926e+01
   3.6763670e+06   6.9580078e+01
   3.6763770e+06   3.8513184e+01
   3.6764530e+06   3.3874512e+01
   3.6764810e+06   3.8513184e+01
   3.6765090e+06   3.5644531e+01
   3.6766310e+06   3.4118652e+01
   3.6766590e+06   4.1809082e+01
   3.6767900e+06   3.6010742e+01
   3.6768250e+06   3.4851074e+01
   3.6768490e+06   3.3264160e+01
   3.7645300e+06   3.1799316e+01
   3.7645460e+06   3.8146973e+01
   3.7645830e+06   3.7353516e+01
   3.7646000e+06   3.4484863e+01
   3.7646680e+06   3.6621094e+01
   3.7647300e+06   3.6254883e+01
   3.7647580e+06   3.9123535e+01
   3.7647950e+06   3.5644531e+01
   3.7648050e+06   3.3752441e+01
   3.7648870e+06   3.2226562e+01
   3.7649140e+06   3.9978027e+01
   3.7649720e+06   3.3081055e+01
   3.7653450e+06   3.5522461e+01
   3.8290450e+06   3.4973145e+01
   3.8291600e+06   3.1982422e+01
   3.8293220e+06   3.2226562e+01
   3.8298470e+06   3.7048340e+01
   3.8944200e+06   3.2714844e+01
   3.8945040e+06   3.4729004e+01
   3.8945180e+06   3.3813477e+01
   3.8950040e+06   3.2897949e+01
   3.8950180e+06   3.2348633e+01
   3.8957530e+06   3.8940430e+01
   3.8964570e+06   3.7475586e+01
   3.8977450e+06   3.5400391e+01
   3.9006200e+06   3.3325195e+01
   3.9926100e+06   3.4851074e+01
   3.9932450e+06   3.5644531e+01
   4.1143940e+06   3.6560059e+01
   4.1144570e+06   3.3325195e+01
   4.1162940e+06   3.6926270e+01
   4.1333680e+06   3.4545898e+01
   4.1334000e+06   3.8696289e+01
   4.1334170e+06   3.8208008e+01
   4.1334580e+06   5.2368164e+01
   4.1335390e+06   4.3579102e+01
   4.1335560e+06   5.6152344e+01
   4.1335910e+06   3.6560059e+01
   4.1336130e+06   3.1738281e+01
   4.1336280e+06   4.0588379e+01
   4.1336550e+06   5.2062988e+01
   4.1336710e+06   4.3823242e+01
   4.1336920e+06   4.5288086e+01
   4.1337220e+06   5.0415039e+01
   4.1337630e+06   4.0466309e+01
   4.1338130e+06   4.6142578e+01
   4.1338510e+06   3.6315918e+01
   4.1338660e+06   4.9499512e+01
   4.1339040e+06   3.5705566e+01
   4.1339170e+06   4.7546387e+01
   4.1339640e+06   4.4921875e+01
   4.1339920e+06   3.6132812e+01
   4.1340300e+06   3.6926270e+01
   4.1340680e+06   4.1687012e+01
   4.1341010e+06   3.3935547e+01
   4.1341580e+06   3.6987305e+01
   4.1342340e+06   3.2226562e+01
   4.1342720e+06   3.6376953e+01
   4.1344560e+06   3.1860352e+01
   4.1345400e+06   3.4729004e+01
   4.1345690e+06   3.4912109e+01
   4.1346030e+06   3.4118652e+01
   4.1346290e+06   3.3508301e+01
   4.1346520e+06   3.3020020e+01
   4.1347190e+06   3.2653809e+01
   4.1348550e+06   4.6447754e+01
   4.1348830e+06   4.0466309e+01
   4.1350480e+06   3.8208008e+01
   4.1948780e+06   4.1259766e+01
   4.1949060e+06   3.5339355e+01
   4.1949250e+06   5.9631348e+01
   4.1949570e+06   4.0039062e+01
   4.1949680e+06   3.2226562e+01
   4.1949960e+06   5.1818848e+01
   4.1950070e+06   3.3996582e+01
   4.1950400e+06   4.1992188e+01
   4.1950580e+06   3.8879395e+01
   4.1950930e+06   4.5471191e+01
   4.1951220e+06   3.7658691e+01
   4.1951330e+06   3.7658691e+01
   4.1951540e+06   5.1452637e+01
   4.1951790e+06   4.1015625e+01
   4.1952000e+06   4.0893555e+01
   4.1952160e+06   3.3020020e+01
   4.1952360e+06   4.6813965e+01
   4.1952670e+06   4.2236328e+01
   4.1952940e+06   4.5227051e+01
   4.1953360e+06   3.6865234e+01
   4.1954350e+06   3.6499023e+01
   4.1955260e+06   3.8635254e+01
   4.1955830e+06   3.5461426e+01
   4.1956220e+06   3.3813477e+01
   4.1956360e+06   3.2592773e+01
   4.1956880e+06   3.4790039e+01
   4.1957310e+06   3.6865234e+01
   4.1957560e+06   3.3325195e+01
   4.1958200e+06   3.1860352e+01
   4.1958870e+06   3.6926270e+01
   4.1961490e+06   4.2114258e+01
   4.1969200e+06   3.6499023e+01
   4.1970570e+06   3.8330078e+01
   4.1970970e+06   3.2653809e+01
   4.1971800e+06   3.3813477e+01
   4.1972210e+06   3.8330078e+01
   4.1974000e+06   3.3508301e+01
   4.1978090e+06   5.0598145e+01
   4.2211710e+06   3.2897949e+01
   4.2984640e+06   3.5461426e+01
   4.2988840e+06   3.2348633e+01
   4.2996650e+06   3.1921387e+01
   4.2997200e+06   3.2531738e+01
   4.2997970e+06   3.2470703e+01
   4.2998820e+06   3.3447266e+01
   4.2998960e+06   4.0710449e+01
   4.2999530e+06   3.5034180e+01
   4.2999950e+06   5.0781250e+01
   4.3000110e+06   3.7597656e+01
   4.3000370e+06   6.8176270e+01
   4.3000590e+06   3.9123535e+01
   4.3000840e+06   3.2836914e+01
   4.3001320e+06   6.3110352e+01
   4.3001580e+06   6.2805176e+01
   4.3001720e+06   4.5959473e+01
   4.3001970e+06   4.0283203e+01
   4.3002160e+06   5.9326172e+01
   4.3002380e+06   3.8269043e+01
   4.3002860e+06   4.3273926e+01
   4.3003080e+06   3.7658691e+01
   4.3003310e+06   5.3161621e+01
   4.3004180e+06   3.3691406e+01
   4.3004390e+06   4.2480469e+01
   4.3004890e+06   3.2043457e+01
   4.3005170e+06   3.6315918e+01
   4.3006340e+06   3.2836914e+01
   4.3007480e+06   3.9978027e+01
   4.3007640e+06   4.1992188e+01
   4.3885100e+06   3.8635254e+01
   4.3888190e+06   3.2775879e+01
   4.3888680e+06   3.2958984e+01
   4.3889420e+06   3.5217285e+01
   4.3889950e+06   4.7363281e+01
   4.3890060e+06   3.9672852e+01
   4.3891010e+06   3.8696289e+01
   4.3891350e+06   6.8237305e+01
   4.3892560e+06   3.5278320e+01
   4.3893060e+06   3.2165527e+01
   4.4762880e+06   3.2836914e+01
   4.4763180e+06   3.3447266e+01
   4.4763820e+06   3.2836914e+01
   4.4774100e+06   3.6376953e+01
   4.4777430e+06   3.1860352e+01
   4.4783550e+06   3.1921387e+01
   4.5472860e+06   3.4484863e+01
   4.5477630e+06   3.2409668e+01
   4.5488360e+06   3.2653809e+01
   4.5490380e+06   3.2043457e+01
   4.5491920e+06   3.6865234e+01
   4.5513050e+06   3.2470703e+01
   4.5538250e+06   3.2592773e+01
   4.5740070e+06   3.3325195e+01
   4.5744040e+06   3.4484863e+01
   4.6014710e+06   3.2836914e+01
   4.6015050e+06   3.2348633e+01
   4.6015400e+06   3.2470703e+01
   4.6015510e+06   3.4301758e+01
   4.6015990e+06   3.3142090e+01
   4.6016150e+06   3.3386230e+01
   4.6016390e+06   4.0222168e+01
   4.6016680e+06   3.3569336e+01
   4.6017140e+06   3.9733887e+01
   4.6017370e+06   5.7312012e+01
   4.6017680e+06   3.4423828e+01
   4.6017930e+06   3.6560059e+01
   4.6018340e+06   3.1921387e+01
   4.6019010e+06   3.1860352e+01
   4.6019470e+06   3.3020020e+01
   4.6020370e+06   3.2531738e+01
   4.6020550e+06   3.4301758e+01
   4.6021160e+06   3.3020020e+01
   4.6022080e+06   3.3508301e+01
   4.6659060e+06   3.4179688e+01
   4.6659680e+06   3.4545898e+01
   4.6659810e+06   3.6132812e+01
   4.6660330e+06   4.9011230e+01
   4.6660470e+06   7.2143555e+01
   4.6660610e+06   3.5766602e+01
   4.6661010e+06   4.4921875e+01
   4.6661210e+06   4.3884277e+01
   4.6661460e+06   4.3273926e+01
   4.6661580e+06   6.6650391e+01
   4.6662110e+06   4.3518066e+01
   4.6662370e+06   4.6386719e+01
   4.6662640e+06   3.9306641e+01
   4.6662880e+06   4.4128418e+01
   4.6663090e+06   6.3232422e+01
   4.6663210e+06   4.2114258e+01
   4.6663650e+06   3.8513184e+01
   4.6663950e+06   4.0466309e+01
   4.6664060e+06   4.1259766e+01
   4.6664800e+06   3.8269043e+01
   4.6665000e+06   3.8940430e+01
   4.6665290e+06   3.6437988e+01
   4.6666160e+06   3.8513184e+01
   4.6666350e+06   3.8879395e+01
   4.6669260e+06   3.6987305e+01
   4.6669410e+06   3.5888672e+01
   4.6669830e+06   4.4921875e+01
   4.6671310e+06   3.6193848e+01
   4.6671660e+06   3.6804199e+01
   4.6673300e+06   3.7048340e+01
   4.6673580e+06   3.2775879e+01
   4.7580550e+06   3.3996582e+01
   4.7581790e+06   3.5400391e+01
   4.7582040e+06   3.7963867e+01
   4.7582260e+06   3.6254883e+01
   4.7582540e+06   3.3752441e+01
   4.7582800e+06   3.6743164e+01
   4.7583040e+06   3.2958984e+01
   4.7583340e+06   5.4321289e+01
   4.7583540e+06   4.3945312e+01
   4.7583650e+06   3.2409668e+01
   4.7583910e+06   3.4545898e+01
   4.7584190e+06   6.7443848e+01
   4.7584300e+06   4.7119141e+01
   4.7584680e+06   4.2358398e+01
   4.7584990e+06   7.9223633e+01
   4.7585130e+06   3.6315918e+01
   4.7585900e+06   3.3935547e+01
   4.7587030e+06   3.5583496e+01
   4.7587410e+06   3.3264160e+01
   4.7587880e+06   3.2104492e+01
   4.7588190e+06   4.0527344e+01
   4.7588610e+06   3.2043457e+01
   4.7589400e+06   3.8574219e+01
   4.7590870e+06   4.0954590e+01
   4.7592520e+06   3.4057617e+01
   4.7596220e+06   3.9306641e+01
   4.8336570e+06   3.2653809e+01
   4.8336950e+06   3.9611816e+01
   4.9015890e+06   3.1860352e+01
   4.9016510e+06   3.5278320e+01
   4.9022300e+06   3.4118652e+01
   4.9022890e+06   4.4067383e+01
   4.9023380e+06   5.1025391e+01
   4.9023500e+06   4.5043945e+01
   4.9023730e+06   4.3884277e+01
   4.9024040e+06   7.2326660e+01
   4.9024210e+06   5.0720215e+01
   4.9024630e+06   3.6865234e+01
   4.9024840e+06   3.7902832e+01
   4.9025050e+06   4.0588379e+01
   4.9025250e+06   3.4912109e+01
   4.9025610e+06   3.8879395e+01
   4.9025750e+06   4.6691895e+01
   4.9025880e+06   5.2246094e+01
   4.9026250e+06   3.4851074e+01
   4.9026490e+06   4.3945313e+01
   4.9026780e+06   4.2236328e+01
   4.9026910e+06   3.9062500e+01
   4.9027350e+06   3.3996582e+01
   4.9027660e+06   3.3447266e+01
   4.9027790e+06   4.4982910e+01
   4.9028030e+06   3.5888672e+01
   4.9028630e+06   3.4423828e+01
   4.9028840e+06   4.2114258e+01
   4.9029150e+06   3.6865234e+01
   4.9029620e+06   4.1503906e+01
   4.9030910e+06   3.9733887e+01
   4.9031500e+06   3.4667969e+01
   4.9033830e+06   3.6254883e+01
   4.9038940e+06   4.3762207e+01
   4.9766640e+06   3.1921387e+01
   4.9768400e+06   3.2897949e+01
   4.9780370e+06   3.8818359e+01
   4.9786320e+06   3.2775879e+01
   4.9800160e+06   3.3142090e+01
   5.0152250e+06   3.3386230e+01
   5.0158770e+06   3.6926270e+01
   5.0159600e+06   3.2775879e+01
   5.0161400e+06   3.3020020e+01
   5.0164390e+06   3.4851074e+01
   5.1771880e+06   5.2307129e+01
   5.1772040e+06   4.1625977e+01
   5.1772150e+06   5.1208496e+01
   5.1772630e+06   5.4809570e+01
   5.1772880e+06   3.4179688e+01
   5.1773160e+06   3.6987305e+01
   5.1773310e+06   8.1604004e+01
   5.1773580e+06   5.9753418e+01
   5.1774030e+06   5.2856445e+01
   5.1774480e+06   3.6010742e+01
   5.1774730e+06   4.3945313e+01
   5.1775430e+06   3.3752441e+01
   5.1775730e+06   4.8645020e+01
   5.1775940e+06   3.8635254e+01
   5.1776280e+06   4.8828125e+01
   5.1776880e+06   3.4912109e+01
   5.1777060e+06   3.3386230e+01
   5.1777790e+06   3.2714844e+01
   5.1778110e+06   4.2602539e+01
   5.1778640e+06   4.0039062e+01
   5.1779270e+06   3.2897949e+01
   5.1779690e+06   3.8146973e+01
   5.1780820e+06   3.6865234e+01
   5.1782690e+06   3.1982422e+01
   5.1783130e+06   3.1860352e+01
   5.1785210e+06   3.2104492e+01
   5.1785570e+06   3.2287598e+01
   5.1786660e+06   4.4921875e+01
   5.1786930e+06   3.2653809e+01
   5.1788250e+06   4.8767090e+01
   5.2479820e+06   3.9001465e+01
   5.2480180e+06   3.3813477e+01
   5.2480410e+06   4.1320801e+01
   5.2480710e+06   4.4189453e+01
   5.2480930e+06   4.0893555e+01
   5.2481250e+06   9.3383789e+01
   5.2481400e+06   3.2958984e+01
   5.2481590e+06   3.6315918e+01
   5.2481910e+06   4.0588379e+01
   5.2482140e+06   6.2072754e+01
   5.2482320e+06   3.7719727e+01
   5.2482720e+06   3.8391113e+01
   5.2482970e+06   5.3222656e+01
   5.2483090e+06   4.8461914e+01
   5.2483240e+06   3.8391113e+01
   5.2483520e+06   3.5522461e+01
   5.2483920e+06   4.4555664e+01
   5.2484140e+06   3.2104492e+01
   5.2484300e+06   4.0771484e+01
   5.2484520e+06   3.5034180e+01
   5.2484990e+06   3.1982422e+01
   5.2485470e+06   3.3020020e+01
   5.2485740e+06   3.8574219e+01
   5.2487730e+06   3.3264160e+01
   5.2487920e+06   3.5034180e+01
   5.2488500e+06   3.8208008e+01
   5.2491540e+06   3.6437988e+01
   5.2491850e+06   3.2043457e+01
   5.2492120e+06   3.4912109e+01
   5.2494830e+06   3.9916992e+01
   5.2495330e+06   3.2165527e+01
   5.2497830e+06   4.1503906e+01
   5.2499920e+06   3.4484863e+01
   5.2502740e+06   4.1503906e+01
   5.3312240e+06   3.3508301e+01
   5.3660790e+06   3.5095215e+01
   5.3662640e+06   3.7475586e+01
   5.3666980e+06   3.2409668e+01
   5.3915490e+06   3.2775879e+01
   5.3924330e+06   3.1982422e+01
   5.3927980e+06   3.3264160e+01
   5.4638310e+06   3.6987305e+01
   5.4653480e+06   3.4362793e+01
   5.4824630e+06   3.3752441e+01
   5.4825190e+06   3.8146973e+01
   5.4825330e+06   3.4179688e+01
   5.4825840e+06   6.5612793e+01
   5.4826040e+06   3.6804199e+01
   5.4826280e+06   4.9804688e+01
   5.4826420e+06   5.4809570e+01
   5.4826670e+06   7.0007324e+01
   5.4826900e+06   4.2724609e+01
   5.4827160e+06   3.7597656e+01
   5.4827310e+06   3.6560059e+01
   5.4827500e+06   5.7800293e+01
   5.4827730e+06   5.4443359e+01
   5.4827980e+06   3.9672852e+01
   5.4828220e+06   4.4738770e+01
   5.4828430e+06   3.4423828e+01
   5.4828690e+06   3.2470703e+01
   5.4829160e+06   4.6325684e+01
   5.4829490e+06   5.4565430e+01
   5.4829830e+06   3.5278320e+01
   5.4831030e+06   3.2165527e+01
   5.4832050e+06   3.5278320e+01
   5.4832600e+06   3.5156250e+01
   5.4833170e+06   3.1982422e+01
   5.4833660e+06   3.3264160e+01
   5.5259170e+06   3.2775879e+01
   5.5276530e+06   3.6193848e+01
   5.5314660e+06   3.3813477e+01
   5.6047780e+06   3.5339355e+01
   5.6059690e+06   3.7109375e+01
   5.6060000e+06   3.5888672e+01
   5.6063320e+06   3.4240723e+01
   5.6067640e+06   3.5217285e+01
   5.6736880e+06   3.3813477e+01
   5.6737100e+06   3.5522461e+01
   5.6737240e+06   3.8330078e+01
   5.6737940e+06   3.2958984e+01
   5.6738340e+06   3.4362793e+01
   5.6738450e+06   6.5856934e+01
   5.6738640e+06   3.7170410e+01
   5.6739300e+06   3.2653809e+01
   5.6739460e+06   7.4523926e+01
   5.6739630e+06   3.6437988e+01
   5.6739800e+06   4.7119141e+01
   5.6740110e+06   5.3100586e+01
   5.6740270e+06   5.3405762e+01
   5.6740560e+06   4.3090820e+01
   5.6740730e+06   4.6081543e+01
   5.6741140e+06   3.7475586e+01
   5.6742830e+06   3.7963867e+01
   5.6742990e+06   3.8940430e+01
   5.6743260e+06   4.5227051e+01
   5.6743650e+06   3.7597656e+01
   5.6743980e+06   4.5349121e+01
   5.6744130e+06   3.2714844e+01
   5.6744790e+06   3.5339355e+01
   5.6748180e+06   3.2287598e+01
   5.6750930e+06   3.6071777e+01
   5.6752200e+06   4.3212891e+01
   5.6752760e+06   3.3996582e+01
   5.6755180e+06   3.9062500e+01
   5.6756650e+06   3.4118652e+01
   5.7597680e+06   3.1799316e+01
   5.8017640e+06   3.5705566e+01
   5.8019040e+06   3.2409668e+01
   5.8386460e+06   3.7963867e+01
   5.8397820e+06   3.2043457e+01
   5.8924460e+06   5.3955078e+01
   5.8924910e+06   3.5766602e+01
   5.8925190e+06   3.8757324e+01
   5.8925350e+06   4.0100098e+01
   5.8925750e+06   3.2409668e+01
   5.8926010e+06   3.8635254e+01
   5.8926230e+06   5.7128906e+01
   5.8926430e+06   3.2165527e+01
   5.8926790e+06   3.5583496e+01
   5.8927080e+06   6.0546875e+01
   5.8927280e+06   3.6437988e+01
   5.8927440e+06   4.6081543e+01
   5.8927570e+06   5.1513672e+01
   5.8927890e+06   3.2348633e+01
   5.8928220e+06   3.2287598e+01
   5.8928700e+06   5.6823730e+01
   5.8928940e+06   4.3212891e+01
   5.8929190e+06   5.6091309e+01
   5.8929420e+06   3.6132813e+01
   5.8929710e+06   3.8452148e+01
   5.8930190e+06   4.8828125e+01
   5.8930530e+06   3.6010742e+01
   5.8932370e+06   3.9428711e+01
   5.8933740e+06   3.4667969e+01
   5.8934550e+06   3.5766602e+01
   5.8934880e+06   3.1799316e+01
   5.8935120e+06   3.3081055e+01
   5.8935950e+06   4.5959473e+01
   5.8936740e+06   3.4362793e+01
   5.8937170e+06   3.2470703e+01
   5.8939460e+06   3.7902832e+01
   5.8941760e+06   5.3894043e+01
   5.9710010e+06   3.3203125e+01
   5.9712120e+06   3.4179688e+01
   5.9713310e+06   3.4484863e+01
   5.9713660e+06   3.5156250e+01
   5.9713950e+06   4.0039062e+01
   5.9714260e+06   4.4555664e+01
   5.9714650e+06   3.6987305e+01
   5.9714850e+06   3.5339355e+01
   5.9714980e+06   3.5644531e+01
   5.9715240e+06   4.0344238e+01
   5.9715440e+06   5.4199219e+01
   5.9715550e+06   4.7851562e+01
   5.9715790e+06   4.0527344e+01
   5.9715930e+06   4.2724609e+01
   5.9716030e+06   3.4790039e+01
   5.9716170e+06   3.2409668e+01
   5.9716430e+06   5.2062988e+01
   5.9716720e+06   3.8513184e+01
   5.9716990e+06   5.6091309e+01
   5.9717390e+06   4.1625977e+01
   5.9717660e+06   5.1513672e+01
   5.9718170e+06   3.9062500e+01
   5.9718530e+06   4.5959473e+01
   5.9718830e+06   3.1860352e+01
   5.9719460e+06   3.3630371e+01
   5.9719730e+06   3.8024902e+01
   5.9721140e+06   4.0283203e+01
   5.9721240e+06   3.4179688e+01
   5.9721950e+06   3.2348633e+01
   5.9722290e+06   3.4057617e+01
   5.9722540e+06   4.0710449e+01
   5.9723020e+06   3.5095215e+01
   6.0647300e+06   3.2531738e+01
   6.0664460e+06   3.2775879e+01
   6.0669940e+06   3.3569336e+01
   6.0674750e+06   3.8391113e+01
   6.0921660e+06   3.2531738e+01
   6.0922480e+06   3.4851074e+01
   6.1353160e+06   3.3752441e+01
   6.1368370e+06   3.9428711e+01
   6.1368810e+06   3.2897949e+01
   6.2057330e+06   3.2470703e+01
   6.2059010e+06   3.6071777e+01
   6.2060240e+06   4.1137695e+01
   6.2060520e+06   4.1809082e+01
   6.2060970e+06   5.0903320e+01
   6.2061290e+06   5.7495117e+01
   6.2061440e+06   4.7790527e+01
   6.2061590e+06   3.6682129e+01
   6.2062180e+06   4.6508789e+01
   6.2062370e+06   4.6630859e+01
   6.2062760e+06   5.9753418e+01
   6.2062890e+06   5.3649902e+01
   6.2063230e+06   4.1503906e+01
   6.2063490e+06   3.4240723e+01
   6.2063650e+06   3.6621094e+01
   6.2063800e+06   3.7597656e+01
   6.2064590e+06   4.4555664e+01
   6.2064880e+06   3.2226562e+01
   6.2065000e+06   3.2958984e+01
   6.2065520e+06   5.2429199e+01
   6.2065860e+06   3.5888672e+01
   6.2066720e+06   3.3569336e+01
   6.2067190e+06   4.6264648e+01
   6.2067320e+06   3.2775879e+01
   6.2068310e+06   3.4851074e+01
   6.2069670e+06   3.3264160e+01
   6.2070500e+06   3.9794922e+01
   6.2070670e+06   4.0466309e+01
   6.2072420e+06   3.9062500e+01
   6.2073310e+06   3.4484863e+01
   6.2074200e+06   4.0527344e+01
   6.2075170e+06   5.5297852e+01
   6.2694550e+06   3.3508301e+01
   6.2722050e+06   3.3630371e+01
   6.2746550e+06   3.4423828e+01
   6.2762820e+06   3.2775879e+01
   6.2763960e+06   3.5339355e+01
   6.2764100e+06   4.1503906e+01
   6.2764610e+06   4.2480469e+01
   6.2764840e+06   4.0039062e+01
   6.2765250e+06   3.9978027e+01
   6.2765410e+06   4.4494629e+01
   6.2765580e+06   3.4484863e+01
   6.2765770e+06   4.1198730e+01
   6.2766140e+06   4.2724609e+01
   6.2766260e+06   4.6081543e+01
   6.2766410e+06   4.9072266e+01
   6.2766670e+06   3.7414551e+01
   6.2766970e+06   3.5522461e+01
   6.2767210e+06   5.5419922e+01
   6.2767400e+06   3.4667969e+01
   6.2767640e+06   6.3354492e+01
   6.2768050e+06   3.4545898e+01
   6.2768350e+06   3.2470703e+01
   6.2768690e+06   5.4199219e+01
   6.2768970e+06   3.4912109e+01
   6.2769260e+06   3.4606934e+01
   6.2769910e+06   4.2907715e+01
   6.2770020e+06   3.9855957e+01
   6.2770250e+06   3.4118652e+01
   6.2770510e+06   3.5095215e+01
   6.2771160e+06   4.1931152e+01
   6.2771410e+06   3.2897949e+01
   6.2772420e+06   3.8146973e+01
   6.2773130e+06   5.0109863e+01
   6.2773260e+06   4.3029785e+01
   6.2773950e+06   3.2958984e+01
   6.2774580e+06   4.0649414e+01
   6.2776750e+06   5.3466797e+01
   6.2779120e+06   3.2409668e+01
   6.3881600e+06   3.5461426e+01
   6.3884720e+06   3.2836914e+01
   6.3898030e+06   3.5888672e+01
   6.4552510e+06   3.4362793e+01
   6.4552760e+06   4.0100098e+01
   6.4553900e+06   4.0771484e+01
   6.4554120e+06   3.2165527e+01
   6.4554510e+06   4.5837402e+01
   6.4554810e+06   5.1452637e+01
   6.4554990e+06   6.2744141e+01
   6.4555330e+06   5.9265137e+01
   6.4555520e+06   4.8217773e+01
   6.4555620e+06   3.5278320e+01
   6.4556080e+06   5.5297852e+01
   6.4556250e+06   5.2917480e+01
   6.4556710e+06   3.4729004e+01
   6.4556810e+06   3.2409668e+01
   6.4557030e+06   4.3273926e+01
   6.4557310e+06   3.9611816e+01
   6.4557770e+06   3.3569336e+01
   6.4557910e+06   3.7353516e+01
   6.4558370e+06   4.1137695e+01
   6.4558730e+06   3.4912109e+01
   6.4559000e+06   3.4423828e+01
   6.4559810e+06   3.4790039e+01
   6.4560500e+06   3.7353516e+01
   6.4561120e+06   3.4667969e+01
   6.4562060e+06   3.6682129e+01
   6.4562190e+06   4.0954590e+01
   6.4563060e+06   3.6987305e+01
   6.4563780e+06   3.2348633e+01
   6.4564880e+06   3.2531738e+01
   6.4565090e+06   3.6926270e+01
   6.4565570e+06   3.5827637e+01
   6.4566390e+06   3.2165527e+01
   6.4569520e+06   3.7597656e+01
   6.4573250e+06   4.1381836e+01
   6.5159890e+06   3.3691406e+01
   6.5486970e+06   3.5034180e+01
   6.6227610e+06   3.9489746e+01
   6.6502950e+06   3.2714844e+01
   6.6922030e+06   3.9245605e+01
   6.6934990e+06   3.4606934e+01
   6.6943920e+06   3.5156250e+01
   6.7584230e+06   3.5156250e+01
   6.8075550e+06   3.2897949e+01
   6.8077000e+06   3.8513184e+01
   6.8077380e+06   3.5888672e+01
   6.8078160e+06   3.5156250e+01
   6.8080140e+06   3.2348633e+01
   6.8081830e+06   3.6682129e+01
   6.8081940e+06   4.4311523e+01
   6.8279530e+06   3.3813477e+01
   6.8283910e+06   3.3142090e+01
   6.8390530e+06   3.3447266e+01
   6.8390830e+06   3.3081055e+01
   6.8391040e+06   3.7048340e+01
   6.8391680e+06   3.7658691e+01
   6.8392010e+06   3.4729004e+01
   6.8392200e+06   6.2255859e+01
   6.8392630e+06   4.4006348e+01
   6.8392760e+06   5.1818848e+01
   6.8392990e+06   3.2470703e+01
   6.8393270e+06   4.3518066e+01
   6.8393450e+06   4.4006348e+01
   6.8393660e+06   5.7128906e+01
   6.8394020e+06   4.5166016e+01
   6.8394220e+06   3.7780762e+01
   6.8394470e+06   5.4199219e+01
   6.8394950e+06   3.6560059e+01
   6.8395140e+06   4.3212891e+01
   6.8395480e+06   4.1870117e+01
   6.8395620e+06   3.6621094e+01
   6.8395990e+06   3.7414551e+01
   6.8396100e+06   3.9794922e+01
   6.8396360e+06   3.4118652e+01
   6.8396610e+06   3.5034180e+01
   6.8396910e+06   4.8645020e+01
   6.8397080e+06   4.2724609e+01
   6.8397280e+06   3.5095215e+01
   6.8398210e+06   3.3203125e+01
   6.8399100e+06   3.3935547e+01
   6.8399420e+06   4.1076660e+01
   6.8400580e+06   4.7241211e+01
   6.8402170e+06   3.5400391e+01
   6.8403680e+06   3.3142090e+01
   6.8404860e+06   3.2531738e+01
   6.8406110e+06   3.4118652e+01
   6.8932430e+06   3.3813477e+01
   6.8932760e+06   4.0954590e+01
   6.8932870e+06   4.6020508e+01
   6.8933160e+06   4.3640137e+01
   6.8933420e+06   4.3273926e+01
   6.8933600e+06   6.0241699e+01
   6.8934080e+06   3.3386230e+01
   6.8934310e+06   3.9794922e+01
   6.8935020e+06   4.2602539e+01
   6.8935300e+06   3.2287598e+01
   6.8935680e+06   3.4912109e+01
   6.8935930e+06   3.6987305e+01
   6.8937100e+06   4.8828125e+01
   6.8937290e+06   3.5888672e+01
   6.8938360e+06   3.2653809e+01
   6.8938510e+06   3.5156250e+01
   6.8939400e+06   4.0588379e+01
   6.8940280e+06   3.9978027e+01
   6.8942770e+06   3.4790039e+01
   6.8944950e+06   3.4973145e+01
   6.8945990e+06   4.1137695e+01
   6.8947180e+06   3.4362793e+01
   6.8948220e+06   3.2897949e+01
   6.8948730e+06   3.5034180e+01
   6.8950090e+06   3.4118652e+01
   6.8950670e+06   3.4851074e+01
   6.8951560e+06   3.4973145e+01
   6.8954830e+06   4.2175293e+01
   6.8958290e+06   3.4912109e+01
   6.9755750e+06   3.4118652e+01
   6.9757310e+06   3.5888672e+01
   6.9766470e+06   3.9794922e+01
   6.9767260e+06   3.2226562e+01
   6.9984720e+06   3.3264160e+01
   7.0525680e+06   3.2714844e+01
   7.0568710e+06   3.9062500e+01
   7.1123640e+06   3.5034180e+01
   7.1381350e+06   3.3508301e+01
   7.1836590e+06   3.2775879e+01
   7.1863060e+06   3.9550781e+01
   7.1901960e+06   3.6682129e+01
   7.1903150e+06   4.4433594e+01
   7.1903340e+06   4.5104980e+01
   7.1903780e+06   4.7058105e+01
   7.1904190e+06   3.5278320e+01
   7.1904540e+06   3.9062500e+01
   7.1904700e+06   4.9865723e+01
   7.1904890e+06   4.7851562e+01
   7.1905030e+06   6.2194824e+01
   7.1905250e+06   3.5827637e+01
   7.1905510e+06   5.4809570e+01
   7.1905710e+06   3.4423828e+01
   7.1906160e+06   3.9978027e+01
   7.1906540e+06   4.3151855e+01
   7.1906670e+06   3.5827637e+01
   7.1906850e+06   3.9428711e+01
   7.1907670e+06   5.5847168e+01
   7.1907920e+06   3.3081055e+01
   7.1908230e+06   4.4189453e+01
   7.1908660e+06   5.0781250e+01
   7.1909030e+06   3.2714844e+01
   7.1909310e+06   3.7902832e+01
   7.1910240e+06   3.3081055e+01
   7.1912720e+06   4.4189453e+01
   7.2687680e+06   3.2409668e+01
   7.2695260e+06   3.3508301e+01
   7.2946250e+06   3.4484863e+01
   7.3871450e+06   3.5888672e+01
   7.3872520e+06   4.0039062e+01
   7.3873200e+06   3.8269043e+01
   7.3873510e+06   3.4729004e+01
   7.3873750e+06   3.5644531e+01
   7.3873970e+06   6.3537598e+01
   7.3874370e+06   3.4912109e+01
   7.3874830e+06   3.4484863e+01
   7.3874930e+06   6.0119629e+01
   7.3875710e+06   3.2165527e+01
   7.3877030e+06   3.4301758e+01
   7.3877800e+06   3.4057617e+01
   7.4231330e+06   3.2348633e+01
   7.4682420e+06   3.2592773e+01
   7.4683320e+06   3.3569336e+01
   7.4696730e+06   4.0161133e+01
   7.4825810e+06   5.2185059e+01
   7.4825990e+06   4.0405273e+01
   7.4826200e+06   4.5593262e+01
   7.4826600e+06   3.7170410e+01
   7.4826730e+06   3.5705566e+01
   7.4826890e+06   4.5532227e+01
   7.4827190e+06   8.3557129e+01
   7.4827370e+06   4.2968750e+01
   7.4827560e+06   3.6254883e+01
   7.4827710e+06   3.6376953e+01
   7.4827870e+06   4.2663574e+01
   7.4828010e+06   5.4138184e+01
   7.4828430e+06   4.9560547e+01
   7.4828720e+06   3.5156250e+01
   7.4828980e+06   3.5827637e+01
   7.4829130e+06   4.1198730e+01
   7.4829300e+06   5.4626465e+01
   7.4829550e+06   3.5949707e+01
   7.4829970e+06   3.9489746e+01
   7.4830430e+06   3.6560059e+01
   7.4830770e+06   5.3344727e+01
   7.4830920e+06   4.3029785e+01
   7.4831200e+06   5.0354004e+01
   7.4831570e+06   3.3935547e+01
   7.4831810e+06   3.3691406e+01
   7.4832480e+06   3.5156250e+01
   7.4833390e+06   4.7058105e+01
   7.4834320e+06   3.2714844e+01
   7.4834580e+06   3.2287598e+01
   7.4835150e+06   3.7292480e+01
   7.4835890e+06   3.6682129e+01
   7.4838010e+06   3.4057617e+01
   7.4839470e+06   5.4321289e+01
   7.4841530e+06   3.3447266e+01
   7.4843880e+06   3.4301758e+01
   7.4844140e+06   3.6376953e+01
   7.5429400e+06   3.7536621e+01
   7.5459760e+06   3.3569336e+01
   7.5462740e+06   3.7841797e+01
   7.5465590e+06   3.6682129e+01
   7.5465840e+06   3.3569336e+01
   7.5466630e+06   4.4006348e+01
   7.5466790e+06   4.9133301e+01
   7.5467280e+06   4.4555664e+01
   7.5467470e+06   5.2429199e+01
   7.5467710e+06   6.1889648e+01
   7.5468180e+06   3.8513184e+01
   7.5468640e+06   4.2907715e+01
   7.5468930e+06   5.8166504e+01
   7.5469230e+06   3.6499023e+01
   7.5469610e+06   4.9011230e+01
   7.5470300e+06   3.3630371e+01
   7.5470400e+06   3.5583496e+01
   7.5473680e+06   3.3630371e+01
   7.5474720e+06   3.3447266e+01
   7.5476230e+06   3.2836914e+01
   7.5478720e+06   3.3020020e+01
   7.5482090e+06   3.7536621e+01
   7.5482220e+06   4.1992188e+01
   7.5482780e+06   3.9855957e+01
   7.5484950e+06   4.2175293e+01
   7.5485240e+06   3.2653809e+01
   7.5488160e+06   3.9428711e+01
   7.6405360e+06   3.2958984e+01
   7.6410230e+06   3.5217285e+01
   7.6410830e+06   3.3874512e+01
   7.7082810e+06   3.2592773e+01
   7.7113330e+06   3.4729004e+01
   7.7981580e+06   3.6315918e+01
   7.7982050e+06   3.2470703e+01
   7.7982220e+06   3.4057617e+01
   7.7982420e+06   3.9001465e+01
   7.7982600e+06   4.8095703e+01
   7.7982880e+06   3.8330078e+01
   7.7983330e+06   6.6284180e+01
   7.7983700e+06   3.3325195e+01
   7.7984050e+06   6.9824219e+01
   7.7984270e+06   4.1809082e+01
   7.7984410e+06   3.3813477e+01
   7.7984600e+06   4.6569824e+01
   7.7984710e+06   3.4057617e+01
   7.7984970e+06   4.4189453e+01
   7.7985370e+06   3.8085938e+01
   7.7985780e+06   5.4016113e+01
   7.7985950e+06   3.3874512e+01
   7.7986340e+06   3.2226562e+01
   7.7986860e+06   4.0161133e+01
   7.7987090e+06   3.9794922e+01
   7.7987480e+06   3.9001465e+01
   7.7987810e+06   3.8452148e+01
   7.7988010e+06   3.2897949e+01
   7.7988160e+06   4.8645020e+01
   7.7989870e+06   3.3508301e+01
   7.7991030e+06   3.7719727e+01
   7.9395610e+06   4.4372559e+01
   7.9395740e+06   4.8645020e+01
   7.9396060e+06   4.2602539e+01
   7.9396350e+06   3.8574219e+01
   7.9396650e+06   5.0415039e+01
   7.9396880e+06   3.3264160e+01
   7.9397030e+06   3.9672852e+01
   7.9397230e+06   4.3212891e+01
   7.9397420e+06   7.5988770e+01
   7.9397690e+06   3.8269043e+01
   7.9397810e+06   5.6274414e+01
   7.9398210e+06   3.2958984e+01
   7.9398400e+06   3.8696289e+01
   7.9398550e+06   3.7963867e+01
   7.9398770e+06   4.2724609e+01
   7.9398890e+06   4.0893555e+01
   7.9399660e+06   4.3823242e+01
   7.9399860e+06   3.7353516e+01
   7.9400300e+06   3.7048340e+01
   7.9400550e+06   3.5766602e+01
   7.9401330e+06   3.2470703e+01
   7.9401740e+06   3.5888672e+01
   7.9401880e+06   3.7719727e+01
   7.9402170e+06   3.9550781e+01
   7.9402560e+06   3.5217285e+01
   7.9403320e+06   3.4484863e+01
   7.9403570e+06   4.3029785e+01
   7.9404310e+06   3.4362793e+01
   7.9404810e+06   3.2226562e+01
   7.9405710e+06   3.2653809e+01
   7.9408120e+06   3.8269043e+01
   7.9408900e+06   3.5583496e+01
   7.9409400e+06   3.5888672e+01
   7.9410580e+06   3.3142090e+01
   7.9410970e+06   4.2053223e+01
   7.9412650e+06   3.9794922e+01
   7.9414700e+06   4.1137695e+01
   8.0094880e+06   3.8818359e+01
   8.0095010e+06   3.5827637e+01
   8.0095120e+06   3.2714844e+01
   8.0095400e+06   5.0598145e+01
   8.0095520e+06   4.4921875e+01
   8.0095840e+06   3.7109375e+01
   8.0096040e+06   6.2194824e+01
   8.0096260e+06   8.2092285e+01
   8.0096700e+06   7.3974609e+01
   8.0096840e+06   4.6997070e+01
   8.0097030e+06   4.3640137e+01
   8.0097270e+06   3.6010742e+01
   8.0097510e+06   3.4912109e+01
   8.0097780e+06   4.1198730e+01
   8.0098390e+06   6.4025879e+01
   8.0098840e+06   3.4057617e+01
   8.0099160e+06   3.5095215e+01
   8.0099770e+06   3.2470703e+01
   8.0100650e+06   3.5949707e+01
   8.0101460e+06   3.2287598e+01
   8.0104210e+06   3.5705566e+01
   8.0105240e+06   3.4057617e+01
   8.0107000e+06   3.2958984e+01
   8.0107610e+06   3.4057617e+01
   8.0109830e+06   3.2409668e+01
   8.0113620e+06   4.9621582e+01
   8.0113730e+06   3.5095215e+01
   8.0116250e+06   3.8085938e+01
   8.1020620e+06   3.3569336e+01
   8.1021100e+06   3.8330078e+01
   8.1021640e+06   3.9733887e+01
   8.1021830e+06   5.7922363e+01
   8.1022080e+06   4.6875000e+01
   8.1022290e+06   3.9245605e+01
   8.1022400e+06   3.6315918e+01
   8.1022730e+06   5.0781250e+01
   8.1023000e+06   3.9062500e+01
   8.1023180e+06   4.1992188e+01
   8.1023500e+06   4.2236328e+01
   8.1024050e+06   5.0415039e+01
   8.1024210e+06   4.5410156e+01
   8.1024420e+06   3.5705566e+01
   8.1024970e+06   6.8054199e+01
   8.1025490e+06   5.4504395e+01
   8.1026210e+06   3.9306641e+01
   8.1026470e+06   3.6315918e+01
   8.1027490e+06   4.5654297e+01
   8.1028420e+06   3.6804199e+01
   8.1028690e+06   3.2592773e+01
   8.1029750e+06   3.2287598e+01
   8.1030400e+06   3.5949707e+01
   8.1031020e+06   3.4790039e+01
   8.1032410e+06   3.5583496e+01
   8.1035370e+06   3.6926270e+01
   8.1036230e+06   3.3447266e+01
   8.1037210e+06   3.3020020e+01
   8.1037900e+06   3.3813477e+01
   8.1040090e+06   4.1748047e+01
   8.2023920e+06   3.4729004e+01
   8.2024990e+06   3.4851074e+01
   8.2026780e+06   3.4362793e+01
   8.2030470e+06   3.7353516e+01
   8.2453790e+06   3.2470703e+01
   8.2639900e+06   3.7353516e+01
   8.2641310e+06   3.2348633e+01
   8.2680900e+06   3.2165527e+01
   8.2684240e+06   3.4545898e+01
   8.2944090e+06   3.9550781e+01
   8.2947030e+06   3.3813477e+01
   8.2947350e+06   3.2653809e+01
   8.4106020e+06   3.9184570e+01
   8.4106320e+06   4.2541504e+01
   8.4106510e+06   3.8879395e+01
   8.4106870e+06   3.5095215e+01
   8.4107370e+06   4.4311523e+01
   8.4107600e+06   4.7790527e+01
   8.4107730e+06   3.6193848e+01
   8.4108350e+06   4.2175293e+01
   8.4108460e+06   3.9733887e+01
   8.4108700e+06   5.4199219e+01
   8.4108950e+06   3.9062500e+01
   8.4109050e+06   3.4851074e+01
   8.4109260e+06   4.8095703e+01
   8.4109570e+06   5.0598145e+01
   8.4110180e+06   3.8635254e+01
   8.4110390e+06   3.7719727e+01
   8.4110880e+06   4.2602539e+01
   8.4111170e+06   3.3081055e+01
   8.4111860e+06   4.7119141e+01
   8.4112270e+06   3.9611816e+01
   8.4112380e+06   3.3447266e+01
   8.4113170e+06   3.4545898e+01
   8.4113610e+06   3.5583496e+01
   8.4114960e+06   3.8146973e+01
   8.4115390e+06   3.4423828e+01
   8.4116510e+06   3.6804199e+01
   8.4117180e+06   3.6804199e+01
   8.5487980e+06   3.3325195e+01
   8.5488140e+06   4.8522949e+01
   8.5488510e+06   4.3395996e+01
   8.5488770e+06   3.8513184e+01
   8.5489110e+06   3.7475586e+01
   8.5489380e+06   3.2897949e+01
   8.5489520e+06   4.1076660e+01
   8.5489830e+06   3.2653809e+01
   8.5490060e+06   4.7180176e+01
   8.5490200e+06   3.5156250e+01
   8.5490490e+06   3.8940430e+01
   8.5491660e+06   3.7231445e+01
   8.5491860e+06   4.2663574e+01
   8.5491990e+06   3.5522461e+01
   8.5492440e+06   3.4973145e+01
   8.5492940e+06   4.4067383e+01
   8.5493080e+06   3.3447266e+01
   8.5493330e+06   3.2653809e+01
   8.5493700e+06   4.4250488e+01
   8.5494180e+06   3.2653809e+01
   8.5495620e+06   3.9062500e+01
   8.5495810e+06   3.6132812e+01
   8.5496010e+06   3.8879395e+01
   8.5496420e+06   3.5339355e+01
   8.5496630e+06   3.3081055e+01
   8.5496940e+06   3.4606934e+01
   8.5498530e+06   4.0649414e+01
   8.5499520e+06   3.6987305e+01
   8.5499870e+06   3.6254883e+01
   8.5500110e+06   3.2897949e+01
   8.5501320e+06   4.3579102e+01
   8.5503530e+06   3.5034180e+01
   8.5507540e+06   3.2653809e+01
   8.6148600e+06   3.3386230e+01
   8.6280870e+06   3.3264160e+01
   8.6281030e+06   3.4790039e+01
   8.6281470e+06   3.7292480e+01
   8.6282120e+06   4.6447754e+01
   8.6282450e+06   5.8898926e+01
   8.6282570e+06   3.3325195e+01
   8.6283070e+06   3.5034180e+01
   8.6283280e+06   5.3100586e+01
   8.6283510e+06   4.9743652e+01
   8.6283910e+06   4.8706055e+01
   8.6284020e+06   5.6701660e+01
   8.6284340e+06   4.3823242e+01
   8.6284510e+06   4.6264648e+01
   8.6284830e+06   3.9794922e+01
   8.6285030e+06   4.0100098e+01
   8.6285460e+06   3.4118652e+01
   8.6285570e+06   3.8696289e+01
   8.6285920e+06   3.4179688e+01
   8.6286130e+06   5.8471680e+01
   8.6286490e+06   3.8635254e+01
   8.6286650e+06   4.1625977e+01
   8.6287950e+06   4.5532227e+01
   8.6288100e+06   4.2541504e+01
   8.6288390e+06   3.7048340e+01
   8.6290900e+06   4.3701172e+01
   8.6292380e+06   3.3386230e+01
   8.6294160e+06   3.6743164e+01
   8.6294330e+06   3.3081055e+01
   8.6296800e+06   3.6987305e+01
   8.6299130e+06   3.8146973e+01
   8.6301460e+06   3.3630371e+01
   8.7420590e+06   3.2470703e+01
   8.7425190e+06   3.2226562e+01
   8.7430640e+06   3.2531738e+01
   8.7440210e+06   3.3142090e+01
   8.7440460e+06   3.3325195e+01
   8.7746260e+06   3.8940430e+01
   8.7748090e+06   4.5837402e+01
   8.7748350e+06   3.9001465e+01
   8.7748550e+06   4.5349121e+01
   8.7748770e+06   3.3630371e+01
   8.7749140e+06   3.4057617e+01
   8.7749260e+06   4.2236328e+01
   8.7749630e+06   4.9316406e+01
   8.7749760e+06   6.1096191e+01
   8.7749950e+06   4.4067383e+01
   8.7750290e+06   3.2348633e+01
   8.7750420e+06   4.6081543e+01
   8.7750620e+06   3.2836914e+01
   8.7750980e+06   4.3457031e+01
   8.7751250e+06   7.1166992e+01
   8.7751680e+06   3.2470703e+01
   8.7751950e+06   3.5034180e+01
   8.7752150e+06   3.3752441e+01
   8.7752860e+06   3.6437988e+01
   8.7753100e+06   3.4545898e+01
   8.7753360e+06   3.6926270e+01
   8.7755010e+06   4.6691895e+01
   8.7755800e+06   4.5898438e+01
   8.7761780e+06   3.3325195e+01
   8.8272490e+06   3.2287598e+01
   8.8281250e+06   3.2165527e+01
   8.8903160e+06   3.7536621e+01
   8.8908500e+06   3.4423828e+01
   8.9380740e+06   3.6682129e+01
   8.9756640e+06   3.2287598e+01
   8.9766450e+06   3.3264160e+01
