   8.9970000e+06   0.0000000e+00
   2.1862000e+04   3.2165527e+01
   2.1995000e+04   3.8146973e+01
   2.2023000e+04   3.6254883e+01
   2.2071000e+04   4.9438477e+01
   2.2404000e+04   3.2897949e+01
   6.7547000e+04   3.8024902e+01
   6.7580000e+04   3.5705566e+01
   6.7691000e+04   3.4484863e+01
   1.3099300e+05   3.3691406e+01
   1.3218700e+05   3.3386230e+01
   1.3245400e+05   3.4729004e+01
   1.3936200e+05   3.7475586e+01
   2.3622100e+05   3.3264160e+01
   3.1009400e+05   3.4179688e+01
   3.1020100e+05   4.3151855e+01
   3.1049900e+05   3.6621094e+01
   3.9430700e+05   3.3752441e+01
   3.9435400e+05   4.0466309e+01
   3.9436600e+05   3.3752441e+01
   3.9439400e+05   3.2531738e+01
   3.9448400e+05   3.3203125e+01
   3.9456000e+05   3.2592773e+01
   4.9555800e+05   3.2592773e+01
   4.9646300e+05   3.5888672e+01
   5.7939400e+05   4.1320801e+01
   5.7997300e+05   3.7231445e+01
   5.8004600e+05   3.2409668e+01
   6.2912000e+05   3.4790039e+01
   6.2920200e+05   3.4667969e+01
   6.2921800e+05   3.3569336e+01
   7.2590100e+05   3.4301758e+01
   7.2593400e+05   3.7414551e+01
   7.2599500e+05   3.4790039e+01
   7.2605900e+05   3.2470703e+01
   7.2613800e+05   3.2653809e+01
   7.4798000e+05   3.7902832e+01
   7.4805400e+05   4.0283203e+01
   7.4813900e+05   3.3874512e+01
   7.4824000e+05   3.3386230e+01
   7.4856800e+05   4.1687012e+01
   7.4874800e+05   3.3203125e+01
   7.6300100e+05   3.2592773e+01
   8.3257300e+05   3.4851074e+01
   8.3347300e+05   3.2104492e+01
   9.2181900e+05   3.5339355e+01
   9.2193800e+05   3.5156250e+01
   9.2214900e+05   3.5949707e+01
   9.9149100e+05   3.3630371e+01
   9.9157300e+05   3.2409668e+01
   9.9158900e+05   3.5949707e+01
   9.9168800e+05   4.3212891e+01
   9.9176900e+05   3.9062500e+01
   1.0367860e+06   3.3874512e+01
   1.0440260e+06   3.5400391e+01
   1.1795780e+06   3.6437988e+01
   1.2347780e+06   3.2226562e+01
   1.2353720e+06   3.9794922e+01
   1.2413360e+06   3.3081055e+01
   1.2879630e+06   3.2592773e+01
   1.2880240e+06   3.9611816e+01
   1.2881040e+06   3.3142090e+01
   1.2881970e+06   3.4240723e+01
   1.3581110e+06   3.2836914e+01
   1.3602020e+06   3.7902832e+01
   1.4234870e+06   3.5217285e+01
   1.4243940e+06   3.4790039e+01
   1.4673590e+06   3.3386230e+01
   1.4680870e+06   3.7170410e+01
   1.6358030e+06   3.3691406e+01
   1.6358630e+06   4.0771484e+01
   1.6358770e+06   3.7597656e+01
   1.6359540e+06   4.5104980e+01
   1.6359710e+06   3.4851074e+01
   1.6359990e+06   3.6926270e+01
   1.6360280e+06   3.2165527e+01
   1.6360670e+06   3.3264160e+01
   1.6360870e+06   3.3752441e+01
   1.6361660e+06   3.5766602e+01
   1.6369820e+06   3.3325195e+01
   1.6792250e+06   3.4606934e+01
   1.6793720e+06   3.2470703e+01
   1.6794070e+06   3.2348633e+01
   1.6795580e+06   3.5522461e+01
   1.6796160e+06   3.5278320e+01
   1.6797810e+06   3.3813477e+01
   1.6806860e+06   3.2226562e+01
   1.6808830e+06   3.8085938e+01
   1.7053120e+06   3.3142090e+01
   1.7060050e+06   3.2226562e+01
   1.7069570e+06   3.4240723e+01
   1.7512400e+06   4.0710449e+01
   1.7513030e+06   3.5034180e+01
   1.7513160e+06   3.4118652e+01
   1.7515060e+06   3.3569336e+01
   1.7521090e+06   3.2531738e+01
   1.7521900e+06   3.3447266e+01
   1.8255270e+06   3.6987305e+01
   1.8260200e+06   3.4912109e+01
   1.8262070e+06   4.0588379e+01
   1.8989070e+06   3.3325195e+01
   1.8993490e+06   4.7851562e+01
   1.8993590e+06   3.3203125e+01
   1.8994220e+06   3.7658691e+01
   1.8994360e+06   3.3996582e+01
   1.8994790e+06   3.3447266e+01
   1.8995110e+06   3.6865234e+01
   1.8995850e+06   3.3569336e+01
   1.8996310e+06   3.2958984e+01
   1.9461740e+06   3.4179688e+01
   1.9462640e+06   3.4729004e+01
   1.9463240e+06   3.2226562e+01
   2.0119570e+06   3.5949707e+01
   2.0140260e+06   3.7231445e+01
   2.0876640e+06   3.2775879e+01
   2.1621820e+06   3.2348633e+01
   2.1623170e+06   3.3203125e+01
   2.1623990e+06   4.1076660e+01
   2.1909130e+06   3.2104492e+01
   2.1917540e+06   3.2165527e+01
   2.2626150e+06   3.4118652e+01
   2.2626490e+06   3.2897949e+01
   2.2628430e+06   3.6804199e+01
   2.2628720e+06   3.4912109e+01
   2.2630000e+06   3.3935547e+01
   2.3248190e+06   3.3752441e+01
   2.3260400e+06   3.2775879e+01
   2.3261090e+06   4.7302246e+01
   2.3261260e+06   3.2409668e+01
   2.3261540e+06   3.3630371e+01
   2.3262670e+06   3.4667969e+01
   2.3263580e+06   3.3569336e+01
   2.3554850e+06   3.9489746e+01
   2.3558120e+06   3.2653809e+01
   2.3559660e+06   3.2653809e+01
   2.3562960e+06   3.2653809e+01
   2.4323360e+06   3.9001465e+01
   2.4324040e+06   3.5583496e+01
   2.4325300e+06   3.2165527e+01
   2.4325870e+06   3.8269043e+01
   2.5215080e+06   4.1503906e+01
   2.6229990e+06   3.2775879e+01
   2.6231120e+06   3.5095215e+01
   2.6740540e+06   3.6315918e+01
   2.6756090e+06   3.2836914e+01
   2.7673150e+06   3.2470703e+01
   2.7673910e+06   3.6926270e+01
   2.8351200e+06   3.3447266e+01
   2.8356550e+06   4.2785645e+01
   2.9054170e+06   3.3142090e+01
   2.9058170e+06   3.5583496e+01
   2.9068590e+06   3.4912109e+01
   2.9994970e+06   3.3020020e+01
   2.9996160e+06   4.1442871e+01
   3.0539850e+06   3.2287598e+01
   3.0541280e+06   5.0842285e+01
   3.0542120e+06   3.3203125e+01
   3.0542510e+06   3.4301758e+01
   3.1120870e+06   3.3813477e+01
   3.1135470e+06   4.2663574e+01
   3.1947670e+06   3.3508301e+01
   3.2031990e+06   3.2592773e+01
   3.2661060e+06   3.3325195e+01
   3.2662640e+06   3.3020020e+01
   3.2666610e+06   3.3508301e+01
   3.3214120e+06   3.6071777e+01
   3.3404960e+06   3.8269043e+01
   3.3572940e+06   3.1982422e+01
   3.3575700e+06   4.7058105e+01
   3.3576940e+06   3.3874512e+01
   3.3844080e+06   3.2287598e+01
   3.3869050e+06   3.5766602e+01
   3.3933470e+06   3.4484863e+01
   3.4444020e+06   3.5766602e+01
   3.4444150e+06   5.4077148e+01
   3.4444780e+06   4.1320801e+01
   3.4445500e+06   3.3264160e+01
   3.4445890e+06   3.3020020e+01
   3.4446320e+06   3.3142090e+01
   3.4446430e+06   3.5888672e+01
   3.4447480e+06   4.3762207e+01
   3.4454000e+06   3.4118652e+01
   3.4903510e+06   4.5654297e+01
   3.4904390e+06   3.2104492e+01
   3.4904730e+06   3.3630371e+01
   3.4906070e+06   3.2714844e+01
   3.5642480e+06   3.4729004e+01
   3.5644470e+06   3.8330078e+01
   3.5644890e+06   3.1921387e+01
   3.5645090e+06   3.8146973e+01
   3.5645710e+06   3.3569336e+01
   3.5647380e+06   3.4301758e+01
   3.5647710e+06   3.2165527e+01
   3.5654770e+06   3.2836914e+01
   3.6411630e+06   3.2714844e+01
   3.6414240e+06   3.3874512e+01
   3.6430510e+06   3.2348633e+01
   3.6760060e+06   3.1982422e+01
   3.6760180e+06   3.8513184e+01
   3.6761000e+06   3.5888672e+01
   3.6761190e+06   3.9428711e+01
   3.6762550e+06   3.4484863e+01
   3.6762830e+06   3.3996582e+01
   3.6763520e+06   4.1625977e+01
   3.7646530e+06   4.2602539e+01
   3.7647830e+06   3.3203125e+01
   3.7648380e+06   3.5644531e+01
   3.7650190e+06   3.6193848e+01
   3.7653820e+06   3.6865234e+01
   3.8947530e+06   3.3081055e+01
   3.8950440e+06   3.7109375e+01
   3.9925590e+06   3.4362793e+01
   3.9928680e+06   3.3325195e+01
   3.9932370e+06   3.4118652e+01
   4.1145300e+06   3.6987305e+01
   4.1150420e+06   3.4790039e+01
   4.1334510e+06   4.4250488e+01
   4.1334850e+06   3.1921387e+01
   4.1336470e+06   3.6865234e+01
   4.1337350e+06   3.8757324e+01
   4.1340130e+06   3.3996582e+01
   4.1949040e+06   3.3691406e+01
   4.1949300e+06   4.1503906e+01
   4.1950230e+06   3.4240723e+01
   4.1951510e+06   4.3273926e+01
   4.1952180e+06   3.1860352e+01
   4.1956960e+06   3.2470703e+01
   4.1960230e+06   3.2165527e+01
   4.1960510e+06   3.2775879e+01
   4.1964930e+06   3.3081055e+01
   4.2992370e+06   3.7231445e+01
   4.2998910e+06   3.7231445e+01
   4.3001590e+06   3.7780762e+01
   4.3006610e+06   3.9855957e+01
   4.3885400e+06   3.2653809e+01
   4.3887430e+06   3.2958984e+01
   4.3888800e+06   3.3569336e+01
   4.3889700e+06   3.3508301e+01
   4.3890050e+06   3.8635254e+01
   4.3891290e+06   3.2226562e+01
   4.3892020e+06   3.1921387e+01
   4.3892500e+06   3.3203125e+01
   4.4763470e+06   3.4301758e+01
   4.4773780e+06   3.3996582e+01
   4.5486660e+06   3.2165527e+01
   4.5745410e+06   3.4118652e+01
   4.6013150e+06   3.5156250e+01
   4.6016540e+06   3.4790039e+01
   4.6017090e+06   3.7841797e+01
   4.6659100e+06   3.8757324e+01
   4.6659490e+06   3.1982422e+01
   4.6659890e+06   3.4851074e+01
   4.6660400e+06   3.1982422e+01
   4.6661270e+06   3.3508301e+01
   4.6661460e+06   3.2531738e+01
   4.6670680e+06   3.3081055e+01
   4.7582140e+06   3.5705566e+01
   4.7582800e+06   3.5766602e+01
   4.7583110e+06   7.1044922e+01
   4.7584030e+06   3.4240723e+01
   4.8332250e+06   3.7231445e+01
   4.9023500e+06   3.6682129e+01
   4.9024780e+06   3.2653809e+01
   4.9025010e+06   4.1198730e+01
   4.9025210e+06   3.4729004e+01
   4.9025710e+06   3.1799316e+01
   4.9026660e+06   4.0588379e+01
   4.9026830e+06   3.2470703e+01
   4.9029410e+06   3.4423828e+01
   4.9032880e+06   3.2714844e+01
   4.9039840e+06   3.4057617e+01
   5.0150640e+06   3.2836914e+01
   5.0152560e+06   3.6682129e+01
   5.0158610e+06   3.6193848e+01
   5.0914660e+06   3.1921387e+01
   5.0953560e+06   3.2958984e+01
   5.1048540e+06   3.4912109e+01
   5.1771510e+06   3.2470703e+01
   5.1772810e+06   4.2114258e+01
   5.1773560e+06   3.8696289e+01
   5.1774180e+06   3.5217285e+01
   5.1774470e+06   3.6621094e+01
   5.1776020e+06   3.2043457e+01
   5.1776890e+06   3.2653809e+01
   5.1780240e+06   3.3447266e+01
   5.2480380e+06   6.0241699e+01
   5.2482290e+06   3.7536621e+01
   5.2482890e+06   3.7231445e+01
   5.2483070e+06   4.2053223e+01
   5.2484260e+06   3.2470703e+01
   5.2485400e+06   3.6865234e+01
   5.2490030e+06   3.4790039e+01
   5.2491960e+06   3.5217285e+01
   5.2494320e+06   3.2348633e+01
   5.2498330e+06   3.3935547e+01
   5.2504440e+06   3.4118652e+01
   5.3681370e+06   3.2104492e+01
   5.3910860e+06   3.2836914e+01
   5.3913040e+06   3.1799316e+01
   5.3914170e+06   3.4606934e+01
   5.3933960e+06   3.4057617e+01
   5.4653850e+06   3.3264160e+01
   5.4825890e+06   3.5461426e+01
   5.4826940e+06   3.2470703e+01
   5.4827940e+06   3.2409668e+01
   5.4828240e+06   4.9987793e+01
   5.4828420e+06   3.2714844e+01
   5.6736400e+06   3.6743164e+01
   5.6737940e+06   3.1921387e+01
   5.6738850e+06   3.5461426e+01
   5.6739320e+06   4.0527344e+01
   5.6740160e+06   3.2165527e+01
   5.6740430e+06   3.3935547e+01
   5.6742170e+06   3.2897949e+01
   5.7596990e+06   3.2165527e+01
   5.8016820e+06   3.3142090e+01
   5.8017570e+06   3.4362793e+01
   5.8044790e+06   3.2531738e+01
   5.8391280e+06   3.4179688e+01
   5.8406450e+06   3.7658691e+01
   5.8924800e+06   3.6743164e+01
   5.8926000e+06   3.9489746e+01
   5.8927780e+06   3.2775879e+01
   5.8929140e+06   3.1860352e+01
   5.8929450e+06   3.2531738e+01
   5.9710680e+06   3.6499023e+01
   5.9711820e+06   3.3935547e+01
   5.9713790e+06   3.4118652e+01
   5.9713960e+06   5.5603027e+01
   5.9714620e+06   4.1015625e+01
   5.9714730e+06   3.6682129e+01
   5.9716320e+06   3.4240723e+01
   6.0635010e+06   3.3508301e+01
   6.0658010e+06   3.2775879e+01
   6.1362690e+06   3.2531738e+01
   6.1365470e+06   3.3264160e+01
   6.1370540e+06   3.3325195e+01
   6.1408700e+06   3.5766602e+01
   6.2060540e+06   4.3457031e+01
   6.2061550e+06   3.7841797e+01
   6.2064760e+06   3.5034180e+01
   6.2066490e+06   3.4118652e+01
   6.2071630e+06   3.4790039e+01
   6.2685760e+06   3.2714844e+01
   6.2765240e+06   4.7546387e+01
   6.2766080e+06   3.4973145e+01
   6.2766680e+06   3.6437988e+01
   6.2767460e+06   3.3386230e+01
   6.2767900e+06   3.3813477e+01
   6.4052990e+06   3.2714844e+01
   6.4554110e+06   3.3386230e+01
   6.4554250e+06   3.2165527e+01
   6.4555360e+06   3.5095215e+01
   6.4555540e+06   3.1982422e+01
   6.4556110e+06   3.3813477e+01
   6.4556760e+06   3.5400391e+01
   6.4556900e+06   3.2348633e+01
   6.5486330e+06   3.6254883e+01
   6.6220210e+06   3.3569336e+01
   6.6935800e+06   3.2287598e+01
   6.7592820e+06   3.4362793e+01
   6.7597030e+06   3.4484863e+01
   6.8074320e+06   3.9123535e+01
   6.8077710e+06   3.2775879e+01
   6.8293720e+06   3.8574219e+01
   6.8300420e+06   3.2714844e+01
   6.8391360e+06   3.6376953e+01
   6.8392480e+06   3.5034180e+01
   6.8392790e+06   3.2165527e+01
   6.8393320e+06   3.9367676e+01
   6.8395000e+06   3.6193848e+01
   6.8395460e+06   3.6560059e+01
   6.8400370e+06   3.2287598e+01
   6.8415810e+06   3.3813477e+01
   6.8932710e+06   3.2775879e+01
   6.8933680e+06   3.5156250e+01
   6.8933940e+06   3.6132812e+01
   6.8934200e+06   3.2287598e+01
   6.8934970e+06   3.3264160e+01
   6.8935340e+06   3.7963867e+01
   6.8935940e+06   3.6254883e+01
   6.8936500e+06   3.2531738e+01
   6.8939990e+06   3.6193848e+01
   6.8952830e+06   3.8696289e+01
   6.9041680e+06   3.2714844e+01
   6.9755070e+06   3.6621094e+01
   6.9775770e+06   3.4606934e+01
   7.1901510e+06   3.5461426e+01
   7.1902520e+06   3.3935547e+01
   7.1904680e+06   3.8818359e+01
   7.1904780e+06   3.3752441e+01
   7.1905050e+06   3.2226562e+01
   7.1905460e+06   3.2531738e+01
   7.1905800e+06   3.9489746e+01
   7.2951780e+06   3.3691406e+01
   7.2961860e+06   3.7292480e+01
   7.3439270e+06   3.2348633e+01
   7.3872370e+06   3.4179688e+01
   7.3873770e+06   3.9489746e+01
   7.3874190e+06   3.9916992e+01
   7.3875030e+06   3.2043457e+01
   7.4826920e+06   3.6010742e+01
   7.4827430e+06   3.7963867e+01
   7.4828620e+06   3.5888672e+01
   7.4828950e+06   5.0781250e+01
   7.4832260e+06   3.4179688e+01
   7.4848020e+06   3.2226562e+01
   7.5427970e+06   3.1982422e+01
   7.5449240e+06   3.3630371e+01
   7.5464880e+06   3.2165527e+01
   7.5465380e+06   3.2287598e+01
   7.5466530e+06   4.5898438e+01
   7.5467570e+06   3.7658691e+01
   7.5469250e+06   3.2714844e+01
   7.5479120e+06   3.2165527e+01
   7.5490130e+06   3.5461426e+01
   7.6399730e+06   3.2592773e+01
   7.6403970e+06   3.6010742e+01
   7.7087290e+06   3.3325195e+01
   7.7110260e+06   3.2531738e+01
   7.7122370e+06   3.5278320e+01
   7.7578680e+06   3.2775879e+01
   7.7979910e+06   3.7048340e+01
   7.7980570e+06   3.4545898e+01
   7.7983120e+06   3.2104492e+01
   7.7983270e+06   3.3752441e+01
   7.7983810e+06   3.6193848e+01
   7.7985060e+06   4.3457031e+01
   7.8364140e+06   3.6315918e+01
   7.9395930e+06   3.8269043e+01
   7.9396390e+06   3.9367676e+01
   7.9397230e+06   3.3081055e+01
   7.9397440e+06   3.2226562e+01
   7.9397900e+06   3.2470703e+01
   7.9398060e+06   3.2470703e+01
   7.9399520e+06   3.4484863e+01
   8.0095550e+06   3.7231445e+01
   8.0095710e+06   4.0344238e+01
   8.0096160e+06   3.9001465e+01
   8.0096990e+06   4.0832520e+01
   8.0097920e+06   3.2226562e+01
   8.0113500e+06   3.6010742e+01
   8.0119660e+06   3.4362793e+01
   8.1021710e+06   3.5888672e+01
   8.1021810e+06   4.6813965e+01
   8.1022160e+06   3.4362793e+01
   8.1022460e+06   3.6499023e+01
   8.1022950e+06   3.2653809e+01
   8.1023560e+06   3.3264160e+01
   8.1023880e+06   3.7231445e+01
   8.1024630e+06   3.4545898e+01
   8.1025220e+06   3.3569336e+01
   8.1026140e+06   3.3386230e+01
   8.1032930e+06   3.2226562e+01
   8.1045950e+06   3.2409668e+01
   8.2020020e+06   3.4301758e+01
   8.2021290e+06   3.3081055e+01
   8.2630040e+06   3.5217285e+01
   8.2944380e+06   3.4423828e+01
   8.3370020e+06   3.3874512e+01
   8.3384810e+06   3.2287598e+01
   8.3390280e+06   3.3874512e+01
   8.4106560e+06   3.3813477e+01
   8.4107280e+06   3.5461426e+01
   8.4108240e+06   3.2226562e+01
   8.4108650e+06   3.7109375e+01
   8.4108770e+06   3.3142090e+01
   8.4109270e+06   3.7109375e+01
   8.4110100e+06   3.4362793e+01
   8.4110230e+06   3.3447266e+01
   8.4113250e+06   3.5705566e+01
   8.4685700e+06   3.2470703e+01
   8.4692550e+06   3.3813477e+01
   8.4707150e+06   3.2836914e+01
   8.5433730e+06   3.6621094e+01
   8.5488290e+06   3.2165527e+01
   8.5490330e+06   3.3996582e+01
   8.5491200e+06   4.4250488e+01
   8.5491300e+06   3.5156250e+01
   8.5492160e+06   3.2653809e+01
   8.6281190e+06   3.6010742e+01
   8.6281560e+06   3.8574219e+01
   8.6282850e+06   3.6621094e+01
   8.6283340e+06   3.3386230e+01
   8.6284960e+06   4.2297363e+01
   8.6285430e+06   4.8889160e+01
   8.6285980e+06   3.3386230e+01
   8.6293390e+06   3.2531738e+01
   8.7423370e+06   3.8269043e+01
   8.7425010e+06   3.3447266e+01
   8.7746300e+06   3.5644531e+01
   8.7748630e+06   3.3996582e+01
   8.7749120e+06   4.2602539e+01
   8.7749670e+06   4.0405273e+01
   8.7749860e+06   3.8879395e+01
   8.8253630e+06   3.6743164e+01
   8.8910960e+06   3.3752441e+01
   8.8918290e+06   3.2775879e+01
   8.8925150e+06   3.2226562e+01
   8.9381960e+06   3.2409668e+01
