   8.9970000e+06   0.0000000e+00
   2.1936000e+04   1.4532471e+02
   2.1970000e+04   1.3055420e+02
   2.2047000e+04   1.1419678e+02
   2.2065000e+04   5.7067871e+01
   2.2102000e+04   1.2963867e+02
   2.2203000e+04   1.1285400e+02
   2.2592000e+04   1.3598633e+02
   3.1012800e+05   1.4312744e+02
   3.1019500e+05   1.2109375e+02
   3.1021700e+05   4.4921875e+01
   3.1024700e+05   1.1743164e+02
   3.1030100e+05   1.0528564e+02
   3.1031900e+05   4.3457031e+01
   3.1036200e+05   8.3251953e+01
   3.1042500e+05   1.0974121e+02
   3.1049700e+05   1.0711670e+02
   3.1065500e+05   4.2541504e+01
   3.1071800e+05   1.1547852e+02
   3.1085900e+05   1.1260986e+02
   3.9420400e+05   1.4324951e+02
   3.9424900e+05   1.3024902e+02
   3.9432800e+05   9.4543457e+01
   3.9435500e+05   4.5471191e+01
   3.9439100e+05   1.1706543e+02
   3.9441900e+05   4.5654297e+01
   3.9444100e+05   1.2286377e+02
   3.9450100e+05   1.0546875e+02
   3.9455400e+05   9.2102051e+01
   3.9465100e+05   1.1376953e+02
   3.9471800e+05   1.0461426e+02
   3.9478800e+05   7.9650879e+01
   3.9485700e+05   7.7758789e+01
   3.9493200e+05   9.4482422e+01
   3.9502200e+05   9.0576172e+01
   3.9512400e+05   8.3618164e+01
   3.9521100e+05   7.9956055e+01
   3.9530300e+05   7.0495605e+01
   3.9538700e+05   6.6345215e+01
   3.9547100e+05   7.8918457e+01
   3.9556800e+05   8.0566406e+01
   3.9564400e+05   6.0119629e+01
   3.9573500e+05   8.8073730e+01
   3.9582300e+05   6.4758301e+01
   3.9592200e+05   6.8786621e+01
   3.9604300e+05   7.1960449e+01
   3.9616200e+05   7.2448730e+01
   3.9633800e+05   7.3242188e+01
   4.9561700e+05   1.3903809e+02
   5.7976400e+05   1.2530518e+02
   5.7987500e+05   1.3763428e+02
   5.8006800e+05   1.2719727e+02
   6.2903100e+05   1.3812256e+02
   6.2910600e+05   1.1682129e+02
   6.2913600e+05   4.2785645e+01
   6.2917800e+05   1.0894775e+02
   6.2921400e+05   4.2907715e+01
   6.2924600e+05   1.0546875e+02
   6.2936600e+05   1.0241699e+02
   6.2947900e+05   9.8022461e+01
   6.2948900e+05   4.1931152e+01
   6.2969300e+05   1.1175537e+02
   7.2571700e+05   1.2030029e+02
   7.2577100e+05   1.1932373e+02
   7.2588100e+05   1.0839844e+02
   7.2589100e+05   4.7302246e+01
   7.2594000e+05   1.0815430e+02
   7.2603100e+05   8.1604004e+01
   7.2605400e+05   4.4555664e+01
   7.2612400e+05   1.0455322e+02
   7.2618300e+05   8.7524414e+01
   7.2625300e+05   1.0241699e+02
   7.2631600e+05   9.0515137e+01
   7.2641000e+05   1.0180664e+02
   7.2649000e+05   8.6730957e+01
   7.2660700e+05   9.1674805e+01
   7.2670500e+05   9.1674805e+01
   7.2680500e+05   8.5266113e+01
   7.2691900e+05   7.6416016e+01
   7.2701600e+05   8.9965820e+01
   7.2710900e+05   7.9101562e+01
   7.2722600e+05   8.6120605e+01
   7.2733300e+05   8.6486816e+01
   7.2746500e+05   1.0437012e+02
   7.4780800e+05   1.2231445e+02
   7.4789700e+05   1.2939453e+02
   7.4796700e+05   1.0388184e+02
   7.4798600e+05   5.5725098e+01
   7.4803300e+05   1.0626221e+02
   7.4807100e+05   4.5104980e+01
   7.4810600e+05   1.0290527e+02
   7.4816900e+05   9.3566895e+01
   7.4823800e+05   8.9843750e+01
   7.4828900e+05   8.6364746e+01
   7.4834500e+05   7.7453613e+01
   7.4840100e+05   7.7453613e+01
   7.4846700e+05   7.5622559e+01
   7.4851700e+05   8.1420898e+01
   7.4856000e+05   4.6325684e+01
   7.4857500e+05   6.9030762e+01
   7.4862800e+05   7.4645996e+01
   7.4868400e+05   5.9082031e+01
   7.4873700e+05   4.8034668e+01
   7.4879900e+05   6.7993164e+01
   7.4885900e+05   6.1157227e+01
   7.4892400e+05   5.8532715e+01
   7.4900600e+05   5.5236816e+01
   7.4908100e+05   7.4890137e+01
   7.4914900e+05   4.9499512e+01
   7.4921900e+05   6.5551758e+01
   7.4930700e+05   5.1940918e+01
   7.4941500e+05   6.3720703e+01
   7.4952200e+05   6.6345215e+01
   7.4962100e+05   5.9082031e+01
   7.4974600e+05   5.4382324e+01
   7.4985500e+05   7.0251465e+01
   7.4997700e+05   5.9692383e+01
   7.5011600e+05   6.9641113e+01
   7.5031600e+05   7.0434570e+01
   9.2175600e+05   1.2725830e+02
   9.2180100e+05   1.2438965e+02
   9.2185800e+05   1.1730957e+02
   9.2192000e+05   1.2048340e+02
   9.2193200e+05   5.6884766e+01
   9.2204500e+05   9.5397949e+01
   9.2210900e+05   1.1364746e+02
   9.2217300e+05   4.6813965e+01
   9.2219500e+05   1.0906982e+02
   9.2225100e+05   8.2031250e+01
   9.2231900e+05   9.2895508e+01
   9.2248300e+05   1.0467529e+02
   9.2261500e+05   1.0546875e+02
   9.2274600e+05   8.3007812e+01
   9.2285900e+05   8.7341309e+01
   9.2295600e+05   8.7707520e+01
   9.2304900e+05   7.8979492e+01
   9.2317000e+05   8.0627441e+01
   9.2326600e+05   9.3872070e+01
   9.2339000e+05   7.6110840e+01
   9.2351200e+05   8.1970215e+01
   9.2365100e+05   8.8378906e+01
   9.9146400e+05   1.2335205e+02
   9.9151400e+05   1.2469482e+02
   9.9157500e+05   1.0894775e+02
   9.9159100e+05   5.3344727e+01
   9.9164300e+05   1.0064697e+02
   9.9169900e+05   9.9731445e+01
   9.9175200e+05   8.7890625e+01
   9.9183400e+05   1.0961914e+02
   9.9188600e+05   9.5397949e+01
   9.9194900e+05   8.4350586e+01
   9.9201000e+05   9.3627930e+01
   9.9209000e+05   1.0974121e+02
   9.9216800e+05   8.6791992e+01
   9.9228500e+05   8.2153320e+01
   9.9236200e+05   7.3425293e+01
   9.9245800e+05   9.4482422e+01
   9.9258600e+05   7.7331543e+01
   9.9266600e+05   7.1533203e+01
   9.9277300e+05   6.7749023e+01
   9.9285100e+05   6.3659668e+01
   9.9293800e+05   7.8979492e+01
   9.9302200e+05   6.4819336e+01
   9.9311600e+05   8.0200195e+01
   9.9320900e+05   7.0312500e+01
   9.9333900e+05   8.2946777e+01
   9.9355800e+05   6.6101074e+01
   1.1793950e+06   1.2298584e+02
   1.1794650e+06   1.1907959e+02
   1.1795240e+06   1.0540771e+02
   1.1795980e+06   1.0394287e+02
   1.1799070e+06   1.3055420e+02
   1.2878790e+06   1.2847900e+02
   1.2879430e+06   1.2243652e+02
   1.2880130e+06   1.0760498e+02
   1.2880560e+06   4.9926758e+01
   1.2881050e+06   1.2774658e+02
   1.2881170e+06   4.8217773e+01
   1.2881710e+06   4.3945312e+01
   1.2882500e+06   9.4543457e+01
   1.2884300e+06   1.0607910e+02
   1.2885040e+06   1.0736084e+02
   1.2887270e+06   9.7900391e+01
   1.4685420e+06   4.1992188e+01
   1.6357380e+06   1.2744141e+02
   1.6357830e+06   9.6496582e+01
   1.6358480e+06   1.1932373e+02
   1.6358710e+06   5.1574707e+01
   1.6359190e+06   1.0778809e+02
   1.6359860e+06   1.1322021e+02
   1.6359960e+06   4.2541504e+01
   1.6360410e+06   9.3566895e+01
   1.6361380e+06   9.4543457e+01
   1.6361990e+06   8.7158203e+01
   1.6362910e+06   9.7900391e+01
   1.6363700e+06   8.9050293e+01
   1.6364570e+06   9.7778320e+01
   1.6365560e+06   9.4604492e+01
   1.6366710e+06   9.1125488e+01
   1.6367550e+06   8.0749512e+01
   1.6367740e+06   4.2175293e+01
   1.6368470e+06   8.8745117e+01
   1.6369700e+06   7.8186035e+01
   1.6370940e+06   7.6049805e+01
   1.6372610e+06   7.8552246e+01
   1.6791730e+06   1.2567139e+02
   1.6792500e+06   1.3757324e+02
   1.6792870e+06   5.1086426e+01
   1.6793090e+06   1.0235596e+02
   1.6793640e+06   1.0058594e+02
   1.6794200e+06   8.9416504e+01
   1.6794790e+06   7.2998047e+01
   1.6795280e+06   9.1003418e+01
   1.6795750e+06   7.5073242e+01
   1.6796320e+06   8.0444336e+01
   1.6796780e+06   7.8430176e+01
   1.6797320e+06   5.6091309e+01
   1.6797970e+06   6.1950684e+01
   1.6798630e+06   6.4819336e+01
   1.6799230e+06   6.9458008e+01
   1.6799610e+06   4.2114258e+01
   1.6799950e+06   5.5358887e+01
   1.6800800e+06   7.0312500e+01
   1.6801540e+06   5.4504395e+01
   1.6802170e+06   4.6813965e+01
   1.6802820e+06   4.9255371e+01
   1.6803550e+06   5.3222656e+01
   1.6804460e+06   5.9387207e+01
   1.6805260e+06   5.8959961e+01
   1.6806040e+06   6.3293457e+01
   1.6806980e+06   6.5979004e+01
   1.6807840e+06   5.3222656e+01
   1.6809860e+06   5.5541992e+01
   1.6811430e+06   7.0861816e+01
   1.6812280e+06   7.1472168e+01
   1.6814330e+06   6.4575195e+01
   1.7058950e+06   1.3043213e+02
   1.7511000e+06   1.2634277e+02
   1.7511490e+06   4.2541504e+01
   1.7511680e+06   1.3598633e+02
   1.7512170e+06   1.2316895e+02
   1.7512290e+06   5.6945801e+01
   1.7512660e+06   9.1491699e+01
   1.7512900e+06   4.6386719e+01
   1.7513230e+06   8.2946777e+01
   1.7513780e+06   1.0589600e+02
   1.7514360e+06   1.0302734e+02
   1.7514820e+06   7.6232910e+01
   1.7515010e+06   4.3640137e+01
   1.7515450e+06   8.9111328e+01
   1.7515950e+06   5.5664062e+01
   1.7516520e+06   5.9753418e+01
   1.7517150e+06   7.3669434e+01
   1.7517810e+06   6.7260742e+01
   1.7518580e+06   6.5124512e+01
   1.7519160e+06   6.1218262e+01
   1.7519920e+06   7.5927734e+01
   1.7520790e+06   7.6660156e+01
   1.7521680e+06   6.5979004e+01
   1.7522490e+06   6.0119629e+01
   1.7523400e+06   6.7199707e+01
   1.7524480e+06   5.4260254e+01
   1.7525620e+06   6.4941406e+01
   1.7527090e+06   7.3364258e+01
   1.8991910e+06   1.3616943e+02
   1.8992430e+06   1.2329102e+02
   1.8993070e+06   1.1962891e+02
   1.8993230e+06   5.4565430e+01
   1.8994180e+06   1.1816406e+02
   1.8994860e+06   1.0003662e+02
   1.8996200e+06   1.1480713e+02
   1.9460360e+06   1.4184570e+02
   1.9460990e+06   1.2530518e+02
   1.9461590e+06   1.1212158e+02
   1.9463360e+06   1.2921143e+02
   2.1621510e+06   1.1578369e+02
   2.1623890e+06   1.4044189e+02
   2.1624030e+06   4.8522949e+01
   2.2625020e+06   1.2261963e+02
   2.2625740e+06   9.4177246e+01
   2.2626700e+06   1.4984131e+02
   2.2627420e+06   1.1395264e+02
   2.2628800e+06   9.1735840e+01
   2.3260520e+06   1.2969971e+02
   2.3261180e+06   1.2695313e+02
   2.3261310e+06   4.9743652e+01
   2.3261850e+06   1.2225342e+02
   2.3262330e+06   4.3823242e+01
   2.3262940e+06   4.5898438e+01
   2.3263420e+06   1.1499023e+02
   2.3264480e+06   1.2194824e+02
   2.3265760e+06   1.1309814e+02
   2.3266900e+06   1.1730957e+02
   2.3268960e+06   1.1535645e+02
   2.3271040e+06   1.0388184e+02
   2.3550810e+06   4.7302246e+01
   2.3553950e+06   1.1846924e+02
   2.3555180e+06   1.2780762e+02
   2.3555780e+06   1.1163330e+02
   2.3556220e+06   4.4433594e+01
   2.3556440e+06   1.1212158e+02
   2.3557140e+06   1.2414551e+02
   2.3557770e+06   1.0577393e+02
   2.3558670e+06   1.1267090e+02
   2.3559300e+06   1.0144043e+02
   2.3559960e+06   9.2346191e+01
   2.3560680e+06   8.9904785e+01
   2.3561300e+06   6.6284180e+01
   2.3561990e+06   7.2875977e+01
   2.3562610e+06   8.2885742e+01
   2.3563370e+06   6.5673828e+01
   2.3564120e+06   6.9946289e+01
   2.3564920e+06   7.2143555e+01
   2.3565720e+06   7.2326660e+01
   2.3567210e+06   6.0791016e+01
   2.3568440e+06   7.7636719e+01
   2.3569450e+06   7.3486328e+01
   2.3571130e+06   7.6416016e+01
   2.3572160e+06   8.2336426e+01
   2.4322650e+06   1.3409424e+02
   2.4323290e+06   1.2872314e+02
   2.4323880e+06   1.2005615e+02
   2.4324570e+06   9.6435547e+01
   2.4325050e+06   1.0882568e+02
   2.4325580e+06   8.6914062e+01
   2.4326200e+06   9.6130371e+01
   2.4326690e+06   9.3383789e+01
   2.4326860e+06   4.2297363e+01
   2.4327560e+06   8.6547852e+01
   2.4328170e+06   8.6975098e+01
   2.4328960e+06   8.8928223e+01
   2.4329900e+06   8.9599609e+01
   2.4330810e+06   8.7646484e+01
   2.4331470e+06   6.5856934e+01
   2.4332750e+06   7.2570801e+01
   2.4334090e+06   9.3078613e+01
   2.4335390e+06   9.3811035e+01
   2.4337100e+06   8.1176758e+01
   2.4338800e+06   7.5744629e+01
   2.4340630e+06   8.0139160e+01
   2.5212780e+06   1.2957764e+02
   2.5213450e+06   1.0394287e+02
   2.5214130e+06   1.1303711e+02
   2.5214780e+06   1.0784912e+02
   2.5215140e+06   4.4921875e+01
   2.5215370e+06   1.1431885e+02
   2.5216350e+06   9.3933105e+01
   2.5217090e+06   9.3200684e+01
   2.5218170e+06   9.9060059e+01
   2.5219560e+06   9.2285156e+01
   2.5221280e+06   8.6242676e+01
   2.5222620e+06   1.0040283e+02
   2.5223980e+06   9.4055176e+01
   2.5224210e+06   4.3762207e+01
   2.5226600e+06   9.7656250e+01
   2.7672000e+06   1.5008545e+02
   2.8353390e+06   1.2884521e+02
   2.9994200e+06   1.2176514e+02
   2.9994720e+06   1.2487793e+02
   3.0539630e+06   1.1029053e+02
   3.0541490e+06   4.5593262e+01
   3.0541590e+06   4.2907715e+01
   3.0542160e+06   1.2811279e+02
   3.0543060e+06   1.1016846e+02
   3.2012110e+06   4.5776367e+01
   3.2659220e+06   1.3922119e+02
   3.2660270e+06   1.4404297e+02
   3.2660920e+06   4.4616699e+01
   3.2661250e+06   1.0632324e+02
   3.2661880e+06   1.0736084e+02
   3.2662770e+06   1.1175537e+02
   3.3574290e+06   1.1163330e+02
   3.3575320e+06   1.2744141e+02
   3.3576660e+06   1.2426758e+02
   3.3577240e+06   4.2846680e+01
   3.4443360e+06   1.1633301e+02
   3.4444210e+06   1.2469482e+02
   3.4444620e+06   4.7668457e+01
   3.4444950e+06   1.1914062e+02
   3.4445070e+06   4.1931152e+01
   3.4445530e+06   5.2185059e+01
   3.4445920e+06   1.2823486e+02
   3.4446050e+06   4.1259766e+01
   3.4446570e+06   1.1395264e+02
   3.4447200e+06   1.0852051e+02
   3.4448140e+06   9.9182129e+01
   3.4448800e+06   1.0614014e+02
   3.4450390e+06   1.0949707e+02
   3.4451960e+06   9.4299316e+01
   3.4452840e+06   8.9233398e+01
   3.4455240e+06   7.7087402e+01
   3.4456440e+06   8.3984375e+01
   3.4457940e+06   8.8012695e+01
   3.4459360e+06   9.8937988e+01
   3.4902390e+06   1.3305664e+02
   3.4903250e+06   1.4440918e+02
   3.4903980e+06   9.9304199e+01
   3.4904510e+06   1.0827637e+02
   3.4905120e+06   7.7392578e+01
   3.4905680e+06   8.8806152e+01
   3.4906150e+06   7.2509766e+01
   3.4906790e+06   9.8999023e+01
   3.4907340e+06   8.1848145e+01
   3.4907990e+06   7.2021484e+01
   3.4908540e+06   6.4514160e+01
   3.4909200e+06   6.4697266e+01
   3.4909950e+06   7.1838379e+01
   3.4910610e+06   5.8471680e+01
   3.4911240e+06   6.1645508e+01
   3.4911940e+06   6.8908691e+01
   3.4912800e+06   7.2631836e+01
   3.4913580e+06   7.2204590e+01
   3.4914870e+06   6.0241699e+01
   3.4915660e+06   6.9885254e+01
   3.4916590e+06   6.9885254e+01
   3.4917440e+06   7.2509766e+01
   3.4918360e+06   5.5725098e+01
   3.4919230e+06   6.5185547e+01
   3.4920060e+06   6.1950684e+01
   3.4921640e+06   6.9213867e+01
   3.4922800e+06   7.2021484e+01
   3.4923910e+06   7.3120117e+01
   3.4925440e+06   7.6416016e+01
   3.4927350e+06   7.3120117e+01
   3.5151690e+06   4.2236328e+01
   3.5641730e+06   1.2957764e+02
   3.5642940e+06   1.1596680e+02
   3.5644040e+06   1.2847900e+02
   3.5644380e+06   4.3029785e+01
   3.5644850e+06   9.7595215e+01
   3.5645460e+06   1.0888672e+02
   3.5646050e+06   9.1430664e+01
   3.5646760e+06   9.1735840e+01
   3.5647340e+06   5.3710938e+01
   3.5647990e+06   7.9223633e+01
   3.5648700e+06   8.4594727e+01
   3.5649640e+06   9.7412109e+01
   3.5650290e+06   8.0139160e+01
   3.5651080e+06   7.3486328e+01
   3.5651880e+06   8.3679199e+01
   3.5652850e+06   8.3129883e+01
   3.5653920e+06   8.5205078e+01
   3.5655610e+06   7.4157715e+01
   3.5656920e+06   5.6213379e+01
   3.5657920e+06   7.2814941e+01
   3.5659000e+06   8.0383301e+01
   3.5660150e+06   6.7260742e+01
   3.5662110e+06   9.4543457e+01
   3.6759260e+06   1.3391113e+02
   3.6759790e+06   1.1114502e+02
   3.6760240e+06   5.0781250e+01
   3.6760520e+06   1.0607910e+02
   3.6761030e+06   1.1907959e+02
   3.6761820e+06   1.0607910e+02
   3.6762670e+06   9.5458984e+01
   3.6763320e+06   8.6730957e+01
   3.6764340e+06   9.3444824e+01
   3.6765140e+06   9.5275879e+01
   3.6766070e+06   7.6538086e+01
   3.6767960e+06   1.1413574e+02
   3.6770050e+06   8.6242676e+01
   3.6773080e+06   9.4055176e+01
   3.7646630e+06   1.1895752e+02
   4.1334200e+06   1.2322998e+02
   4.1334800e+06   1.1352539e+02
   4.1335660e+06   1.1071777e+02
   4.1336230e+06   4.4250488e+01
   4.1336480e+06   1.3714600e+02
   4.1336660e+06   4.4128418e+01
   4.1337130e+06   1.0540771e+02
   4.1337900e+06   8.4533691e+01
   4.1338790e+06   9.4055176e+01
   4.1339550e+06   8.4777832e+01
   4.1340170e+06   8.6303711e+01
   4.1340810e+06   8.9965820e+01
   4.1341700e+06   8.0383301e+01
   4.1342440e+06   1.1047363e+02
   4.1343350e+06   7.6477051e+01
   4.1344350e+06   8.2458496e+01
   4.1345290e+06   7.9833984e+01
   4.1348000e+06   8.7219238e+01
   4.1348840e+06   8.6669922e+01
   4.1350380e+06   7.5866699e+01
   4.1948920e+06   1.1846924e+02
   4.1949250e+06   4.3090820e+01
   4.1949540e+06   1.2866211e+02
   4.1949680e+06   4.4799805e+01
   4.1950020e+06   9.8693848e+01
   4.1950270e+06   5.9875488e+01
   4.1950660e+06   1.0021973e+02
   4.1951240e+06   7.9528809e+01
   4.1951460e+06   4.7485352e+01
   4.1951700e+06   8.6853027e+01
   4.1952200e+06   8.4777832e+01
   4.1952670e+06   6.7321777e+01
   4.1953210e+06   8.3557129e+01
   4.1953650e+06   4.4921875e+01
   4.1954040e+06   4.3029785e+01
   4.1954250e+06   7.5012207e+01
   4.1954810e+06   7.6721191e+01
   4.1955290e+06   6.0119629e+01
   4.1955820e+06   5.6335449e+01
   4.1956370e+06   5.2001953e+01
   4.1956860e+06   4.7180176e+01
   4.1957580e+06   5.6579590e+01
   4.1958470e+06   5.5358887e+01
   4.1959190e+06   4.8217773e+01
   4.1959950e+06   6.1218262e+01
   4.1960610e+06   4.3457031e+01
   4.1962280e+06   6.9396973e+01
   4.1963260e+06   6.0485840e+01
   4.1964270e+06   6.1828613e+01
   4.1965010e+06   4.8400879e+01
   4.1966040e+06   7.1105957e+01
   4.1967050e+06   5.2795410e+01
   4.1968020e+06   5.5236816e+01
   4.1969480e+06   7.3425293e+01
   4.1972120e+06   5.8776855e+01
   4.2999450e+06   4.4311523e+01
   4.2999700e+06   1.1834717e+02
   4.3000340e+06   1.1682129e+02
   4.3001070e+06   1.0894775e+02
   4.3001680e+06   1.0461426e+02
   4.3001840e+06   5.0048828e+01
   4.3002490e+06   1.0534668e+02
   4.3003600e+06   9.5947266e+01
   4.3004810e+06   1.1352539e+02
   4.3888650e+06   1.2542725e+02
   4.3890790e+06   1.2731934e+02
   4.6015960e+06   1.1785889e+02
   4.6017220e+06   4.4311523e+01
   4.6017490e+06   1.1114502e+02
   4.6017950e+06   4.2785645e+01
   4.6659120e+06   1.3366699e+02
   4.6659610e+06   9.8327637e+01
   4.6659870e+06   5.4626465e+01
   4.6659980e+06   4.4250488e+01
   4.6660380e+06   1.2927246e+02
   4.6660520e+06   5.1208496e+01
   4.6661280e+06   1.2371826e+02
   4.6662080e+06   1.0723877e+02
   4.6662630e+06   8.2275391e+01
   4.6663620e+06   9.2163086e+01
   4.6664260e+06   1.0791016e+02
   4.6665450e+06   8.8012695e+01
   4.6666190e+06   9.3200684e+01
   4.6666940e+06   8.1359863e+01
   4.6667590e+06   6.5490723e+01
   4.6669140e+06   8.2885742e+01
   4.6670430e+06   8.8012695e+01
   4.6671720e+06   7.5988770e+01
   4.6672710e+06   7.6110840e+01
   4.6674560e+06   9.1674805e+01
   4.6676610e+06   8.3862305e+01
   4.7581620e+06   4.6569824e+01
   4.7582000e+06   1.2817383e+02
   4.7582490e+06   1.2774658e+02
   4.7583260e+06   4.4311523e+01
   4.7583490e+06   5.1818848e+01
   4.7584070e+06   1.2042236e+02
   4.7584250e+06   4.5715332e+01
   4.7584730e+06   8.9538574e+01
   4.7585520e+06   1.0687256e+02
   4.7586060e+06   7.1716309e+01
   4.7586740e+06   8.6608887e+01
   4.7587430e+06   8.0566406e+01
   4.7588240e+06   8.7829590e+01
   4.7589220e+06   8.4533691e+01
   4.7590220e+06   9.3994141e+01
   4.7591600e+06   7.0434570e+01
   4.7592550e+06   8.0139160e+01
   4.7594950e+06   8.6364746e+01
   4.7595890e+06   8.3679199e+01
   4.7597890e+06   8.9538574e+01
   4.9022820e+06   1.1370850e+02
   4.9023410e+06   1.0693359e+02
   4.9023920e+06   4.3029785e+01
   4.9024560e+06   9.8510742e+01
   4.9024680e+06   4.3884277e+01
   4.9025130e+06   4.2358398e+01
   4.9025580e+06   1.1065674e+02
   4.9026520e+06   9.8266602e+01
   4.9026720e+06   4.9987793e+01
   4.9027140e+06   8.3740234e+01
   4.9027880e+06   8.9843750e+01
   4.9028530e+06   8.0627441e+01
   4.9029230e+06   7.3913574e+01
   4.9030020e+06   1.1145020e+02
   4.9030850e+06   8.6547852e+01
   4.9031980e+06   8.0627441e+01
   4.9033710e+06   8.8073730e+01
   4.9035410e+06   8.8500977e+01
   4.9037070e+06   8.4960938e+01
   4.9038140e+06   7.3242188e+01
   4.9040790e+06   1.0314941e+02
   5.0158410e+06   4.3090820e+01
   5.1771070e+06   1.1761475e+02
   5.1771880e+06   1.3153076e+02
   5.1772740e+06   1.1077881e+02
   5.1773560e+06   1.0888672e+02
   5.1774320e+06   9.8815918e+01
   5.1774440e+06   4.6997070e+01
   5.1775020e+06   9.7167969e+01
   5.1775550e+06   9.9609375e+01
   5.1776160e+06   7.6354980e+01
   5.1776870e+06   8.7097168e+01
   5.1777440e+06   6.7077637e+01
   5.1778020e+06   7.8918457e+01
   5.1778850e+06   8.2336426e+01
   5.1779740e+06   8.5449219e+01
   5.1780500e+06   9.0270996e+01
   5.1781200e+06   8.1848145e+01
   5.1783250e+06   8.1604004e+01
   5.1786130e+06   8.7890625e+01
   5.1787880e+06   8.7402344e+01
   5.1789900e+06   8.6914062e+01
   5.2480150e+06   1.4270020e+02
   5.2480730e+06   1.1846924e+02
   5.2481240e+06   1.1230469e+02
   5.2481740e+06   1.0595703e+02
   5.2481940e+06   4.2663574e+01
   5.2482340e+06   1.1010742e+02
   5.2482820e+06   9.9853516e+01
   5.2483120e+06   4.5593262e+01
   5.2483560e+06   8.7951660e+01
   5.2483740e+06   4.3884277e+01
   5.2484090e+06   6.8176270e+01
   5.2484190e+06   4.6813965e+01
   5.2484690e+06   7.3608398e+01
   5.2485280e+06   7.9833984e+01
   5.2485880e+06   7.4157715e+01
   5.2486420e+06   5.8471680e+01
   5.2486920e+06   6.8359375e+01
   5.2487520e+06   4.7485352e+01
   5.2488300e+06   6.7871094e+01
   5.2489380e+06   6.6406250e+01
   5.2490230e+06   7.4157715e+01
   5.2491120e+06   7.0190430e+01
   5.2491870e+06   6.7443848e+01
   5.2492730e+06   6.7871094e+01
   5.2493530e+06   7.6538086e+01
   5.2494630e+06   6.8664551e+01
   5.2496820e+06   6.0424805e+01
   5.2498870e+06   6.8908691e+01
   5.4825370e+06   1.4392090e+02
   5.4825910e+06   9.5947266e+01
   5.4826080e+06   5.0598145e+01
   5.4826500e+06   4.7546387e+01
   5.4826690e+06   9.5886230e+01
   5.4827310e+06   1.0961914e+02
   5.4828060e+06   1.0351562e+02
   5.4829450e+06   1.1016846e+02
   5.4830400e+06   9.5581055e+01
   5.4831300e+06   9.0515137e+01
   5.4832730e+06   1.0369873e+02
   5.6737430e+06   1.3037109e+02
   5.6737950e+06   1.1437988e+02
   5.6738720e+06   1.0699463e+02
   5.6738890e+06   5.1879883e+01
   5.6739150e+06   4.2175293e+01
   5.6739730e+06   1.0546875e+02
   5.6739840e+06   4.9255371e+01
   5.6740040e+06   4.5288086e+01
   5.6740560e+06   9.9792480e+01
   5.6740710e+06   4.1564941e+01
   5.6741170e+06   1.2005615e+02
   5.6742000e+06   9.3139648e+01
   5.6742640e+06   8.0566406e+01
   5.6743270e+06   8.7463379e+01
   5.6743790e+06   5.9265137e+01
   5.6744420e+06   6.8664551e+01
   5.6745110e+06   7.1228027e+01
   5.6745800e+06   6.4697266e+01
   5.6746610e+06   7.5317383e+01
   5.6747530e+06   7.8308105e+01
   5.6748640e+06   7.2448730e+01
   5.6749610e+06   6.5856934e+01
   5.6750580e+06   7.1655273e+01
   5.6751760e+06   7.5317383e+01
   5.6753020e+06   6.4819336e+01
   5.6754310e+06   7.0007324e+01
   5.6756120e+06   8.8806152e+01
   5.7736220e+06   4.1381836e+01
   5.8925640e+06   1.1505127e+02
   5.8926110e+06   1.2500000e+02
   5.8926220e+06   4.4799805e+01
   5.8926610e+06   4.2907715e+01
   5.8926790e+06   1.1303711e+02
   5.8927440e+06   1.0296631e+02
   5.8927690e+06   4.7546387e+01
   5.8928180e+06   1.0864258e+02
   5.8928800e+06   1.0742188e+02
   5.8929380e+06   9.2590332e+01
   5.8929870e+06   8.9782715e+01
   5.8930530e+06   7.9956055e+01
   5.8931140e+06   8.3129883e+01
   5.8931750e+06   7.7453613e+01
   5.8932360e+06   6.3293457e+01
   5.8933110e+06   7.4768066e+01
   5.8933710e+06   8.3862305e+01
   5.8934600e+06   8.0810547e+01
   5.8935530e+06   6.7749023e+01
   5.8936300e+06   6.7077637e+01
   5.8937620e+06   7.8247070e+01
   5.8938540e+06   6.7382812e+01
   5.8939870e+06   7.0617676e+01
   5.8941190e+06   8.0322266e+01
   5.8942210e+06   8.1420898e+01
   5.8944190e+06   7.3181152e+01
   5.8945170e+06   8.8195801e+01
   5.9712510e+06   1.2341309e+02
   5.9713080e+06   1.3067627e+02
   5.9713840e+06   1.3458252e+02
   5.9714000e+06   4.9987793e+01
   5.9714740e+06   9.7961426e+01
   5.9714870e+06   5.2551270e+01
   5.9715360e+06   1.1218262e+02
   5.9715930e+06   8.9538574e+01
   5.9716470e+06   9.5703125e+01
   5.9717110e+06   7.2570801e+01
   5.9717850e+06   8.7646484e+01
   5.9718540e+06   8.1420898e+01
   5.9719270e+06   1.0089111e+02
   5.9719940e+06   8.4716797e+01
   5.9720640e+06   7.8430176e+01
   5.9721690e+06   7.2021484e+01
   5.9722440e+06   7.4523926e+01
   5.9723380e+06   7.7453613e+01
   5.9724650e+06   7.5622559e+01
   5.9725790e+06   7.5622559e+01
   5.9727020e+06   7.5744629e+01
   5.9728570e+06   7.2509766e+01
   6.2059060e+06   4.5959473e+01
   6.2059860e+06   5.1147461e+01
   6.2060070e+06   1.3421631e+02
   6.2060550e+06   1.2829590e+02
   6.2061630e+06   1.2170410e+02
   6.2062330e+06   1.0595703e+02
   6.2063030e+06   1.0272217e+02
   6.2063730e+06   9.6252441e+01
   6.2064320e+06   7.8857422e+01
   6.2064860e+06   8.4838867e+01
   6.2065430e+06   7.6232910e+01
   6.2066080e+06   7.3913574e+01
   6.2066810e+06   7.5744629e+01
   6.2067730e+06   8.2763672e+01
   6.2068540e+06   8.4838867e+01
   6.2070240e+06   8.3679199e+01
   6.2071270e+06   6.8420410e+01
   6.2072420e+06   8.5754395e+01
   6.2074270e+06   7.3547363e+01
   6.2763790e+06   1.3763428e+02
   6.2764380e+06   1.2860107e+02
   6.2764870e+06   1.0693359e+02
   6.2764980e+06   6.9030762e+01
   6.2765490e+06   1.1712646e+02
   6.2766070e+06   1.1389160e+02
   6.2766640e+06   1.0900879e+02
   6.2767340e+06   7.8063965e+01
   6.2767850e+06   8.3129883e+01
   6.2768440e+06   9.3139648e+01
   6.2769140e+06   7.4279785e+01
   6.2769840e+06   8.2092285e+01
   6.2770500e+06   8.1298828e+01
   6.2771190e+06   6.9824219e+01
   6.2771880e+06   9.1674805e+01
   6.2772830e+06   7.9528809e+01
   6.2773920e+06   7.8674316e+01
   6.2774930e+06   8.2885742e+01
   6.2776570e+06   7.7453613e+01
   6.2777610e+06   7.7880859e+01
   6.2778840e+06   8.4350586e+01
   6.2780900e+06   7.8552246e+01
   6.4553410e+06   1.0998535e+02
   6.4553930e+06   1.2316895e+02
   6.4554560e+06   1.1767578e+02
   6.4555390e+06   9.5947266e+01
   6.4555710e+06   4.2236328e+01
   6.4556010e+06   1.0205078e+02
   6.4556130e+06   4.4982910e+01
   6.4556920e+06   1.0003662e+02
   6.4557490e+06   9.3322754e+01
   6.4557840e+06   4.8767090e+01
   6.4557990e+06   7.8735352e+01
   6.4558670e+06   9.4238281e+01
   6.4559230e+06   8.7463379e+01
   6.4560000e+06   7.4768066e+01
   6.4560720e+06   7.8613281e+01
   6.4561570e+06   9.3505859e+01
   6.4562380e+06   5.9936523e+01
   6.4563230e+06   6.5246582e+01
   6.4563850e+06   5.5847168e+01
   6.4564600e+06   6.9213867e+01
   6.4565830e+06   6.2988281e+01
   6.4566970e+06   7.6782227e+01
   6.4567750e+06   5.2429199e+01
   6.4568710e+06   6.3049316e+01
   6.4570090e+06   7.0312500e+01
   6.8390460e+06   1.4312744e+02
   6.8390950e+06   1.3226318e+02
   6.8391540e+06   5.1025391e+01
   6.8392180e+06   1.2176514e+02
   6.8392480e+06   5.4687500e+01
   6.8393350e+06   1.2438965e+02
   6.8394040e+06   9.9670410e+01
   6.8394900e+06   1.0723877e+02
   6.8395580e+06   9.6801758e+01
   6.8396260e+06   9.1247559e+01
   6.8397000e+06   8.6303711e+01
   6.8397820e+06   8.3679199e+01
   6.8398640e+06   8.5937500e+01
   6.8399870e+06   7.1044922e+01
   6.8401140e+06   7.8796387e+01
   6.8402450e+06   6.6772461e+01
   6.8405210e+06   7.7087402e+01
   6.8408130e+06   8.7036133e+01
   6.8932530e+06   1.2127686e+02
   6.8932930e+06   1.1541748e+02
   6.8933310e+06   4.1809082e+01
   6.8933490e+06   1.1730957e+02
   6.8934060e+06   4.5227051e+01
   6.8934600e+06   8.5632324e+01
   6.8934970e+06   4.2053223e+01
   6.8935180e+06   1.0357666e+02
   6.8935450e+06   4.3334961e+01
   6.8935610e+06   8.7463379e+01
   6.8935810e+06   4.6081543e+01
   6.8936210e+06   5.8105469e+01
   6.8936620e+06   6.2500000e+01
   6.8936890e+06   4.5227051e+01
   6.8937190e+06   7.7087402e+01
   6.8937660e+06   6.4086914e+01
   6.8938230e+06   5.2001953e+01
   6.8938720e+06   5.4931641e+01
   6.8939270e+06   5.7739258e+01
   6.8939990e+06   4.6569824e+01
   6.8940570e+06   4.9194336e+01
   6.8941150e+06   4.3029785e+01
   6.8941950e+06   7.0190430e+01
   6.8942660e+06   6.7749023e+01
   6.8943840e+06   6.0485840e+01
   6.8945250e+06   5.7861328e+01
   6.8946510e+06   6.0302734e+01
   6.8947390e+06   4.3457031e+01
   6.8948500e+06   6.4147949e+01
   6.8949480e+06   6.6223145e+01
   6.8950530e+06   5.6091309e+01
   6.8952180e+06   7.4890137e+01
   6.8955750e+06   5.6579590e+01
   7.1902970e+06   1.3507080e+02
   7.1903650e+06   1.1572266e+02
   7.1904310e+06   1.1907959e+02
   7.1905420e+06   1.1291504e+02
   7.1905540e+06   4.3518066e+01
   7.1906500e+06   1.1499023e+02
   7.1907640e+06   1.0473633e+02
   7.3872810e+06   1.3879395e+02
   7.3873480e+06   4.3151855e+01
   7.3874760e+06   1.0156250e+02
   7.4825820e+06   1.0498047e+02
   7.4826560e+06   1.2933350e+02
   7.4827260e+06   1.0894775e+02
   7.4827980e+06   1.0668945e+02
   7.4828590e+06   1.0028076e+02
   7.4829250e+06   1.1322021e+02
   7.4829780e+06   7.9772949e+01
   7.4830700e+06   8.4411621e+01
   7.4831270e+06   7.4157715e+01
   7.4831990e+06   7.7697754e+01
   7.4832680e+06   8.4472656e+01
   7.4833330e+06   9.1125488e+01
   7.4834260e+06   8.3251953e+01
   7.4835160e+06   6.4331055e+01
   7.4835840e+06   6.5185547e+01
   7.4836480e+06   6.1950684e+01
   7.4837590e+06   7.5561523e+01
   7.4839130e+06   7.0007324e+01
   7.4840310e+06   6.9152832e+01
   7.4841320e+06   7.5195312e+01
   7.4842480e+06   6.6345215e+01
   7.4844470e+06   7.7880859e+01
   7.4846440e+06   7.6965332e+01
   7.5464430e+06   4.3090820e+01
   7.5464710e+06   1.3494873e+02
   7.5465780e+06   1.3726807e+02
   7.5466170e+06   5.5603027e+01
   7.5466280e+06   1.1273193e+02
   7.5466910e+06   1.0913086e+02
   7.5467400e+06   1.1315918e+02
   7.5467980e+06   1.1395264e+02
   7.5468440e+06   9.4421387e+01
   7.5468790e+06   4.6203613e+01
   7.5468920e+06   8.0749512e+01
   7.5469390e+06   7.1838379e+01
   7.5469880e+06   6.1584473e+01
   7.5470410e+06   6.7993164e+01
   7.5470930e+06   5.0720215e+01
   7.5471580e+06   7.4523926e+01
   7.5472170e+06   6.3415527e+01
   7.5472730e+06   5.9204102e+01
   7.5473380e+06   6.8359375e+01
   7.5474220e+06   7.5622559e+01
   7.5475150e+06   5.9143066e+01
   7.5475930e+06   5.6762695e+01
   7.5476770e+06   5.8044434e+01
   7.5477420e+06   6.1462402e+01
   7.5478350e+06   6.2133789e+01
   7.5479280e+06   7.1472168e+01
   7.5480510e+06   5.7067871e+01
   7.5481510e+06   6.3964844e+01
   7.5482530e+06   5.2551270e+01
   7.5483600e+06   6.1218262e+01
   7.5484770e+06   5.9448242e+01
   7.7981830e+06   1.3952637e+02
   7.7982850e+06   1.1431885e+02
   7.7982980e+06   5.5053711e+01
   7.7983510e+06   1.1413574e+02
   7.7984420e+06   1.2890625e+02
   7.7985140e+06   1.0449219e+02
   7.7985360e+06   4.1870117e+01
   7.7986420e+06   1.0546875e+02
   7.7988370e+06   1.2792969e+02
   7.9395600e+06   1.4410400e+02
   7.9396270e+06   1.2115479e+02
   7.9397110e+06   1.1029053e+02
   7.9397220e+06   4.7607422e+01
   7.9397820e+06   1.0064697e+02
   7.9397990e+06   4.1992188e+01
   7.9398360e+06   8.2641602e+01
   7.9398860e+06   7.6416016e+01
   7.9399400e+06   8.5266113e+01
   7.9399830e+06   6.6284180e+01
   7.9400410e+06   8.3923340e+01
   7.9400930e+06   5.7983398e+01
   7.9401480e+06   6.0974121e+01
   7.9402110e+06   6.4758301e+01
   7.9402840e+06   6.3659668e+01
   7.9403550e+06   7.9284668e+01
   7.9404210e+06   5.9570312e+01
   7.9405120e+06   7.3181152e+01
   7.9405910e+06   5.8471680e+01
   7.9407190e+06   6.0302734e+01
   7.9408040e+06   6.7504883e+01
   7.9409480e+06   6.2438965e+01
   7.9410510e+06   6.7871094e+01
   7.9412180e+06   6.8603516e+01
   7.9413400e+06   6.2622070e+01
   7.9416050e+06   7.4768066e+01
   8.0095130e+06   1.1938477e+02
   8.0095640e+06   1.2524414e+02
   8.0095810e+06   4.4128418e+01
   8.0096120e+06   8.9233398e+01
   8.0096650e+06   7.5195312e+01
   8.0097270e+06   1.0449219e+02
   8.0097740e+06   9.3261719e+01
   8.0098160e+06   5.9997559e+01
   8.0098320e+06   4.2297363e+01
   8.0098630e+06   7.0983887e+01
   8.0099150e+06   7.0678711e+01
   8.0099290e+06   4.9865723e+01
   8.0099740e+06   5.9204102e+01
   8.0100250e+06   5.4260254e+01
   8.0100750e+06   5.0659180e+01
   8.0101230e+06   5.3894043e+01
   8.0101760e+06   5.1330566e+01
   8.0102310e+06   4.1870117e+01
   8.0103030e+06   5.7678223e+01
   8.0103750e+06   5.7800293e+01
   8.0104270e+06   5.7312012e+01
   8.0104970e+06   6.0791016e+01
   8.0105700e+06   4.7302246e+01
   8.0106460e+06   7.1228027e+01
   8.0107870e+06   6.0546875e+01
   8.0108780e+06   5.2673340e+01
   8.0110170e+06   5.6579590e+01
   8.0111070e+06   5.5419922e+01
   8.0111860e+06   6.6223145e+01
   8.0112880e+06   7.3059082e+01
   8.0113770e+06   5.9570312e+01
   8.0114930e+06   5.5480957e+01
   8.0116270e+06   6.5612793e+01
   8.1021070e+06   1.2139893e+02
   8.1021710e+06   1.2414551e+02
   8.1022170e+06   9.8205566e+01
   8.1022850e+06   1.1584473e+02
   8.1023490e+06   1.1535645e+02
   8.1023650e+06   5.0292969e+01
   8.1024040e+06   9.2224121e+01
   8.1024180e+06   4.8828125e+01
   8.1024580e+06   8.5998535e+01
   8.1025130e+06   7.4645996e+01
   8.1025650e+06   8.5632324e+01
   8.1026130e+06   8.3557129e+01
   8.1026860e+06   8.0200195e+01
   8.1027370e+06   5.4992676e+01
   8.1027930e+06   5.9753418e+01
   8.1028610e+06   6.6101074e+01
   8.1029490e+06   4.9926758e+01
   8.1030180e+06   6.7565918e+01
   8.1031170e+06   6.4025879e+01
   8.1032040e+06   5.2001953e+01
   8.1032940e+06   7.4279785e+01
   8.1033990e+06   6.3049316e+01
   8.1035530e+06   4.9499512e+01
   8.1036900e+06   5.9570312e+01
   8.1037840e+06   6.4025879e+01
   8.1038950e+06   6.2500000e+01
   8.1041840e+06   7.8491211e+01
   8.4106520e+06   1.1944580e+02
   8.4106980e+06   1.1456299e+02
   8.4107730e+06   1.1273193e+02
   8.4108070e+06   4.5043945e+01
   8.4109190e+06   1.0845947e+02
   8.4110150e+06   1.0644531e+02
   8.4110790e+06   9.3200684e+01
   8.4111470e+06   9.5520020e+01
   8.4112660e+06   9.0942383e+01
   8.4113960e+06   1.1291504e+02
   8.4115260e+06   1.0601807e+02
   8.4118230e+06   9.5336914e+01
   8.5488160e+06   1.2731934e+02
   8.5488790e+06   1.2176514e+02
   8.5489100e+06   5.0720215e+01
   8.5489380e+06   4.2602539e+01
   8.5490490e+06   1.1346436e+02
   8.5491220e+06   1.0406494e+02
   8.5492270e+06   1.1871338e+02
   8.5492910e+06   9.0637207e+01
   8.5493890e+06   9.1430664e+01
   8.5494700e+06   9.1674805e+01
   8.5496290e+06   9.2224121e+01
   8.5498120e+06   8.8439941e+01
   8.5499990e+06   8.5876465e+01
   8.5502080e+06   9.8999023e+01
   8.6281760e+06   1.1108398e+02
   8.6282220e+06   1.0607910e+02
   8.6282840e+06   1.2420654e+02
   8.6283220e+06   4.6875000e+01
   8.6283500e+06   1.1102295e+02
   8.6284070e+06   8.5021973e+01
   8.6284220e+06   5.0170898e+01
   8.6284660e+06   1.1090088e+02
   8.6284770e+06   4.2358398e+01
   8.6285230e+06   8.8256836e+01
   8.6285740e+06   8.4045410e+01
   8.6286350e+06   7.3364258e+01
   8.6286920e+06   7.3608398e+01
   8.6287560e+06   6.7321777e+01
   8.6288130e+06   7.8002930e+01
   8.6288820e+06   8.4716797e+01
   8.6289410e+06   7.7941895e+01
   8.6290180e+06   8.5998535e+01
   8.6291290e+06   6.5612793e+01
   8.6292040e+06   5.8410645e+01
   8.6293290e+06   7.2204590e+01
   8.6294100e+06   7.1166992e+01
   8.6295200e+06   6.0668945e+01
   8.6296830e+06   6.7199707e+01
   8.6298260e+06   5.7800293e+01
   8.6299360e+06   6.4941406e+01
   8.6301170e+06   6.3537598e+01
   8.7748230e+06   1.2451172e+02
   8.7748750e+06   4.3945312e+01
   8.7749060e+06   1.1254883e+02
   8.7749470e+06   4.1870117e+01
   8.7749940e+06   1.2384033e+02
   8.7750590e+06   1.0186768e+02
   8.7752190e+06   1.0241699e+02
   8.7753150e+06   1.0760498e+02
