   1.1996000e+07   0.0000000e+00
   1.3074200e+05   1.1108398e+01
   1.9544900e+05   1.1047363e+01
   1.4793690e+06   1.1779785e+01
   1.5933990e+06   1.1108398e+01
   1.8137130e+06   1.1596680e+01
   2.7078660e+06   1.2023926e+01
   3.4385730e+06   1.1718750e+01
   3.4607970e+06   1.1535645e+01
   3.8404400e+06   1.0986328e+01
   4.0830620e+06   1.0986328e+01
   4.6298000e+06   1.0986328e+01
   4.6432540e+06   1.0986328e+01
   5.5292530e+06   1.1108398e+01
   6.2224760e+06   1.1230469e+01
   6.2845530e+06   1.1474609e+01
   7.4080810e+06   1.1108398e+01
   7.5998380e+06   1.1535645e+01
   7.9084020e+06   1.1352539e+01
   8.5168210e+06   1.1474609e+01
   9.2748150e+06   1.1047363e+01
   1.1125108e+07   1.1901855e+01
