   1.1996000e+07   0.0000000e+00
   1.2166400e+05   3.3325195e+01
   1.3801300e+05   3.3386230e+01
   1.8752400e+05   3.5522461e+01
   2.3054300e+05   3.7536621e+01
   4.3772000e+05   3.6437988e+01
   4.8001700e+05   4.5898438e+01
   4.8027300e+05   3.5095215e+01
   4.8030300e+05   3.7109375e+01
   5.4790700e+05   3.8208008e+01
   5.4811400e+05   3.3325195e+01
   5.4816700e+05   3.7353516e+01
   7.0381000e+05   4.2175293e+01
   7.0386300e+05   3.7475586e+01
   7.0393200e+05   3.6743164e+01
   7.0395700e+05   3.5339355e+01
   7.0417700e+05   3.4851074e+01
   7.0423000e+05   3.6071777e+01
   7.1985200e+05   3.3630371e+01
   7.2021800e+05   4.7790527e+01
   7.2023100e+05   4.4616699e+01
   7.2029600e+05   3.4301758e+01
   8.3386000e+05   4.1503906e+01
   8.3398600e+05   3.4545898e+01
   8.3404700e+05   3.3447266e+01
   8.3412200e+05   3.7963867e+01
   8.3414700e+05   3.4667969e+01
   8.5023900e+05   3.3203125e+01
   8.5058100e+05   3.6376953e+01
   8.5059600e+05   3.9489746e+01
   8.5066300e+05   3.5461426e+01
   8.5077400e+05   4.0039062e+01
   8.5100800e+05   3.4179688e+01
   9.4309800e+05   3.5034180e+01
   9.4319300e+05   3.6437988e+01
   9.4324800e+05   3.6926270e+01
   9.4326500e+05   3.5339355e+01
   9.4332100e+05   3.3386230e+01
   9.6315600e+05   3.8574219e+01
   1.0117620e+06   4.2846680e+01
   1.0121320e+06   4.0283203e+01
   1.0121630e+06   3.5949707e+01
   1.0122770e+06   3.3203125e+01
   1.0275830e+06   3.6621094e+01
   1.0276610e+06   5.2856445e+01
   1.0277280e+06   3.3081055e+01
   1.1440770e+06   3.3813477e+01
   1.1728380e+06   3.7170410e+01
   1.1730400e+06   3.8635254e+01
   1.1731100e+06   3.4484863e+01
   1.1732190e+06   3.3264160e+01
   1.2407050e+06   3.7902832e+01
   1.2408730e+06   3.3325195e+01
   1.2688110e+06   4.1503906e+01
   1.2689040e+06   4.0527344e+01
   1.2690440e+06   3.8635254e+01
   1.2691140e+06   4.3823242e+01
   1.2903180e+06   3.6499023e+01
   1.3389380e+06   4.4372559e+01
   1.3389860e+06   4.0222168e+01
   1.3390200e+06   4.8645020e+01
   1.3390750e+06   3.5766602e+01
   1.3960470e+06   3.3508301e+01
   1.4985460e+06   3.6865234e+01
   1.5671730e+06   3.7048340e+01
   1.5900800e+06   3.5217285e+01
   1.5901500e+06   3.6071777e+01
   1.5901670e+06   4.0832520e+01
   1.5902240e+06   3.3142090e+01
   1.9134760e+06   3.5217285e+01
   1.9135340e+06   3.3874512e+01
   1.9135960e+06   3.4606934e+01
   1.9136470e+06   3.8696289e+01
   1.9136610e+06   3.5400391e+01
   1.9137420e+06   3.3447266e+01
   2.1235000e+06   3.3569336e+01
   2.1237700e+06   3.6315918e+01
   2.1238160e+06   3.3081055e+01
   2.1238690e+06   4.0405273e+01
   2.1239250e+06   3.5644531e+01
   2.1239490e+06   3.6010742e+01
   2.1241110e+06   3.3447266e+01
   2.1828130e+06   3.6437988e+01
   2.1828990e+06   3.6987305e+01
   2.1830580e+06   4.2785645e+01
   2.1832740e+06   3.4301758e+01
   2.3773980e+06   3.4362793e+01
   2.4201680e+06   4.2175293e+01
   2.4606300e+06   3.6315918e+01
   2.4607980e+06   5.4626465e+01
   2.4609880e+06   3.8574219e+01
   2.4610230e+06   3.7963867e+01
   2.4788680e+06   3.9916992e+01
   2.4789090e+06   3.9062500e+01
   2.5665390e+06   3.4301758e+01
   2.5666730e+06   3.3813477e+01
   2.5667230e+06   3.4118652e+01
   2.5667620e+06   3.5095215e+01
   2.5669390e+06   3.6010742e+01
   2.6069880e+06   4.3151855e+01
   2.6070560e+06   3.7292480e+01
   2.6744140e+06   4.7546387e+01
   2.7049010e+06   5.4626465e+01
   2.7052670e+06   3.6315918e+01
   2.7054770e+06   3.9123535e+01
   2.7057270e+06   3.9367676e+01
   2.7057700e+06   4.2663574e+01
   2.7442400e+06   3.6560059e+01
   2.7443110e+06   3.3386230e+01
   2.7443640e+06   3.3569336e+01
   2.7444170e+06   3.5034180e+01
   2.7444910e+06   3.6682129e+01
   2.8395120e+06   4.0161133e+01
   2.8396790e+06   4.1198730e+01
   2.8397310e+06   3.7170410e+01
   2.8553250e+06   3.3752441e+01
   2.8553900e+06   4.3212891e+01
   2.8669240e+06   3.4484863e+01
   2.8669780e+06   4.9926758e+01
   2.8670720e+06   3.4484863e+01
   2.9348200e+06   4.7729492e+01
   2.9349510e+06   4.8095703e+01
   2.9351900e+06   3.7841797e+01
   2.9353230e+06   3.4240723e+01
   3.0737690e+06   4.0710449e+01
   3.0738430e+06   3.4118652e+01
   3.0739510e+06   3.7902832e+01
   3.0740500e+06   3.3569336e+01
   3.0740870e+06   3.4362793e+01
   3.3643010e+06   3.5583496e+01
   3.4606460e+06   3.3325195e+01
   3.4607210e+06   3.3142090e+01
   3.4607450e+06   4.7546387e+01
   3.6515470e+06   4.1931152e+01
   3.6516360e+06   3.5888672e+01
   3.6517960e+06   3.4423828e+01
   3.6518240e+06   3.9306641e+01
   3.6518690e+06   3.6315918e+01
   3.6518820e+06   3.5400391e+01
   3.7280240e+06   4.3029785e+01
   3.7283460e+06   3.5583496e+01
   3.7284040e+06   3.5766602e+01
   3.7284180e+06   4.7119141e+01
   3.8678080e+06   3.6132812e+01
   3.8679760e+06   3.3020020e+01
   3.8686250e+06   3.4851074e+01
   3.8966390e+06   3.8024902e+01
   3.8967300e+06   4.0832520e+01
   3.8967860e+06   3.5583496e+01
   3.8968550e+06   3.4790039e+01
   3.9629880e+06   3.5339355e+01
   3.9630350e+06   3.7841797e+01
   3.9633310e+06   3.4362793e+01
   3.9753200e+06   3.4545898e+01
   4.0784340e+06   4.0039062e+01
   4.0789420e+06   3.8879395e+01
   4.0789710e+06   4.0039062e+01
   4.1928120e+06   3.5095215e+01
   4.2058410e+06   4.4372559e+01
   4.2058950e+06   3.9428711e+01
   4.2061620e+06   3.3630371e+01
   4.2064390e+06   4.0893555e+01
   4.2223250e+06   3.9794922e+01
   4.2229180e+06   4.0954590e+01
   4.2229860e+06   3.5949707e+01
   4.2230630e+06   3.8085938e+01
   4.2231090e+06   4.0405273e+01
   4.2231690e+06   3.4362793e+01
   4.3245560e+06   4.1625977e+01
   4.3246430e+06   3.6804199e+01
   4.3423070e+06   4.4555664e+01
   4.4831280e+06   4.2968750e+01
   4.4831920e+06   4.2236328e+01
   4.4832260e+06   3.6254883e+01
   4.4832810e+06   3.4057617e+01
   4.6506070e+06   4.6813965e+01
   4.6507740e+06   3.7231445e+01
   4.6508500e+06   3.3142090e+01
   4.6630930e+06   3.3691406e+01
   4.6912160e+06   3.6804199e+01
   4.7233190e+06   3.8879395e+01
   4.7233880e+06   3.4851074e+01
   4.7234270e+06   3.3142090e+01
   4.7234550e+06   3.3630371e+01
   4.7236710e+06   3.3325195e+01
   4.8153940e+06   3.7231445e+01
   4.8154910e+06   3.4057617e+01
   4.8155660e+06   3.6926270e+01
   4.8155870e+06   3.8635254e+01
   4.8156190e+06   3.7597656e+01
   4.8156440e+06   4.2236328e+01
   4.8157120e+06   3.7658691e+01
   4.8157320e+06   3.5156250e+01
   4.9105390e+06   4.7241211e+01
   4.9105940e+06   3.3020020e+01
   4.9616510e+06   3.5522461e+01
   4.9934400e+06   4.5532227e+01
   4.9935020e+06   3.5217285e+01
   4.9939240e+06   3.8635254e+01
   5.1356380e+06   4.8217773e+01
   5.1356980e+06   3.4973145e+01
   5.1357530e+06   3.4240723e+01
   5.1358980e+06   3.3203125e+01
   5.3476150e+06   4.0893555e+01
   5.3476730e+06   3.4240723e+01
   5.3476930e+06   3.6926270e+01
   5.3477460e+06   3.5034180e+01
   5.3478690e+06   3.5400391e+01
   5.3912350e+06   4.2419434e+01
   5.3920160e+06   3.5766602e+01
   5.3920330e+06   3.5400391e+01
   5.3920610e+06   3.3874512e+01
   5.5078550e+06   3.5095215e+01
   5.6233930e+06   3.5705566e+01
   5.6237730e+06   4.4677734e+01
   5.6238220e+06   5.0415039e+01
   5.7353050e+06   4.3762207e+01
   5.8713750e+06   4.4006348e+01
   5.9476680e+06   4.1564941e+01
   5.9477980e+06   3.3691406e+01
   5.9478700e+06   3.3630371e+01
   5.9480310e+06   3.3142090e+01
   6.0417350e+06   3.6987305e+01
   6.0422270e+06   3.4545898e+01
   6.0422400e+06   3.7231445e+01
   6.0424970e+06   3.6254883e+01
   6.0425080e+06   3.6865234e+01
   6.1286770e+06   4.3823242e+01
   6.1288620e+06   3.3081055e+01
   6.1289240e+06   3.3996582e+01
   6.1290640e+06   3.3752441e+01
   6.1437890e+06   3.3325195e+01
   6.1439340e+06   3.8757324e+01
   6.1439800e+06   3.6071777e+01
   6.1440410e+06   3.9978027e+01
   6.1441140e+06   3.5583496e+01
   6.1442210e+06   3.7536621e+01
   6.2500940e+06   3.4912109e+01
   6.2502720e+06   3.3020020e+01
   6.2503520e+06   3.5827637e+01
   6.2507850e+06   3.3081055e+01
   6.4044100e+06   4.3090820e+01
   6.4287480e+06   4.3273926e+01
   6.4290090e+06   3.5766602e+01
   6.4293750e+06   3.7597656e+01
   6.4294380e+06   3.4118652e+01
   6.4296410e+06   4.0405273e+01
   6.4296620e+06   3.3691406e+01
   6.4299350e+06   3.3142090e+01
   6.4441480e+06   5.0964355e+01
   6.4442220e+06   3.4912109e+01
   6.4442500e+06   3.3996582e+01
   6.4444120e+06   3.2775879e+01
   6.5818000e+06   3.3569336e+01
   6.5822170e+06   3.3508301e+01
   6.5822530e+06   3.3264160e+01
   6.6523790e+06   3.4912109e+01
   6.7163290e+06   3.5339355e+01
   6.7498780e+06   3.6926270e+01
   6.7504580e+06   4.2297363e+01
   6.7505110e+06   5.0476074e+01
   6.7507530e+06   3.6987305e+01
   6.9805510e+06   3.8513184e+01
   6.9806080e+06   3.8696289e+01
   6.9807360e+06   3.5156250e+01
   6.9808500e+06   4.0710449e+01
   7.0396570e+06   3.3264160e+01
   7.1857120e+06   4.1687012e+01
   7.1857660e+06   3.2836914e+01
   7.1857900e+06   4.4006348e+01
   7.2035430e+06   4.3090820e+01
   7.2036190e+06   3.7048340e+01
   7.2036970e+06   3.4667969e+01
   7.2995600e+06   3.5644531e+01
   7.2996130e+06   3.7292480e+01
   7.2997900e+06   3.8208008e+01
   7.3220200e+06   3.6315918e+01
   7.4672510e+06   4.1625977e+01
   7.4673230e+06   3.5156250e+01
   7.4673750e+06   3.9306641e+01
   7.4674430e+06   3.3935547e+01
   7.4684490e+06   3.4545898e+01
   7.5530980e+06   3.8635254e+01
   7.5531450e+06   3.4484863e+01
   7.5532360e+06   3.3020020e+01
   7.5723380e+06   4.7668457e+01
   7.5723630e+06   3.8879395e+01
   7.5724030e+06   3.4729004e+01
   7.5724280e+06   3.6132812e+01
   7.5724790e+06   3.4240723e+01
   7.5725340e+06   3.3935547e+01
   7.6569570e+06   3.3630371e+01
   7.6570520e+06   3.6499023e+01
   7.6802780e+06   5.7678223e+01
   7.6803250e+06   4.1320801e+01
   7.6804030e+06   3.4851074e+01
   7.6990850e+06   4.8583984e+01
   7.6991900e+06   3.9855957e+01
   7.6992790e+06   3.5522461e+01
   7.6994240e+06   3.4179688e+01
   7.8230790e+06   3.8574219e+01
   7.8231700e+06   3.4301758e+01
   7.8234520e+06   4.3945312e+01
   7.8235220e+06   3.3020020e+01
   7.8235810e+06   3.6926270e+01
   7.8238160e+06   3.4667969e+01
   7.8453100e+06   3.9794922e+01
   8.1116670e+06   3.5400391e+01
   8.1389050e+06   3.3081055e+01
   8.2410440e+06   4.5471191e+01
   8.2410700e+06   3.2714844e+01
   8.2411040e+06   4.9255371e+01
   8.2411700e+06   3.3691406e+01
   8.2412970e+06   3.5461426e+01
   8.3817540e+06   3.6315918e+01
   8.3821780e+06   4.0283203e+01
   8.3822280e+06   4.6569824e+01
   8.4040110e+06   4.1320801e+01
   8.4040370e+06   3.8452148e+01
   8.4041050e+06   3.2714844e+01
   8.4042050e+06   3.8024902e+01
   8.4042670e+06   3.5034180e+01
   8.4045850e+06   3.3142090e+01
   8.5509060e+06   3.3569336e+01
   8.5514030e+06   4.2053223e+01
   8.5514730e+06   4.5654297e+01
   8.5515250e+06   3.2958984e+01
   8.5515720e+06   3.6743164e+01
   8.7544100e+06   3.4729004e+01
   8.7544960e+06   3.3752441e+01
   8.7545540e+06   3.3020020e+01
   8.8734080e+06   4.2663574e+01
   8.9485150e+06   4.0710449e+01
   8.9490090e+06   3.9611816e+01
   8.9494550e+06   3.3264160e+01
   8.9495080e+06   3.8085938e+01
   8.9495750e+06   3.3142090e+01
   8.9496990e+06   3.2897949e+01
   8.9701630e+06   3.3569336e+01
   8.9702140e+06   3.9428711e+01
   9.1363420e+06   3.4423828e+01
   9.1364020e+06   4.6020508e+01
   9.1364430e+06   3.6132812e+01
   9.1366100e+06   3.4423828e+01
   9.1370780e+06   3.3508301e+01
   9.1372530e+06   3.2592773e+01
   9.2420880e+06   3.8269043e+01
   9.2421340e+06   3.8574219e+01
   9.2421690e+06   3.4545898e+01
   9.2421930e+06   3.9184570e+01
   9.2423090e+06   3.5461426e+01
   9.2427300e+06   3.3203125e+01
   9.2429310e+06   3.6132812e+01
   9.3588470e+06   3.4545898e+01
   9.3588950e+06   3.2836914e+01
   9.3589490e+06   4.0039062e+01
   9.3590380e+06   4.0344238e+01
   9.5959640e+06   3.9367676e+01
   9.5960190e+06   3.8574219e+01
   9.5960410e+06   3.8879395e+01
   9.5960580e+06   3.6010742e+01
   9.5961060e+06   3.3081055e+01
   9.7014580e+06   4.6386719e+01
   9.7014700e+06   4.7302246e+01
   9.7015290e+06   3.4912109e+01
   9.7015410e+06   3.3325195e+01
   9.7017300e+06   3.2958984e+01
   9.7023020e+06   3.2897949e+01
   9.7478200e+06   3.5827637e+01
   9.8102950e+06   3.9062500e+01
   9.8107950e+06   3.4057617e+01
   9.8108330e+06   4.9682617e+01
   9.8113200e+06   3.9733887e+01
   9.9158520e+06   4.3457031e+01
   9.9158980e+06   3.4912109e+01
   9.9159210e+06   3.8330078e+01
   9.9159720e+06   3.4362793e+01
   9.9164560e+06   3.4545898e+01
   9.9348270e+06   3.4667969e+01
   1.0358223e+07   4.1564941e+01
   1.0358478e+07   3.2714844e+01
   1.0509224e+07   3.6254883e+01
   1.0510175e+07   4.8706055e+01
   1.0680498e+07   4.1015625e+01
   1.0681034e+07   3.3752441e+01
   1.0681085e+07   4.0710449e+01
   1.0681117e+07   4.6203613e+01
   1.0681133e+07   4.1748047e+01
   1.0681231e+07   3.4057617e+01
   1.0701309e+07   3.2775879e+01
   1.0701390e+07   3.2836914e+01
   1.0701436e+07   3.5522461e+01
   1.0913844e+07   4.4738770e+01
   1.0914200e+07   3.7170410e+01
   1.0914457e+07   3.6682129e+01
   1.0914499e+07   4.0649414e+01
   1.1155468e+07   3.6010742e+01
   1.1155988e+07   4.2175293e+01
   1.1156352e+07   3.5400391e+01
   1.1156398e+07   5.4138184e+01
   1.1156447e+07   3.5766602e+01
   1.1156523e+07   3.3813477e+01
   1.1253178e+07   4.0100098e+01
   1.1253192e+07   3.3081055e+01
   1.1253237e+07   3.2714844e+01
   1.1253333e+07   3.4179688e+01
   1.1253355e+07   3.2958984e+01
   1.1391838e+07   3.3691406e+01
   1.1391867e+07   6.1462402e+01
   1.1391990e+07   3.4912109e+01
   1.1393007e+07   3.5339355e+01
   1.1542189e+07   3.2836914e+01
   1.1726890e+07   4.4128418e+01
   1.1727035e+07   4.2419434e+01
   1.1727067e+07   3.6132812e+01
   1.1727142e+07   3.3569336e+01
   1.1727154e+07   3.2653809e+01
   1.1727228e+07   4.0222168e+01
   1.1727261e+07   3.2958984e+01
   1.1789679e+07   5.5725098e+01
   1.1789742e+07   4.0222168e+01
   1.1789798e+07   3.4118652e+01
   1.1789992e+07   3.3630371e+01
   1.1941327e+07   3.8330078e+01
