   1.1996000e+07   0.0000000e+00
   2.2875000e+04   3.4362793e+01
   2.4075000e+04   3.5156250e+01
   2.4780000e+04   3.9306641e+01
   2.6659000e+04   3.5339355e+01
   2.6871000e+04   3.5949707e+01
   2.7146000e+04   3.3325195e+01
   2.7157000e+04   4.3273926e+01
   2.7404000e+04   3.7353516e+01
   2.7709000e+04   3.5644531e+01
   2.8265000e+04   3.8635254e+01
   2.8493000e+04   3.4240723e+01
   7.9266000e+04   3.7048340e+01
   7.9364000e+04   3.7109375e+01
   7.9402000e+04   3.6743164e+01
   7.9661000e+04   3.3996582e+01
   1.0129700e+05   4.0710449e+01
   1.0130900e+05   3.3752441e+01
   1.1811400e+05   3.3325195e+01
   1.1842400e+05   3.7048340e+01
   1.1869100e+05   4.2907715e+01
   1.2118000e+05   3.6560059e+01
   1.2338500e+05   4.1809082e+01
   1.2394400e+05   3.8024902e+01
   1.2511300e+05   3.4790039e+01
   1.2536100e+05   4.2968750e+01
   1.2558400e+05   4.2846680e+01
   1.2683500e+05   3.5034180e+01
   1.2730600e+05   3.3447266e+01
   1.2798400e+05   3.3325195e+01
   1.2853000e+05   3.5217285e+01
   1.3079600e+05   3.7841797e+01
   1.3639000e+05   3.5705566e+01
   1.8749500e+05   3.7048340e+01
   1.8753200e+05   3.7414551e+01
   1.8833100e+05   3.3386230e+01
   1.8836000e+05   3.3447266e+01
   1.8891100e+05   3.3935547e+01
   1.8934000e+05   3.3508301e+01
   1.8963600e+05   3.4484863e+01
   1.9802500e+05   3.5156250e+01
   1.9944700e+05   3.3569336e+01
   2.3054100e+05   5.8410645e+01
   2.3093500e+05   3.4484863e+01
   2.3161900e+05   3.9489746e+01
   2.3211300e+05   3.4118652e+01
   2.3257700e+05   3.6865234e+01
   2.3334900e+05   3.5522461e+01
   2.3339100e+05   3.4545898e+01
   2.3432100e+05   3.3325195e+01
   2.3491100e+05   3.3630371e+01
   2.3575600e+05   3.3447266e+01
   2.3579200e+05   3.7780762e+01
   2.3742700e+05   3.4606934e+01
   2.8649500e+05   3.4545898e+01
   2.8871800e+05   4.4250488e+01
   2.9032000e+05   3.9184570e+01
   2.9451600e+05   3.7353516e+01
   2.9606900e+05   3.4667969e+01
   2.9632400e+05   3.3386230e+01
   2.9823000e+05   3.3813477e+01
   2.9857300e+05   3.6621094e+01
   2.9868900e+05   3.3325195e+01
   3.4181200e+05   3.3264160e+01
   3.4212600e+05   6.7260742e+01
   3.4260000e+05   3.3447266e+01
   3.4318200e+05   3.3203125e+01
   3.4343800e+05   3.4851074e+01
   3.4377200e+05   3.6254883e+01
   3.4427600e+05   3.3264160e+01
   3.4478800e+05   3.3203125e+01
   3.4518900e+05   3.7475586e+01
   3.4771600e+05   3.3630371e+01
   3.4818400e+05   3.6987305e+01
   3.4872000e+05   3.3630371e+01
   3.5750300e+05   3.5644531e+01
   3.5905900e+05   3.4790039e+01
   3.5910700e+05   3.5644531e+01
   3.5912600e+05   3.4423828e+01
   3.5998300e+05   3.3508301e+01
   3.6030800e+05   3.8635254e+01
   3.6159600e+05   3.7841797e+01
   3.6161600e+05   3.3996582e+01
   4.3673000e+05   3.4362793e+01
   4.3715300e+05   3.6193848e+01
   4.3717800e+05   3.8757324e+01
   4.3748100e+05   3.3325195e+01
   4.3840500e+05   3.5278320e+01
   4.3928600e+05   3.5400391e+01
   4.3964200e+05   3.8024902e+01
   4.3965400e+05   3.8146973e+01
   4.4033700e+05   3.5339355e+01
   4.4122500e+05   3.8146973e+01
   4.4220700e+05   3.6132812e+01
   4.4420600e+05   3.9245605e+01
   4.4942500e+05   3.6315918e+01
   4.8016700e+05   7.5927734e+01
   4.8018400e+05   3.7658691e+01
   4.8021300e+05   6.9091797e+01
   4.8023500e+05   4.6020508e+01
   4.8025500e+05   5.3588867e+01
   4.8028300e+05   5.3405762e+01
   4.8030700e+05   5.2368164e+01
   4.8033100e+05   3.9245605e+01
   4.8035300e+05   3.8879395e+01
   4.8037100e+05   4.3579102e+01
   4.8038600e+05   4.3212891e+01
   4.8042100e+05   5.3283691e+01
   4.8046000e+05   3.5644531e+01
   4.8048600e+05   3.6254883e+01
   4.8053000e+05   3.3386230e+01
   4.8818300e+05   3.3508301e+01
   4.8821800e+05   3.5217285e+01
   4.8836000e+05   3.3264160e+01
   4.8904200e+05   3.4790039e+01
   4.8994600e+05   3.4118652e+01
   5.4798100e+05   7.3974609e+01
   5.4803500e+05   7.0190430e+01
   5.4806000e+05   5.2185059e+01
   5.4807300e+05   6.2438965e+01
   5.4812900e+05   3.4790039e+01
   5.4815900e+05   5.8959961e+01
   5.4818400e+05   4.6813965e+01
   5.4821500e+05   4.8583984e+01
   5.4824300e+05   6.4392090e+01
   5.4828500e+05   3.8391113e+01
   5.4830500e+05   4.0527344e+01
   5.4833400e+05   3.4545898e+01
   5.4848900e+05   3.7963867e+01
   5.4863600e+05   3.3691406e+01
   5.4866900e+05   3.4606934e+01
   5.6083100e+05   4.3212891e+01
   5.6090600e+05   3.3630371e+01
   5.6094700e+05   3.3813477e+01
   5.6115100e+05   3.5766602e+01
   5.6126000e+05   3.5156250e+01
   5.6194500e+05   4.0832520e+01
   6.2401900e+05   4.3823242e+01
   6.2437200e+05   4.5776367e+01
   6.2457100e+05   3.4851074e+01
   6.2473200e+05   3.3386230e+01
   6.2486400e+05   3.7902832e+01
   6.2497400e+05   3.3203125e+01
   6.2511500e+05   3.7292480e+01
   6.2523000e+05   3.3935547e+01
   6.2543300e+05   4.2053223e+01
   6.2589200e+05   3.6743164e+01
   6.7787800e+05   3.3569336e+01
   6.7984100e+05   3.6560059e+01
   6.7992900e+05   3.6621094e+01
   6.7998000e+05   4.2907715e+01
   6.7999900e+05   3.3691406e+01
   6.8006400e+05   4.2297363e+01
   6.8011100e+05   3.6560059e+01
   7.0382900e+05   3.4667969e+01
   7.0384600e+05   7.0678711e+01
   7.0387900e+05   5.1513672e+01
   7.0391500e+05   4.9987793e+01
   7.0392800e+05   4.5776367e+01
   7.0396900e+05   3.6071777e+01
   7.0397900e+05   4.3762207e+01
   7.0399400e+05   4.1625977e+01
   7.0406000e+05   3.8391113e+01
   7.0407400e+05   3.9001465e+01
   7.0408900e+05   4.2114258e+01
   7.0410800e+05   3.6437988e+01
   7.0412000e+05   4.8095703e+01
   7.0414100e+05   3.4667969e+01
   7.0417800e+05   4.0832520e+01
   7.0421700e+05   4.0893555e+01
   7.0423900e+05   3.5400391e+01
   7.0427200e+05   4.1137695e+01
   7.0432500e+05   3.5400391e+01
   7.0456900e+05   3.3630371e+01
   7.1999300e+05   3.5095215e+01
   7.2010500e+05   3.3996582e+01
   7.2016200e+05   3.9367676e+01
   7.2019000e+05   7.7453613e+01
   7.2020900e+05   3.8391113e+01
   7.2022400e+05   5.8715820e+01
   7.2024900e+05   4.9926758e+01
   7.2026600e+05   7.4157715e+01
   7.2028700e+05   3.5705566e+01
   7.2030800e+05   4.9316406e+01
   7.2033900e+05   4.0710449e+01
   7.2035600e+05   3.9428711e+01
   7.2039100e+05   4.9316406e+01
   7.2041100e+05   4.6875000e+01
   7.2043400e+05   3.3203125e+01
   7.2047500e+05   3.9672852e+01
   7.2050500e+05   4.2907715e+01
   7.2054000e+05   3.5095215e+01
   7.2056500e+05   3.3386230e+01
   7.2075300e+05   3.4057617e+01
   7.2077600e+05   4.2358398e+01
   7.2117000e+05   3.7475586e+01
   7.2156500e+05   3.8940430e+01
   7.2169200e+05   4.2236328e+01
   7.2179600e+05   3.9916992e+01
   7.2195700e+05   3.3813477e+01
   7.2215800e+05   3.3203125e+01
   8.3390300e+05   7.1044922e+01
   8.3394400e+05   4.6875000e+01
   8.3397900e+05   6.5795898e+01
   8.3398900e+05   4.5471191e+01
   8.3402000e+05   3.6560059e+01
   8.3403700e+05   4.1931152e+01
   8.3406400e+05   3.8330078e+01
   8.3411400e+05   4.7729492e+01
   8.3414800e+05   5.9753418e+01
   8.3417800e+05   5.6152344e+01
   8.3419800e+05   3.6560059e+01
   8.3422100e+05   5.4382324e+01
   8.3425600e+05   3.9184570e+01
   8.3426800e+05   3.8452148e+01
   8.3429600e+05   3.3508301e+01
   8.5023900e+05   3.5766602e+01
   8.5035200e+05   3.5949707e+01
   8.5044500e+05   3.8146973e+01
   8.5051500e+05   4.1625977e+01
   8.5056300e+05   7.5622559e+01
   8.5060400e+05   5.9448242e+01
   8.5064800e+05   5.6823730e+01
   8.5067600e+05   5.2307129e+01
   8.5072300e+05   5.3405762e+01
   8.5080000e+05   3.3752441e+01
   8.5084500e+05   3.5766602e+01
   8.5087600e+05   3.7109375e+01
   8.5101600e+05   3.3325195e+01
   8.5135000e+05   3.6865234e+01
   8.5153700e+05   3.4912109e+01
   8.5184900e+05   3.5339355e+01
   8.5202500e+05   3.5644531e+01
   8.5288500e+05   3.6193848e+01
   8.5310700e+05   3.4118652e+01
   8.9892900e+05   3.4057617e+01
   9.4318200e+05   3.8330078e+01
   9.4319300e+05   4.6752930e+01
   9.4322000e+05   8.3496094e+01
   9.4323900e+05   3.8879395e+01
   9.4327400e+05   5.0109863e+01
   9.4329700e+05   7.4768066e+01
   9.4331600e+05   5.0598145e+01
   9.4333500e+05   3.4729004e+01
   9.4335100e+05   3.7048340e+01
   9.4337100e+05   3.4851074e+01
   9.4339600e+05   3.4301758e+01
   9.4340800e+05   3.6499023e+01
   9.4343200e+05   5.1696777e+01
   9.4344600e+05   3.5583496e+01
   9.4345700e+05   3.8269043e+01
   9.4349300e+05   3.7536621e+01
   9.4354800e+05   3.3935547e+01
   9.5596300e+05   3.3325195e+01
   9.5629000e+05   3.5583496e+01
   9.5654700e+05   3.7475586e+01
   9.5688400e+05   3.6254883e+01
   9.5699700e+05   3.3508301e+01
   9.5701000e+05   3.7048340e+01
   9.5750000e+05   3.7048340e+01
   9.6282700e+05   3.8635254e+01
   9.6314100e+05   3.6254883e+01
   9.6358200e+05   3.4057617e+01
   9.6380300e+05   3.3752441e+01
   9.6435900e+05   3.9916992e+01
   9.6452100e+05   3.5888672e+01
   9.6472800e+05   3.6010742e+01
   9.6481700e+05   3.3874512e+01
   9.6610400e+05   3.3386230e+01
   1.0121000e+06   5.4687500e+01
   1.0121170e+06   3.3813477e+01
   1.0121400e+06   6.1096191e+01
   1.0121590e+06   3.5400391e+01
   1.0121750e+06   6.7260742e+01
   1.0122090e+06   4.1931152e+01
   1.0122430e+06   3.5583496e+01
   1.0122660e+06   3.7658691e+01
   1.0122790e+06   4.4921875e+01
   1.0123150e+06   4.9621582e+01
   1.0123500e+06   5.0903320e+01
   1.0124360e+06   3.3752441e+01
   1.0125360e+06   3.4057617e+01
   1.0276000e+06   7.9284668e+01
   1.0276360e+06   7.3364258e+01
   1.0276680e+06   3.6132812e+01
   1.0277110e+06   4.1748047e+01
   1.0277260e+06   6.7565918e+01
   1.0277940e+06   3.9001465e+01
   1.0278110e+06   7.9467773e+01
   1.0278400e+06   3.3386230e+01
   1.0278890e+06   3.3752441e+01
   1.0280250e+06   3.4362793e+01
   1.0280350e+06   3.6560059e+01
   1.0286410e+06   3.9978027e+01
   1.0292590e+06   3.6499023e+01
   1.0292770e+06   4.5532227e+01
   1.1435290e+06   3.4606934e+01
   1.1440520e+06   3.6071777e+01
   1.1440820e+06   3.6071777e+01
   1.1443030e+06   3.4912109e+01
   1.1446200e+06   3.9916992e+01
   1.1452730e+06   3.6926270e+01
   1.1729980e+06   3.6132812e+01
   1.1730460e+06   5.4199219e+01
   1.1730620e+06   4.2602539e+01
   1.1730810e+06   4.5043945e+01
   1.1731040e+06   4.2785645e+01
   1.1731330e+06   4.1748047e+01
   1.1731610e+06   5.2307129e+01
   1.1731960e+06   3.9306641e+01
   1.1732150e+06   3.5217285e+01
   1.1732650e+06   4.8828125e+01
   1.1733520e+06   3.5156250e+01
   1.1734860e+06   3.3996582e+01
   1.2130130e+06   3.4973145e+01
   1.2405790e+06   7.0190430e+01
   1.2406110e+06   3.3813477e+01
   1.2406330e+06   9.1857910e+01
   1.2406880e+06   4.0588379e+01
   1.2407030e+06   3.3996582e+01
   1.2407530e+06   3.4179688e+01
   1.2407730e+06   6.4636230e+01
   1.2408940e+06   3.4606934e+01
   1.2409100e+06   3.3691406e+01
   1.2411090e+06   3.4729004e+01
   1.2686840e+06   5.0415039e+01
   1.2687390e+06   7.4890137e+01
   1.2687830e+06   6.5307617e+01
   1.2688000e+06   3.6621094e+01
   1.2688340e+06   4.4372559e+01
   1.2688540e+06   3.7353516e+01
   1.2688830e+06   5.2429199e+01
   1.2689010e+06   3.3935547e+01
   1.2689180e+06   5.4321289e+01
   1.2689500e+06   3.5583496e+01
   1.2689810e+06   6.8908691e+01
   1.2690150e+06   5.2551270e+01
   1.2690400e+06   3.6437988e+01
   1.2690620e+06   3.8696289e+01
   1.2690750e+06   4.6813965e+01
   1.2691000e+06   3.4729004e+01
   1.2691440e+06   4.5776367e+01
   1.2692580e+06   3.3264160e+01
   1.2903070e+06   4.4982910e+01
   1.2904530e+06   3.4484863e+01
   1.2908160e+06   3.4362793e+01
   1.2908580e+06   3.6621094e+01
   1.2949150e+06   3.5400391e+01
   1.2950720e+06   3.3203125e+01
   1.2954610e+06   3.6376953e+01
   1.2959810e+06   3.3569336e+01
   1.3224530e+06   3.7414551e+01
   1.3388960e+06   4.3823242e+01
   1.3389330e+06   6.1157227e+01
   1.3389710e+06   5.6152344e+01
   1.3389970e+06   3.4790039e+01
   1.3390270e+06   4.5410156e+01
   1.3390450e+06   3.6254883e+01
   1.3390760e+06   4.6386719e+01
   1.3390870e+06   3.5888672e+01
   1.3391120e+06   3.4301758e+01
   1.3391410e+06   3.9611816e+01
   1.3391630e+06   3.6865234e+01
   1.3391890e+06   4.0832520e+01
   1.3392490e+06   4.0832520e+01
   1.3392720e+06   3.3447266e+01
   1.3393050e+06   3.3508301e+01
   1.3654450e+06   3.8574219e+01
   1.3655960e+06   3.3630371e+01
   1.3657600e+06   3.4729004e+01
   1.3660480e+06   3.9245605e+01
   1.3666850e+06   3.7048340e+01
   1.3688960e+06   3.4423828e+01
   1.3962820e+06   3.6560059e+01
   1.3972900e+06   3.3935547e+01
   1.4215040e+06   3.4484863e+01
   1.4217490e+06   3.3386230e+01
   1.4225620e+06   3.5766602e+01
   1.4247030e+06   3.3935547e+01
   1.4491080e+06   3.4912109e+01
   1.4738660e+06   3.6987305e+01
   1.4738970e+06   3.9306641e+01
   1.4743610e+06   3.4057617e+01
   1.4751200e+06   3.4790039e+01
   1.4759840e+06   3.3935547e+01
   1.4986670e+06   4.2358398e+01
   1.4988040e+06   3.7536621e+01
   1.4995050e+06   3.9428711e+01
   1.4995260e+06   3.5156250e+01
   1.5237720e+06   3.5339355e+01
   1.5247950e+06   3.9733887e+01
   1.5254440e+06   3.3203125e+01
   1.5460210e+06   3.3386230e+01
   1.5460630e+06   3.4179688e+01
   1.5461550e+06   3.3508301e+01
   1.5464600e+06   4.1870117e+01
   1.5466250e+06   3.4362793e+01
   1.5473510e+06   3.3935547e+01
   1.5486250e+06   3.6010742e+01
   1.5671710e+06   8.7524414e+01
   1.5672010e+06   4.9926758e+01
   1.5672370e+06   3.8146973e+01
   1.5672590e+06   5.0109863e+01
   1.5672940e+06   4.5837402e+01
   1.5673190e+06   4.5654297e+01
   1.5673610e+06   5.4443359e+01
   1.5673990e+06   3.5949707e+01
   1.5674290e+06   4.3579102e+01
   1.5674450e+06   3.4667969e+01
   1.5674760e+06   3.6926270e+01
   1.5676370e+06   4.1931152e+01
   1.5900460e+06   6.1584473e+01
   1.5900710e+06   3.6254883e+01
   1.5900840e+06   5.3100586e+01
   1.5901220e+06   5.3527832e+01
   1.5901520e+06   4.4860840e+01
   1.5901900e+06   4.3884277e+01
   1.5902410e+06   5.1269531e+01
   1.5902540e+06   3.3447266e+01
   1.5902750e+06   6.2194824e+01
   1.5903120e+06   3.4362793e+01
   1.5903490e+06   3.6254883e+01
   1.5903690e+06   3.3569336e+01
   1.5903990e+06   3.3813477e+01
   1.5904200e+06   3.4912109e+01
   1.5906980e+06   3.4790039e+01
   1.6070560e+06   3.4057617e+01
   1.6078100e+06   3.3447266e+01
   1.6112390e+06   3.4179688e+01
   1.6310970e+06   4.5104980e+01
   1.6313310e+06   3.6376953e+01
   1.6340030e+06   3.4729004e+01
   1.6550970e+06   3.5827637e+01
   1.6556400e+06   4.3273926e+01
   1.6557780e+06   4.0893555e+01
   1.6601690e+06   3.5156250e+01
   1.6624810e+06   3.4362793e+01
   1.6628830e+06   3.5034180e+01
   1.6699010e+06   3.4423828e+01
   1.7157500e+06   3.4667969e+01
   1.7162580e+06   3.3264160e+01
   1.7179640e+06   3.3386230e+01
   1.7183550e+06   3.3508301e+01
   1.7192850e+06   4.6020508e+01
   1.7329540e+06   3.9306641e+01
   1.7331870e+06   3.4729004e+01
   1.7333620e+06   3.4545898e+01
   1.7334500e+06   4.3762207e+01
   1.7334690e+06   3.4912109e+01
   1.7340640e+06   3.5888672e+01
   1.7342870e+06   4.0466309e+01
   1.7343220e+06   3.5583496e+01
   1.7352060e+06   3.8452148e+01
   1.7357450e+06   3.5156250e+01
   1.7363690e+06   3.5644531e+01
   1.7876330e+06   3.4423828e+01
   1.7876740e+06   3.3569336e+01
   1.8123070e+06   3.8391113e+01
   1.8130300e+06   3.7109375e+01
   1.8132700e+06   3.6193848e+01
   1.8137910e+06   3.4545898e+01
   1.8138240e+06   3.4667969e+01
   1.8144580e+06   3.3691406e+01
   1.8155330e+06   3.5156250e+01
   1.8672770e+06   3.5766602e+01
   1.8700110e+06   3.5949707e+01
   1.8700670e+06   3.6254883e+01
   1.8712450e+06   3.4484863e+01
   1.8717380e+06   3.3935547e+01
   1.8720510e+06   3.3630371e+01
   1.8737190e+06   3.8024902e+01
   1.8740280e+06   3.4973145e+01
   1.8742400e+06   3.5522461e+01
   1.8745880e+06   3.6743164e+01
   1.8761410e+06   3.3264160e+01
   1.9132670e+06   3.4240723e+01
   1.9133800e+06   4.7058105e+01
   1.9134400e+06   9.6191406e+01
   1.9134880e+06   8.7158203e+01
   1.9135080e+06   4.9072266e+01
   1.9135240e+06   4.9987793e+01
   1.9135520e+06   3.8513184e+01
   1.9135720e+06   4.7119141e+01
   1.9136020e+06   5.8105469e+01
   1.9136330e+06   5.1452637e+01
   1.9136440e+06   3.3325195e+01
   1.9136800e+06   4.3762207e+01
   1.9137100e+06   4.0466309e+01
   1.9137480e+06   5.8593750e+01
   1.9138430e+06   3.6071777e+01
   1.9138750e+06   3.5156250e+01
   1.9329320e+06   3.3569336e+01
   1.9346280e+06   3.6193848e+01
   1.9380650e+06   3.4606934e+01
   1.9384270e+06   3.3325195e+01
   1.9429440e+06   3.3569336e+01
   1.9598660e+06   3.5339355e+01
   1.9599640e+06   3.8330078e+01
   1.9600840e+06   3.3691406e+01
   1.9601840e+06   3.8696289e+01
   1.9604250e+06   3.7780762e+01
   1.9605510e+06   3.6743164e+01
   1.9606900e+06   3.5949707e+01
   2.0246230e+06   4.2053223e+01
   2.0249110e+06   5.0354004e+01
   2.0251560e+06   3.7231445e+01
   2.0251680e+06   4.7058105e+01
   2.0258620e+06   3.4851074e+01
   2.0259920e+06   3.5095215e+01
   2.0263920e+06   3.3508301e+01
   2.0298090e+06   3.8879395e+01
   2.0342250e+06   3.6315918e+01
   2.0354210e+06   3.3203125e+01
   2.0888940e+06   3.8269043e+01
   2.0893630e+06   3.7170410e+01
   2.0909070e+06   3.4179687e+01
   2.0911800e+06   3.7597656e+01
   2.0914760e+06   3.3203125e+01
   2.0959940e+06   3.8696289e+01
   2.0976290e+06   4.4067383e+01
   2.1235220e+06   5.9753418e+01
   2.1236430e+06   4.1381836e+01
   2.1236930e+06   5.2856445e+01
   2.1237390e+06   3.9489746e+01
   2.1237650e+06   5.1879883e+01
   2.1237940e+06   3.6743164e+01
   2.1238070e+06   4.0100098e+01
   2.1238360e+06   5.2673340e+01
   2.1238500e+06   4.3273926e+01
   2.1238760e+06   3.6315918e+01
   2.1238950e+06   4.1381836e+01
   2.1239100e+06   3.4973145e+01
   2.1239320e+06   3.3752441e+01
   2.1239460e+06   3.5034180e+01
   2.1239780e+06   3.3691406e+01
   2.1240010e+06   6.9458008e+01
   2.1240700e+06   3.4423828e+01
   2.1241040e+06   3.5339355e+01
   2.1241580e+06   3.4973145e+01
   2.1241910e+06   3.3447266e+01
   2.1412010e+06   3.7414551e+01
   2.1412180e+06   3.5278320e+01
   2.1413410e+06   3.8146973e+01
   2.1414530e+06   4.5837402e+01
   2.1417000e+06   4.3212891e+01
   2.1426950e+06   3.9794922e+01
   2.1428390e+06   3.3874512e+01
   2.1829310e+06   3.7353516e+01
   2.1829800e+06   5.4260254e+01
   2.1829950e+06   3.3447266e+01
   2.1830240e+06   4.8767090e+01
   2.1830490e+06   3.4545898e+01
   2.1830600e+06   5.0415039e+01
   2.1830860e+06   5.2062988e+01
   2.1831120e+06   5.3710938e+01
   2.1831280e+06   4.3701172e+01
   2.1831710e+06   4.7729492e+01
   2.1831920e+06   3.7231445e+01
   2.1832230e+06   4.6020508e+01
   2.1832550e+06   3.4851074e+01
   2.1833340e+06   3.8635254e+01
   2.1833490e+06   3.5400391e+01
   2.1834240e+06   3.5766602e+01
   2.2069790e+06   3.3813477e+01
   2.2074260e+06   3.3508301e+01
   2.2078420e+06   3.3447266e+01
   2.2081690e+06   3.8330078e+01
   2.2085420e+06   4.2724609e+01
   2.2094930e+06   3.5217285e+01
   2.2330020e+06   3.3203125e+01
   2.2886840e+06   3.3996582e+01
   2.2887210e+06   3.3325195e+01
   2.2887630e+06   4.2602539e+01
   2.2891010e+06   3.4790039e+01
   2.2892670e+06   3.4057617e+01
   2.2892920e+06   3.4667969e+01
   2.2899910e+06   3.3752441e+01
   2.2900840e+06   4.2419434e+01
   2.3333220e+06   3.7048340e+01
   2.3339830e+06   3.3874512e+01
   2.3355040e+06   3.7902832e+01
   2.3362060e+06   3.4667969e+01
   2.3772650e+06   7.4768066e+01
   2.3773020e+06   5.9814453e+01
   2.3773390e+06   6.1889648e+01
   2.3773610e+06   3.5217285e+01
   2.3773810e+06   4.0588379e+01
   2.3774100e+06   4.3640137e+01
   2.3774270e+06   5.1086426e+01
   2.3774370e+06   3.6560059e+01
   2.3774680e+06   5.2490234e+01
   2.3774890e+06   3.8574219e+01
   2.3775150e+06   3.3569336e+01
   2.3775340e+06   4.1015625e+01
   2.3776050e+06   5.5053711e+01
   2.3776650e+06   4.1748047e+01
   2.3776870e+06   3.5339355e+01
   2.3780140e+06   3.6499023e+01
   2.3972300e+06   3.3386230e+01
   2.4180560e+06   3.3935547e+01
   2.4192250e+06   3.6315918e+01
   2.4194160e+06   4.5593262e+01
   2.4198990e+06   3.3325195e+01
   2.4205520e+06   3.8818359e+01
   2.4215760e+06   3.3935547e+01
   2.4219920e+06   3.4057617e+01
   2.4220180e+06   3.9733887e+01
   2.4606720e+06   5.6518555e+01
   2.4607190e+06   4.3334961e+01
   2.4607550e+06   5.2612305e+01
   2.4607770e+06   3.3508301e+01
   2.4608110e+06   6.5307617e+01
   2.4608380e+06   3.8574219e+01
   2.4608680e+06   3.6499023e+01
   2.4608780e+06   3.5644531e+01
   2.4609090e+06   5.0537109e+01
   2.4609440e+06   5.1330566e+01
   2.4609590e+06   3.9672852e+01
   2.4609970e+06   4.9499512e+01
   2.4610130e+06   3.6804199e+01
   2.4610450e+06   3.7414551e+01
   2.4610700e+06   3.7292480e+01
   2.4610870e+06   4.3823242e+01
   2.4611160e+06   3.3386230e+01
   2.4783110e+06   3.3264160e+01
   2.4785750e+06   4.1625977e+01
   2.4787430e+06   3.3996582e+01
   2.4788250e+06   3.7780762e+01
   2.4788460e+06   8.0627441e+01
   2.4788910e+06   4.9865723e+01
   2.4789080e+06   3.4057617e+01
   2.4789370e+06   3.5278320e+01
   2.4790040e+06   5.7495117e+01
   2.4790170e+06   3.8574219e+01
   2.4790540e+06   3.8269043e+01
   2.4790670e+06   3.3203125e+01
   2.4791060e+06   3.9245605e+01
   2.4792620e+06   3.6376953e+01
   2.4799550e+06   3.5644531e+01
   2.4799760e+06   3.4851074e+01
   2.4800780e+06   3.4667969e+01
   2.4802730e+06   3.5095215e+01
   2.4982570e+06   3.5400391e+01
   2.5666340e+06   7.1289062e+01
   2.5666480e+06   4.6203613e+01
   2.5666750e+06   6.1706543e+01
   2.5666890e+06   3.8513184e+01
   2.5667200e+06   5.4382324e+01
   2.5667550e+06   4.2785645e+01
   2.5667780e+06   4.7119141e+01
   2.5668040e+06   4.4494629e+01
   2.5668260e+06   5.8349609e+01
   2.5668550e+06   4.3518066e+01
   2.5668870e+06   3.7841797e+01
   2.5669380e+06   3.7536621e+01
   2.5669870e+06   3.4057617e+01
   2.5669980e+06   3.3508301e+01
   2.5670320e+06   3.7902832e+01
   2.5670750e+06   3.4301758e+01
   2.6066820e+06   3.4729004e+01
   2.6067920e+06   4.4921875e+01
   2.6068990e+06   3.4301758e+01
   2.6069530e+06   3.8757324e+01
   2.6069730e+06   7.7209473e+01
   2.6070070e+06   4.1381836e+01
   2.6070550e+06   6.3842773e+01
   2.6071020e+06   3.3935547e+01
   2.6071480e+06   4.1442871e+01
   2.6073220e+06   4.8156738e+01
   2.6073620e+06   3.7170410e+01
   2.6074490e+06   3.6132812e+01
   2.6075090e+06   3.6987305e+01
   2.6075330e+06   3.4362793e+01
   2.6076000e+06   3.5400391e+01
   2.6741240e+06   3.4912109e+01
   2.6741670e+06   3.3386230e+01
   2.6741930e+06   3.3996582e+01
   2.6742430e+06   3.4301758e+01
   2.6743940e+06   3.4118652e+01
   2.6744460e+06   3.8452148e+01
   2.6748280e+06   3.5644531e+01
   2.7057160e+06   6.9152832e+01
   2.7057450e+06   3.3569336e+01
   2.7057840e+06   3.6315918e+01
   2.7057990e+06   3.9489746e+01
   2.7058430e+06   4.2419434e+01
   2.7058630e+06   3.4179688e+01
   2.7058880e+06   6.9091797e+01
   2.7059260e+06   6.0058594e+01
   2.7060230e+06   3.5034180e+01
   2.7060660e+06   3.3569336e+01
   2.7060870e+06   3.4851074e+01
   2.7061040e+06   3.3996582e+01
   2.7061730e+06   3.3813477e+01
   2.7062820e+06   3.3996582e+01
   2.7442280e+06   3.9062500e+01
   2.7442720e+06   5.1940918e+01
   2.7443110e+06   4.7302246e+01
   2.7443210e+06   5.4016113e+01
   2.7443540e+06   3.5522461e+01
   2.7443920e+06   3.9123535e+01
   2.7444110e+06   4.4677734e+01
   2.7444500e+06   4.9499512e+01
   2.7444970e+06   4.6569824e+01
   2.7445160e+06   4.4494629e+01
   2.7445610e+06   3.4423828e+01
   2.7446250e+06   3.5034180e+01
   2.7446850e+06   3.3386230e+01
   2.7447020e+06   3.4057617e+01
   2.8395460e+06   7.7209473e+01
   2.8395830e+06   5.4809570e+01
   2.8396220e+06   5.6457520e+01
   2.8396460e+06   3.6865234e+01
   2.8396710e+06   6.3354492e+01
   2.8396820e+06   4.0893555e+01
   2.8397070e+06   4.4982910e+01
   2.8397400e+06   4.4982910e+01
   2.8397560e+06   3.6193848e+01
   2.8397720e+06   3.7658691e+01
   2.8397840e+06   4.1320801e+01
   2.8398040e+06   4.3334961e+01
   2.8398190e+06   4.8400879e+01
   2.8398610e+06   3.5461426e+01
   2.8399140e+06   3.4423828e+01
   2.8399490e+06   3.3569336e+01
   2.8399940e+06   3.4423828e+01
   2.8408410e+06   3.4667969e+01
   2.8553090e+06   6.0180664e+01
   2.8553420e+06   5.4626465e+01
   2.8553760e+06   4.2114258e+01
   2.8553880e+06   6.0363770e+01
   2.8554060e+06   3.8574219e+01
   2.8554380e+06   5.8410645e+01
   2.8554590e+06   3.5461426e+01
   2.8554890e+06   3.3874512e+01
   2.8555010e+06   3.4301758e+01
   2.8555170e+06   3.5827637e+01
   2.8555590e+06   6.3476562e+01
   2.8555840e+06   3.3996582e+01
   2.8556040e+06   3.8391113e+01
   2.8556280e+06   4.2114258e+01
   2.8556490e+06   3.9611816e+01
   2.8556970e+06   3.4301758e+01
   2.8557520e+06   4.0344238e+01
   2.8557820e+06   3.9611816e+01
   2.8558130e+06   3.5095215e+01
   2.8562080e+06   3.6132812e+01
   2.8564550e+06   3.3813477e+01
   2.8569280e+06   3.3203125e+01
   2.8666430e+06   3.5644531e+01
   2.8668820e+06   3.3752441e+01
   2.8669180e+06   4.6630859e+01
   2.8669640e+06   3.4423828e+01
   2.8669840e+06   3.8391113e+01
   2.8670130e+06   5.0476074e+01
   2.8670710e+06   4.2358398e+01
   2.8670910e+06   3.4851074e+01
   2.8671910e+06   3.3508301e+01
   2.8672340e+06   3.7353516e+01
   2.8674690e+06   3.3325195e+01
   2.8691150e+06   4.0344238e+01
   2.9349630e+06   6.3171387e+01
   2.9350600e+06   4.0039062e+01
   2.9351080e+06   5.6762695e+01
   2.9351310e+06   5.0903320e+01
   2.9351630e+06   5.3100586e+01
   2.9351840e+06   3.4301758e+01
   2.9352370e+06   4.5471191e+01
   2.9352650e+06   4.5410156e+01
   2.9353110e+06   3.4240723e+01
   2.9353250e+06   3.3203125e+01
   2.9353700e+06   3.3996582e+01
   2.9353820e+06   5.0109863e+01
   2.9354170e+06   3.9855957e+01
   2.9354540e+06   4.5471191e+01
   2.9524550e+06   3.7475586e+01
   2.9525040e+06   3.5766602e+01
   2.9525690e+06   3.3203125e+01
   2.9526100e+06   5.5114746e+01
   2.9526240e+06   6.2438965e+01
   2.9526830e+06   7.3852539e+01
   2.9527980e+06   4.5471191e+01
   2.9528210e+06   3.5156250e+01
   2.9528590e+06   3.6315918e+01
   2.9529240e+06   3.5644531e+01
   3.0737680e+06   7.3425293e+01
   3.0738240e+06   5.9814453e+01
   3.0738790e+06   4.7668457e+01
   3.0739230e+06   5.0842285e+01
   3.0739330e+06   4.3395996e+01
   3.0739590e+06   4.0222168e+01
   3.0739790e+06   4.7607422e+01
   3.0740110e+06   5.9082031e+01
   3.0740510e+06   3.8085938e+01
   3.0740740e+06   4.3029785e+01
   3.0741160e+06   4.5227051e+01
   3.0741260e+06   3.6437988e+01
   3.0741490e+06   4.3823242e+01
   3.0741670e+06   3.4362793e+01
   3.0741910e+06   5.9326172e+01
   3.0750690e+06   3.3569336e+01
   3.1061110e+06   4.4250488e+01
   3.1061650e+06   3.9672852e+01
   3.1062250e+06   3.5766602e+01
   3.1064940e+06   3.3325195e+01
   3.1067300e+06   3.7780762e+01
   3.1071580e+06   3.5400391e+01
   3.1078540e+06   3.4851074e+01
   3.1085670e+06   3.3996582e+01
   3.1103250e+06   3.3325195e+01
   3.1105540e+06   3.3203125e+01
   3.1122900e+06   4.2846680e+01
   3.1403560e+06   3.6926270e+01
   3.1404930e+06   3.3691406e+01
   3.1406540e+06   4.0771484e+01
   3.1408720e+06   3.3447266e+01
   3.1409290e+06   3.8513184e+01
   3.1411190e+06   3.4240723e+01
   3.1411730e+06   3.6743164e+01
   3.1418590e+06   3.8391113e+01
   3.1421240e+06   3.3386230e+01
   3.1435430e+06   3.7536621e+01
   3.1440150e+06   3.4301758e+01
   3.1856900e+06   3.6804199e+01
   3.1858260e+06   3.6315918e+01
   3.1859200e+06   3.3569336e+01
   3.1859410e+06   3.3264160e+01
   3.1861660e+06   3.9733887e+01
   3.1861820e+06   3.6926270e+01
   3.1862870e+06   3.4667969e+01
   3.1863600e+06   3.8513184e+01
   3.1864500e+06   3.3691406e+01
   3.1864920e+06   4.4128418e+01
   3.1865170e+06   3.4179688e+01
   3.1865920e+06   3.3935547e+01
   3.1871420e+06   3.7475586e+01
   3.1874060e+06   3.5217285e+01
   3.1876720e+06   3.4362793e+01
   3.1880920e+06   3.3386230e+01
   3.1892860e+06   3.5522461e+01
   3.1901310e+06   3.4240723e+01
   3.2335520e+06   3.4118652e+01
   3.2336800e+06   3.4179688e+01
   3.2338010e+06   4.0649414e+01
   3.2343620e+06   4.0283203e+01
   3.2345350e+06   3.4179688e+01
   3.2347910e+06   3.4179688e+01
   3.2357770e+06   3.4301758e+01
   3.3062630e+06   3.5644531e+01
   3.3067210e+06   3.9184570e+01
   3.3068050e+06   3.3752441e+01
   3.3069370e+06   3.4729004e+01
   3.3071280e+06   3.7475586e+01
   3.3078390e+06   4.0222168e+01
   3.3213650e+06   3.4362793e+01
   3.3216530e+06   3.7658691e+01
   3.3217790e+06   3.5522461e+01
   3.3220150e+06   4.8400879e+01
   3.3221160e+06   3.3569336e+01
   3.3221820e+06   3.7048340e+01
   3.3223140e+06   3.8757324e+01
   3.3224700e+06   3.8635254e+01
   3.3226210e+06   3.4423828e+01
   3.3226630e+06   3.9062500e+01
   3.3238770e+06   3.6804199e+01
   3.3239220e+06   3.6621094e+01
   3.3646160e+06   3.8085938e+01
   3.3646410e+06   8.6914062e+01
   3.3647420e+06   3.4057617e+01
   3.3648380e+06   4.2175293e+01
   3.3649310e+06   4.4494629e+01
   3.3652530e+06   3.5888672e+01
   3.3653830e+06   3.4667969e+01
   3.3654280e+06   4.0527344e+01
   3.3662730e+06   3.7841797e+01
   3.3898340e+06   3.4423828e+01
   3.3902030e+06   3.3203125e+01
   3.3905010e+06   3.6010742e+01
   3.3913100e+06   3.4545898e+01
   3.3915130e+06   3.3325195e+01
   3.3919380e+06   4.0039062e+01
   3.3920730e+06   3.3203125e+01
   3.4358890e+06   3.4179688e+01
   3.4360930e+06   3.3264160e+01
   3.4366160e+06   3.3935547e+01
   3.4582170e+06   3.3996582e+01
   3.4605720e+06   7.1716309e+01
   3.4606170e+06   6.3049316e+01
   3.4606630e+06   5.1147461e+01
   3.4607000e+06   3.3508301e+01
   3.4607110e+06   3.4057617e+01
   3.4607580e+06   3.3996582e+01
   3.4607800e+06   4.7424316e+01
   3.4608110e+06   4.4799805e+01
   3.4608380e+06   4.2907715e+01
   3.4608540e+06   3.4423828e+01
   3.4608730e+06   4.8889160e+01
   3.4609160e+06   5.5480957e+01
   3.5136080e+06   3.3813477e+01
   3.5138210e+06   3.4606934e+01
   3.5139430e+06   3.6926270e+01
   3.5141320e+06   3.6743164e+01
   3.5147000e+06   3.5827637e+01
   3.5161290e+06   3.4973145e+01
   3.5163050e+06   3.4912109e+01
   3.5167350e+06   3.8757324e+01
   3.5173760e+06   5.5725098e+01
   3.5185950e+06   3.4423828e+01
   3.5189510e+06   3.4423828e+01
   3.5193530e+06   4.2785645e+01
   3.5220660e+06   3.3874512e+01
   3.5504130e+06   4.2236328e+01
   3.5507360e+06   3.3630371e+01
   3.5508570e+06   3.4729004e+01
   3.5890330e+06   3.3874512e+01
   3.5893350e+06   3.3508301e+01
   3.5893770e+06   3.5217285e+01
   3.5900270e+06   3.6132812e+01
   3.5913170e+06   3.4118652e+01
   3.5918080e+06   3.4606934e+01
   3.5924910e+06   4.0710449e+01
   3.5930240e+06   3.5522461e+01
   3.5975290e+06   3.5095215e+01
   3.6007530e+06   3.4301758e+01
   3.6013870e+06   4.1015625e+01
   3.6030790e+06   4.1870117e+01
   3.6516750e+06   6.5002441e+01
   3.6517440e+06   7.8125000e+01
   3.6517810e+06   5.6640625e+01
   3.6517940e+06   5.3588867e+01
   3.6518340e+06   3.8024902e+01
   3.6518500e+06   3.5034180e+01
   3.6518910e+06   3.4851074e+01
   3.6519080e+06   3.5156250e+01
   3.6519270e+06   3.5217285e+01
   3.6519790e+06   5.9753418e+01
   3.6520150e+06   4.2602539e+01
   3.6520670e+06   3.7414551e+01
   3.6526930e+06   3.4362793e+01
   3.6788710e+06   4.0100098e+01
   3.6790170e+06   3.4301758e+01
   3.6801450e+06   3.4057617e+01
   3.6804170e+06   3.7048340e+01
   3.6808240e+06   3.8024902e+01
   3.6809310e+06   3.5034180e+01
   3.6810470e+06   3.3996582e+01
   3.6824360e+06   3.3203125e+01
   3.6825970e+06   3.8452148e+01
   3.6852430e+06   3.4118652e+01
   3.6867840e+06   3.7658691e+01
   3.6868070e+06   3.3813477e+01
   3.6869750e+06   3.3264160e+01
   3.6874300e+06   3.5034180e+01
   3.6876830e+06   3.6865234e+01
   3.6904610e+06   3.5156250e+01
   3.7283570e+06   6.5185547e+01
   3.7283870e+06   5.9631348e+01
   3.7284110e+06   4.3151855e+01
   3.7284260e+06   7.5927734e+01
   3.7284810e+06   4.4860840e+01
   3.7284910e+06   3.7109375e+01
   3.7285150e+06   3.7902832e+01
   3.7285450e+06   3.3203125e+01
   3.7285650e+06   3.8757324e+01
   3.7285910e+06   3.7902832e+01
   3.7286100e+06   3.5522461e+01
   3.7286690e+06   3.5400391e+01
   3.7287020e+06   3.4667969e+01
   3.7287280e+06   3.3630371e+01
   3.7394210e+06   3.7109375e+01
   3.7402170e+06   3.5949707e+01
   3.7407210e+06   3.3203125e+01
   3.7410220e+06   4.0649414e+01
   3.7419180e+06   3.3325195e+01
   3.7421240e+06   3.4545898e+01
   3.7425530e+06   3.4606934e+01
   3.7438520e+06   3.4179688e+01
   3.7440750e+06   4.3945312e+01
   3.7446510e+06   3.6376953e+01
   3.7973410e+06   4.1564941e+01
   3.7973520e+06   4.2907715e+01
   3.7992510e+06   3.3752441e+01
   3.7993370e+06   3.3203125e+01
   3.7994630e+06   3.3447266e+01
   3.8003770e+06   3.3630371e+01
   3.8008820e+06   3.4851074e+01
   3.8012000e+06   3.5156250e+01
   3.8020410e+06   3.5583496e+01
   3.8042570e+06   3.3508301e+01
   3.8056430e+06   3.3508301e+01
   3.8059380e+06   4.3823242e+01
   3.8677810e+06   6.5734863e+01
   3.8678180e+06   5.3161621e+01
   3.8678540e+06   5.1269531e+01
   3.8678960e+06   7.1594238e+01
   3.8679110e+06   4.1870117e+01
   3.8679420e+06   3.8085938e+01
   3.8679750e+06   3.5339355e+01
   3.8680080e+06   5.9631348e+01
   3.8680460e+06   5.2185059e+01
   3.8680920e+06   5.8776855e+01
   3.8681420e+06   4.1931152e+01
   3.8682970e+06   3.9611816e+01
   3.8683430e+06   3.4729004e+01
   3.8683870e+06   3.6254883e+01
   3.8966590e+06   5.4199219e+01
   3.8966880e+06   4.8278809e+01
   3.8967150e+06   3.6499023e+01
   3.8967250e+06   4.1198730e+01
   3.8967380e+06   3.5217285e+01
   3.8967750e+06   7.1289062e+01
   3.8967850e+06   3.4545898e+01
   3.8968080e+06   3.9184570e+01
   3.8968420e+06   3.4301758e+01
   3.8968550e+06   4.0405273e+01
   3.8968940e+06   4.1625977e+01
   3.8969300e+06   4.1809082e+01
   3.8969450e+06   5.2490234e+01
   3.8969670e+06   4.3029785e+01
   3.8969930e+06   3.6682129e+01
   3.8970720e+06   4.2114258e+01
   3.8970900e+06   3.7780762e+01
   3.8971110e+06   3.8818359e+01
   3.8971770e+06   3.4851074e+01
   3.9622910e+06   3.3630371e+01
   3.9625700e+06   3.3935547e+01
   3.9629220e+06   4.7607422e+01
   3.9629740e+06   7.2631836e+01
   3.9630030e+06   3.7231445e+01
   3.9630150e+06   3.4240723e+01
   3.9630370e+06   3.9550781e+01
   3.9630560e+06   5.5236816e+01
   3.9630750e+06   3.4118652e+01
   3.9631140e+06   4.2114258e+01
   3.9631270e+06   6.4941406e+01
   3.9631640e+06   3.9062500e+01
   3.9631820e+06   3.3569336e+01
   3.9632340e+06   4.2053223e+01
   4.0274800e+06   3.5766602e+01
   4.0278070e+06   3.7170410e+01
   4.0279040e+06   3.5278320e+01
   4.0279190e+06   4.4311523e+01
   4.0292990e+06   3.7963867e+01
   4.0311490e+06   3.7536621e+01
   4.0313690e+06   3.6132812e+01
   4.0318210e+06   3.4973145e+01
   4.0324860e+06   3.7231445e+01
   4.0329950e+06   3.6987305e+01
   4.0340980e+06   5.2062988e+01
   4.0363520e+06   3.3386230e+01
   4.0403420e+06   3.9733887e+01
   4.0788130e+06   6.4819336e+01
   4.0788520e+06   3.5217285e+01
   4.0788960e+06   5.3710938e+01
   4.0789180e+06   4.2541504e+01
   4.0789310e+06   4.4250488e+01
   4.0789830e+06   4.2419434e+01
   4.0789930e+06   4.5593262e+01
   4.0790380e+06   4.1015625e+01
   4.0790780e+06   5.1879883e+01
   4.0791000e+06   4.2724609e+01
   4.0791630e+06   3.8696289e+01
   4.0792070e+06   3.4118652e+01
   4.0795960e+06   3.5522461e+01
   4.1147840e+06   3.3935547e+01
   4.1153000e+06   3.7963867e+01
   4.1154320e+06   3.9550781e+01
   4.1156480e+06   3.8696289e+01
   4.1158160e+06   3.5095215e+01
   4.1172030e+06   3.5278320e+01
   4.1172480e+06   3.8208008e+01
   4.1172660e+06   3.5522461e+01
   4.1177380e+06   3.8818359e+01
   4.1179180e+06   3.9184570e+01
   4.1185360e+06   4.0039062e+01
   4.1191430e+06   3.5583496e+01
   4.1203420e+06   3.8574219e+01
   4.1204640e+06   4.0771484e+01
   4.1719870e+06   4.4616699e+01
   4.1721950e+06   3.5400391e+01
   4.1725360e+06   3.5522461e+01
   4.1726780e+06   3.8208008e+01
   4.1727560e+06   3.3569336e+01
   4.1728310e+06   3.5888672e+01
   4.1732460e+06   3.3508301e+01
   4.2058200e+06   5.8593750e+01
   4.2058510e+06   6.3537598e+01
   4.2058650e+06   3.9916992e+01
   4.2058860e+06   6.0241699e+01
   4.2059210e+06   3.6560059e+01
   4.2059420e+06   4.0954590e+01
   4.2059740e+06   3.8818359e+01
   4.2060010e+06   4.4799805e+01
   4.2060470e+06   3.9123535e+01
   4.2060670e+06   3.9245605e+01
   4.2060830e+06   3.5766602e+01
   4.2061090e+06   4.9011230e+01
   4.2061460e+06   3.4423828e+01
   4.2061600e+06   3.5461426e+01
   4.2062270e+06   3.4851074e+01
   4.2063120e+06   3.4118652e+01
   4.2063600e+06   4.1198730e+01
   4.2220840e+06   3.6865234e+01
   4.2225400e+06   3.6926270e+01
   4.2227540e+06   3.5827637e+01
   4.2228010e+06   3.7841797e+01
   4.2228290e+06   3.4301758e+01
   4.2228710e+06   6.7321777e+01
   4.2229190e+06   7.3303223e+01
   4.2229490e+06   3.7048340e+01
   4.2229680e+06   4.3579102e+01
   4.2229960e+06   5.9631348e+01
   4.2230090e+06   3.3569336e+01
   4.2230320e+06   5.0415039e+01
   4.2230530e+06   4.7729492e+01
   4.2230910e+06   3.5278320e+01
   4.2231220e+06   4.0954590e+01
   4.2232480e+06   3.8818359e+01
   4.2234930e+06   3.4606934e+01
   4.2240910e+06   3.3386230e+01
   4.3047300e+06   3.6010742e+01
   4.3048120e+06   3.4057617e+01
   4.3048420e+06   3.5400391e+01
   4.3049360e+06   3.7902832e+01
   4.3052490e+06   3.7231445e+01
   4.3053530e+06   3.3569336e+01
   4.3244220e+06   6.1523438e+01
   4.3245040e+06   4.8583984e+01
   4.3245530e+06   4.6386719e+01
   4.3245740e+06   3.6254883e+01
   4.3246000e+06   5.2124023e+01
   4.3246450e+06   4.7668457e+01
   4.3246700e+06   3.7841797e+01
   4.3247090e+06   5.1391602e+01
   4.3247250e+06   3.5583496e+01
   4.3247570e+06   4.4982910e+01
   4.3247670e+06   3.3996582e+01
   4.3248080e+06   3.9672852e+01
   4.3248270e+06   3.5034180e+01
   4.3248570e+06   3.6621094e+01
   4.3248770e+06   3.3691406e+01
   4.3249490e+06   4.7058105e+01
   4.3249590e+06   6.0546875e+01
   4.3256850e+06   3.7048340e+01
   4.3420290e+06   3.6682129e+01
   4.3420390e+06   4.0832520e+01
   4.3421430e+06   3.4851074e+01
   4.3421730e+06   4.1870117e+01
   4.3422210e+06   4.4006348e+01
   4.3422310e+06   3.4240723e+01
   4.3422510e+06   4.5837402e+01
   4.3422710e+06   3.3325195e+01
   4.3422890e+06   8.0810547e+01
   4.3423650e+06   7.6660156e+01
   4.3423850e+06   3.9489746e+01
   4.3424300e+06   3.8940430e+01
   4.3424970e+06   3.3447266e+01
   4.3431690e+06   3.5339355e+01
   4.4172670e+06   3.6193848e+01
   4.4173640e+06   4.0527344e+01
   4.4173790e+06   4.5715332e+01
   4.4180910e+06   3.3630371e+01
   4.4310630e+06   5.3527832e+01
   4.4313390e+06   3.8696289e+01
   4.4317660e+06   3.8574219e+01
   4.4317860e+06   3.7963867e+01
   4.4320100e+06   4.0283203e+01
   4.4321220e+06   3.3264160e+01
   4.4321420e+06   5.2917480e+01
   4.4324250e+06   3.4362793e+01
   4.4827180e+06   3.8574219e+01
   4.4830870e+06   6.6833496e+01
   4.4831290e+06   8.7707520e+01
   4.4831420e+06   5.2551270e+01
   4.4831720e+06   5.3161621e+01
   4.4831950e+06   4.8156738e+01
   4.4832210e+06   5.9265137e+01
   4.4832420e+06   3.4973145e+01
   4.4832650e+06   6.2805176e+01
   4.4833140e+06   5.8776855e+01
   4.4833350e+06   4.0039062e+01
   4.4833480e+06   3.8330078e+01
   4.4834240e+06   4.6203613e+01
   4.4835010e+06   4.0527344e+01
   4.4836210e+06   3.7841797e+01
   4.4974160e+06   3.6499023e+01
   4.4975950e+06   3.5766602e+01
   4.4976380e+06   3.5217285e+01
   4.4977000e+06   3.3996582e+01
   4.4977520e+06   3.3447266e+01
   4.4978500e+06   3.3264160e+01
   4.4980490e+06   3.4973145e+01
   4.4982820e+06   4.5349121e+01
   4.4985120e+06   3.3508301e+01
   4.4988040e+06   3.6315918e+01
   4.5342880e+06   3.3447266e+01
   4.5889560e+06   3.7109375e+01
   4.5895310e+06   3.3569336e+01
   4.5933660e+06   3.9306641e+01
   4.5936080e+06   3.6132812e+01
   4.5936260e+06   3.7048340e+01
   4.5938640e+06   4.0893555e+01
   4.5944670e+06   3.8146973e+01
   4.5947060e+06   5.2978516e+01
   4.5957690e+06   4.3701172e+01
   4.5960690e+06   3.4545898e+01
   4.5996650e+06   3.5888672e+01
   4.6004090e+06   3.3447266e+01
   4.6004540e+06   3.3447266e+01
   4.6237300e+06   3.3508301e+01
   4.6506770e+06   7.2998047e+01
   4.6507090e+06   5.1208496e+01
   4.6507680e+06   4.8156738e+01
   4.6507840e+06   6.1950684e+01
   4.6508030e+06   3.3508301e+01
   4.6508230e+06   3.6254883e+01
   4.6508410e+06   4.1259766e+01
   4.6508650e+06   4.8034668e+01
   4.6508830e+06   3.7780762e+01
   4.6508990e+06   3.3264160e+01
   4.6509230e+06   4.1870117e+01
   4.6509590e+06   4.3762207e+01
   4.6509810e+06   3.7231445e+01
   4.6510510e+06   3.8818359e+01
   4.6511020e+06   3.4667969e+01
   4.6910880e+06   3.3874512e+01
   4.6911420e+06   4.0100098e+01
   4.6911710e+06   3.7597656e+01
   4.6912060e+06   3.5766602e+01
   4.6912570e+06   9.6496582e+01
   4.6915140e+06   3.3630371e+01
   4.7233800e+06   6.2561035e+01
   4.7234080e+06   7.1777344e+01
   4.7234480e+06   4.0954590e+01
   4.7234960e+06   5.8288574e+01
   4.7235140e+06   3.7719727e+01
   4.7235390e+06   4.6386719e+01
   4.7235740e+06   6.1584473e+01
   4.7235990e+06   4.6081543e+01
   4.7236140e+06   5.9265137e+01
   4.7236740e+06   3.3569336e+01
   4.7237030e+06   3.7658691e+01
   4.7238280e+06   3.5949707e+01
   4.7239770e+06   3.5644531e+01
   4.7397370e+06   3.3691406e+01
   4.7402240e+06   3.4484863e+01
   4.7403370e+06   3.4301758e+01
   4.7403820e+06   3.5278320e+01
   4.7405440e+06   4.0222168e+01
   4.7406110e+06   3.3264160e+01
   4.7406790e+06   3.6254883e+01
   4.7410070e+06   3.6376953e+01
   4.7411400e+06   3.4118652e+01
   4.7412740e+06   3.3203125e+01
   4.7828760e+06   3.4912109e+01
   4.8153400e+06   3.7475586e+01
   4.8154630e+06   6.7626953e+01
   4.8154760e+06   4.2968750e+01
   4.8154970e+06   6.2561035e+01
   4.8155370e+06   4.8400879e+01
   4.8155530e+06   3.9123535e+01
   4.8155920e+06   6.7199707e+01
   4.8156110e+06   4.1259766e+01
   4.8156210e+06   3.3874512e+01
   4.8156450e+06   3.9794922e+01
   4.8156590e+06   3.8818359e+01
   4.8157020e+06   3.6926270e+01
   4.8157360e+06   4.2236328e+01
   4.8157700e+06   3.8024902e+01
   4.8158170e+06   4.7302246e+01
   4.8158600e+06   3.4973145e+01
   4.8165430e+06   3.4606934e+01
   4.8865400e+06   3.6499023e+01
   4.8866150e+06   4.6020508e+01
   4.8869970e+06   3.5095215e+01
   4.8871990e+06   3.6926270e+01
   4.8879570e+06   3.4179688e+01
   4.9105240e+06   7.4218750e+01
   4.9105560e+06   6.0363770e+01
   4.9105660e+06   3.6193848e+01
   4.9106050e+06   3.5827637e+01
   4.9106320e+06   3.3386230e+01
   4.9106500e+06   4.0649414e+01
   4.9106760e+06   6.0607910e+01
   4.9107000e+06   5.1025391e+01
   4.9107260e+06   4.0039062e+01
   4.9108750e+06   3.6315918e+01
   4.9455940e+06   3.5156250e+01
   4.9456380e+06   3.6865234e+01
   4.9457210e+06   3.3264160e+01
   4.9458050e+06   4.8889160e+01
   4.9459040e+06   3.4362793e+01
   4.9460480e+06   4.3884277e+01
   4.9462280e+06   3.5156250e+01
   4.9468380e+06   3.4301758e+01
   4.9469610e+06   3.5034180e+01
   4.9809970e+06   3.4912109e+01
   4.9810920e+06   4.2724609e+01
   4.9811640e+06   3.3447266e+01
   4.9812810e+06   3.4484863e+01
   4.9814020e+06   3.3569336e+01
   4.9905620e+06   3.5339355e+01
   4.9933730e+06   3.4912109e+01
   4.9934070e+06   5.7678223e+01
   4.9934180e+06   4.7302246e+01
   4.9934410e+06   4.5104980e+01
   4.9934680e+06   4.8706055e+01
   4.9934940e+06   3.3691406e+01
   4.9935150e+06   3.5461426e+01
   4.9935350e+06   3.5827637e+01
   4.9935650e+06   4.8034668e+01
   4.9935750e+06   4.5654297e+01
   4.9936200e+06   3.3691406e+01
   4.9936440e+06   5.1513672e+01
   4.9937030e+06   3.4545898e+01
   4.9937220e+06   3.6010742e+01
   4.9940780e+06   3.6315918e+01
   5.0081210e+06   3.5949707e+01
   5.0084190e+06   3.6254883e+01
   5.0084900e+06   4.0832520e+01
   5.0086740e+06   3.8024902e+01
   5.0087550e+06   3.4301758e+01
   5.0103330e+06   3.6071777e+01
   5.0547430e+06   3.6254883e+01
   5.0547940e+06   3.8635254e+01
   5.0548780e+06   3.6254883e+01
   5.0549530e+06   3.4484863e+01
   5.0552710e+06   3.5095215e+01
   5.0556050e+06   3.3813477e+01
   5.0568000e+06   3.4484863e+01
   5.0981600e+06   3.3813477e+01
   5.0988160e+06   3.3386230e+01
   5.1000380e+06   3.3264160e+01
   5.1011380e+06   3.4118652e+01
   5.1023600e+06   3.4606934e+01
   5.1029780e+06   3.3508301e+01
   5.1356070e+06   5.0659180e+01
   5.1356430e+06   5.8654785e+01
   5.1356660e+06   4.3151855e+01
   5.1356790e+06   5.1879883e+01
   5.1357060e+06   3.3203125e+01
   5.1357340e+06   3.6926270e+01
   5.1357600e+06   4.8095703e+01
   5.1357740e+06   4.5227051e+01
   5.1358180e+06   4.1687012e+01
   5.1358400e+06   6.0058594e+01
   5.1359080e+06   4.4067383e+01
   5.1362450e+06   3.5705566e+01
   5.1533450e+06   3.4423828e+01
   5.1537850e+06   4.2724609e+01
   5.1539030e+06   3.3508301e+01
   5.1541480e+06   3.4729004e+01
   5.1549240e+06   3.5583496e+01
   5.2145150e+06   4.1625977e+01
   5.2147880e+06   3.5522461e+01
   5.2149420e+06   3.5644531e+01
   5.2167210e+06   3.3874512e+01
   5.2169920e+06   3.5949707e+01
   5.2174900e+06   3.3264160e+01
   5.2188990e+06   3.9184570e+01
   5.2451820e+06   3.3508301e+01
   5.2452420e+06   3.7719727e+01
   5.2454140e+06   3.3752441e+01
   5.2455100e+06   3.3813477e+01
   5.2456470e+06   3.9916992e+01
   5.2457500e+06   3.9062500e+01
   5.2458950e+06   3.4362793e+01
   5.2630060e+06   3.3935547e+01
   5.2634630e+06   3.4423828e+01
   5.2636440e+06   3.5095215e+01
   5.2771210e+06   3.7780762e+01
   5.2779040e+06   3.4851074e+01
   5.2790560e+06   3.4118652e+01
   5.3181410e+06   3.4423828e+01
   5.3191440e+06   3.5827637e+01
   5.3197390e+06   3.4118652e+01
   5.3223730e+06   3.4545898e+01
   5.3244470e+06   3.4240723e+01
   5.3244900e+06   4.2114258e+01
   5.3246330e+06   3.5217285e+01
   5.3270660e+06   3.5705566e+01
   5.3475380e+06   5.9326172e+01
   5.3475510e+06   3.4545898e+01
   5.3475990e+06   4.9621582e+01
   5.3476250e+06   4.1748047e+01
   5.3476350e+06   4.9133301e+01
   5.3476610e+06   3.9733887e+01
   5.3476830e+06   4.1809082e+01
   5.3476990e+06   5.2062988e+01
   5.3477340e+06   4.3334961e+01
   5.3477460e+06   3.7170410e+01
   5.3477620e+06   3.7414551e+01
   5.3477910e+06   4.3640137e+01
   5.3478120e+06   3.3508301e+01
   5.3478280e+06   4.8522949e+01
   5.3478950e+06   3.5949707e+01
   5.3479200e+06   4.0771484e+01
   5.3479400e+06   3.7048340e+01
   5.3479510e+06   3.4301758e+01
   5.3480600e+06   3.3203125e+01
   5.3919520e+06   4.0527344e+01
   5.3919820e+06   6.8969727e+01
   5.3919920e+06   3.5827637e+01
   5.3920160e+06   5.5358887e+01
   5.3920450e+06   3.7231445e+01
   5.3920820e+06   4.7790527e+01
   5.3920970e+06   3.5644531e+01
   5.3921140e+06   4.6508789e+01
   5.3921330e+06   4.5654297e+01
   5.3921620e+06   5.1452637e+01
   5.3921750e+06   3.6560059e+01
   5.3922020e+06   4.2541504e+01
   5.3922170e+06   4.6813965e+01
   5.3922330e+06   3.3203125e+01
   5.3922430e+06   4.1931152e+01
   5.3923080e+06   3.5156250e+01
   5.3923290e+06   3.8208008e+01
   5.4320210e+06   3.8024902e+01
   5.4366690e+06   4.0405273e+01
   5.4385620e+06   3.4545898e+01
   5.4411640e+06   3.5339355e+01
   5.4412060e+06   3.3630371e+01
   5.4425790e+06   4.1564941e+01
   5.4911740e+06   3.7902832e+01
   5.4914460e+06   3.3935547e+01
   5.4929970e+06   3.3630371e+01
   5.5075580e+06   3.8146973e+01
   5.5084920e+06   3.4545898e+01
   5.5091520e+06   3.4545898e+01
   5.5112690e+06   3.3630371e+01
   5.5539570e+06   3.3203125e+01
   5.5557880e+06   4.0161133e+01
   5.5562920e+06   3.3691406e+01
   5.5565800e+06   3.3874512e+01
   5.5568260e+06   3.3325195e+01
   5.5609690e+06   3.5461426e+01
   5.5609970e+06   3.5339355e+01
   5.6049180e+06   3.6193848e+01
   5.6237650e+06   7.2387695e+01
   5.6237960e+06   7.1105957e+01
   5.6238180e+06   3.4301758e+01
   5.6238350e+06   3.5827637e+01
   5.6238590e+06   5.3955078e+01
   5.6238800e+06   3.4484863e+01
   5.6239070e+06   3.4362793e+01
   5.6239250e+06   6.1462402e+01
   5.6239370e+06   3.9611816e+01
   5.6239610e+06   4.4433594e+01
   5.6240000e+06   5.0292969e+01
   5.6240330e+06   5.2612305e+01
   5.6240640e+06   3.3569336e+01
   5.6241080e+06   3.7597656e+01
   5.6377130e+06   3.3630371e+01
   5.6379560e+06   3.5766602e+01
   5.6384790e+06   4.0405273e+01
   5.6388210e+06   3.5949707e+01
   5.6401430e+06   3.7292480e+01
   5.6870250e+06   3.3691406e+01
   5.7108380e+06   3.7170410e+01
   5.7109200e+06   3.4423828e+01
   5.7109910e+06   3.9367676e+01
   5.7110080e+06   3.8879395e+01
   5.7110290e+06   3.4057617e+01
   5.7111390e+06   3.8757324e+01
   5.7111930e+06   3.3447266e+01
   5.7114080e+06   4.2175293e+01
   5.7364990e+06   3.4484863e+01
   5.7385420e+06   3.6926270e+01
   5.7398430e+06   3.4240723e+01
   5.7446270e+06   3.3203125e+01
   5.7730930e+06   3.4851074e+01
   5.7733700e+06   3.5461426e+01
   5.7747980e+06   3.4118652e+01
   5.7752320e+06   3.5156250e+01
   5.7753720e+06   3.9489746e+01
   5.7760510e+06   3.8513184e+01
   5.8217290e+06   4.3273926e+01
   5.8221160e+06   3.5705566e+01
   5.8223400e+06   4.2297363e+01
   5.8437050e+06   3.6437988e+01
   5.8438160e+06   3.6804199e+01
   5.8439430e+06   4.9011230e+01
   5.8441120e+06   4.0588379e+01
   5.8446740e+06   3.8696289e+01
   5.8448290e+06   3.7536621e+01
   5.8448820e+06   3.3325195e+01
   5.8449160e+06   3.5461426e+01
   5.8451270e+06   3.6193848e+01
   5.8459460e+06   3.4790039e+01
   5.8713580e+06   4.1809082e+01
   5.8723940e+06   3.3935547e+01
   5.8741130e+06   4.5654297e+01
   5.8744850e+06   3.4851074e+01
   5.9201980e+06   3.6804199e+01
   5.9202080e+06   4.4006348e+01
   5.9477310e+06   5.4748535e+01
   5.9477780e+06   6.9824219e+01
   5.9478230e+06   4.6752930e+01
   5.9478550e+06   5.2246094e+01
   5.9478770e+06   3.7231445e+01
   5.9478880e+06   4.1381836e+01
   5.9479200e+06   3.9733887e+01
   5.9479330e+06   4.5227051e+01
   5.9479550e+06   3.9550781e+01
   5.9479800e+06   3.3508301e+01
   5.9480130e+06   4.7973633e+01
   5.9480530e+06   5.1879883e+01
   5.9480820e+06   5.0170898e+01
   5.9481120e+06   3.6376953e+01
   5.9481540e+06   3.9245605e+01
   5.9481700e+06   3.4362793e+01
   5.9657100e+06   3.3935547e+01
   5.9975550e+06   3.4606934e+01
   5.9977330e+06   3.5705566e+01
   5.9979310e+06   3.6865234e+01
   6.0185200e+06   4.0588379e+01
   6.0188080e+06   3.3630371e+01
   6.0421720e+06   5.9448242e+01
   6.0421970e+06   3.6132812e+01
   6.0422270e+06   5.0781250e+01
   6.0422470e+06   4.1259766e+01
   6.0422600e+06   3.7292480e+01
   6.0422830e+06   3.7719727e+01
   6.0423630e+06   3.7292480e+01
   6.0423890e+06   3.9611816e+01
   6.0424160e+06   3.9489746e+01
   6.0679130e+06   5.4931641e+01
   6.0679290e+06   3.4545898e+01
   6.1288020e+06   6.4941406e+01
   6.1288310e+06   7.5744629e+01
   6.1288460e+06   3.9916992e+01
   6.1288770e+06   5.2734375e+01
   6.1288910e+06   5.5114746e+01
   6.1289080e+06   3.7170410e+01
   6.1289310e+06   4.7363281e+01
   6.1289610e+06   4.2480469e+01
   6.1289730e+06   5.1147461e+01
   6.1290040e+06   3.3874512e+01
   6.1290410e+06   3.9428711e+01
   6.1290840e+06   3.5156250e+01
   6.1290980e+06   3.6560059e+01
   6.1291850e+06   3.5339355e+01
   6.1437420e+06   5.3039551e+01
   6.1438270e+06   3.5156250e+01
   6.1438880e+06   3.5888672e+01
   6.1439170e+06   7.2448730e+01
   6.1439350e+06   6.5307617e+01
   6.1439560e+06   5.7373047e+01
   6.1439830e+06   4.0649414e+01
   6.1439990e+06   6.2988281e+01
   6.1440460e+06   4.1320801e+01
   6.1440900e+06   5.2795410e+01
   6.1441170e+06   3.4851074e+01
   6.1441310e+06   3.5034180e+01
   6.1441580e+06   3.4423828e+01
   6.1445190e+06   3.5156250e+01
   6.1448020e+06   3.4790039e+01
   6.1453550e+06   3.4606934e+01
   6.1458050e+06   3.3508301e+01
   6.1460490e+06   3.5766602e+01
   6.1461850e+06   3.7536621e+01
   6.1499820e+06   3.7841797e+01
   6.2500150e+06   6.4086914e+01
   6.2500880e+06   6.4208984e+01
   6.2501070e+06   4.8400879e+01
   6.2501220e+06   6.4941406e+01
   6.2501710e+06   5.6335449e+01
   6.2501840e+06   3.9611816e+01
   6.2502100e+06   4.5349121e+01
   6.2502340e+06   6.7687988e+01
   6.2502550e+06   3.3935547e+01
   6.2502820e+06   6.7565918e+01
   6.2503020e+06   4.6875000e+01
   6.2503370e+06   5.9997559e+01
   6.2504180e+06   3.8513184e+01
   6.2504870e+06   4.3273926e+01
   6.2506410e+06   3.4423828e+01
   6.2510730e+06   4.4372559e+01
   6.2679480e+06   4.6813965e+01
   6.2680590e+06   3.6254883e+01
   6.2682060e+06   3.9245605e+01
   6.2682920e+06   3.4729004e+01
   6.2684510e+06   4.2541504e+01
   6.2684820e+06   3.6560059e+01
   6.2685410e+06   3.5339355e+01
   6.2686460e+06   4.2419434e+01
   6.2689110e+06   4.4189453e+01
   6.2728790e+06   3.7109375e+01
   6.3027160e+06   3.4057617e+01
   6.3033340e+06   3.4851074e+01
   6.3442920e+06   3.7597656e+01
   6.3446260e+06   3.7841797e+01
   6.3448700e+06   3.8269043e+01
   6.3451900e+06   3.5949707e+01
   6.3458730e+06   3.4912109e+01
   6.3800000e+06   3.3813477e+01
   6.4045930e+06   3.7475586e+01
   6.4047040e+06   5.4992676e+01
   6.4047960e+06   3.5217285e+01
   6.4292380e+06   3.6132812e+01
   6.4293710e+06   6.7260742e+01
   6.4293940e+06   3.8085938e+01
   6.4294060e+06   5.0842285e+01
   6.4294460e+06   6.9152832e+01
   6.4294690e+06   3.8818359e+01
   6.4294960e+06   4.5959473e+01
   6.4295400e+06   4.7485352e+01
   6.4295600e+06   3.4301758e+01
   6.4296230e+06   4.4616699e+01
   6.4299140e+06   3.4362793e+01
   6.4439980e+06   5.1513672e+01
   6.4440350e+06   4.1870117e+01
   6.4440630e+06   4.1015625e+01
   6.4440910e+06   4.3334961e+01
   6.4441380e+06   6.6284180e+01
   6.4441670e+06   3.4729004e+01
   6.4442040e+06   6.0546875e+01
   6.4442380e+06   3.5644531e+01
   6.4442590e+06   7.3913574e+01
   6.4443360e+06   5.4931641e+01
   6.4443670e+06   4.4677734e+01
   6.4443990e+06   3.7414551e+01
   6.4444380e+06   3.4423828e+01
   6.4444510e+06   3.5461426e+01
   6.4446940e+06   3.6621094e+01
   6.4449200e+06   3.8391113e+01
   6.4817380e+06   3.6193848e+01
   6.4818650e+06   3.5034180e+01
   6.4819540e+06   3.4179688e+01
   6.4819890e+06   3.7963867e+01
   6.4820480e+06   3.7048340e+01
   6.4820900e+06   3.4301758e+01
   6.4821560e+06   3.5400391e+01
   6.4822370e+06   3.7353516e+01
   6.5563430e+06   4.1809082e+01
   6.5571300e+06   3.6010742e+01
   6.5572970e+06   3.5095215e+01
   6.5574910e+06   3.9428711e+01
   6.5603020e+06   5.5786133e+01
   6.5611320e+06   3.5705566e+01
   6.5611780e+06   3.5278320e+01
   6.5617370e+06   4.1992188e+01
   6.5620070e+06   3.9916992e+01
   6.5622380e+06   4.1564941e+01
   6.5817330e+06   5.1757812e+01
   6.5817710e+06   5.5908203e+01
   6.5818150e+06   4.9011230e+01
   6.5818350e+06   3.6499023e+01
   6.5818570e+06   5.2917480e+01
   6.5818800e+06   4.4006348e+01
   6.5819050e+06   3.3508301e+01
   6.5819210e+06   3.5156250e+01
   6.5819380e+06   3.4057617e+01
   6.5819560e+06   4.2541504e+01
   6.5819900e+06   5.5297852e+01
   6.5820110e+06   3.7597656e+01
   6.5820350e+06   4.0222168e+01
   6.5820630e+06   3.7536621e+01
   6.5821100e+06   4.4799805e+01
   6.5821380e+06   3.4790039e+01
   6.6513300e+06   3.6193848e+01
   6.6514220e+06   3.9733887e+01
   6.6516000e+06   3.8269043e+01
   6.6516650e+06   3.4240723e+01
   6.6517440e+06   4.5959473e+01
   6.6518570e+06   3.4423828e+01
   6.6518800e+06   3.5156250e+01
   6.6519170e+06   3.7353516e+01
   6.6519840e+06   4.0771484e+01
   6.6538600e+06   3.5522461e+01
   6.6962650e+06   3.4484863e+01
   6.7180860e+06   4.3334961e+01
   6.7181000e+06   3.5400391e+01
   6.7189280e+06   3.7536621e+01
   6.7197660e+06   3.3813477e+01
   6.7208780e+06   3.3813477e+01
   6.7504580e+06   7.5744629e+01
   6.7504890e+06   5.2246094e+01
   6.7505180e+06   3.9611816e+01
   6.7505470e+06   3.5827637e+01
   6.7505740e+06   6.1096191e+01
   6.7506020e+06   3.8330078e+01
   6.7506200e+06   4.6752930e+01
   6.7506310e+06   3.5278320e+01
   6.7506510e+06   3.3874512e+01
   6.7506700e+06   3.5766602e+01
   6.7506870e+06   3.5644531e+01
   6.8108570e+06   3.9245605e+01
   6.8110380e+06   3.7719727e+01
   6.8111070e+06   3.3874512e+01
   6.8113560e+06   3.6254883e+01
   6.8565030e+06   3.8940430e+01
   6.8568870e+06   3.9489746e+01
   6.8572390e+06   3.5827637e+01
   6.8574230e+06   3.6743164e+01
   6.8574560e+06   3.5522461e+01
   6.8574830e+06   3.3813477e+01
   6.8575040e+06   4.0039062e+01
   6.8575670e+06   3.3996582e+01
   6.8578280e+06   3.4118652e+01
   6.8582240e+06   4.1259766e+01
   6.8595250e+06   3.6254883e+01
   6.8902510e+06   3.6193848e+01
   6.8902770e+06   4.2297363e+01
   6.9152870e+06   3.9306641e+01
   6.9165830e+06   3.3874512e+01
   6.9537120e+06   3.3569336e+01
   6.9544740e+06   3.3508301e+01
   6.9805570e+06   7.5927734e+01
   6.9805850e+06   4.8583984e+01
   6.9806190e+06   4.9316406e+01
   6.9806560e+06   4.5227051e+01
   6.9807050e+06   3.5949707e+01
   6.9807180e+06   3.7353516e+01
   6.9807430e+06   3.7902832e+01
   6.9807560e+06   4.0161133e+01
   6.9807960e+06   3.4973145e+01
   6.9808830e+06   3.7963867e+01
   6.9983220e+06   3.4667969e+01
   6.9983770e+06   8.1726074e+01
   6.9984010e+06   3.5522461e+01
   6.9984460e+06   4.4982910e+01
   6.9984800e+06   3.9428711e+01
   7.0649320e+06   3.4240723e+01
   7.0773960e+06   3.7780762e+01
   7.0774350e+06   3.4912109e+01
   7.0950710e+06   3.8574219e+01
   7.0953240e+06   3.8696289e+01
   7.0954200e+06   3.3874512e+01
   7.0966360e+06   3.5888672e+01
   7.0973240e+06   3.5949707e+01
   7.0974890e+06   4.2907715e+01
   7.0998050e+06   3.4179688e+01
   7.1003400e+06   3.5827637e+01
   7.1003660e+06   4.1687012e+01
   7.1066320e+06   3.8024902e+01
   7.1070900e+06   3.8085938e+01
   7.1405240e+06   3.7109375e+01
   7.1406200e+06   4.6508789e+01
   7.1406990e+06   3.8818359e+01
   7.1408000e+06   4.2663574e+01
   7.1408300e+06   8.4899902e+01
   7.1409090e+06   4.2175293e+01
   7.1409640e+06   3.4179688e+01
   7.1410810e+06   3.9306641e+01
   7.1411910e+06   3.6437988e+01
   7.1710210e+06   4.7912598e+01
   7.1857120e+06   7.2814941e+01
   7.1857410e+06   6.4758301e+01
   7.1857560e+06   3.6254883e+01
   7.1857840e+06   8.3007812e+01
   7.1858060e+06   4.3457031e+01
   7.1858280e+06   4.8767090e+01
   7.1858580e+06   5.8532715e+01
   7.1858910e+06   3.9672852e+01
   7.1859140e+06   6.0791016e+01
   7.1859480e+06   6.0302734e+01
   7.1859920e+06   4.5043945e+01
   7.1860210e+06   3.5095215e+01
   7.1860440e+06   3.6376953e+01
   7.2032420e+06   3.5095215e+01
   7.2033610e+06   3.7597656e+01
   7.2034950e+06   3.3752441e+01
   7.2035190e+06   7.8735352e+01
   7.2035500e+06   3.6071777e+01
   7.2035700e+06   3.5339355e+01
   7.2036010e+06   5.9448242e+01
   7.2036250e+06   3.4484863e+01
   7.2036550e+06   4.7180176e+01
   7.2036760e+06   3.3630371e+01
   7.2036870e+06   3.6254883e+01
   7.2037350e+06   4.5959473e+01
   7.2039620e+06   4.3029785e+01
   7.2738520e+06   4.4555664e+01
   7.2746090e+06   4.3151855e+01
   7.2747320e+06   3.5034180e+01
   7.2748610e+06   4.4921875e+01
   7.2748840e+06   3.6560059e+01
   7.2995490e+06   6.6040039e+01
   7.2995740e+06   3.3691406e+01
   7.2995920e+06   6.4147949e+01
   7.2996330e+06   6.6284180e+01
   7.2996440e+06   7.7758789e+01
   7.2996670e+06   4.2663574e+01
   7.2996980e+06   5.3222656e+01
   7.2997220e+06   3.7780762e+01
   7.2997480e+06   4.5349121e+01
   7.2997590e+06   4.7790527e+01
   7.2997980e+06   4.3518066e+01
   7.2998230e+06   3.9978027e+01
   7.2998480e+06   5.1696777e+01
   7.2999350e+06   4.0405273e+01
   7.3000430e+06   3.6254883e+01
   7.3004280e+06   3.6254883e+01
   7.3228240e+06   3.5705566e+01
   7.3229640e+06   3.4851074e+01
   7.3232210e+06   3.6987305e+01
   7.3233140e+06   3.6010742e+01
   7.3235430e+06   4.3945312e+01
   7.3236630e+06   3.7109375e+01
   7.3241620e+06   3.4118652e+01
   7.3713590e+06   3.3874512e+01
   7.3716180e+06   3.4545898e+01
   7.3719030e+06   3.4606934e+01
   7.3723440e+06   3.8757324e+01
   7.3724220e+06   3.6743164e+01
   7.3726420e+06   3.4301758e+01
   7.4125140e+06   3.7231445e+01
   7.4134780e+06   3.8146973e+01
   7.4143070e+06   3.3874512e+01
   7.4178100e+06   3.5827637e+01
   7.4178750e+06   3.4545898e+01
   7.4180870e+06   3.8330078e+01
   7.4188870e+06   3.6560059e+01
   7.4193180e+06   3.8146973e+01
   7.4672680e+06   5.5419922e+01
   7.4673220e+06   6.2988281e+01
   7.4673600e+06   4.3273926e+01
   7.4674090e+06   3.5339355e+01
   7.4674280e+06   3.7719727e+01
   7.4674510e+06   3.5278320e+01
   7.4674730e+06   4.0283203e+01
   7.4675180e+06   5.1818848e+01
   7.4675350e+06   3.7353516e+01
   7.4675590e+06   3.3630371e+01
   7.4675710e+06   4.0222168e+01
   7.4675960e+06   5.3466797e+01
   7.4676480e+06   3.5705566e+01
   7.4676890e+06   4.3457031e+01
   7.4677010e+06   3.9306641e+01
   7.4677980e+06   3.3813477e+01
   7.4678710e+06   3.4301758e+01
   7.4681140e+06   3.5888672e+01
   7.5108980e+06   3.5583496e+01
   7.5109320e+06   3.7292480e+01
   7.5114030e+06   4.5532227e+01
   7.5115300e+06   4.3945312e+01
   7.5530990e+06   6.7810059e+01
   7.5531210e+06   3.4484863e+01
   7.5531450e+06   3.8574219e+01
   7.5531590e+06   4.2419434e+01
   7.5531740e+06   6.0668945e+01
   7.5532070e+06   6.5917969e+01
   7.5532370e+06   3.9184570e+01
   7.5532730e+06   5.3710938e+01
   7.5533000e+06   3.7231445e+01
   7.5533210e+06   3.8940430e+01
   7.5533810e+06   3.8635254e+01
   7.5533980e+06   3.4912109e+01
   7.5534520e+06   3.7536621e+01
   7.5535060e+06   4.0222168e+01
   7.5719500e+06   3.3752441e+01
   7.5722310e+06   4.3395996e+01
   7.5722570e+06   3.4057617e+01
   7.5723030e+06   5.9753418e+01
   7.5723290e+06   3.8696289e+01
   7.5723910e+06   6.9641113e+01
   7.5724140e+06   3.3508301e+01
   7.5724360e+06   3.7780762e+01
   7.5724520e+06   6.5856934e+01
   7.5724890e+06   3.3691406e+01
   7.5725680e+06   3.5766602e+01
   7.5725800e+06   3.5156250e+01
   7.5726080e+06   3.4973145e+01
   7.5726390e+06   3.9733887e+01
   7.6567900e+06   3.5827637e+01
   7.6568030e+06   7.0739746e+01
   7.6568180e+06   3.3813477e+01
   7.6568640e+06   7.1838379e+01
   7.6569150e+06   7.5866699e+01
   7.6569600e+06   3.3752441e+01
   7.6569830e+06   5.9692383e+01
   7.6570350e+06   3.9245605e+01
   7.6570660e+06   3.8940430e+01
   7.6571190e+06   3.4912109e+01
   7.6802510e+06   5.4321289e+01
   7.6802650e+06   3.5217285e+01
   7.6802860e+06   4.5410156e+01
   7.6803320e+06   4.3090820e+01
   7.6803790e+06   4.0283203e+01
   7.6804090e+06   5.6457520e+01
   7.6804330e+06   4.5959473e+01
   7.6804620e+06   4.8706055e+01
   7.6804890e+06   3.6621094e+01
   7.6805070e+06   3.6376953e+01
   7.6805430e+06   3.8452148e+01
   7.6805570e+06   3.7658691e+01
   7.6808430e+06   3.4118652e+01
   7.6989310e+06   3.4240723e+01
   7.6989810e+06   3.3813477e+01
   7.6990150e+06   3.6376953e+01
   7.6990270e+06   7.6171875e+01
   7.6990500e+06   4.4067383e+01
   7.6990840e+06   3.6437988e+01
   7.6991400e+06   3.3630371e+01
   7.6991790e+06   4.2724609e+01
   7.6992470e+06   4.4738770e+01
   7.6992620e+06   3.9428711e+01
   7.6992860e+06   3.7353516e+01
   7.6993780e+06   4.2968750e+01
   7.6994070e+06   3.5156250e+01
   7.7626040e+06   4.2663574e+01
   7.8234490e+06   5.4077148e+01
   7.8234590e+06   6.7443848e+01
   7.8234930e+06   5.2551270e+01
   7.8235180e+06   4.9255371e+01
   7.8235320e+06   4.6630859e+01
   7.8235440e+06   5.5847168e+01
   7.8235770e+06   3.7536621e+01
   7.8235960e+06   4.1381836e+01
   7.8236210e+06   5.0231934e+01
   7.8236530e+06   4.3518066e+01
   7.8236690e+06   3.6315918e+01
   7.8236920e+06   3.4240723e+01
   7.8237080e+06   3.7780762e+01
   7.8237730e+06   5.2246094e+01
   7.8238370e+06   3.5766602e+01
   7.8449210e+06   3.3630371e+01
   7.8452900e+06   4.4555664e+01
   7.8453120e+06   3.5583496e+01
   7.8456880e+06   3.6865234e+01
   7.8457100e+06   4.4799805e+01
   7.8457970e+06   6.9641113e+01
   7.8458560e+06   3.7231445e+01
   7.8458910e+06   8.2641602e+01
   7.8888730e+06   4.3273926e+01
   7.8889980e+06   3.3630371e+01
   7.8890830e+06   3.4118652e+01
   7.8891330e+06   3.5644531e+01
   7.8900490e+06   3.3691406e+01
   7.8905140e+06   3.5888672e+01
   7.9389450e+06   3.5034180e+01
   7.9395580e+06   3.4179688e+01
   7.9397510e+06   3.4179688e+01
   7.9397720e+06   4.0344238e+01
   7.9399620e+06   3.6071777e+01
   7.9400200e+06   3.8024902e+01
   7.9401120e+06   3.4301758e+01
   7.9401400e+06   3.3874512e+01
   7.9408790e+06   3.5644531e+01
   7.9413830e+06   3.6865234e+01
   7.9424530e+06   3.5278320e+01
   7.9567230e+06   3.4790039e+01
   7.9568070e+06   3.4545898e+01
   7.9569180e+06   3.5217285e+01
   7.9571650e+06   3.3935547e+01
   7.9573730e+06   3.4118652e+01
   7.9575790e+06   3.3569336e+01
   7.9577000e+06   3.3508301e+01
   7.9577950e+06   4.2907715e+01
   7.9580670e+06   3.7414551e+01
   7.9589390e+06   4.0039062e+01
   7.9590800e+06   3.5156250e+01
   8.0178010e+06   3.7658691e+01
   8.0178290e+06   3.4851074e+01
   8.0178590e+06   3.6865234e+01
   8.0190450e+06   3.3752441e+01
   8.0571690e+06   3.6193848e+01
   8.0584180e+06   3.9978027e+01
   8.0670210e+06   4.1809082e+01
   8.0670470e+06   3.3569336e+01
   8.0674760e+06   3.9245605e+01
   8.0683480e+06   3.3630371e+01
   8.1113190e+06   3.4851074e+01
   8.1114150e+06   3.3935547e+01
   8.1114980e+06   3.8513184e+01
   8.1115830e+06   3.4790039e+01
   8.1116070e+06   3.4790039e+01
   8.1116510e+06   3.3508301e+01
   8.1117310e+06   5.4077148e+01
   8.1118080e+06   4.0161133e+01
   8.1359200e+06   3.4667969e+01
   8.1456380e+06   3.4973145e+01
   8.1805960e+06   3.4179688e+01
   8.1857380e+06   3.6865234e+01
   8.1859630e+06   3.3996582e+01
   8.1863210e+06   3.4667969e+01
   8.1865330e+06   3.5949707e+01
   8.1871250e+06   3.9672852e+01
   8.1874800e+06   3.6804199e+01
   8.1875460e+06   3.3508301e+01
   8.2082630e+06   3.5095215e+01
   8.2408650e+06   7.6782227e+01
   8.2409450e+06   4.7607422e+01
   8.2410020e+06   5.6152344e+01
   8.2410420e+06   3.5949707e+01
   8.2410750e+06   4.3884277e+01
   8.2411580e+06   3.3691406e+01
   8.2411880e+06   3.4423828e+01
   8.2412120e+06   3.9978027e+01
   8.2412440e+06   4.4067383e+01
   8.2412730e+06   3.5278320e+01
   8.2413120e+06   3.9794922e+01
   8.2413470e+06   3.5156250e+01
   8.2414740e+06   3.5827637e+01
   8.2415410e+06   3.5705566e+01
   8.2421000e+06   3.4790039e+01
   8.2609570e+06   3.7109375e+01
   8.2609790e+06   3.5034180e+01
   8.2613310e+06   3.3630371e+01
   8.3325950e+06   3.4545898e+01
   8.3328770e+06   3.6315918e+01
   8.3589750e+06   3.8696289e+01
   8.3590870e+06   3.6254883e+01
   8.3821680e+06   5.5847168e+01
   8.3821950e+06   5.2917480e+01
   8.3822280e+06   7.3059082e+01
   8.3822510e+06   5.3649902e+01
   8.3822740e+06   6.2805176e+01
   8.3823140e+06   3.4545898e+01
   8.3823560e+06   3.3935547e+01
   8.3823840e+06   4.3823242e+01
   8.3823940e+06   3.5827637e+01
   8.3824410e+06   6.1279297e+01
   8.3824540e+06   3.4179688e+01
   8.3824890e+06   4.6081543e+01
   8.3825620e+06   3.6743164e+01
   8.3827500e+06   3.3569336e+01
   8.4040050e+06   6.7871094e+01
   8.4040420e+06   6.3903809e+01
   8.4040780e+06   4.6752930e+01
   8.4041290e+06   7.6782227e+01
   8.4041900e+06   3.5705566e+01
   8.4044050e+06   3.6987305e+01
   8.4044470e+06   4.0649414e+01
   8.4045530e+06   3.4667969e+01
   8.4048520e+06   3.7414551e+01
   8.4792240e+06   3.4790039e+01
   8.4794260e+06   4.0222168e+01
   8.4800160e+06   3.4301758e+01
   8.4995790e+06   3.4667969e+01
   8.4998070e+06   3.5522461e+01
   8.4998200e+06   3.3813477e+01
   8.4998450e+06   4.0649414e+01
   8.5007990e+06   3.3630371e+01
   8.5011290e+06   3.8269043e+01
   8.5022120e+06   3.7292480e+01
   8.5075610e+06   3.3630371e+01
   8.5514110e+06   5.5114746e+01
   8.5514440e+06   6.3598633e+01
   8.5514660e+06   3.8940430e+01
   8.5514790e+06   6.2316895e+01
   8.5515040e+06   6.2255859e+01
   8.5515310e+06   6.5856934e+01
   8.5515650e+06   4.5104980e+01
   8.5515890e+06   3.6804199e+01
   8.5516040e+06   7.2021484e+01
   8.5516390e+06   5.0720215e+01
   8.5516490e+06   5.8898926e+01
   8.5516880e+06   3.6682129e+01
   8.5517770e+06   3.8391113e+01
   8.5518030e+06   3.7597656e+01
   8.5618780e+06   3.3813477e+01
   8.6119430e+06   3.7475586e+01
   8.6121110e+06   4.0588379e+01
   8.6123220e+06   3.4912109e+01
   8.6126260e+06   3.8696289e+01
   8.6129490e+06   3.3508301e+01
   8.6133760e+06   3.3569336e+01
   8.6151610e+06   3.4423828e+01
   8.6219500e+06   3.6865234e+01
   8.6948650e+06   3.5034180e+01
   8.6953240e+06   3.4667969e+01
   8.6953660e+06   3.4484863e+01
   8.6957700e+06   3.3569336e+01
   8.6963080e+06   3.4301758e+01
   8.6965520e+06   3.5949707e+01
   8.6968960e+06   3.8269043e+01
   8.6977990e+06   3.5400391e+01
   8.6982010e+06   3.7963867e+01
   8.6997700e+06   4.3334961e+01
   8.7246010e+06   3.4790039e+01
   8.7544180e+06   8.6608887e+01
   8.7544450e+06   6.7565918e+01
   8.7544810e+06   3.6315918e+01
   8.7545120e+06   4.1198730e+01
   8.7545250e+06   5.0292969e+01
   8.7545440e+06   3.6621094e+01
   8.7545590e+06   3.9550781e+01
   8.7545820e+06   6.0913086e+01
   8.7545960e+06   4.8339844e+01
   8.7546180e+06   5.0354004e+01
   8.7546530e+06   5.5786133e+01
   8.7546980e+06   4.1381836e+01
   8.7547120e+06   7.4218750e+01
   8.7547410e+06   3.6743164e+01
   8.7547800e+06   3.4118652e+01
   8.7548610e+06   3.5644531e+01
   8.7740750e+06   3.5095215e+01
   8.7742790e+06   3.8574219e+01
   8.7749230e+06   3.5339355e+01
   8.7749590e+06   3.5217285e+01
   8.7750510e+06   3.6193848e+01
   8.8070810e+06   4.2053223e+01
   8.8405030e+06   3.7902832e+01
   8.8412230e+06   3.3813477e+01
   8.8415270e+06   3.3874512e+01
   8.8719340e+06   3.4729004e+01
   8.8731330e+06   4.1931152e+01
   8.8732050e+06   3.9611816e+01
   8.8733060e+06   3.5461426e+01
   8.8733500e+06   4.1442871e+01
   8.8734550e+06   3.5278320e+01
   8.8735080e+06   3.4484863e+01
   8.9034620e+06   3.4301758e+01
   8.9047510e+06   3.5400391e+01
   8.9049360e+06   3.6376953e+01
   8.9050800e+06   3.4790039e+01
   8.9056650e+06   3.4240723e+01
   8.9494540e+06   3.7597656e+01
   8.9494670e+06   6.6528320e+01
   8.9494980e+06   6.5368652e+01
   8.9495260e+06   4.6508789e+01
   8.9495480e+06   6.3476562e+01
   8.9495730e+06   3.6010742e+01
   8.9496040e+06   3.9428711e+01
   8.9496350e+06   4.7729492e+01
   8.9496750e+06   3.9489746e+01
   8.9497240e+06   3.5217285e+01
   8.9497940e+06   3.8024902e+01
   8.9500190e+06   3.5644531e+01
   8.9501980e+06   4.0710449e+01
   8.9504470e+06   3.6132812e+01
   8.9696840e+06   3.4790039e+01
   8.9697070e+06   3.5888672e+01
   8.9698910e+06   4.4982910e+01
   8.9699720e+06   3.4423828e+01
   8.9700480e+06   3.3752441e+01
   8.9700600e+06   3.4545898e+01
   8.9701220e+06   3.7414551e+01
   8.9701440e+06   7.2998047e+01
   8.9701550e+06   3.9001465e+01
   8.9702050e+06   8.3801270e+01
   8.9702390e+06   3.3569336e+01
   8.9702890e+06   3.4790039e+01
   8.9703220e+06   4.6630859e+01
   9.0112350e+06   3.3691406e+01
   9.0113670e+06   3.8635254e+01
   9.0115010e+06   3.6010742e+01
   9.0117360e+06   3.4057617e+01
   9.0461580e+06   4.3334961e+01
   9.0462700e+06   3.9245605e+01
   9.0463580e+06   3.4790039e+01
   9.0464580e+06   3.6560059e+01
   9.0466260e+06   3.5034180e+01
   9.0466910e+06   3.5888672e+01
   9.0468370e+06   3.7780762e+01
   9.0470310e+06   3.5888672e+01
   9.0473550e+06   3.4545898e+01
   9.0872390e+06   3.4973145e+01
   9.0875210e+06   4.2846680e+01
   9.0876630e+06   3.8085938e+01
   9.0879640e+06   3.9550781e+01
   9.1363290e+06   5.2734375e+01
   9.1363570e+06   6.8298340e+01
   9.1363840e+06   4.4860840e+01
   9.1363960e+06   5.1452637e+01
   9.1364420e+06   6.4086914e+01
   9.1364750e+06   3.9672852e+01
   9.1365050e+06   5.6274414e+01
   9.1365160e+06   4.5776367e+01
   9.1365520e+06   4.8828125e+01
   9.1365830e+06   3.6010742e+01
   9.1367040e+06   3.4790039e+01
   9.1367590e+06   3.4301758e+01
   9.1369690e+06   3.6010742e+01
   9.1379770e+06   3.8146973e+01
   9.1626910e+06   4.4250488e+01
   9.1629320e+06   3.6560059e+01
   9.1629760e+06   3.8879395e+01
   9.2243660e+06   3.3569336e+01
   9.2254160e+06   3.9489746e+01
   9.2409140e+06   3.5766602e+01
   9.2420580e+06   5.7006836e+01
   9.2420680e+06   3.7353516e+01
   9.2420940e+06   6.4758301e+01
   9.2421390e+06   5.3283691e+01
   9.2421630e+06   3.8879395e+01
   9.2421850e+06   3.8818359e+01
   9.2421970e+06   4.0527344e+01
   9.2422280e+06   6.5063477e+01
   9.2422550e+06   4.4677734e+01
   9.2422740e+06   8.4228516e+01
   9.2422990e+06   4.1992188e+01
   9.2423090e+06   6.6223145e+01
   9.2423670e+06   3.8269043e+01
   9.2423990e+06   4.0344238e+01
   9.2424340e+06   3.3691406e+01
   9.3286310e+06   3.7475586e+01
   9.3302700e+06   3.9611816e+01
   9.3308690e+06   3.6071777e+01
   9.3587140e+06   3.6010742e+01
   9.3588360e+06   6.7138672e+01
   9.3588680e+06   5.5236816e+01
   9.3588870e+06   4.7607422e+01
   9.3589180e+06   4.8461914e+01
   9.3589610e+06   4.3273926e+01
   9.3589910e+06   5.0048828e+01
   9.3590150e+06   4.7668457e+01
   9.3590490e+06   3.8330078e+01
   9.3590760e+06   4.9865723e+01
   9.3591280e+06   3.7475586e+01
   9.3591420e+06   3.8574219e+01
   9.3591780e+06   4.2114258e+01
   9.3592130e+06   4.1198730e+01
   9.3592700e+06   4.3273926e+01
   9.3598620e+06   3.5766602e+01
   9.3788920e+06   3.5034180e+01
   9.3789980e+06   3.4179688e+01
   9.3793870e+06   3.5766602e+01
   9.3797400e+06   3.4179688e+01
   9.4178160e+06   3.5583496e+01
   9.4521080e+06   3.3996582e+01
   9.4521900e+06   3.6071777e+01
   9.4522810e+06   4.1320801e+01
   9.4523570e+06   3.3935547e+01
   9.4524260e+06   3.9001465e+01
   9.4764280e+06   3.7963867e+01
   9.4765030e+06   3.7414551e+01
   9.5045920e+06   4.5043945e+01
   9.5046330e+06   3.3813477e+01
   9.5047270e+06   3.8085938e+01
   9.5063720e+06   3.6010742e+01
   9.5389260e+06   3.5400391e+01
   9.5394570e+06   3.5400391e+01
   9.5959260e+06   6.4453125e+01
   9.5959810e+06   5.1452637e+01
   9.5960180e+06   3.8085938e+01
   9.5960370e+06   5.9020996e+01
   9.5960710e+06   3.5766602e+01
   9.5960860e+06   4.4982910e+01
   9.5961160e+06   5.2551270e+01
   9.5961500e+06   4.5227051e+01
   9.5961600e+06   4.8278809e+01
   9.5961830e+06   3.9855957e+01
   9.5962420e+06   3.5217285e+01
   9.5963070e+06   4.7424316e+01
   9.5963830e+06   3.5034180e+01
   9.6534090e+06   3.6193848e+01
   9.6543190e+06   3.3630371e+01
   9.6546360e+06   3.4851074e+01
   9.6549340e+06   3.7231445e+01
   9.6829820e+06   7.1899414e+01
   9.6830140e+06   4.7790527e+01
   9.6830420e+06   3.8146973e+01
   9.6830570e+06   5.4748535e+01
   9.6830830e+06   3.9978027e+01
   9.6831190e+06   4.4677734e+01
   9.6831350e+06   4.2724609e+01
   9.6831630e+06   3.6376953e+01
   9.6832080e+06   5.3344727e+01
   9.6832270e+06   3.9550781e+01
   9.6832900e+06   3.4423828e+01
   9.6833170e+06   3.4851074e+01
   9.6833730e+06   3.4484863e+01
   9.6835120e+06   4.4311523e+01
   9.6838840e+06   3.6804199e+01
   9.7013330e+06   3.5705566e+01
   9.7014480e+06   4.5593262e+01
   9.7014780e+06   4.2785645e+01
   9.7014890e+06   3.6071777e+01
   9.7015300e+06   5.9997559e+01
   9.7015550e+06   5.0598145e+01
   9.7015700e+06   4.8461914e+01
   9.7016120e+06   3.4118652e+01
   9.7016260e+06   3.4912109e+01
   9.7016380e+06   3.9184570e+01
   9.7016740e+06   4.5410156e+01
   9.7017170e+06   3.3996582e+01
   9.7017440e+06   3.7597656e+01
   9.7017680e+06   3.6499023e+01
   9.7017900e+06   3.6437988e+01
   9.7025130e+06   3.6315918e+01
   9.7599000e+06   3.6560059e+01
   9.7602040e+06   3.6804199e+01
   9.7833050e+06   3.3874512e+01
   9.8103160e+06   3.3691406e+01
   9.8107640e+06   7.0617676e+01
   9.8108000e+06   5.1208496e+01
   9.8108410e+06   5.1025391e+01
   9.8108540e+06   4.5104980e+01
   9.8108860e+06   3.8818359e+01
   9.8109010e+06   4.6813965e+01
   9.8109230e+06   5.1452637e+01
   9.8109540e+06   5.4748535e+01
   9.8109820e+06   5.1086426e+01
   9.8110130e+06   3.4179688e+01
   9.8110420e+06   5.6213379e+01
   9.8110550e+06   3.3752441e+01
   9.8110760e+06   3.6865234e+01
   9.8111330e+06   3.4362793e+01
   9.8113430e+06   3.3691406e+01
   9.8116380e+06   3.8024902e+01
   9.8404910e+06   3.3935547e+01
   9.8410670e+06   3.9550781e+01
   9.8413370e+06   4.1442871e+01
   9.8414610e+06   3.6437988e+01
   9.9153590e+06   3.5949707e+01
   9.9158550e+06   6.8664551e+01
   9.9158880e+06   5.4931641e+01
   9.9159130e+06   4.2785645e+01
   9.9159290e+06   4.4677734e+01
   9.9159440e+06   3.6254883e+01
   9.9159690e+06   3.7963867e+01
   9.9159820e+06   3.9733887e+01
   9.9160280e+06   3.3935547e+01
   9.9160430e+06   4.7119141e+01
   9.9160690e+06   4.1931152e+01
   9.9160900e+06   5.1696777e+01
   9.9161250e+06   6.2744141e+01
   9.9161350e+06   3.8574219e+01
   9.9161670e+06   3.5705566e+01
   9.9161890e+06   4.1015625e+01
   9.9162850e+06   3.7597656e+01
   9.9163430e+06   3.6193848e+01
   9.9340560e+06   3.4545898e+01
   9.9344760e+06   4.0161133e+01
   9.9346030e+06   3.9001465e+01
   9.9346700e+06   4.2663574e+01
   9.9629560e+06   4.8583984e+01
   9.9634930e+06   3.8085938e+01
   9.9641390e+06   4.8522949e+01
   9.9649330e+06   3.4790039e+01
   1.0014976e+07   4.2480469e+01
   1.0015262e+07   3.5034180e+01
   1.0015361e+07   3.6682129e+01
   1.0015714e+07   4.1137695e+01
   1.0017883e+07   3.3691406e+01
   1.0018181e+07   3.3874512e+01
   1.0026811e+07   3.6193848e+01
   1.0026833e+07   4.1320801e+01
   1.0027919e+07   3.6926270e+01
   1.0080562e+07   3.4057617e+01
   1.0083531e+07   3.4667969e+01
   1.0089980e+07   3.3935547e+01
   1.0090983e+07   3.3569336e+01
   1.0141987e+07   3.5034180e+01
   1.0142031e+07   3.4790039e+01
   1.0180597e+07   3.5217285e+01
   1.0181770e+07   3.3874512e+01
   1.0183440e+07   3.7475586e+01
   1.0184964e+07   3.4362793e+01
   1.0200672e+07   4.3273926e+01
   1.0200770e+07   3.3752441e+01
   1.0200952e+07   3.4790039e+01
   1.0230481e+07   3.5217285e+01
   1.0231110e+07   3.3630371e+01
   1.0231152e+07   4.3701172e+01
   1.0231562e+07   3.4057617e+01
   1.0233554e+07   3.4362793e+01
   1.0266284e+07   3.4118652e+01
   1.0267101e+07   3.6132812e+01
   1.0267403e+07   3.8574219e+01
   1.0267455e+07   4.4860840e+01
   1.0292153e+07   3.5766602e+01
   1.0292855e+07   3.4851074e+01
   1.0293476e+07   3.6621094e+01
   1.0358126e+07   3.7292480e+01
   1.0358206e+07   7.7453613e+01
   1.0358255e+07   5.8410645e+01
   1.0358268e+07   3.9794922e+01
   1.0358301e+07   6.9641113e+01
   1.0358318e+07   3.4362793e+01
   1.0358356e+07   6.1828613e+01
   1.0358385e+07   4.9804688e+01
   1.0358439e+07   4.8522949e+01
   1.0358498e+07   3.6071777e+01
   1.0358671e+07   3.7719727e+01
   1.0358714e+07   3.3874512e+01
   1.0358827e+07   3.4179688e+01
   1.0397596e+07   4.1687012e+01
   1.0398697e+07   3.4667969e+01
   1.0446345e+07   3.4790039e+01
   1.0474698e+07   3.3813477e+01
   1.0475061e+07   3.4729004e+01
   1.0475384e+07   3.7109375e+01
   1.0475438e+07   4.2419434e+01
   1.0475805e+07   3.6499023e+01
   1.0476651e+07   4.6142578e+01
   1.0509814e+07   3.3752441e+01
   1.0509861e+07   3.5095215e+01
   1.0509911e+07   3.5278320e+01
   1.0509942e+07   3.6132812e+01
   1.0509993e+07   4.0832520e+01
   1.0510041e+07   4.2053223e+01
   1.0510080e+07   3.6132812e+01
   1.0510134e+07   3.5766602e+01
   1.0510223e+07   4.2236328e+01
   1.0554675e+07   3.7658691e+01
   1.0603411e+07   3.6621094e+01
   1.0636906e+07   3.7109375e+01
   1.0637153e+07   3.3569336e+01
   1.0638031e+07   3.8146973e+01
   1.0638718e+07   4.0649414e+01
   1.0674104e+07   3.5400391e+01
   1.0680023e+07   3.3813477e+01
   1.0681017e+07   8.0383301e+01
   1.0681047e+07   6.8664551e+01
   1.0681082e+07   4.9926758e+01
   1.0681094e+07   4.4494629e+01
   1.0681111e+07   8.3068848e+01
   1.0681135e+07   3.8269043e+01
   1.0681165e+07   4.9682617e+01
   1.0681193e+07   5.0659180e+01
   1.0681204e+07   4.1076660e+01
   1.0681223e+07   5.1452637e+01
   1.0681253e+07   5.8593750e+01
   1.0681279e+07   3.5156250e+01
   1.0681292e+07   4.3701172e+01
   1.0681305e+07   4.1503906e+01
   1.0681339e+07   3.6071777e+01
   1.0681382e+07   3.3996582e+01
   1.0682134e+07   3.7658691e+01
   1.0700663e+07   3.5827637e+01
   1.0700710e+07   4.1931152e+01
   1.0700815e+07   3.6437988e+01
   1.0701034e+07   4.0710449e+01
   1.0701183e+07   3.4484863e+01
   1.0701440e+07   4.3334961e+01
   1.0701486e+07   3.9489746e+01
   1.0701532e+07   3.7536621e+01
   1.0702100e+07   4.5227051e+01
   1.0758855e+07   3.7963867e+01
   1.0759533e+07   3.8635254e+01
   1.0760054e+07   3.9001465e+01
   1.0760516e+07   3.7658691e+01
   1.0792521e+07   3.4851074e+01
   1.0792811e+07   3.3813477e+01
   1.0793052e+07   3.6865234e+01
   1.0808731e+07   4.5166016e+01
   1.0810305e+07   3.3691406e+01
   1.0810323e+07   4.0039062e+01
   1.0810524e+07   3.4912109e+01
   1.0829651e+07   3.3874512e+01
   1.0829881e+07   3.4484863e+01
   1.0875528e+07   3.5705566e+01
   1.0914455e+07   7.1777344e+01
   1.0914485e+07   7.3059082e+01
   1.0914506e+07   5.0720215e+01
   1.0914532e+07   3.9428711e+01
   1.0914567e+07   5.6884766e+01
   1.0914595e+07   4.6691895e+01
   1.0914627e+07   5.2917480e+01
   1.0914656e+07   4.4372559e+01
   1.0914696e+07   6.4941406e+01
   1.0914765e+07   5.9326172e+01
   1.0914890e+07   3.4973145e+01
   1.0915183e+07   4.1809082e+01
   1.0933182e+07   4.3884277e+01
   1.0933357e+07   4.3457031e+01
   1.0933583e+07   3.6254883e+01
   1.0933777e+07   3.9794922e+01
   1.0934040e+07   3.3691406e+01
   1.0934431e+07   3.7475586e+01
   1.0934521e+07   3.8330078e+01
   1.0981694e+07   3.4179688e+01
   1.0983193e+07   4.2297363e+01
   1.0983971e+07   3.6254883e+01
   1.0984079e+07   3.6437988e+01
   1.1014564e+07   4.2175293e+01
   1.1014676e+07   3.3996582e+01
   1.1014736e+07   3.9123535e+01
   1.1014760e+07   4.1625977e+01
   1.1014773e+07   4.4494629e+01
   1.1014887e+07   3.4362793e+01
   1.1025203e+07   3.5644531e+01
   1.1068507e+07   3.3569336e+01
   1.1069732e+07   3.5522461e+01
   1.1069906e+07   3.6682129e+01
   1.1070141e+07   3.3813477e+01
   1.1098833e+07   3.4606934e+01
   1.1099441e+07   3.9123535e+01
   1.1099774e+07   3.4240723e+01
   1.1100054e+07   3.3813477e+01
   1.1156341e+07   4.6142578e+01
   1.1156370e+07   6.9580078e+01
   1.1156395e+07   3.4667969e+01
   1.1156408e+07   5.0292969e+01
   1.1156448e+07   3.9428711e+01
   1.1156473e+07   6.4514160e+01
   1.1156487e+07   5.9448242e+01
   1.1156501e+07   4.4921875e+01
   1.1156523e+07   5.1513672e+01
   1.1156555e+07   5.3527832e+01
   1.1156566e+07   4.5043945e+01
   1.1156582e+07   4.4799805e+01
   1.1156594e+07   3.4790039e+01
   1.1156608e+07   3.6621094e+01
   1.1156647e+07   3.3996582e+01
   1.1156748e+07   3.7475586e+01
   1.1156784e+07   3.8452148e+01
   1.1179840e+07   3.6376953e+01
   1.1180194e+07   3.9978027e+01
   1.1180212e+07   3.4729004e+01
   1.1181239e+07   3.4545898e+01
   1.1181474e+07   3.6193848e+01
   1.1253147e+07   4.8400879e+01
   1.1253188e+07   5.5725098e+01
   1.1253205e+07   5.0659180e+01
   1.1253228e+07   5.6884766e+01
   1.1253243e+07   4.1015625e+01
   1.1253280e+07   6.2133789e+01
   1.1253301e+07   3.7475586e+01
   1.1253313e+07   3.4118652e+01
   1.1253329e+07   4.3579102e+01
   1.1253360e+07   5.9387207e+01
   1.1253389e+07   4.3151855e+01
   1.1253483e+07   4.0832520e+01
   1.1253634e+07   3.5400391e+01
   1.1254457e+07   3.7048340e+01
   1.1287707e+07   3.8574219e+01
   1.1302915e+07   3.6560059e+01
   1.1303101e+07   4.4006348e+01
   1.1303343e+07   3.3813477e+01
   1.1339187e+07   3.6010742e+01
   1.1339988e+07   3.8574219e+01
   1.1340691e+07   3.4362793e+01
   1.1376840e+07   3.3569336e+01
   1.1391801e+07   3.7109375e+01
   1.1391836e+07   5.0109863e+01
   1.1391868e+07   3.7353516e+01
   1.1391882e+07   6.1340332e+01
   1.1391899e+07   4.2907715e+01
   1.1391923e+07   3.8391113e+01
   1.1391956e+07   6.7871094e+01
   1.1391988e+07   6.6650391e+01
   1.1392018e+07   3.3935547e+01
   1.1392042e+07   3.6132812e+01
   1.1392101e+07   3.3630371e+01
   1.1392463e+07   3.3691406e+01
   1.1393590e+07   3.6071777e+01
   1.1416326e+07   3.9184570e+01
   1.1416486e+07   3.7475586e+01
   1.1416694e+07   3.5461426e+01
   1.1467787e+07   4.7119141e+01
   1.1467813e+07   3.5766602e+01
   1.1513277e+07   3.6254883e+01
   1.1513848e+07   3.8024902e+01
   1.1514128e+07   3.6926270e+01
   1.1514788e+07   3.3935547e+01
   1.1542408e+07   3.3630371e+01
   1.1543314e+07   3.7902832e+01
   1.1543584e+07   3.9550781e+01
   1.1544316e+07   3.3874512e+01
   1.1547290e+07   3.3996582e+01
   1.1608351e+07   3.4851074e+01
   1.1608460e+07   4.3701172e+01
   1.1608730e+07   3.7475586e+01
   1.1609076e+07   3.4484863e+01
   1.1657008e+07   3.5766602e+01
   1.1667685e+07   3.9978027e+01
   1.1667972e+07   4.2358398e+01
   1.1668227e+07   3.4973145e+01
   1.1668531e+07   3.6865234e+01
   1.1668542e+07   3.7658691e+01
   1.1668660e+07   3.4667969e+01
   1.1668801e+07   3.8818359e+01
   1.1668812e+07   4.6142578e+01
   1.1670725e+07   3.5705566e+01
   1.1673424e+07   3.5827637e+01
   1.1726962e+07   4.8400879e+01
   1.1726991e+07   5.3405762e+01
   1.1727045e+07   7.7148438e+01
   1.1727059e+07   3.7231445e+01
   1.1727092e+07   6.2561035e+01
   1.1727132e+07   5.5725098e+01
   1.1727158e+07   3.7780762e+01
   1.1727183e+07   6.1767578e+01
   1.1727254e+07   3.3813477e+01
   1.1727274e+07   3.4912109e+01
   1.1727287e+07   3.8757324e+01
   1.1727308e+07   3.3813477e+01
   1.1727459e+07   3.5766602e+01
   1.1727682e+07   3.7719727e+01
   1.1727698e+07   3.9916992e+01
   1.1788322e+07   3.5461426e+01
   1.1789167e+07   6.3964844e+01
   1.1789617e+07   3.3996582e+01
   1.1789683e+07   5.4504395e+01
   1.1789695e+07   4.8889160e+01
   1.1789720e+07   6.3476563e+01
   1.1789738e+07   3.8940430e+01
   1.1789756e+07   3.6071777e+01
   1.1789773e+07   4.9804688e+01
   1.1789794e+07   4.0405273e+01
   1.1789822e+07   5.4138184e+01
   1.1789876e+07   4.6081543e+01
   1.1789886e+07   3.5705566e+01
   1.1789904e+07   3.8513184e+01
   1.1789950e+07   4.5959473e+01
   1.1791143e+07   3.3630371e+01
   1.1814502e+07   4.2846680e+01
   1.1815019e+07   3.7658691e+01
   1.1815069e+07   4.3090820e+01
   1.1815112e+07   3.5400391e+01
   1.1815130e+07   4.3701172e+01
   1.1815148e+07   3.3813477e+01
   1.1815257e+07   3.5644531e+01
   1.1815431e+07   3.3630371e+01
   1.1862223e+07   3.9184570e+01
   1.1862877e+07   3.6499023e+01
   1.1863106e+07   3.4484863e+01
   1.1863219e+07   3.4057617e+01
   1.1863353e+07   3.4912109e+01
   1.1912108e+07   3.4362793e+01
   1.1912615e+07   4.4311523e+01
   1.1912714e+07   3.7719727e+01
   1.1941348e+07   3.4301758e+01
   1.1941621e+07   3.5644531e+01
   1.1941885e+07   3.5034180e+01
