   8.9970000e+06   0.0000000e+00
   4.2364000e+04   1.7150879e+01
   1.9946500e+05   1.7639160e+01
   5.5994200e+05   1.6906738e+01
   9.3236800e+05   1.9104004e+01
   1.0762830e+06   1.7150879e+01
   1.4916550e+06   1.7272949e+01
   1.5424100e+06   1.7395020e+01
   1.7244320e+06   1.8493652e+01
   1.7423200e+06   1.7333984e+01
   4.9113500e+06   1.8859863e+01
   5.8370290e+06   1.7028809e+01
   5.9662700e+06   1.7028809e+01
   5.9667150e+06   1.7517090e+01
   6.3624240e+06   2.2277832e+01
   7.2446680e+06   1.7089844e+01
   7.3559210e+06   1.7639160e+01
   8.7352940e+06   1.6540527e+01
   8.7362480e+06   1.7944336e+01
