   8.9970000e+06   0.0000000e+00
   6.6726000e+04   4.4311523e+01
   3.4771200e+05   4.6325684e+01
   3.5114000e+05   4.5715332e+01
   5.0444000e+05   4.7058105e+01
   6.6415100e+05   4.8889160e+01
   6.6431200e+05   4.0893555e+01
   6.6506400e+05   4.2724609e+01
   6.6519200e+05   3.7170410e+01
   6.6556300e+05   4.1442871e+01
   9.2809700e+05   3.7841797e+01
   9.2831200e+05   3.6376953e+01
   9.2844000e+05   3.3203125e+01
   9.2870100e+05   3.8452148e+01
   9.2894400e+05   3.5339355e+01
   9.2910600e+05   3.5827637e+01
   9.2927000e+05   3.4240723e+01
   9.2951400e+05   3.5705566e+01
   9.2984800e+05   3.3996582e+01
   2.0688170e+06   4.5410156e+01
   2.0981390e+06   4.6447754e+01
   2.0981880e+06   3.1250000e+01
   2.0983930e+06   2.2888184e+01
   2.0984880e+06   2.2155762e+01
   2.0985560e+06   1.9775391e+01
   2.0986600e+06   3.0517578e+01
   2.0988000e+06   2.7404785e+01
   2.0988840e+06   2.3254395e+01
   2.0990410e+06   3.1311035e+01
   2.0991430e+06   2.7404785e+01
   2.0992290e+06   2.2705078e+01
   2.0994900e+06   3.7353516e+01
   2.0996530e+06   3.0029297e+01
   2.0997920e+06   3.0334473e+01
   2.0999520e+06   2.8564453e+01
   3.5680780e+06   4.2907715e+01
   3.5704270e+06   4.5349121e+01
   3.5710150e+06   4.4738770e+01
   3.5720950e+06   4.4433594e+01
   3.5737190e+06   4.0161133e+01
   3.5738800e+06   4.1870117e+01
   3.5739780e+06   3.1982422e+01
   3.5741590e+06   3.9123535e+01
   3.9913050e+06   4.8889160e+01
   3.9913840e+06   3.8269043e+01
   3.9914960e+06   3.7780762e+01
   3.9923360e+06   3.9733887e+01
   3.9928920e+06   4.8461914e+01
   3.9946540e+06   4.2724609e+01
   3.9947530e+06   3.0761719e+01
   3.9949290e+06   3.7048340e+01
   3.9950460e+06   3.4912109e+01
   3.9951930e+06   3.3691406e+01
   3.9953490e+06   3.6071777e+01
   3.9955630e+06   3.8879395e+01
   4.4775760e+06   4.3640137e+01
   4.4777740e+06   4.5776367e+01
   4.4784760e+06   4.6813965e+01
   4.4807690e+06   4.9255371e+01
   4.4809720e+06   4.4433594e+01
   4.4823300e+06   3.8879395e+01
   4.4824460e+06   3.6621094e+01
   4.7573230e+06   5.3100586e+01
   4.7573810e+06   3.4851074e+01
   4.7574320e+06   2.2033691e+01
   4.7575100e+06   2.1179199e+01
   4.7575940e+06   2.1606445e+01
   4.7576820e+06   2.4169922e+01
   4.7577950e+06   2.8015137e+01
   4.7579340e+06   3.1555176e+01
   4.7580390e+06   2.8137207e+01
   4.7581740e+06   2.8930664e+01
   4.7583360e+06   3.5644531e+01
   4.7584410e+06   2.3559570e+01
   4.7585750e+06   2.8076172e+01
   4.7588400e+06   2.6977539e+01
   4.7589490e+06   2.7465820e+01
   4.9117840e+06   4.4982910e+01
   4.9124430e+06   4.0893555e+01
   5.8128870e+06   4.5349121e+01
   5.8129660e+06   4.1625977e+01
   5.8130200e+06   1.9531250e+01
   5.8131200e+06   3.1433105e+01
   5.8133090e+06   4.0161133e+01
   5.8134810e+06   3.2714844e+01
   5.8135950e+06   3.1250000e+01
   5.8137600e+06   3.4362793e+01
   5.8139660e+06   3.4667969e+01
   5.8671430e+06   2.2094727e+01
   6.3654260e+06   4.7546387e+01
   6.3655180e+06   4.0283203e+01
   6.3656300e+06   2.5451660e+01
   6.3657450e+06   3.0090332e+01
   6.3658900e+06   3.3996582e+01
   6.3660320e+06   3.4973145e+01
   6.3661870e+06   3.3203125e+01
   6.3663340e+06   3.0883789e+01
   6.3664770e+06   3.0822754e+01
   6.3667700e+06   3.9916992e+01
   6.6347670e+06   4.3518066e+01
   7.0512080e+06   4.5776367e+01
   7.0513220e+06   3.8452148e+01
   7.0515110e+06   3.8574219e+01
   7.0516520e+06   2.6916504e+01
   7.0517760e+06   3.2592773e+01
   7.0520420e+06   3.3630371e+01
   7.3804250e+06   4.1931152e+01
   7.3813170e+06   4.6630859e+01
   7.3820870e+06   3.9855957e+01
   7.3832900e+06   3.9855957e+01
   7.3845770e+06   3.8085938e+01
   7.3866430e+06   4.7363281e+01
   7.3866950e+06   2.6733398e+01
   7.3867730e+06   3.1311035e+01
   7.3868570e+06   2.3620605e+01
   7.3869550e+06   2.9052734e+01
   7.3870410e+06   2.8259277e+01
   7.3871690e+06   3.0944824e+01
   7.3873670e+06   3.7170410e+01
   7.9140250e+06   4.0527344e+01
   7.9140820e+06   3.0578613e+01
   7.9141440e+06   1.9714355e+01
   7.9142270e+06   2.6367188e+01
   7.9143870e+06   3.6376953e+01
   7.9145020e+06   3.4484863e+01
   7.9147630e+06   4.4860840e+01
   7.9148240e+06   2.2949219e+01
   7.9149610e+06   3.3447266e+01
   7.9151780e+06   3.9062500e+01
   7.9153580e+06   3.2653809e+01
   7.9156570e+06   3.5400391e+01
   7.9157720e+06   3.3386230e+01
   7.9159560e+06   3.4912109e+01
   7.9162980e+06   3.5278320e+01
   7.9164430e+06   2.9541016e+01
   8.6938660e+06   4.7241211e+01
   8.6953140e+06   4.3334961e+01
   8.6953970e+06   3.7231445e+01
   8.6958460e+06   4.0588379e+01
   8.6959220e+06   2.4291992e+01
   8.6960990e+06   3.8085938e+01
   8.6962710e+06   3.6376953e+01
   8.6965480e+06   3.8940430e+01
   8.6966150e+06   3.1860352e+01
   8.6966950e+06   2.1850586e+01
   8.6968180e+06   3.5034180e+01
   8.6969240e+06   2.8015137e+01
   8.6969930e+06   1.9714355e+01
   8.6972500e+06   3.2897949e+01
   8.6975380e+06   3.7414551e+01
   8.6989600e+06   3.8574219e+01
   8.6991960e+06   3.5400391e+01
   8.6993660e+06   2.9602051e+01
   8.6995060e+06   3.3142090e+01
   8.6996540e+06   3.2470703e+01
   8.6997740e+06   2.7954102e+01
   8.7001540e+06   3.9489746e+01
   8.7326090e+06   4.2236328e+01
   8.7326820e+06   3.5888672e+01
   8.7327420e+06   2.0874023e+01
   8.7328100e+06   2.7282715e+01
   8.7328950e+06   2.6611328e+01
   8.7329810e+06   2.5268555e+01
   8.7330500e+06   2.2033691e+01
   8.7331410e+06   2.5024414e+01
   8.7332160e+06   1.9958496e+01
   8.7332890e+06   2.3986816e+01
   8.7333910e+06   2.8869629e+01
   8.7334950e+06   2.8259277e+01
   8.7335730e+06   2.0202637e+01
   8.7336940e+06   3.2409668e+01
   8.7338630e+06   3.2836914e+01
   8.7339510e+06   2.1423340e+01
   8.7341150e+06   2.8930664e+01
   8.7342160e+06   2.2583008e+01
   8.7343410e+06   2.9602051e+01
   8.7344390e+06   2.7343750e+01
   8.7345750e+06   3.2043457e+01
   8.7347450e+06   2.9968262e+01
   8.7349060e+06   3.5766602e+01
   8.7351820e+06   4.2968750e+01
   8.7354430e+06   3.6804199e+01
   8.7355310e+06   2.4230957e+01
   8.7358860e+06   3.0395508e+01
   8.7360120e+06   3.1372070e+01
   8.7362150e+06   3.3630371e+01
   8.7363630e+06   2.6550293e+01
   8.7365470e+06   2.8198242e+01
   8.7366810e+06   2.3986816e+01
   8.7369450e+06   3.2775879e+01
   8.7370830e+06   2.8076172e+01
   8.7372800e+06   2.8320312e+01
   8.7374120e+06   2.8076172e+01
   8.7375100e+06   1.9714355e+01
   8.7376520e+06   2.1545410e+01
   8.7377270e+06   2.6428223e+01
   8.7378810e+06   2.4230957e+01
   8.7382560e+06   2.9724121e+01
   8.7384350e+06   3.0700684e+01
   8.7386200e+06   2.6245117e+01
   8.7388860e+06   3.4606934e+01
   8.7391560e+06   2.5207520e+01
   8.8095000e+06   4.6630859e+01
   8.8095410e+06   3.0212402e+01
   8.8096090e+06   2.8198242e+01
   8.8097160e+06   3.1433105e+01
   8.8097760e+06   2.7038574e+01
   8.8098970e+06   3.1188965e+01
   8.8099990e+06   2.6672363e+01
   8.8101030e+06   3.2531738e+01
   8.8102580e+06   3.1250000e+01
   8.8103720e+06   2.7709961e+01
   8.8104420e+06   1.9348145e+01
   8.8105550e+06   2.9785156e+01
   8.8106400e+06   2.6306152e+01
   8.8107740e+06   3.0761719e+01
   8.8109210e+06   3.1799316e+01
   8.8110490e+06   2.4475098e+01
   8.8111790e+06   2.8076172e+01
   8.8113230e+06   2.7587891e+01
   8.8114670e+06   2.5695801e+01
   8.8116030e+06   3.0212402e+01
   8.8118120e+06   3.3203125e+01
   8.8119100e+06   2.5573730e+01
   8.8120780e+06   2.4353027e+01
   8.8123280e+06   3.2165527e+01
   8.8127170e+06   3.6499023e+01
   8.8128320e+06   2.5268555e+01
