   1.1998000e+07   0.0000000e+00
   5.0220000e+04   3.7109375e+01
   4.9811200e+05   3.5949707e+01
   6.7131700e+05   3.8818359e+01
   9.9752300e+05   3.5949707e+01
   1.0308860e+06   3.8513184e+01
   1.1433190e+06   3.9733887e+01
   1.1896400e+06   3.5644531e+01
   1.2174940e+06   3.6621094e+01
   1.2338700e+06   3.6437988e+01
   1.2736400e+06   3.6437988e+01
   1.3239210e+06   3.6193848e+01
   1.3540920e+06   3.7719727e+01
   1.4453390e+06   3.5095215e+01
   1.5153130e+06   3.6682129e+01
   1.6341050e+06   3.6132812e+01
   1.6611850e+06   3.6560059e+01
   1.8564560e+06   3.9489746e+01
   1.8635100e+06   3.5766602e+01
   2.0102380e+06   3.5400391e+01
   2.1299160e+06   3.9184570e+01
   2.4512380e+06   3.5522461e+01
   2.5831840e+06   4.1259766e+01
   2.6470670e+06   3.7841797e+01
   2.6958000e+06   3.5339355e+01
   2.8606470e+06   3.8269043e+01
   2.9697260e+06   3.5522461e+01
