   1.1996000e+07   0.0000000e+00
   1.2330700e+05   1.1230469e+01
   7.0702900e+05   1.0925293e+01
   1.1644880e+06   1.1230469e+01
   1.8474510e+06   1.1474609e+01
   3.6912840e+06   1.1657715e+01
   3.7455330e+06   1.1230469e+01
   4.0555710e+06   1.0864258e+01
   4.2451450e+06   1.0864258e+01
   4.6705690e+06   1.0925293e+01
   5.1467430e+06   1.1657715e+01
   5.8706070e+06   1.0864258e+01
   6.4433100e+06   1.0925293e+01
   6.4569660e+06   1.0803223e+01
   6.6189380e+06   1.0803223e+01
   7.6214560e+06   1.1718750e+01
   7.8341440e+06   1.0986328e+01
   8.3271870e+06   1.0986328e+01
   1.0100760e+07   1.0864258e+01
   1.0295329e+07   1.1230469e+01
   1.0400841e+07   1.2939453e+01
   1.0462692e+07   1.0925293e+01
   1.0685915e+07   1.1352539e+01
   1.1239505e+07   1.0742188e+01
   1.1429374e+07   1.0803223e+01
   1.1688070e+07   1.0681152e+01
   1.1858685e+07   1.2451172e+01
