   1.1996000e+07   0.0000000e+00
   3.9737000e+04   3.9306641e+01
   5.0188000e+04   4.1503906e+01
   5.0247000e+04   3.8330078e+01
   5.0315000e+04   4.2114258e+01
   5.0501000e+04   3.8879395e+01
   5.0545000e+04   4.0100098e+01
   5.1883000e+04   4.2785645e+01
   7.4294000e+04   4.0649414e+01
   1.0759900e+05   3.8513184e+01
   1.0788100e+05   4.0100098e+01
   1.0795900e+05   3.9001465e+01
   1.0905500e+05   3.9001465e+01
   1.8311100e+05   4.2846680e+01
   2.3454600e+05   3.8269043e+01
   2.3548800e+05   4.7058105e+01
   3.2366000e+05   3.8391113e+01
   3.2373200e+05   4.5532227e+01
   3.4919800e+05   3.9794922e+01
   3.4970800e+05   4.0771484e+01
   4.1650500e+05   4.0954590e+01
   4.1838900e+05   3.8574219e+01
   4.1867000e+05   5.0842285e+01
   4.1880700e+05   4.0893555e+01
   5.0243000e+05   3.7841797e+01
   5.0289000e+05   3.7841797e+01
   5.0296100e+05   4.6875000e+01
   5.0311800e+05   4.6508789e+01
   5.0318300e+05   4.4494629e+01
   5.5976900e+05   3.8085938e+01
   5.5998200e+05   4.7790527e+01
   6.0866700e+05   4.2175293e+01
   6.6554500e+05   4.8522949e+01
   6.6590300e+05   3.8085938e+01
   6.8692900e+05   3.8146973e+01
   7.0195700e+05   4.6936035e+01
   7.0204500e+05   4.2114258e+01
   7.0214500e+05   4.3762207e+01
   7.4055500e+05   3.9550781e+01
   8.2315800e+05   3.9672852e+01
   8.2402600e+05   3.9794922e+01
   9.4382100e+05   4.6875000e+01
   9.6161900e+05   3.8757324e+01
   9.9171500e+05   4.2724609e+01
   9.9203500e+05   4.1625977e+01
   9.9217200e+05   4.4616699e+01
   1.0626850e+06   4.3640137e+01
   1.0697880e+06   4.8034668e+01
   1.1024500e+06   3.9001465e+01
   1.1025540e+06   4.3518066e+01
   1.1753190e+06   3.9062500e+01
   1.1755730e+06   3.9978027e+01
   1.1757470e+06   5.2062988e+01
   1.1758120e+06   3.8513184e+01
   1.2034920e+06   3.9672852e+01
   1.2900910e+06   4.4128418e+01
   1.2901760e+06   4.1992188e+01
   1.2902490e+06   4.3395996e+01
   1.3743890e+06   4.2846680e+01
   1.3746820e+06   3.8940430e+01
   1.3748050e+06   4.1320801e+01
   1.3749600e+06   3.7780762e+01
   1.3760230e+06   3.9245605e+01
   1.4421790e+06   3.8391113e+01
   1.4422370e+06   3.8024902e+01
   1.4425880e+06   4.6875000e+01
   1.5285630e+06   4.0100098e+01
   1.5287340e+06   4.5898438e+01
   1.5288260e+06   4.9072266e+01
   1.5288710e+06   4.1748047e+01
   1.5786350e+06   4.2480469e+01
   1.5793040e+06   3.9306641e+01
   1.5974790e+06   3.8757324e+01
   1.5976960e+06   4.3945312e+01
   1.5995600e+06   4.3579102e+01
   1.6039720e+06   4.0771484e+01
   1.6182730e+06   3.7780762e+01
   1.6222250e+06   3.8330078e+01
   1.6226360e+06   4.5715332e+01
   1.6229180e+06   4.1076660e+01
   1.6242310e+06   4.0161133e+01
   1.6519190e+06   4.1992188e+01
   1.6521300e+06   3.7841797e+01
   1.6523830e+06   3.9001465e+01
   1.6524900e+06   3.8818359e+01
   1.6795300e+06   3.9306641e+01
   1.6809940e+06   3.9306641e+01
   1.7091450e+06   3.8513184e+01
   1.8635600e+06   3.9001465e+01
   1.9586730e+06   3.8574219e+01
   2.0455790e+06   4.4616699e+01
   2.0574260e+06   4.1320801e+01
   2.1937500e+06   4.2419434e+01
   2.1938220e+06   4.2297363e+01
   2.1939890e+06   4.2785645e+01
   2.1940190e+06   3.9306641e+01
   2.1942280e+06   3.9062500e+01
   2.1944720e+06   4.2785645e+01
   2.1947550e+06   4.0771484e+01
   2.2480520e+06   3.8513184e+01
   2.2481720e+06   4.1320801e+01
   2.2483630e+06   3.8696289e+01
   2.2491110e+06   4.2480469e+01
   2.3323880e+06   3.7963867e+01
   2.3376500e+06   4.3334961e+01
   2.3377920e+06   5.7434082e+01
   2.3403910e+06   4.0466309e+01
   2.3588740e+06   4.5898438e+01
   2.3589730e+06   3.8879395e+01
   2.3609470e+06   4.0649414e+01
   2.3756670e+06   4.8095703e+01
   2.3758350e+06   4.4555664e+01
   2.3763810e+06   4.4250488e+01
   2.3774210e+06   3.9428711e+01
   2.4247460e+06   4.3273926e+01
   2.4248200e+06   3.9123535e+01
   2.4256860e+06   4.0527344e+01
   2.4399850e+06   4.3395996e+01
   2.4400610e+06   3.8818359e+01
   2.4402260e+06   4.5349121e+01
   2.4794520e+06   3.9550781e+01
   2.4794900e+06   4.0954590e+01
   2.4796260e+06   3.7963867e+01
   2.4802290e+06   3.9550781e+01
   2.4808030e+06   3.9916992e+01
   2.4809310e+06   4.4616699e+01
   2.4961630e+06   3.9733887e+01
   2.4962170e+06   3.7963867e+01
   2.4964900e+06   4.1015625e+01
   2.4972750e+06   4.4006348e+01
   2.5165900e+06   4.5410156e+01
   2.5335290e+06   4.0771484e+01
   2.5354560e+06   3.8940430e+01
   2.6104560e+06   4.6203613e+01
   2.6107710e+06   3.8085938e+01
   2.6114010e+06   4.0588379e+01
   2.7000910e+06   4.3457031e+01
   2.7009320e+06   3.8391113e+01
   2.7023090e+06   3.8696289e+01
   2.8134750e+06   4.1748047e+01
   2.8141640e+06   3.9672852e+01
   2.8178920e+06   3.8208008e+01
   2.8578350e+06   3.8818359e+01
   2.8586270e+06   4.2968750e+01
   2.8604750e+06   4.3273926e+01
   2.9285460e+06   4.9560547e+01
   2.9287130e+06   3.9794922e+01
   2.9299610e+06   3.7902832e+01
   2.9599230e+06   3.9428711e+01
   2.9650270e+06   4.0527344e+01
   3.0038710e+06   4.2663574e+01
   3.0052580e+06   3.8146973e+01
   3.0069190e+06   3.8757324e+01
   3.0091520e+06   4.0710449e+01
   3.0123860e+06   4.0039063e+01
   3.0145140e+06   4.7302246e+01
   3.0271820e+06   4.4311523e+01
   3.0294830e+06   3.8452148e+01
   3.0309750e+06   4.3945312e+01
   3.0321780e+06   4.6997070e+01
   3.0964960e+06   4.2358398e+01
   3.0971350e+06   4.2602539e+01
   3.1393990e+06   4.3701172e+01
   3.1398350e+06   4.2297363e+01
   3.1430370e+06   4.4738770e+01
   3.2056510e+06   4.0649414e+01
   3.3137930e+06   4.0466309e+01
   3.3545600e+06   4.3884277e+01
   3.3672550e+06   4.3151855e+01
   3.3782020e+06   3.9855957e+01
   3.3881780e+06   4.0954590e+01
   3.3951070e+06   3.9733887e+01
   3.3951530e+06   4.6386719e+01
   3.3952710e+06   3.8940430e+01
   3.3954130e+06   4.7241211e+01
   3.3955110e+06   4.6203613e+01
   3.3968950e+06   3.8940430e+01
   3.5133620e+06   4.1870117e+01
   3.5133970e+06   4.0466309e+01
   3.5135540e+06   3.8330078e+01
   3.5136360e+06   3.8757324e+01
   3.5137090e+06   4.2114258e+01
   3.5137970e+06   4.6691895e+01
   3.5138550e+06   3.9611816e+01
   3.5148280e+06   3.8085938e+01
   3.5715120e+06   4.0405273e+01
   3.5720240e+06   3.7353516e+01
   3.5721760e+06   4.1137695e+01
   3.5723070e+06   4.9743652e+01
   3.5729970e+06   3.7231445e+01
   3.6502300e+06   3.9001465e+01
   3.6502550e+06   3.9123535e+01
   3.6503300e+06   4.4067383e+01
   3.6506650e+06   4.0527344e+01
   3.6517230e+06   3.9733887e+01
   3.7428840e+06   4.6386719e+01
   3.7429880e+06   4.1198730e+01
   3.7430840e+06   3.8391113e+01
   3.7431350e+06   3.7597656e+01
   3.7432430e+06   4.0893555e+01
   3.7432810e+06   4.8095703e+01
   3.7433700e+06   3.9978027e+01
   3.7437580e+06   4.2114258e+01
   3.7447600e+06   4.3579102e+01
   3.8052840e+06   4.8767090e+01
   3.8055820e+06   3.9794922e+01
   3.8063160e+06   3.7048340e+01
   3.8115650e+06   3.7597656e+01
   3.8336530e+06   5.1696777e+01
   3.8341270e+06   4.1870117e+01
   3.8348830e+06   3.7292480e+01
   3.8351420e+06   3.7353516e+01
   3.8353170e+06   4.1259766e+01
   3.8356010e+06   3.7353516e+01
   3.8509270e+06   3.9123535e+01
   3.8511260e+06   4.3640137e+01
   3.8514700e+06   3.9367676e+01
   3.8518640e+06   3.7170410e+01
   3.8712080e+06   3.9428711e+01
   3.8712440e+06   3.7841797e+01
   3.8714140e+06   3.7841797e+01
   3.8721050e+06   3.7414551e+01
   3.8938980e+06   3.8208008e+01
   3.8940040e+06   3.8391113e+01
   3.8944500e+06   3.7902832e+01
   3.9134740e+06   3.7780762e+01
   3.9143990e+06   4.2297363e+01
   3.9356220e+06   3.7231445e+01
   3.9370070e+06   4.0344238e+01
   4.0722810e+06   3.7353516e+01
   4.1407660e+06   3.9916992e+01
   4.1668380e+06   4.1931152e+01
   4.1809380e+06   3.9367676e+01
   4.2063210e+06   3.7109375e+01
   4.2330400e+06   4.1198730e+01
   4.2486920e+06   3.8146973e+01
   4.2526650e+06   4.3151855e+01
   4.2675280e+06   3.7170410e+01
   4.3061970e+06   3.8269043e+01
   4.3062690e+06   3.7780762e+01
   4.3341010e+06   4.5532227e+01
   4.3451180e+06   3.7109375e+01
   4.3451930e+06   3.9062500e+01
   4.3555020e+06   3.7719727e+01
   4.3564760e+06   4.3579102e+01
   4.4450610e+06   4.5227051e+01
   4.4453420e+06   4.3884277e+01
   4.4454950e+06   5.2795410e+01
   4.4455720e+06   4.2297363e+01
   4.4455980e+06   4.7668457e+01
   4.5351080e+06   3.8513184e+01
   4.5354740e+06   3.7353516e+01
   4.5355660e+06   3.7414551e+01
   4.6252580e+06   4.2846680e+01
   4.6254610e+06   4.3212891e+01
   4.6257910e+06   4.0954590e+01
   4.6259000e+06   3.8574219e+01
   4.6261670e+06   4.3945312e+01
   4.7080080e+06   4.4372559e+01
   4.7081660e+06   3.7353516e+01
   4.7083520e+06   4.6203613e+01
   4.7085290e+06   3.7963867e+01
   4.7085890e+06   5.8532715e+01
   4.7086820e+06   3.7536621e+01
   4.7086950e+06   3.9855957e+01
   4.7089800e+06   3.8391113e+01
   4.7092320e+06   4.6691895e+01
   4.7800440e+06   3.7597656e+01
   4.7883120e+06   4.0771484e+01
   4.7886020e+06   4.0893555e+01
   4.7887790e+06   3.7658691e+01
   4.7888570e+06   4.7851562e+01
   4.7889880e+06   3.8024902e+01
   4.7890240e+06   7.4645996e+01
   4.8314570e+06   3.7658691e+01
   4.8315620e+06   4.3762207e+01
   4.8316110e+06   3.7658691e+01
   4.8317750e+06   4.8889160e+01
   4.8321850e+06   3.7841797e+01
   4.8583610e+06   3.7414551e+01
   4.8728450e+06   3.9672852e+01
   4.8728970e+06   4.0832520e+01
   4.8749760e+06   3.9184570e+01
   4.8846090e+06   3.7658691e+01
   4.8848360e+06   3.8879395e+01
   4.8849140e+06   3.7475586e+01
   4.8999230e+06   4.2663574e+01
   4.9000220e+06   3.9916992e+01
   4.9002280e+06   4.8706055e+01
   4.9014860e+06   3.8513184e+01
   4.9123580e+06   3.9855957e+01
   4.9134520e+06   4.4189453e+01
   4.9254280e+06   4.0893555e+01
   4.9267240e+06   3.7414551e+01
   4.9373740e+06   3.7902832e+01
   4.9504990e+06   3.7475586e+01
   4.9522350e+06   3.9550781e+01
   4.9639430e+06   4.0771484e+01
   4.9640460e+06   4.0893555e+01
   4.9763250e+06   3.9245605e+01
   4.9764100e+06   4.2358398e+01
   4.9766900e+06   3.7597656e+01
   4.9891920e+06   3.9733887e+01
   4.9895460e+06   3.9733887e+01
   5.0031270e+06   5.3527832e+01
   5.0043650e+06   4.5532227e+01
   5.0047250e+06   3.9306641e+01
   5.0164310e+06   4.5898438e+01
   5.0164860e+06   3.7719727e+01
   5.0184010e+06   4.0039062e+01
   5.0292730e+06   3.8574219e+01
   5.0293870e+06   3.8818359e+01
   5.0439170e+06   4.2114258e+01
   5.0440460e+06   4.1748047e+01
   5.0576940e+06   3.8635254e+01
   5.0583610e+06   3.8513184e+01
   5.0586360e+06   4.0344238e+01
   5.0709340e+06   3.9123535e+01
   5.0717900e+06   3.7292480e+01
   5.0724280e+06   3.7841797e+01
   5.0954880e+06   3.7353516e+01
   5.1812990e+06   4.3212891e+01
   5.2692310e+06   4.6569824e+01
   5.2697290e+06   3.8208008e+01
   5.3746870e+06   3.7597656e+01
   5.4155410e+06   3.8696289e+01
   5.4155870e+06   4.3151855e+01
   5.5220470e+06   3.9733887e+01
   5.5231200e+06   3.7292480e+01
   5.5231710e+06   3.9489746e+01
   5.5232520e+06   4.7485352e+01
   5.5233490e+06   4.9011230e+01
   5.5233730e+06   4.9194336e+01
   5.5234830e+06   3.7841797e+01
   5.6013230e+06   3.7231445e+01
   5.6013670e+06   3.9550781e+01
   5.6015140e+06   3.7536621e+01
   5.6016470e+06   4.4006348e+01
   5.6024630e+06   3.8208008e+01
   5.6032080e+06   4.0771484e+01
   5.6509360e+06   4.7912598e+01
   5.6510220e+06   3.8757324e+01
   5.6511860e+06   4.3334961e+01
   5.6513040e+06   6.4086914e+01
   5.6514240e+06   4.2175293e+01
   5.7268000e+06   3.7048340e+01
   5.7502570e+06   3.7780762e+01
   5.7503610e+06   4.1503906e+01
   5.7504660e+06   4.1015625e+01
   5.7507980e+06   3.8146973e+01
   5.8198860e+06   3.7963867e+01
   5.8199730e+06   4.4799805e+01
   5.8200320e+06   3.7719727e+01
   5.8202380e+06   4.1442871e+01
   5.8203430e+06   3.7292480e+01
   5.8204760e+06   4.1503906e+01
   5.8207810e+06   4.2236328e+01
   5.8731260e+06   4.5959473e+01
   5.8732410e+06   4.4189453e+01
   5.8735780e+06   4.9499512e+01
   5.8741080e+06   4.5349121e+01
   5.8745290e+06   3.8574219e+01
   5.8935910e+06   4.1503906e+01
   5.8936490e+06   4.9316406e+01
   5.8937490e+06   3.7353516e+01
   5.8941470e+06   4.4189453e+01
   5.8942350e+06   4.1503906e+01
   5.9165200e+06   4.9804688e+01
   5.9167090e+06   4.2968750e+01
   5.9169140e+06   4.2358398e+01
   5.9170420e+06   3.7414551e+01
   5.9170850e+06   3.8513184e+01
   5.9311150e+06   3.9672852e+01
   5.9314150e+06   3.7536621e+01
   5.9314880e+06   3.7231445e+01
   5.9979620e+06   6.5490723e+01
   6.0141700e+06   3.8757324e+01
   6.0142340e+06   4.3212891e+01
   6.0143750e+06   3.8513184e+01
   6.0144780e+06   6.0974121e+01
   6.0770160e+06   4.5227051e+01
   6.1364510e+06   4.0771484e+01
   6.1753750e+06   3.8024902e+01
   6.1760210e+06   3.8879395e+01
   6.1761570e+06   4.2846680e+01
   6.1767190e+06   4.0771484e+01
   6.1773970e+06   3.9550781e+01
   6.2126830e+06   4.0710449e+01
   6.2287050e+06   3.7963867e+01
   6.2672720e+06   4.3945312e+01
   6.3783710e+06   3.8940430e+01
   6.3867340e+06   3.8635254e+01
   6.3869870e+06   4.1931152e+01
   6.3870740e+06   3.9245605e+01
   6.3871820e+06   3.8330078e+01
   6.3872950e+06   4.1564941e+01
   6.3875630e+06   3.8269043e+01
   6.4725950e+06   3.9306641e+01
   6.4726690e+06   3.8391113e+01
   6.4727440e+06   4.1992188e+01
   6.4728250e+06   3.9855957e+01
   6.4728690e+06   4.3884277e+01
   6.4731060e+06   4.1198730e+01
   6.4736850e+06   4.5104980e+01
   6.5437410e+06   3.7414551e+01
   6.5438630e+06   4.0222168e+01
   6.5439160e+06   5.6945801e+01
   6.5440170e+06   4.0161133e+01
   6.5450360e+06   3.9489746e+01
   6.6228330e+06   3.7597656e+01
   6.6228930e+06   4.2785645e+01
   6.6740830e+06   3.9550781e+01
   6.7126090e+06   3.9550781e+01
   6.7126450e+06   3.9428711e+01
   6.7248870e+06   3.9550781e+01
   6.7250950e+06   5.0048828e+01
   6.7391940e+06   4.3701172e+01
   6.7430250e+06   3.7780762e+01
   6.7430690e+06   3.9245605e+01
   6.7430900e+06   4.1198730e+01
   6.7431260e+06   4.0039062e+01
   6.7432180e+06   5.6091309e+01
   6.7434420e+06   3.7414551e+01
   6.7435970e+06   4.4311523e+01
   6.7442340e+06   3.8940430e+01
   6.8177520e+06   4.3151855e+01
   6.8179620e+06   4.0344238e+01
   6.8180870e+06   5.4199219e+01
   6.8181880e+06   4.0832520e+01
   6.8907080e+06   4.7485352e+01
   6.8908710e+06   4.2724609e+01
   6.8909130e+06   4.3090820e+01
   6.8910370e+06   4.2846680e+01
   6.8910820e+06   4.1381836e+01
   6.8913120e+06   4.2846680e+01
   6.8917190e+06   4.0954590e+01
   6.9092790e+06   3.8818359e+01
   6.9247420e+06   3.8879395e+01
   6.9288590e+06   4.1687012e+01
   6.9465120e+06   4.2785645e+01
   6.9465980e+06   4.3579102e+01
   6.9466860e+06   3.9978027e+01
   6.9472290e+06   4.0954590e+01
   6.9476250e+06   3.8818359e+01
   6.9478580e+06   3.9672852e+01
   6.9675740e+06   4.1381836e+01
   6.9676610e+06   4.2602539e+01
   6.9677990e+06   3.7414551e+01
   6.9886980e+06   3.9733887e+01
   6.9890750e+06   4.3579102e+01
   6.9905200e+06   4.7180176e+01
   7.0220920e+06   3.7780762e+01
   7.0226350e+06   3.9978027e+01
   7.0288700e+06   3.9062500e+01
   7.0315770e+06   3.9184570e+01
   7.0316440e+06   3.8513184e+01
   7.0331790e+06   4.2114258e+01
   7.0408200e+06   3.7292480e+01
   7.0416920e+06   4.0710449e+01
   7.0653300e+06   3.9916992e+01
   7.0854090e+06   4.2785645e+01
   7.0866280e+06   4.2602539e+01
   7.0967450e+06   4.0954590e+01
   7.4359830e+06   4.0344238e+01
   7.4757800e+06   3.7292480e+01
   7.4766080e+06   4.0954590e+01
   7.4768400e+06   4.0222168e+01
   7.4768630e+06   5.5847168e+01
   7.4768960e+06   3.7353516e+01
   7.4769480e+06   4.0283203e+01
   7.4771990e+06   3.9123535e+01
   7.4773540e+06   4.3090820e+01
   7.4781440e+06   3.7536621e+01
   7.5304330e+06   3.8146973e+01
   7.5435780e+06   3.9978027e+01
   7.5436410e+06   5.9814453e+01
   7.5437250e+06   4.6569824e+01
   7.5438720e+06   4.0039062e+01
   7.5440080e+06   4.1992188e+01
   7.6462720e+06   4.2175293e+01
   7.6464700e+06   4.1259766e+01
   7.6466920e+06   5.0903320e+01
   7.6468480e+06   3.7658691e+01
   7.7312750e+06   4.0283203e+01
   7.7314290e+06   4.2968750e+01
   7.7314860e+06   4.0283203e+01
   7.7315350e+06   3.9611816e+01
   7.7316860e+06   4.0222168e+01
   7.7317220e+06   4.2480469e+01
   7.7317840e+06   4.0344238e+01
   7.7319590e+06   4.7363281e+01
   7.7732130e+06   4.8156738e+01
   7.7734020e+06   4.5959473e+01
   7.7735120e+06   4.0039062e+01
   7.7735950e+06   4.1137695e+01
   7.7737210e+06   4.3518066e+01
   7.7738630e+06   4.4006348e+01
   7.7746410e+06   3.7902832e+01
   7.7750810e+06   4.6691895e+01
   7.8381760e+06   3.9367676e+01
   7.8382940e+06   3.7353516e+01
   7.8383510e+06   4.0161133e+01
   7.8383870e+06   3.8696289e+01
   7.8385110e+06   3.9123535e+01
   7.8385620e+06   4.1198730e+01
   7.8531950e+06   4.2358398e+01
   7.8532840e+06   3.7353516e+01
   7.8534640e+06   3.8024902e+01
   7.8677860e+06   4.0100098e+01
   7.8680170e+06   3.7719727e+01
   7.8681950e+06   4.2419434e+01
   7.8738290e+06   3.7902832e+01
   7.8744040e+06   4.4982910e+01
   7.8890760e+06   4.0527344e+01
   7.8892920e+06   3.8940430e+01
   7.8898250e+06   4.3518066e+01
   7.9035420e+06   3.7292480e+01
   7.9041970e+06   3.9428711e+01
   7.9082690e+06   3.7841797e+01
   7.9203280e+06   3.9062500e+01
   7.9206060e+06   4.0649414e+01
   7.9209940e+06   3.9611816e+01
   7.9398470e+06   3.7780762e+01
   7.9406720e+06   3.7719727e+01
   7.9548200e+06   3.8757324e+01
   7.9549200e+06   4.3212891e+01
   7.9550080e+06   4.0954590e+01
   7.9552350e+06   4.4494629e+01
   7.9554670e+06   3.7902832e+01
   7.9761760e+06   3.9489746e+01
   7.9763540e+06   4.2541504e+01
   7.9765210e+06   4.1748047e+01
   7.9765880e+06   3.7658691e+01
   7.9784090e+06   3.8757324e+01
   8.0009140e+06   4.0649414e+01
   8.0009650e+06   4.2358398e+01
   8.0010390e+06   3.9123535e+01
   8.0012520e+06   4.0405273e+01
   8.0016020e+06   4.5837402e+01
   8.0017490e+06   4.8522949e+01
   8.0024680e+06   3.9062500e+01
   8.0823160e+06   4.7973633e+01
   8.0823770e+06   4.0039062e+01
   8.3243780e+06   3.9550781e+01
   8.3253100e+06   3.8818359e+01
   8.3253790e+06   4.2297363e+01
   8.3842290e+06   4.2663574e+01
   8.4637960e+06   4.0710449e+01
   8.4640320e+06   4.2724609e+01
   8.4642860e+06   3.8085938e+01
   8.4645790e+06   4.5288086e+01
   8.5499040e+06   3.8085938e+01
   8.5499930e+06   4.0588379e+01
   8.5502800e+06   3.7475586e+01
   8.5512460e+06   3.8879395e+01
   8.6209540e+06   3.7658691e+01
   8.6210040e+06   4.6142578e+01
   8.6210600e+06   4.1137695e+01
   8.6210790e+06   3.9978027e+01
   8.6211430e+06   4.0649414e+01
   8.6211650e+06   3.7536621e+01
   8.6212200e+06   4.4433594e+01
   8.6212850e+06   3.7292480e+01
   8.6214150e+06   4.5715332e+01
   8.6927570e+06   3.7414551e+01
   8.6928370e+06   4.4982910e+01
   8.6930120e+06   4.2541504e+01
   8.6930700e+06   5.0109863e+01
   8.6931210e+06   4.1931152e+01
   8.6931960e+06   4.7058105e+01
   8.6933720e+06   3.7353516e+01
   8.7098420e+06   3.9184570e+01
   8.7099940e+06   5.5175781e+01
   8.7103700e+06   3.9672852e+01
   8.7110040e+06   4.0283203e+01
   8.7247230e+06   4.0283203e+01
   8.7252220e+06   3.9001465e+01
   8.7257270e+06   4.5043945e+01
   8.7460950e+06   4.2907715e+01
   8.7462210e+06   3.8513184e+01
   8.7468570e+06   3.8085938e+01
   8.7471070e+06   4.1015625e+01
   8.7649270e+06   3.8879395e+01
   8.7650400e+06   3.9123535e+01
   8.7652820e+06   3.8330078e+01
   8.7850030e+06   4.9133301e+01
   8.7850680e+06   4.7485352e+01
   8.7851630e+06   3.7414551e+01
   8.7854590e+06   3.8024902e+01
   8.7855260e+06   4.2907715e+01
   8.8034920e+06   4.0710449e+01
   8.8040600e+06   3.8879395e+01
   8.8040910e+06   4.7424316e+01
   8.8053040e+06   4.1870117e+01
   8.8235830e+06   3.8208008e+01
   8.8236190e+06   3.7597656e+01
   8.8248950e+06   4.0222168e+01
   8.8251340e+06   4.2907715e+01
   8.8498590e+06   3.7719727e+01
   8.8504890e+06   3.7963867e+01
   8.8706930e+06   4.1992188e+01
   8.8707920e+06   3.7719727e+01
   8.8709090e+06   4.5471191e+01
   8.8710800e+06   4.3457031e+01
   8.8712710e+06   3.9794922e+01
   8.8714210e+06   4.2053223e+01
   9.2114280e+06   4.2236328e+01
   9.3052710e+06   4.1442871e+01
   9.3053670e+06   4.3212891e+01
   9.3054740e+06   4.2602539e+01
   9.3058090e+06   3.9062500e+01
   9.3848000e+06   4.0710449e+01
   9.3859860e+06   4.0222168e+01
   9.3867780e+06   3.8696289e+01
   9.4730130e+06   4.4311523e+01
   9.4732980e+06   4.8278809e+01
   9.4735570e+06   4.5227051e+01
   9.4738820e+06   4.1809082e+01
   9.4739160e+06   3.7841797e+01
   9.4739740e+06   4.5349121e+01
   9.4739910e+06   4.0527344e+01
   9.4863940e+06   4.2846680e+01
   9.5476120e+06   3.8696289e+01
   9.5559120e+06   4.0710449e+01
   9.5559960e+06   4.5288086e+01
   9.5560350e+06   4.2968750e+01
   9.5561270e+06   4.5898438e+01
   9.5563240e+06   3.9611816e+01
   9.5867630e+06   4.2724609e+01
   9.5869320e+06   3.8208008e+01
   9.5869850e+06   4.9743652e+01
   9.5871640e+06   5.4931641e+01
   9.5872890e+06   5.0659180e+01
   9.5874170e+06   4.0283203e+01
   9.5875160e+06   4.1259766e+01
   9.6045060e+06   3.9855957e+01
   9.6048100e+06   3.9794922e+01
   9.6049230e+06   4.2114258e+01
   9.6050150e+06   4.5166016e+01
   9.6052390e+06   3.8635254e+01
   9.6201590e+06   4.5471191e+01
   9.6202410e+06   3.9001465e+01
   9.6204410e+06   4.1809082e+01
   9.6206560e+06   3.6987305e+01
   9.6212710e+06   3.8696289e+01
   9.6215130e+06   4.6081543e+01
   9.6218180e+06   3.8574219e+01
   9.6350190e+06   3.7841797e+01
   9.6351830e+06   3.6987305e+01
   9.6352590e+06   3.7658691e+01
   9.6353860e+06   3.9916992e+01
   9.6500520e+06   4.3884277e+01
   9.6501200e+06   4.3518066e+01
   9.6501820e+06   3.7109375e+01
   9.6503840e+06   3.9306641e+01
   9.6784180e+06   4.3090820e+01
   9.6784900e+06   3.8513184e+01
   9.6785430e+06   4.2419434e+01
   9.6789340e+06   4.4311523e+01
   9.6797310e+06   3.9001465e+01
   9.6956210e+06   4.3273926e+01
   9.6956880e+06   3.9978027e+01
   9.6959370e+06   3.9611816e+01
   9.7098430e+06   3.7963867e+01
   9.7248410e+06   3.7780762e+01
   9.7249200e+06   3.8574219e+01
   9.7252890e+06   4.0649414e+01
   9.7253510e+06   3.9550781e+01
   9.7256720e+06   4.0893555e+01
   9.7409640e+06   4.6020508e+01
   9.7410440e+06   4.2053223e+01
   9.7410670e+06   3.7597656e+01
   9.7421230e+06   3.7475586e+01
   9.7599680e+06   3.7597656e+01
   9.7600800e+06   4.6325684e+01
   9.7602350e+06   4.1076660e+01
   9.7767080e+06   3.7536621e+01
   9.7771970e+06   4.7058105e+01
   9.7774870e+06   3.6987305e+01
   9.7905830e+06   3.7292480e+01
   9.7909480e+06   3.7597656e+01
   9.7913570e+06   4.5898438e+01
   9.7921160e+06   4.2907715e+01
   9.8035590e+06   3.8208008e+01
   9.8042530e+06   3.7719727e+01
   9.8043490e+06   3.7170410e+01
   9.8049580e+06   3.9489746e+01
   1.0049105e+07   3.8391113e+01
   1.0056127e+07   3.8269043e+01
   1.0230779e+07   3.7902832e+01
   1.0249543e+07   4.3823242e+01
   1.0249684e+07   4.6386719e+01
   1.0249871e+07   3.7109375e+01
   1.0249911e+07   3.9672852e+01
   1.0250044e+07   3.9855957e+01
   1.0250189e+07   4.7912598e+01
   1.0320118e+07   4.1381836e+01
   1.0320253e+07   3.7597656e+01
   1.0320377e+07   4.3823242e+01
   1.0320487e+07   4.8095703e+01
   1.0320677e+07   4.2785645e+01
   1.0321258e+07   3.8879395e+01
   1.0389778e+07   3.8696289e+01
   1.0389864e+07   4.1687012e+01
   1.0389891e+07   4.9438477e+01
   1.0484155e+07   5.0781250e+01
   1.0486884e+07   4.0222168e+01
   1.0486943e+07   3.9428711e+01
   1.0487026e+07   4.2358398e+01
   1.0487052e+07   4.9926758e+01
   1.0487086e+07   3.9550781e+01
   1.0487161e+07   3.7292480e+01
   1.0577643e+07   4.1564941e+01
   1.0577788e+07   4.1625977e+01
   1.0578106e+07   3.7780762e+01
   1.0578183e+07   3.9611816e+01
   1.0635445e+07   4.2175293e+01
   1.0660527e+07   3.7048340e+01
   1.0660750e+07   7.0617676e+01
   1.0660825e+07   4.2236328e+01
   1.0660865e+07   4.6142578e+01
   1.0660880e+07   4.2419434e+01
   1.0660950e+07   3.7231445e+01
   1.0661121e+07   3.7292480e+01
   1.0773041e+07   3.9672852e+01
   1.0773295e+07   4.3090820e+01
   1.0773395e+07   4.4189453e+01
   1.0773545e+07   4.8156738e+01
   1.0773619e+07   4.4860840e+01
   1.0773696e+07   4.3762207e+01
   1.0773830e+07   4.2724609e+01
   1.0828009e+07   3.7597656e+01
   1.0828120e+07   4.3701172e+01
   1.0828225e+07   5.1452637e+01
   1.0828354e+07   4.5593262e+01
   1.0828916e+07   3.9123535e+01
   1.0829087e+07   4.3518066e+01
   1.0844446e+07   3.9062500e+01
   1.0844515e+07   4.1015625e+01
   1.0845562e+07   4.3151855e+01
   1.0845777e+07   4.5471191e+01
   1.0860720e+07   4.4006348e+01
   1.0860845e+07   3.7353516e+01
   1.0860925e+07   4.7241211e+01
   1.0861189e+07   3.8574219e+01
   1.0861368e+07   3.9916992e+01
   1.0876504e+07   4.3457031e+01
   1.0876684e+07   5.3405762e+01
   1.0877136e+07   3.7719727e+01
   1.0897158e+07   3.8879395e+01
   1.0897669e+07   3.7353516e+01
   1.0897782e+07   3.7475586e+01
   1.0920141e+07   3.8696289e+01
   1.0920297e+07   4.9255371e+01
   1.0920511e+07   4.2663574e+01
   1.0921053e+07   3.9916992e+01
   1.0921347e+07   3.8757324e+01
   1.0939241e+07   3.9672852e+01
   1.0939711e+07   4.5837402e+01
   1.0940806e+07   3.9123535e+01
   1.0956055e+07   3.7048340e+01
   1.0956173e+07   4.1198730e+01
   1.0957475e+07   3.6987305e+01
   1.0979657e+07   3.7231445e+01
   1.0979684e+07   3.6987305e+01
   1.0980036e+07   3.8269043e+01
   1.0980153e+07   3.7658691e+01
   1.0980363e+07   3.7902832e+01
   1.0981737e+07   3.7719727e+01
   1.1180063e+07   3.8146973e+01
   1.1187667e+07   3.7109375e+01
   1.1205495e+07   3.7780762e+01
   1.1242309e+07   3.8757324e+01
   1.1258779e+07   3.7353516e+01
   1.1346498e+07   3.9428711e+01
   1.1346865e+07   3.8330078e+01
   1.1350666e+07   3.7353516e+01
   1.1379836e+07   3.7597656e+01
   1.1396395e+07   3.9245605e+01
   1.1474808e+07   4.1198730e+01
   1.1518633e+07   3.8269043e+01
   1.1520005e+07   4.2846680e+01
   1.1521244e+07   3.7170410e+01
   1.1552525e+07   3.7841797e+01
   1.1552594e+07   3.7353516e+01
   1.1552629e+07   4.0588379e+01
   1.1552666e+07   4.1442871e+01
   1.1552684e+07   5.4199219e+01
   1.1553455e+07   3.9550781e+01
   1.1599674e+07   4.1320801e+01
   1.1599894e+07   4.0405273e+01
   1.1600102e+07   5.9814453e+01
   1.1600411e+07   3.7475586e+01
   1.1600435e+07   3.6987305e+01
   1.1601432e+07   3.7109375e+01
   1.1601451e+07   4.1137695e+01
   1.1682840e+07   4.0100098e+01
   1.1683125e+07   3.8940430e+01
   1.1683162e+07   3.7109375e+01
   1.1683186e+07   3.9978027e+01
   1.1683242e+07   4.8034668e+01
   1.1740533e+07   4.6752930e+01
   1.1740593e+07   4.4311523e+01
   1.1740773e+07   3.7109375e+01
   1.1740917e+07   4.2724609e+01
   1.1742208e+07   3.8696289e+01
   1.1821925e+07   3.8085938e+01
   1.1822208e+07   3.9916992e+01
   1.1822356e+07   4.1931152e+01
   1.1822473e+07   4.0710449e+01
   1.1822626e+07   4.5410156e+01
   1.1928846e+07   4.4494629e+01
   1.1928943e+07   4.0466309e+01
   1.1928994e+07   4.0283203e+01
   1.1929064e+07   5.4199219e+01
   1.1929178e+07   5.3283691e+01
   1.1929225e+07   3.8879395e+01
   1.1929439e+07   3.9733887e+01
