   1.1996000e+07   0.0000000e+00
   5.0444000e+04   1.2854004e+02
   5.0529000e+04   9.5336914e+01
   5.0755000e+04   9.7778320e+01
   1.0789100e+05   1.0192871e+02
   2.3547800e+05   1.3201904e+02
   2.3629000e+05   1.0406494e+02
   4.1854100e+05   1.0314941e+02
   4.8364800e+05   1.0736084e+02
   5.0280900e+05   9.4421387e+01
   5.0296600e+05   1.0473633e+02
   5.0310200e+05   1.0546875e+02
   5.0319500e+05   9.5458984e+01
   5.0332100e+05   9.8083496e+01
   5.5994000e+05   1.3696289e+02
   5.6000800e+05   1.0217285e+02
   5.6037800e+05   9.5275879e+01
   6.0893200e+05   1.1517334e+02
   6.0901900e+05   1.0168457e+02
   6.0978500e+05   9.4909668e+01
   6.6607300e+05   1.1462402e+02
   6.6614600e+05   1.0223389e+02
   6.6626100e+05   9.7717285e+01
   6.8705200e+05   9.7167969e+01
   6.8752700e+05   9.6374512e+01
   7.4082600e+05   1.1236572e+02
   7.4092100e+05   9.9609375e+01
   7.4105100e+05   9.8266602e+01
   7.4121700e+05   1.0498047e+02
   7.4135500e+05   9.4177246e+01
   7.4147800e+05   1.0107422e+02
   7.4250100e+05   9.4238281e+01
   8.2520400e+05   1.1859131e+02
   1.1758350e+06   1.3696289e+02
   1.1759230e+06   9.8327637e+01
   1.1761010e+06   9.9365234e+01
   1.2906430e+06   1.3110352e+02
   1.3209360e+06   1.0107422e+02
   1.3748330e+06   1.2768555e+02
   1.4422490e+06   9.6313477e+01
   1.4423850e+06   1.0174561e+02
   1.5287640e+06   1.0858154e+02
   1.5288430e+06   9.4604492e+01
   1.5321220e+06   1.0107422e+02
   1.5784740e+06   1.0028076e+02
   1.5798890e+06   9.4970703e+01
   1.5816110e+06   9.4604492e+01
   1.5975540e+06   1.1230469e+02
   1.5978250e+06   1.0308838e+02
   1.5985890e+06   9.8693848e+01
   1.6224040e+06   1.0089111e+02
   1.6225610e+06   9.4116211e+01
   1.6520170e+06   1.0217285e+02
   1.6522460e+06   9.5886230e+01
   1.6528440e+06   9.5397949e+01
   1.6797930e+06   1.1474609e+02
   1.6801760e+06   9.9975586e+01
   1.6802350e+06   9.9243164e+01
   1.6803210e+06   1.0571289e+02
   1.7099180e+06   1.0937500e+02
   1.7099910e+06   1.0192871e+02
   1.7101600e+06   9.7778320e+01
   1.8624500e+06   9.7900391e+01
   2.0422890e+06   1.1413574e+02
   2.1939090e+06   1.0693359e+02
   2.1943840e+06   9.7412109e+01
   2.2481490e+06   1.1291504e+02
   2.2482140e+06   9.8876953e+01
   2.2508070e+06   9.8999023e+01
   2.2516550e+06   9.4482422e+01
   2.3377190e+06   9.8022461e+01
   2.3388430e+06   9.4482422e+01
   2.3589190e+06   1.1364746e+02
   2.3590050e+06   9.4238281e+01
   2.3598950e+06   9.7900391e+01
   2.3757910e+06   1.1273193e+02
   2.3758850e+06   1.1236572e+02
   2.3761070e+06   9.9426270e+01
   2.3765250e+06   9.4970703e+01
   2.3767340e+06   1.0107422e+02
   2.4246860e+06   1.0662842e+02
   2.4401520e+06   9.5397949e+01
   2.4402680e+06   1.0235596e+02
   2.4405380e+06   9.6557617e+01
   2.4406220e+06   1.1004639e+02
   2.4795570e+06   1.1810303e+02
   2.4796370e+06   1.0418701e+02
   2.4797060e+06   9.5397949e+01
   2.4963540e+06   1.0809326e+02
   2.4968910e+06   9.8754883e+01
   2.4970200e+06   1.0516357e+02
   2.5167710e+06   9.4116211e+01
   2.5332880e+06   1.0089111e+02
   2.5337890e+06   9.5520020e+01
   2.6105260e+06   1.0211182e+02
   2.6107470e+06   1.1456299e+02
   2.6113240e+06   1.0693359e+02
   2.7009070e+06   1.1810303e+02
   2.7147990e+06   1.0455322e+02
   3.0034800e+06   8.2336426e+01
   3.0119020e+06   8.4899902e+01
   3.0178840e+06   8.3496094e+01
   3.0230600e+06   8.1054688e+01
   3.0246090e+06   8.0871582e+01
   3.0733170e+06   8.8195801e+01
   3.0758130e+06   8.0810547e+01
   3.0942570e+06   1.1309814e+02
   3.1196390e+06   8.3557129e+01
   3.1233820e+06   8.9660645e+01
   3.1458220e+06   8.2702637e+01
   3.1498740e+06   8.1726074e+01
   3.2198150e+06   8.2946777e+01
   3.2218110e+06   8.1604004e+01
   3.2275570e+06   8.1604004e+01
   3.2371020e+06   8.1787109e+01
   3.2468990e+06   9.0698242e+01
   3.2482950e+06   8.1542969e+01
   3.2628640e+06   8.0322266e+01
   3.2638700e+06   8.1176758e+01
   3.2708170e+06   8.3923340e+01
   3.2720600e+06   8.0566406e+01
   3.2730950e+06   8.0444336e+01
   3.2927740e+06   8.8867188e+01
   3.2938780e+06   9.4238281e+01
   3.3506030e+06   8.3007813e+01
   3.3556300e+06   8.0810547e+01
   3.3585740e+06   8.2763672e+01
   3.3612340e+06   9.5336914e+01
   3.3641320e+06   8.9416504e+01
   3.3644310e+06   8.0078125e+01
   3.3771360e+06   8.2214355e+01
   3.3950050e+06   8.7158203e+01
   3.3951620e+06   1.1401367e+02
   3.3955170e+06   8.2092285e+01
   3.3961050e+06   8.1359863e+01
   3.3963390e+06   1.0192871e+02
   3.3979820e+06   8.4106445e+01
   3.3981470e+06   8.4472656e+01
   3.3984030e+06   8.8073730e+01
   3.3987840e+06   8.4899902e+01
   3.4357490e+06   8.1726074e+01
   3.4436410e+06   8.0078125e+01
   3.4990680e+06   8.7646484e+01
   3.5135480e+06   1.0034180e+02
   3.5136210e+06   9.0576172e+01
   3.5150240e+06   8.8684082e+01
   3.5264130e+06   9.2529297e+01
   3.5606710e+06   8.3496094e+01
   3.5718040e+06   9.8449707e+01
   3.5718680e+06   8.6120605e+01
   3.5719710e+06   8.1604004e+01
   3.5720630e+06   8.3923340e+01
   3.5734450e+06   9.8266602e+01
   3.5749340e+06   8.2946777e+01
   3.5759560e+06   8.2641602e+01
   3.5760840e+06   8.3801270e+01
   3.5762270e+06   8.7341309e+01
   3.5764020e+06   8.4228516e+01
   3.6008980e+06   8.4899902e+01
   3.6032270e+06   8.2031250e+01
   3.6063700e+06   8.5021973e+01
   3.6067400e+06   8.2397461e+01
   3.6245080e+06   8.3190918e+01
   3.6360980e+06   8.2458496e+01
   3.6503280e+06   1.0510254e+02
   3.6504420e+06   8.4472656e+01
   3.6517290e+06   9.9060059e+01
   3.6581680e+06   8.2031250e+01
   3.6748820e+06   8.1726074e+01
   3.6860430e+06   8.6730957e+01
   3.6959780e+06   8.1542969e+01
   3.6971370e+06   8.0627441e+01
   3.7055290e+06   9.4116211e+01
   3.7429150e+06   9.8205566e+01
   3.7429730e+06   8.8134766e+01
   3.7430560e+06   8.1115723e+01
   3.7442100e+06   8.4167480e+01
   3.7537480e+06   8.1787109e+01
   3.7566640e+06   8.2336426e+01
   3.7794670e+06   8.4899902e+01
   3.7801420e+06   8.8623047e+01
   3.7983620e+06   8.3374023e+01
   3.8053770e+06   8.0871582e+01
   3.8054360e+06   1.0192871e+02
   3.8065900e+06   8.1298828e+01
   3.8068070e+06   9.4116211e+01
   3.8337450e+06   1.0369873e+02
   3.8340820e+06   8.6120605e+01
   3.8347540e+06   8.1542969e+01
   3.8349470e+06   8.8989258e+01
   3.8443010e+06   8.5876465e+01
   3.8510530e+06   1.0052490e+02
   3.8511560e+06   1.0083008e+02
   3.8512090e+06   8.1298828e+01
   3.8515290e+06   9.3811035e+01
   3.8520190e+06   8.3801270e+01
   3.8635240e+06   8.3007812e+01
   3.8712150e+06   1.1126709e+02
   3.8713850e+06   8.5693359e+01
   3.8714910e+06   8.0993652e+01
   3.8717870e+06   8.3129883e+01
   3.8720290e+06   9.7839355e+01
   3.8850670e+06   8.2336426e+01
   3.8939190e+06   1.3586426e+02
   3.8940240e+06   1.0607910e+02
   3.8941500e+06   9.4482422e+01
   3.8949030e+06   8.9965820e+01
   3.9062680e+06   8.2885742e+01
   3.9131120e+06   1.0778809e+02
   3.9131940e+06   8.2153320e+01
   3.9132330e+06   9.0209961e+01
   3.9133850e+06   8.2946777e+01
   3.9135290e+06   8.3374023e+01
   3.9136640e+06   8.9660645e+01
   3.9350540e+06   8.4655762e+01
   3.9351670e+06   9.9426270e+01
   3.9352340e+06   1.2792969e+02
   3.9353430e+06   9.9914551e+01
   3.9354990e+06   1.0083008e+02
   3.9359240e+06   1.0089111e+02
   3.9378330e+06   8.0688477e+01
   3.9458780e+06   8.9050293e+01
   3.9485690e+06   8.0810547e+01
   3.9829150e+06   8.2397461e+01
   3.9833520e+06   8.2031250e+01
   3.9845330e+06   8.0444336e+01
   3.9848030e+06   8.3129883e+01
   4.0074410e+06   8.6914062e+01
   4.0527210e+06   8.3007812e+01
   4.0566490e+06   8.0139160e+01
   4.0730790e+06   8.0383301e+01
   4.0742640e+06   8.1054688e+01
   4.0821280e+06   8.0688477e+01
   4.1156490e+06   8.0566406e+01
   4.1988030e+06   8.0932617e+01
   4.2815390e+06   8.2214355e+01
   4.3178750e+06   8.9355469e+01
   4.3556330e+06   1.0009766e+02
   4.3564190e+06   8.8928223e+01
   4.3564930e+06   9.0026855e+01
   4.3566400e+06   1.0778809e+02
   4.3748430e+06   8.0139160e+01
   4.4455590e+06   1.1871338e+02
   4.4456250e+06   9.6313477e+01
   4.4456960e+06   8.6059570e+01
   4.4458090e+06   8.9904785e+01
   4.4459390e+06   8.9172363e+01
   4.5354660e+06   9.1064453e+01
   4.5355720e+06   1.1810303e+02
   4.5360390e+06   9.5581055e+01
   4.5362720e+06   8.0932617e+01
   4.6256900e+06   9.6557617e+01
   4.6259970e+06   9.6557617e+01
   4.6260740e+06   8.1848145e+01
   4.6264000e+06   8.3618164e+01
   4.6267790e+06   9.7534180e+01
   4.7082910e+06   1.0162354e+02
   4.7086370e+06   8.5693359e+01
   4.7089350e+06   8.6914062e+01
   4.7091990e+06   1.0247803e+02
   4.7885120e+06   1.0656738e+02
   4.7889330e+06   9.1979980e+01
   4.7892920e+06   8.1665039e+01
   4.8316490e+06   1.0577393e+02
   4.8330420e+06   8.0810547e+01
   4.8566970e+06   9.3017578e+01
   4.8729370e+06   1.0321045e+02
   4.8730100e+06   8.8073730e+01
   4.8739600e+06   8.9721680e+01
   4.8742210e+06   1.0455322e+02
   4.8847110e+06   9.9426270e+01
   4.8847700e+06   9.0026855e+01
   4.8848950e+06   9.2346191e+01
   4.8850560e+06   9.1003418e+01
   4.8851900e+06   8.4533691e+01
   4.8854800e+06   8.5937500e+01
   4.9000340e+06   9.7900391e+01
   4.9001600e+06   8.0810547e+01
   4.9004990e+06   8.3984375e+01
   4.9006590e+06   8.2336426e+01
   4.9124290e+06   9.3200684e+01
   4.9124930e+06   8.6791992e+01
   4.9125970e+06   8.9172363e+01
   4.9127730e+06   9.0698242e+01
   4.9129170e+06   1.0852051e+02
   4.9253030e+06   9.3627930e+01
   4.9254020e+06   8.5388184e+01
   4.9254820e+06   9.0148926e+01
   4.9257080e+06   9.8388672e+01
   4.9259000e+06   9.4360352e+01
   4.9375000e+06   8.2092285e+01
   4.9376300e+06   1.0412598e+02
   4.9378310e+06   1.0150146e+02
   4.9380110e+06   1.0089111e+02
   4.9503170e+06   1.0443115e+02
   4.9504480e+06   1.0748291e+02
   4.9505970e+06   1.0028076e+02
   4.9507820e+06   9.4787598e+01
   4.9635570e+06   9.2041016e+01
   4.9636540e+06   8.5144043e+01
   4.9763980e+06   1.1614990e+02
   4.9765420e+06   1.0302734e+02
   4.9775880e+06   8.4594727e+01
   4.9891630e+06   1.2182617e+02
   4.9893240e+06   1.0827637e+02
   4.9900150e+06   8.9233398e+01
   5.0032700e+06   8.7341309e+01
   5.0033360e+06   9.0576172e+01
   5.0034570e+06   9.6923828e+01
   5.0166640e+06   8.2397461e+01
   5.0309970e+06   8.2214355e+01
   5.0439520e+06   9.5825195e+01
   5.0946800e+06   9.0881348e+01
   5.0948150e+06   1.0418701e+02
   5.2410230e+06   8.2458496e+01
   5.3082900e+06   8.0871582e+01
   5.3424490e+06   9.8388672e+01
   5.5229840e+06   9.6984863e+01
   5.5230770e+06   8.6669922e+01
   5.5231280e+06   8.4777832e+01
   5.5232980e+06   9.4299316e+01
   5.5234320e+06   8.0810547e+01
   5.5237350e+06   8.0200195e+01
   5.5254920e+06   8.0200195e+01
   5.6011610e+06   1.0961914e+02
   5.6012150e+06   1.0943604e+02
   5.6012770e+06   8.6181641e+01
   5.6019770e+06   8.3312988e+01
   5.6025960e+06   8.1420898e+01
   5.6509430e+06   1.0198975e+02
   5.6509850e+06   8.1359863e+01
   5.6521640e+06   9.0759277e+01
   5.6523700e+06   9.9243164e+01
   5.6532410e+06   8.2153320e+01
   5.7501450e+06   8.6975098e+01
   5.7503290e+06   1.1376953e+02
   5.7504040e+06   8.2580566e+01
   5.7514740e+06   8.0993652e+01
   5.7522600e+06   9.2285156e+01
   5.8199900e+06   9.2346191e+01
   5.8201920e+06   8.8806152e+01
   5.8202520e+06   8.8378906e+01
   5.8213650e+06   8.2275391e+01
   5.8732470e+06   9.2041016e+01
   5.8733640e+06   9.2529297e+01
   5.8743880e+06   8.8989258e+01
   5.8749150e+06   8.1054688e+01
   5.8937320e+06   1.1212158e+02
   5.8937900e+06   9.9182129e+01
   5.8938660e+06   8.4960938e+01
   5.8939880e+06   8.9233398e+01
   5.9166770e+06   9.4238281e+01
   5.9167270e+06   8.5021973e+01
   5.9168080e+06   9.1613770e+01
   5.9169500e+06   8.1787109e+01
   5.9177080e+06   8.0444336e+01
   5.9181370e+06   9.3261719e+01
   5.9312710e+06   8.7707520e+01
   5.9314730e+06   1.0302734e+02
   5.9317160e+06   1.0021973e+02
   5.9318570e+06   9.3383789e+01
   5.9320220e+06   9.5336914e+01
   5.9322790e+06   9.2041016e+01
   6.0143380e+06   9.4360352e+01
   6.0144120e+06   8.1176758e+01
   6.0144800e+06   8.2031250e+01
   6.0907840e+06   1.0400391e+02
   6.1764720e+06   9.1613770e+01
   6.1771150e+06   1.0015869e+02
   6.2673360e+06   1.0046387e+02
   6.2673960e+06   8.3496094e+01
   6.2674920e+06   8.4777832e+01
   6.2676860e+06   9.4543457e+01
   6.3868870e+06   1.1688232e+02
   6.3870140e+06   8.9233398e+01
   6.4522170e+06   8.2092285e+01
   6.4726830e+06   1.2023926e+02
   6.4727520e+06   8.3801270e+01
   6.4728340e+06   8.0749512e+01
   6.5437060e+06   1.0003662e+02
   6.5437760e+06   8.1848145e+01
   6.5445490e+06   9.0515137e+01
   6.5451670e+06   8.5205078e+01
   6.5591900e+06   8.3984375e+01
   6.6259700e+06   8.5693359e+01
   6.7429360e+06   1.0192871e+02
   6.7431430e+06   8.3801270e+01
   6.7438820e+06   8.4594727e+01
   6.8178380e+06   1.2286377e+02
   6.8178990e+06   8.2153320e+01
   6.8201510e+06   8.1726074e+01
   6.8204950e+06   8.4167480e+01
   6.8208780e+06   8.3679199e+01
   6.8340470e+06   8.1726074e+01
   6.8531700e+06   8.0932617e+01
   6.8845300e+06   8.0688477e+01
   6.8907040e+06   1.2377930e+02
   6.8907650e+06   9.7778320e+01
   6.8918100e+06   8.1726074e+01
   6.8920500e+06   8.6914062e+01
   6.9080130e+06   1.1865234e+02
   6.9080720e+06   8.6059570e+01
   6.9081450e+06   8.4411621e+01
   6.9089380e+06   8.4716797e+01
   6.9247070e+06   1.0247803e+02
   6.9247690e+06   1.1376953e+02
   6.9250620e+06   8.8134766e+01
   6.9258040e+06   8.5998535e+01
   6.9466040e+06   8.5510254e+01
   6.9466640e+06   8.3679199e+01
   6.9467490e+06   8.0993652e+01
   6.9469380e+06   8.1604004e+01
   6.9471710e+06   8.6242676e+01
   6.9676500e+06   9.0148926e+01
   6.9678780e+06   9.1125488e+01
   6.9684590e+06   8.1848145e+01
   6.9844590e+06   8.5388184e+01
   6.9887190e+06   1.3269043e+02
   6.9888920e+06   8.6853027e+01
   6.9890090e+06   9.4421387e+01
   6.9890910e+06   8.2458496e+01
   6.9891900e+06   8.8989258e+01
   7.0048410e+06   8.7829590e+01
   7.0051330e+06   8.4289551e+01
   7.0052760e+06   1.0546875e+02
   7.0054040e+06   9.8876953e+01
   7.0055460e+06   1.1138916e+02
   7.0222660e+06   1.2005615e+02
   7.0223990e+06   8.6181641e+01
   7.0225470e+06   8.3496094e+01
   7.0228340e+06   1.0345459e+02
   7.0231700e+06   9.7656250e+01
   7.0317670e+06   1.0845947e+02
   7.0318470e+06   8.4045410e+01
   7.0319890e+06   1.0656738e+02
   7.0410270e+06   1.1047363e+02
   7.0411090e+06   9.4238281e+01
   7.0651430e+06   9.4177246e+01
   7.0654480e+06   8.5693359e+01
   7.0655800e+06   1.0290527e+02
   7.0657860e+06   8.4960938e+01
   7.0744960e+06   8.6364746e+01
   7.1871570e+06   8.0871582e+01
   7.2061450e+06   8.3862305e+01
   7.4763880e+06   8.3129883e+01
   7.4766060e+06   1.1065674e+02
   7.4768620e+06   8.0749512e+01
   7.4770030e+06   8.2763672e+01
   7.4947210e+06   8.0993652e+01
   7.4998950e+06   9.1796875e+01
   7.5296870e+06   9.5947266e+01
   7.5401830e+06   8.4655762e+01
   7.5432740e+06   9.7595215e+01
   7.5433180e+06   8.2458496e+01
   7.5434090e+06   8.3984375e+01
   7.5435760e+06   8.2763672e+01
   7.5450680e+06   9.4177246e+01
   7.5452840e+06   8.8439941e+01
   7.5454640e+06   9.0332031e+01
   7.6464200e+06   9.3933105e+01
   7.6464920e+06   9.6862793e+01
   7.6476310e+06   9.1979980e+01
   7.6483200e+06   8.8378906e+01
   7.6773100e+06   8.6853027e+01
   7.7314240e+06   1.1242676e+02
   7.7314770e+06   9.6252441e+01
   7.7323330e+06   8.3740234e+01
   7.7326050e+06   8.1787109e+01
   7.7328840e+06   1.0931396e+02
   7.7354620e+06   8.1665039e+01
   7.7453410e+06   8.4289551e+01
   7.7684700e+06   8.0810547e+01
   7.7704020e+06   8.2153320e+01
   7.7733150e+06   1.1328125e+02
   7.7744790e+06   8.1665039e+01
   7.7745010e+06   1.0028076e+02
   7.7756060e+06   8.5937500e+01
   7.8381430e+06   9.9182129e+01
   7.8382050e+06   1.0888672e+02
   7.8387990e+06   8.4533691e+01
   7.8395070e+06   8.3190918e+01
   7.8478920e+06   8.1604004e+01
   7.8532970e+06   1.0614014e+02
   7.8536590e+06   8.3068848e+01
   7.8543420e+06   9.0881348e+01
   7.8678170e+06   9.9182129e+01
   7.8678940e+06   1.0742188e+02
   7.8680180e+06   9.7229004e+01
   7.8681460e+06   1.0455322e+02
   7.8682590e+06   9.2041016e+01
   7.8683770e+06   8.8806152e+01
   7.8688850e+06   9.1735840e+01
   7.8890930e+06   8.7402344e+01
   7.8891630e+06   1.1181641e+02
   7.8894080e+06   8.2946777e+01
   7.8894520e+06   8.0932617e+01
   7.8895440e+06   8.5571289e+01
   7.9033110e+06   8.8073730e+01
   7.9034860e+06   8.9111328e+01
   7.9038010e+06   1.1737061e+02
   7.9039760e+06   8.9416504e+01
   7.9042610e+06   8.2641602e+01
   7.9204740e+06   8.5327148e+01
   7.9207540e+06   1.1212158e+02
   7.9208920e+06   9.5520020e+01
   7.9210200e+06   8.3068848e+01
   7.9232850e+06   8.1298828e+01
   7.9398840e+06   8.8684082e+01
   7.9399520e+06   9.5397949e+01
   7.9400670e+06   8.7463379e+01
   7.9404770e+06   9.3017578e+01
   7.9550250e+06   8.3740234e+01
   7.9554760e+06   1.3067627e+02
   7.9556130e+06   9.2590332e+01
   7.9763530e+06   8.2763672e+01
   7.9764980e+06   1.0778809e+02
   7.9767160e+06   8.5693359e+01
   7.9768060e+06   1.0229492e+02
   7.9768660e+06   8.2275391e+01
   7.9769320e+06   8.5510254e+01
   7.9814730e+06   8.1665039e+01
   8.0012230e+06   1.0076904e+02
   8.0015390e+06   1.2487793e+02
   8.0017100e+06   1.0424805e+02
   8.0072600e+06   8.3068848e+01
   8.0181890e+06   8.2092285e+01
   8.0825290e+06   1.0681152e+02
   8.0827500e+06   8.3862305e+01
   8.0828420e+06   8.2641602e+01
   8.0831210e+06   8.2580566e+01
   8.0832010e+06   8.7341309e+01
   8.1040640e+06   8.2519531e+01
   8.1525370e+06   8.2702637e+01
   8.2845050e+06   8.2336426e+01
   8.3244070e+06   8.9111328e+01
   8.4636510e+06   1.3366699e+02
   8.4637580e+06   9.0759277e+01
   8.4638350e+06   8.4960938e+01
   8.4639340e+06   8.9355469e+01
   8.4647660e+06   9.9060059e+01
   8.5499190e+06   9.4543457e+01
   8.5502940e+06   8.1542969e+01
   8.5510600e+06   9.9975586e+01
   8.5512480e+06   8.7219238e+01
   8.5525420e+06   8.3435059e+01
   8.6039900e+06   8.1420898e+01
   8.6209370e+06   1.2207031e+02
   8.6209900e+06   1.0815430e+02
   8.6223290e+06   1.0052490e+02
   8.6234740e+06   8.6120605e+01
   8.6749980e+06   8.2885742e+01
   8.6928000e+06   9.1186523e+01
   8.6928520e+06   8.1359863e+01
   8.6939140e+06   8.7829590e+01
   8.6941070e+06   8.1726074e+01
   8.6964000e+06   8.2275391e+01
   8.7098220e+06   8.4228516e+01
   8.7098760e+06   1.0571289e+02
   8.7100320e+06   9.1308594e+01
   8.7245940e+06   1.0339355e+02
   8.7247660e+06   9.7473145e+01
   8.7248530e+06   1.0687256e+02
   8.7253780e+06   8.7097168e+01
   8.7256020e+06   8.4167480e+01
   8.7461630e+06   1.0601807e+02
   8.7462780e+06   8.7951660e+01
   8.7465620e+06   8.5083008e+01
   8.7647980e+06   1.2426758e+02
   8.7648640e+06   9.2407227e+01
   8.7648980e+06   9.5520020e+01
   8.7649770e+06   1.0125732e+02
   8.7650760e+06   8.4045410e+01
   8.7652420e+06   8.7463379e+01
   8.7657440e+06   9.3505859e+01
   8.7850940e+06   9.0942383e+01
   8.7851560e+06   8.6242676e+01
   8.7852490e+06   1.1639404e+02
   8.7853830e+06   8.7158203e+01
   8.7855420e+06   8.9843750e+01
   8.8035820e+06   1.0723877e+02
   8.8038930e+06   1.1267090e+02
   8.8040360e+06   9.0515137e+01
   8.8041400e+06   8.2824707e+01
   8.8042690e+06   9.9121094e+01
   8.8048180e+06   8.6242676e+01
   8.8237370e+06   8.9416504e+01
   8.8238190e+06   9.2041016e+01
   8.8239560e+06   8.9355469e+01
   8.8241640e+06   1.4605713e+02
   8.8494290e+06   1.3250732e+02
   8.8495700e+06   1.0644531e+02
   8.8498050e+06   9.6191406e+01
   8.8498750e+06   9.8144531e+01
   8.8499880e+06   8.0688477e+01
   8.8503570e+06   9.4421387e+01
   8.8710660e+06   1.1120605e+02
   8.8713190e+06   9.1003418e+01
   8.8715050e+06   1.0253906e+02
   8.8716490e+06   8.8134766e+01
   9.0306080e+06   8.1115723e+01
   9.0572970e+06   7.9528809e+01
   9.1400650e+06   7.9956055e+01
   9.1438260e+06   7.7453613e+01
   9.1953740e+06   1.0357666e+02
   9.2352160e+06   8.0261230e+01
   9.3057680e+06   8.5754395e+01
   9.3464320e+06   7.7575684e+01
   9.3851280e+06   1.0168457e+02
   9.3859710e+06   8.8745117e+01
   9.3860580e+06   7.9467773e+01
   9.3861700e+06   7.8369141e+01
   9.3863960e+06   1.0192871e+02
   9.3865080e+06   9.6374512e+01
   9.4733120e+06   8.4228516e+01
   9.4739390e+06   8.7585449e+01
   9.4742840e+06   8.3129883e+01
   9.5385210e+06   7.7453613e+01
   9.5560460e+06   1.1456299e+02
   9.5569510e+06   7.7758789e+01
   9.5868930e+06   1.0455322e+02
   9.5869510e+06   8.5021973e+01
   9.5881010e+06   7.7392578e+01
   9.5884640e+06   8.3190918e+01
   9.6045790e+06   1.4227295e+02
   9.6046440e+06   9.0759277e+01
   9.6047080e+06   8.6975098e+01
   9.6047860e+06   8.0627441e+01
   9.6059430e+06   8.6853027e+01
   9.6201570e+06   9.2041016e+01
   9.6204450e+06   7.9406738e+01
   9.6205500e+06   8.8378906e+01
   9.6348920e+06   1.0833740e+02
   9.6349560e+06   8.8195801e+01
   9.6350260e+06   8.0505371e+01
   9.6351920e+06   8.4533691e+01
   9.6356510e+06   8.8317871e+01
   9.6501010e+06   1.0174561e+02
   9.6502810e+06   7.9589844e+01
   9.6503930e+06   8.5815430e+01
   9.6505040e+06   7.7880859e+01
   9.6509610e+06   8.6120605e+01
   9.6657540e+06   1.0284424e+02
   9.6657700e+06   7.6965332e+01
   9.6658120e+06   8.2824707e+01
   9.6659140e+06   8.2641602e+01
   9.6661600e+06   8.3801270e+01
   9.6785270e+06   1.1096191e+02
   9.6786010e+06   7.7819824e+01
   9.6787250e+06   9.6252441e+01
   9.6788600e+06   7.7941895e+01
   9.6789820e+06   7.7514648e+01
   9.6791120e+06   9.0820312e+01
   9.6956820e+06   8.1359863e+01
   9.6957430e+06   7.9101562e+01
   9.6959150e+06   9.4238281e+01
   9.6960830e+06   7.8002930e+01
   9.6962200e+06   9.9487305e+01
   9.6963370e+06   9.5214844e+01
   9.7091420e+06   1.0339355e+02
   9.7094520e+06   9.1674805e+01
   9.7095860e+06   8.3618164e+01
   9.7097130e+06   7.7819824e+01
   9.7099640e+06   9.0942383e+01
   9.7248040e+06   9.4848633e+01
   9.7249450e+06   9.5397949e+01
   9.7250780e+06   8.6120605e+01
   9.7252420e+06   9.6008301e+01
   9.7253860e+06   8.3374023e+01
   9.7255740e+06   8.0383301e+01
   9.7258710e+06   7.7026367e+01
   9.7410820e+06   1.2377930e+02
   9.7411760e+06   8.6547852e+01
   9.7413410e+06   9.0393066e+01
   9.7415960e+06   8.9599609e+01
   9.7599070e+06   1.3708496e+02
   9.7599680e+06   1.0827637e+02
   9.7601390e+06   8.5449219e+01
   9.7604580e+06   1.1151123e+02
   9.7605750e+06   9.1064453e+01
   9.7766010e+06   1.0424805e+02
   9.7766890e+06   9.9243164e+01
   9.7768540e+06   1.1370850e+02
   9.7771200e+06   8.3129883e+01
   9.7907540e+06   9.7778320e+01
   9.7908550e+06   8.2885742e+01
   9.7909840e+06   9.1552734e+01
   9.7915230e+06   8.7036133e+01
   9.8034940e+06   9.1369629e+01
   9.8038260e+06   1.0931396e+02
   9.8376380e+06   7.8186035e+01
   1.0249558e+07   1.0552979e+02
   1.0249663e+07   1.1187744e+02
   1.0249719e+07   8.1970215e+01
   1.0249793e+07   8.3557129e+01
   1.0249894e+07   8.5327148e+01
   1.0250873e+07   9.0637207e+01
   1.0252725e+07   7.8491211e+01
   1.0319998e+07   1.0766602e+02
   1.0320131e+07   8.2031250e+01
   1.0320186e+07   8.1848145e+01
   1.0321559e+07   8.6669922e+01
   1.0321953e+07   8.0993652e+01
   1.0322082e+07   8.0139160e+01
   1.0322172e+07   8.4350586e+01
   1.0389699e+07   8.9904785e+01
   1.0389756e+07   9.1674805e+01
   1.0389820e+07   8.5388184e+01
   1.0391969e+07   7.7636719e+01
   1.0486696e+07   7.7209473e+01
   1.0486765e+07   8.8378906e+01
   1.0486818e+07   9.3811035e+01
   1.0487830e+07   8.1176758e+01
   1.0487975e+07   7.9467773e+01
   1.0488945e+07   8.2763672e+01
   1.0489356e+07   8.0688477e+01
   1.0577790e+07   1.1352539e+02
   1.0621869e+07   7.9406738e+01
   1.0660598e+07   1.1248779e+02
   1.0661710e+07   9.1308594e+01
   1.0773283e+07   1.1682129e+02
   1.0774270e+07   1.0034180e+02
   1.0774608e+07   7.7941895e+01
   1.0827828e+07   9.2285156e+01
   1.0829044e+07   8.5144043e+01
   1.0844035e+07   1.1468506e+02
   1.0844165e+07   8.4045410e+01
   1.0844257e+07   8.7646484e+01
   1.0844505e+07   8.8562012e+01
   1.0844595e+07   8.1481934e+01
   1.0845076e+07   7.7819824e+01
   1.0845381e+07   8.2763672e+01
   1.0845659e+07   8.0505371e+01
   1.0859310e+07   7.7575684e+01
   1.0860847e+07   1.0559082e+02
   1.0861602e+07   8.1604004e+01
   1.0861720e+07   8.9477539e+01
   1.0862015e+07   9.7473145e+01
   1.0862171e+07   9.2163086e+01
   1.0876611e+07   1.0797119e+02
   1.0876666e+07   1.0150146e+02
   1.0876774e+07   8.3923340e+01
   1.0876914e+07   9.3444824e+01
   1.0877048e+07   7.9772949e+01
   1.0877168e+07   8.6059570e+01
   1.0877290e+07   7.7148438e+01
   1.0877883e+07   1.1364746e+02
   1.0897265e+07   1.1364746e+02
   1.0897395e+07   7.8674316e+01
   1.0897535e+07   9.7106934e+01
   1.0897634e+07   7.7636719e+01
   1.0920224e+07   9.8571777e+01
   1.0920592e+07   9.9670410e+01
   1.0939207e+07   1.1309814e+02
   1.0939487e+07   9.9182129e+01
   1.0939622e+07   9.3505859e+01
   1.0939737e+07   8.3679199e+01
   1.0940133e+07   8.7036133e+01
   1.0956154e+07   7.9467773e+01
   1.0956584e+07   1.0650635e+02
   1.0956755e+07   8.8562012e+01
   1.0957064e+07   8.1970215e+01
   1.0979806e+07   1.1157227e+02
   1.0979943e+07   1.0583496e+02
   1.0980092e+07   1.0620117e+02
   1.0980238e+07   9.4665527e+01
   1.0980378e+07   7.8247070e+01
   1.0980639e+07   7.9284668e+01
   1.1148952e+07   1.0168457e+02
   1.1148998e+07   7.8063965e+01
   1.1149113e+07   8.8989258e+01
   1.1149219e+07   8.1787109e+01
   1.1149491e+07   9.7229004e+01
   1.1316094e+07   1.0528564e+02
   1.1552623e+07   1.2915039e+02
   1.1553729e+07   8.5449219e+01
   1.1600010e+07   1.0961914e+02
   1.1601661e+07   7.8979492e+01
   1.1602828e+07   8.3862305e+01
   1.1683138e+07   1.1370850e+02
   1.1683183e+07   1.0601807e+02
   1.1684303e+07   9.2651367e+01
   1.1685622e+07   9.1491699e+01
   1.1740490e+07   9.4116211e+01
   1.1741666e+07   8.0505371e+01
   1.1741798e+07   8.2824707e+01
   1.1743364e+07   8.0505371e+01
   1.1822042e+07   1.0223389e+02
   1.1823380e+07   9.1369629e+01
   1.1824219e+07   8.0444336e+01
   1.1824597e+07   9.1186523e+01
   1.1825539e+07   7.9284668e+01
   1.1928888e+07   1.0833740e+02
   1.1928944e+07   7.8308105e+01
   1.1929011e+07   7.7270508e+01
