   1.1996000e+07   0.0000000e+00
   5.0386000e+04   4.6325684e+01
   1.0955300e+05   9.9426270e+01
   1.0987300e+05   9.4665527e+01
   1.7439400e+05   4.0710449e+01
   3.5139500e+05   1.1730957e+02
   4.1856600e+05   4.2968750e+01
   4.1884400e+05   1.3006592e+02
   4.1904100e+05   1.1560059e+02
   5.0296400e+05   4.3212891e+01
   5.0310400e+05   1.2316895e+02
   5.0312600e+05   3.9855957e+01
   5.5045800e+05   4.1748047e+01
   5.5991400e+05   4.0649414e+01
   5.5992500e+05   4.0954590e+01
   5.6004800e+05   1.1688232e+02
   6.0897200e+05   3.9916992e+01
   6.1070000e+05   1.1047363e+02
   6.6660600e+05   3.9855957e+01
   7.0302600e+05   1.1932373e+02
   7.4073400e+05   1.3836670e+02
   7.4095200e+05   4.0344238e+01
   7.4229400e+05   1.1676025e+02
   8.2455300e+05   4.2419434e+01
   8.2483900e+05   1.0888672e+02
   8.2540400e+05   1.0632324e+02
   8.2602500e+05   9.8693848e+01
   9.9268000e+05   1.1425781e+02
   9.9292500e+05   1.0314941e+02
   9.9340500e+05   9.1735840e+01
   1.0690400e+06   1.0791016e+02
   1.0702800e+06   1.0882568e+02
   1.0705700e+06   1.0632324e+02
   1.0711120e+06   9.6984863e+01
   1.1759650e+06   1.1993408e+02
   1.2908540e+06   1.2042236e+02
   1.3747740e+06   4.2297363e+01
   1.3748880e+06   1.4166260e+02
   1.3750560e+06   1.1389160e+02
   1.4403470e+06   4.1748047e+01
   1.4421600e+06   4.1381836e+01
   1.4423130e+06   1.2835693e+02
   1.4423480e+06   4.0344238e+01
   1.5291170e+06   1.1938477e+02
   1.5309000e+06   4.0527344e+01
   1.5785140e+06   1.1761475e+02
   1.5786950e+06   1.3122559e+02
   1.5979050e+06   4.4799805e+01
   1.5979360e+06   4.2846680e+01
   1.6227040e+06   3.9978027e+01
   1.6241730e+06   4.1931152e+01
   1.6522070e+06   4.3212891e+01
   1.6522860e+06   1.2426758e+02
   1.6538110e+06   1.1016846e+02
   1.6803120e+06   1.1926270e+02
   1.6813600e+06   1.0772705e+02
   1.6817280e+06   9.0637207e+01
   1.6821830e+06   8.8684082e+01
   1.7098340e+06   1.2414551e+02
   1.7105300e+06   1.0113525e+02
   1.7109140e+06   9.5825195e+01
   1.7112290e+06   9.8327637e+01
   1.7115750e+06   9.6618652e+01
   1.8632860e+06   1.1456299e+02
   1.8635280e+06   1.0662842e+02
   1.8638690e+06   1.1480713e+02
   1.8641130e+06   1.0729980e+02
   1.9591590e+06   1.1523438e+02
   1.9593660e+06   1.1315918e+02
   1.9596520e+06   1.0351562e+02
   1.9599490e+06   9.7351074e+01
   2.0579400e+06   1.1523438e+02
   2.0581450e+06   1.0522461e+02
   2.1938820e+06   4.5959473e+01
   2.1940350e+06   4.1564941e+01
   2.1941750e+06   4.2419434e+01
   2.2484450e+06   5.3161621e+01
   2.2485300e+06   1.2054443e+02
   2.2487060e+06   1.1303711e+02
   2.2487810e+06   4.0771484e+01
   2.2500650e+06   1.1724854e+02
   2.3377650e+06   4.5471191e+01
   2.3379070e+06   1.1138916e+02
   2.3391230e+06   4.7180176e+01
   2.3613450e+06   1.0284424e+02
   2.3760270e+06   4.1015625e+01
   2.3761270e+06   4.1931152e+01
   2.3762630e+06   4.2663574e+01
   2.4246470e+06   4.2114258e+01
   2.4247600e+06   1.2438965e+02
   2.4256390e+06   1.0705566e+02
   2.4258690e+06   1.0247803e+02
   2.4264020e+06   1.0247803e+02
   2.4268280e+06   8.8378906e+01
   2.4417010e+06   9.5520020e+01
   2.4419450e+06   9.8144531e+01
   2.4424240e+06   9.3811035e+01
   2.4429800e+06   7.5256348e+01
   2.4797500e+06   5.1391602e+01
   2.4798330e+06   1.2969971e+02
   2.4799960e+06   1.0589600e+02
   2.4808070e+06   1.1383057e+02
   2.4810550e+06   9.2529297e+01
   2.4814930e+06   8.3618164e+01
   2.4819640e+06   8.8500977e+01
   2.4969760e+06   1.1657715e+02
   2.4976660e+06   1.0980225e+02
   2.4980290e+06   9.2590332e+01
   2.4983950e+06   8.5449219e+01
   2.5170440e+06   1.1315918e+02
   2.5172360e+06   1.0473633e+02
   2.5178580e+06   1.0510254e+02
   2.5183080e+06   8.5693359e+01
   2.5185780e+06   8.9294434e+01
   2.5188820e+06   7.4584961e+01
   2.5335510e+06   1.1950684e+02
   2.5336440e+06   4.4067383e+01
   2.5337570e+06   1.0333252e+02
   2.5339330e+06   9.7351074e+01
   2.5344430e+06   8.6364746e+01
   2.5346960e+06   8.1604004e+01
   2.5349540e+06   5.9326172e+01
   2.5352570e+06   7.8735352e+01
   2.5356410e+06   9.1979980e+01
   2.6107520e+06   1.3800049e+02
   2.6109130e+06   1.2182617e+02
   2.6114240e+06   9.1735840e+01
   2.6116830e+06   8.9172363e+01
   2.6119340e+06   8.0566406e+01
   2.6122120e+06   8.4167480e+01
   2.6124850e+06   8.0078125e+01
   2.7012570e+06   1.1169434e+02
   2.7016920e+06   1.1822510e+02
   2.7020550e+06   1.0021973e+02
   2.7022940e+06   9.4909668e+01
   2.7025610e+06   9.2773438e+01
   2.7028140e+06   8.8256836e+01
   2.7270990e+06   1.1547852e+02
   2.7274430e+06   1.0131836e+02
   2.7278690e+06   8.9843750e+01
   2.7285090e+06   1.0156250e+02
   2.8142620e+06   1.1505127e+02
   2.8145810e+06   1.0321045e+02
   2.8146580e+06   5.5480957e+01
   2.8584420e+06   1.1199951e+02
   2.8587370e+06   1.0815430e+02
   2.8589550e+06   1.2121582e+02
   2.8594330e+06   9.5153809e+01
   2.8597270e+06   1.0498047e+02
   2.8601510e+06   9.6435547e+01
   2.8605460e+06   8.5632324e+01
   2.9293360e+06   1.0937500e+02
   2.9296150e+06   1.0614014e+02
   2.9300160e+06   9.6252441e+01
   2.9301570e+06   7.8125000e+01
   2.9305760e+06   8.9843750e+01
   2.9308490e+06   7.2631836e+01
   2.9311910e+06   8.9050293e+01
   2.9316860e+06   5.8105469e+01
   2.9624970e+06   1.1230469e+02
   2.9628830e+06   8.8134766e+01
   2.9631550e+06   9.0515137e+01
   2.9632460e+06   4.6386719e+01
   3.3951600e+06   4.1992188e+01
   3.3952080e+06   4.1320801e+01
   3.3952400e+06   4.1687012e+01
   3.3953440e+06   1.4038086e+02
   3.3954970e+06   1.1914062e+02
   3.5138640e+06   1.2030029e+02
   3.5721390e+06   1.2280273e+02
   3.5723040e+06   1.2036133e+02
   3.6503780e+06   4.0222168e+01
   3.6504090e+06   1.1718750e+02
   3.6504790e+06   4.0222168e+01
   3.6505820e+06   1.1138916e+02
   3.7430940e+06   4.2114258e+01
   3.7432050e+06   1.2432861e+02
   3.7432880e+06   4.1748047e+01
   3.7433440e+06   1.0449219e+02
   3.8057180e+06   4.0832520e+01
   3.8057700e+06   1.1663818e+02
   3.8353510e+06   1.3006592e+02
   3.8512020e+06   3.9855957e+01
   3.8529040e+06   1.0113525e+02
   3.8716070e+06   1.1376953e+02
   3.8726920e+06   1.0833740e+02
   3.8942600e+06   4.2114258e+01
   3.8943760e+06   1.3073730e+02
   3.8955650e+06   1.0150146e+02
   3.8958910e+06   1.0595703e+02
   3.9135090e+06   1.1517334e+02
   3.9135280e+06   4.0466309e+01
   3.9135560e+06   3.9489746e+01
   3.9145320e+06   9.6801758e+01
   3.9148830e+06   8.9355469e+01
   3.9152080e+06   9.5275879e+01
   3.9353740e+06   4.1076660e+01
   3.9356480e+06   1.1737061e+02
   3.9365330e+06   1.0601807e+02
   3.9368240e+06   8.3190918e+01
   3.9371980e+06   1.0144043e+02
   4.3183630e+06   4.0527344e+01
   4.3565080e+06   1.3531494e+02
   4.3566620e+06   1.2481689e+02
   4.3579530e+06   1.0968018e+02
   4.4456960e+06   1.2689209e+02
   4.4457480e+06   4.2419434e+01
   4.5355980e+06   1.2512207e+02
   4.5357550e+06   1.0827637e+02
   4.6260310e+06   4.0710449e+01
   4.6260620e+06   1.3006592e+02
   4.6262310e+06   1.0528564e+02
   4.7085900e+06   4.5288086e+01
   4.7086110e+06   1.1657715e+02
   4.7890680e+06   1.1376953e+02
   4.7892190e+06   1.2518311e+02
   4.8317750e+06   1.1682129e+02
   4.8318030e+06   4.0039062e+01
   4.8318130e+06   4.1381836e+01
   4.8319330e+06   1.2170410e+02
   4.8569130e+06   3.9489746e+01
   4.8569300e+06   4.0283203e+01
   4.8571830e+06   4.1931152e+01
   4.8582450e+06   1.0021973e+02
   4.8585430e+06   1.0668945e+02
   4.8588430e+06   3.9794922e+01
   4.8733180e+06   4.1931152e+01
   4.8863060e+06   9.3322754e+01
   4.8868530e+06   1.1346436e+02
   4.9004060e+06   4.0771484e+01
   4.9011790e+06   1.0888672e+02
   4.9127890e+06   1.2261963e+02
   4.9129650e+06   4.1564941e+01
   4.9138180e+06   9.0759277e+01
   4.9143090e+06   8.5083008e+01
   4.9256800e+06   1.2945557e+02
   4.9259470e+06   8.7585449e+01
   4.9263640e+06   9.8205566e+01
   4.9269930e+06   9.4360352e+01
   4.9388220e+06   9.0270996e+01
   4.9391400e+06   9.0454102e+01
   4.9394430e+06   9.8144531e+01
   4.9503790e+06   4.2114258e+01
   4.9506040e+06   1.1206055e+02
   4.9507060e+06   3.9855957e+01
   4.9516640e+06   8.6853027e+01
   4.9521020e+06   8.8378906e+01
   4.9636740e+06   4.6752930e+01
   4.9637660e+06   1.0461426e+02
   4.9641100e+06   4.2907715e+01
   4.9648130e+06   9.5642090e+01
   4.9651260e+06   8.8867188e+01
   4.9766630e+06   1.0644531e+02
   4.9779100e+06   8.6242676e+01
   4.9895670e+06   9.3078613e+01
   4.9897910e+06   1.1010742e+02
   4.9900030e+06   4.2785645e+01
   4.9902670e+06   9.6801758e+01
   4.9909330e+06   9.5642090e+01
   5.0036450e+06   1.0473633e+02
   5.0043530e+06   9.0270996e+01
   5.0046130e+06   8.8867188e+01
   5.0050790e+06   1.0131836e+02
   5.0168690e+06   1.0198975e+02
   5.0171380e+06   1.2603760e+02
   5.0175460e+06   1.0198975e+02
   5.0179160e+06   8.8012695e+01
   5.0182180e+06   8.6059570e+01
   5.0297340e+06   1.0644531e+02
   5.0300120e+06   1.0809326e+02
   5.0303050e+06   1.0284424e+02
   5.0306010e+06   7.6904297e+01
   5.0309670e+06   1.0229492e+02
   5.0314290e+06   8.4899902e+01
   5.0441800e+06   1.2567139e+02
   5.0444070e+06   1.0137939e+02
   5.0447000e+06   1.0351562e+02
   5.0449900e+06   8.6547852e+01
   5.0453800e+06   8.6608887e+01
   5.0576660e+06   9.9670410e+01
   5.0579460e+06   9.8937988e+01
   5.0582950e+06   8.3496094e+01
   5.0585650e+06   8.9782715e+01
   5.0586100e+06   4.3579102e+01
   5.0588200e+06   9.2224121e+01
   5.0591460e+06   6.7993164e+01
   5.0712910e+06   9.2956543e+01
   5.0715590e+06   1.1163330e+02
   5.0718100e+06   1.2017822e+02
   5.0720940e+06   9.5397949e+01
   5.0723580e+06   8.1665039e+01
   5.0726290e+06   8.2763672e+01
   5.0731080e+06   6.7077637e+01
   5.0948660e+06   1.1163330e+02
   5.0951520e+06   1.1126709e+02
   5.0954240e+06   1.0223389e+02
   5.0956620e+06   9.1430664e+01
   5.0959070e+06   8.5449219e+01
   5.0961350e+06   7.6110840e+01
   5.0964780e+06   9.0637207e+01
   5.1820140e+06   1.0784912e+02
   5.2697600e+06   1.1621094e+02
   5.5234110e+06   1.3195801e+02
   5.5235930e+06   1.1138916e+02
   5.6015510e+06   1.1395264e+02
   5.6016800e+06   1.0784912e+02
   5.6512630e+06   1.4129639e+02
   5.6512750e+06   4.1931152e+01
   5.6514060e+06   1.1846924e+02
   5.7505210e+06   1.0772705e+02
   5.7506650e+06   1.2219238e+02
   5.8203310e+06   1.2951660e+02
   5.8204780e+06   1.2481689e+02
   5.8735820e+06   1.2628174e+02
   5.8958010e+06   1.0754395e+02
   5.9168830e+06   4.1137695e+01
   5.9172040e+06   1.3513184e+02
   5.9333490e+06   1.0479736e+02
   6.0144450e+06   3.9611816e+01
   6.0144650e+06   1.1767578e+02
   6.0146230e+06   1.0961914e+02
   6.0152780e+06   1.0833740e+02
   6.1763700e+06   1.0882568e+02
   6.1766080e+06   1.1437988e+02
   6.1772780e+06   1.0620117e+02
   6.2676670e+06   1.2603760e+02
   6.2678190e+06   1.0266113e+02
   6.3870290e+06   3.9672852e+01
   6.3871270e+06   1.1456299e+02
   6.4729710e+06   1.2628174e+02
   6.4731050e+06   1.0321045e+02
   6.5438600e+06   4.0039062e+01
   6.5440000e+06   1.1791992e+02
   6.5441440e+06   1.1993408e+02
   6.7429850e+06   4.3029785e+01
   6.7431290e+06   4.0466309e+01
   6.7432450e+06   1.1993408e+02
   6.8181270e+06   1.2683105e+02
   6.8181720e+06   4.1076660e+01
   6.8182610e+06   1.1810303e+02
   6.8908290e+06   3.9306641e+01
   6.8910130e+06   1.2860107e+02
   6.8911010e+06   4.0588379e+01
   6.8911610e+06   1.1328125e+02
   6.9082950e+06   3.9978027e+01
   6.9100310e+06   1.1273193e+02
   6.9105670e+06   1.1035156e+02
   6.9248250e+06   4.3579102e+01
   6.9252830e+06   4.0832520e+01
   6.9264070e+06   1.0980225e+02
   6.9470870e+06   1.0931396e+02
   6.9482810e+06   1.0491943e+02
   6.9679580e+06   1.2561035e+02
   6.9680690e+06   4.4372559e+01
   6.9681410e+06   1.0833740e+02
   6.9890790e+06   1.0162354e+02
   6.9891630e+06   3.9672852e+01
   6.9892580e+06   9.7045898e+01
   6.9897950e+06   9.8388672e+01
   6.9900970e+06   9.8693848e+01
   6.9904710e+06   9.8388672e+01
   6.9907660e+06   9.3017578e+01
   7.0050690e+06   1.1145020e+02
   7.0051930e+06   4.0161133e+01
   7.0053100e+06   9.6618652e+01
   7.0053410e+06   4.9621582e+01
   7.0063370e+06   7.7575684e+01
   7.0065730e+06   9.3505859e+01
   7.0068690e+06   9.6862793e+01
   7.0072240e+06   8.1420898e+01
   7.0225090e+06   1.1230469e+02
   7.0225470e+06   3.9978027e+01
   7.0226640e+06   9.8327637e+01
   7.0236250e+06   8.9111328e+01
   7.0239850e+06   9.7717285e+01
   7.0243500e+06   8.6853027e+01
   7.0315970e+06   4.1442871e+01
   7.0317420e+06   1.0028076e+02
   7.0318010e+06   4.0283203e+01
   7.0318980e+06   4.0710449e+01
   7.0326670e+06   9.3444824e+01
   7.0330350e+06   9.3627930e+01
   7.0410510e+06   1.0522461e+02
   7.0422240e+06   8.9721680e+01
   7.0426170e+06   7.9772949e+01
   7.0653330e+06   9.3627930e+01
   7.0655170e+06   1.1767578e+02
   7.0660700e+06   1.0083008e+02
   7.0662970e+06   8.8562012e+01
   7.0664970e+06   8.7158203e+01
   7.0667340e+06   8.3862305e+01
   7.0670090e+06   7.1777344e+01
   7.0674110e+06   8.2519531e+01
   7.0743660e+06   1.0955811e+02
   7.0751890e+06   8.5510254e+01
   7.0754630e+06   8.4960938e+01
   7.0757720e+06   7.5439453e+01
   7.0760780e+06   7.7026367e+01
   7.0858560e+06   9.4360352e+01
   7.0860770e+06   9.8876953e+01
   7.0864240e+06   1.0046387e+02
   7.0866950e+06   8.5571289e+01
   7.0869240e+06   7.9467773e+01
   7.0871810e+06   8.7524414e+01
   7.0874860e+06   8.5021973e+01
   7.0953430e+06   1.2200928e+02
   7.0955200e+06   1.1535645e+02
   7.0961030e+06   8.6486816e+01
   7.0965710e+06   8.6425781e+01
   7.0970080e+06   7.9101562e+01
   7.4768740e+06   5.4321289e+01
   7.4769430e+06   1.2292480e+02
   7.4771240e+06   1.1633301e+02
   7.4784160e+06   3.9184570e+01
   7.5437190e+06   1.1853027e+02
   7.5438620e+06   1.0308838e+02
   7.5440130e+06   1.1169434e+02
   7.6467470e+06   4.0649414e+01
   7.6467790e+06   1.1602783e+02
   7.6469100e+06   1.1572266e+02
   7.7317580e+06   1.2786865e+02
   7.7318200e+06   4.3640137e+01
   7.7319460e+06   1.0937500e+02
   7.7736620e+06   1.2261963e+02
   7.7738020e+06   9.9121094e+01
   7.8384590e+06   1.1938477e+02
   7.8385990e+06   1.1285400e+02
   7.8387640e+06   1.1267090e+02
   7.8537370e+06   4.2419434e+01
   7.8537550e+06   1.0491943e+02
   7.8539530e+06   1.0229492e+02
   7.8680840e+06   3.9916992e+01
   7.8696450e+06   9.4055176e+01
   7.8894670e+06   1.3946533e+02
   7.8907820e+06   8.9660645e+01
   7.9037560e+06   3.9794922e+01
   7.9037850e+06   1.2359619e+02
   7.9037950e+06   3.9550781e+01
   7.9039050e+06   4.1320801e+01
   7.9039960e+06   1.0198975e+02
   7.9047710e+06   9.8388672e+01
   7.9205050e+06   4.4311523e+01
   7.9208670e+06   1.1749268e+02
   7.9209360e+06   4.5959473e+01
   7.9210640e+06   9.7351074e+01
   7.9218300e+06   9.0515137e+01
   7.9221880e+06   9.7961426e+01
   7.9400780e+06   4.0710449e+01
   7.9402040e+06   1.1053467e+02
   7.9403830e+06   1.0449219e+02
   7.9409450e+06   9.9060059e+01
   7.9415550e+06   1.0058594e+02
   7.9418870e+06   8.9782715e+01
   7.9553740e+06   1.0937500e+02
   7.9555490e+06   9.1552734e+01
   7.9562740e+06   8.2580566e+01
   7.9565560e+06   8.2763672e+01
   7.9568960e+06   9.7229004e+01
   7.9765990e+06   1.0986328e+02
   7.9767950e+06   1.1322021e+02
   7.9769820e+06   9.6008301e+01
   7.9773530e+06   9.2224121e+01
   7.9776000e+06   7.7270508e+01
   7.9778880e+06   7.8735352e+01
   7.9782140e+06   7.6843262e+01
   8.0012690e+06   1.2023926e+02
   8.0014320e+06   1.1590576e+02
   8.0015350e+06   4.0222168e+01
   8.0016030e+06   8.8867188e+01
   8.0017760e+06   9.8754883e+01
   8.0021330e+06   8.9172363e+01
   8.0023410e+06   4.3151855e+01
   8.0025760e+06   9.1552734e+01
   8.0029070e+06   8.2031250e+01
   8.0826190e+06   1.0357666e+02
   8.0827850e+06   9.6496582e+01
   8.0829390e+06   9.9121094e+01
   8.0834130e+06   9.6008301e+01
   8.0836290e+06   9.4299316e+01
   8.0838430e+06   8.1909180e+01
   8.0841570e+06   6.7016602e+01
   8.4640410e+06   1.0913086e+02
   8.4641910e+06   1.0754395e+02
   8.4643600e+06   1.0687256e+02
   8.5501280e+06   1.0809326e+02
   8.5502750e+06   1.1236572e+02
   8.6212120e+06   1.2231445e+02
   8.6213810e+06   1.1364746e+02
   8.6230040e+06   9.7473145e+01
   8.6931150e+06   1.1578369e+02
   8.6931540e+06   4.2236328e+01
   8.6932660e+06   1.1590576e+02
   8.7099820e+06   3.9978027e+01
   8.7114470e+06   9.4970703e+01
   8.7468110e+06   4.7851562e+01
   8.7468600e+06   4.3273926e+01
   8.7473490e+06   1.2750244e+02
   8.7651940e+06   1.0260010e+02
   8.7652670e+06   4.0405273e+01
   8.7856100e+06   1.1474609e+02
   8.8036650e+06   4.1748047e+01
   8.8041680e+06   4.2480469e+01
   8.8045870e+06   1.1785889e+02
   8.8049900e+06   9.8754883e+01
   8.8241420e+06   1.0430908e+02
   8.8242920e+06   4.1809082e+01
   8.8249740e+06   8.8500977e+01
   8.8252330e+06   9.2346191e+01
   8.8255000e+06   8.5449219e+01
   8.8259030e+06   8.4838867e+01
   8.8497780e+06   1.0357666e+02
   8.8499170e+06   1.1676025e+02
   8.8501350e+06   9.3994141e+01
   8.8504810e+06   9.2346191e+01
   8.8507530e+06   9.4543457e+01
   8.8510060e+06   7.8613281e+01
   8.8512950e+06   7.5988770e+01
   8.8518850e+06   7.9223633e+01
   8.8711540e+06   1.1810303e+02
   8.8713160e+06   1.2084961e+02
   8.8715620e+06   9.1613770e+01
   8.8718210e+06   9.1430664e+01
   8.8720670e+06   8.4289551e+01
   8.8723120e+06   8.2702637e+01
   8.8726060e+06   7.6599121e+01
   8.8729190e+06   8.8256836e+01
   9.1191730e+06   3.9306641e+01
   9.3061800e+06   1.2133789e+02
   9.3066360e+06   8.9843750e+01
   9.3163970e+06   3.8452148e+01
   9.3859700e+06   3.8879395e+01
   9.3860040e+06   3.8879395e+01
   9.4740170e+06   1.2347412e+02
   9.4741700e+06   1.0894775e+02
   9.4753950e+06   1.1242676e+02
   9.5560300e+06   3.8696289e+01
   9.5561920e+06   1.0211182e+02
   9.5563500e+06   1.2677002e+02
   9.5872230e+06   1.2512207e+02
   9.5873870e+06   1.1151123e+02
   9.6205870e+06   3.9550781e+01
   9.6351320e+06   3.8452148e+01
   9.6352540e+06   4.0039062e+01
   9.6353880e+06   1.2506104e+02
   9.6355120e+06   4.0588379e+01
   9.6502630e+06   3.8513184e+01
   9.6504470e+06   1.3104248e+02
   9.6661100e+06   4.3884277e+01
   9.6661570e+06   1.1364746e+02
   9.6665170e+06   3.8635254e+01
   9.6673770e+06   9.5642090e+01
   9.6678230e+06   9.3444824e+01
   9.6785150e+06   4.0344238e+01
   9.6786320e+06   4.1381836e+01
   9.6789800e+06   4.1259766e+01
   9.6790160e+06   1.1822510e+02
   9.6804090e+06   1.0498047e+02
   9.6957470e+06   4.3823242e+01
   9.6958330e+06   3.9855957e+01
   9.6958980e+06   4.3334961e+01
   9.6959920e+06   4.3395996e+01
   9.6960160e+06   1.0565186e+02
   9.6960780e+06   3.9916992e+01
   9.6961700e+06   4.2114258e+01
   9.6962360e+06   1.0919189e+02
   9.6969340e+06   1.0107422e+02
   9.6974210e+06   8.7402344e+01
   9.7092300e+06   4.2358398e+01
   9.7095010e+06   1.0821533e+02
   9.7096560e+06   1.2054443e+02
   9.7108880e+06   9.5336914e+01
   9.7249420e+06   3.8330078e+01
   9.7252310e+06   1.1340332e+02
   9.7254640e+06   4.0466309e+01
   9.7260980e+06   9.9060059e+01
   9.7266660e+06   8.8195801e+01
   9.7413210e+06   1.1492920e+02
   9.7414500e+06   4.1687012e+01
   9.7415390e+06   9.2529297e+01
   9.7418310e+06   4.0222168e+01
   9.7422870e+06   7.8369141e+01
   9.7427010e+06   9.1491699e+01
   9.7598930e+06   4.0893555e+01
   9.7599120e+06   4.1198730e+01
   9.7599400e+06   1.1138916e+02
   9.7601370e+06   3.9978027e+01
   9.7606140e+06   1.0693359e+02
   9.7608590e+06   9.5520020e+01
   9.7611910e+06   8.5021973e+01
   9.7614940e+06   9.1125488e+01
   9.7618560e+06   8.2397461e+01
   9.7767790e+06   1.0644531e+02
   9.7769650e+06   1.0626221e+02
   9.7771730e+06   9.7106934e+01
   9.7779230e+06   8.9965820e+01
   9.7782310e+06   8.7463379e+01
   9.7785990e+06   7.7941895e+01
   9.7906810e+06   4.5227051e+01
   9.7907360e+06   4.1015625e+01
   9.7907630e+06   1.3281250e+02
   9.7909190e+06   4.1259766e+01
   9.7916250e+06   8.9294434e+01
   9.7919430e+06   9.1735840e+01
   9.7922930e+06   8.3129883e+01
   9.8035630e+06   3.9367676e+01
   9.8037700e+06   1.0491943e+02
   9.8039910e+06   9.9182129e+01
   9.8044650e+06   8.0322266e+01
   9.8048090e+06   7.9101562e+01
   9.8051310e+06   9.5458984e+01
   9.8055420e+06   7.6721191e+01
   9.9535000e+06   3.8330078e+01
   1.0102532e+07   3.9672852e+01
   1.0249911e+07   3.9123535e+01
   1.0249955e+07   1.2396240e+02
   1.0250090e+07   1.1273193e+02
   1.0320287e+07   3.9672852e+01
   1.0320387e+07   1.2542725e+02
   1.0390007e+07   1.2640381e+02
   1.0390139e+07   1.1492920e+02
   1.0399197e+07   4.0771484e+01
   1.0486965e+07   1.2854004e+02
   1.0487048e+07   4.6020508e+01
   1.0487113e+07   1.2884521e+02
   1.0578089e+07   1.1560059e+02
   1.0578261e+07   1.1163330e+02
   1.0660590e+07   3.8269043e+01
   1.0660880e+07   1.1376953e+02
   1.0660896e+07   4.2602539e+01
   1.0660943e+07   3.9733887e+01
   1.0661009e+07   1.1053467e+02
   1.0772994e+07   3.8757324e+01
   1.0773299e+07   3.8513184e+01
   1.0773437e+07   1.2322998e+02
   1.0773589e+07   1.1529541e+02
   1.0827999e+07   4.1381836e+01
   1.0828144e+07   1.2579346e+02
   1.0828271e+07   9.9609375e+01
   1.0844592e+07   1.2573242e+02
   1.0861293e+07   1.1755371e+02
   1.0862478e+07   1.0046387e+02
   1.0862878e+07   9.9731445e+01
   1.0877096e+07   1.0852051e+02
   1.0877137e+07   5.3344727e+01
   1.0878008e+07   9.8449707e+01
   1.0897281e+07   4.0466309e+01
   1.0897668e+07   1.1999512e+02
   1.0898430e+07   1.0858154e+02
   1.0898735e+07   9.9121094e+01
   1.0899114e+07   9.8876953e+01
   1.0920546e+07   4.0710449e+01
   1.0920572e+07   1.0595703e+02
   1.0920605e+07   3.9672852e+01
   1.0920738e+07   1.0693359e+02
   1.0920914e+07   9.9365234e+01
   1.0921411e+07   1.0388184e+02
   1.0921735e+07   8.0932617e+01
   1.0922033e+07   8.1726074e+01
   1.0939556e+07   9.8449707e+01
   1.0939727e+07   9.8937988e+01
   1.0940188e+07   8.8806152e+01
   1.0940414e+07   7.8002930e+01
   1.0940644e+07   8.7768555e+01
   1.0940982e+07   8.8195801e+01
   1.0956432e+07   1.2084961e+02
   1.0956592e+07   3.9062500e+01
   1.0956636e+07   1.0577393e+02
   1.0956701e+07   4.1076660e+01
   1.0956911e+07   9.9426270e+01
   1.0957415e+07   7.2998047e+01
   1.0957644e+07   8.1054687e+01
   1.0957911e+07   7.8674316e+01
   1.0958675e+07   6.6894531e+01
   1.0980064e+07   9.8510742e+01
   1.0980093e+07   4.4311523e+01
   1.0980239e+07   1.0272217e+02
   1.0980386e+07   8.6975098e+01
   1.0980671e+07   8.7829590e+01
   1.0980915e+07   8.3679199e+01
   1.0981116e+07   7.2937012e+01
   1.0981379e+07   7.0556641e+01
   1.0981622e+07   7.9650879e+01
   1.0982116e+07   7.6232910e+01
   1.1148853e+07   1.1425781e+02
   1.1149009e+07   4.0588379e+01
   1.1149054e+07   1.2585449e+02
   1.1149731e+07   1.0144043e+02
   1.1150042e+07   8.8745117e+01
   1.1188403e+07   9.8754883e+01
   1.1205762e+07   1.1767578e+02
   1.1206133e+07   9.7778320e+01
   1.1249806e+07   3.9367676e+01
   1.1396925e+07   1.0479736e+02
   1.1475319e+07   9.8754883e+01
   1.1477135e+07   1.0577393e+02
   1.1552831e+07   3.8452148e+01
   1.1683156e+07   4.3518066e+01
   1.1683204e+07   4.0283203e+01
   1.1683314e+07   1.2493896e+02
   1.1683446e+07   1.1785889e+02
   1.1683615e+07   1.0937500e+02
   1.1683855e+07   1.0198975e+02
   1.1740579e+07   4.5532227e+01
   1.1740663e+07   1.0974121e+02
   1.1809894e+07   3.9428711e+01
   1.1822337e+07   1.3104248e+02
   1.1822474e+07   1.1462402e+02
   1.1929174e+07   1.3311768e+02
   1.1929245e+07   3.8269043e+01
   1.1929336e+07   1.2084961e+02
