   1.1996000e+07   0.0000000e+00
   5.2441000e+05   6.1523438e+01
   1.0930630e+06   6.1035156e+01
   1.3150500e+06   6.2316895e+01
   2.1939340e+06   6.0424805e+01
   2.1939850e+06   6.1035156e+01
   2.1944040e+06   6.4941406e+01
   2.3383630e+06   5.9936523e+01
   2.4248600e+06   6.6894531e+01
   3.5143840e+06   6.0119629e+01
   3.6504610e+06   5.9753418e+01
   3.7428990e+06   5.9387207e+01
   3.7437540e+06   6.0852051e+01
   3.8510410e+06   5.8532715e+01
   3.9136550e+06   6.2500000e+01
   4.1596760e+06   5.9692383e+01
   4.7890570e+06   5.9265137e+01
   4.8732610e+06   6.1462402e+01
   5.6509990e+06   6.2805176e+01
   5.7507720e+06   6.1523438e+01
   6.9080800e+06   6.5368652e+01
   7.8538710e+06   6.0791016e+01
   8.1795700e+06   6.0852051e+01
   8.2333620e+06   5.9387207e+01
   8.6218690e+06   6.2500000e+01
   8.7250930e+06   6.3720703e+01
   1.0046814e+07   6.0974121e+01
   1.0320272e+07   5.9814453e+01
   1.0461047e+07   6.6589355e+01
   1.0660608e+07   6.6223145e+01
   1.0861226e+07   5.9143066e+01
   1.0920817e+07   5.9265137e+01
   1.1149207e+07   6.3598633e+01
   1.1149433e+07   6.1523438e+01
   1.1390938e+07   6.0424805e+01
   1.1601327e+07   6.0974121e+01
