   1.1996000e+07   0.0000000e+00
   5.0390000e+04   3.9855957e+01
   1.8275100e+05   3.9306641e+01
   3.0651500e+05   3.9794922e+01
   6.8640400e+05   4.1625977e+01
   9.9274600e+05   4.0222168e+01
   1.4837150e+06   4.0222168e+01
   1.7457270e+06   3.9550781e+01
   2.2693640e+06   4.0527344e+01
   2.4400820e+06   3.9428711e+01
   2.4963230e+06   3.9184570e+01
   3.3958790e+06   4.1259766e+01
   3.4178410e+06   4.3029785e+01
   3.7432230e+06   4.0344238e+01
   3.8721110e+06   3.9611816e+01
   3.8939500e+06   4.2419434e+01
   5.7505370e+06   4.1015625e+01
   5.7505590e+06   4.0649414e+01
   6.2676160e+06   3.9672852e+01
   6.4731010e+06   3.9611816e+01
   6.5436220e+06   4.0832520e+01
   6.6004260e+06   3.8818359e+01
   6.9247480e+06   3.8513184e+01
   6.9465340e+06   3.8269043e+01
   7.5864540e+06   3.8513184e+01
   8.0824770e+06   3.9062500e+01
   8.6210070e+06   4.1198730e+01
   8.7103190e+06   4.0710449e+01
   8.7246530e+06   4.2541504e+01
   8.7461290e+06   4.2175293e+01
   9.2871900e+06   3.9794922e+01
   9.2894970e+06   3.9733887e+01
   9.5563560e+06   4.1748047e+01
   9.6962380e+06   4.5104980e+01
   9.7916070e+06   4.0222168e+01
   1.0827822e+07   4.0100098e+01
   1.1929025e+07   4.1381836e+01
