   1.1999000e+07   0.0000000e+00
   5.6370000e+03   3.7475586e+01
   1.2454000e+04   4.2541504e+01
   1.2712000e+04   3.3935547e+01
   5.2646000e+04   3.8940430e+01
   7.1552000e+04   4.2602539e+01
   8.3622000e+04   3.3386230e+01
   9.2830000e+04   3.2775879e+01
   9.3146000e+04   4.3090820e+01
   9.3562000e+04   3.9123535e+01
   1.4326700e+05   4.3884277e+01
   1.4358400e+05   4.5166016e+01
   1.9811200e+05   3.6376953e+01
   2.0443800e+05   4.0832520e+01
   2.4180500e+05   4.1442871e+01
   2.4219100e+05   4.6997070e+01
   2.6339500e+05   3.2958984e+01
   2.7984600e+05   4.3151855e+01
   2.9476500e+05   4.3212891e+01
   3.1883900e+05   3.2165527e+01
   3.3996000e+05   4.2297363e+01
   3.4985400e+05   3.9489746e+01
   3.7775600e+05   4.9255371e+01
   3.8128700e+05   3.7841797e+01
   3.8666000e+05   3.0822754e+01
   4.0251000e+05   3.4729004e+01
   4.1813200e+05   3.6132812e+01
   4.3466200e+05   3.8269043e+01
   4.4747000e+05   3.1860352e+01
   4.4769300e+05   4.3090820e+01
   4.6376300e+05   3.2348633e+01
   4.6446100e+05   3.8513184e+01
   4.7617000e+05   3.9916992e+01
   4.9108400e+05   3.4729004e+01
   4.9461500e+05   4.2663574e+01
   5.0924000e+05   3.1433105e+01
   5.1889000e+05   3.3752441e+01
   5.4628200e+05   3.1066895e+01
   5.5959900e+05   3.4118652e+01
   5.9355000e+05   4.1931152e+01
   5.9684400e+05   4.5410156e+01
   6.2596400e+05   3.5400391e+01
   6.2919100e+05   4.0222168e+01
   6.3769900e+05   3.7597656e+01
   6.4649100e+05   3.3569336e+01
   6.5700600e+05   3.0456543e+01
   6.5943800e+05   3.1921387e+01
   6.6227800e+05   3.2409668e+01
   6.7568000e+05   3.5522461e+01
   6.7920300e+05   3.2409668e+01
   6.7940500e+05   3.4301758e+01
   6.9374400e+05   4.9804688e+01
   7.0038700e+05   4.4738770e+01
   7.2660100e+05   3.2043457e+01
   7.3176400e+05   3.3874512e+01
   7.5559500e+05   4.8950195e+01
   7.5985900e+05   3.0456543e+01
   7.6870900e+05   3.6682129e+01
   7.9830600e+05   4.8889160e+01
   8.3105600e+05   3.2409668e+01
   8.4770700e+05   4.1442871e+01
   8.4773400e+05   3.1066895e+01
   8.5070100e+05   3.4301758e+01
   8.5327300e+05   3.9855957e+01
   8.5441300e+05   3.9550781e+01
   8.7236100e+05   3.5949707e+01
   8.8143800e+05   3.1494141e+01
   9.0902800e+05   3.1250000e+01
   9.3343400e+05   4.4738770e+01
   9.4590600e+05   5.0354004e+01
   9.4635200e+05   3.6315918e+01
   9.6690500e+05   4.0100098e+01
   9.7906300e+05   4.1137695e+01
   9.8477900e+05   4.4128418e+01
   9.9454100e+05   3.7048340e+01
   1.0008650e+06   3.6804199e+01
   1.0219530e+06   4.5043945e+01
   1.0489910e+06   3.1494141e+01
   1.0946020e+06   3.3508301e+01
   1.1011480e+06   3.9611816e+01
   1.1124420e+06   3.9794922e+01
   1.1171480e+06   3.3020020e+01
   1.1218520e+06   3.0578613e+01
   1.1472350e+06   3.3813477e+01
   1.1562460e+06   3.7780762e+01
   1.1800370e+06   3.7292480e+01
   1.1829500e+06   4.1748047e+01
   1.2004210e+06   4.8461914e+01
   1.2099600e+06   4.0771484e+01
   1.2339400e+06   3.5583496e+01
   1.2444270e+06   3.4973145e+01
   1.2843980e+06   3.6315918e+01
   1.3060890e+06   4.4555664e+01
   1.3117230e+06   3.9672852e+01
   1.3342320e+06   5.2001953e+01
   1.3344520e+06   3.0639648e+01
   1.3352190e+06   3.8085938e+01
   1.3530620e+06   3.3386230e+01
   1.3840840e+06   3.9001465e+01
   1.4139100e+06   3.6132812e+01
   1.4175570e+06   3.8513184e+01
   1.4200610e+06   3.0761719e+01
   1.4275190e+06   3.2287598e+01
   1.4557630e+06   3.1066895e+01
   1.4809700e+06   3.2531738e+01
   1.5054510e+06   3.0883789e+01
   1.5158860e+06   4.6691895e+01
   1.5162800e+06   3.0517578e+01
   1.5181120e+06   8.4655762e+01
   1.5234810e+06   3.4912109e+01
   1.5264670e+06   3.8146973e+01
   1.5408620e+06   3.2592773e+01
   1.5533160e+06   3.9611816e+01
   1.5692160e+06   4.3762207e+01
   1.5911230e+06   3.8269043e+01
   1.5975490e+06   4.0283203e+01
   1.6013300e+06   3.7414551e+01
   1.6110890e+06   3.9978027e+01
   1.6221250e+06   3.8574219e+01
   1.6296590e+06   3.6071777e+01
   1.6355820e+06   3.6315918e+01
   1.6426830e+06   3.1066895e+01
   1.6429140e+06   4.1809082e+01
   1.6438940e+06   3.4179688e+01
   1.6695760e+06   4.3273926e+01
   1.6736490e+06   3.3630371e+01
   1.6737300e+06   3.2287598e+01
   1.6764600e+06   4.2297363e+01
   1.6908570e+06   3.8269043e+01
   1.6961860e+06   4.0588379e+01
   1.7058250e+06   3.0700684e+01
   1.7060520e+06   3.5034180e+01
   1.7496890e+06   3.3752441e+01
   1.7701670e+06   3.6376953e+01
   1.7762380e+06   3.1982422e+01
   1.7887990e+06   3.3630371e+01
   1.7958100e+06   3.3996582e+01
   1.7981710e+06   4.2846680e+01
   1.8110020e+06   3.2287598e+01
   1.8243320e+06   3.4362793e+01
   1.8259900e+06   3.3508301e+01
   1.8361460e+06   3.9855957e+01
   1.8439000e+06   4.0893555e+01
   1.8484190e+06   4.8461914e+01
   1.8851410e+06   4.2663574e+01
   1.8996580e+06   3.1188965e+01
   1.9163640e+06   3.1188965e+01
   1.9218710e+06   3.8452148e+01
   1.9468200e+06   4.2236328e+01
   1.9630670e+06   3.6132812e+01
   1.9652420e+06   3.8635254e+01
   1.9700370e+06   3.0944824e+01
   1.9772420e+06   3.2226562e+01
   1.9791510e+06   3.3569336e+01
   1.9875200e+06   4.1137695e+01
   2.0204700e+06   4.1259766e+01
   2.0369050e+06   3.6315918e+01
   2.0391600e+06   4.0405273e+01
   2.0422870e+06   3.1860352e+01
   2.0435690e+06   3.0822754e+01
   2.0588480e+06   3.0456543e+01
   2.0607660e+06   3.8208008e+01
   2.0663530e+06   3.4179688e+01
   2.0795740e+06   4.5166016e+01
   2.0867210e+06   3.8757324e+01
   2.0899910e+06   3.9611816e+01
   2.0948580e+06   3.7963867e+01
   2.1061180e+06   3.5522461e+01
   2.1094400e+06   3.5766602e+01
   2.1158400e+06   3.6071777e+01
   2.1214070e+06   3.3935547e+01
   2.1327490e+06   3.3386230e+01
   2.1593890e+06   4.0344238e+01
   2.1686590e+06   3.5644531e+01
   2.1775880e+06   3.8452148e+01
   2.1890510e+06   4.1076660e+01
   2.1988630e+06   3.7475586e+01
   2.2093820e+06   3.4179688e+01
   2.2166810e+06   4.0405273e+01
   2.2464980e+06   3.8940430e+01
   2.2558790e+06   3.9306641e+01
   2.2620400e+06   3.1982422e+01
   2.2751410e+06   3.6499023e+01
   2.2759420e+06   3.3935547e+01
   2.2760460e+06   3.2470703e+01
   2.2929790e+06   3.4545898e+01
   2.2962360e+06   4.6447754e+01
   2.3346060e+06   3.1616211e+01
   2.3391410e+06   3.9489746e+01
   2.3488490e+06   4.2541504e+01
   2.3560960e+06   3.8574219e+01
   2.3669780e+06   3.9855957e+01
   2.3891620e+06   3.2775879e+01
   2.4030560e+06   3.6682129e+01
   2.4105700e+06   3.9794922e+01
   2.4300100e+06   4.5654297e+01
   2.4365060e+06   3.2226562e+01
   2.4447090e+06   3.8940430e+01
   2.4501410e+06   4.1992188e+01
   2.4758260e+06   3.2287598e+01
   2.4845750e+06   3.4973145e+01
   2.4865320e+06   4.3579102e+01
   2.4913210e+06   3.6254883e+01
   2.4974820e+06   3.3142090e+01
   2.5133720e+06   3.8818359e+01
   2.5174740e+06   3.5034180e+01
   2.5239790e+06   3.8574219e+01
   2.5312240e+06   4.3640137e+01
   2.5386050e+06   3.7231445e+01
   2.5527890e+06   4.2297363e+01
   2.5571990e+06   3.5278320e+01
   2.5654080e+06   3.3386230e+01
   2.5743420e+06   3.8757324e+01
   2.5778450e+06   3.0578613e+01
   2.5794990e+06   3.4301758e+01
   2.5861320e+06   3.7109375e+01
   2.5983610e+06   3.9001465e+01
   2.6173000e+06   3.7109375e+01
   2.6326650e+06   3.9978027e+01
   2.6339800e+06   3.4423828e+01
   2.6384460e+06   3.9733887e+01
   2.6403200e+06   4.1076660e+01
   2.6468040e+06   3.9855957e+01
   2.6537060e+06   3.1982422e+01
   2.6647740e+06   3.9306641e+01
   2.6904010e+06   3.7658691e+01
   2.6937400e+06   3.6437988e+01
   2.6938790e+06   3.1250000e+01
   2.7111550e+06   3.5217285e+01
   2.7334540e+06   3.0944824e+01
   2.7380350e+06   3.5461426e+01
   2.7432300e+06   3.5400391e+01
   2.7459980e+06   3.7353516e+01
   2.7465050e+06   3.4423828e+01
   2.7498240e+06   3.9428711e+01
   2.7559450e+06   3.5278320e+01
   2.7680400e+06   3.3264160e+01
   2.7707820e+06   3.9428711e+01
   2.7737570e+06   4.2724609e+01
   2.7802780e+06   3.7658691e+01
   2.8001190e+06   4.3518066e+01
   2.8185470e+06   4.1625977e+01
   2.8198120e+06   3.8635254e+01
   2.8215760e+06   3.1433105e+01
   2.8544650e+06   4.7058105e+01
   2.8588890e+06   3.3264160e+01
   2.8672150e+06   3.1127930e+01
   2.8691330e+06   3.2653809e+01
   2.8933610e+06   3.7841797e+01
   2.8978280e+06   3.5095215e+01
   2.9190070e+06   3.1311035e+01
   2.9231630e+06   3.6193848e+01
   2.9479590e+06   4.2297363e+01
   2.9519520e+06   3.8940430e+01
   2.9625370e+06   3.2897949e+01
   2.9642280e+06   3.7475586e+01
   2.9735570e+06   3.8452148e+01
   2.9735900e+06   3.1433105e+01
   2.9786600e+06   3.9184570e+01
   2.9939960e+06   3.2836914e+01
   3.0091000e+06   3.5217285e+01
   3.0353310e+06   3.7719727e+01
   3.0393320e+06   3.3081055e+01
   3.0589900e+06   4.1442871e+01
   3.0704590e+06   3.5278320e+01
   3.0706880e+06   3.2653809e+01
   3.0708710e+06   3.0334473e+01
   3.0711070e+06   3.3081055e+01
   3.0829730e+06   3.6926270e+01
   3.0864090e+06   3.5339355e+01
   3.1039750e+06   4.2724609e+01
   3.1158580e+06   3.3203125e+01
   3.1239600e+06   3.4301758e+01
   3.1339320e+06   4.3518066e+01
   3.1405170e+06   4.1259766e+01
   3.1450870e+06   3.6743164e+01
   3.1579490e+06   4.9133301e+01
   3.1681190e+06   3.5400391e+01
   3.1755720e+06   3.5766602e+01
   3.1758900e+06   3.6987305e+01
   3.1762330e+06   3.1555176e+01
   3.1766830e+06   4.1809082e+01
   3.1790070e+06   3.3752441e+01
   3.1804390e+06   3.0090332e+01
   3.1952860e+06   3.1066895e+01
   3.1974550e+06   3.3081055e+01
   3.2188980e+06   3.7719727e+01
   3.2290830e+06   4.2663574e+01
   3.2408660e+06   3.5095215e+01
   3.2506810e+06   3.8269043e+01
   3.2615020e+06   3.4729004e+01
   3.2649300e+06   3.0029297e+01
   3.2688930e+06   3.7963867e+01
   3.2833350e+06   4.7790527e+01
   3.2880870e+06   3.3935547e+01
   3.2881250e+06   3.2897949e+01
   3.3195550e+06   3.6010742e+01
   3.3491300e+06   3.2226562e+01
   3.3631670e+06   4.4250488e+01
   3.3736560e+06   3.8879395e+01
   3.3896680e+06   3.6743164e+01
   3.3994690e+06   3.4179688e+01
   3.4018540e+06   3.6499023e+01
   3.4109280e+06   3.7841797e+01
   3.4157290e+06   3.0395508e+01
   3.4226930e+06   3.1982422e+01
   3.4309550e+06   3.5644531e+01
   3.4502310e+06   3.4118652e+01
   3.4625750e+06   3.4118652e+01
   3.4655460e+06   3.1433105e+01
   3.4659910e+06   3.5705566e+01
   3.4662260e+06   3.1311035e+01
   3.4673520e+06   3.2226562e+01
   3.4924790e+06   4.0100098e+01
   3.5137650e+06   4.1015625e+01
   3.5317340e+06   3.2897949e+01
   3.5509730e+06   3.7902832e+01
   3.5629570e+06   3.1433105e+01
   3.5825950e+06   3.7536621e+01
   3.6018420e+06   4.1687012e+01
   3.6080140e+06   3.8879395e+01
   3.6083980e+06   3.1433105e+01
   3.6482930e+06   3.8757324e+01
   3.6528060e+06   3.8818359e+01
   3.6581620e+06   3.7963867e+01
   3.6582200e+06   3.3630371e+01
   3.6620640e+06   3.5095215e+01
   3.6670540e+06   3.9001465e+01
   3.6674230e+06   3.2470703e+01
   3.6751490e+06   3.0029297e+01
   3.6868340e+06   3.3691406e+01
   3.6882170e+06   3.1555176e+01
   3.7013930e+06   3.4912109e+01
   3.7112050e+06   4.4067383e+01
   3.7139730e+06   3.5522461e+01
   3.7160320e+06   3.1005859e+01
   3.7190590e+06   3.2165527e+01
   3.7290320e+06   4.1381836e+01
   3.7313150e+06   3.4179688e+01
   3.7547880e+06   4.1137695e+01
   3.7585610e+06   4.1687012e+01
   3.7597840e+06   3.3142090e+01
   3.7702330e+06   3.4362793e+01
   3.7719570e+06   3.1616211e+01
   3.7765060e+06   3.6193848e+01
   3.7775930e+06   3.8146973e+01
   3.7997090e+06   3.1494141e+01
   3.8010990e+06   3.8879395e+01
   3.8069660e+06   3.0334473e+01
   3.8201930e+06   3.4729004e+01
   3.8311350e+06   4.1992188e+01
   3.8471370e+06   3.1433105e+01
   3.8488110e+06   3.2897949e+01
   3.8786610e+06   3.2409668e+01
   3.8903730e+06   3.8635254e+01
   3.8979960e+06   4.0710449e+01
   3.9001200e+06   3.7170410e+01
   3.9181420e+06   4.1687012e+01
   3.9256650e+06   3.6621094e+01
   3.9275290e+06   3.4423828e+01
   3.9542900e+06   3.3325195e+01
   3.9621950e+06   3.1494141e+01
   3.9625480e+06   3.4667969e+01
   3.9632680e+06   3.4545898e+01
   3.9692480e+06   3.7963867e+01
   3.9790280e+06   4.4677734e+01
   3.9850380e+06   3.0273437e+01
   3.9995970e+06   3.1677246e+01
   4.0006760e+06   4.0832520e+01
   4.0027080e+06   3.2470703e+01
   4.0137650e+06   3.4301758e+01
   4.0154110e+06   3.6865234e+01
   4.0355840e+06   4.2175293e+01
   4.0376310e+06   3.4057617e+01
   4.0463100e+06   3.5949707e+01
   4.0496490e+06   3.5095215e+01
   4.0505580e+06   3.5278320e+01
   4.0584830e+06   4.0283203e+01
   4.0671420e+06   3.4545898e+01
   4.0716540e+06   3.5278320e+01
   4.0756950e+06   3.1616211e+01
   4.0928760e+06   3.8330078e+01
   4.0958410e+06   3.8330078e+01
   4.1169480e+06   3.4362793e+01
   4.1298000e+06   4.6325684e+01
   4.1448350e+06   5.8898926e+01
   4.1634270e+06   3.8574219e+01
   4.1647120e+06   3.7902832e+01
   4.1717890e+06   3.1188965e+01
   4.1759710e+06   3.1677246e+01
   4.1887850e+06   3.3386230e+01
   4.2026850e+06   3.4179688e+01
   4.2084170e+06   4.2968750e+01
   4.2102000e+06   3.5644531e+01
   4.2174780e+06   3.7597656e+01
   4.2394320e+06   4.1625977e+01
   4.2409070e+06   3.1921387e+01
   4.2449300e+06   3.5949707e+01
   4.2553750e+06   3.4118652e+01
   4.2608700e+06   4.0649414e+01
   4.2657500e+06   3.7414551e+01
   4.2769550e+06   3.4118652e+01
   4.2898820e+06   3.5278320e+01
   4.2912850e+06   3.1921387e+01
   4.3123680e+06   3.3630371e+01
   4.3262040e+06   3.8696289e+01
   4.3309100e+06   3.7536621e+01
   4.3338670e+06   4.2358398e+01
   4.3390150e+06   3.7170410e+01
   4.3415710e+06   3.5400391e+01
   4.3443720e+06   3.8146973e+01
   4.3462020e+06   3.6987305e+01
   4.3521280e+06   3.4484863e+01
   4.3548210e+06   3.0822754e+01
   4.3674400e+06   3.3386230e+01
   4.3779260e+06   3.8269043e+01
   4.4145940e+06   4.4128418e+01
   4.4168540e+06   3.4545898e+01
   4.4177310e+06   3.9428711e+01
   4.4409390e+06   3.0578613e+01
   4.4510650e+06   3.4301758e+01
   4.4520290e+06   3.9855957e+01
   4.4647870e+06   3.6010742e+01
   4.4727800e+06   3.1250000e+01
   4.4806940e+06   4.1687012e+01
   4.4949360e+06   3.6437988e+01
   4.5000090e+06   3.6437988e+01
   4.5253260e+06   3.4362793e+01
   4.5289350e+06   3.9062500e+01
   4.5710310e+06   3.3081055e+01
   4.5813200e+06   3.2043457e+01
   4.5864600e+06   3.4057617e+01
   4.6072540e+06   3.0090332e+01
   4.6233390e+06   3.4851074e+01
   4.6247080e+06   3.3996582e+01
   4.6257470e+06   3.4729004e+01
   4.6312260e+06   3.8635254e+01
   4.6446290e+06   3.6682129e+01
   4.6566630e+06   4.2968750e+01
   4.6759910e+06   3.1860352e+01
   4.7045840e+06   3.6254883e+01
   4.7097000e+06   3.6254883e+01
   4.7124710e+06   3.8269043e+01
   4.7186620e+06   4.1931152e+01
   4.7188710e+06   3.1433105e+01
   4.7305040e+06   3.6621094e+01
   4.7399560e+06   3.2836914e+01
   4.7443020e+06   3.2165527e+01
   4.7512270e+06   3.1799316e+01
   4.7515930e+06   3.0883789e+01
   4.7533390e+06   3.7109375e+01
   4.7604810e+06   3.7597656e+01
   4.7740520e+06   3.8146973e+01
   4.8239860e+06   4.3029785e+01
   4.8288210e+06   3.7048340e+01
   4.8361980e+06   3.4423828e+01
   4.8444330e+06   3.3508301e+01
   4.8527700e+06   3.3691406e+01
   4.8553260e+06   3.3935547e+01
   4.8602090e+06   3.9428711e+01
   4.8631380e+06   3.0395508e+01
   4.8730200e+06   3.1616211e+01
   4.8852430e+06   4.4250488e+01
   4.9038840e+06   4.1320801e+01
   4.9166140e+06   3.2287598e+01
   4.9200180e+06   3.9367676e+01
   4.9402240e+06   3.1677246e+01
   4.9407970e+06   4.4372559e+01
   4.9495310e+06   3.8574219e+01
   4.9535640e+06   3.9428711e+01
   4.9579860e+06   3.5461426e+01
   4.9681300e+06   3.6804199e+01
   5.0027230e+06   3.6010742e+01
   5.0073790e+06   3.5583496e+01
   5.0092480e+06   3.2775879e+01
   5.0142860e+06   4.0161133e+01
   5.0166310e+06   3.9550781e+01
   5.0236370e+06   3.6193848e+01
   5.0267640e+06   4.0588379e+01
   5.0331980e+06   3.4179688e+01
   5.0422360e+06   3.5583496e+01
   5.0478030e+06   3.8391113e+01
   5.0539850e+06   4.0405273e+01
   5.0672830e+06   3.1555176e+01
   5.0689920e+06   4.0100098e+01
   5.0704750e+06   3.7170410e+01
   5.0818870e+06   3.0700684e+01
   5.0877770e+06   3.0883789e+01
   5.0882320e+06   2.9968262e+01
   5.0965160e+06   3.4423828e+01
   5.0974920e+06   3.1921387e+01
   5.1188240e+06   3.5156250e+01
   5.1233920e+06   3.0639648e+01
   5.1269960e+06   3.9184570e+01
   5.1285850e+06   5.2429199e+01
   5.1345000e+06   4.4250488e+01
   5.1362960e+06   3.3569336e+01
   5.1374500e+06   3.0395508e+01
   5.1394600e+06   3.6254883e+01
   5.1470040e+06   3.4179688e+01
   5.1512080e+06   3.2409668e+01
   5.1586280e+06   3.6132812e+01
   5.1760800e+06   3.5278320e+01
   5.1892270e+06   4.4189453e+01
   5.1969350e+06   3.6132812e+01
   5.1986470e+06   3.1616211e+01
   5.2001010e+06   3.7414551e+01
   5.2179260e+06   3.3996582e+01
   5.2247580e+06   3.9367676e+01
   5.2271380e+06   4.0771484e+01
   5.2290920e+06   3.6254883e+01
   5.2478170e+06   3.7841797e+01
   5.2531610e+06   3.4973145e+01
   5.2711780e+06   3.2897949e+01
   5.2861420e+06   4.0039062e+01
   5.3001530e+06   4.0588379e+01
   5.3036770e+06   3.9672852e+01
   5.3187740e+06   4.1381836e+01
   5.3342720e+06   3.4484863e+01
   5.3545630e+06   4.4555664e+01
   5.3693000e+06   3.0944824e+01
   5.3805140e+06   3.6621094e+01
   5.3834650e+06   3.1921387e+01
   5.3991970e+06   3.3386230e+01
   5.4034630e+06   3.4667969e+01
   5.4233890e+06   3.4057617e+01
   5.4248400e+06   4.1076660e+01
   5.4258510e+06   4.4006348e+01
   5.4299990e+06   4.3212891e+01
   5.4359320e+06   3.1005859e+01
   5.4405560e+06   3.0151367e+01
   5.4558160e+06   3.4484863e+01
   5.4581320e+06   3.0029297e+01
   5.4646890e+06   4.2907715e+01
   5.4722820e+06   3.9733887e+01
   5.4772370e+06   3.1311035e+01
   5.4837220e+06   3.1616211e+01
   5.4890900e+06   3.2409668e+01
   5.4927920e+06   3.1555176e+01
   5.4979700e+06   3.6987305e+01
   5.5037940e+06   3.6193848e+01
   5.5160580e+06   4.2175293e+01
   5.5210970e+06   3.3203125e+01
   5.5243410e+06   3.9794922e+01
   5.5399460e+06   3.9367676e+01
   5.5471880e+06   3.3691406e+01
   5.5527020e+06   3.2592773e+01
   5.5727500e+06   3.5278320e+01
   5.5771620e+06   3.4179688e+01
   5.5809080e+06   3.1860352e+01
   5.5993750e+06   3.9489746e+01
   5.6030990e+06   3.6621094e+01
   5.6118990e+06   3.0761719e+01
   5.6155970e+06   3.4606934e+01
   5.6216280e+06   3.2409668e+01
   5.6396110e+06   3.8330078e+01
   5.6479070e+06   3.1616211e+01
   5.6647740e+06   3.4423828e+01
   5.6736170e+06   3.9367676e+01
   5.6789460e+06   3.7414551e+01
   5.6837950e+06   3.4362793e+01
   5.6873870e+06   3.6315918e+01
   5.6938070e+06   3.9916992e+01
   5.6977770e+06   3.5888672e+01
   5.7018120e+06   3.6560059e+01
   5.7076710e+06   3.3264160e+01
   5.7090000e+06   3.0822754e+01
   5.7107110e+06   3.3874512e+01
   5.7123330e+06   3.0578613e+01
   5.7181500e+06   3.7353516e+01
   5.7211410e+06   3.7292480e+01
   5.7246720e+06   3.7658691e+01
   5.7298190e+06   4.1198730e+01
   5.7388460e+06   3.5766602e+01
   5.7514150e+06   3.3569336e+01
   5.7559450e+06   3.5705566e+01
   5.7657250e+06   3.0761719e+01
   5.7800510e+06   3.2775879e+01
   5.7851640e+06   3.5034180e+01
   5.8046920e+06   3.1860352e+01
   5.8098400e+06   3.8574219e+01
   5.8121770e+06   3.7658691e+01
   5.8122320e+06   3.7109375e+01
   5.8315680e+06   4.1992188e+01
   5.8355230e+06   3.1616211e+01
   5.8523110e+06   3.2653809e+01
   5.8597770e+06   3.8085938e+01
   5.8703060e+06   3.9428711e+01
   5.8792450e+06   3.1311035e+01
   5.8823780e+06   4.3090820e+01
   5.8993690e+06   3.0395508e+01
   5.9155840e+06   4.1076660e+01
   5.9180540e+06   3.3874512e+01
   5.9250600e+06   3.8330078e+01
   5.9367700e+06   3.5766602e+01
   5.9449460e+06   3.1616211e+01
   5.9499350e+06   3.1372070e+01
   5.9518440e+06   3.4057617e+01
   5.9554510e+06   3.8940430e+01
   5.9584130e+06   3.2409668e+01
   5.9637720e+06   4.0222168e+01
   5.9706910e+06   3.6010742e+01
   5.9838240e+06   3.4667969e+01
   5.9983640e+06   3.1982422e+01
   6.0054790e+06   3.2104492e+01
   6.0069330e+06   3.1921387e+01
   6.0092890e+06   3.0456543e+01
   6.0157310e+06   3.7841797e+01
   6.0187350e+06   3.2409668e+01
   6.0276790e+06   3.8879395e+01
   6.0315640e+06   4.1320801e+01
   6.0365680e+06   3.3264160e+01
   6.0385110e+06   3.0578613e+01
   6.0399070e+06   3.2165527e+01
   6.0446260e+06   3.6682129e+01
   6.0599950e+06   3.9550781e+01
   6.0626280e+06   3.5400391e+01
   6.0713520e+06   3.1616211e+01
   6.0728910e+06   3.0273437e+01
   6.0745950e+06   3.2470703e+01
   6.0882900e+06   3.7353516e+01
   6.1049570e+06   3.0273437e+01
   6.1108510e+06   3.6682129e+01
   6.1174480e+06   3.0578613e+01
   6.1215870e+06   3.7902832e+01
   6.1364420e+06   4.2114258e+01
   6.1452130e+06   3.5400391e+01
   6.1503640e+06   4.1015625e+01
   6.1585170e+06   3.2592773e+01
   6.1669130e+06   4.0283203e+01
   6.1730310e+06   3.9855957e+01
   6.1791120e+06   3.6621094e+01
   6.1868870e+06   3.2836914e+01
   6.1939510e+06   4.0954590e+01
   6.2004860e+06   3.0944824e+01
   6.2110030e+06   3.7048340e+01
   6.2265900e+06   4.9682617e+01
   6.2284810e+06   2.9846191e+01
   6.2405890e+06   3.8635254e+01
   6.2461860e+06   3.8085938e+01
   6.2493680e+06   3.1066895e+01
   6.2571320e+06   3.5034180e+01
   6.2589010e+06   3.3508301e+01
   6.2590750e+06   3.0883789e+01
   6.2632140e+06   4.1870117e+01
   6.2668860e+06   3.2043457e+01
   6.2718900e+06   3.5888672e+01
   6.2810620e+06   2.9907227e+01
   6.2901780e+06   4.1564941e+01
   6.3085340e+06   3.8146973e+01
   6.3097200e+06   3.0761719e+01
   6.3155280e+06   3.1433105e+01
   6.3231230e+06   4.1198730e+01
   6.3244460e+06   3.7170410e+01
   6.3278390e+06   3.6132812e+01
   6.3475280e+06   3.0639648e+01
   6.3505770e+06   3.6499023e+01
   6.3548860e+06   3.8757324e+01
   6.3608320e+06   3.4179688e+01
   6.3694890e+06   3.6926270e+01
   6.3756560e+06   3.5766602e+01
   6.3782770e+06   4.7668457e+01
   6.3840490e+06   3.2409668e+01
   6.3978760e+06   3.3569336e+01
   6.4112870e+06   3.7902832e+01
   6.4215160e+06   3.3203125e+01
   6.4326750e+06   3.3325195e+01
   6.4421170e+06   3.4301758e+01
   6.4473390e+06   3.6926270e+01
   6.4491020e+06   3.7475586e+01
   6.4515400e+06   3.1433105e+01
   6.4611070e+06   4.5532227e+01
   6.4786090e+06   3.8818359e+01
   6.4848310e+06   3.3630371e+01
   6.4897610e+06   4.1931152e+01
   6.4938640e+06   3.5522461e+01
   6.4976190e+06   3.0456543e+01
   6.5120530e+06   4.0039062e+01
   6.5185050e+06   3.5644531e+01
   6.5239140e+06   3.8330078e+01
   6.5285920e+06   3.3142090e+01
   6.5351130e+06   3.8208008e+01
   6.5458730e+06   3.7780762e+01
   6.5485280e+06   3.9001465e+01
   6.5504660e+06   3.7353516e+01
   6.5678780e+06   3.2836914e+01
   6.5816240e+06   3.8513184e+01
   6.5905450e+06   3.3874512e+01
   6.5981430e+06   3.6499023e+01
   6.6011450e+06   3.0578613e+01
   6.6085900e+06   3.9611816e+01
   6.6109870e+06   3.6193848e+01
   6.6148280e+06   3.7292480e+01
   6.6301830e+06   4.0405273e+01
   6.6406750e+06   3.4057617e+01
   6.6532740e+06   3.0151367e+01
   6.6641070e+06   4.1076660e+01
   6.6684780e+06   2.9846191e+01
   6.6686470e+06   3.4057617e+01
   6.6701570e+06   3.0639648e+01
   6.6701690e+06   3.3569336e+01
   6.6816950e+06   3.1555176e+01
   6.6928430e+06   3.1005859e+01
   6.6929810e+06   4.0954590e+01
   6.7145620e+06   3.6621094e+01
   6.7211680e+06   3.8696289e+01
   6.7269690e+06   3.2287598e+01
   6.7316090e+06   3.3935547e+01
   6.7336580e+06   3.2104492e+01
   6.7393330e+06   3.3264160e+01
   6.7459330e+06   4.8217773e+01
   6.7514160e+06   4.0039062e+01
   6.7584690e+06   3.7963867e+01
   6.7601670e+06   3.6071777e+01
   6.7664880e+06   3.5705566e+01
   6.7710480e+06   3.4790039e+01
   6.7829000e+06   4.5104980e+01
   6.7867760e+06   3.5400391e+01
   6.7972610e+06   3.9367676e+01
   6.8008350e+06   2.9907227e+01
   6.8140260e+06   4.1931152e+01
   6.8290490e+06   3.8146973e+01
   6.8304670e+06   3.3447266e+01
   6.8399840e+06   3.4606934e+01
   6.8424310e+06   3.8330078e+01
   6.8442950e+06   3.3691406e+01
   6.8495230e+06   3.0334473e+01
   6.8526110e+06   3.3386230e+01
   6.8560140e+06   3.2958984e+01
   6.8697680e+06   3.2165527e+01
   6.8832570e+06   2.9846191e+01
   6.8941640e+06   3.1127930e+01
   6.9050670e+06   2.9724121e+01
   6.9101380e+06   3.6437988e+01
   6.9146670e+06   3.8513184e+01
   6.9180380e+06   3.6926270e+01
   6.9208730e+06   3.1494141e+01
   6.9398520e+06   3.4973145e+01
   6.9448940e+06   3.4118652e+01
   6.9481130e+06   3.6315918e+01
   6.9564070e+06   3.8574219e+01
   6.9611490e+06   3.1372070e+01
   6.9667320e+06   4.3090820e+01
   6.9719450e+06   3.1738281e+01
   6.9752250e+06   3.3264160e+01
   6.9772990e+06   3.2409668e+01
   6.9815170e+06   3.0029297e+01
   6.9885080e+06   3.4301758e+01
   6.9897920e+06   3.9978027e+01
   7.0062990e+06   3.4729004e+01
   7.0095010e+06   3.1311035e+01
   7.0115240e+06   3.4667969e+01
   7.0290420e+06   3.8085938e+01
   7.0356200e+06   3.0334473e+01
   7.0409600e+06   3.5827637e+01
   7.0500040e+06   4.6020508e+01
   7.0509380e+06   3.5705566e+01
   7.0536170e+06   3.3935547e+01
   7.0632890e+06   3.3203125e+01
   7.0724950e+06   4.1015625e+01
   7.0876070e+06   3.7780762e+01
   7.0891470e+06   3.0395508e+01
   7.0948420e+06   3.7109375e+01
   7.0963980e+06   3.7170410e+01
   7.1038750e+06   3.0639648e+01
   7.1038920e+06   3.4423828e+01
   7.1153050e+06   3.1860352e+01
   7.1162890e+06   3.2531738e+01
   7.1295870e+06   3.6560059e+01
   7.1307560e+06   3.3020020e+01
   7.1376680e+06   3.3386230e+01
   7.1447430e+06   4.0771484e+01
   7.1493770e+06   3.6926270e+01
   7.1568970e+06   3.8879395e+01
   7.1583630e+06   3.4057617e+01
   7.1672430e+06   3.4851074e+01
   7.1673000e+06   3.0578613e+01
   7.1683090e+06   3.2043457e+01
   7.1803980e+06   4.0283203e+01
   7.1812750e+06   3.3020020e+01
   7.1824440e+06   3.7475586e+01
   7.1926510e+06   3.4179688e+01
   7.1927560e+06   3.1433105e+01
   7.1933660e+06   3.7292480e+01
   7.2021160e+06   3.8513184e+01
   7.2023090e+06   3.1921387e+01
   7.2032740e+06   3.1921387e+01
   7.2106710e+06   3.6193848e+01
   7.2184090e+06   3.9489746e+01
   7.2190920e+06   3.3996582e+01
   7.2256730e+06   3.7841797e+01
   7.2304320e+06   4.1687012e+01
   7.2404780e+06   3.1982422e+01
   7.2413570e+06   3.3325195e+01
   7.2505970e+06   4.0527344e+01
   7.2527830e+06   2.9724121e+01
   7.2535990e+06   3.1616211e+01
   7.2643750e+06   3.3325195e+01
   7.2652310e+06   3.1127930e+01
   7.2830130e+06   3.1616211e+01
   7.2837490e+06   3.4545898e+01
   7.2851110e+06   3.9672852e+01
   7.3000670e+06   3.1066895e+01
   7.3007710e+06   4.2236328e+01
   7.3078530e+06   4.3762207e+01
   7.3152940e+06   3.2043457e+01
   7.3258520e+06   4.5410156e+01
   7.3266740e+06   3.1250000e+01
   7.3437570e+06   4.2602539e+01
   7.3444600e+06   3.5278320e+01
   7.3601670e+06   4.2114258e+01
   7.3654540e+06   3.7353516e+01
   7.3793260e+06   3.7536621e+01
   7.3809870e+06   3.4790039e+01
   7.3815910e+06   3.4912109e+01
   7.3838840e+06   3.1921387e+01
   7.3894440e+06   4.8706055e+01
   7.4038580e+06   3.5095215e+01
   7.4068650e+06   3.2836914e+01
   7.4077630e+06   3.6193848e+01
   7.4241590e+06   3.8696289e+01
   7.4274510e+06   3.0944824e+01
   7.4278730e+06   3.2287598e+01
   7.4413930e+06   4.6875000e+01
   7.4429340e+06   3.8208008e+01
   7.4449160e+06   3.3081055e+01
   7.4455210e+06   3.3142090e+01
   7.4619590e+06   3.5827637e+01
   7.4630970e+06   3.1555176e+01
   7.4648720e+06   4.0283203e+01
   7.4661530e+06   3.3081055e+01
   7.4731030e+06   4.0283203e+01
   7.4817980e+06   3.9611816e+01
   7.4834460e+06   3.9611816e+01
   7.5001960e+06   4.5837402e+01
   7.5150210e+06   3.8635254e+01
   7.5214510e+06   3.4484863e+01
   7.5233670e+06   2.9846191e+01
   7.5254000e+06   4.3762207e+01
   7.5277900e+06   3.2226562e+01
   7.5282840e+06   3.0029297e+01
   7.5286050e+06   3.9794922e+01
   7.5391660e+06   3.4667969e+01
   7.5402180e+06   3.1677246e+01
   7.5546850e+06   4.1870117e+01
   7.5569920e+06   3.7231445e+01
   7.5585480e+06   3.4057617e+01
   7.5629430e+06   3.8452148e+01
   7.5643070e+06   3.3386230e+01
   7.5670140e+06   2.9968262e+01
   7.5770970e+06   3.7536621e+01
   7.5777210e+06   4.5104980e+01
   7.5782670e+06   3.4790039e+01
   7.5800130e+06   3.2348633e+01
   7.5847330e+06   3.2897949e+01
   7.5891030e+06   3.0883789e+01
   7.6015720e+06   3.7963867e+01
   7.6168270e+06   3.2592773e+01
   7.6177500e+06   4.0710449e+01
   7.6206900e+06   3.1372070e+01
   7.6297500e+06   3.1921387e+01
   7.6330420e+06   3.6376953e+01
   7.6451920e+06   4.6264648e+01
   7.6470480e+06   3.0944824e+01
   7.6498020e+06   3.0212402e+01
   7.6563250e+06   3.7048340e+01
   7.6624470e+06   3.4729004e+01
   7.6707930e+06   3.4545898e+01
   7.6780710e+06   4.2480469e+01
   7.6890150e+06   3.7170410e+01
   7.6912270e+06   3.2714844e+01
   7.7099080e+06   3.5034180e+01
   7.7110970e+06   3.3020020e+01
   7.7122370e+06   2.9785156e+01
   7.7135150e+06   3.9184570e+01
   7.7194240e+06   3.7231445e+01
   7.7260900e+06   4.3762207e+01
   7.7319800e+06   3.8635254e+01
   7.7478260e+06   3.3325195e+01
   7.7505650e+06   3.8574219e+01
   7.7576980e+06   3.1188965e+01
   7.7605920e+06   3.3630371e+01
   7.7628790e+06   3.0883789e+01
   7.7650540e+06   3.0456543e+01
   7.7669000e+06   3.4973145e+01
   7.7719570e+06   3.8635254e+01
   7.7834940e+06   3.6804199e+01
   7.8049020e+06   3.1677246e+01
   7.8142480e+06   4.0893555e+01
   7.8223040e+06   4.1381836e+01
   7.8260910e+06   2.9968262e+01
   7.8264330e+06   3.1372070e+01
   7.8285010e+06   3.8818359e+01
   7.8300210e+06   3.6682129e+01
   7.8401180e+06   3.3569336e+01
   7.8434710e+06   4.1687012e+01
   7.8444620e+06   3.0273438e+01
   7.8524410e+06   3.8452148e+01
   7.8778150e+06   4.0954590e+01
   7.8820750e+06   3.6193848e+01
   7.8937390e+06   3.3996582e+01
   7.9022460e+06   4.0954590e+01
   7.9065270e+06   3.6743164e+01
   7.9070840e+06   3.2836914e+01
   7.9115370e+06   4.7912598e+01
   7.9131110e+06   3.3142090e+01
   7.9137830e+06   3.0029297e+01
   7.9153470e+06   3.0334473e+01
   7.9268510e+06   4.1198730e+01
   7.9311900e+06   3.6437988e+01
   7.9328670e+06   3.1860352e+01
   7.9378510e+06   3.4545898e+01
   7.9432610e+06   2.9968262e+01
   7.9436420e+06   3.7963867e+01
   7.9459740e+06   3.5522461e+01
   7.9471820e+06   3.4606934e+01
   7.9535310e+06   3.1433105e+01
   7.9538270e+06   3.0151367e+01
   7.9917530e+06   3.7170410e+01
   7.9977970e+06   3.5400391e+01
   8.0057020e+06   3.8574219e+01
   8.0081690e+06   3.7109375e+01
   8.0171360e+06   3.7963867e+01
   8.0200930e+06   3.1555176e+01
   8.0267270e+06   3.5827637e+01
   8.0308950e+06   3.0456543e+01
   8.0370340e+06   3.9245605e+01
   8.0437600e+06   3.9733887e+01
   8.0461010e+06   3.5583496e+01
   8.0476030e+06   3.2714844e+01
   8.0499230e+06   2.9785156e+01
   8.0501240e+06   3.3325195e+01
   8.0516040e+06   3.1616211e+01
   8.0568040e+06   3.4545898e+01
   8.0646320e+06   3.2165527e+01
   8.0779680e+06   3.0456543e+01
   8.1028880e+06   3.1616211e+01
   8.1066390e+06   4.0100098e+01
   8.1208140e+06   3.9916992e+01
   8.1302150e+06   3.6499023e+01
   8.1420660e+06   2.9785156e+01
   8.1491610e+06   3.2165527e+01
   8.1580520e+06   3.9001465e+01
   8.1612430e+06   3.2897949e+01
   8.1955020e+06   3.4545898e+01
   8.2159830e+06   4.0100098e+01
   8.2201200e+06   3.6010742e+01
   8.2313730e+06   3.8024902e+01
   8.2498490e+06   4.5654297e+01
   8.2543570e+06   3.8635254e+01
   8.2582510e+06   3.8696289e+01
   8.2765390e+06   3.3508301e+01
   8.2823200e+06   3.1799316e+01
   8.2869860e+06   3.4240723e+01
   8.2990350e+06   3.7902832e+01
   8.3045450e+06   3.4545898e+01
   8.3097170e+06   4.2297363e+01
   8.3124280e+06   3.2836914e+01
   8.3374510e+06   3.3264160e+01
   8.3440930e+06   3.3996582e+01
   8.3479950e+06   3.9245605e+01
   8.3518170e+06   4.3518066e+01
   8.3646630e+06   4.2480469e+01
   8.3713250e+06   3.2104492e+01
   8.3926560e+06   3.5400391e+01
   8.3989210e+06   3.8330078e+01
   8.4015070e+06   3.6193848e+01
   8.4045330e+06   3.6010742e+01
   8.4067030e+06   3.6499023e+01
   8.4154990e+06   3.3630371e+01
   8.4195710e+06   3.5644531e+01
   8.4332750e+06   3.6743164e+01
   8.4375660e+06   4.3029785e+01
   8.4436350e+06   3.3569336e+01
   8.4475610e+06   4.0039062e+01
   8.4506650e+06   2.9724121e+01
   8.4643390e+06   3.9550781e+01
   8.4723070e+06   3.5827637e+01
   8.4768130e+06   3.6621094e+01
   8.4772090e+06   3.2531738e+01
   8.4783360e+06   2.9907227e+01
   8.4795610e+06   3.8391113e+01
   8.4892120e+06   3.4423828e+01
   8.4928440e+06   4.0771484e+01
   8.5015070e+06   3.7353516e+01
   8.5067750e+06   4.2297363e+01
   8.5091380e+06   3.5339355e+01
   8.5098340e+06   3.3813477e+01
   8.5099320e+06   3.2104492e+01
   8.5138980e+06   3.2165527e+01
   8.5152440e+06   3.4912109e+01
   8.5176540e+06   3.8940430e+01
   8.5287770e+06   3.4851074e+01
   8.5396420e+06   3.5583496e+01
   8.5449860e+06   3.4179688e+01
   8.5490770e+06   3.3569336e+01
   8.5495920e+06   3.4240723e+01
   8.5651070e+06   3.8269043e+01
   8.5705480e+06   3.1921387e+01
   8.5710270e+06   4.4677734e+01
   8.5778710e+06   3.5888672e+01
   8.5825680e+06   3.7963867e+01
   8.5932800e+06   4.5410156e+01
   8.5939110e+06   3.6254883e+01
   8.5943190e+06   3.5339355e+01
   8.5953220e+06   3.0700684e+01
   8.6026330e+06   3.6682129e+01
   8.6108060e+06   3.4973145e+01
   8.6108630e+06   4.2358398e+01
   8.6302510e+06   3.8940430e+01
   8.6459600e+06   3.4667969e+01
   8.6472090e+06   3.9245605e+01
   8.6483570e+06   3.7902832e+01
   8.6578360e+06   4.3518066e+01
   8.6598040e+06   3.0395508e+01
   8.6618880e+06   3.6743164e+01
   8.6733560e+06   4.0832520e+01
   8.6955690e+06   3.6926270e+01
   8.6973210e+06   4.0039062e+01
   8.7044250e+06   3.7292480e+01
   8.7099710e+06   3.5095215e+01
   8.7144110e+06   3.0151367e+01
   8.7161600e+06   3.0883789e+01
   8.7182000e+06   3.3813477e+01
   8.7238030e+06   3.7170410e+01
   8.7251290e+06   3.0944824e+01
   8.7509970e+06   4.2297363e+01
   8.7532440e+06   3.0334473e+01
   8.7570190e+06   3.3813477e+01
   8.7607430e+06   3.7536621e+01
   8.7610840e+06   3.0456543e+01
   8.7621660e+06   3.9855957e+01
   8.7831000e+06   3.8330078e+01
   8.7858310e+06   3.3996582e+01
   8.7997220e+06   3.6010742e+01
   8.8101490e+06   3.1860352e+01
   8.8129780e+06   4.1259766e+01
   8.8188670e+06   4.1687012e+01
   8.8193650e+06   3.3020020e+01
   8.8203800e+06   3.1860352e+01
   8.8301000e+06   3.5278320e+01
   8.8315290e+06   3.0639648e+01
   8.8417370e+06   3.6682129e+01
   8.8451640e+06   3.6132812e+01
   8.8583750e+06   3.8635254e+01
   8.8643510e+06   3.0090332e+01
   8.8661650e+06   3.2104492e+01
   8.8680190e+06   3.8879395e+01
   8.8716570e+06   3.3874512e+01
   8.8779330e+06   4.1992188e+01
   8.8977250e+06   3.4118652e+01
   8.9026520e+06   3.9428711e+01
   8.9092140e+06   4.0466309e+01
   8.9238140e+06   3.9489746e+01
   8.9297520e+06   3.5949707e+01
   8.9367090e+06   3.7231445e+01
   8.9452610e+06   4.1503906e+01
   8.9512970e+06   3.6804199e+01
   8.9682780e+06   4.8400879e+01
   8.9721020e+06   3.5217285e+01
   8.9819210e+06   3.5888672e+01
   8.9825920e+06   3.1921387e+01
   8.9933350e+06   3.1311035e+01
   8.9937180e+06   3.9672852e+01
   8.9948210e+06   3.1616211e+01
   9.0070720e+06   3.2897949e+01
   9.0138740e+06   4.1442871e+01
   9.0196220e+06   3.0517578e+01
   9.0210390e+06   3.0944824e+01
   9.0220350e+06   3.3508301e+01
   9.0270080e+06   3.2958984e+01
   9.0431670e+06   3.7841797e+01
   9.0443850e+06   3.7658691e+01
   9.0645100e+06   3.7902832e+01
   9.0832160e+06   3.7719727e+01
   9.0893880e+06   3.4423828e+01
   9.0931000e+06   3.1066895e+01
   9.1032680e+06   3.2165527e+01
   9.1070470e+06   3.7536621e+01
   9.1160900e+06   3.0822754e+01
   9.1230990e+06   5.3710938e+01
   9.1237150e+06   3.2287598e+01
   9.1244620e+06   3.2897949e+01
   9.1298220e+06   3.5400391e+01
   9.1330450e+06   3.0334473e+01
   9.1475230e+06   3.1066895e+01
   9.1549470e+06   3.3203125e+01
   9.1557030e+06   3.9611816e+01
   9.1609630e+06   3.8330078e+01
   9.1797960e+06   3.2714844e+01
   9.1858990e+06   3.2104492e+01
   9.1859420e+06   3.9855957e+01
   9.1865100e+06   3.1921387e+01
   9.1987600e+06   3.9184570e+01
   9.2039140e+06   3.2958984e+01
   9.2047940e+06   3.5522461e+01
   9.2057340e+06   3.5156250e+01
   9.2065860e+06   3.2104492e+01
   9.2087970e+06   3.5522461e+01
   9.2106170e+06   3.0944824e+01
   9.2155850e+06   3.4301758e+01
   9.2253790e+06   3.7597656e+01
   9.2376320e+06   4.0649414e+01
   9.2390480e+06   3.0944824e+01
   9.2397370e+06   3.3020020e+01
   9.2478920e+06   3.2470703e+01
   9.2515480e+06   3.4301758e+01
   9.2532330e+06   3.7902832e+01
   9.2676010e+06   3.0456543e+01
   9.2749550e+06   3.3874512e+01
   9.2912480e+06   4.2846680e+01
   9.2974980e+06   3.4973145e+01
   9.3145530e+06   3.8024902e+01
   9.3172600e+06   3.0822754e+01
   9.3248170e+06   3.3081055e+01
   9.3282830e+06   3.0212402e+01
   9.3361720e+06   3.3996582e+01
   9.3406570e+06   3.3813477e+01
   9.3574540e+06   3.7536621e+01
   9.3630310e+06   3.4423828e+01
   9.3670210e+06   3.7048340e+01
   9.3712290e+06   3.1982422e+01
   9.3807470e+06   3.7048340e+01
   9.3832670e+06   3.2287598e+01
   9.3893380e+06   3.7414551e+01
   9.3957010e+06   3.4301758e+01
   9.4067800e+06   3.0517578e+01
   9.4233240e+06   3.2714844e+01
   9.4257530e+06   3.3813477e+01
   9.4401980e+06   3.3996582e+01
   9.4504020e+06   3.5888672e+01
   9.4600130e+06   4.2968750e+01
   9.4663730e+06   3.2165527e+01
   9.4721650e+06   4.1870117e+01
   9.4812330e+06   3.6254883e+01
   9.4937560e+06   3.3142090e+01
   9.4979140e+06   3.0944824e+01
   9.5021730e+06   3.5156250e+01
   9.5055260e+06   3.2165527e+01
   9.5102440e+06   3.1433105e+01
   9.5270020e+06   3.4240723e+01
   9.5322240e+06   3.9978027e+01
   9.5341740e+06   3.5400391e+01
   9.5507350e+06   3.6315918e+01
   9.5576020e+06   3.1921387e+01
   9.5600610e+06   3.6743164e+01
   9.5670440e+06   3.4912109e+01
   9.5684580e+06   3.8940430e+01
   9.5813980e+06   3.1311035e+01
   9.5852570e+06   3.6132812e+01
   9.5866480e+06   3.8024902e+01
   9.5941870e+06   3.7109375e+01
   9.5968830e+06   3.2653809e+01
   9.5994540e+06   3.2653809e+01
   9.6029330e+06   3.2714844e+01
   9.6101320e+06   3.4240723e+01
   9.6131320e+06   3.0944824e+01
   9.6158090e+06   3.3630371e+01
   9.6235910e+06   3.5400391e+01
   9.6319350e+06   3.9489746e+01
   9.6415640e+06   3.5156250e+01
   9.6457430e+06   4.1137695e+01
   9.6493030e+06   3.2836914e+01
   9.6519640e+06   3.2592773e+01
   9.6687530e+06   3.3569336e+01
   9.6720430e+06   3.6132812e+01
   9.6764590e+06   3.5888672e+01
   9.6832990e+06   4.0405273e+01
   9.6936370e+06   3.7780762e+01
   9.6978660e+06   3.2348633e+01
   9.7005150e+06   3.3752441e+01
   9.7083200e+06   3.7475586e+01
   9.7146490e+06   3.0395508e+01
   9.7228120e+06   3.7048340e+01
   9.7265290e+06   3.2653809e+01
   9.7282130e+06   3.4057617e+01
   9.7412800e+06   3.1738281e+01
   9.7550980e+06   3.7292480e+01
   9.7574920e+06   3.8513184e+01
   9.7609380e+06   3.2043457e+01
   9.7687640e+06   3.1372070e+01
   9.7763370e+06   4.0161133e+01
   9.7900190e+06   3.0578613e+01
   9.7927170e+06   4.5288086e+01
   9.7985960e+06   4.4616699e+01
   9.8029480e+06   3.1005859e+01
   9.8061540e+06   3.8085938e+01
   9.8162310e+06   3.6926270e+01
   9.8191910e+06   3.1372070e+01
   9.8331220e+06   3.8330078e+01
   9.8383700e+06   3.2348633e+01
   9.8443240e+06   3.1738281e+01
   9.8546570e+06   3.5339355e+01
   9.8608060e+06   4.1137695e+01
   9.8676190e+06   2.9785156e+01
   9.8795300e+06   3.4362793e+01
   9.8842270e+06   3.4118652e+01
   9.8933500e+06   3.4851074e+01
   9.9021750e+06   3.6926270e+01
   9.9032880e+06   3.1677246e+01
   9.9055790e+06   3.2470703e+01
   9.9109540e+06   3.6987305e+01
   9.9189390e+06   4.4372559e+01
   9.9305540e+06   3.8146973e+01
   9.9341450e+06   4.1015625e+01
   9.9357290e+06   3.5766602e+01
   9.9486490e+06   2.9785156e+01
   9.9610700e+06   3.0273438e+01
   9.9702920e+06   3.1433105e+01
   9.9771170e+06   4.2419434e+01
   9.9868300e+06   3.0883789e+01
   9.9947810e+06   3.4790039e+01
   9.9985590e+06   3.4973145e+01
   1.0006903e+07   3.6132812e+01
   1.0018795e+07   3.1982422e+01
   1.0022790e+07   3.4973145e+01
   1.0029747e+07   3.0639648e+01
   1.0037041e+07   4.0649414e+01
   1.0044923e+07   3.2348633e+01
   1.0052933e+07   3.3142090e+01
   1.0053868e+07   3.2226562e+01
   1.0056771e+07   3.1066895e+01
   1.0068535e+07   3.6254883e+01
   1.0075229e+07   3.1127930e+01
   1.0094139e+07   3.5400391e+01
   1.0099371e+07   3.3630371e+01
   1.0113410e+07   4.0649414e+01
   1.0124473e+07   3.0395508e+01
   1.0134146e+07   4.2236328e+01
   1.0148430e+07   4.0954590e+01
   1.0163117e+07   3.5217285e+01
   1.0167190e+07   3.3569336e+01
   1.0169058e+07   3.3569336e+01
   1.0176450e+07   3.1127930e+01
   1.0180412e+07   4.0344238e+01
   1.0190557e+07   4.0954590e+01
   1.0194911e+07   3.6743164e+01
   1.0203813e+07   3.3203125e+01
   1.0226032e+07   3.2104492e+01
   1.0231749e+07   3.8940430e+01
   1.0234274e+07   3.3935547e+01
   1.0238135e+07   3.1188965e+01
   1.0248368e+07   3.7231445e+01
   1.0252997e+07   3.3386230e+01
   1.0258989e+07   3.7963867e+01
   1.0270516e+07   3.6560059e+01
   1.0279144e+07   3.1005859e+01
   1.0294061e+07   3.5034180e+01
   1.0304908e+07   3.7048340e+01
   1.0311195e+07   3.1616211e+01
   1.0324912e+07   3.3203125e+01
   1.0343103e+07   3.6865234e+01
   1.0347467e+07   3.0395508e+01
   1.0355701e+07   3.5278320e+01
   1.0363207e+07   4.1931152e+01
   1.0368059e+07   4.4067383e+01
   1.0376624e+07   3.1555176e+01
   1.0383631e+07   3.4362793e+01
   1.0392582e+07   3.2897949e+01
   1.0395669e+07   3.6499023e+01
   1.0401397e+07   3.8085938e+01
   1.0411411e+07   4.4433594e+01
   1.0426907e+07   3.0334473e+01
   1.0432531e+07   3.2958984e+01
   1.0441555e+07   3.1250000e+01
   1.0443873e+07   3.3569336e+01
   1.0453776e+07   4.0222168e+01
   1.0464758e+07   3.7658691e+01
   1.0476551e+07   3.7841797e+01
   1.0479391e+07   3.6193848e+01
   1.0482911e+07   3.1921387e+01
   1.0497559e+07   2.9846191e+01
   1.0507775e+07   3.0639648e+01
   1.0525366e+07   3.6071777e+01
   1.0538248e+07   3.7048340e+01
   1.0550443e+07   2.9907227e+01
   1.0557281e+07   3.6437988e+01
   1.0566332e+07   3.7780762e+01
   1.0567084e+07   3.4729004e+01
   1.0568347e+07   3.1738281e+01
   1.0582496e+07   3.4179688e+01
   1.0587081e+07   3.5156250e+01
   1.0594052e+07   3.2897949e+01
   1.0606972e+07   3.3874512e+01
   1.0610895e+07   3.9916992e+01
   1.0628129e+07   3.1311035e+01
   1.0635088e+07   3.2958984e+01
   1.0643152e+07   4.3518066e+01
   1.0659190e+07   3.8513184e+01
   1.0664710e+07   3.0883789e+01
   1.0672356e+07   3.5888672e+01
   1.0678918e+07   3.3996582e+01
   1.0691556e+07   3.8757324e+01
   1.0702745e+07   3.5766602e+01
   1.0709923e+07   3.6010742e+01
   1.0715927e+07   3.4545898e+01
   1.0720665e+07   2.9968262e+01
   1.0727368e+07   3.5888672e+01
   1.0736641e+07   3.2897949e+01
   1.0744412e+07   4.2907715e+01
   1.0747889e+07   3.6682129e+01
   1.0754338e+07   4.6936035e+01
   1.0755175e+07   3.0517578e+01
   1.0764613e+07   4.0222168e+01
   1.0770010e+07   3.9489746e+01
   1.0777063e+07   3.3081055e+01
   1.0780834e+07   3.1188965e+01
   1.0785259e+07   2.9968262e+01
   1.0789385e+07   3.4301758e+01
   1.0790425e+07   3.9794922e+01
   1.0798047e+07   3.7902832e+01
   1.0798877e+07   3.0517578e+01
   1.0801454e+07   2.9968262e+01
   1.0813905e+07   3.4057617e+01
   1.0822122e+07   3.1311035e+01
   1.0829937e+07   4.3334961e+01
   1.0839762e+07   3.0761719e+01
   1.0841649e+07   3.1311035e+01
   1.0842223e+07   3.4240723e+01
   1.0844231e+07   3.2714844e+01
   1.0848413e+07   3.7231445e+01
   1.0852487e+07   3.4606934e+01
   1.0854987e+07   3.1921387e+01
   1.0858012e+07   3.8635254e+01
   1.0860144e+07   3.2714844e+01
   1.0860972e+07   3.7719727e+01
   1.0875012e+07   4.0039062e+01
   1.0881219e+07   3.8818359e+01
   1.0899065e+07   4.6813965e+01
   1.0899081e+07   3.0883789e+01
   1.0899632e+07   3.4790039e+01
   1.0907069e+07   3.0334473e+01
   1.0934749e+07   3.1555176e+01
   1.0940994e+07   3.7597656e+01
   1.0956590e+07   3.7963867e+01
   1.0969173e+07   3.8574219e+01
   1.0976067e+07   3.0639648e+01
   1.0991102e+07   4.0100098e+01
   1.0997273e+07   3.5461426e+01
   1.0998323e+07   3.3386230e+01
   1.1009186e+07   3.4790039e+01
   1.1014268e+07   3.4057617e+01
   1.1022705e+07   3.3203125e+01
   1.1029009e+07   3.2531738e+01
   1.1034418e+07   2.9846191e+01
   1.1039877e+07   3.2531738e+01
   1.1043837e+07   3.1921387e+01
   1.1051580e+07   3.7902832e+01
   1.1054611e+07   3.1677246e+01
   1.1057309e+07   3.0822754e+01
   1.1061336e+07   3.2958984e+01
   1.1064951e+07   3.0517578e+01
   1.1070822e+07   3.2409668e+01
   1.1072633e+07   3.1799316e+01
   1.1075012e+07   3.6865234e+01
   1.1084153e+07   3.3081055e+01
   1.1088803e+07   3.3996582e+01
   1.1119592e+07   3.8208008e+01
   1.1120671e+07   3.2470703e+01
   1.1124283e+07   3.6621094e+01
   1.1129470e+07   3.4118652e+01
   1.1143284e+07   3.9794922e+01
   1.1148579e+07   3.5156250e+01
   1.1165065e+07   3.2897949e+01
   1.1175965e+07   3.4606934e+01
   1.1177245e+07   3.1555176e+01
   1.1182169e+07   3.0456543e+01
   1.1183511e+07   2.9968262e+01
   1.1189210e+07   3.4362793e+01
   1.1196699e+07   3.7658691e+01
   1.1206669e+07   3.8818359e+01
   1.1221810e+07   3.1860352e+01
   1.1225228e+07   3.5034180e+01
   1.1230866e+07   3.1799316e+01
   1.1243431e+07   3.2104492e+01
   1.1245007e+07   3.4973145e+01
   1.1246773e+07   3.3813477e+01
   1.1254957e+07   3.0944824e+01
   1.1257758e+07   3.1860352e+01
   1.1261146e+07   3.5034180e+01
   1.1267815e+07   3.0822754e+01
   1.1278837e+07   3.2775879e+01
   1.1284005e+07   3.5522461e+01
   1.1291244e+07   3.1677246e+01
   1.1291769e+07   3.1494141e+01
   1.1298236e+07   3.6560059e+01
   1.1316530e+07   3.1616211e+01
   1.1320043e+07   3.6804199e+01
   1.1327862e+07   3.8024902e+01
   1.1336339e+07   3.9611816e+01
   1.1343940e+07   3.8574219e+01
   1.1347634e+07   3.9123535e+01
   1.1352993e+07   3.8208008e+01
   1.1354565e+07   3.2592773e+01
   1.1361375e+07   3.7597656e+01
   1.1366393e+07   3.1188965e+01
   1.1371273e+07   3.1372070e+01
   1.1373220e+07   2.9724121e+01
   1.1386398e+07   3.1005859e+01
   1.1388342e+07   3.1127930e+01
   1.1389030e+07   3.1311035e+01
   1.1390588e+07   3.3142090e+01
   1.1409960e+07   3.4790039e+01
   1.1418253e+07   4.1687012e+01
   1.1419576e+07   3.5644531e+01
   1.1422481e+07   3.6682129e+01
   1.1423008e+07   3.1372070e+01
   1.1446952e+07   4.1625977e+01
   1.1448816e+07   3.5339355e+01
   1.1454723e+07   3.4484863e+01
   1.1463310e+07   3.2226562e+01
   1.1475611e+07   3.7048340e+01
   1.1481342e+07   4.3518066e+01
   1.1483426e+07   3.9733887e+01
   1.1490947e+07   3.8024902e+01
   1.1493689e+07   3.0090332e+01
   1.1498528e+07   3.5766602e+01
   1.1500559e+07   3.0700684e+01
   1.1507866e+07   3.9916992e+01
   1.1512697e+07   4.4433594e+01
   1.1517482e+07   4.0222168e+01
   1.1520751e+07   3.8940430e+01
   1.1526253e+07   3.5156250e+01
   1.1533325e+07   3.8940430e+01
   1.1541412e+07   3.3508301e+01
   1.1547078e+07   2.9846191e+01
   1.1552723e+07   3.2287598e+01
   1.1558787e+07   3.4057617e+01
   1.1561571e+07   3.2897949e+01
   1.1567596e+07   3.3325195e+01
   1.1573144e+07   3.0395508e+01
   1.1577773e+07   3.1188965e+01
   1.1583534e+07   3.9306641e+01
   1.1586761e+07   2.9785156e+01
   1.1590740e+07   3.2104492e+01
   1.1599472e+07   3.2836914e+01
   1.1606113e+07   3.3813477e+01
   1.1609404e+07   3.4240723e+01
   1.1614313e+07   3.2897949e+01
   1.1621540e+07   2.9724121e+01
   1.1627378e+07   3.2470703e+01
   1.1628814e+07   3.9306641e+01
   1.1642406e+07   3.7597656e+01
   1.1645235e+07   3.7658691e+01
   1.1652186e+07   3.4240723e+01
   1.1656136e+07   3.2714844e+01
   1.1665423e+07   3.6315918e+01
   1.1666155e+07   3.1127930e+01
   1.1678432e+07   3.1494141e+01
   1.1680467e+07   3.8391113e+01
   1.1690181e+07   3.7902832e+01
   1.1695547e+07   2.9907227e+01
   1.1700381e+07   3.1799316e+01
   1.1712844e+07   3.3996582e+01
   1.1715174e+07   3.6010742e+01
   1.1721299e+07   3.3081055e+01
   1.1724112e+07   3.0029297e+01
   1.1735810e+07   3.3691406e+01
   1.1742047e+07   3.8024902e+01
   1.1745286e+07   3.3996582e+01
   1.1752276e+07   3.3081055e+01
   1.1756985e+07   3.0395508e+01
   1.1771430e+07   3.0883789e+01
   1.1774972e+07   3.4790039e+01
   1.1788178e+07   3.3996582e+01
   1.1794609e+07   3.1005859e+01
   1.1799291e+07   3.2470703e+01
   1.1809416e+07   4.2724609e+01
   1.1815784e+07   3.6254883e+01
   1.1820483e+07   3.1433105e+01
   1.1830368e+07   3.0029297e+01
   1.1838741e+07   3.7841797e+01
   1.1841948e+07   3.4606934e+01
   1.1857048e+07   3.6254883e+01
   1.1862486e+07   3.6926270e+01
   1.1879920e+07   3.2653809e+01
   1.1886672e+07   3.5705566e+01
   1.1895548e+07   3.3142090e+01
   1.1896090e+07   3.3508301e+01
   1.1902463e+07   2.9968262e+01
   1.1913080e+07   3.3081055e+01
   1.1919042e+07   3.3752441e+01
   1.1923375e+07   4.2968750e+01
   1.1928247e+07   3.9611816e+01
   1.1937151e+07   3.3081055e+01
   1.1948782e+07   3.5888672e+01
   1.1960786e+07   3.5766602e+01
   1.1964981e+07   3.1738281e+01
   1.1979910e+07   3.1250000e+01
   1.1980844e+07   3.2836914e+01
   1.1980977e+07   3.0090332e+01
   1.1985922e+07   3.8818359e+01
   1.1990110e+07   3.6315918e+01
   1.1993152e+07   2.9846191e+01
   1.1998707e+07   3.6376953e+01
