   1.1999000e+07   0.0000000e+00
   3.6283460e+06   1.1230469e+01
   3.7732310e+06   1.0986328e+01
   4.1716030e+06   1.0986328e+01
   4.4191240e+06   1.1291504e+01
   5.2442650e+06   1.1230469e+01
   5.5557120e+06   1.1169434e+01
   7.0558450e+06   1.1230469e+01
   8.4831810e+06   1.1108398e+01
   8.8967230e+06   1.0925293e+01
   9.0053410e+06   1.1108398e+01
   9.1631530e+06   1.1413574e+01
   9.2973270e+06   1.0803223e+01
   1.0457176e+07   1.1230469e+01
   1.0739776e+07   1.1352539e+01
   1.0891636e+07   1.1291504e+01
   1.0999307e+07   1.0986328e+01
   1.1055144e+07   1.0925293e+01
   1.1125969e+07   1.0986328e+01
   1.1142497e+07   1.0803223e+01
   1.1602186e+07   1.1352539e+01
