   1.1996000e+07   0.0000000e+00
   3.8403550e+06   3.0944824e+01
   5.2839700e+06   3.1799316e+01
   5.7045590e+06   3.5827637e+01
   5.9322170e+06   3.2409668e+01
   7.7045560e+06   3.0822754e+01
   7.9869520e+06   3.2287598e+01
   8.6966080e+06   3.5461426e+01
   8.7725270e+06   3.3325195e+01
   8.7727160e+06   3.1799316e+01
   8.9103590e+06   3.1494141e+01
   9.8568120e+06   3.1127930e+01
   1.0099005e+07   3.0456543e+01
   1.0347006e+07   3.6682129e+01
   1.0405568e+07   3.0700684e+01
   1.0605290e+07   3.0273438e+01
   1.0857308e+07   3.1494141e+01
   1.1405034e+07   3.2409668e+01
   1.1875652e+07   3.4667969e+01
