   1.1996000e+07   0.0000000e+00
   5.4081000e+04   3.5705566e+01
   5.4238000e+04   2.9479980e+01
   5.4510000e+04   3.1799316e+01
   5.5125000e+04   3.7170410e+01
   5.5229000e+04   3.6071777e+01
   5.5283000e+04   3.3691406e+01
   5.6702000e+04   3.3447266e+01
   7.1203000e+04   3.0944824e+01
   7.5738000e+04   3.2958984e+01
   1.4155500e+05   3.0761719e+01
   1.4167500e+05   3.0578613e+01
   1.4336500e+05   3.1738281e+01
   1.4352000e+05   3.3996582e+01
   1.5584100e+05   3.0151367e+01
   2.3764600e+05   3.1616211e+01
   2.3782600e+05   3.6376953e+01
   2.3850500e+05   3.9367676e+01
   2.3856700e+05   3.5827637e+01
   2.4002500e+05   3.0456543e+01
   2.4023900e+05   3.3264160e+01
   2.4042600e+05   3.5644531e+01
   2.4984300e+05   3.3081055e+01
   3.1948600e+05   3.4973145e+01
   3.1962100e+05   3.2409668e+01
   3.2306900e+05   3.3264160e+01
   3.2371200e+05   2.9846191e+01
   3.2483700e+05   3.9367676e+01
   3.2593800e+05   3.4240723e+01
   3.2598200e+05   3.5583496e+01
   3.2602000e+05   4.1442871e+01
   3.2626600e+05   3.2287598e+01
   3.6622200e+05   3.5217285e+01
   3.6629800e+05   3.0029297e+01
   4.0136400e+05   4.8522949e+01
   4.0293100e+05   3.1311035e+01
   4.0374600e+05   2.9602051e+01
   4.2220100e+05   2.9602051e+01
   4.2601700e+05   2.9479980e+01
   5.0621800e+05   3.7292480e+01
   5.0704300e+05   3.1188965e+01
   5.0727400e+05   3.0822754e+01
   5.0743600e+05   3.3935547e+01
   5.0940100e+05   3.2165527e+01
   5.2621900e+05   3.1433105e+01
   5.6976400e+05   3.6315918e+01
   5.7002100e+05   3.0517578e+01
   5.7086400e+05   3.0639648e+01
   5.7314900e+05   3.3874512e+01
   6.1461100e+05   3.3508301e+01
   6.1468400e+05   3.1738281e+01
   6.1523200e+05   2.9846191e+01
   6.5299200e+05   3.8879395e+01
   6.5385500e+05   3.0822754e+01
   6.5408900e+05   3.2653809e+01
   6.5418000e+05   3.6804199e+01
   6.8098100e+05   3.8024902e+01
   6.8140200e+05   3.7231445e+01
   7.0950800e+05   3.9245605e+01
   7.0956100e+05   4.3151855e+01
   7.0960900e+05   4.0283203e+01
   7.0975000e+05   3.0883789e+01
   7.3558600e+05   1.6003418e+02
   7.3559900e+05   3.0822754e+01
   7.3565100e+05   9.5336914e+01
   7.3575500e+05   1.2493896e+02
   7.3584400e+05   1.0552979e+02
   7.3600000e+05   1.1883545e+02
   7.3609000e+05   1.3055420e+02
   7.3623200e+05   3.2348633e+01
   7.3625800e+05   1.2786865e+02
   7.3634300e+05   3.3142090e+01
   7.3636800e+05   3.2653809e+01
   7.3645500e+05   1.2286377e+02
   7.3646800e+05   4.5959473e+01
   7.3656800e+05   9.8388672e+01
   7.3668200e+05   3.1372070e+01
   7.3673500e+05   1.3146973e+02
   7.3682300e+05   3.5888672e+01
   7.3688800e+05   1.2969971e+02
   7.3703300e+05   1.2048340e+02
   7.3716600e+05   1.2182617e+02
   7.3729300e+05   1.1663818e+02
   7.3730400e+05   3.1188965e+01
   7.3766800e+05   1.2335205e+02
   7.3767800e+05   3.0151367e+01
   7.3774000e+05   3.3081055e+01
   7.3792000e+05   1.1749268e+02
   7.3802000e+05   3.0334473e+01
   7.3805700e+05   1.1798096e+02
   7.3830200e+05   1.2213135e+02
   7.3862500e+05   1.2823486e+02
   7.3863500e+05   2.9907227e+01
   7.4308600e+05   3.4912109e+01
   7.4528400e+05   2.9724121e+01
   7.7194900e+05   3.3874512e+01
   7.7208400e+05   3.6804199e+01
   7.7238300e+05   3.2348633e+01
   7.7286500e+05   3.0578613e+01
   7.7321100e+05   3.0944824e+01
   7.7368700e+05   3.6987305e+01
   7.7395600e+05   4.0893555e+01
   7.7415900e+05   3.0090332e+01
   7.7463500e+05   3.8757324e+01
   8.0593300e+05   3.0700684e+01
   8.0612100e+05   3.2348633e+01
   8.1699100e+05   2.9541016e+01
   8.3915900e+05   4.5043945e+01
   8.3927400e+05   3.7353516e+01
   8.3935200e+05   2.9541016e+01
   8.3936400e+05   3.6560059e+01
   8.3951200e+05   3.8696289e+01
   8.3967800e+05   1.2756348e+02
   8.3990900e+05   3.7109375e+01
   8.4201500e+05   3.4667969e+01
   8.4208900e+05   3.5949707e+01
   8.4584900e+05   3.7292480e+01
   8.4619600e+05   3.1250000e+01
   8.4673200e+05   3.7719727e+01
   8.4717300e+05   3.3874512e+01
   8.4754700e+05   4.1320801e+01
   8.4780000e+05   3.2470703e+01
   8.4830700e+05   3.1921387e+01
   8.4859000e+05   3.6315918e+01
   8.4870900e+05   3.2043457e+01
   8.4960500e+05   3.1494141e+01
   8.5048700e+05   3.7231445e+01
   8.5073200e+05   3.3874512e+01
   8.5082100e+05   3.1677246e+01
   8.5116200e+05   3.3508301e+01
   8.5122800e+05   3.0273438e+01
   8.5478000e+05   3.1250000e+01
   9.0866200e+05   4.0527344e+01
   9.0872900e+05   4.2724609e+01
   9.0882000e+05   3.1127930e+01
   9.0918900e+05   1.4440918e+02
   9.0919900e+05   3.1188965e+01
   9.0925000e+05   3.7414551e+01
   9.3449500e+05   3.1616211e+01
   9.3467900e+05   3.1860352e+01
   9.3723800e+05   3.5461426e+01
   9.3734900e+05   3.1005859e+01
   9.6180000e+05   3.8635254e+01
   9.6186300e+05   3.5339355e+01
   9.7207000e+05   3.0212402e+01
   9.7208000e+05   2.9785156e+01
   9.7218700e+05   3.7841797e+01
   9.7338500e+05   3.3264160e+01
   9.7426400e+05   3.0334473e+01
   9.8745400e+05   3.0334473e+01
   1.0584330e+06   3.4301758e+01
   1.0593660e+06   3.1250000e+01
   1.0786480e+06   3.3447266e+01
   1.0804080e+06   3.0212402e+01
   1.0809440e+06   4.1320801e+01
   1.0810710e+06   4.9804688e+01
   1.0816830e+06   2.9541016e+01
   1.0831720e+06   3.9916992e+01
   1.0833220e+06   2.9785156e+01
   1.0842020e+06   3.8208008e+01
   1.0865570e+06   2.9907227e+01
   1.0934200e+06   3.0273438e+01
   1.0947580e+06   2.9846191e+01
   1.0977030e+06   3.2714844e+01
   1.0980250e+06   2.9541016e+01
   1.1790730e+06   3.5217285e+01
   1.1798990e+06   3.1433105e+01
   1.1799590e+06   3.0700684e+01
   1.1967280e+06   3.8940430e+01
   1.1967980e+06   3.0822754e+01
   1.1971680e+06   3.1860352e+01
   1.1972040e+06   2.9479980e+01
   1.1975360e+06   4.0100098e+01
   1.1977020e+06   3.3630371e+01
   1.1977950e+06   3.6010742e+01
   1.1979100e+06   3.1066895e+01
   1.1981660e+06   3.2653809e+01
   1.1983570e+06   3.2409668e+01
   1.1984770e+06   3.1616211e+01
   1.1986830e+06   3.3264160e+01
   1.1991140e+06   3.1677246e+01
   1.1994010e+06   3.2165527e+01
   1.1997310e+06   2.9541016e+01
   1.2023360e+06   3.2104492e+01
   1.2049590e+06   2.9602051e+01
   1.2060830e+06   3.0273438e+01
   1.2865410e+06   3.3264160e+01
   1.2866110e+06   4.2785645e+01
   1.2868540e+06   3.1555176e+01
   1.2885000e+06   3.2897949e+01
   1.2891320e+06   2.9541016e+01
   1.2892970e+06   3.8574219e+01
   1.2904160e+06   3.2836914e+01
   1.2932710e+06   3.6437988e+01
   1.2952650e+06   3.2226562e+01
   1.2953770e+06   3.1738281e+01
   1.2956940e+06   3.1433105e+01
   1.3534390e+06   3.0883789e+01
   1.3535680e+06   3.3020020e+01
   1.3571370e+06   3.0822754e+01
   1.3584840e+06   3.6621094e+01
   1.3926150e+06   3.1188965e+01
   1.3928300e+06   3.4179688e+01
   1.3941800e+06   3.6071777e+01
   1.3957470e+06   3.8208008e+01
   1.3959430e+06   3.1860352e+01
   1.4500180e+06   3.1799316e+01
   1.4501080e+06   3.0212402e+01
   1.4503680e+06   4.2602539e+01
   1.4503850e+06   3.5766602e+01
   1.4504610e+06   3.7536621e+01
   1.4510620e+06   3.3691406e+01
   1.4589470e+06   2.9907227e+01
   1.4591410e+06   3.4851074e+01
   1.4595890e+06   3.2531738e+01
   1.4597870e+06   3.7475586e+01
   1.4600300e+06   3.2226562e+01
   1.4608940e+06   3.0273438e+01
   1.4611270e+06   3.1860352e+01
   1.4617990e+06   3.0944824e+01
   1.5124010e+06   3.7536621e+01
   1.5126390e+06   4.0222168e+01
   1.5426520e+06   3.2409668e+01
   1.5427430e+06   3.0029297e+01
   1.5428370e+06   3.0517578e+01
   1.5430090e+06   3.3752441e+01
   1.5513250e+06   3.1494141e+01
   1.5545440e+06   4.2053223e+01
   1.5581130e+06   2.9785156e+01
   1.5615720e+06   3.0883789e+01
   1.6353800e+06   3.3935547e+01
   1.6354570e+06   2.9846191e+01
   1.6355320e+06   3.3813477e+01
   1.6355630e+06   3.2775879e+01
   1.6356690e+06   3.2775879e+01
   1.6365440e+06   3.7475586e+01
   1.6432400e+06   3.0883789e+01
   1.6434100e+06   3.8696289e+01
   1.6442130e+06   3.2714844e+01
   1.6876720e+06   3.1677246e+01
   1.6877370e+06   3.1433105e+01
   1.6877610e+06   3.7170410e+01
   1.7085320e+06   3.0700684e+01
   1.7087050e+06   3.0822754e+01
   1.7090790e+06   2.9846191e+01
   1.7093120e+06   3.0700684e+01
   1.7527090e+06   3.0944824e+01
   1.7527200e+06   4.1503906e+01
   1.7529310e+06   3.4545898e+01
   1.7529410e+06   4.2358398e+01
   1.7535210e+06   2.9968262e+01
   1.7535560e+06   3.1433105e+01
   1.7536640e+06   3.0517578e+01
   1.7536940e+06   3.3386230e+01
   1.7538000e+06   3.6437988e+01
   1.7539270e+06   3.3325195e+01
   1.7540530e+06   3.4973145e+01
   1.7542140e+06   3.5400391e+01
   1.7544780e+06   3.4362793e+01
   1.7546900e+06   3.2531738e+01
   1.7605260e+06   2.9724121e+01
   1.7609500e+06   3.0578613e+01
   1.7612760e+06   2.9663086e+01
   1.7614580e+06   2.9907227e+01
   1.7641690e+06   3.5522461e+01
   1.7643270e+06   3.0090332e+01
   1.7644430e+06   3.2470703e+01
   1.7653600e+06   3.1250000e+01
   1.7658780e+06   3.1982422e+01
   1.8538220e+06   2.9785156e+01
   1.8544280e+06   3.8391113e+01
   1.8548310e+06   3.3386230e+01
   1.8551500e+06   3.0151367e+01
   1.8551600e+06   3.2287598e+01
   1.8552640e+06   3.5400391e+01
   1.8552780e+06   3.1311035e+01
   1.8553990e+06   4.2480469e+01
   1.8554100e+06   3.3386230e+01
   1.8555340e+06   3.3386230e+01
   1.8557790e+06   3.3935547e+01
   1.8562440e+06   4.2785645e+01
   1.8566390e+06   3.3081055e+01
   1.8570130e+06   3.2287598e+01
   1.8573410e+06   3.1616211e+01
   1.8680730e+06   3.8574219e+01
   1.8691410e+06   3.0212402e+01
   1.8697750e+06   3.7048340e+01
   1.8705510e+06   3.2043457e+01
   1.8793640e+06   3.2775879e+01
   1.8816010e+06   3.1799316e+01
   1.8839480e+06   3.5949707e+01
   1.8850720e+06   3.5156250e+01
   1.8889020e+06   3.1311035e+01
   1.8971380e+06   3.1372070e+01
   1.9541980e+06   3.2104492e+01
   1.9544630e+06   3.3752441e+01
   1.9550660e+06   3.1066895e+01
   1.9571760e+06   3.3935547e+01
   1.9655170e+06   3.0090332e+01
   2.0252660e+06   4.4677734e+01
   2.0252970e+06   3.9916992e+01
   2.0253680e+06   3.1555176e+01
   2.0253960e+06   4.9011230e+01
   2.0254840e+06   4.2907715e+01
   2.0257510e+06   3.5156250e+01
   2.0261480e+06   3.3020020e+01
   2.0267850e+06   3.1311035e+01
   2.0283900e+06   3.0395508e+01
   2.0304160e+06   2.9968262e+01
   2.0308310e+06   3.0700684e+01
   2.0373630e+06   3.0395508e+01
   2.0440180e+06   3.0273438e+01
   2.1119130e+06   4.4372559e+01
   2.1128680e+06   3.0761719e+01
   2.1150800e+06   3.1127930e+01
   2.1154870e+06   2.9663086e+01
   2.1155510e+06   3.4301758e+01
   2.1176630e+06   3.3325195e+01
   2.1208700e+06   4.7607422e+01
   2.1225120e+06   3.5095215e+01
   2.1239750e+06   4.0283203e+01
   2.1248190e+06   3.0700684e+01
   2.1343200e+06   3.0761719e+01
   2.1350710e+06   2.9907227e+01
   2.1566030e+06   3.1127930e+01
   2.1573740e+06   3.0578613e+01
   2.1586920e+06   3.2409668e+01
   2.1588870e+06   3.4179688e+01
   2.2010380e+06   2.9846191e+01
   2.2013200e+06   3.0090332e+01
   2.2014930e+06   3.0090332e+01
   2.2017500e+06   3.1555176e+01
   2.2027630e+06   3.1494141e+01
   2.2041540e+06   3.2653809e+01
   2.2449600e+06   3.7475586e+01
   2.2451810e+06   3.3386230e+01
   2.2455760e+06   3.0273438e+01
   2.2457980e+06   3.1982422e+01
   2.2472490e+06   3.0334473e+01
   2.2946750e+06   4.2663574e+01
   2.2947980e+06   3.1127930e+01
   2.3210090e+06   3.1311035e+01
   2.3607360e+06   3.0822754e+01
   2.3625470e+06   4.9621582e+01
   2.3628560e+06   3.2287598e+01
   2.3631640e+06   3.5583496e+01
   2.3633440e+06   3.4606934e+01
   2.3638860e+06   3.0578613e+01
   2.3639270e+06   3.5278320e+01
   2.3644740e+06   3.3508301e+01
   2.3645400e+06   3.4057617e+01
   2.3647030e+06   3.2043457e+01
   2.3651390e+06   3.0578613e+01
   2.3652930e+06   3.0395508e+01
   2.3655330e+06   2.9968262e+01
   2.3659110e+06   3.8574219e+01
   2.3663120e+06   3.3874512e+01
   2.3669140e+06   3.4667969e+01
   2.3677650e+06   3.1372070e+01
   2.3688320e+06   3.3813477e+01
   2.3693380e+06   3.1555176e+01
   2.3736440e+06   3.1311035e+01
   2.3769980e+06   2.9846191e+01
   2.3782410e+06   3.1860352e+01
   2.3793860e+06   4.0588379e+01
   2.4196130e+06   3.9245605e+01
   2.4237640e+06   3.2165527e+01
   2.4636010e+06   3.6621094e+01
   2.4638390e+06   3.0578613e+01
   2.4643170e+06   3.2958984e+01
   2.4657630e+06   3.3386230e+01
   2.4658040e+06   3.2775879e+01
   2.4668330e+06   2.9968262e+01
   2.4827360e+06   3.0639648e+01
   2.4829180e+06   2.9663086e+01
   2.5233890e+06   3.4790039e+01
   2.5234040e+06   4.3823242e+01
   2.5260500e+06   3.0334473e+01
   2.5265870e+06   4.4555664e+01
   2.5281830e+06   3.0761719e+01
   2.5319240e+06   3.1311035e+01
   2.5319940e+06   3.2287598e+01
   2.5335130e+06   2.9968262e+01
   2.5347820e+06   3.2104492e+01
   2.5567460e+06   3.1066895e+01
   2.5577870e+06   3.1188965e+01
   2.6273820e+06   3.0029297e+01
   2.6340960e+06   3.1738281e+01
   2.6342470e+06   3.2226562e+01
   2.6343770e+06   4.9316406e+01
   2.6346210e+06   3.4790039e+01
   2.6351660e+06   3.2836914e+01
   2.6543450e+06   3.0151367e+01
   2.6545020e+06   3.3203125e+01
   2.6553910e+06   3.4240723e+01
   2.6563570e+06   3.8818359e+01
   2.6571770e+06   3.3813477e+01
   2.6573600e+06   3.7414551e+01
   2.6575990e+06   3.7902832e+01
   2.6583520e+06   3.1066895e+01
   2.6583930e+06   3.5949707e+01
   2.6592020e+06   3.2958984e+01
   2.6593810e+06   3.2165527e+01
   2.6666480e+06   3.7719727e+01
   2.6671380e+06   3.5766602e+01
   2.6674530e+06   3.8330078e+01
   2.6684580e+06   3.4851074e+01
   2.6691620e+06   3.3020020e+01
   2.6692960e+06   3.0334473e+01
   2.6698940e+06   3.5888672e+01
   2.6699380e+06   3.4362793e+01
   2.6703420e+06   3.2836914e+01
   2.6709340e+06   3.0090332e+01
   2.6712500e+06   3.3569336e+01
   2.6723170e+06   3.4973145e+01
   2.6745610e+06   5.2429199e+01
   2.6756900e+06   3.1311035e+01
   2.6775440e+06   3.0151367e+01
   2.6878580e+06   3.1005859e+01
   2.6904230e+06   2.9846191e+01
   2.7779260e+06   3.0273438e+01
   2.7791820e+06   3.0395508e+01
   2.7800170e+06   3.3142090e+01
   2.7843570e+06   3.2043457e+01
   2.7847130e+06   3.5949707e+01
   2.7850430e+06   3.5095215e+01
   2.7851400e+06   3.0578613e+01
   2.8391160e+06   3.4667969e+01
   2.8402400e+06   3.7841797e+01
   2.8406100e+06   3.8208008e+01
   2.8407710e+06   3.0090332e+01
   2.8639490e+06   3.0944824e+01
   2.8642860e+06   2.9846191e+01
   2.8652190e+06   3.1921387e+01
   2.9056010e+06   3.3203125e+01
   2.9145930e+06   3.0090332e+01
   2.9452590e+06   3.2409668e+01
   2.9454210e+06   3.5339355e+01
   2.9457870e+06   3.0517578e+01
   2.9465810e+06   3.3447266e+01
   2.9466850e+06   3.2653809e+01
   2.9625300e+06   3.2043457e+01
   2.9924840e+06   4.0405273e+01
   2.9925700e+06   3.3813477e+01
   2.9929350e+06   3.6071777e+01
   2.9929740e+06   3.1616211e+01
   2.9930930e+06   3.1860352e+01
   2.9932130e+06   3.4301758e+01
   2.9932560e+06   3.5339355e+01
   2.9942710e+06   4.0039062e+01
   2.9948230e+06   3.2409668e+01
   2.9958110e+06   3.0029297e+01
   2.9959020e+06   3.7109375e+01
   2.9960360e+06   3.2409668e+01
   2.9961590e+06   1.4208984e+02
   2.9963370e+06   1.4428711e+02
   2.9965150e+06   3.2348633e+01
   2.9967810e+06   1.1871338e+02
   2.9969230e+06   1.1505127e+02
   2.9970350e+06   3.3203125e+01
   2.9972360e+06   1.1145020e+02
   2.9974740e+06   1.0144043e+02
   2.9979450e+06   1.3500977e+02
   3.0033170e+06   2.9479980e+01
   3.0233360e+06   3.9184570e+01
   3.0245590e+06   3.1433105e+01
   3.0247720e+06   3.3508301e+01
   3.0518240e+06   3.4912109e+01
   3.1057450e+06   2.9846191e+01
   3.1060520e+06   3.4240723e+01
   3.1068160e+06   2.9785156e+01
   3.1081540e+06   3.5888672e+01
   3.1093100e+06   2.9907227e+01
   3.1095930e+06   2.9174805e+01
   3.1155580e+06   2.9479980e+01
   3.1242640e+06   2.9785156e+01
   3.1262870e+06   2.9296875e+01
   3.1289440e+06   2.9479980e+01
   3.1708460e+06   2.9846191e+01
   3.1715450e+06   2.9479980e+01
   3.1728160e+06   3.0517578e+01
   3.1939980e+06   3.2897949e+01
   3.1942280e+06   2.9174805e+01
   3.1964240e+06   3.9855957e+01
   3.2378420e+06   3.2714844e+01
   3.2381400e+06   3.2104492e+01
   3.2381780e+06   2.9113770e+01
   3.2390370e+06   2.9113770e+01
   3.2403130e+06   3.0273437e+01
   3.2451470e+06   2.9174805e+01
   3.2627410e+06   3.0639648e+01
   3.2628780e+06   3.6010742e+01
   3.2631340e+06   3.5278320e+01
   3.2643240e+06   2.9541016e+01
   3.2654080e+06   3.2836914e+01
   3.2915890e+06   3.1311035e+01
   3.2917020e+06   2.9602051e+01
   3.2935040e+06   3.1677246e+01
   3.2953700e+06   3.1677246e+01
   3.3089280e+06   3.3325195e+01
   3.3091290e+06   3.1494141e+01
   3.3105110e+06   3.0944824e+01
   3.3254260e+06   3.0151367e+01
   3.3256880e+06   2.9846191e+01
   3.3262660e+06   3.0029297e+01
   3.3265580e+06   3.1066895e+01
   3.3603040e+06   3.1616211e+01
   3.3604290e+06   3.1372070e+01
   3.3606070e+06   3.6254883e+01
   3.4263470e+06   3.4545898e+01
   3.4307200e+06   3.0334473e+01
   3.4317540e+06   3.3935547e+01
   3.4317730e+06   3.3508301e+01
   3.4318790e+06   2.9907227e+01
   3.4322270e+06   3.6437988e+01
   3.4322910e+06   3.3691406e+01
   3.4323930e+06   3.2165527e+01
   3.4324050e+06   4.3518066e+01
   3.4325070e+06   3.3874512e+01
   3.4325460e+06   1.2261963e+02
   3.4328090e+06   3.1799316e+01
   3.4328470e+06   3.5949707e+01
   3.4328640e+06   1.1993408e+02
   3.4328750e+06   3.1250000e+01
   3.4329290e+06   2.9357910e+01
   3.4330190e+06   3.7536621e+01
   3.4330330e+06   3.1311035e+01
   3.4332140e+06   1.1187744e+02
   3.4332300e+06   3.8391113e+01
   3.4334020e+06   1.2744141e+02
   3.4334930e+06   9.9548340e+01
   3.4336250e+06   9.5886230e+01
   3.4337280e+06   3.6560059e+01
   3.4337670e+06   1.1383057e+02
   3.4338970e+06   9.3444824e+01
   3.4339910e+06   9.7656250e+01
   3.4340830e+06   8.7829590e+01
   3.4342000e+06   8.0932617e+01
   3.4342930e+06   3.3935547e+01
   3.4343100e+06   9.0942383e+01
   3.4344340e+06   1.0412598e+02
   3.4345740e+06   8.9233398e+01
   3.4346960e+06   9.1857910e+01
   3.4347850e+06   7.3974609e+01
   3.4349120e+06   9.2529297e+01
   3.4350690e+06   9.6618652e+01
   3.4351450e+06   3.0456543e+01
   3.4352240e+06   8.8623047e+01
   3.4353680e+06   1.1743164e+02
   3.4355160e+06   9.3566895e+01
   3.4356860e+06   9.3994141e+01
   3.4358610e+06   1.0986328e+02
   3.4360400e+06   9.3627930e+01
   3.4364850e+06   9.2346191e+01
   3.4368740e+06   2.9113770e+01
   3.4372430e+06   1.1480713e+02
   3.4372530e+06   3.4423828e+01
   3.4374020e+06   3.0578613e+01
   3.4403080e+06   3.0456543e+01
   3.5340180e+06   2.9235840e+01
   3.5342240e+06   2.9235840e+01
   3.5342770e+06   3.1921387e+01
   3.5343450e+06   3.1616211e+01
   3.5343710e+06   5.1452637e+01
   3.5344310e+06   3.3386230e+01
   3.5344450e+06   1.4392090e+02
   3.5344960e+06   3.3081055e+01
   3.5349430e+06   3.1616211e+01
   3.5351000e+06   3.1982422e+01
   3.5352860e+06   1.3330078e+02
   3.5354930e+06   1.2908936e+02
   3.5355040e+06   3.2897949e+01
   3.5356330e+06   3.6804199e+01
   3.5356560e+06   1.3220215e+02
   3.5357650e+06   3.2287598e+01
   3.5358280e+06   1.3287354e+02
   3.5360360e+06   5.5419922e+01
   3.5360930e+06   1.3494873e+02
   3.5362090e+06   9.4970703e+01
   3.5363420e+06   1.2603760e+02
   3.5363890e+06   3.1494141e+01
   3.5364350e+06   3.3142090e+01
   3.5366150e+06   8.9294434e+01
   3.5367460e+06   9.6435547e+01
   3.5369210e+06   1.2377930e+02
   3.5370320e+06   4.0222168e+01
   3.5370430e+06   3.9001465e+01
   3.5372140e+06   9.6923828e+01
   3.5374340e+06   3.0639648e+01
   3.5377020e+06   1.0937500e+02
   3.5377160e+06   3.0578613e+01
   3.5378010e+06   4.1015625e+01
   3.5379290e+06   1.2255859e+02
   3.5384960e+06   1.1541748e+02
   3.5386340e+06   3.3264160e+01
   3.5388240e+06   9.5397949e+01
   3.5388370e+06   3.9184570e+01
   3.5397770e+06   3.0212402e+01
   3.5398240e+06   1.0644531e+02
   3.5398340e+06   3.9794922e+01
   3.5410450e+06   1.1938477e+02
   3.5410570e+06   4.2663574e+01
   3.5455170e+06   3.4545898e+01
   3.5481130e+06   3.1250000e+01
   3.6813020e+06   2.9663086e+01
   3.6815840e+06   2.9296875e+01
   3.6818960e+06   1.6442871e+02
   3.6819070e+06   3.5522461e+01
   3.6820290e+06   3.2653809e+01
   3.6820470e+06   3.2958984e+01
   3.6821140e+06   4.1687012e+01
   3.6821320e+06   9.2407227e+01
   3.6822110e+06   3.7170410e+01
   3.6822220e+06   1.0180664e+02
   3.6823980e+06   3.7902832e+01
   3.6825260e+06   3.5034180e+01
   3.6825510e+06   1.0247803e+02
   3.6827790e+06   1.0418701e+02
   3.6827920e+06   4.1503906e+01
   3.6828880e+06   1.1993408e+02
   3.6830580e+06   1.2066650e+02
   3.6831900e+06   3.5888672e+01
   3.6832420e+06   3.1616211e+01
   3.6833910e+06   1.3671875e+02
   3.6835860e+06   1.1016846e+02
   3.6835980e+06   2.9907227e+01
   3.6837340e+06   1.0632324e+02
   3.6838270e+06   3.6560059e+01
   3.6839550e+06   1.1895752e+02
   3.6840890e+06   1.1584473e+02
   3.6842670e+06   1.0180664e+02
   3.6843820e+06   3.7658691e+01
   3.6844200e+06   1.1029053e+02
   3.6845620e+06   4.2114258e+01
   3.6847480e+06   9.4360352e+01
   3.6848630e+06   9.7778320e+01
   3.6850080e+06   1.0858154e+02
   3.6851480e+06   1.1199951e+02
   3.6852950e+06   1.0736084e+02
   3.6855430e+06   3.8696289e+01
   3.6857080e+06   1.0284424e+02
   3.6858100e+06   4.0222168e+01
   3.6859240e+06   1.0089111e+02
   3.6859390e+06   2.9907227e+01
   3.6861020e+06   1.0028076e+02
   3.6864820e+06   9.6618652e+01
   3.6871870e+06   2.9296875e+01
   3.6885430e+06   1.0559082e+02
   3.6885530e+06   3.3203125e+01
   3.6918220e+06   3.1921387e+01
   3.7728650e+06   3.8208008e+01
   3.7728980e+06   2.9113770e+01
   3.7730110e+06   3.9306641e+01
   3.7730210e+06   3.6193848e+01
   3.7731810e+06   3.8269043e+01
   3.7741380e+06   3.1677246e+01
   3.7742310e+06   1.1944580e+02
   3.7742410e+06   3.7109375e+01
   3.7743690e+06   3.3569336e+01
   3.7744990e+06   2.9479980e+01
   3.7745880e+06   3.3020020e+01
   3.7746300e+06   1.3916016e+02
   3.7746420e+06   3.0700684e+01
   3.7752820e+06   2.9724121e+01
   3.7753560e+06   3.2836914e+01
   3.7756080e+06   1.0742188e+02
   3.7756180e+06   3.8696289e+01
   3.7756500e+06   3.7597656e+01
   3.7758970e+06   2.9846191e+01
   3.7762450e+06   3.3020020e+01
   3.7765170e+06   3.0334473e+01
   3.7770830e+06   3.5888672e+01
   3.7779760e+06   3.0395508e+01
   3.8371250e+06   3.7658691e+01
   3.8372120e+06   3.0334473e+01
   3.8372310e+06   3.3020020e+01
   3.8373120e+06   3.9855957e+01
   3.8373320e+06   1.1187744e+02
   3.8376910e+06   9.7778320e+01
   3.8377080e+06   4.1076660e+01
   3.8378680e+06   3.6621094e+01
   3.8379820e+06   3.1127930e+01
   3.8381360e+06   1.0742188e+02
   3.8382410e+06   3.2836914e+01
   3.8384380e+06   1.0253906e+02
   3.8384500e+06   3.6621094e+01
   3.8385500e+06   3.5217285e+01
   3.8385960e+06   3.3020020e+01
   3.8388230e+06   3.1494141e+01
   3.8389640e+06   2.9479980e+01
   3.8390990e+06   1.3415527e+02
   3.8391110e+06   3.6987305e+01
   3.8393240e+06   3.6437988e+01
   3.8393370e+06   3.1372070e+01
   3.8394440e+06   4.5837402e+01
   3.8394570e+06   3.5827637e+01
   3.8396110e+06   1.0534668e+02
   3.8396270e+06   3.0395508e+01
   3.8397320e+06   1.1486816e+02
   3.8397860e+06   3.2958984e+01
   3.8398810e+06   1.2207031e+02
   3.8399740e+06   3.6193848e+01
   3.8400110e+06   1.1486816e+02
   3.8400290e+06   2.9479980e+01
   3.8401480e+06   2.9113770e+01
   3.8402170e+06   1.2243652e+02
   3.8403130e+06   3.7780762e+01
   3.8403890e+06   9.3078613e+01
   3.8406130e+06   3.1799316e+01
   3.8406320e+06   9.9548340e+01
   3.8409570e+06   1.1059570e+02
   3.8409690e+06   3.3691406e+01
   3.8415430e+06   1.3244629e+02
   3.8415550e+06   4.7851562e+01
   3.8925520e+06   3.6010742e+01
   3.8926580e+06   1.6351318e+02
   3.8927340e+06   1.4715576e+02
   3.8928240e+06   3.6682129e+01
   3.8928400e+06   3.9611816e+01
   3.8928790e+06   1.0369873e+02
   3.8929610e+06   3.1738281e+01
   3.8929870e+06   1.2738037e+02
   3.8930120e+06   3.0212402e+01
   3.8931950e+06   3.0578613e+01
   3.8934400e+06   1.0778809e+02
   3.8935380e+06   3.1433105e+01
   3.8936720e+06   1.1267090e+02
   3.8938200e+06   1.2005615e+02
   3.8941760e+06   1.1175537e+02
   3.8942580e+06   3.1860352e+01
   3.8943910e+06   3.3325195e+01
   3.8945260e+06   1.0406494e+02
   3.8947100e+06   3.2836914e+01
   3.8948330e+06   1.1047363e+02
   3.8951980e+06   1.0473633e+02
   3.8955030e+06   1.1639404e+02
   3.8955130e+06   3.0212402e+01
   3.8959060e+06   8.4289551e+01
   3.8959160e+06   4.4616699e+01
   3.8960340e+06   3.0151367e+01
   3.8962960e+06   1.2762451e+02
   3.8974520e+06   2.9785156e+01
   3.8976750e+06   2.9296875e+01
   3.8982100e+06   3.3874512e+01
   3.8993170e+06   3.0273438e+01
   3.9245250e+06   1.2689209e+02
   3.9245910e+06   2.9602051e+01
   3.9246790e+06   3.3142090e+01
   3.9248630e+06   1.2731934e+02
   3.9252500e+06   3.3691406e+01
   3.9253170e+06   3.7597656e+01
   3.9258340e+06   3.1188965e+01
   3.9857880e+06   4.0771484e+01
   3.9872260e+06   3.3447266e+01
   3.9873110e+06   3.2348633e+01
   3.9873650e+06   3.0578613e+01
   3.9873780e+06   4.6020508e+01
   3.9874290e+06   3.7353516e+01
   3.9874750e+06   1.3269043e+02
   3.9875610e+06   4.8706055e+01
   3.9876900e+06   1.0498047e+02
   3.9877260e+06   3.6376953e+01
   3.9877830e+06   1.1248779e+02
   3.9879090e+06   3.0151367e+01
   3.9879450e+06   1.1187744e+02
   3.9880820e+06   1.3580322e+02
   3.9881480e+06   3.4484863e+01
   3.9882500e+06   1.0064697e+02
   3.9883420e+06   4.1442871e+01
   3.9884100e+06   9.5031738e+01
   3.9885220e+06   3.2714844e+01
   3.9885350e+06   1.0522461e+02
   3.9886410e+06   3.3996582e+01
   3.9886890e+06   1.3256836e+02
   3.9888010e+06   8.9355469e+01
   3.9889050e+06   3.6132812e+01
   3.9889970e+06   1.0858154e+02
   3.9891870e+06   9.9975586e+01
   3.9892790e+06   3.5949707e+01
   3.9893110e+06   1.0589600e+02
   3.9893370e+06   3.6804199e+01
   3.9894510e+06   9.1003418e+01
   3.9895880e+06   9.2285156e+01
   3.9896090e+06   3.0212402e+01
   3.9897360e+06   9.0026855e+01
   3.9898930e+06   1.0577393e+02
   3.9899930e+06   3.0517578e+01
   3.9900890e+06   9.1918945e+01
   3.9901930e+06   3.0700684e+01
   3.9902710e+06   9.8693848e+01
   3.9904890e+06   1.0693359e+02
   3.9906310e+06   9.6008301e+01
   3.9907680e+06   1.0400391e+02
   3.9909140e+06   1.1523437e+02
   3.9911590e+06   9.8754883e+01
   3.9915270e+06   9.4665527e+01
   3.9915660e+06   3.6621094e+01
   3.9918380e+06   9.1491699e+01
   3.9921480e+06   8.7951660e+01
   3.9929430e+06   3.0395508e+01
   3.9940280e+06   1.0217285e+02
   3.9940390e+06   4.6936035e+01
   3.9944840e+06   3.1005859e+01
   4.0852880e+06   3.5339355e+01
   4.0853080e+06   3.1066895e+01
   4.0854790e+06   3.0883789e+01
   4.0856140e+06   3.1616211e+01
   4.0856840e+06   1.2463379e+02
   4.0857120e+06   4.4921875e+01
   4.1230930e+06   2.9296875e+01
   4.1232460e+06   3.1372070e+01
   4.1233570e+06   3.6560059e+01
   4.1233680e+06   3.0639648e+01
   4.1438390e+06   3.3447266e+01
   4.1438640e+06   4.0405273e+01
   4.1742450e+06   2.9907227e+01
   4.1745260e+06   3.4301758e+01
   4.1746880e+06   2.9418945e+01
   4.1750730e+06   3.2165527e+01
   4.1971130e+06   3.6315918e+01
   4.1973570e+06   3.3203125e+01
   4.1975700e+06   3.0395508e+01
   4.1980190e+06   2.9296875e+01
   4.2008930e+06   2.9968262e+01
   4.2231170e+06   2.9907227e+01
   4.2388730e+06   2.9785156e+01
   4.2390220e+06   3.1982422e+01
   4.2391110e+06   3.5827637e+01
   4.2391730e+06   3.8085938e+01
   4.2392000e+06   1.3806152e+02
   4.2392840e+06   1.2371826e+02
   4.2393120e+06   3.0334473e+01
   4.2394380e+06   3.1860352e+01
   4.2396910e+06   2.9296875e+01
   4.2398420e+06   1.3873291e+02
   4.2398520e+06   3.5461426e+01
   4.2400950e+06   3.0456543e+01
   4.2401810e+06   3.1860352e+01
   4.2404610e+06   3.1799316e+01
   4.2408420e+06   3.2287598e+01
   4.2422030e+06   3.0578613e+01
   4.2443060e+06   3.4912109e+01
   4.2522590e+06   3.3325195e+01
   4.2531760e+06   4.0405273e+01
   4.2532770e+06   3.6010742e+01
   4.2536500e+06   3.3752441e+01
   4.2539740e+06   3.7109375e+01
   4.2544080e+06   3.2226562e+01
   4.2545730e+06   3.3325195e+01
   4.2552910e+06   3.0639648e+01
   4.2555360e+06   3.2958984e+01
   4.2559900e+06   3.1799316e+01
   4.2560530e+06   3.0700684e+01
   4.2567250e+06   2.9541016e+01
   4.2568720e+06   3.3020020e+01
   4.3295520e+06   3.0700684e+01
   4.3296340e+06   3.0334473e+01
   4.3300610e+06   3.2897949e+01
   4.3301400e+06   3.1311035e+01
   4.3304070e+06   3.0639648e+01
   4.3305850e+06   3.1555176e+01
   4.3306250e+06   3.4545898e+01
   4.3308240e+06   1.5368652e+02
   4.3318910e+06   3.1372070e+01
   4.3320300e+06   4.0100098e+01
   4.3320510e+06   3.0517578e+01
   4.3321240e+06   3.1982422e+01
   4.3321720e+06   3.0944824e+01
   4.3322150e+06   5.4016113e+01
   4.3323770e+06   1.1578369e+02
   4.3323940e+06   3.0578613e+01
   4.3581070e+06   3.3081055e+01
   4.3591610e+06   3.0029297e+01
   4.3596520e+06   3.0517578e+01
   4.3598610e+06   3.0334473e+01
   4.3665180e+06   3.5766602e+01
   4.3680460e+06   3.0944824e+01
   4.3685680e+06   3.0700684e+01
   4.3711830e+06   3.1311035e+01
   4.3760760e+06   2.9724121e+01
   4.3852700e+06   3.0639648e+01
   4.3887210e+06   2.9479980e+01
   4.3905940e+06   3.3142090e+01
   4.3973640e+06   2.9846191e+01
   4.4051260e+06   3.1860352e+01
   4.4152010e+06   3.3813477e+01
   4.4240390e+06   3.1005859e+01
   4.4246610e+06   3.4118652e+01
   4.4253430e+06   3.1311035e+01
   4.4647340e+06   3.5705566e+01
   4.4648430e+06   3.4240723e+01
   4.4649510e+06   3.5705566e+01
   4.4655080e+06   3.2165527e+01
   4.4708390e+06   3.5461426e+01
   4.4726340e+06   3.0578613e+01
   4.4830320e+06   2.9235840e+01
   4.5130780e+06   2.9541016e+01
   4.5288710e+06   2.9418945e+01
   4.5514560e+06   3.6743164e+01
   4.5516000e+06   3.1066895e+01
   4.5544580e+06   3.1005859e+01
   4.6025120e+06   3.1188965e+01
   4.6062780e+06   3.1127930e+01
   4.6074800e+06   3.3630371e+01
   4.6115930e+06   2.9846191e+01
   4.6280390e+06   2.9785156e+01
   4.6287420e+06   3.1799316e+01
   4.6496120e+06   3.2714844e+01
   4.6500090e+06   3.2714844e+01
   4.6502900e+06   3.7658691e+01
   4.6525550e+06   3.1738281e+01
   4.6552160e+06   3.0395508e+01
   4.6762400e+06   3.7109375e+01
   4.6785720e+06   3.0883789e+01
   4.6836350e+06   3.0639648e+01
   4.7011810e+06   3.0029297e+01
   4.7035520e+06   3.0822754e+01
   4.7271420e+06   3.2775879e+01
   4.7276300e+06   3.0883789e+01
   4.7286310e+06   3.1799316e+01
   4.7345690e+06   2.9724121e+01
   4.7642040e+06   3.0700684e+01
   4.7664820e+06   2.9846191e+01
   4.7668500e+06   3.0334473e+01
   4.7674480e+06   3.1127930e+01
   4.8105660e+06   3.7231445e+01
   4.8108630e+06   3.3203125e+01
   4.8181760e+06   3.1250000e+01
   4.8213630e+06   3.0395508e+01
   4.8504270e+06   3.6254883e+01
   4.8505790e+06   3.0090332e+01
   4.8517570e+06   2.9174805e+01
   4.8539960e+06   2.9846191e+01
   4.8961770e+06   2.9663086e+01
   4.8963810e+06   3.2958984e+01
   4.9030940e+06   3.0639648e+01
   4.9063750e+06   3.6193848e+01
   4.9215100e+06   2.9113770e+01
   4.9379520e+06   3.0700684e+01
   4.9381290e+06   3.1250000e+01
   4.9390660e+06   3.7719727e+01
   4.9396520e+06   3.1372070e+01
   4.9677130e+06   3.4240723e+01
   4.9687430e+06   3.0334473e+01
   4.9695000e+06   3.5766602e+01
   4.9716870e+06   3.1555176e+01
   4.9750780e+06   2.9174805e+01
   4.9754720e+06   3.1616211e+01
   4.9988000e+06   3.2043457e+01
   4.9994210e+06   3.1311035e+01
   5.0323870e+06   2.9113770e+01
   5.0327140e+06   3.4240723e+01
   5.0329290e+06   3.5705566e+01
   5.0337320e+06   3.0212402e+01
   5.0346320e+06   2.9846191e+01
   5.0598450e+06   3.2592773e+01
   5.0605330e+06   3.0212402e+01
   5.0629510e+06   2.9235840e+01
   5.0932450e+06   2.9357910e+01
   5.0934310e+06   2.9724121e+01
   5.0949340e+06   3.1555176e+01
   5.1494150e+06   3.0273437e+01
   5.1496450e+06   2.9541016e+01
   5.1553110e+06   3.1555176e+01
   5.1559370e+06   3.0822754e+01
   5.1589010e+06   2.9968262e+01
   5.1627810e+06   2.9418945e+01
   5.1628250e+06   2.9968262e+01
   5.1882280e+06   3.4851074e+01
   5.1884040e+06   3.6254883e+01
   5.2051120e+06   3.0456543e+01
   5.2059150e+06   3.5339355e+01
   5.2059310e+06   3.9428711e+01
   5.2069630e+06   2.9113770e+01
   5.2423570e+06   3.0212402e+01
   5.2424660e+06   3.2592773e+01
   5.2430600e+06   3.2958984e+01
   5.2723100e+06   2.9296875e+01
   5.2729210e+06   3.9794922e+01
   5.2730350e+06   3.3264160e+01
   5.2833120e+06   3.2470703e+01
   5.2837000e+06   3.4057617e+01
   5.2837200e+06   4.2663574e+01
   5.2837930e+06   3.0395508e+01
   5.2838440e+06   3.9123535e+01
   5.2840100e+06   3.7780762e+01
   5.2840400e+06   3.1433105e+01
   5.2842120e+06   1.1285400e+02
   5.2844590e+06   2.9479980e+01
   5.2845800e+06   2.9174805e+01
   5.2847470e+06   3.1066895e+01
   5.2857030e+06   2.9663086e+01
   5.2860880e+06   3.2470703e+01
   5.2869150e+06   3.2470703e+01
   5.2870820e+06   3.0273438e+01
   5.2870940e+06   3.0517578e+01
   5.2873940e+06   1.3311768e+02
   5.2876840e+06   1.2579346e+02
   5.2879260e+06   3.0822754e+01
   5.2888250e+06   3.0029297e+01
   5.2899470e+06   3.0456543e+01
   5.3970530e+06   3.2287598e+01
   5.3971920e+06   3.2653809e+01
   5.4200240e+06   3.6499023e+01
   5.4200690e+06   3.1066895e+01
   5.4210370e+06   4.4067383e+01
   5.4211180e+06   3.9062500e+01
   5.4212250e+06   3.6010742e+01
   5.4212380e+06   3.8085938e+01
   5.4212880e+06   3.4973145e+01
   5.4213850e+06   1.2042236e+02
   5.4849260e+06   4.0039063e+01
   5.4850760e+06   2.9968262e+01
   5.4851220e+06   3.3813477e+01
   5.4851670e+06   4.4006348e+01
   5.4852100e+06   4.5593262e+01
   5.4853040e+06   9.3505859e+01
   5.4853270e+06   3.8085938e+01
   5.4854460e+06   1.0668945e+02
   5.4856930e+06   1.0668945e+02
   5.4858200e+06   2.9663086e+01
   5.4860130e+06   1.2542725e+02
   5.4860250e+06   4.3823242e+01
   5.4861480e+06   2.9968262e+01
   5.4863110e+06   3.0517578e+01
   5.4863330e+06   1.3159180e+02
   5.4863510e+06   3.0456543e+01
   5.4865340e+06   3.3447266e+01
   5.4867990e+06   3.4912109e+01
   5.4868260e+06   1.0894775e+02
   5.4868540e+06   3.7292480e+01
   5.4871690e+06   1.1871338e+02
   5.4872240e+06   3.5339355e+01
   5.4873200e+06   3.3447266e+01
   5.4875940e+06   1.1383057e+02
   5.4878270e+06   1.1572266e+02
   5.4878580e+06   3.2348633e+01
   5.4879330e+06   3.8208008e+01
   5.4879900e+06   3.4057617e+01
   5.4881300e+06   1.1437988e+02
   5.4881740e+06   4.6569824e+01
   5.4882620e+06   9.9426270e+01
   5.4882740e+06   3.0761719e+01
   5.4884490e+06   1.0974121e+02
   5.4885990e+06   1.0418701e+02
   5.4887320e+06   3.8879395e+01
   5.4887520e+06   1.2646484e+02
   5.4890430e+06   3.2653809e+01
   5.4890580e+06   1.0650635e+02
   5.4892640e+06   9.0515137e+01
   5.4892760e+06   3.1005859e+01
   5.4895300e+06   1.0479736e+02
   5.4895990e+06   3.8024902e+01
   5.4898320e+06   1.1224365e+02
   5.4902170e+06   3.0639648e+01
   5.4909170e+06   1.0589600e+02
   5.4909290e+06   3.9672852e+01
   5.4956640e+06   3.3325195e+01
   5.5794980e+06   3.3935547e+01
   5.5796290e+06   3.4851074e+01
   5.5800390e+06   3.9062500e+01
   5.5801400e+06   1.0961914e+02
   5.6195530e+06   3.2958984e+01
   5.6337780e+06   4.5837402e+01
   5.6339340e+06   3.0395508e+01
   5.6339750e+06   3.5339355e+01
   5.6339960e+06   1.4135742e+02
   5.6340680e+06   3.4118652e+01
   5.6340860e+06   3.0578613e+01
   5.6341150e+06   1.0327148e+02
   5.6342060e+06   3.2226563e+01
   5.6342330e+06   3.2836914e+01
   5.6343190e+06   2.9357910e+01
   5.6346660e+06   3.5705566e+01
   5.6347440e+06   1.0723877e+02
   5.6347550e+06   3.8146973e+01
   5.6348720e+06   3.3203125e+01
   5.6350500e+06   3.0883789e+01
   5.6354840e+06   3.1066895e+01
   5.6356170e+06   3.3447266e+01
   5.6356530e+06   4.1015625e+01
   5.6358180e+06   1.2457275e+02
   5.6358300e+06   4.1198730e+01
   5.6359810e+06   1.3159180e+02
   5.6363270e+06   1.3061523e+02
   5.6363410e+06   3.6987305e+01
   5.6365960e+06   3.4423828e+01
   5.6366740e+06   1.1798096e+02
   5.6368370e+06   3.1005859e+01
   5.6369840e+06   2.9296875e+01
   5.6370480e+06   1.3238525e+02
   5.6370640e+06   3.5583496e+01
   5.6371940e+06   3.2165527e+01
   5.6373130e+06   1.3732910e+02
   5.6373230e+06   3.1921387e+01
   5.6375710e+06   1.0174561e+02
   5.6381110e+06   1.0815430e+02
   5.6381220e+06   3.7841797e+01
   5.6383320e+06   3.4729004e+01
   5.6384220e+06   3.1738281e+01
   5.6384440e+06   1.2371826e+02
   5.6384540e+06   3.9245605e+01
   5.6392770e+06   2.9541016e+01
   5.6392910e+06   3.8146973e+01
   5.6397320e+06   3.1127930e+01
   5.6410970e+06   3.5339355e+01
   5.6440930e+06   2.9296875e+01
   5.7045680e+06   3.2653809e+01
   5.7045790e+06   3.5339355e+01
   5.7046560e+06   1.4776611e+02
   5.7046700e+06   3.1982422e+01
   5.7046990e+06   3.3264160e+01
   5.7047400e+06   3.3874512e+01
   5.7047760e+06   1.4080811e+02
   5.7053350e+06   3.1188965e+01
   5.7056840e+06   3.2226563e+01
   5.7059040e+06   3.9733887e+01
   5.7061380e+06   3.0517578e+01
   5.7061590e+06   1.3525391e+02
   5.7061720e+06   3.3142090e+01
   5.7066800e+06   3.3203125e+01
   5.7068440e+06   1.5972900e+02
   5.7068550e+06   4.6813965e+01
   5.7073630e+06   3.2592773e+01
   5.7073810e+06   3.7780762e+01
   5.7076140e+06   2.9724121e+01
   5.7077690e+06   1.3500977e+02
   5.7079580e+06   1.0626221e+02
   5.7081370e+06   1.1700439e+02
   5.7082910e+06   1.0791016e+02
   5.7085440e+06   1.2817383e+02
   5.7086480e+06   3.6315918e+01
   5.7088900e+06   1.0949707e+02
   5.7090580e+06   1.2176514e+02
   5.7094810e+06   1.1511230e+02
   5.7094920e+06   3.7109375e+01
   5.7097130e+06   3.2958984e+01
   5.7099100e+06   3.6987305e+01
   5.7105400e+06   3.0273438e+01
   5.7116250e+06   3.0456543e+01
   5.7116380e+06   4.5715332e+01
   5.7152090e+06   2.9296875e+01
   5.8102300e+06   2.9418945e+01
   5.8105270e+06   3.0395508e+01
   5.8111850e+06   2.9602051e+01
   5.8124470e+06   2.9418945e+01
   5.8378240e+06   3.7719727e+01
   5.8378970e+06   4.6203613e+01
   5.8379170e+06   3.3752441e+01
   5.8379280e+06   3.3142090e+01
   5.8380040e+06   3.5400391e+01
   5.8380400e+06   2.9174805e+01
   5.8380500e+06   1.1004639e+02
   5.8380870e+06   3.7353516e+01
   5.8386490e+06   1.1145020e+02
   5.8386590e+06   4.2785645e+01
   5.8388370e+06   3.8269043e+01
   5.8389640e+06   1.2902832e+02
   5.8390990e+06   3.3630371e+01
   5.8393030e+06   3.3508301e+01
   5.8393850e+06   1.2731934e+02
   5.8395920e+06   3.2287598e+01
   5.8398980e+06   3.0761719e+01
   5.8402410e+06   2.9418945e+01
   5.8405590e+06   3.5766602e+01
   5.9213450e+06   3.3752441e+01
   5.9319760e+06   4.1503906e+01
   5.9321080e+06   3.5278320e+01
   5.9322440e+06   3.0334473e+01
   5.9322590e+06   4.0466309e+01
   5.9323890e+06   3.0151367e+01
   5.9324050e+06   1.3110352e+02
   5.9324640e+06   3.0517578e+01
   5.9324940e+06   1.0949707e+02
   5.9325310e+06   2.9541016e+01
   5.9326610e+06   1.3690186e+02
   5.9328990e+06   1.1523437e+02
   5.9331280e+06   1.1877441e+02
   5.9333720e+06   3.2653809e+01
   5.9336380e+06   1.0870361e+02
   5.9336490e+06   3.8513184e+01
   5.9337730e+06   3.1005859e+01
   5.9345690e+06   1.2243652e+02
   5.9345800e+06   5.1452637e+01
   5.9348420e+06   1.1889648e+02
   5.9348520e+06   3.7292480e+01
   5.9351760e+06   1.1968994e+02
   5.9353300e+06   3.9428711e+01
   5.9353450e+06   1.0443115e+02
   5.9354890e+06   3.6254883e+01
   5.9355890e+06   8.8928223e+01
   5.9356040e+06   3.3691406e+01
   5.9359190e+06   3.0822754e+01
   5.9359520e+06   1.2005615e+02
   5.9359630e+06   3.0761719e+01
   5.9362570e+06   1.1102295e+02
   5.9371160e+06   1.4324951e+02
   5.9371290e+06   3.8940430e+01
   6.0006650e+06   3.7597656e+01
   6.0006770e+06   3.4851074e+01
   6.0007840e+06   3.7475586e+01
   6.0008310e+06   3.6804199e+01
   6.0008980e+06   3.8024902e+01
   6.0009110e+06   3.2897949e+01
   6.0009520e+06   3.2348633e+01
   6.0010220e+06   3.5400391e+01
   6.0010510e+06   4.5410156e+01
   6.0010710e+06   1.1083984e+02
   6.0014880e+06   3.3813477e+01
   6.0016790e+06   3.3935547e+01
   6.0019970e+06   3.2775879e+01
   6.0020130e+06   3.1860352e+01
   6.0024190e+06   4.4128418e+01
   6.0024360e+06   1.5258789e+02
   6.0025140e+06   3.3874512e+01
   6.0026110e+06   3.3691406e+01
   6.0027730e+06   1.1956787e+02
   6.0028900e+06   3.1494141e+01
   6.0030340e+06   3.7170410e+01
   6.0031700e+06   3.1005859e+01
   6.0032900e+06   3.0090332e+01
   6.0033290e+06   3.2043457e+01
   6.0035020e+06   1.0656738e+02
   6.0035120e+06   3.3508301e+01
   6.0035500e+06   3.1494141e+01
   6.0035620e+06   3.0639648e+01
   6.0036990e+06   2.8686523e+01
   6.0037760e+06   1.0803223e+02
   6.0039310e+06   1.0955811e+02
   6.0040750e+06   9.0637207e+01
   6.0042780e+06   1.0858154e+02
   6.0043180e+06   2.9724121e+01
   6.0044750e+06   1.1199951e+02
   6.0045740e+06   2.8747559e+01
   6.0047130e+06   8.6364746e+01
   6.0049550e+06   3.3935547e+01
   6.0052080e+06   3.5827637e+01
   6.0052220e+06   1.2341309e+02
   6.0054540e+06   3.3569336e+01
   6.0055910e+06   1.0589600e+02
   6.0061220e+06   1.1791992e+02
   6.0061330e+06   3.9428711e+01
   6.0073470e+06   3.0395508e+01
   6.0503350e+06   3.4179688e+01
   6.0504090e+06   3.5522461e+01
   6.0504340e+06   1.4862061e+02
   6.0505090e+06   3.9245605e+01
   6.0505340e+06   1.1004639e+02
   6.0506520e+06   3.2836914e+01
   6.0506760e+06   3.0273438e+01
   6.0507030e+06   2.9602051e+01
   6.0507390e+06   2.9846191e+01
   6.0509850e+06   3.1066895e+01
   6.0517160e+06   4.1137695e+01
   6.0518490e+06   1.4721680e+02
   6.0518630e+06   4.4860840e+01
   6.0520740e+06   2.8747559e+01
   6.0522800e+06   1.4025879e+02
   6.0522920e+06   3.4545898e+01
   6.0526500e+06   3.4301758e+01
   6.0527020e+06   1.1401367e+02
   6.0527120e+06   3.1738281e+01
   6.0528420e+06   2.9052734e+01
   6.0530500e+06   1.1779785e+02
   6.0530620e+06   4.0954590e+01
   6.0532750e+06   3.1799316e+01
   6.0534600e+06   3.2897949e+01
   6.0534990e+06   1.0791016e+02
   6.0535100e+06   3.8513184e+01
   6.0537980e+06   9.3383789e+01
   6.0538370e+06   2.8869629e+01
   6.0538900e+06   2.8686523e+01
   6.0540840e+06   1.1938477e+02
   6.0541430e+06   2.9724121e+01
   6.0542740e+06   3.4545898e+01
   6.0548290e+06   1.2481689e+02
   6.0548390e+06   3.0944824e+01
   6.0553350e+06   1.2670898e+02
   6.0553450e+06   3.8696289e+01
   6.0805450e+06   2.9357910e+01
   6.0805740e+06   3.7475586e+01
   6.0806100e+06   3.2348633e+01
   6.0806410e+06   3.2958984e+01
   6.0806660e+06   3.9733887e+01
   6.0806840e+06   3.5217285e+01
   6.0807210e+06   2.9663086e+01
   6.0808860e+06   3.8452148e+01
   6.1846560e+06   3.5400391e+01
   6.1873460e+06   2.8686523e+01
   6.1878270e+06   3.2226562e+01
   6.1878600e+06   2.9724121e+01
   6.1885520e+06   2.9663086e+01
   6.1893230e+06   4.4372559e+01
   6.1944880e+06   2.9357910e+01
   6.1964540e+06   2.8869629e+01
   6.1979110e+06   2.8930664e+01
   6.2006830e+06   2.9174805e+01
   6.2067600e+06   2.9724121e+01
   6.2752250e+06   3.2836914e+01
   6.2753800e+06   4.1137695e+01
   6.2755670e+06   2.8747559e+01
   6.2763970e+06   3.0761719e+01
   6.2772570e+06   3.2531738e+01
   6.2836600e+06   3.5400391e+01
   6.3169470e+06   3.2897949e+01
   6.3821450e+06   2.9663086e+01
   6.3829650e+06   2.9663086e+01
   6.3885970e+06   3.2226562e+01
   6.4417160e+06   3.5095215e+01
   6.4422590e+06   2.9968262e+01
   6.4429680e+06   2.8808594e+01
   6.4436490e+06   3.8452148e+01
   6.4436690e+06   2.9541016e+01
   6.4445620e+06   3.2836914e+01
   6.4501170e+06   2.8808594e+01
   6.4558470e+06   3.0456543e+01
   6.4581340e+06   2.8991699e+01
   6.4776110e+06   2.9541016e+01
   6.4777090e+06   2.9479980e+01
   6.4789610e+06   3.0761719e+01
   6.4834830e+06   2.9174805e+01
   6.4942040e+06   3.6621094e+01
   6.4979790e+06   2.8808594e+01
   6.5141990e+06   2.9296875e+01
   6.5342770e+06   3.0090332e+01
   6.5346070e+06   3.3752441e+01
   6.5442280e+06   3.3020020e+01
   6.5605360e+06   2.9663086e+01
   6.5617840e+06   2.8869629e+01
   6.5622820e+06   2.8869629e+01
   6.5741670e+06   3.1738281e+01
   6.5761520e+06   2.9296875e+01
   6.5838680e+06   2.9479980e+01
   6.5949730e+06   2.8869629e+01
   6.6058340e+06   3.2043457e+01
   6.6090100e+06   3.2104492e+01
   6.6278620e+06   3.1738281e+01
   6.6279550e+06   3.0334473e+01
   6.6561140e+06   2.8686523e+01
   6.6684960e+06   3.5583496e+01
   6.6713820e+06   2.8869629e+01
   6.6886020e+06   2.9541016e+01
   6.6898410e+06   3.0761719e+01
   6.7045560e+06   3.1433105e+01
   6.7236300e+06   3.0212402e+01
   6.7432360e+06   3.5461426e+01
   6.7434580e+06   3.2714844e+01
   6.7860960e+06   4.0039062e+01
   6.7861140e+06   3.9733887e+01
   6.8170900e+06   2.9357910e+01
   6.8180440e+06   3.1921387e+01
   6.8182790e+06   2.9907227e+01
   6.8184440e+06   2.9479980e+01
   6.8701390e+06   3.2897949e+01
   6.8703050e+06   3.0395508e+01
   6.8709920e+06   2.8808594e+01
   6.8865510e+06   3.7658691e+01
   6.8867080e+06   3.6071777e+01
   6.8868470e+06   4.0344238e+01
   6.8870550e+06   3.0639648e+01
   6.8871760e+06   3.1250000e+01
   6.8872080e+06   3.6865234e+01
   6.8878000e+06   3.4057617e+01
   6.8883450e+06   2.9418945e+01
   6.8937020e+06   2.9541016e+01
   6.9326370e+06   3.4057617e+01
   6.9328610e+06   3.7414551e+01
   6.9978840e+06   3.1250000e+01
   6.9982750e+06   3.5522461e+01
   6.9983180e+06   3.7292480e+01
   6.9983830e+06   4.2663574e+01
   6.9983930e+06   3.3996582e+01
   6.9984730e+06   1.1480713e+02
   6.9985160e+06   3.0517578e+01
   6.9987350e+06   3.9672852e+01
   6.9987890e+06   1.1279297e+02
   6.9989070e+06   2.9602051e+01
   6.9989920e+06   1.2603760e+02
   6.9992610e+06   3.4973145e+01
   6.9994510e+06   3.0395508e+01
   6.9995450e+06   3.1250000e+01
   6.9999380e+06   2.9113770e+01
   7.0261550e+06   3.3691406e+01
   7.0262380e+06   4.5959473e+01
   7.0273120e+06   3.0517578e+01
   7.0275790e+06   3.3813477e+01
   7.0275960e+06   3.1066895e+01
   7.0277450e+06   3.3874512e+01
   7.0283140e+06   3.1799316e+01
   7.0957910e+06   2.9724121e+01
   7.0959960e+06   4.1076660e+01
   7.0965670e+06   3.1311035e+01
   7.1159470e+06   3.5522461e+01
   7.1167120e+06   2.9357910e+01
   7.1168610e+06   4.3762207e+01
   7.1170010e+06   3.4667969e+01
   7.1425930e+06   2.9357910e+01
   7.1805440e+06   3.6071777e+01
   7.1807730e+06   2.9357910e+01
   7.2010610e+06   2.9174805e+01
   7.2169520e+06   4.6447754e+01
   7.2170280e+06   3.9489746e+01
   7.2170880e+06   2.9602051e+01
   7.2171250e+06   1.2164307e+02
   7.2171500e+06   6.0119629e+01
   7.2172290e+06   1.2561035e+02
   7.2172630e+06   3.4240723e+01
   7.2173650e+06   1.1480713e+02
   7.2174970e+06   9.9853516e+01
   7.2176250e+06   3.1188965e+01
   7.2177400e+06   1.1560059e+02
   7.2177520e+06   3.2043457e+01
   7.2178860e+06   3.8635254e+01
   7.2180120e+06   3.0334473e+01
   7.2181900e+06   3.4057617e+01
   7.2182080e+06   9.6374512e+01
   7.2182190e+06   3.1799316e+01
   7.2186550e+06   3.6743164e+01
   7.2188370e+06   3.2897949e+01
   7.2189740e+06   4.2236328e+01
   7.2192490e+06   1.2744141e+02
   7.2192590e+06   3.4790039e+01
   7.2193650e+06   3.5339355e+01
   7.2195840e+06   3.2531738e+01
   7.2196250e+06   3.5644531e+01
   7.2196900e+06   3.4179688e+01
   7.2200540e+06   2.9113770e+01
   7.2200720e+06   1.3769531e+02
   7.2200960e+06   3.2653809e+01
   7.2203790e+06   1.1846924e+02
   7.2203900e+06   3.1127930e+01
   7.2205870e+06   1.0711670e+02
   7.2207520e+06   1.2493896e+02
   7.2209370e+06   1.1267090e+02
   7.2210590e+06   2.8930664e+01
   7.2210850e+06   4.2724609e+01
   7.2210970e+06   1.1810303e+02
   7.2211850e+06   3.2287598e+01
   7.2212590e+06   1.1352539e+02
   7.2217070e+06   9.0698242e+01
   7.2217180e+06   3.0761719e+01
   7.2224280e+06   1.2921143e+02
   7.2224410e+06   2.9479980e+01
   7.2227320e+06   3.0395508e+01
   7.2811470e+06   3.1066895e+01
   7.2811780e+06   4.5959473e+01
   7.2812460e+06   3.7109375e+01
   7.2812580e+06   4.4738770e+01
   7.2812850e+06   2.8747559e+01
   7.2813880e+06   3.6560059e+01
   7.2814120e+06   2.9846191e+01
   7.2820600e+06   3.7109375e+01
   7.2822400e+06   1.0876465e+02
   7.2822500e+06   4.1442871e+01
   7.2825750e+06   3.4851074e+01
   7.2825880e+06   1.3073730e+02
   7.2826000e+06   3.0883789e+01
   7.2828130e+06   3.3508301e+01
   7.2828270e+06   3.0944824e+01
   7.2830630e+06   2.9296875e+01
   7.2830750e+06   3.3874512e+01
   7.2831660e+06   3.3813477e+01
   7.2833490e+06   3.3630371e+01
   7.2833990e+06   1.3983154e+02
   7.2834100e+06   3.4851074e+01
   7.2835540e+06   3.5766602e+01
   7.2836900e+06   1.2469482e+02
   7.2837020e+06   6.7016602e+01
   7.2838590e+06   1.0870361e+02
   7.2838710e+06   2.9052734e+01
   7.2840320e+06   1.1138916e+02
   7.2841040e+06   3.5522461e+01
   7.2842240e+06   3.1066895e+01
   7.2842380e+06   1.0748291e+02
   7.2842500e+06   3.3630371e+01
   7.2844650e+06   9.7167969e+01
   7.2845020e+06   3.4851074e+01
   7.2847180e+06   8.9538574e+01
   7.2849980e+06   1.1212158e+02
   7.2850090e+06   3.4179688e+01
   7.2850760e+06   3.2287598e+01
   7.2852680e+06   1.1260986e+02
   7.2859860e+06   1.1737061e+02
   7.2859960e+06   3.1555176e+01
   7.2865940e+06   2.9663086e+01
   7.2868310e+06   3.2348633e+01
   7.2881820e+06   1.0443115e+02
   7.2881940e+06   3.3386230e+01
   7.2940860e+06   3.0883789e+01
   7.3377560e+06   3.2836914e+01
   7.3378230e+06   3.3630371e+01
   7.3380270e+06   2.9052734e+01
   7.3380750e+06   2.9602051e+01
   7.3380850e+06   3.0273438e+01
   7.3381580e+06   7.1594238e+01
   7.3381750e+06   3.3630371e+01
   7.3391280e+06   2.9846191e+01
   7.3391390e+06   4.0710449e+01
   7.3393560e+06   1.1499023e+02
   7.3396290e+06   3.1127930e+01
   7.3397420e+06   1.0363770e+02
   7.3402090e+06   4.1198730e+01
   7.3402740e+06   2.8808594e+01
   7.3403860e+06   4.0466309e+01
   7.3404160e+06   1.2072754e+02
   7.3404270e+06   2.9052734e+01
   7.3407730e+06   1.2402344e+02
   7.3409520e+06   1.1260986e+02
   7.3411210e+06   1.0504150e+02
   7.3412380e+06   3.6987305e+01
   7.3413850e+06   3.0883789e+01
   7.3414180e+06   1.2915039e+02
   7.3415980e+06   1.1163330e+02
   7.3417120e+06   9.9914551e+01
   7.3421060e+06   1.1529541e+02
   7.3421200e+06   4.3457031e+01
   7.3421590e+06   3.0151367e+01
   7.3424620e+06   9.2285156e+01
   7.3427260e+06   3.8208008e+01
   7.3427890e+06   2.9418945e+01
   7.3429680e+06   1.0937500e+02
   7.3429790e+06   4.1687012e+01
   7.3922660e+06   3.3264160e+01
   7.3922930e+06   2.8686523e+01
   7.3923640e+06   3.1005859e+01
   7.3923810e+06   3.2043457e+01
   7.3924090e+06   1.0443115e+02
   7.3925000e+06   3.6621094e+01
   7.3925430e+06   4.0588379e+01
   7.3926270e+06   3.4851074e+01
   7.3926780e+06   3.2348633e+01
   7.3927650e+06   3.6071777e+01
   7.3936170e+06   2.9052734e+01
   7.3939640e+06   3.1799316e+01
   7.3942230e+06   4.2724609e+01
   7.3943600e+06   2.9418945e+01
   7.3943730e+06   3.3020020e+01
   7.3944630e+06   3.1005859e+01
   7.3946320e+06   3.3813477e+01
   7.3947690e+06   3.7536621e+01
   7.3947840e+06   3.7292480e+01
   7.3949870e+06   3.1250000e+01
   7.3951460e+06   1.1431885e+02
   7.3951580e+06   3.2043457e+01
   7.3954200e+06   2.9296875e+01
   7.3954790e+06   3.2592773e+01
   7.3955170e+06   1.0345459e+02
   7.3956280e+06   3.5766602e+01
   7.3958350e+06   3.0822754e+01
   7.3958950e+06   3.6499023e+01
   7.3959110e+06   1.1480713e+02
   7.3960770e+06   2.9113770e+01
   7.3961510e+06   3.5522461e+01
   7.3965010e+06   1.1614990e+02
   7.3965110e+06   3.5278320e+01
   7.3967100e+06   1.2780762e+02
   7.3970250e+06   3.1677246e+01
   7.4048350e+06   3.2531738e+01
   7.4062030e+06   3.1127930e+01
   7.4811160e+06   4.6264648e+01
   7.4811890e+06   3.5095215e+01
   7.4812880e+06   3.3203125e+01
   7.4813040e+06   3.9062500e+01
   7.4814110e+06   3.1616211e+01
   7.4818040e+06   3.3020020e+01
   7.4818660e+06   1.3824463e+02
   7.4818760e+06   2.9235840e+01
   7.4820420e+06   3.2165527e+01
   7.4825150e+06   3.3203125e+01
   7.4834850e+06   3.5095215e+01
   7.5215550e+06   3.1005859e+01
   7.5216750e+06   3.5156250e+01
   7.5217070e+06   3.1066895e+01
   7.5217630e+06   4.3518066e+01
   7.5217830e+06   1.3623047e+02
   7.5221040e+06   3.3203125e+01
   7.5222210e+06   3.1188965e+01
   7.5223440e+06   3.2226562e+01
   7.5233810e+06   3.8757324e+01
   7.5236490e+06   2.9968262e+01
   7.5236600e+06   3.9367676e+01
   7.5238580e+06   3.5705566e+01
   7.5241950e+06   1.0046387e+02
   7.5242060e+06   4.1259766e+01
   7.5243540e+06   3.1127930e+01
   7.5247360e+06   2.9541016e+01
   7.5248380e+06   1.0400391e+02
   7.5248510e+06   3.2348633e+01
   7.5249280e+06   2.8991699e+01
   7.5250120e+06   1.0168457e+02
   7.5252910e+06   2.9174805e+01
   7.5253150e+06   1.3079834e+02
   7.5254600e+06   2.8747559e+01
   7.5256510e+06   2.9846191e+01
   7.5258230e+06   3.1372070e+01
   7.5259440e+06   1.4440918e+02
   7.6373490e+06   2.9235840e+01
   7.6698930e+06   3.6865234e+01
   7.6699250e+06   3.2775879e+01
   7.6704250e+06   5.6762695e+01
   7.6707510e+06   3.5522461e+01
   7.6708940e+06   4.4616699e+01
   7.6709200e+06   2.9296875e+01
   7.6710950e+06   3.1250000e+01
   7.6711810e+06   1.6210938e+02
   7.6711950e+06   3.1677246e+01
   7.7029190e+06   3.1555176e+01
   7.7041200e+06   3.0761719e+01
   7.7044940e+06   3.2592773e+01
   7.7045700e+06   3.2592773e+01
   7.7046560e+06   4.3029785e+01
   7.7046880e+06   1.1907959e+02
   7.7047000e+06   2.9113770e+01
   7.7048270e+06   1.3366699e+02
   7.7049140e+06   3.5583496e+01
   7.7049270e+06   1.2445068e+02
   7.7049580e+06   2.9418945e+01
   7.7050670e+06   3.6437988e+01
   7.7052660e+06   1.3085938e+02
   7.7053600e+06   3.0456543e+01
   7.7054510e+06   1.2091064e+02
   7.7057990e+06   2.8686523e+01
   7.7059180e+06   3.9855957e+01
   7.7065800e+06   3.6743164e+01
   7.7070160e+06   2.9479980e+01
   7.7075730e+06   3.1250000e+01
   7.7079080e+06   2.8747559e+01
   7.7940590e+06   3.0761719e+01
   7.7943800e+06   3.3935547e+01
   7.7952400e+06   3.1555176e+01
   7.8038760e+06   2.9907227e+01
   7.8410480e+06   3.2653809e+01
   7.8410780e+06   2.9113770e+01
   7.8411740e+06   2.9235840e+01
   7.8412340e+06   3.9245605e+01
   7.8439710e+06   3.2287598e+01
   7.8441550e+06   3.9245605e+01
   7.8443110e+06   5.1086426e+01
   7.8443220e+06   4.0283203e+01
   7.8445530e+06   3.5217285e+01
   7.8447210e+06   4.6508789e+01
   7.8712320e+06   3.0639648e+01
   7.8713870e+06   2.9724121e+01
   7.8717100e+06   3.3813477e+01
   7.9062620e+06   2.9296875e+01
   7.9066950e+06   3.1860352e+01
   7.9076090e+06   3.6926270e+01
   7.9078120e+06   3.2104492e+01
   7.9091070e+06   3.0517578e+01
   7.9095920e+06   3.3508301e+01
   7.9502210e+06   3.3264160e+01
   7.9503650e+06   3.8940430e+01
   7.9503960e+06   1.2768555e+02
   7.9504720e+06   3.3630371e+01
   7.9505570e+06   3.9733887e+01
   7.9511510e+06   3.3142090e+01
   7.9868880e+06   4.2602539e+01
   7.9870080e+06   2.9785156e+01
   7.9870290e+06   3.5705566e+01
   7.9870400e+06   3.5339355e+01
   7.9871110e+06   3.1555176e+01
   7.9871700e+06   1.2408447e+02
   7.9871800e+06   2.9602051e+01
   7.9872210e+06   2.9541016e+01
   7.9872830e+06   1.0101318e+02
   7.9874400e+06   9.4421387e+01
   7.9875760e+06   3.1372070e+01
   7.9877110e+06   1.1920166e+02
   7.9877420e+06   2.9968262e+01
   7.9878940e+06   3.3386230e+01
   7.9879940e+06   3.5095215e+01
   7.9881600e+06   2.9418945e+01
   7.9881860e+06   1.5124512e+02
   7.9883410e+06   2.9479980e+01
   7.9887560e+06   3.0090332e+01
   7.9891450e+06   2.9113770e+01
   8.0476700e+06   2.9052734e+01
   8.0486720e+06   3.1250000e+01
   8.0925730e+06   3.4484863e+01
   8.0926480e+06   3.8879395e+01
   8.0926730e+06   3.0395508e+01
   8.0930740e+06   3.1616211e+01
   8.0932420e+06   3.0822754e+01
   8.0932970e+06   3.5339355e+01
   8.0933780e+06   3.5644531e+01
   8.0935310e+06   2.9357910e+01
   8.0935450e+06   3.0456543e+01
   8.0941230e+06   2.9541016e+01
   8.0944120e+06   3.0578613e+01
   8.1313140e+06   3.5583496e+01
   8.1315770e+06   2.9418945e+01
   8.1318780e+06   3.3813477e+01
   8.1326000e+06   3.6254883e+01
   8.1326890e+06   4.6447754e+01
   8.1327250e+06   1.4520264e+02
   8.1328310e+06   1.2518311e+02
   8.1328440e+06   3.0517578e+01
   8.1329500e+06   1.3806152e+02
   8.1330470e+06   1.1999512e+02
   8.1330680e+06   3.2409668e+01
   8.1332030e+06   1.2170410e+02
   8.1333550e+06   1.2744141e+02
   8.1335710e+06   1.2347412e+02
   8.1339170e+06   1.2335205e+02
   8.1356910e+06   2.8869629e+01
   8.1381210e+06   3.3874512e+01
   8.1564390e+06   3.1005859e+01
   8.1569080e+06   3.0517578e+01
   8.1569480e+06   3.6437988e+01
   8.1570310e+06   1.3037109e+02
   8.1570420e+06   4.7485352e+01
   8.1570990e+06   2.9541016e+01
   8.1571510e+06   3.7597656e+01
   8.1572000e+06   3.3508301e+01
   8.1572180e+06   3.0822754e+01
   8.1579840e+06   3.1860352e+01
   8.2314840e+06   3.4362793e+01
   8.2316170e+06   3.6254883e+01
   8.2316840e+06   4.2053223e+01
   8.2317770e+06   2.8747559e+01
   8.2318350e+06   4.3762207e+01
   8.2322500e+06   3.4729004e+01
   8.2324970e+06   3.5217285e+01
   8.2326830e+06   3.4301758e+01
   8.2333890e+06   1.2841797e+02
   8.2333990e+06   3.4545898e+01
   8.2338200e+06   1.2445068e+02
   8.2339720e+06   1.1499023e+02
   8.2342160e+06   1.1169434e+02
   8.2342270e+06   3.0700684e+01
   8.2345860e+06   3.6865234e+01
   8.2346360e+06   1.2634277e+02
   8.2349570e+06   2.9602051e+01
   8.2352090e+06   1.3018799e+02
   8.2356500e+06   1.0784912e+02
   8.2358160e+06   1.1566162e+02
   8.2358270e+06   3.3630371e+01
   8.2383380e+06   3.0151367e+01
   8.3307400e+06   3.1311035e+01
   8.3308350e+06   4.4006348e+01
   8.3308550e+06   3.6376953e+01
   8.3310190e+06   3.0273438e+01
   8.3310740e+06   2.8930664e+01
   8.3313060e+06   3.7353516e+01
   8.3313440e+06   3.6621094e+01
   8.3314460e+06   3.9001465e+01
   8.3314590e+06   3.1188965e+01
   8.3315040e+06   2.9785156e+01
   8.3316050e+06   1.0241699e+02
   8.3317530e+06   2.9907227e+01
   8.3612510e+06   3.0761719e+01
   8.3627630e+06   4.7546387e+01
   8.3631970e+06   4.2724609e+01
   8.3632830e+06   2.8869629e+01
   8.3636530e+06   3.0639648e+01
   8.3638780e+06   3.3813477e+01
   8.3640200e+06   3.2165527e+01
   8.3645790e+06   3.1127930e+01
   8.3671340e+06   2.9113770e+01
   8.3674850e+06   3.6499023e+01
   8.3676140e+06   3.2226562e+01
   8.3676500e+06   3.9367676e+01
   8.3677010e+06   3.0517578e+01
   8.3677390e+06   3.6071777e+01
   8.3678100e+06   1.3574219e+02
   8.3679280e+06   1.2438965e+02
   8.4317010e+06   4.1809082e+01
   8.4323290e+06   3.1921387e+01
   8.4335000e+06   3.2592773e+01
   8.4342880e+06   2.9968262e+01
   8.4658930e+06   3.1921387e+01
   8.4664310e+06   3.2043457e+01
   8.4692640e+06   3.4240723e+01
   8.4702850e+06   2.8686523e+01
   8.4708010e+06   2.9785156e+01
   8.4730360e+06   3.0090332e+01
   8.4732310e+06   3.7231445e+01
   8.4748030e+06   3.8757324e+01
   8.5286470e+06   2.9235840e+01
   8.5287910e+06   4.1564941e+01
   8.5302240e+06   3.0700684e+01
   8.5318430e+06   3.5644531e+01
   8.5751930e+06   3.1372070e+01
   8.5753190e+06   3.0273438e+01
   8.5755290e+06   3.4545898e+01
   8.5757290e+06   4.8156738e+01
   8.6119550e+06   3.4057617e+01
   8.6122040e+06   3.6132812e+01
   8.6124650e+06   3.1616211e+01
   8.6125430e+06   4.6508789e+01
   8.6143730e+06   3.1433105e+01
   8.6146780e+06   3.6743164e+01
   8.6159370e+06   3.3813477e+01
   8.6162340e+06   2.8991699e+01
   8.6168440e+06   2.8808594e+01
   8.6175210e+06   3.5644531e+01
   8.6197620e+06   2.9907227e+01
   8.6240350e+06   3.1677246e+01
   8.6324630e+06   2.9235840e+01
   8.6831840e+06   3.3630371e+01
   8.6832710e+06   3.6804199e+01
   8.6833770e+06   3.9184570e+01
   8.6834170e+06   1.1810303e+02
   8.6834870e+06   2.9174805e+01
   8.6835070e+06   3.5461426e+01
   8.6836460e+06   1.3494873e+02
   8.6838140e+06   3.6682129e+01
   8.6840590e+06   3.1494141e+01
   8.6841630e+06   3.2775879e+01
   8.6843890e+06   3.0944824e+01
   8.6848350e+06   3.1921387e+01
   8.6863360e+06   3.0151367e+01
   8.7245090e+06   3.3874512e+01
   8.7245650e+06   3.3935547e+01
   8.7246600e+06   3.5461426e+01
   8.7247140e+06   4.4738770e+01
   8.7247250e+06   3.4545898e+01
   8.7247450e+06   4.4982910e+01
   8.7248480e+06   2.9174805e+01
   8.7249070e+06   1.1669922e+02
   8.7249810e+06   3.5217285e+01
   8.7254260e+06   3.0761719e+01
   8.7256880e+06   2.9174805e+01
   8.7259880e+06   1.3214111e+02
   8.7259990e+06   3.1494141e+01
   8.7262580e+06   1.1651611e+02
   8.7265140e+06   2.8686523e+01
   8.7266310e+06   1.2908936e+02
   8.7268730e+06   9.8999023e+01
   8.7270750e+06   9.3444824e+01
   8.7273140e+06   1.0626221e+02
   8.7275870e+06   3.4545898e+01
   8.7276020e+06   3.2592773e+01
   8.7278390e+06   1.3208008e+02
   8.7279670e+06   1.0223389e+02
   8.7281190e+06   1.1761475e+02
   8.7282670e+06   8.6486816e+01
   8.7284340e+06   1.2579346e+02
   8.7286510e+06   1.0192871e+02
   8.7287350e+06   2.9174805e+01
   8.7287690e+06   1.0516357e+02
   8.7289700e+06   1.1065674e+02
   8.7291530e+06   9.8815918e+01
   8.7291700e+06   3.1188965e+01
   8.7294940e+06   1.1291504e+02
   8.7297880e+06   1.0900879e+02
   8.7298910e+06   3.2897949e+01
   8.7303080e+06   3.0639648e+01
   8.7725780e+06   3.4118652e+01
   8.7726000e+06   3.1982422e+01
   8.7726300e+06   2.9479980e+01
   8.7726630e+06   1.2042236e+02
   8.7727350e+06   3.6560059e+01
   8.7727500e+06   3.5888672e+01
   8.7727690e+06   1.0449219e+02
   8.7728080e+06   3.5400391e+01
   8.7730210e+06   1.1840820e+02
   8.7736070e+06   2.8686523e+01
   8.7736220e+06   3.8085938e+01
   8.7738690e+06   1.2030029e+02
   8.7743620e+06   3.2958984e+01
   8.7744990e+06   1.2133789e+02
   8.7745110e+06   3.5766602e+01
   8.7746730e+06   2.9174805e+01
   8.7753440e+06   3.7109375e+01
   8.7759130e+06   3.3020020e+01
   8.7763000e+06   2.9785156e+01
   8.7763930e+06   3.1799316e+01
   8.7768310e+06   2.8991699e+01
   8.7769380e+06   3.1677246e+01
   8.7778180e+06   1.2249756e+02
   8.7778300e+06   4.0161133e+01
   8.7779660e+06   2.9296875e+01
   8.7790970e+06   3.2775879e+01
   8.7800120e+06   2.9785156e+01
   8.7805450e+06   2.9541016e+01
   8.7838540e+06   2.8808594e+01
   8.8398640e+06   2.8869629e+01
   8.8399760e+06   3.3081055e+01
   8.8400420e+06   3.9123535e+01
   8.8400670e+06   3.3081055e+01
   8.8401260e+06   3.8269043e+01
   8.8401710e+06   2.9724121e+01
   8.8401970e+06   1.2866211e+02
   8.8402640e+06   3.3996582e+01
   8.8402840e+06   1.1041260e+02
   8.8406990e+06   3.1005859e+01
   8.8416090e+06   2.9296875e+01
   8.8418690e+06   3.9306641e+01
   8.8418810e+06   3.3630371e+01
   8.8421450e+06   1.2164307e+02
   8.8421570e+06   5.0109863e+01
   8.8442910e+06   2.8930664e+01
   8.8458130e+06   1.3189697e+02
   8.8469590e+06   3.0761719e+01
   8.8477560e+06   2.9357910e+01
   8.9101120e+06   2.8686523e+01
   8.9103490e+06   3.7658691e+01
   8.9103770e+06   4.0283203e+01
   8.9103880e+06   3.4912109e+01
   8.9104820e+06   3.9367676e+01
   8.9107850e+06   2.9968262e+01
   8.9114040e+06   3.2531738e+01
   8.9114270e+06   3.2470703e+01
   8.9116750e+06   3.3935547e+01
   8.9122550e+06   3.2592773e+01
   8.9125100e+06   3.0029297e+01
   8.9470480e+06   3.0212402e+01
   8.9470860e+06   2.9663086e+01
   8.9471530e+06   3.4606934e+01
   8.9472580e+06   3.3630371e+01
   8.9473280e+06   2.8991699e+01
   8.9473770e+06   1.3842773e+02
   8.9474810e+06   3.4667969e+01
   8.9477050e+06   3.9733887e+01
   8.9479220e+06   2.9235840e+01
   8.9481460e+06   3.6376953e+01
   8.9487360e+06   3.0395508e+01
   8.9488280e+06   3.5339355e+01
   8.9494740e+06   3.2592773e+01
   8.9943130e+06   2.9602051e+01
   8.9944410e+06   3.8513184e+01
   8.9945830e+06   3.0639648e+01
   8.9948670e+06   3.1494141e+01
   8.9954170e+06   3.1372070e+01
   9.0509360e+06   3.3996582e+01
   9.0510270e+06   3.7170410e+01
   9.0513670e+06   5.0903320e+01
   9.0513830e+06   1.1846924e+02
   9.0519700e+06   3.0029297e+01
   9.0520310e+06   3.0395508e+01
   9.0771200e+06   3.4606934e+01
   9.0773720e+06   3.1372070e+01
   9.0776660e+06   3.8757324e+01
   9.0778550e+06   3.0090332e+01
   9.0779620e+06   3.5705566e+01
   9.0780720e+06   3.5034180e+01
   9.0783890e+06   3.0334473e+01
   9.0788960e+06   3.0029297e+01
   9.1134300e+06   2.9479980e+01
   9.1137150e+06   3.1250000e+01
   9.1141230e+06   3.0029297e+01
   9.1141910e+06   2.9846191e+01
   9.1144250e+06   2.9663086e+01
   9.1148700e+06   2.9235840e+01
   9.1166810e+06   2.9418945e+01
   9.1470640e+06   2.9541016e+01
   9.1474250e+06   4.8400879e+01
   9.1760240e+06   3.2714844e+01
   9.1772850e+06   2.9541016e+01
   9.1775270e+06   3.2653809e+01
   9.1776060e+06   3.1738281e+01
   9.1781500e+06   3.8208008e+01
   9.2171540e+06   2.9968262e+01
   9.2172490e+06   3.0456543e+01
   9.2418100e+06   3.1311035e+01
   9.2614350e+06   2.9418945e+01
   9.2634370e+06   3.1555176e+01
   9.2651060e+06   3.8757324e+01
   9.2662380e+06   3.3996582e+01
   9.2665670e+06   3.4729004e+01
   9.2772850e+06   3.0151367e+01
   9.2801210e+06   3.0273438e+01
   9.2894980e+06   3.5217285e+01
   9.2897120e+06   3.5522461e+01
   9.3114610e+06   3.0151367e+01
   9.3150830e+06   3.3447266e+01
   9.3269600e+06   3.0944824e+01
   9.3392230e+06   2.9541016e+01
   9.3759260e+06   2.8991699e+01
   9.3770020e+06   2.9663086e+01
   9.3771830e+06   2.9846191e+01
   9.3782830e+06   3.1005859e+01
   9.3948410e+06   2.9052734e+01
   9.4331180e+06   2.9907227e+01
   9.4332480e+06   3.1677246e+01
   9.4362400e+06   2.9479980e+01
   9.4391450e+06   2.9907227e+01
   9.4474440e+06   2.9724121e+01
   9.4585690e+06   3.0273438e+01
   9.4606270e+06   2.8991699e+01
   9.4733200e+06   2.8930664e+01
   9.4772260e+06   2.9724121e+01
   9.5053690e+06   3.0822754e+01
   9.5616570e+06   3.0578613e+01
   9.5632480e+06   2.9235840e+01
   9.5635190e+06   2.8869629e+01
   9.5645020e+06   3.1311035e+01
   9.5735240e+06   3.4240723e+01
   9.5845100e+06   2.9846191e+01
   9.5848380e+06   3.0273438e+01
   9.5986980e+06   3.2226562e+01
   9.6029450e+06   3.0273438e+01
   9.6128810e+06   3.4118652e+01
   9.6148640e+06   2.9052734e+01
   9.6388610e+06   3.1677246e+01
   9.6479070e+06   3.5644531e+01
   9.6522940e+06   3.1005859e+01
   9.6633840e+06   3.6010742e+01
   9.6637540e+06   3.1738281e+01
   9.6652560e+06   3.4851074e+01
   9.6806540e+06   2.8930664e+01
   9.7165240e+06   2.9235840e+01
   9.7184180e+06   3.4057617e+01
   9.7375010e+06   3.0029297e+01
   9.7389350e+06   2.8930664e+01
   9.7397070e+06   2.9602051e+01
   9.7418220e+06   3.0212402e+01
   9.7562230e+06   3.0761719e+01
   9.7758440e+06   3.0090332e+01
   9.7772190e+06   2.8869629e+01
   9.7778360e+06   3.4240723e+01
   9.7980040e+06   3.6071777e+01
   9.8171950e+06   3.1677246e+01
   9.8173090e+06   3.3264160e+01
   9.8404140e+06   3.1982422e+01
   9.8409140e+06   3.2043457e+01
   9.8440200e+06   2.9724121e+01
   9.8464040e+06   3.2714844e+01
   9.8470540e+06   2.9724121e+01
   9.8568790e+06   4.2663574e+01
   9.8569520e+06   3.9428711e+01
   9.8570210e+06   1.5075684e+02
   9.8571080e+06   1.0943604e+02
   9.8571770e+06   2.9296875e+01
   9.8573300e+06   3.0822754e+01
   9.8582820e+06   3.0212402e+01
   9.8584920e+06   2.9296875e+01
   9.8587590e+06   2.8869629e+01
   9.8895420e+06   3.7719727e+01
   9.8898710e+06   2.9418945e+01
   9.9623840e+06   4.5288086e+01
   9.9624900e+06   3.5644531e+01
   9.9625250e+06   3.1738281e+01
   9.9626000e+06   3.4423828e+01
   9.9626900e+06   1.3610840e+02
   9.9627880e+06   3.4790039e+01
   9.9628710e+06   1.1138916e+02
   1.0020673e+07   3.1066895e+01
   1.0020702e+07   2.9296875e+01
   1.0020838e+07   3.4118652e+01
   1.0021453e+07   3.3020020e+01
   1.0021463e+07   3.6926270e+01
   1.0021600e+07   3.0029297e+01
   1.0021624e+07   2.9296875e+01
   1.0021710e+07   3.2592773e+01
   1.0021749e+07   2.9174805e+01
   1.0021819e+07   4.2724609e+01
   1.0021973e+07   1.2603760e+02
   1.0022029e+07   3.6682129e+01
   1.0022186e+07   3.0822754e+01
   1.0098955e+07   2.9052734e+01
   1.0098997e+07   3.0639648e+01
   1.0099026e+07   3.4362793e+01
   1.0099125e+07   3.0395508e+01
   1.0099202e+07   2.9541016e+01
   1.0140049e+07   3.1738281e+01
   1.0149596e+07   3.3813477e+01
   1.0149657e+07   1.2585449e+02
   1.0149668e+07   5.2612305e+01
   1.0149687e+07   3.3813477e+01
   1.0149762e+07   2.9113770e+01
   1.0150061e+07   2.9602051e+01
   1.0150078e+07   1.2640381e+02
   1.0150089e+07   3.8818359e+01
   1.0150610e+07   2.9052734e+01
   1.0206114e+07   3.3081055e+01
   1.0206307e+07   4.2175293e+01
   1.0206400e+07   3.3813477e+01
   1.0206416e+07   3.1494141e+01
   1.0206477e+07   4.4677734e+01
   1.0206557e+07   1.1975098e+02
   1.0206605e+07   2.9052734e+01
   1.0206658e+07   1.1370850e+02
   1.0206924e+07   1.0742188e+02
   1.0206937e+07   2.9296875e+01
   1.0207023e+07   3.2836914e+01
   1.0207063e+07   1.1242676e+02
   1.0207175e+07   3.0822754e+01
   1.0207394e+07   1.2054443e+02
   1.0207405e+07   4.8461914e+01
   1.0207544e+07   1.0302734e+02
   1.0207720e+07   1.3500977e+02
   1.0207835e+07   3.2348633e+01
   1.0207880e+07   1.2084961e+02
   1.0207946e+07   3.2958984e+01
   1.0208107e+07   9.7167969e+01
   1.0208180e+07   3.1860352e+01
   1.0208271e+07   9.2224121e+01
   1.0208549e+07   1.0772705e+02
   1.0208649e+07   1.0058594e+02
   1.0208757e+07   1.0485840e+02
   1.0208907e+07   1.1602783e+02
   1.0209082e+07   3.1372070e+01
   1.0209116e+07   1.0369873e+02
   1.0209245e+07   9.8327637e+01
   1.0209266e+07   3.1066895e+01
   1.0209411e+07   8.8989258e+01
   1.0209653e+07   1.0723877e+02
   1.0209810e+07   8.6669922e+01
   1.0209830e+07   3.0090332e+01
   1.0209936e+07   1.1199951e+02
   1.0210106e+07   3.7719727e+01
   1.0210118e+07   4.7058105e+01
   1.0210377e+07   1.0504150e+02
   1.0210556e+07   2.9663086e+01
   1.0210566e+07   9.0881348e+01
   1.0211288e+07   1.1608887e+02
   1.0212014e+07   1.1804199e+02
   1.0212024e+07   3.0700684e+01
   1.0216039e+07   1.2237549e+02
   1.0216684e+07   3.5705566e+01
   1.0218133e+07   2.9357910e+01
   1.0219722e+07   2.9602051e+01
   1.0248187e+07   3.0883789e+01
   1.0248247e+07   3.3142090e+01
   1.0248288e+07   3.4851074e+01
   1.0248299e+07   3.6865234e+01
   1.0248368e+07   3.3935547e+01
   1.0248398e+07   1.1492920e+02
   1.0248425e+07   3.6437988e+01
   1.0248485e+07   3.6376953e+01
   1.0248584e+07   1.1981201e+02
   1.0248863e+07   9.9670410e+01
   1.0248883e+07   3.4362793e+01
   1.0249105e+07   1.0180664e+02
   1.0249127e+07   3.2775879e+01
   1.0249471e+07   1.2255859e+02
   1.0249627e+07   1.1303711e+02
   1.0249903e+07   2.9357910e+01
   1.0249926e+07   9.3017578e+01
   1.0249938e+07   2.9663086e+01
   1.0250079e+07   3.1494141e+01
   1.0250273e+07   1.0479736e+02
   1.0250286e+07   4.1748047e+01
   1.0250588e+07   1.1645508e+02
   1.0250840e+07   4.0527344e+01
   1.0251417e+07   1.3079834e+02
   1.0251428e+07   3.8635254e+01
   1.0252376e+07   3.1372070e+01
   1.0253516e+07   3.0822754e+01
   1.0253812e+07   3.1921387e+01
   1.0283798e+07   3.3935547e+01
   1.0283848e+07   1.1279297e+02
   1.0283873e+07   5.3649902e+01
   1.0283940e+07   9.9121094e+01
   1.0284057e+07   1.0461426e+02
   1.0284122e+07   3.2836914e+01
   1.0284176e+07   2.9724121e+01
   1.0284191e+07   3.2043457e+01
   1.0284229e+07   3.2653809e+01
   1.0284260e+07   3.9550781e+01
   1.0284393e+07   1.1926270e+02
   1.0284675e+07   9.6496582e+01
   1.0284925e+07   1.1523438e+02
   1.0284937e+07   3.5766602e+01
   1.0285109e+07   2.9357910e+01
   1.0285265e+07   2.9846191e+01
   1.0285460e+07   1.1853027e+02
   1.0285471e+07   3.1494141e+01
   1.0285847e+07   1.2744141e+02
   1.0286166e+07   1.0443115e+02
   1.0286319e+07   3.5766602e+01
   1.0286562e+07   1.2457275e+02
   1.0286725e+07   1.2182617e+02
   1.0286879e+07   3.5339355e+01
   1.0286992e+07   8.9355469e+01
   1.0287264e+07   4.1076660e+01
   1.0288033e+07   1.4221191e+02
   1.0288047e+07   3.4301758e+01
   1.0288408e+07   2.9724121e+01
   1.0289009e+07   2.9296875e+01
   1.0289721e+07   9.6984863e+01
   1.0289733e+07   3.1005859e+01
   1.0289967e+07   3.8146973e+01
   1.0320669e+07   4.1809082e+01
   1.0320720e+07   1.5252686e+02
   1.0320734e+07   3.0883789e+01
   1.0320780e+07   3.5522461e+01
   1.0320825e+07   3.5461426e+01
   1.0320897e+07   3.5949707e+01
   1.0321498e+07   3.8513184e+01
   1.0321931e+07   3.0578613e+01
   1.0321957e+07   1.2475586e+02
   1.0321968e+07   3.0090332e+01
   1.0322162e+07   3.8391113e+01
   1.0322197e+07   2.9785156e+01
   1.0322492e+07   1.2542725e+02
   1.0322504e+07   4.4982910e+01
   1.0322698e+07   3.2165527e+01
   1.0322977e+07   2.9907227e+01
   1.0323185e+07   3.2409668e+01
   1.0323864e+07   3.5461426e+01
   1.0324262e+07   3.4484863e+01
   1.0324708e+07   1.1358643e+02
   1.0324721e+07   3.7658691e+01
   1.0324764e+07   2.9785156e+01
   1.0325265e+07   3.1738281e+01
   1.0346985e+07   3.0517578e+01
   1.0347004e+07   3.3691406e+01
   1.0347061e+07   3.3020020e+01
   1.0347074e+07   1.0772705e+02
   1.0347085e+07   3.3447266e+01
   1.0347148e+07   3.0334473e+01
   1.0347199e+07   2.9357910e+01
   1.0347248e+07   3.4973145e+01
   1.0347272e+07   9.8632813e+01
   1.0347428e+07   2.9602051e+01
   1.0348253e+07   3.5400391e+01
   1.0348762e+07   1.3067627e+02
   1.0348772e+07   3.9978027e+01
   1.0348848e+07   3.0639648e+01
   1.0348898e+07   2.8930664e+01
   1.0373844e+07   3.0334473e+01
   1.0373903e+07   1.1065674e+02
   1.0373920e+07   5.3161621e+01
   1.0373953e+07   3.4851074e+01
   1.0373984e+07   9.6435547e+01
   1.0374018e+07   3.7109375e+01
   1.0374076e+07   2.9846191e+01
   1.0374292e+07   3.2592773e+01
   1.0374996e+07   3.0273438e+01
   1.0375933e+07   3.0334473e+01
   1.0405666e+07   3.2165527e+01
   1.0405685e+07   3.8879395e+01
   1.0405770e+07   4.5166016e+01
   1.0405781e+07   3.0334473e+01
   1.0405886e+07   3.1433105e+01
   1.0405908e+07   1.1804199e+02
   1.0405996e+07   3.2470703e+01
   1.0406011e+07   1.0406494e+02
   1.0406511e+07   2.9418945e+01
   1.0459140e+07   3.7048340e+01
   1.0459260e+07   3.1616211e+01
   1.0459288e+07   3.8208008e+01
   1.0459517e+07   1.1724854e+02
   1.0459528e+07   3.5278320e+01
   1.0552344e+07   2.9174805e+01
   1.0552414e+07   3.6926270e+01
   1.0552528e+07   2.9541016e+01
   1.0552943e+07   4.3701172e+01
   1.0601985e+07   3.1127930e+01
   1.0602347e+07   2.9663086e+01
   1.0602561e+07   3.6132812e+01
   1.0648021e+07   3.0761719e+01
   1.0666762e+07   3.4240723e+01
   1.0667046e+07   2.9052734e+01
   1.0667856e+07   3.1127930e+01
   1.0667905e+07   5.1635742e+01
   1.0668002e+07   4.8583984e+01
   1.0668019e+07   4.4067383e+01
   1.0668073e+07   1.0479736e+02
   1.0668137e+07   3.0700684e+01
   1.0668180e+07   1.1700439e+02
   1.0668279e+07   9.4604492e+01
   1.0668420e+07   8.4594727e+01
   1.0668592e+07   1.0467529e+02
   1.0668690e+07   9.3688965e+01
   1.0668845e+07   9.7167969e+01
   1.0668861e+07   3.3081055e+01
   1.0669035e+07   1.0675049e+02
   1.0669200e+07   9.7961426e+01
   1.0669250e+07   2.9663086e+01
   1.0669511e+07   8.7463379e+01
   1.0670540e+07   3.1616211e+01
   1.0670688e+07   3.1921387e+01
   1.0670999e+07   2.9541016e+01
   1.0671340e+07   3.0822754e+01
   1.0697226e+07   3.3569336e+01
   1.0727724e+07   3.0456543e+01
   1.0727878e+07   3.2897949e+01
   1.0727985e+07   3.1066895e+01
   1.0728262e+07   3.1433105e+01
   1.0728582e+07   3.9794922e+01
   1.0728843e+07   2.9418945e+01
   1.0729447e+07   3.1005859e+01
   1.0729611e+07   2.8991699e+01
   1.0730576e+07   2.9235840e+01
   1.0732225e+07   2.9296875e+01
   1.0732463e+07   2.9418945e+01
   1.0750283e+07   3.4790039e+01
   1.0751701e+07   3.1127930e+01
   1.0752144e+07   2.8930664e+01
   1.0752163e+07   3.7780762e+01
   1.0752295e+07   2.9357910e+01
   1.0752355e+07   3.1860352e+01
   1.0752520e+07   2.9296875e+01
   1.0753267e+07   3.1066895e+01
   1.0753837e+07   2.8991699e+01
   1.0753901e+07   2.9846191e+01
   1.0754743e+07   3.0395508e+01
   1.0853212e+07   3.0273438e+01
   1.0853337e+07   3.0151367e+01
   1.0854716e+07   3.6254883e+01
   1.0854927e+07   3.4423828e+01
   1.0855430e+07   3.5522461e+01
   1.0855714e+07   4.2785645e+01
   1.0855961e+07   3.2836914e+01
   1.0856648e+07   3.2104492e+01
   1.0857316e+07   3.1860352e+01
   1.0857432e+07   3.2653809e+01
   1.0857450e+07   1.5637207e+02
   1.0857519e+07   3.4973145e+01
   1.0857581e+07   3.2592773e+01
   1.0857593e+07   1.3690186e+02
   1.0857903e+07   3.5400391e+01
   1.0907815e+07   3.2897949e+01
   1.0907992e+07   4.8522949e+01
   1.0909032e+07   3.6071777e+01
   1.0909083e+07   2.9602051e+01
   1.0909199e+07   1.2200928e+02
   1.0909211e+07   3.7048340e+01
   1.0909432e+07   3.5156250e+01
   1.0956696e+07   3.2287598e+01
   1.0962846e+07   3.0578613e+01
   1.0975985e+07   3.1799316e+01
   1.0976202e+07   3.0822754e+01
   1.0976681e+07   3.0639648e+01
   1.0976968e+07   3.1250000e+01
   1.0977017e+07   3.3203125e+01
   1.0977156e+07   3.3081055e+01
   1.0977294e+07   3.1982422e+01
   1.0977454e+07   3.1066895e+01
   1.1010461e+07   3.0578613e+01
   1.1011377e+07   5.3100586e+01
   1.1011528e+07   3.2714844e+01
   1.1011767e+07   4.8828125e+01
   1.1058703e+07   3.1433105e+01
   1.1059006e+07   3.3447266e+01
   1.1059385e+07   3.2714844e+01
   1.1084196e+07   3.0456543e+01
   1.1084789e+07   2.9296875e+01
   1.1085068e+07   2.9602051e+01
   1.1085144e+07   2.9418945e+01
   1.1085324e+07   3.0822754e+01
   1.1085379e+07   3.6560059e+01
   1.1085657e+07   3.5888672e+01
   1.1086173e+07   3.4179688e+01
   1.1086697e+07   3.1616211e+01
   1.1086978e+07   3.6499023e+01
   1.1087205e+07   2.9724121e+01
   1.1088443e+07   3.0334473e+01
   1.1088719e+07   3.6010742e+01
   1.1089330e+07   3.0029297e+01
   1.1130788e+07   2.9296875e+01
   1.1130996e+07   3.0090332e+01
   1.1131179e+07   4.2663574e+01
   1.1150224e+07   4.3884277e+01
   1.1150320e+07   2.9357910e+01
   1.1150416e+07   3.4606934e+01
   1.1177550e+07   3.0273438e+01
   1.1177662e+07   1.4276123e+02
   1.1177675e+07   3.0029297e+01
   1.1177735e+07   5.3710938e+01
   1.1177840e+07   2.9418945e+01
   1.1204338e+07   3.4973145e+01
   1.1209282e+07   2.8869629e+01
   1.1222064e+07   3.1738281e+01
   1.1222286e+07   3.2348633e+01
   1.1222445e+07   2.9052734e+01
   1.1223061e+07   2.9968262e+01
   1.1223158e+07   2.8869629e+01
   1.1273716e+07   3.3935547e+01
   1.1274244e+07   3.3874512e+01
   1.1274443e+07   3.2653809e+01
   1.1274706e+07   3.1372070e+01
   1.1274991e+07   2.8991699e+01
   1.1275676e+07   2.9663086e+01
   1.1275761e+07   3.2409668e+01
   1.1275874e+07   3.0395508e+01
   1.1275983e+07   3.4912109e+01
   1.1276394e+07   3.2165527e+01
   1.1276661e+07   3.3081055e+01
   1.1276822e+07   3.0822754e+01
   1.1277018e+07   3.0517578e+01
   1.1278394e+07   3.0822754e+01
   1.1280258e+07   3.7780762e+01
   1.1281709e+07   3.3386230e+01
   1.1282105e+07   3.3569336e+01
   1.1332666e+07   2.9663086e+01
   1.1362621e+07   2.8991699e+01
   1.1363412e+07   3.3691406e+01
   1.1363780e+07   3.9916992e+01
   1.1363959e+07   3.9184570e+01
   1.1365123e+07   4.3823242e+01
   1.1365463e+07   3.0273438e+01
   1.1365745e+07   3.1188965e+01
   1.1365910e+07   2.8930664e+01
   1.1366221e+07   3.5278320e+01
   1.1366358e+07   3.1433105e+01
   1.1366394e+07   3.4484863e+01
   1.1366790e+07   3.0151367e+01
   1.1366913e+07   2.9968262e+01
   1.1384018e+07   3.2592773e+01
   1.1384750e+07   2.9785156e+01
   1.1405034e+07   3.1127930e+01
   1.1405136e+07   3.2409668e+01
   1.1405165e+07   4.5104980e+01
   1.1405247e+07   3.1799316e+01
   1.1424160e+07   3.2531738e+01
   1.1424847e+07   2.9479980e+01
   1.1425047e+07   3.2592773e+01
   1.1425358e+07   2.9907227e+01
   1.1453039e+07   2.9174805e+01
   1.1454052e+07   3.5461426e+01
   1.1489569e+07   3.0578613e+01
   1.1489641e+07   3.6682129e+01
   1.1489733e+07   3.9184570e+01
   1.1489919e+07   3.1372070e+01
   1.1489969e+07   2.9052734e+01
   1.1519313e+07   3.1677246e+01
   1.1519506e+07   4.0771484e+01
   1.1519519e+07   3.3508301e+01
   1.1559161e+07   3.7658691e+01
   1.1597400e+07   3.4179688e+01
   1.1597427e+07   3.6254883e+01
   1.1597480e+07   3.4790039e+01
   1.1597800e+07   3.5583496e+01
   1.1631550e+07   2.9785156e+01
   1.1632287e+07   3.0151367e+01
   1.1637558e+07   3.2287598e+01
   1.1638114e+07   2.9296875e+01
   1.1642493e+07   2.9052734e+01
   1.1643407e+07   3.2287598e+01
   1.1691046e+07   3.0456543e+01
   1.1691075e+07   4.1381836e+01
   1.1691208e+07   3.6926270e+01
   1.1691579e+07   3.1005859e+01
   1.1731367e+07   4.4555664e+01
   1.1731450e+07   3.2653809e+01
   1.1731552e+07   4.7058105e+01
   1.1731577e+07   1.1926270e+02
   1.1731588e+07   3.1799316e+01
   1.1731668e+07   3.3142090e+01
   1.1731908e+07   1.2353516e+02
   1.1731971e+07   2.9174805e+01
   1.1735588e+07   3.3996582e+01
   1.1764998e+07   3.1494141e+01
   1.1765159e+07   3.0395508e+01
   1.1765367e+07   3.0151367e+01
   1.1765591e+07   4.0405273e+01
   1.1765862e+07   4.0771484e+01
   1.1765947e+07   3.4057617e+01
   1.1765982e+07   4.0100098e+01
   1.1765994e+07   3.3020020e+01
   1.1766044e+07   1.1676025e+02
   1.1766153e+07   1.1962891e+02
   1.1766288e+07   3.2104492e+01
   1.1766320e+07   1.0180664e+02
   1.1766557e+07   1.2414551e+02
   1.1766742e+07   1.1492920e+02
   1.1766861e+07   2.9113770e+01
   1.1766982e+07   1.3171387e+02
   1.1767153e+07   1.2261963e+02
   1.1767174e+07   2.9357910e+01
   1.1767412e+07   1.0992432e+02
   1.1767781e+07   1.1645508e+02
   1.1768126e+07   1.0559082e+02
   1.1768138e+07   3.2348633e+01
   1.1768430e+07   2.9663086e+01
   1.1768513e+07   1.2023926e+02
   1.1768635e+07   3.0700684e+01
   1.1768730e+07   1.1175537e+02
   1.1768976e+07   1.1853027e+02
   1.1769129e+07   9.5214844e+01
   1.1769279e+07   1.1273193e+02
   1.1769487e+07   9.4482422e+01
   1.1769774e+07   9.9853516e+01
   1.1770094e+07   1.0290527e+02
   1.1770427e+07   9.3383789e+01
   1.1770723e+07   1.1120605e+02
   1.1770738e+07   3.1005859e+01
   1.1773323e+07   3.0700684e+01
   1.1775116e+07   3.3020020e+01
   1.1777699e+07   3.0578613e+01
   1.1779416e+07   3.5217285e+01
   1.1785990e+07   2.9724121e+01
   1.1824485e+07   3.5217285e+01
   1.1824548e+07   3.7475586e+01
   1.1824631e+07   2.8930664e+01
   1.1824982e+07   3.9123535e+01
   1.1824992e+07   1.1932373e+02
   1.1825115e+07   4.3029785e+01
   1.1825187e+07   1.2219238e+02
   1.1825314e+07   3.0090332e+01
   1.1825481e+07   3.5522461e+01
   1.1825765e+07   3.5461426e+01
   1.1826073e+07   3.4423828e+01
   1.1826308e+07   3.6499023e+01
   1.1826502e+07   1.1700439e+02
   1.1826779e+07   3.7902832e+01
   1.1827122e+07   3.1738281e+01
   1.1828164e+07   3.2287598e+01
   1.1828628e+07   3.3020020e+01
   1.1829003e+07   2.9541016e+01
   1.1829601e+07   2.9113770e+01
   1.1830399e+07   2.9968262e+01
   1.1831122e+07   3.2348633e+01
   1.1847310e+07   2.9418945e+01
   1.1847550e+07   3.5522461e+01
   1.1875678e+07   3.7353516e+01
   1.1875692e+07   3.8574219e+01
   1.1875772e+07   3.2226562e+01
   1.1875786e+07   3.5217285e+01
   1.1875880e+07   1.2530518e+02
   1.1875915e+07   3.8208008e+01
   1.1875938e+07   3.1066895e+01
   1.1876019e+07   4.0710449e+01
   1.1876036e+07   9.6191406e+01
   1.1876135e+07   3.1433105e+01
   1.1876182e+07   4.0527344e+01
   1.1876558e+07   3.0517578e+01
   1.1876714e+07   3.0212402e+01
   1.1876840e+07   2.9113770e+01
   1.1877181e+07   2.9724121e+01
   1.1879404e+07   3.7658691e+01
   1.1882761e+07   2.9357910e+01
   1.1885295e+07   3.4912109e+01
   1.1928736e+07   3.5766602e+01
   1.1928789e+07   3.7292480e+01
   1.1928799e+07   6.0180664e+01
   1.1928825e+07   3.3142090e+01
   1.1928895e+07   3.5644531e+01
   1.1928955e+07   4.3823242e+01
   1.1929053e+07   9.3505859e+01
   1.1929574e+07   1.0565186e+02
   1.1929584e+07   3.0395508e+01
   1.1929710e+07   3.0822754e+01
   1.1930341e+07   3.6437988e+01
   1.1930565e+07   3.0883789e+01
   1.1930770e+07   2.9602051e+01
   1.1932050e+07   2.9357910e+01
   1.1932150e+07   2.9235840e+01
   1.1932238e+07   3.0029297e+01
   1.1932556e+07   3.1311035e+01
   1.1932617e+07   3.6743164e+01
   1.1933536e+07   2.9113770e+01
   1.1937732e+07   2.9479980e+01
   1.1937817e+07   3.3874512e+01
   1.1938132e+07   2.9296875e+01
   1.1943201e+07   2.9235840e+01
   1.1993933e+07   3.2043457e+01
   1.1994012e+07   4.2907715e+01
   1.1994106e+07   3.2287598e+01
   1.1994117e+07   3.6987305e+01
   1.1994147e+07   4.4006348e+01
   1.1994192e+07   8.3801270e+01
   1.1994260e+07   3.1860352e+01
   1.1994306e+07   1.0906982e+02
   1.1994386e+07   3.5339355e+01
   1.1994491e+07   1.1517334e+02
   1.1994785e+07   1.2200928e+02
   1.1994798e+07   3.3386230e+01
   1.1995089e+07   1.1279297e+02
   1.1995317e+07   9.2712402e+01
   1.1995329e+07   3.5888672e+01
   1.1995556e+07   3.1982422e+01
   1.1995579e+07   1.1553955e+02
   1.1995975e+07   3.0395508e+01
   1.1995999e+07   2.9418945e+01
   1.1996000e+07   6.7112054e+01
