   1.1996000e+07   0.0000000e+00
   2.3504400e+05   6.4025879e+01
   2.3514300e+05   7.0190430e+01
   2.3529700e+05   6.7749023e+01
   2.3537200e+05   5.8593750e+01
   2.3544500e+05   5.4748535e+01
   2.3555700e+05   4.7180176e+01
   2.3561800e+05   4.9804688e+01
   2.3569500e+05   6.1523438e+01
   2.3578800e+05   4.5471191e+01
   2.3593600e+05   4.7180176e+01
   2.3600200e+05   4.5898438e+01
   2.3608900e+05   5.0781250e+01
   2.3620000e+05   4.9926758e+01
   2.3633300e+05   4.6264648e+01
   2.3645100e+05   4.6386719e+01
   2.3655600e+05   4.5532227e+01
   2.3669700e+05   6.1767578e+01
   2.3682200e+05   4.9621582e+01
   2.3698400e+05   5.3771973e+01
   2.3710800e+05   5.5969238e+01
   2.3727100e+05   4.9499512e+01
   2.3748100e+05   6.3354492e+01
   2.3777300e+05   4.7424316e+01
   2.3801400e+05   6.3964844e+01
   3.7427300e+05   6.1157227e+01
   3.7436000e+05   5.0598145e+01
   3.7450800e+05   5.9204102e+01
   3.7457100e+05   5.8959961e+01
   3.7465600e+05   4.9072266e+01
   3.7474400e+05   4.7119141e+01
   3.7482900e+05   4.6691895e+01
   3.7487900e+05   4.6020508e+01
   3.7502600e+05   5.0720215e+01
   3.7510600e+05   5.4382324e+01
   3.7522100e+05   5.0292969e+01
   3.7532800e+05   6.0791016e+01
   3.7542400e+05   4.7180176e+01
   3.7553200e+05   4.8950195e+01
   3.7563400e+05   4.8034668e+01
   3.7585700e+05   5.7678223e+01
   3.7596000e+05   4.7119141e+01
   3.7605500e+05   4.7485352e+01
   3.7622200e+05   4.8461914e+01
   3.7637200e+05   4.9621582e+01
   3.7649800e+05   5.0231934e+01
   3.7672200e+05   5.7312012e+01
   3.7712600e+05   5.3588867e+01
   3.7763500e+05   6.1279297e+01
   5.2043700e+05   6.9702148e+01
   5.2052500e+05   6.4208984e+01
   5.2064100e+05   5.7922363e+01
   5.2073000e+05   4.6264648e+01
   5.2075900e+05   5.5786133e+01
   5.2087600e+05   6.0913086e+01
   5.2098100e+05   5.4199219e+01
   5.2106200e+05   5.4687500e+01
   5.2115100e+05   5.7922363e+01
   5.2123700e+05   5.2368164e+01
   5.2136600e+05   5.2307129e+01
   5.2147500e+05   5.6518555e+01
   5.2160000e+05   5.1696777e+01
   5.2170400e+05   4.7912598e+01
   5.2178600e+05   4.6875000e+01
   5.2199700e+05   4.8339844e+01
   5.2211400e+05   4.9194336e+01
   5.2222100e+05   5.7250977e+01
   5.2233400e+05   4.9987793e+01
   5.2245000e+05   5.3222656e+01
   5.2256800e+05   4.6325684e+01
   5.2280400e+05   5.0964355e+01
   5.2303800e+05   4.9255371e+01
   6.2284700e+05   4.8583984e+01
   6.2292700e+05   6.5917969e+01
   6.2305500e+05   5.9020996e+01
   6.2315200e+05   5.9631348e+01
   6.2323500e+05   5.4382324e+01
   6.2333300e+05   5.8349609e+01
   6.2341600e+05   4.7363281e+01
   6.2356600e+05   4.6386719e+01
   6.2365200e+05   4.5654297e+01
   6.2373600e+05   5.8410645e+01
   6.2385900e+05   5.4504395e+01
   6.2401900e+05   7.0678711e+01
   6.2415300e+05   5.6396484e+01
   6.2423100e+05   6.2255859e+01
   6.2431900e+05   4.6936035e+01
   6.2443000e+05   4.5349121e+01
   6.2456400e+05   6.7260742e+01
   6.2477400e+05   5.6640625e+01
   6.2488900e+05   4.6447754e+01
   6.2500800e+05   5.2368164e+01
   6.2513000e+05   5.6640625e+01
   6.2531000e+05   5.2246094e+01
   6.2558100e+05   5.1147461e+01
   7.0946500e+05   7.4340820e+01
   7.0956100e+05   7.6049805e+01
   7.0965400e+05   5.3771973e+01
   7.0973400e+05   5.7617188e+01
   7.0980400e+05   5.9143066e+01
   7.0988200e+05   5.0659180e+01
   7.0998300e+05   5.0598145e+01
   7.1014900e+05   5.0720215e+01
   7.1023200e+05   5.3161621e+01
   7.1032400e+05   4.9987793e+01
   7.1042000e+05   5.2307129e+01
   7.1056400e+05   5.1879883e+01
   7.1066000e+05   4.9926758e+01
   7.1077100e+05   4.8522949e+01
   7.1096700e+05   4.6203613e+01
   7.1116000e+05   4.8339844e+01
   7.1143700e+05   4.5410156e+01
   7.1159900e+05   5.0964355e+01
   7.1173300e+05   4.6325684e+01
   7.1190300e+05   4.9316406e+01
   7.1208800e+05   5.2124023e+01
   8.0892100e+05   6.7932129e+01
   8.0901200e+05   4.7058105e+01
   8.0909800e+05   5.2185059e+01
   8.0917900e+05   4.9499512e+01
   8.0924500e+05   5.1391602e+01
   8.0934600e+05   5.6884766e+01
   8.0942900e+05   5.7922363e+01
   8.0950500e+05   5.5725098e+01
   8.0960400e+05   5.2612305e+01
   8.0969300e+05   5.0537109e+01
   8.0978600e+05   5.3466797e+01
   8.0994200e+05   5.0537109e+01
   8.1007600e+05   5.2001953e+01
   8.1018300e+05   4.9438477e+01
   8.1045400e+05   6.8542480e+01
   8.1055300e+05   5.4321289e+01
   8.1072200e+05   5.2001953e+01
   8.1086200e+05   5.1635742e+01
   8.1103500e+05   5.0170898e+01
   8.1121100e+05   6.0546875e+01
   8.1150300e+05   4.8889160e+01
   9.3610300e+05   4.9621582e+01
   9.3615200e+05   5.5358887e+01
   9.3621000e+05   4.7912598e+01
   9.3625400e+05   6.4575195e+01
   9.3634500e+05   6.8054199e+01
   9.3641900e+05   7.1228027e+01
   9.3649100e+05   5.1635742e+01
   9.3656200e+05   5.2307129e+01
   9.3668000e+05   6.5368652e+01
   9.3682000e+05   4.5471191e+01
   9.3693900e+05   5.5297852e+01
   9.3702600e+05   5.2551270e+01
   9.3711900e+05   5.5603027e+01
   9.3722900e+05   5.0476074e+01
   9.3732200e+05   4.9499512e+01
   9.3754000e+05   6.7077637e+01
   9.3765400e+05   4.7546387e+01
   9.3777700e+05   4.6752930e+01
   9.3793900e+05   5.0292969e+01
   9.3821800e+05   5.0964355e+01
   9.3834500e+05   4.7912598e+01
   9.3861100e+05   5.3039551e+01
   1.0144820e+06   5.8105469e+01
   1.0146130e+06   5.8593750e+01
   1.0147060e+06   5.9020996e+01
   1.0147800e+06   6.5856934e+01
   1.0148540e+06   5.6823730e+01
   1.0149420e+06   6.4575195e+01
   1.0150730e+06   5.9509277e+01
   1.0151600e+06   4.9072266e+01
   1.0152570e+06   5.0109863e+01
   1.0154380e+06   6.0913086e+01
   1.0155410e+06   6.5307617e+01
   1.0156630e+06   5.4260254e+01
   1.0157960e+06   5.0842285e+01
   1.0158880e+06   4.7546387e+01
   1.0160600e+06   4.6081543e+01
   1.0161770e+06   6.7382812e+01
   1.0162750e+06   5.1940918e+01
   1.0164140e+06   5.4687500e+01
   1.0167560e+06   4.8217773e+01
   1.1194580e+06   6.4331055e+01
   1.1196450e+06   4.9621582e+01
   1.1196730e+06   4.8034668e+01
   1.1197320e+06   6.8359375e+01
   1.1198470e+06   4.7790527e+01
   1.1199450e+06   6.1645508e+01
   1.1200420e+06   5.6030273e+01
   1.1202610e+06   7.0861816e+01
   1.1204140e+06   5.0781250e+01
   1.1204860e+06   4.9987793e+01
   1.1205720e+06   5.2001953e+01
   1.1206880e+06   5.9631348e+01
   1.1207890e+06   4.6020508e+01
   1.1208720e+06   5.1025391e+01
   1.1210000e+06   4.9621582e+01
   1.1211210e+06   6.2438965e+01
   1.1212530e+06   4.6508789e+01
   1.1213780e+06   4.6264648e+01
   1.1215870e+06   4.5349121e+01
   1.1217760e+06   4.7912598e+01
   1.1220470e+06   5.3222656e+01
   1.1838740e+06   5.2612305e+01
   1.1839970e+06   5.9631348e+01
   1.1841190e+06   7.7575684e+01
   1.1841810e+06   5.5480957e+01
   1.1842610e+06   4.8522949e+01
   1.1843580e+06   5.0659180e+01
   1.1844370e+06   6.1401367e+01
   1.1845080e+06   5.2795410e+01
   1.1846320e+06   5.5358887e+01
   1.1847090e+06   4.9377441e+01
   1.1847960e+06   4.8156738e+01
   1.1848700e+06   4.8461914e+01
   1.1849870e+06   7.0007324e+01
   1.1850700e+06   4.6325684e+01
   1.1851720e+06   4.6875000e+01
   1.1852880e+06   4.6569824e+01
   1.1854050e+06   5.0964355e+01
   1.1854910e+06   5.6701660e+01
   1.1855930e+06   5.3588867e+01
   1.1860120e+06   5.0903320e+01
   1.1862900e+06   5.3894043e+01
   1.2703020e+06   4.8522949e+01
   1.2704040e+06   5.1513672e+01
   1.2705610e+06   6.1645508e+01
   1.2706290e+06   5.1879883e+01
   1.2706890e+06   5.3955078e+01
   1.2707660e+06   7.1289063e+01
   1.2708410e+06   5.3710938e+01
   1.2709520e+06   5.9387207e+01
   1.2710300e+06   6.0241699e+01
   1.2711360e+06   5.5969238e+01
   1.2713050e+06   4.7607422e+01
   1.2714030e+06   5.1696777e+01
   1.2715260e+06   5.2001953e+01
   1.2716130e+06   4.8767090e+01
   1.2717080e+06   4.6508789e+01
   1.2718380e+06   4.9194336e+01
   1.2720640e+06   4.7668457e+01
   1.2722410e+06   5.1147461e+01
   1.2726050e+06   5.1147461e+01
   1.3573100e+06   6.3476562e+01
   1.3574240e+06   6.0729980e+01
   1.3575190e+06   6.2988281e+01
   1.3575980e+06   5.9143066e+01
   1.3576560e+06   4.6936035e+01
   1.3577310e+06   5.0476074e+01
   1.3577970e+06   5.0720215e+01
   1.3578810e+06   4.9255371e+01
   1.3579500e+06   5.3100586e+01
   1.3580560e+06   5.9265137e+01
   1.3581830e+06   6.5002441e+01
   1.3584980e+06   4.6386719e+01
   1.3586030e+06   5.0659180e+01
   1.3587210e+06   5.3833008e+01
   1.3588210e+06   5.7373047e+01
   1.3589750e+06   5.8837891e+01
   1.3591100e+06   6.4880371e+01
   1.3592220e+06   4.8828125e+01
   1.3596230e+06   5.3222656e+01
   1.4810610e+06   4.7912598e+01
   1.4812240e+06   6.5917969e+01
   1.4813410e+06   6.6894531e+01
   1.4813990e+06   5.0842285e+01
   1.4814100e+06   5.2490234e+01
   1.4814850e+06   6.5307617e+01
   1.4815670e+06   5.4931641e+01
   1.4816340e+06   5.3833008e+01
   1.4817080e+06   5.7373047e+01
   1.4818110e+06   5.2062988e+01
   1.4819520e+06   5.4260254e+01
   1.4820830e+06   5.0964355e+01
   1.4823490e+06   5.2856445e+01
   1.4824350e+06   4.6936035e+01
   1.4825520e+06   5.1025391e+01
   1.4827670e+06   5.0170898e+01
   1.4829800e+06   4.7180176e+01
   1.4831800e+06   4.8095703e+01
   1.4834150e+06   5.1269531e+01
   1.5546050e+06   6.7260742e+01
   1.5547780e+06   5.8349609e+01
   1.5548490e+06   5.9204102e+01
   1.5549270e+06   5.4992676e+01
   1.5550230e+06   7.1899414e+01
   1.5551080e+06   5.7739258e+01
   1.5552140e+06   5.0964355e+01
   1.5553410e+06   6.0424805e+01
   1.5554750e+06   5.1086426e+01
   1.5556020e+06   5.8349609e+01
   1.5557130e+06   5.7556152e+01
   1.5559940e+06   4.8645020e+01
   1.5561840e+06   5.0964355e+01
   1.5563160e+06   4.8950195e+01
   1.5566100e+06   5.2551270e+01
   1.6364010e+06   4.8889160e+01
   1.6366040e+06   6.4270020e+01
   1.6366680e+06   4.7485352e+01
   1.6367350e+06   4.6020508e+01
   1.6367530e+06   5.3405762e+01
   1.6368300e+06   6.4147949e+01
   1.6369060e+06   5.5480957e+01
   1.6369830e+06   5.9265137e+01
   1.6370020e+06   4.7729492e+01
   1.6370860e+06   5.5358887e+01
   1.6372410e+06   5.1269531e+01
   1.6373270e+06   4.5288086e+01
   1.6373990e+06   5.3771973e+01
   1.6375300e+06   4.8339844e+01
   1.6376920e+06   5.2551270e+01
   1.6378720e+06   4.7363281e+01
   1.6382720e+06   6.4025879e+01
   1.6385820e+06   4.9743652e+01
   1.7288540e+06   7.1289062e+01
   1.7289540e+06   4.6020508e+01
   1.7290200e+06   7.1716309e+01
   1.7291150e+06   5.1208496e+01
   1.7292260e+06   6.0852051e+01
   1.7293200e+06   4.8828125e+01
   1.7293370e+06   4.6752930e+01
   1.7294470e+06   4.9987793e+01
   1.7296620e+06   6.8054199e+01
   1.7297930e+06   5.4809570e+01
   1.7299500e+06   6.5795898e+01
   1.7300690e+06   5.4138184e+01
   1.7305050e+06   5.9448242e+01
   1.8740880e+06   6.3720703e+01
   1.8741480e+06   4.9133301e+01
   1.8742430e+06   5.7189941e+01
   1.8743130e+06   6.3537598e+01
   1.8745240e+06   5.9753418e+01
   1.8746320e+06   5.9753418e+01
   1.8747740e+06   5.6884766e+01
   1.8748770e+06   5.7434082e+01
   1.8750070e+06   6.1340332e+01
   1.8751390e+06   6.3049316e+01
   1.8752940e+06   4.6813965e+01
   1.8755290e+06   7.3486328e+01
   1.8917260e+06   4.7119141e+01
   1.9550360e+06   4.5715332e+01
   1.9552080e+06   5.7739258e+01
   1.9552940e+06   6.2683105e+01
   1.9553620e+06   5.5725098e+01
   1.9554740e+06   5.5297852e+01
   1.9555710e+06   5.1025391e+01
   1.9556470e+06   6.9458008e+01
   1.9557710e+06   6.5063477e+01
   1.9558220e+06   4.7729492e+01
   1.9558660e+06   5.4809570e+01
   1.9560420e+06   5.3771973e+01
   1.9562910e+06   6.2072754e+01
   1.9564850e+06   6.2072754e+01
   1.9567980e+06   7.2875977e+01
   2.1180610e+06   5.1818848e+01
   2.1181910e+06   5.4687500e+01
   2.1182520e+06   5.0781250e+01
   2.1183270e+06   5.7556152e+01
   2.1183910e+06   6.1828613e+01
   2.1184790e+06   6.5917969e+01
   2.1185700e+06   5.0170898e+01
   2.1186620e+06   5.8471680e+01
   2.1187350e+06   4.6264648e+01
   2.1188490e+06   4.9682617e+01
   2.1189210e+06   5.2001953e+01
   2.1190440e+06   5.8898926e+01
   2.1191470e+06   5.0598145e+01
   2.1193100e+06   6.1035156e+01
   2.1194060e+06   5.1574707e+01
   2.1195110e+06   4.5715332e+01
   2.1195750e+06   6.3415527e+01
   2.1196680e+06   4.9743652e+01
   2.1198490e+06   4.6264648e+01
   2.1199720e+06   5.0903320e+01
   2.1201600e+06   6.0363770e+01
   2.1617030e+06   8.8012695e+01
   2.1617980e+06   7.6904297e+01
   2.1618710e+06   6.2805176e+01
   2.1619570e+06   5.9204102e+01
   2.1620550e+06   6.6955566e+01
   2.1621490e+06   5.5908203e+01
   2.1622570e+06   5.2307129e+01
   2.1623490e+06   5.4687500e+01
   2.1624430e+06   7.1289062e+01
   2.1625620e+06   6.2377930e+01
   2.1626490e+06   6.2072754e+01
   2.1627650e+06   5.3283691e+01
   2.1628620e+06   4.5410156e+01
   2.1629920e+06   6.2255859e+01
   2.1631630e+06   4.5593262e+01
   2.1632950e+06   4.6997070e+01
   2.2508350e+06   5.7434082e+01
   2.2509820e+06   6.2011719e+01
   2.2511040e+06   7.0861816e+01
   2.2512020e+06   5.1696777e+01
   2.2512800e+06   5.9448242e+01
   2.2513770e+06   6.2744141e+01
   2.2514630e+06   4.5593262e+01
   2.2515440e+06   4.9194336e+01
   2.2516400e+06   5.7373047e+01
   2.2517360e+06   4.9804688e+01
   2.2518550e+06   4.6020508e+01
   2.2519550e+06   6.3964844e+01
   2.2520330e+06   5.0842285e+01
   2.2521610e+06   5.3527832e+01
   2.2523410e+06   5.3588867e+01
   2.2524990e+06   5.4992676e+01
   2.2527550e+06   5.9814453e+01
   2.2528980e+06   6.4392090e+01
   2.2529910e+06   5.8288574e+01
   2.2531740e+06   4.6142578e+01
   2.2561640e+06   4.5471191e+01
   2.3503820e+06   4.7912598e+01
   2.3506130e+06   8.1909180e+01
   2.3506810e+06   5.7800293e+01
   2.3507570e+06   6.3598633e+01
   2.3508600e+06   5.4504395e+01
   2.3509940e+06   5.4504395e+01
   2.3511080e+06   4.7424316e+01
   2.3511880e+06   5.7617188e+01
   2.3513040e+06   6.2561035e+01
   2.3514170e+06   6.1218262e+01
   2.3515840e+06   6.4636230e+01
   2.3516720e+06   5.2124023e+01
   2.3518140e+06   4.9438477e+01
   2.3520240e+06   5.2246094e+01
   2.3521890e+06   5.6579590e+01
   2.3525350e+06   7.8430176e+01
   2.4460690e+06   6.6345215e+01
   2.4461900e+06   5.4321289e+01
   2.4462480e+06   6.6528320e+01
   2.4463350e+06   6.4758301e+01
   2.4464260e+06   5.5480957e+01
   2.4465290e+06   5.5969238e+01
   2.4466320e+06   5.1025391e+01
   2.4467420e+06   6.1096191e+01
   2.4468460e+06   4.8767090e+01
   2.4470160e+06   5.7189941e+01
   2.4471570e+06   4.9804688e+01
   2.4472790e+06   5.1269531e+01
   2.4474440e+06   6.1950684e+01
   2.4476720e+06   5.3649902e+01
   2.4478130e+06   5.1025391e+01
   2.4480140e+06   5.5908203e+01
   2.4484770e+06   4.6508789e+01
   2.5432200e+06   6.2988281e+01
   2.5433040e+06   5.5786133e+01
   2.5433570e+06   6.4147949e+01
   2.5434170e+06   5.8288574e+01
   2.5435020e+06   5.4626465e+01
   2.5436030e+06   5.5175781e+01
   2.5437040e+06   6.6162109e+01
   2.5437840e+06   5.7128906e+01
   2.5438640e+06   4.5715332e+01
   2.5439620e+06   4.5532227e+01
   2.5440660e+06   5.7556152e+01
   2.5441700e+06   7.1533203e+01
   2.5442710e+06   5.6579590e+01
   2.5444610e+06   5.4321289e+01
   2.5445900e+06   5.7434082e+01
   2.5447590e+06   5.0598145e+01
   2.5450170e+06   5.0170898e+01
   2.5453240e+06   5.4992676e+01
   2.6329740e+06   4.9499512e+01
   2.6330130e+06   6.2438965e+01
   2.6330850e+06   7.5622559e+01
   2.6331000e+06   4.6508789e+01
   2.6331730e+06   6.6040039e+01
   2.6332530e+06   5.6335449e+01
   2.6333680e+06   5.9326172e+01
   2.6334780e+06   5.8166504e+01
   2.6335770e+06   5.5603027e+01
   2.6337190e+06   4.6447754e+01
   2.6340240e+06   5.8471680e+01
   2.6341910e+06   6.5307617e+01
   2.6344020e+06   5.6640625e+01
   2.6346970e+06   6.3659668e+01
   2.6349580e+06   5.4321289e+01
   2.7336700e+06   8.7829590e+01
   2.7337350e+06   7.3974609e+01
   2.7338450e+06   6.7504883e+01
   2.7339440e+06   4.5410156e+01
   2.7341390e+06   7.9833984e+01
   2.7342300e+06   6.4636230e+01
   2.7343830e+06   6.7138672e+01
   2.7345830e+06   5.7678223e+01
   2.7347380e+06   4.8339844e+01
   2.7350270e+06   5.3649902e+01
   2.7352380e+06   6.1950684e+01
   2.8452150e+06   7.1777344e+01
   2.8453030e+06   7.4401855e+01
   2.8454050e+06   6.8054199e+01
   2.8455180e+06   5.4321289e+01
   2.8455830e+06   5.4992676e+01
   2.8456600e+06   4.8828125e+01
   2.8457730e+06   6.1035156e+01
   2.8458700e+06   5.9448242e+01
   2.8459470e+06   5.8227539e+01
   2.8460680e+06   5.6579590e+01
   2.8461640e+06   5.4016113e+01
   2.8462510e+06   6.0241699e+01
   2.8463500e+06   4.7729492e+01
   2.8464820e+06   6.0485840e+01
   2.8466050e+06   4.9682617e+01
   2.8466910e+06   6.3659668e+01
   2.8468830e+06   5.8105469e+01
   2.8470000e+06   5.1757812e+01
   2.8470960e+06   5.2246094e+01
   2.8472050e+06   4.6447754e+01
   2.8475300e+06   5.0842285e+01
   2.9762390e+06   4.9804688e+01
   2.9765410e+06   4.5837402e+01
   2.9765900e+06   7.5622559e+01
   2.9766690e+06   5.8471680e+01
   2.9767350e+06   6.5246582e+01
   2.9768080e+06   6.9396973e+01
   2.9769030e+06   8.2702637e+01
   2.9769700e+06   7.9711914e+01
   2.9770890e+06   5.2917480e+01
   2.9772510e+06   5.0170898e+01
   2.9773390e+06   6.3415527e+01
   2.9775030e+06   5.4809570e+01
   2.9777270e+06   7.6232910e+01
   2.9778560e+06   4.7546387e+01
   2.9780860e+06   5.3710938e+01
   2.9782300e+06   6.0363770e+01
   3.0343460e+06   7.7331543e+01
   3.0344520e+06   6.9641113e+01
   3.0345230e+06   6.5429688e+01
   3.0345960e+06   5.0109863e+01
   3.0346700e+06   5.1269531e+01
   3.0347450e+06   4.8461914e+01
   3.0348130e+06   5.6091309e+01
   3.0349310e+06   4.8095703e+01
   3.0350160e+06   7.3730469e+01
   3.0350820e+06   4.6203613e+01
   3.0351810e+06   5.4809570e+01
   3.0352850e+06   4.7729492e+01
   3.0354080e+06   6.8176270e+01
   3.0354860e+06   4.6386719e+01
   3.0355780e+06   5.1147461e+01
   3.0356800e+06   6.0424805e+01
   3.0359360e+06   5.0598145e+01
   3.0360110e+06   4.7912598e+01
   3.0360960e+06   4.6569824e+01
   3.0362130e+06   5.1757812e+01
   3.0363020e+06   4.5776367e+01
   3.0364230e+06   5.6152344e+01
   3.0365260e+06   4.9438477e+01
   3.0366390e+06   5.6640625e+01
   3.0368860e+06   4.8034668e+01
   3.0371340e+06   4.8645020e+01
   3.0378360e+06   6.4453125e+01
   3.1774490e+06   5.8227539e+01
   3.1774870e+06   7.2082520e+01
   3.1775590e+06   7.0617676e+01
   3.1776940e+06   8.1237793e+01
   3.1778160e+06   7.1044922e+01
   3.1779820e+06   6.5917969e+01
   3.1781560e+06   5.7128906e+01
   3.1781960e+06   4.6691895e+01
   3.1782420e+06   8.2031250e+01
   3.1783720e+06   6.6528320e+01
   3.1785600e+06   6.3537598e+01
   3.1787060e+06   5.1086426e+01
   3.1787920e+06   4.6752930e+01
   3.1790230e+06   5.1086426e+01
   3.1793200e+06   5.7861328e+01
   3.1794560e+06   6.0729980e+01
   3.1797350e+06   6.0363770e+01
   3.2549830e+06   5.2673340e+01
   3.2899780e+06   8.5754395e+01
   3.2900540e+06   7.7880859e+01
   3.2901180e+06   5.9020996e+01
   3.2902080e+06   6.1157227e+01
   3.2903030e+06   4.8583984e+01
   3.2904340e+06   7.8857422e+01
   3.2905240e+06   6.0607910e+01
   3.2906340e+06   5.4260254e+01
   3.2908070e+06   5.9570312e+01
   3.2910320e+06   5.8227539e+01
   3.2911320e+06   5.9997559e+01
   3.2912790e+06   6.7199707e+01
   3.2913960e+06   5.7250977e+01
   3.2915130e+06   5.1574707e+01
   3.2916400e+06   5.9448242e+01
   3.2919480e+06   5.7250977e+01
   3.3447770e+06   4.5776367e+01
   3.3448410e+06   6.6040039e+01
   3.3450120e+06   5.2917480e+01
   3.3450690e+06   7.5378418e+01
   3.3451300e+06   5.8654785e+01
   3.3452180e+06   5.9753418e+01
   3.3452820e+06   4.8461914e+01
   3.3453570e+06   6.4880371e+01
   3.3454250e+06   5.6030273e+01
   3.3455010e+06   4.9072266e+01
   3.3455940e+06   5.9814453e+01
   3.3456940e+06   5.6579590e+01
   3.3457710e+06   4.7790527e+01
   3.3458760e+06   5.8349609e+01
   3.3460040e+06   4.7912598e+01
   3.3460920e+06   6.9519043e+01
   3.3462070e+06   5.4626465e+01
   3.3463000e+06   4.8461914e+01
   3.3463990e+06   4.9865723e+01
   3.3464970e+06   4.6813965e+01
   3.3467060e+06   6.1340332e+01
   3.3469010e+06   5.8044434e+01
   3.3470470e+06   4.6386719e+01
   3.3471610e+06   4.6752930e+01
   3.3472720e+06   5.0109863e+01
   3.3474530e+06   6.5917969e+01
   3.3478070e+06   5.4443359e+01
   3.4128170e+06   7.6171875e+01
   3.4130050e+06   6.0363770e+01
   3.4130760e+06   6.3354492e+01
   3.4131400e+06   5.8654785e+01
   3.4132220e+06   6.5246582e+01
   3.4132950e+06   5.6579590e+01
   3.4133910e+06   7.1655273e+01
   3.4134910e+06   6.6589355e+01
   3.4135640e+06   4.7424316e+01
   3.4137220e+06   5.7678223e+01
   3.4138240e+06   6.3110352e+01
   3.4139360e+06   5.2734375e+01
   3.4140040e+06   5.5053711e+01
   3.4141360e+06   6.3110352e+01
   3.4142880e+06   5.7739258e+01
   3.4143810e+06   4.9377441e+01
   3.4145090e+06   5.9814453e+01
   3.4146150e+06   5.5114746e+01
   3.4147450e+06   4.6264648e+01
   3.4148500e+06   5.0109863e+01
   3.4149550e+06   4.7790527e+01
   3.4151250e+06   6.6162109e+01
   3.4153070e+06   4.6508789e+01
   3.4154230e+06   5.4687500e+01
   3.4155190e+06   5.8288574e+01
   3.4160500e+06   5.5053711e+01
   3.4162620e+06   4.8706055e+01
   3.4868410e+06   6.7443848e+01
   3.4869600e+06   7.3303223e+01
   3.4870050e+06   5.8471680e+01
   3.4870860e+06   7.1533203e+01
   3.4871640e+06   6.8054199e+01
   3.4872390e+06   5.2795410e+01
   3.4873410e+06   6.2500000e+01
   3.4874160e+06   4.5471191e+01
   3.4875030e+06   5.5114746e+01
   3.4876090e+06   4.7973633e+01
   3.4876490e+06   5.0415039e+01
   3.4877180e+06   5.9143066e+01
   3.4878070e+06   5.5114746e+01
   3.4879840e+06   5.3039551e+01
   3.4880840e+06   5.8898926e+01
   3.4881950e+06   5.7128906e+01
   3.4883480e+06   4.5532227e+01
   3.4884720e+06   4.9682617e+01
   3.4885730e+06   4.5715332e+01
   3.4887040e+06   5.9753418e+01
   3.4888860e+06   5.2612305e+01
   3.4890750e+06   5.4260254e+01
   3.4892860e+06   5.2856445e+01
   3.4894840e+06   6.4331055e+01
   3.4896370e+06   4.8828125e+01
   3.5933940e+06   6.5307617e+01
   3.5935780e+06   9.6923828e+01
   3.5936580e+06   5.0720215e+01
   3.5937720e+06   5.7250977e+01
   3.5938540e+06   5.6030273e+01
   3.5939250e+06   5.9020996e+01
   3.5939910e+06   6.3781738e+01
   3.5940790e+06   5.7189941e+01
   3.5941850e+06   5.9814453e+01
   3.5943770e+06   5.3771973e+01
   3.5944690e+06   5.0109863e+01
   3.5945800e+06   4.9377441e+01
   3.5946720e+06   5.5419922e+01
   3.5947700e+06   4.7912598e+01
   3.5948870e+06   4.6813965e+01
   3.5950070e+06   4.8950195e+01
   3.5950920e+06   5.1574707e+01
   3.5952410e+06   5.2673340e+01
   3.5954530e+06   4.6936035e+01
   3.5955640e+06   6.0302734e+01
   3.5957700e+06   5.7067871e+01
   3.6790430e+06   6.5490723e+01
   3.6791380e+06   4.6569824e+01
   3.6791850e+06   5.5908203e+01
   3.6792660e+06   7.0861816e+01
   3.6793560e+06   5.2246094e+01
   3.6794340e+06   4.6203613e+01
   3.6795390e+06   6.0546875e+01
   3.6796430e+06   6.2683105e+01
   3.6797420e+06   6.4697266e+01
   3.6798370e+06   5.5053711e+01
   3.6799650e+06   6.2194824e+01
   3.6800770e+06   5.5419922e+01
   3.6801670e+06   4.5532227e+01
   3.6802890e+06   4.8645020e+01
   3.6804510e+06   5.6091309e+01
   3.6806180e+06   5.8593750e+01
   3.6807470e+06   6.3842773e+01
   3.6809470e+06   5.7250977e+01
   3.7735250e+06   5.9692383e+01
   3.7735750e+06   4.7485352e+01
   3.7736260e+06   6.4025879e+01
   3.7736950e+06   5.2551270e+01
   3.7737930e+06   6.5917969e+01
   3.7738910e+06   5.7067871e+01
   3.7739820e+06   5.7250977e+01
   3.7740570e+06   6.3110352e+01
   3.7742140e+06   6.2866211e+01
   3.7743910e+06   5.7006836e+01
   3.7744750e+06   5.5297852e+01
   3.7745960e+06   5.4321289e+01
   3.7747690e+06   5.7373047e+01
   3.7748700e+06   5.9936523e+01
   3.7749990e+06   5.0720215e+01
   3.7751570e+06   6.0852051e+01
   3.7753160e+06   5.6213379e+01
   3.8749550e+06   4.8645020e+01
   3.8749990e+06   8.5571289e+01
   3.8751470e+06   6.8359375e+01
   3.8752400e+06   7.1777344e+01
   3.8753220e+06   5.9631348e+01
   3.8754300e+06   7.5866699e+01
   3.8755960e+06   6.4819336e+01
   3.8757420e+06   5.9509277e+01
   3.8759430e+06   6.5002441e+01
   3.8762610e+06   6.8115234e+01
   3.8764090e+06   5.1269531e+01
   3.9526580e+06   4.8706055e+01
   3.9527250e+06   6.9458008e+01
   3.9527850e+06   7.1350098e+01
   3.9528730e+06   7.5073242e+01
   3.9529860e+06   6.5063477e+01
   3.9531220e+06   5.4504395e+01
   3.9532050e+06   7.0251465e+01
   3.9533180e+06   6.2683105e+01
   3.9534300e+06   6.9030762e+01
   3.9535850e+06   4.9865723e+01
   3.9536870e+06   6.0058594e+01
   3.9537880e+06   5.5908203e+01
   3.9540100e+06   5.8898926e+01
   3.9542350e+06   5.7800293e+01
   4.0360390e+06   6.8603516e+01
   4.0361480e+06   6.8542480e+01
   4.0362980e+06   7.5317383e+01
   4.0364310e+06   6.4147949e+01
   4.0365400e+06   7.0800781e+01
   4.0367110e+06   4.7607422e+01
   4.0367790e+06   6.3903809e+01
   4.0369520e+06   4.8095703e+01
   4.0371570e+06   4.6264648e+01
   4.0373640e+06   5.5725098e+01
   4.0375160e+06   6.3659668e+01
   4.0377550e+06   6.3598633e+01
   4.0809450e+06   4.5471191e+01
   4.0810610e+06   6.2866211e+01
   4.0810950e+06   4.9621582e+01
   4.0811470e+06   7.5500488e+01
   4.0812160e+06   6.2805176e+01
   4.0813460e+06   6.6894531e+01
   4.0814740e+06   6.5307617e+01
   4.0815720e+06   5.0170898e+01
   4.0817520e+06   6.4636230e+01
   4.0818500e+06   5.5175781e+01
   4.0820280e+06   6.1645508e+01
   4.0822630e+06   6.1645508e+01
   4.0823930e+06   6.3293457e+01
   4.0828130e+06   5.2978516e+01
   4.1702540e+06   7.3608398e+01
   4.1703160e+06   5.0476074e+01
   4.1703970e+06   4.8339844e+01
   4.1704690e+06   5.8105469e+01
   4.1705640e+06   6.6772461e+01
   4.1706760e+06   6.0974121e+01
   4.1707200e+06   5.0720215e+01
   4.1708170e+06   7.2631836e+01
   4.1709430e+06   5.0659180e+01
   4.1710430e+06   5.2612305e+01
   4.1712100e+06   5.1879883e+01
   4.1712930e+06   6.1462402e+01
   4.1714580e+06   6.6589355e+01
   4.1715780e+06   5.1025391e+01
   4.1719180e+06   7.3425293e+01
   4.2584430e+06   6.3171387e+01
   4.2585480e+06   7.3791504e+01
   4.2586300e+06   5.6030273e+01
   4.2587280e+06   6.4208984e+01
   4.2588510e+06   5.7250977e+01
   4.2589530e+06   5.5175781e+01
   4.2590150e+06   6.4697266e+01
   4.2591950e+06   5.6640625e+01
   4.2592950e+06   4.6569824e+01
   4.2593840e+06   7.1044922e+01
   4.2595040e+06   5.8105469e+01
   4.2597240e+06   5.8898926e+01
   4.2598400e+06   5.2551270e+01
   4.2599390e+06   4.9316406e+01
   4.2600510e+06   5.4992676e+01
   4.2603020e+06   5.8349609e+01
   4.3148000e+06   4.8400879e+01
   4.3421920e+06   9.3017578e+01
   4.3423360e+06   4.7058105e+01
   4.3423650e+06   5.5908203e+01
   4.3424600e+06   7.4951172e+01
   4.3425450e+06   6.3293457e+01
   4.3426600e+06   5.8776855e+01
   4.3427410e+06   5.0292969e+01
   4.3428400e+06   6.7504883e+01
   4.3429470e+06   5.6518555e+01
   4.3430910e+06   5.2490234e+01
   4.3432450e+06   6.5307617e+01
   4.3433310e+06   5.0170898e+01
   4.3435610e+06   5.5358887e+01
   4.3439030e+06   5.2062988e+01
   4.3920940e+06   4.7607422e+01
   4.3921820e+06   4.9011230e+01
   4.3922730e+06   7.1960449e+01
   4.3923650e+06   5.3466797e+01
   4.3924390e+06   4.5593262e+01
   4.3925300e+06   5.9265137e+01
   4.3926100e+06   5.6518555e+01
   4.3927190e+06   5.2795410e+01
   4.3928100e+06   5.0598145e+01
   4.3930160e+06   5.8715820e+01
   4.3930390e+06   4.7851562e+01
   4.3931360e+06   6.0485840e+01
   4.3932240e+06   4.6447754e+01
   4.3933230e+06   6.4697266e+01
   4.3934510e+06   4.6569824e+01
   4.3935050e+06   6.0974121e+01
   4.3936190e+06   5.2429199e+01
   4.3937960e+06   5.9020996e+01
   4.3940370e+06   7.4035645e+01
   4.4395110e+06   7.1411133e+01
   4.4395500e+06   4.6691895e+01
   4.4396160e+06   5.1818848e+01
   4.4396330e+06   5.1391602e+01
   4.4397170e+06   4.6020508e+01
   4.4397830e+06   4.7424316e+01
   4.4398590e+06   6.8420410e+01
   4.4399680e+06   5.2734375e+01
   4.4400450e+06   6.3903809e+01
   4.4400820e+06   4.6020508e+01
   4.4401540e+06   5.5236816e+01
   4.4402800e+06   7.0739746e+01
   4.4404400e+06   4.8583984e+01
   4.4405270e+06   6.5551758e+01
   4.4406610e+06   6.2194824e+01
   4.4407700e+06   6.3110352e+01
   4.4408730e+06   6.1035156e+01
   4.4410280e+06   4.9255371e+01
   4.4411630e+06   5.6335449e+01
   4.4413390e+06   5.1818848e+01
   4.4415560e+06   5.8410645e+01
   4.4814780e+06   7.4035645e+01
   4.4816670e+06   5.9814453e+01
   4.4817390e+06   8.4350586e+01
   4.4818160e+06   5.0964355e+01
   4.4818930e+06   5.7373047e+01
   4.4819610e+06   5.6457520e+01
   4.4820940e+06   6.0974121e+01
   4.4822360e+06   5.3344727e+01
   4.4823400e+06   6.8969727e+01
   4.4824530e+06   6.1767578e+01
   4.4825920e+06   5.7067871e+01
   4.4827540e+06   5.6640625e+01
   4.4828380e+06   5.4138184e+01
   4.4830520e+06   6.9274902e+01
   4.4833110e+06   5.1147461e+01
   4.4835080e+06   6.9641113e+01
   4.4838330e+06   5.7312012e+01
   4.5883640e+06   9.0026855e+01
   4.5883960e+06   5.9631348e+01
   4.5884780e+06   6.1279297e+01
   4.5885480e+06   5.4931641e+01
   4.5886420e+06   5.6518555e+01
   4.5887100e+06   6.0791016e+01
   4.5888670e+06   6.9030762e+01
   4.5890200e+06   5.5480957e+01
   4.5891090e+06   5.7189941e+01
   4.5893180e+06   7.0556641e+01
   4.5893950e+06   4.9682617e+01
   4.5895100e+06   5.8776855e+01
   4.5896010e+06   4.5715332e+01
   4.5896650e+06   5.8959961e+01
   4.5898340e+06   6.2866211e+01
   4.5900310e+06   6.0180664e+01
   4.6476880e+06   7.0617676e+01
   4.6477500e+06   4.7729492e+01
   4.6477980e+06   7.5195312e+01
   4.6479040e+06   6.0913086e+01
   4.6479610e+06   4.6081543e+01
   4.6480380e+06   5.2062988e+01
   4.6481340e+06   4.9987793e+01
   4.6482290e+06   6.7871094e+01
   4.6483120e+06   4.6203613e+01
   4.6483970e+06   5.9631348e+01
   4.6485190e+06   5.9509277e+01
   4.6486370e+06   5.4199219e+01
   4.6487790e+06   5.0476074e+01
   4.6488580e+06   5.5480957e+01
   4.6489550e+06   5.4992676e+01
   4.6491260e+06   4.7241211e+01
   4.6492890e+06   5.7861328e+01
   4.6494940e+06   5.5175781e+01
   4.6496530e+06   5.2917480e+01
   4.6499570e+06   5.0903320e+01
   4.7423480e+06   6.8115234e+01
   4.7424410e+06   7.6049805e+01
   4.7425540e+06   5.9387207e+01
   4.7426640e+06   5.9082031e+01
   4.7427470e+06   5.9326172e+01
   4.7428940e+06   5.1147461e+01
   4.7430230e+06   6.1584473e+01
   4.7431410e+06   6.7687988e+01
   4.7432210e+06   5.8959961e+01
   4.7434400e+06   6.4208984e+01
   4.7435370e+06   6.9946289e+01
   4.7436490e+06   5.4504395e+01
   4.7438260e+06   5.8654785e+01
   4.7439980e+06   5.3100586e+01
   4.7441890e+06   5.3955078e+01
   4.8419890e+06   4.7851562e+01
   4.8421220e+06   7.4462891e+01
   4.8422140e+06   5.7434082e+01
   4.8422920e+06   6.8847656e+01
   4.8423720e+06   5.9326172e+01
   4.8424500e+06   5.9631348e+01
   4.8425580e+06   4.6447754e+01
   4.8426920e+06   5.8959961e+01
   4.8428020e+06   6.1767578e+01
   4.8429050e+06   5.6396484e+01
   4.8430090e+06   5.7006836e+01
   4.8431050e+06   4.5654297e+01
   4.8432300e+06   6.4208984e+01
   4.8434360e+06   4.9865723e+01
   4.8435800e+06   5.0292969e+01
   4.8437720e+06   4.5471191e+01
   4.8440390e+06   4.7790527e+01
   4.9045530e+06   7.0312500e+01
   4.9047610e+06   7.1166992e+01
   4.9048200e+06   5.1208496e+01
   4.9049300e+06   5.9020996e+01
   4.9050370e+06   7.5439453e+01
   4.9051180e+06   6.2316895e+01
   4.9052240e+06   6.3659668e+01
   4.9053100e+06   4.8034668e+01
   4.9053880e+06   6.0180664e+01
   4.9054990e+06   4.5837402e+01
   4.9055860e+06   4.9072266e+01
   4.9056830e+06   5.3466797e+01
   4.9057650e+06   5.2795410e+01
   4.9059110e+06   6.0852051e+01
   4.9060270e+06   6.8054199e+01
   4.9061860e+06   4.9560547e+01
   4.9062740e+06   4.6691895e+01
   4.9063970e+06   4.9316406e+01
   4.9066170e+06   5.0842285e+01
   4.9067800e+06   5.1818848e+01
   4.9069360e+06   5.0354004e+01
   5.0014470e+06   4.9865723e+01
   5.0015390e+06   6.0485840e+01
   5.0015960e+06   6.5124512e+01
   5.0017140e+06   4.5532227e+01
   5.0018040e+06   7.1716309e+01
   5.0018790e+06   6.4025879e+01
   5.0019720e+06   7.6232910e+01
   5.0020630e+06   6.1523438e+01
   5.0021740e+06   6.2622070e+01
   5.0023000e+06   6.7321777e+01
   5.0024080e+06   4.9377441e+01
   5.0025140e+06   5.4443359e+01
   5.0026700e+06   5.4382324e+01
   5.0027950e+06   4.9377441e+01
   5.0029560e+06   5.4199219e+01
   5.0031240e+06   4.8339844e+01
   5.0033370e+06   5.4321289e+01
   5.0889450e+06   7.2143555e+01
   5.0891120e+06   7.0495605e+01
   5.0891820e+06   5.2246094e+01
   5.0892820e+06   5.9143066e+01
   5.0893920e+06   5.3222656e+01
   5.0895740e+06   6.4025879e+01
   5.0896540e+06   5.1635742e+01
   5.0897320e+06   4.6203613e+01
   5.0898420e+06   6.1401367e+01
   5.0899400e+06   5.6640625e+01
   5.0900460e+06   5.6518555e+01
   5.0901270e+06   5.1879883e+01
   5.0902310e+06   5.7006836e+01
   5.0903140e+06   4.5959473e+01
   5.0904140e+06   5.6762695e+01
   5.0905070e+06   5.6701660e+01
   5.0908710e+06   5.6335449e+01
   5.0911340e+06   5.3527832e+01
   5.0913310e+06   5.8471680e+01
   5.1744590e+06   4.8339844e+01
   5.1745340e+06   5.8227539e+01
   5.1746510e+06   6.2561035e+01
   5.1747130e+06   5.6518555e+01
   5.1748240e+06   6.0546875e+01
   5.1749060e+06   5.3955078e+01
   5.1750150e+06   7.5012207e+01
   5.1751740e+06   5.3405762e+01
   5.1752620e+06   5.6030273e+01
   5.1754380e+06   6.5490723e+01
   5.1756070e+06   5.6518555e+01
   5.1757290e+06   7.3303223e+01
   5.1758330e+06   4.9682617e+01
   5.1759860e+06   5.1574707e+01
   5.1761210e+06   5.2246094e+01
   5.1763140e+06   5.1879883e+01
   5.2454710e+06   4.9621582e+01
   5.2456760e+06   6.6284180e+01
   5.2457320e+06   7.2387695e+01
   5.2458180e+06   6.0607910e+01
   5.2459100e+06   6.2133789e+01
   5.2459880e+06   6.0546875e+01
   5.2461710e+06   6.1401367e+01
   5.2462950e+06   6.5063477e+01
   5.2464350e+06   5.7617188e+01
   5.2465660e+06   5.9326172e+01
   5.2466820e+06   6.6223145e+01
   5.2469130e+06   7.2753906e+01
   5.2470350e+06   5.0292969e+01
   5.2472070e+06   5.3466797e+01
   5.2474500e+06   4.6447754e+01
   5.3150320e+06   5.1025391e+01
   5.3151610e+06   5.6030273e+01
   5.3152200e+06   6.7077637e+01
   5.3152960e+06   5.4748535e+01
   5.3153790e+06   6.2622070e+01
   5.3154840e+06   5.8227539e+01
   5.3155420e+06   4.9438477e+01
   5.3156290e+06   6.1584473e+01
   5.3157300e+06   5.6091309e+01
   5.3158530e+06   5.4748535e+01
   5.3159420e+06   5.1757812e+01
   5.3160610e+06   4.7973633e+01
   5.3161540e+06   6.0119629e+01
   5.3162660e+06   5.7495117e+01
   5.3163830e+06   6.0241699e+01
   5.3164860e+06   4.6569824e+01
   5.3165860e+06   5.2917480e+01
   5.3166930e+06   6.3232422e+01
   5.3168690e+06   5.1452637e+01
   5.3172390e+06   5.7861328e+01
   5.3908370e+06   6.4270020e+01
   5.3909380e+06   6.9335937e+01
   5.3910690e+06   6.9274902e+01
   5.3911560e+06   6.0729980e+01
   5.3912540e+06   6.8359375e+01
   5.3914160e+06   6.3476562e+01
   5.3916180e+06   6.2194824e+01
   5.3917300e+06   6.1096191e+01
   5.3918480e+06   6.6223145e+01
   5.3919720e+06   6.4819336e+01
   5.3921450e+06   6.0058594e+01
   5.3922690e+06   5.6030273e+01
   5.3924290e+06   6.2500000e+01
   5.4735430e+06   4.6447754e+01
   5.4737150e+06   6.1340332e+01
   5.4738000e+06   5.5725098e+01
   5.4738720e+06   5.4626465e+01
   5.4739520e+06   5.6274414e+01
   5.4740090e+06   5.2551270e+01
   5.4740820e+06   4.9194336e+01
   5.4741850e+06   6.4636230e+01
   5.4742790e+06   4.7302246e+01
   5.4743920e+06   5.8044434e+01
   5.4745060e+06   4.8950195e+01
   5.4745920e+06   4.6752930e+01
   5.4746700e+06   5.9509277e+01
   5.4747940e+06   5.6274414e+01
   5.4748830e+06   5.0354004e+01
   5.4749620e+06   5.2490234e+01
   5.4750490e+06   5.5969238e+01
   5.4751620e+06   6.1279297e+01
   5.4752700e+06   4.7851562e+01
   5.4754830e+06   5.0354004e+01
   5.5563470e+06   5.2429199e+01
   5.5563800e+06   7.2875977e+01
   5.5565280e+06   4.6508789e+01
   5.5565410e+06   5.7312012e+01
   5.5566200e+06   5.5725098e+01
   5.5567440e+06   6.6467285e+01
   5.5568570e+06   6.2622070e+01
   5.5569280e+06   6.3537598e+01
   5.5570480e+06   5.0720215e+01
   5.5572470e+06   6.7016602e+01
   5.5573990e+06   7.0251465e+01
   5.5575280e+06   5.9570312e+01
   5.5576820e+06   5.6152344e+01
   5.5577920e+06   4.9926758e+01
   5.5579040e+06   6.8054199e+01
   5.5580090e+06   4.7485352e+01
   5.5581740e+06   5.3894043e+01
   5.5585620e+06   6.8298340e+01
   5.6255170e+06   5.6396484e+01
   5.6255800e+06   6.8603516e+01
   5.6256560e+06   7.4707031e+01
   5.6257420e+06   5.8532715e+01
   5.6258540e+06   6.0424805e+01
   5.6259560e+06   6.2194824e+01
   5.6260610e+06   6.3781738e+01
   5.6262370e+06   5.3527832e+01
   5.6263390e+06   5.9204102e+01
   5.6264540e+06   5.4321289e+01
   5.6265600e+06   6.6101074e+01
   5.6266720e+06   5.4687500e+01
   5.6268420e+06   4.9377441e+01
   5.6269570e+06   5.6274414e+01
   5.6272210e+06   5.5664062e+01
   5.7278640e+06   7.1411133e+01
   5.7280050e+06   6.5856934e+01
   5.7280720e+06   5.5847168e+01
   5.7282240e+06   5.4199219e+01
   5.7283050e+06   4.6752930e+01
   5.7284390e+06   6.8908691e+01
   5.7285390e+06   6.4208984e+01
   5.7286760e+06   5.5480957e+01
   5.7287730e+06   6.3903809e+01
   5.7288910e+06   4.9804687e+01
   5.7290590e+06   4.8034668e+01
   5.7291540e+06   5.2368164e+01
   5.7292430e+06   6.5795898e+01
   5.7293390e+06   4.9011230e+01
   5.7295210e+06   5.3833008e+01
   5.7298390e+06   6.3415527e+01
   5.7918750e+06   6.4514160e+01
   5.7919520e+06   7.3303223e+01
   5.7920270e+06   5.2368164e+01
   5.7920950e+06   6.8786621e+01
   5.7921670e+06   6.5490723e+01
   5.7922250e+06   5.5603027e+01
   5.7923180e+06   5.8593750e+01
   5.7923990e+06   5.2124023e+01
   5.7925380e+06   6.0791016e+01
   5.7926330e+06   4.7302246e+01
   5.7927180e+06   5.4077148e+01
   5.7929310e+06   6.4697266e+01
   5.7930460e+06   5.7189941e+01
   5.7931740e+06   4.7241211e+01
   5.7933060e+06   5.6213379e+01
   5.7934720e+06   5.3771973e+01
   5.7936020e+06   5.6213379e+01
   5.7937140e+06   4.8950195e+01
   5.7939280e+06   5.0476074e+01
   5.8703120e+06   5.6762695e+01
   5.8704020e+06   6.7871094e+01
   5.8704650e+06   5.3894043e+01
   5.8705380e+06   6.6772461e+01
   5.8706280e+06   6.0791016e+01
   5.8707420e+06   6.2377930e+01
   5.8708400e+06   5.9875488e+01
   5.8709640e+06   5.3955078e+01
   5.8710830e+06   5.1513672e+01
   5.8712490e+06   5.8898926e+01
   5.8713560e+06   5.6640625e+01
   5.8714390e+06   4.5654297e+01
   5.8715740e+06   5.1635742e+01
   5.8716650e+06   5.6823730e+01
   5.8718510e+06   6.3659668e+01
   5.8720130e+06   5.0659180e+01
   5.9357270e+06   6.5734863e+01
   5.9358000e+06   4.5654297e+01
   5.9358470e+06   7.4218750e+01
   5.9359170e+06   5.2612305e+01
   5.9359840e+06   7.3120117e+01
   5.9360490e+06   6.4697266e+01
   5.9361280e+06   7.0495605e+01
   5.9362330e+06   6.1767578e+01
   5.9363350e+06   6.6528320e+01
   5.9364520e+06   4.9011230e+01
   5.9365950e+06   5.5603027e+01
   5.9368820e+06   4.9072266e+01
   5.9372450e+06   6.0852051e+01
   6.0126270e+06   5.0537109e+01
   6.0126600e+06   4.8828125e+01
   6.0127490e+06   6.6223145e+01
   6.0128160e+06   5.9997559e+01
   6.0128880e+06   5.6579590e+01
   6.0129980e+06   5.6945801e+01
   6.0130740e+06   4.7973633e+01
   6.0131670e+06   4.7546387e+01
   6.0132770e+06   4.6997070e+01
   6.0133210e+06   6.1950684e+01
   6.0134550e+06   4.9011230e+01
   6.0135590e+06   5.3894043e+01
   6.0136510e+06   4.6386719e+01
   6.0137530e+06   5.7067871e+01
   6.0138390e+06   5.6213379e+01
   6.0139460e+06   5.6396484e+01
   6.0140670e+06   6.0729980e+01
   6.0142180e+06   5.0964355e+01
   6.0145240e+06   6.2744141e+01
   6.1151970e+06   7.1044922e+01
   6.1152550e+06   5.9387207e+01
   6.1154000e+06   7.3791504e+01
   6.1155270e+06   6.6894531e+01
   6.1156220e+06   6.1584473e+01
   6.1157280e+06   6.2988281e+01
   6.1158020e+06   6.3232422e+01
   6.1159450e+06   5.7250977e+01
   6.1161060e+06   5.2856445e+01
   6.1162360e+06   4.9438477e+01
   6.1163610e+06   5.7678223e+01
   6.1165150e+06   6.5734863e+01
   6.1166320e+06   4.7424316e+01
   6.1168340e+06   5.1330566e+01
   6.1508220e+06   7.1716309e+01
   6.1508860e+06   5.8288574e+01
   6.1509780e+06   5.5969238e+01
   6.1510590e+06   5.9204102e+01
   6.1511560e+06   7.2326660e+01
   6.1512820e+06   5.4992676e+01
   6.1513830e+06   6.8420410e+01
   6.1514840e+06   5.3344727e+01
   6.1516570e+06   4.8828125e+01
   6.1517740e+06   4.9133301e+01
   6.1518790e+06   6.1157227e+01
   6.1519680e+06   4.7607422e+01
   6.1520470e+06   5.3955078e+01
   6.1521890e+06   5.8776855e+01
   6.1525980e+06   4.6386719e+01
   6.2639160e+06   5.0170898e+01
   6.2639710e+06   7.2448730e+01
   6.2640400e+06   5.2612305e+01
   6.2641430e+06   5.9265137e+01
   6.2642440e+06   5.6945801e+01
   6.2643200e+06   5.2124023e+01
   6.2644360e+06   4.9011230e+01
   6.2646110e+06   5.6762695e+01
   6.2647110e+06   5.6640625e+01
   6.2647630e+06   4.9682617e+01
   6.2648040e+06   6.1645508e+01
   6.2648880e+06   4.6752930e+01
   6.2650840e+06   6.2377930e+01
   6.2651660e+06   4.7668457e+01
   6.2652590e+06   4.5837402e+01
   6.2655270e+06   5.2612305e+01
   6.2656550e+06   5.3283691e+01
   6.2660200e+06   6.0913086e+01
   6.3207960e+06   4.6630859e+01
   6.3208170e+06   5.6579590e+01
   6.3209260e+06   6.3964844e+01
   6.3209870e+06   7.3120117e+01
   6.3210560e+06   5.1086426e+01
   6.3211430e+06   5.2856445e+01
   6.3212560e+06   6.8176270e+01
   6.3213750e+06   6.1096191e+01
   6.3214730e+06   4.8522949e+01
   6.3215960e+06   6.6650391e+01
   6.3216910e+06   5.9814453e+01
   6.3218210e+06   7.4279785e+01
   6.3219070e+06   4.6203613e+01
   6.3221350e+06   4.9987793e+01
   6.3223290e+06   5.2490234e+01
   6.3225340e+06   5.9631348e+01
   6.4137020e+06   5.2917480e+01
   6.4138160e+06   5.7678223e+01
   6.4138590e+06   6.1279297e+01
   6.4139400e+06   5.6579590e+01
   6.4140380e+06   6.1462402e+01
   6.4141820e+06   4.8828125e+01
   6.4143500e+06   6.6711426e+01
   6.4144420e+06   6.3659668e+01
   6.4145370e+06   5.1513672e+01
   6.4146370e+06   5.2673340e+01
   6.4147740e+06   6.2194824e+01
   6.4148890e+06   5.2978516e+01
   6.4150270e+06   5.6945801e+01
   6.4151240e+06   5.0170898e+01
   6.4153020e+06   5.8532715e+01
   6.5316340e+06   4.5959473e+01
   6.5316680e+06   6.6284180e+01
   6.5317520e+06   6.4331055e+01
   6.5318370e+06   7.2875977e+01
   6.5319410e+06   5.8898926e+01
   6.5320610e+06   6.3049316e+01
   6.5321410e+06   5.0659180e+01
   6.5322590e+06   5.9509277e+01
   6.5324080e+06   5.0354004e+01
   6.5325700e+06   5.0720215e+01
   6.5328030e+06   6.7932129e+01
   6.5329490e+06   5.6091309e+01
   6.5330370e+06   5.6396484e+01
   6.5331790e+06   6.3720703e+01
   6.6271710e+06   5.4382324e+01
   6.6272900e+06   6.5734863e+01
   6.6273490e+06   5.3710938e+01
   6.6274710e+06   6.7321777e+01
   6.6275500e+06   5.4687500e+01
   6.6276220e+06   6.2561035e+01
   6.6276880e+06   5.9814453e+01
   6.6278130e+06   6.9152832e+01
   6.6278990e+06   5.1635742e+01
   6.6280110e+06   5.2612305e+01
   6.6280910e+06   5.1147461e+01
   6.6282410e+06   5.3710938e+01
   6.6283410e+06   6.0668945e+01
   6.6286550e+06   4.9804688e+01
   6.6287630e+06   4.8889160e+01
   6.6290800e+06   5.9753418e+01
   6.7372600e+06   6.9824219e+01
   6.7373690e+06   6.2500000e+01
   6.7374460e+06   6.1035156e+01
   6.7375260e+06   5.9631348e+01
   6.7376400e+06   6.6833496e+01
   6.7377490e+06   6.2072754e+01
   6.7378600e+06   5.5908203e+01
   6.7379520e+06   5.9753418e+01
   6.7381070e+06   4.9682617e+01
   6.7381880e+06   4.7180176e+01
   6.7383010e+06   5.6152344e+01
   6.7384380e+06   5.6945801e+01
   6.7385670e+06   5.6396484e+01
   6.7387010e+06   4.9133301e+01
   6.7388230e+06   4.6630859e+01
   6.7389910e+06   5.1696777e+01
   6.8816970e+06   7.1777344e+01
   6.8818440e+06   6.1035156e+01
   6.8819000e+06   6.7138672e+01
   6.8819880e+06   5.1147461e+01
   6.8820890e+06   5.8837891e+01
   6.8821640e+06   6.5002441e+01
   6.8822650e+06   6.9519043e+01
   6.8823540e+06   4.9377441e+01
   6.8824780e+06   5.0537109e+01
   6.8825580e+06   4.8583984e+01
   6.8826740e+06   5.9204102e+01
   6.8827680e+06   6.0668945e+01
   6.8828730e+06   7.1899414e+01
   6.8829710e+06   5.4443359e+01
   6.8830550e+06   5.2917480e+01
   6.8831650e+06   6.0485840e+01
   6.8834080e+06   5.0170898e+01
   6.8837200e+06   6.0791016e+01
   6.8838220e+06   5.0415039e+01
   6.8839400e+06   4.7119141e+01
   6.8840810e+06   6.1828613e+01
   6.8844770e+06   5.8166504e+01
   6.8846980e+06   5.8837891e+01
   6.9565120e+06   7.8002930e+01
   6.9565870e+06   6.7993164e+01
   6.9566910e+06   6.1157227e+01
   6.9567770e+06   5.7189941e+01
   6.9568700e+06   4.7668457e+01
   6.9569750e+06   6.1645508e+01
   6.9570490e+06   6.0852051e+01
   6.9571360e+06   5.8715820e+01
   6.9572490e+06   6.1828613e+01
   6.9573600e+06   6.2744141e+01
   6.9574390e+06   5.8837891e+01
   6.9576680e+06   6.0180664e+01
   6.9577790e+06   5.6091309e+01
   6.9578740e+06   5.1879883e+01
   6.9579780e+06   5.5541992e+01
   6.9581380e+06   5.8471680e+01
   6.9582610e+06   5.4260254e+01
   6.9584060e+06   5.1818848e+01
   6.9585100e+06   5.8349609e+01
   7.0393200e+06   6.8481445e+01
   7.0394040e+06   7.8125000e+01
   7.0395430e+06   6.1645508e+01
   7.0397260e+06   6.1462402e+01
   7.0398150e+06   5.9631348e+01
   7.0399190e+06   5.1574707e+01
   7.0401060e+06   5.8654785e+01
   7.0401730e+06   4.7424316e+01
   7.0402650e+06   5.5725098e+01
   7.0403510e+06   5.0720215e+01
   7.0404320e+06   5.3894043e+01
   7.0405360e+06   5.2124023e+01
   7.0406390e+06   4.8278809e+01
   7.0407920e+06   4.8217773e+01
   7.0409240e+06   4.6508789e+01
   7.0411500e+06   5.4504395e+01
   7.0413260e+06   4.9255371e+01
   7.0414280e+06   4.7546387e+01
   7.0415370e+06   6.2805176e+01
   7.0416680e+06   5.2001953e+01
   7.0418420e+06   6.4819336e+01
   7.0421800e+06   5.9936523e+01
   7.0423800e+06   5.4016113e+01
   7.1195140e+06   4.7424316e+01
   7.1196460e+06   6.9152832e+01
   7.1197440e+06   8.3435059e+01
   7.1198320e+06   5.8410645e+01
   7.1199140e+06   5.6701660e+01
   7.1200140e+06   4.6875000e+01
   7.1200940e+06   5.1452637e+01
   7.1201790e+06   6.4514160e+01
   7.1202560e+06   5.1696777e+01
   7.1203340e+06   6.4392090e+01
   7.1204380e+06   6.1828613e+01
   7.1205310e+06   5.4443359e+01
   7.1205860e+06   4.6936035e+01
   7.1206240e+06   4.5837402e+01
   7.1207170e+06   4.7607422e+01
   7.1207910e+06   5.6640625e+01
   7.1208700e+06   5.7861328e+01
   7.1209630e+06   5.7067871e+01
   7.1210470e+06   5.7800293e+01
   7.1211490e+06   4.9377441e+01
   7.1212550e+06   5.3955078e+01
   7.1213220e+06   4.6264648e+01
   7.1215690e+06   5.3283691e+01
   7.1217990e+06   5.1330566e+01
   7.1219830e+06   4.8095703e+01
   7.1222570e+06   5.0903320e+01
   7.2109170e+06   4.6325684e+01
   7.2110050e+06   5.5419922e+01
   7.2110940e+06   4.6203613e+01
   7.2111420e+06   5.2978516e+01
   7.2112210e+06   5.6030273e+01
   7.2112780e+06   6.2805176e+01
   7.2113400e+06   5.6091309e+01
   7.2115200e+06   5.1269531e+01
   7.2115920e+06   6.1462402e+01
   7.2116530e+06   4.7607422e+01
   7.2117610e+06   5.2429199e+01
   7.2118450e+06   5.4626465e+01
   7.2119230e+06   5.0537109e+01
   7.2120630e+06   6.0058594e+01
   7.2121440e+06   4.6875000e+01
   7.2123310e+06   5.3466797e+01
   7.2125630e+06   5.3588867e+01
   7.2126620e+06   6.1340332e+01
   7.2127460e+06   4.6813965e+01
   7.2131710e+06   5.5053711e+01
   7.3142660e+06   6.7749023e+01
   7.3143320e+06   4.8034668e+01
   7.3144450e+06   7.3364258e+01
   7.3145210e+06   5.7189941e+01
   7.3146020e+06   5.9997559e+01
   7.3146690e+06   5.7434082e+01
   7.3147620e+06   5.7617188e+01
   7.3148520e+06   5.7250977e+01
   7.3150170e+06   5.3039551e+01
   7.3151230e+06   4.6630859e+01
   7.3152050e+06   6.2805176e+01
   7.3152860e+06   5.3405762e+01
   7.3153730e+06   4.5776367e+01
   7.3154980e+06   4.7424316e+01
   7.3155860e+06   5.2856445e+01
   7.3158550e+06   5.8349609e+01
   7.3159670e+06   4.7485352e+01
   7.3162010e+06   5.0231934e+01
   7.3163600e+06   5.5908203e+01
   7.4331550e+06   6.0852051e+01
   7.4332620e+06   4.6264648e+01
   7.4332850e+06   4.6081543e+01
   7.4333780e+06   6.9152832e+01
   7.4334850e+06   6.8969727e+01
   7.4335730e+06   7.1899414e+01
   7.4336600e+06   5.0048828e+01
   7.4337510e+06   5.2734375e+01
   7.4338940e+06   5.8349609e+01
   7.4339940e+06   5.4382324e+01
   7.4340930e+06   4.7851563e+01
   7.4342480e+06   5.8044434e+01
   7.4343920e+06   4.6508789e+01
   7.4345400e+06   5.0842285e+01
   7.4347570e+06   5.1330566e+01
   7.5707130e+06   5.1025391e+01
   7.5707970e+06   6.2133789e+01
   7.5708540e+06   5.9509277e+01
   7.5709610e+06   5.5908203e+01
   7.5710440e+06   6.4270020e+01
   7.5711460e+06   5.4077148e+01
   7.5713040e+06   6.7626953e+01
   7.5714030e+06   5.6152344e+01
   7.5715330e+06   4.8706055e+01
   7.5716220e+06   4.9377441e+01
   7.5717910e+06   4.9499512e+01
   7.5718850e+06   4.8156738e+01
   7.5719980e+06   6.6833496e+01
   7.5721120e+06   4.9804688e+01
   7.5722890e+06   4.8706055e+01
   7.5723870e+06   5.4748535e+01
   7.5725040e+06   4.9743652e+01
   7.5726450e+06   4.9438477e+01
   7.5727760e+06   5.0415039e+01
   7.5728960e+06   4.7912598e+01
   7.5731390e+06   4.8217773e+01
   7.6733290e+06   7.3547363e+01
   7.6733950e+06   6.4453125e+01
   7.6734670e+06   5.2917480e+01
   7.6735610e+06   4.8645020e+01
   7.6736220e+06   5.4260254e+01
   7.6736910e+06   6.0180664e+01
   7.6737550e+06   4.6875000e+01
   7.6738300e+06   6.0302734e+01
   7.6739100e+06   5.6640625e+01
   7.6740180e+06   6.3537598e+01
   7.6741210e+06   5.4992676e+01
   7.6742370e+06   4.9194336e+01
   7.6743180e+06   4.8767090e+01
   7.6744040e+06   4.5837402e+01
   7.6744990e+06   4.6936035e+01
   7.6745770e+06   5.1879883e+01
   7.6746920e+06   6.6162109e+01
   7.6748430e+06   5.8654785e+01
   7.6749460e+06   4.8828125e+01
   7.6752330e+06   5.3649902e+01
   7.6754400e+06   5.4016113e+01
   7.7472190e+06   5.8532715e+01
   7.7473040e+06   5.4931641e+01
   7.7474070e+06   6.3903809e+01
   7.7474660e+06   5.8044434e+01
   7.7475270e+06   6.8542480e+01
   7.7477310e+06   5.9692383e+01
   7.7478170e+06   4.8828125e+01
   7.7479090e+06   4.9987793e+01
   7.7479830e+06   5.7312012e+01
   7.7480960e+06   5.7067871e+01
   7.7483600e+06   5.2490234e+01
   7.7484340e+06   6.8359375e+01
   7.7485890e+06   5.7128906e+01
   7.7486980e+06   5.3222656e+01
   7.7487870e+06   6.0058594e+01
   7.7490410e+06   5.2795410e+01
   7.7492030e+06   5.0720215e+01
   7.7495120e+06   5.4626465e+01
   7.8192590e+06   5.0720215e+01
   7.8193870e+06   1.0522461e+02
   7.8194420e+06   5.3161621e+01
   7.8195280e+06   4.7607422e+01
   7.8196130e+06   6.4453125e+01
   7.8196830e+06   5.6884766e+01
   7.8197600e+06   5.2856445e+01
   7.8198340e+06   5.5419922e+01
   7.8199260e+06   5.6396484e+01
   7.8200160e+06   4.7363281e+01
   7.8201130e+06   5.9692383e+01
   7.8201910e+06   6.6650391e+01
   7.8202670e+06   4.9377441e+01
   7.8203560e+06   4.6752930e+01
   7.8205790e+06   5.7861328e+01
   7.8207780e+06   4.7058105e+01
   7.8208520e+06   5.2612305e+01
   7.8209450e+06   4.7668457e+01
   7.8210270e+06   5.6030273e+01
   7.8212130e+06   5.2917480e+01
   7.8214940e+06   5.3955078e+01
   7.9282620e+06   6.2133789e+01
   7.9283440e+06   7.4035645e+01
   7.9284240e+06   4.9377441e+01
   7.9285300e+06   5.3894043e+01
   7.9285920e+06   6.4575195e+01
   7.9287310e+06   5.6091309e+01
   7.9288070e+06   6.3049316e+01
   7.9289190e+06   5.8837891e+01
   7.9290060e+06   5.8349609e+01
   7.9290860e+06   5.1452637e+01
   7.9292050e+06   6.8664551e+01
   7.9293150e+06   6.8603516e+01
   7.9294450e+06   5.0415039e+01
   7.9295490e+06   5.2795410e+01
   7.9296590e+06   5.1696777e+01
   7.9297830e+06   5.0903320e+01
   7.9299080e+06   5.2062988e+01
   7.9300230e+06   5.3222656e+01
   7.9302270e+06   5.8593750e+01
   8.0186310e+06   6.9824219e+01
   8.0186660e+06   4.7668457e+01
   8.0187570e+06   7.3791504e+01
   8.0188110e+06   6.3354492e+01
   8.0188930e+06   6.6711426e+01
   8.0189910e+06   6.1157227e+01
   8.0190670e+06   5.4931641e+01
   8.0191580e+06   4.6630859e+01
   8.0192500e+06   5.2551270e+01
   8.0193140e+06   5.6640625e+01
   8.0194080e+06   5.0048828e+01
   8.0195790e+06   4.9255371e+01
   8.0196880e+06   4.9560547e+01
   8.0197880e+06   6.0363770e+01
   8.0198590e+06   5.3771973e+01
   8.0202260e+06   5.1452637e+01
   8.0203750e+06   5.9509277e+01
   8.0205090e+06   4.8095703e+01
   8.0206780e+06   4.6936035e+01
   8.0209650e+06   4.8706055e+01
   8.0807280e+06   7.7209473e+01
   8.0808670e+06   5.9692383e+01
   8.0809580e+06   7.1777344e+01
   8.0810530e+06   5.3588867e+01
   8.0811470e+06   7.5256348e+01
   8.0812350e+06   6.8176270e+01
   8.0812950e+06   4.6569824e+01
   8.0813810e+06   5.2612305e+01
   8.0814810e+06   5.0231934e+01
   8.0815670e+06   4.8583984e+01
   8.0817500e+06   5.9570313e+01
   8.0818800e+06   5.2429199e+01
   8.0819530e+06   4.8828125e+01
   8.0820820e+06   4.6630859e+01
   8.0821000e+06   4.7546387e+01
   8.0821820e+06   5.1330566e+01
   8.0823450e+06   5.4992676e+01
   8.0824500e+06   5.6518555e+01
   8.0826750e+06   4.5898438e+01
   8.0833450e+06   5.1208496e+01
   8.1643630e+06   4.8828125e+01
   8.1643920e+06   6.1096191e+01
   8.1644510e+06   4.9621582e+01
   8.1644710e+06   5.5786133e+01
   8.1645280e+06   6.6223145e+01
   8.1646020e+06   5.4870605e+01
   8.1647180e+06   6.1401367e+01
   8.1647900e+06   4.9377441e+01
   8.1648990e+06   5.5664063e+01
   8.1649830e+06   5.6945801e+01
   8.1650710e+06   5.2795410e+01
   8.1651750e+06   6.5979004e+01
   8.1653660e+06   4.5776367e+01
   8.1654470e+06   4.7851562e+01
   8.1655440e+06   5.0659180e+01
   8.1656650e+06   5.5603027e+01
   8.1658780e+06   5.3283691e+01
   8.1659990e+06   4.9804688e+01
   8.1661950e+06   6.1218262e+01
   8.1663780e+06   6.2744141e+01
   8.2443800e+06   6.8237305e+01
   8.2444670e+06   6.3964844e+01
   8.2445260e+06   5.6701660e+01
   8.2446170e+06   7.0800781e+01
   8.2447180e+06   7.7880859e+01
   8.2447930e+06   4.7790527e+01
   8.2448840e+06   5.4626465e+01
   8.2450690e+06   6.7260742e+01
   8.2452050e+06   5.3039551e+01
   8.2452930e+06   6.0241699e+01
   8.2453800e+06   4.7485352e+01
   8.2454870e+06   5.2185059e+01
   8.2455820e+06   4.8828125e+01
   8.2456790e+06   5.6945801e+01
   8.2457850e+06   5.2612305e+01
   8.2459170e+06   4.5959473e+01
   8.2462870e+06   4.9682617e+01
   8.3472960e+06   4.8583984e+01
   8.3866460e+06   6.3476563e+01
   8.3867290e+06   5.3161621e+01
   8.3868210e+06   6.0852051e+01
   8.3868880e+06   6.0974121e+01
   8.3869610e+06   5.1757813e+01
   8.3870510e+06   5.8776855e+01
   8.3871230e+06   6.1767578e+01
   8.3872840e+06   5.3588867e+01
   8.3873450e+06   5.0964355e+01
   8.3874440e+06   6.2194824e+01
   8.3875320e+06   4.6569824e+01
   8.3876480e+06   5.0598145e+01
   8.3877980e+06   5.5969238e+01
   8.3878950e+06   4.6386719e+01
   8.3880150e+06   5.3955078e+01
   8.3882860e+06   4.6508789e+01
   8.3884800e+06   5.9814453e+01
   8.4648580e+06   6.3049316e+01
   8.4649240e+06   6.5185547e+01
   8.4649950e+06   6.0058594e+01
   8.4650850e+06   6.2316895e+01
   8.4652030e+06   6.5490723e+01
   8.4652650e+06   5.7434082e+01
   8.4653230e+06   4.6081543e+01
   8.4656380e+06   5.0781250e+01
   8.4657360e+06   4.7668457e+01
   8.4658160e+06   5.4748535e+01
   8.4659200e+06   5.0720215e+01
   8.4660010e+06   5.1574707e+01
   8.4661250e+06   4.6813965e+01
   8.4662090e+06   4.7851563e+01
   8.4663000e+06   4.6508789e+01
   8.4663800e+06   5.6884766e+01
   8.4664800e+06   5.3039551e+01
   8.4666500e+06   6.2500000e+01
   8.5625770e+06   6.3354492e+01
   8.5626600e+06   6.9274902e+01
   8.5627230e+06   6.6589355e+01
   8.5627970e+06   5.9692383e+01
   8.5628680e+06   5.3833008e+01
   8.5629580e+06   5.4138184e+01
   8.5630530e+06   5.6762695e+01
   8.5631250e+06   5.3833008e+01
   8.5632030e+06   5.3955078e+01
   8.5632780e+06   5.2429199e+01
   8.5633870e+06   8.2092285e+01
   8.5635010e+06   5.4443359e+01
   8.5636030e+06   4.9621582e+01
   8.5637040e+06   5.2490234e+01
   8.5638050e+06   4.9438477e+01
   8.5638910e+06   5.0292969e+01
   8.5640230e+06   5.7739258e+01
   8.5641160e+06   5.7434082e+01
   8.5642830e+06   4.7363281e+01
   8.6459350e+06   5.0781250e+01
   8.6469280e+06   7.3425293e+01
   8.6469770e+06   5.9936523e+01
   8.6470690e+06   5.4748535e+01
   8.6471410e+06   7.5744629e+01
   8.6472050e+06   6.4453125e+01
   8.6472860e+06   4.8522949e+01
   8.6473710e+06   5.6396484e+01
   8.6475140e+06   6.1706543e+01
   8.6476240e+06   6.0668945e+01
   8.6477410e+06   7.3669434e+01
   8.6478280e+06   5.0842285e+01
   8.6479700e+06   5.6457520e+01
   8.6480730e+06   4.8400879e+01
   8.6482000e+06   6.1828613e+01
   8.6485120e+06   5.1513672e+01
   8.6487510e+06   4.8767090e+01
   8.7889260e+06   5.4870605e+01
   8.7889460e+06   6.1279297e+01
   8.7890050e+06   5.2246094e+01
   8.7890580e+06   7.1594238e+01
   8.7891470e+06   5.5236816e+01
   8.7892280e+06   5.3039551e+01
   8.7893280e+06   5.5419922e+01
   8.7894520e+06   6.5002441e+01
   8.7895560e+06   6.9580078e+01
   8.7896420e+06   6.0791016e+01
   8.7897850e+06   5.7250977e+01
   8.7898670e+06   7.0678711e+01
   8.7899890e+06   5.6396484e+01
   8.7900870e+06   5.1330566e+01
   8.7902210e+06   4.7363281e+01
   8.7903400e+06   4.7973633e+01
   8.7905940e+06   5.2856445e+01
   8.7907200e+06   6.5795898e+01
   8.7911660e+06   6.4025879e+01
   8.8649260e+06   7.0190430e+01
   8.8649980e+06   8.3129883e+01
   8.8650950e+06   7.0068359e+01
   8.8651900e+06   7.1533203e+01
   8.8652960e+06   6.0119629e+01
   8.8654230e+06   5.0598145e+01
   8.8655030e+06   6.9702148e+01
   8.8655870e+06   6.4025879e+01
   8.8656670e+06   4.9194336e+01
   8.8657720e+06   5.1330566e+01
   8.8659140e+06   5.0537109e+01
   8.8660140e+06   4.8522949e+01
   8.8662460e+06   5.4870605e+01
   8.8664140e+06   4.6203613e+01
   8.8665190e+06   5.3955078e+01
   8.9590640e+06   4.8583984e+01
   8.9590910e+06   6.4025879e+01
   8.9591730e+06   5.6396484e+01
   8.9592300e+06   6.2072754e+01
   8.9592990e+06   5.5297852e+01
   8.9593850e+06   5.0170898e+01
   8.9595120e+06   5.1513672e+01
   8.9595730e+06   5.3771973e+01
   8.9597760e+06   5.0598145e+01
   8.9598570e+06   5.6457520e+01
   8.9599730e+06   5.5236816e+01
   8.9601110e+06   4.6813965e+01
   8.9601900e+06   4.9499512e+01
   8.9603530e+06   5.9265137e+01
   8.9604680e+06   5.2124023e+01
   8.9607380e+06   5.8776855e+01
   8.9609370e+06   5.6823730e+01
   9.0443460e+06   5.9448242e+01
   9.0445220e+06   6.1523438e+01
   9.0445860e+06   5.4809570e+01
   9.0446480e+06   6.2011719e+01
   9.0447350e+06   5.2185059e+01
   9.0448210e+06   5.5419922e+01
   9.0449570e+06   6.3476562e+01
   9.0450570e+06   5.0170898e+01
   9.0451580e+06   5.4992676e+01
   9.0452490e+06   5.6396484e+01
   9.0453430e+06   6.0913086e+01
   9.0454240e+06   5.6579590e+01
   9.0455030e+06   6.1706543e+01
   9.0456730e+06   6.0180664e+01
   9.0458190e+06   5.7739258e+01
   9.0459190e+06   4.9926758e+01
   9.0460880e+06   4.5532227e+01
   9.0462660e+06   6.6467285e+01
   9.1316060e+06   7.4340820e+01
   9.1316940e+06   7.6660156e+01
   9.1317710e+06   5.8715820e+01
   9.1318560e+06   5.8959961e+01
   9.1319270e+06   4.5410156e+01
   9.1319990e+06   5.1635742e+01
   9.1320640e+06   5.0903320e+01
   9.1321450e+06   4.6691895e+01
   9.1322500e+06   5.7434082e+01
   9.1323330e+06   5.9753418e+01
   9.1324180e+06   4.7973633e+01
   9.1325850e+06   5.5480957e+01
   9.1326560e+06   5.3527832e+01
   9.1327500e+06   5.5969238e+01
   9.1328630e+06   5.5725098e+01
   9.1329940e+06   4.6081543e+01
   9.1331050e+06   4.5837402e+01
   9.1332820e+06   5.6945801e+01
   9.1334210e+06   5.1086426e+01
   9.1337690e+06   4.6691895e+01
   9.1489470e+06   4.4799805e+01
   9.2287660e+06   5.0292969e+01
   9.2288750e+06   5.5358887e+01
   9.2289490e+06   5.8715820e+01
   9.2290600e+06   6.4086914e+01
   9.2291390e+06   5.5053711e+01
   9.2292440e+06   6.3171387e+01
   9.2293570e+06   5.8288574e+01
   9.2294740e+06   6.0729980e+01
   9.2295730e+06   5.6762695e+01
   9.2296550e+06   5.0292969e+01
   9.2297530e+06   6.7321777e+01
   9.2298340e+06   5.7922363e+01
   9.2300060e+06   4.5410156e+01
   9.2301140e+06   4.9011230e+01
   9.2302150e+06   5.9265137e+01
   9.2303500e+06   4.7485352e+01
   9.2304880e+06   5.2307129e+01
   9.2305980e+06   5.2124023e+01
   9.3114630e+06   4.6875000e+01
   9.3116850e+06   6.9519043e+01
   9.3117440e+06   6.6345215e+01
   9.3118640e+06   4.9804688e+01
   9.3119850e+06   6.2622070e+01
   9.3121010e+06   6.1645508e+01
   9.3121860e+06   6.4941406e+01
   9.3122680e+06   5.0720215e+01
   9.3123570e+06   5.6762695e+01
   9.3124440e+06   5.7189941e+01
   9.3125400e+06   4.5288086e+01
   9.3126310e+06   4.9926758e+01
   9.3127150e+06   6.2683105e+01
   9.3128160e+06   5.6701660e+01
   9.3128950e+06   6.3598633e+01
   9.3129840e+06   5.8593750e+01
   9.3132430e+06   5.4199219e+01
   9.3133450e+06   4.8095703e+01
   9.3135190e+06   5.5175781e+01
   9.3136570e+06   4.9621582e+01
   9.4387890e+06   6.8908691e+01
   9.4387990e+06   5.0720215e+01
   9.4388460e+06   5.5541992e+01
   9.4389240e+06   6.4636230e+01
   9.4390230e+06   6.1584473e+01
   9.4390950e+06   6.1462402e+01
   9.4391690e+06   6.6223145e+01
   9.4392510e+06   5.1025391e+01
   9.4393380e+06   4.9316406e+01
   9.4394110e+06   4.8828125e+01
   9.4394740e+06   5.0720215e+01
   9.4396060e+06   5.5908203e+01
   9.4397590e+06   5.4260254e+01
   9.4398890e+06   7.3486328e+01
   9.4399920e+06   4.9560547e+01
   9.4400940e+06   4.7912598e+01
   9.4403040e+06   5.9082031e+01
   9.4404880e+06   4.6630859e+01
   9.4407730e+06   4.9316406e+01
   9.5207200e+06   8.6364746e+01
   9.5208060e+06   6.6040039e+01
   9.5208610e+06   5.9265137e+01
   9.5209530e+06   4.9804688e+01
   9.5210090e+06   4.8828125e+01
   9.5210730e+06   5.2856445e+01
   9.5211610e+06   5.3161621e+01
   9.5212510e+06   4.8828125e+01
   9.5213200e+06   6.3537598e+01
   9.5213960e+06   5.6030273e+01
   9.5214620e+06   4.7363281e+01
   9.5215390e+06   5.8105469e+01
   9.5216400e+06   4.6813965e+01
   9.5217250e+06   6.0852051e+01
   9.5219010e+06   4.5471191e+01
   9.5220410e+06   4.9011230e+01
   9.5222310e+06   4.8400879e+01
   9.5223310e+06   5.1391602e+01
   9.5225300e+06   5.0720215e+01
   9.5228010e+06   5.8105469e+01
   9.6176970e+06   5.3344727e+01
   9.6178390e+06   6.2316895e+01
   9.6178880e+06   5.7312012e+01
   9.6179620e+06   5.6396484e+01
   9.6180380e+06   6.5368652e+01
   9.6181060e+06   5.4016113e+01
   9.6181630e+06   4.7180176e+01
   9.6182560e+06   5.6762695e+01
   9.6183610e+06   5.4382324e+01
   9.6184410e+06   4.6081543e+01
   9.6185300e+06   4.4982910e+01
   9.6185550e+06   4.7546387e+01
   9.6186580e+06   5.0476074e+01
   9.6188680e+06   5.0903320e+01
   9.6189470e+06   4.6569824e+01
   9.6191330e+06   4.8278809e+01
   9.6192190e+06   4.9560547e+01
   9.6193220e+06   5.9265137e+01
   9.6194930e+06   5.1513672e+01
   9.6196200e+06   5.5419922e+01
   9.6201010e+06   4.7058105e+01
   9.7339910e+06   4.9438477e+01
   9.7340020e+06   4.7363281e+01
   9.7340940e+06   7.2326660e+01
   9.7341520e+06   5.8898926e+01
   9.7342340e+06   5.5847168e+01
   9.7343130e+06   5.5786133e+01
   9.7344380e+06   6.2622070e+01
   9.7345400e+06   5.9997559e+01
   9.7346180e+06   7.2204590e+01
   9.7346870e+06   6.3903809e+01
   9.7347930e+06   5.1025391e+01
   9.7349090e+06   5.2917480e+01
   9.7350160e+06   4.7729492e+01
   9.7351220e+06   5.2062988e+01
   9.7352220e+06   6.3354492e+01
   9.7353160e+06   5.7128906e+01
   9.7354050e+06   4.7973633e+01
   9.7355420e+06   4.9926758e+01
   9.7356540e+06   4.9438477e+01
   9.7358420e+06   5.2856445e+01
   9.7360410e+06   5.3283691e+01
   9.7895480e+06   6.5734863e+01
   9.7896370e+06   7.2875977e+01
   9.7897170e+06   5.1818848e+01
   9.7897680e+06   5.4504395e+01
   9.7898300e+06   4.7546387e+01
   9.7899140e+06   5.2429199e+01
   9.7900190e+06   5.6823730e+01
   9.7900910e+06   5.0598145e+01
   9.7902140e+06   4.9926758e+01
   9.7902920e+06   5.7861328e+01
   9.7903800e+06   5.3833008e+01
   9.7905460e+06   4.6997070e+01
   9.7906230e+06   4.5532227e+01
   9.7907660e+06   5.4321289e+01
   9.7908390e+06   4.9499512e+01
   9.7909380e+06   4.6569824e+01
   9.7910570e+06   4.9682617e+01
   9.7911860e+06   5.6884766e+01
   9.7913000e+06   4.7302246e+01
   9.7914530e+06   4.8095703e+01
   9.7916200e+06   4.4921875e+01
   9.8405380e+06   5.6884766e+01
   9.8405940e+06   7.3608398e+01
   9.8406820e+06   6.5979004e+01
   9.8407450e+06   6.0180664e+01
   9.8408050e+06   4.6997070e+01
   9.8409180e+06   5.9326172e+01
   9.8409970e+06   5.0415039e+01
   9.8411020e+06   5.0537109e+01
   9.8412000e+06   6.2316895e+01
   9.8413000e+06   4.6264648e+01
   9.8414120e+06   4.6325684e+01
   9.8415000e+06   5.4138184e+01
   9.8416880e+06   4.7546387e+01
   9.8417650e+06   5.1574707e+01
   9.8418570e+06   5.3283691e+01
   9.8420630e+06   4.5227051e+01
   9.8421690e+06   5.3771973e+01
   9.8422580e+06   4.5715332e+01
   9.8423580e+06   6.1523438e+01
   9.9636390e+06   4.5776367e+01
   9.9636920e+06   5.2368164e+01
   9.9638120e+06   5.1147461e+01
   9.9639260e+06   6.2561035e+01
   9.9640120e+06   5.8532715e+01
   9.9640830e+06   5.7800293e+01
   9.9641800e+06   5.0903320e+01
   9.9642970e+06   7.6599121e+01
   9.9644670e+06   5.4809570e+01
   9.9645580e+06   4.8889160e+01
   9.9646330e+06   4.5776367e+01
   9.9647740e+06   5.8532715e+01
   9.9648720e+06   4.7424316e+01
   9.9650290e+06   4.7546387e+01
   9.9651150e+06   6.4147949e+01
   9.9652880e+06   5.0354004e+01
   9.9654270e+06   5.8288574e+01
   9.9655210e+06   4.6203613e+01
   9.9656570e+06   5.0109863e+01
   9.9658280e+06   4.5898438e+01
   9.9659490e+06   5.3283691e+01
   1.0072441e+07   5.2368164e+01
   1.0072548e+07   5.9692383e+01
   1.0072610e+07   5.4687500e+01
   1.0072710e+07   5.3405762e+01
   1.0072777e+07   6.1096191e+01
   1.0072853e+07   6.2255859e+01
   1.0072929e+07   4.9804688e+01
   1.0073013e+07   5.3527832e+01
   1.0073103e+07   5.4382324e+01
   1.0073223e+07   6.3293457e+01
   1.0073316e+07   5.9143066e+01
   1.0073380e+07   4.6691895e+01
   1.0073448e+07   5.7189941e+01
   1.0073519e+07   4.6875000e+01
   1.0073604e+07   5.3649902e+01
   1.0073794e+07   4.6020508e+01
   1.0073900e+07   5.1696777e+01
   1.0074005e+07   5.1208496e+01
   1.0074114e+07   5.0476074e+01
   1.0074245e+07   5.3833008e+01
   1.0074429e+07   4.4677734e+01
   1.0074757e+07   4.6325684e+01
   1.0154407e+07   5.8288574e+01
   1.0154483e+07   6.3903809e+01
   1.0154617e+07   4.6752930e+01
   1.0154688e+07   5.6762695e+01
   1.0154763e+07   6.3354492e+01
   1.0154870e+07   5.4138184e+01
   1.0154942e+07   5.7739258e+01
   1.0155056e+07   6.3232422e+01
   1.0155141e+07   4.4738770e+01
   1.0155235e+07   5.3161621e+01
   1.0155395e+07   6.1157227e+01
   1.0155543e+07   5.3527832e+01
   1.0155655e+07   4.6203613e+01
   1.0155787e+07   5.0903320e+01
   1.0155906e+07   5.6579590e+01
   1.0156016e+07   5.9936523e+01
   1.0156157e+07   5.1025391e+01
   1.0156335e+07   4.9438477e+01
   1.0285764e+07   7.3425293e+01
   1.0285783e+07   4.5410156e+01
   1.0285857e+07   5.5603027e+01
   1.0285945e+07   5.1391602e+01
   1.0286037e+07   5.9204102e+01
   1.0286108e+07   6.1157227e+01
   1.0286188e+07   4.8706055e+01
   1.0286263e+07   6.2500000e+01
   1.0286328e+07   4.5288086e+01
   1.0286455e+07   5.6945801e+01
   1.0286549e+07   5.6091309e+01
   1.0286648e+07   5.1025391e+01
   1.0286791e+07   4.7790527e+01
   1.0286918e+07   5.3344727e+01
   1.0287055e+07   5.5541992e+01
   1.0287149e+07   6.2988281e+01
   1.0287263e+07   5.0109863e+01
   1.0287398e+07   4.9194336e+01
   1.0287495e+07   5.4321289e+01
   1.0287642e+07   4.9133301e+01
   1.0287910e+07   5.2490234e+01
   1.0288233e+07   4.6875000e+01
   1.0366072e+07   6.0729980e+01
   1.0366123e+07   4.6508789e+01
   1.0366199e+07   6.0668945e+01
   1.0366269e+07   5.3710938e+01
   1.0366351e+07   6.8542480e+01
   1.0366501e+07   5.6762695e+01
   1.0366600e+07   5.2307129e+01
   1.0366704e+07   7.2204590e+01
   1.0366772e+07   8.2641602e+01
   1.0366875e+07   5.1330566e+01
   1.0367098e+07   6.1035156e+01
   1.0367201e+07   5.3710938e+01
   1.0367283e+07   5.8715820e+01
   1.0367364e+07   4.9865723e+01
   1.0367458e+07   4.7180176e+01
   1.0367544e+07   4.5837402e+01
   1.0367669e+07   4.6508789e+01
   1.0367825e+07   4.5898438e+01
   1.0367951e+07   5.8715820e+01
   1.0447081e+07   6.8298340e+01
   1.0447161e+07   6.5734863e+01
   1.0447286e+07   5.9814453e+01
   1.0447367e+07   6.6223145e+01
   1.0447449e+07   6.0485840e+01
   1.0447569e+07   4.6081543e+01
   1.0447644e+07   6.9763184e+01
   1.0447757e+07   5.1391602e+01
   1.0447959e+07   5.2795410e+01
   1.0448073e+07   5.6823730e+01
   1.0448200e+07   4.7912598e+01
   1.0448279e+07   6.2744141e+01
   1.0448406e+07   4.9072266e+01
   1.0448743e+07   4.9133301e+01
   1.0448838e+07   4.8400879e+01
   1.0449120e+07   4.8095703e+01
   1.0523797e+07   4.4677734e+01
   1.0524163e+07   6.9458008e+01
   1.0524227e+07   4.6752930e+01
   1.0524269e+07   7.7758789e+01
   1.0524326e+07   5.8471680e+01
   1.0524438e+07   5.6030273e+01
   1.0524521e+07   6.3415527e+01
   1.0524609e+07   5.9631348e+01
   1.0524706e+07   5.7250977e+01
   1.0524770e+07   5.1269531e+01
   1.0524850e+07   4.4616699e+01
   1.0524947e+07   5.3588867e+01
   1.0525047e+07   4.6081543e+01
   1.0525149e+07   4.9316406e+01
   1.0525236e+07   6.1889648e+01
   1.0525362e+07   5.6030273e+01
   1.0525475e+07   5.1757812e+01
   1.0525713e+07   4.8156738e+01
   1.0525865e+07   4.6264648e+01
   1.0525993e+07   4.7241211e+01
   1.0526120e+07   4.6264648e+01
   1.0526372e+07   5.9753418e+01
   1.0526573e+07   5.7250977e+01
   1.0579743e+07   6.5856934e+01
   1.0579818e+07   6.4025879e+01
   1.0579876e+07   5.2429199e+01
   1.0579963e+07   5.4443359e+01
   1.0580058e+07   5.3955078e+01
   1.0580144e+07   5.3833008e+01
   1.0580214e+07   5.0598145e+01
   1.0580296e+07   6.1828613e+01
   1.0580380e+07   4.5532227e+01
   1.0580465e+07   5.0903320e+01
   1.0580542e+07   5.6457520e+01
   1.0580645e+07   4.5593262e+01
   1.0580699e+07   4.6325684e+01
   1.0580837e+07   4.9621582e+01
   1.0581005e+07   5.0476074e+01
   1.0581114e+07   5.3161621e+01
   1.0581228e+07   5.9326172e+01
   1.0581537e+07   4.8034668e+01
   1.0581697e+07   4.8156738e+01
   1.0694271e+07   6.1218262e+01
   1.0694362e+07   6.1340332e+01
   1.0694445e+07   6.3842773e+01
   1.0694528e+07   5.3527832e+01
   1.0694607e+07   6.0852051e+01
   1.0694723e+07   7.7209473e+01
   1.0694867e+07   5.3283691e+01
   1.0694996e+07   4.8522949e+01
   1.0695077e+07   4.9621582e+01
   1.0695239e+07   5.3588867e+01
   1.0695330e+07   5.6274414e+01
   1.0695498e+07   5.3283691e+01
   1.0695590e+07   4.7851562e+01
   1.0695715e+07   4.6691895e+01
   1.0695876e+07   4.8950195e+01
   1.0696092e+07   6.2316895e+01
   1.0790007e+07   5.8532715e+01
   1.0790157e+07   5.1452637e+01
   1.0790318e+07   5.6396484e+01
   1.0790403e+07   5.5908203e+01
   1.0790524e+07   4.8095703e+01
   1.0790596e+07   6.1523437e+01
   1.0790707e+07   5.4992676e+01
   1.0790831e+07   4.4555664e+01
   1.0790861e+07   4.5715332e+01
   1.0790937e+07   6.0974121e+01
   1.0791086e+07   5.3894043e+01
   1.0791264e+07   5.9143066e+01
   1.0791384e+07   4.9072266e+01
   1.0791538e+07   5.2368164e+01
   1.0791732e+07   6.3598633e+01
   1.0851278e+07   6.4819336e+01
   1.0851361e+07   7.0617676e+01
   1.0851429e+07   5.5908203e+01
   1.0851490e+07   5.5236816e+01
   1.0851567e+07   6.1401367e+01
   1.0851654e+07   6.3537598e+01
   1.0851731e+07   5.9448242e+01
   1.0851803e+07   5.3771973e+01
   1.0851916e+07   5.1757812e+01
   1.0852039e+07   6.7321777e+01
   1.0852480e+07   5.7556152e+01
   1.0852654e+07   5.6823730e+01
   1.0852788e+07   4.5654297e+01
   1.0852889e+07   5.5236816e+01
   1.0853083e+07   5.0048828e+01
   1.0853393e+07   5.7617187e+01
   1.0922985e+07   5.4382324e+01
   1.0923048e+07   7.8369141e+01
   1.0923085e+07   4.9194336e+01
   1.0923132e+07   5.3405762e+01
   1.0923220e+07   5.7861328e+01
   1.0923340e+07   6.3476562e+01
   1.0923413e+07   7.1105957e+01
   1.0923584e+07   4.5166016e+01
   1.0923682e+07   5.0476074e+01
   1.0923860e+07   5.2246094e+01
   1.0923988e+07   6.2316895e+01
   1.0924062e+07   5.2551270e+01
   1.0924321e+07   4.5166016e+01
   1.0924406e+07   4.9804687e+01
   1.0924554e+07   7.1594238e+01
   1.0924784e+07   4.9072266e+01
   1.0925025e+07   5.2612305e+01
   1.1007578e+07   6.7016602e+01
   1.1007675e+07   6.9396973e+01
   1.1007777e+07   7.1228027e+01
   1.1007875e+07   5.4687500e+01
   1.1007941e+07   6.0913086e+01
   1.1008051e+07   5.5053711e+01
   1.1008176e+07   7.8002930e+01
   1.1008269e+07   5.2795410e+01
   1.1008327e+07   4.8156738e+01
   1.1008400e+07   6.0424805e+01
   1.1008495e+07   5.3100586e+01
   1.1008618e+07   5.5297852e+01
   1.1008755e+07   5.6396484e+01
   1.1008924e+07   5.5969238e+01
   1.1009030e+07   5.3710937e+01
   1.1009196e+07   5.8715820e+01
   1.1149226e+07   5.1757812e+01
   1.1149282e+07   6.1767578e+01
   1.1149379e+07   6.0607910e+01
   1.1149454e+07   7.0922852e+01
   1.1149592e+07   5.3894043e+01
   1.1149692e+07   5.6396484e+01
   1.1149770e+07   5.9020996e+01
   1.1149849e+07   4.7424316e+01
   1.1149930e+07   5.1696777e+01
   1.1150072e+07   5.8105469e+01
   1.1150181e+07   4.7912598e+01
   1.1150242e+07   4.8217773e+01
   1.1150293e+07   5.0170898e+01
   1.1150356e+07   4.6203613e+01
   1.1150437e+07   5.7312012e+01
   1.1150583e+07   5.0964355e+01
   1.1150671e+07   4.9133301e+01
   1.1150836e+07   5.7800293e+01
   1.1150950e+07   5.8044434e+01
   1.1151094e+07   4.6997070e+01
   1.1151286e+07   6.0607910e+01
   1.1151456e+07   4.6997070e+01
   1.1257933e+07   4.8339844e+01
   1.1257949e+07   5.3649902e+01
   1.1258030e+07   5.5114746e+01
   1.1258137e+07   7.0800781e+01
   1.1258218e+07   4.7790527e+01
   1.1258243e+07   4.5654297e+01
   1.1258315e+07   5.5725098e+01
   1.1258390e+07   6.4453125e+01
   1.1258535e+07   6.6894531e+01
   1.1258636e+07   6.0729980e+01
   1.1258721e+07   5.4504395e+01
   1.1258852e+07   5.9875488e+01
   1.1258952e+07   6.4025879e+01
   1.1259060e+07   5.7983398e+01
   1.1259146e+07   4.9743652e+01
   1.1259222e+07   5.4504395e+01
   1.1259292e+07   5.1452637e+01
   1.1259436e+07   5.1574707e+01
   1.1259628e+07   5.3649902e+01
   1.1259782e+07   5.5908203e+01
   1.1368211e+07   4.4616699e+01
   1.1368233e+07   5.4138184e+01
   1.1368305e+07   4.9194336e+01
   1.1368401e+07   6.8664551e+01
   1.1368508e+07   5.4138184e+01
   1.1368632e+07   6.4392090e+01
   1.1368736e+07   5.1208496e+01
   1.1368809e+07   4.9133301e+01
   1.1368917e+07   5.9814453e+01
   1.1369012e+07   5.2490234e+01
   1.1369189e+07   5.7128906e+01
   1.1369276e+07   4.9865723e+01
   1.1369378e+07   5.0842285e+01
   1.1369496e+07   6.0424805e+01
   1.1369581e+07   5.5725098e+01
   1.1369727e+07   4.9743652e+01
   1.1369837e+07   4.5532227e+01
   1.1370113e+07   5.7189941e+01
   1.1502380e+07   6.0913086e+01
   1.1502446e+07   7.1289062e+01
   1.1502545e+07   6.2255859e+01
   1.1502632e+07   7.9711914e+01
   1.1502738e+07   5.3649902e+01
   1.1502846e+07   4.5349121e+01
   1.1502957e+07   5.0537109e+01
   1.1503049e+07   5.7189941e+01
   1.1503147e+07   6.3537598e+01
   1.1503249e+07   6.5856934e+01
   1.1503364e+07   5.0476074e+01
   1.1503496e+07   4.8645020e+01
   1.1503606e+07   6.7382812e+01
   1.1503740e+07   5.9020996e+01
   1.1503836e+07   5.5236816e+01
   1.1504014e+07   5.3649902e+01
   1.1504258e+07   5.8715820e+01
   1.1519453e+07   4.6203613e+01
   1.1591619e+07   6.1950684e+01
   1.1591705e+07   5.9570312e+01
   1.1591760e+07   4.6936035e+01
   1.1591845e+07   6.6589355e+01
   1.1591932e+07   5.9631348e+01
   1.1592033e+07   6.5856934e+01
   1.1592131e+07   5.9143066e+01
   1.1592230e+07   5.4565430e+01
   1.1592328e+07   4.5166016e+01
   1.1592433e+07   5.6518555e+01
   1.1592531e+07   4.8156738e+01
   1.1592628e+07   4.7668457e+01
   1.1592764e+07   5.4199219e+01
   1.1592837e+07   4.8339844e+01
   1.1592940e+07   4.9377441e+01
   1.1593083e+07   6.1767578e+01
   1.1593189e+07   4.7912598e+01
   1.1593311e+07   5.7006836e+01
   1.1593472e+07   5.3039551e+01
   1.1593614e+07   5.2612305e+01
   1.1694372e+07   5.5786133e+01
   1.1694433e+07   5.1269531e+01
   1.1694488e+07   5.1330566e+01
   1.1694569e+07   7.2509766e+01
   1.1694642e+07   7.1411133e+01
   1.1694707e+07   5.7189941e+01
   1.1694797e+07   5.7189941e+01
   1.1694912e+07   6.4331055e+01
   1.1695026e+07   5.3833008e+01
   1.1695107e+07   5.4199219e+01
   1.1695223e+07   6.5002441e+01
   1.1695344e+07   4.9255371e+01
   1.1695424e+07   5.2856445e+01
   1.1695516e+07   4.5532227e+01
   1.1695628e+07   4.7851562e+01
   1.1695751e+07   4.5166016e+01
   1.1695847e+07   5.0476074e+01
   1.1695951e+07   5.2551270e+01
   1.1696275e+07   5.8593750e+01
   1.1751791e+07   6.2072754e+01
   1.1751860e+07   5.7922363e+01
   1.1751931e+07   6.6955566e+01
   1.1751978e+07   5.2673340e+01
   1.1752082e+07   5.9326172e+01
   1.1752176e+07   4.9865723e+01
   1.1752262e+07   6.2133789e+01
   1.1752360e+07   4.8461914e+01
   1.1752531e+07   5.4748535e+01
   1.1752671e+07   4.8400879e+01
   1.1752756e+07   4.9011230e+01
   1.1752769e+07   5.3710937e+01
   1.1752860e+07   6.2744141e+01
   1.1752953e+07   5.2429199e+01
   1.1753071e+07   5.3283691e+01
   1.1753244e+07   5.4077148e+01
   1.1753441e+07   5.4626465e+01
   1.1753625e+07   5.8288574e+01
   1.1753787e+07   4.9621582e+01
   1.1823883e+07   5.0659180e+01
   1.1823957e+07   7.4035645e+01
   1.1824018e+07   5.3161621e+01
   1.1824074e+07   6.3232422e+01
   1.1824174e+07   6.5551758e+01
   1.1824247e+07   5.0720215e+01
   1.1824322e+07   5.7495117e+01
   1.1824407e+07   5.4565430e+01
   1.1824498e+07   6.0791016e+01
   1.1824648e+07   4.9011230e+01
   1.1824742e+07   7.2326660e+01
   1.1824865e+07   4.9255371e+01
   1.1824982e+07   5.2612305e+01
   1.1825124e+07   4.5776367e+01
   1.1825219e+07   4.4921875e+01
   1.1825358e+07   6.1523438e+01
   1.1825452e+07   5.5786133e+01
   1.1825721e+07   6.1279297e+01
   1.1945383e+07   6.5246582e+01
   1.1945445e+07   6.4453125e+01
   1.1945506e+07   5.5847168e+01
   1.1945607e+07   7.0861816e+01
   1.1945668e+07   5.2734375e+01
   1.1945770e+07   5.7189941e+01
   1.1945852e+07   5.5419922e+01
   1.1945935e+07   5.0842285e+01
   1.1946149e+07   4.8889160e+01
   1.1946218e+07   5.6823730e+01
   1.1946330e+07   5.0964355e+01
   1.1946462e+07   5.4626465e+01
   1.1946551e+07   5.2551270e+01
   1.1946647e+07   4.6936035e+01
   1.1946757e+07   4.8889160e+01
   1.1946889e+07   5.0659180e+01
   1.1947027e+07   4.5837402e+01
   1.1947246e+07   4.9499512e+01
   1.1947505e+07   6.1950684e+01
