   1.1996000e+07   0.0000000e+00
   2.3422000e+06   1.0742188e+01
   2.3819680e+06   1.0681152e+01
   2.7240180e+06   1.0925293e+01
   3.1186450e+06   1.0803223e+01
   3.4184700e+06   1.0864258e+01
   3.9435660e+06   1.1657715e+01
   5.3962160e+06   1.0742188e+01
   6.1186370e+06   1.0986328e+01
   6.5088720e+06   1.0986328e+01
   7.1383660e+06   1.0986328e+01
   8.1222380e+06   1.0986328e+01
   8.2838440e+06   1.0925293e+01
   8.9085370e+06   1.0803223e+01
   9.5477280e+06   1.0925293e+01
   1.0409623e+07   1.1413574e+01
   1.0640635e+07   1.1230469e+01
   1.0851257e+07   1.0864258e+01
   1.1823952e+07   1.0864258e+01
