   1.1996000e+07   0.0000000e+00
   5.2196000e+04   1.0803223e+01
   3.2405200e+05   1.1291504e+01
   9.0218300e+05   1.0986328e+01
   9.4829400e+05   1.1718750e+01
   1.0950280e+06   1.0803223e+01
   1.8025100e+06   1.2023926e+01
   2.1411810e+06   1.0864258e+01
   2.4147240e+06   1.1230469e+01
   3.7390690e+06   1.2634277e+01
   3.9166430e+06   1.1047363e+01
   4.8445880e+06   1.1413574e+01
   6.0047270e+06   1.0986328e+01
   7.0874400e+06   1.0986328e+01
   9.0855170e+06   1.1047363e+01
   1.0048269e+07   1.0925293e+01
   1.0458809e+07   1.1413574e+01
   1.1589486e+07   1.1230469e+01
