   1.1996000e+07   0.0000000e+00
   2.3481500e+05   5.1330566e+01
   2.3487400e+05   5.4931641e+01
   2.3489300e+05   4.7546387e+01
   2.3490400e+05   6.4575195e+01
   2.3492500e+05   7.3364258e+01
   2.3494900e+05   6.8237305e+01
   2.3496900e+05   5.5053711e+01
   2.3499300e+05   4.3701172e+01
   2.3501400e+05   5.7434082e+01
   2.3503000e+05   6.5307617e+01
   2.3505600e+05   5.5969238e+01
   2.3508100e+05   4.4677734e+01
   2.3512200e+05   5.7861328e+01
   2.3514800e+05   4.3823242e+01
   2.3523200e+05   5.5419922e+01
   2.3535200e+05   4.4494629e+01
   2.3539700e+05   4.7180176e+01
   2.3549100e+05   5.2368164e+01
   2.3574500e+05   4.7485352e+01
   2.3597300e+05   4.3762207e+01
   2.3601100e+05   5.2978516e+01
   2.3604700e+05   4.6875000e+01
   2.3609800e+05   4.9560547e+01
   2.3620500e+05   4.2785645e+01
   2.3627600e+05   4.5532227e+01
   2.3777900e+05   4.7607422e+01
   3.7396100e+05   5.0964355e+01
   3.7408500e+05   4.3029785e+01
   3.7411600e+05   5.8898926e+01
   3.7412600e+05   4.3212891e+01
   3.7418200e+05   6.7871094e+01
   3.7419500e+05   7.0373535e+01
   3.7422200e+05   6.6650391e+01
   3.7425300e+05   5.8044434e+01
   3.7427500e+05   4.7058105e+01
   3.7429700e+05   4.8889160e+01
   3.7431700e+05   5.2185059e+01
   3.7434000e+05   6.4697266e+01
   3.7437200e+05   5.2307129e+01
   3.7440300e+05   4.4372559e+01
   3.7447200e+05   4.4677734e+01
   3.7454500e+05   4.5410156e+01
   3.7472100e+05   4.5227051e+01
   3.7494600e+05   4.2785645e+01
   3.7500500e+05   4.6752930e+01
   3.7505100e+05   4.4494629e+01
   3.7530100e+05   4.4921875e+01
   3.7531700e+05   4.9682617e+01
   3.7567800e+05   5.1513672e+01
   3.7609000e+05   4.4067383e+01
   5.2030700e+05   6.1279297e+01
   5.2033400e+05   8.4594727e+01
   5.2035100e+05   5.1147461e+01
   5.2038000e+05   6.2194824e+01
   5.2041300e+05   6.2561035e+01
   5.2043500e+05   4.4616699e+01
   5.2044600e+05   5.1330566e+01
   5.2049300e+05   4.3029785e+01
   5.2053100e+05   5.1940918e+01
   5.2063100e+05   4.3273926e+01
   5.2065300e+05   4.4555664e+01
   5.2081100e+05   5.0720215e+01
   5.2204400e+05   4.4677734e+01
   5.2233400e+05   4.6264648e+01
   6.2248900e+05   4.4616699e+01
   6.2270300e+05   4.6447754e+01
   6.2281800e+05   4.6691895e+01
   6.2284700e+05   4.5349121e+01
   6.2290600e+05   4.5043945e+01
   6.2293700e+05   7.6660156e+01
   6.2295700e+05   6.3476563e+01
   6.2297700e+05   1.0601807e+02
   6.2301000e+05   9.5092773e+01
   6.2302100e+05   4.8522949e+01
   6.2305000e+05   4.4494629e+01
   6.2306600e+05   4.3884277e+01
   6.2311000e+05   4.4555664e+01
   6.2318700e+05   4.4311523e+01
   6.2334400e+05   4.6264648e+01
   6.2372400e+05   4.3212891e+01
   6.2380600e+05   4.2785645e+01
   6.2395300e+05   4.3212891e+01
   6.2469800e+05   5.9814453e+01
   7.0940800e+05   4.8706055e+01
   7.0943500e+05   4.6630859e+01
   7.0946900e+05   5.3039551e+01
   7.0948900e+05   4.6508789e+01
   7.0952000e+05   8.4106445e+01
   7.0953800e+05   8.5144043e+01
   7.0955300e+05   5.0781250e+01
   7.0956900e+05   4.7607422e+01
   7.0960200e+05   8.7768555e+01
   7.0961900e+05   4.7973633e+01
   7.0963300e+05   5.3833008e+01
   7.0965900e+05   5.5236816e+01
   7.0971200e+05   5.4016113e+01
   7.0977900e+05   4.7790527e+01
   7.0986500e+05   4.3518066e+01
   7.0990400e+05   4.6264648e+01
   7.0993800e+05   5.7312012e+01
   7.1041600e+05   4.4982910e+01
   7.1050700e+05   4.6813965e+01
   7.1066800e+05   4.5043945e+01
   7.1098400e+05   5.0292969e+01
   8.0888000e+05   4.3640137e+01
   8.0890900e+05   5.4809570e+01
   8.0892400e+05   7.3242188e+01
   8.0895700e+05   5.4809570e+01
   8.0898800e+05   4.3090820e+01
   8.0901100e+05   7.5012207e+01
   8.0902800e+05   5.4443359e+01
   8.0905500e+05   5.3649902e+01
   8.0906800e+05   5.9631348e+01
   8.0909400e+05   4.5104980e+01
   8.0913200e+05   6.8176270e+01
   8.0916700e+05   4.4250488e+01
   8.0918800e+05   5.1086426e+01
   8.0932600e+05   5.4260254e+01
   8.1039400e+05   4.9499512e+01
   8.1040900e+05   4.5104980e+01
   8.1090400e+05   4.6630859e+01
   8.1105100e+05   4.2785645e+01
   9.3586100e+05   5.8654785e+01
   9.3597100e+05   4.4860840e+01
   9.3602800e+05   4.3395996e+01
   9.3604900e+05   4.7302246e+01
   9.3608200e+05   4.9133301e+01
   9.3609200e+05   4.7912598e+01
   9.3612300e+05   7.4096680e+01
   9.3613400e+05   4.5471191e+01
   9.3616200e+05   4.3029785e+01
   9.3618100e+05   8.7829590e+01
   9.3621600e+05   6.6528320e+01
   9.3623600e+05   5.2917480e+01
   9.3626200e+05   6.5246582e+01
   9.3628400e+05   4.4189453e+01
   9.3631300e+05   5.5725098e+01
   9.3633900e+05   4.6569824e+01
   9.3639600e+05   4.4494629e+01
   9.3642500e+05   4.5349121e+01
   9.3650800e+05   4.4189453e+01
   9.3652000e+05   4.8034668e+01
   9.3685900e+05   4.7363281e+01
   9.3689100e+05   5.1879883e+01
   9.3699100e+05   5.4382324e+01
   9.3707700e+05   4.6813965e+01
   9.3715500e+05   4.4250488e+01
   9.3721900e+05   4.2968750e+01
   9.3791700e+05   4.6325684e+01
   9.3810600e+05   5.0292969e+01
   1.0143900e+06   5.1147461e+01
   1.0144740e+06   4.5349121e+01
   1.0145210e+06   4.8095703e+01
   1.0145620e+06   5.6762695e+01
   1.0145930e+06   8.9233398e+01
   1.0146260e+06   5.4626465e+01
   1.0146430e+06   1.0223389e+02
   1.0146550e+06   5.0720215e+01
   1.0146830e+06   7.8430176e+01
   1.0146930e+06   7.2448730e+01
   1.0147120e+06   4.8034668e+01
   1.0147410e+06   5.3222656e+01
   1.0147600e+06   5.8654785e+01
   1.0147730e+06   5.8837891e+01
   1.0148020e+06   5.0476074e+01
   1.0158570e+06   5.3833008e+01
   1.0160640e+06   5.2185059e+01
   1.0678850e+06   4.2846680e+01
   1.1193920e+06   4.6020508e+01
   1.1195140e+06   4.7546387e+01
   1.1195440e+06   6.1096191e+01
   1.1195730e+06   4.3945312e+01
   1.1195890e+06   7.4523926e+01
   1.1196140e+06   5.3039551e+01
   1.1196360e+06   4.6569824e+01
   1.1196490e+06   7.8796387e+01
   1.1196790e+06   6.8176270e+01
   1.1197180e+06   5.2612305e+01
   1.1197600e+06   4.7058105e+01
   1.1197750e+06   4.6386719e+01
   1.1198190e+06   5.7556152e+01
   1.1202150e+06   4.3518066e+01
   1.1203250e+06   5.0354004e+01
   1.1204770e+06   4.6752930e+01
   1.1205670e+06   4.4616699e+01
   1.1206470e+06   4.3945312e+01
   1.1207730e+06   4.6203613e+01
   1.1212100e+06   4.8217773e+01
   1.1838260e+06   4.7668457e+01
   1.1838490e+06   4.7790527e+01
   1.1838760e+06   4.4311523e+01
   1.1839410e+06   4.5898438e+01
   1.1839720e+06   5.0720215e+01
   1.1840070e+06   6.6345215e+01
   1.1840270e+06   5.0842285e+01
   1.1840430e+06   6.3598633e+01
   1.1840740e+06   7.6721191e+01
   1.1841000e+06   5.7800293e+01
   1.1841110e+06   8.3251953e+01
   1.1841400e+06   5.8715820e+01
   1.1841570e+06   6.5063477e+01
   1.1841890e+06   5.4321289e+01
   1.1844210e+06   4.6203613e+01
   1.1844510e+06   4.4006348e+01
   1.1844980e+06   5.2429199e+01
   1.1847130e+06   5.1940918e+01
   1.1848210e+06   4.3457031e+01
   1.1850500e+06   4.8828125e+01
   1.1852450e+06   4.8645020e+01
   1.1857780e+06   4.7363281e+01
   1.2702130e+06   5.2429199e+01
   1.2702450e+06   4.5654297e+01
   1.2703140e+06   4.4372559e+01
   1.2703650e+06   4.3701172e+01
   1.2703850e+06   4.4311523e+01
   1.2704130e+06   4.6447754e+01
   1.2704270e+06   4.9377441e+01
   1.2704520e+06   5.4077148e+01
   1.2704760e+06   6.2988281e+01
   1.2704970e+06   5.5297852e+01
   1.2705080e+06   5.3344727e+01
   1.2705230e+06   5.6701660e+01
   1.2705560e+06   4.8339844e+01
   1.2705790e+06   4.7912598e+01
   1.2706020e+06   6.0852051e+01
   1.2706350e+06   4.7424316e+01
   1.2706780e+06   4.7485352e+01
   1.2711320e+06   5.2001953e+01
   1.2715280e+06   4.4860840e+01
   1.2717060e+06   4.4006348e+01
   1.2723560e+06   4.3762207e+01
   1.3571330e+06   5.2612305e+01
   1.3572050e+06   5.7006836e+01
   1.3572440e+06   4.8767090e+01
   1.3572860e+06   4.3884277e+01
   1.3573140e+06   7.6538086e+01
   1.3573240e+06   6.2866211e+01
   1.3573530e+06   7.0373535e+01
   1.3573730e+06   8.7341309e+01
   1.3574000e+06   5.2734375e+01
   1.3574190e+06   6.5429688e+01
   1.3574390e+06   4.6386719e+01
   1.3574540e+06   5.2673340e+01
   1.3574820e+06   4.6508789e+01
   1.3574950e+06   4.7973633e+01
   1.3575240e+06   4.3823242e+01
   1.3577190e+06   5.4077148e+01
   1.3577820e+06   4.5410156e+01
   1.3578780e+06   4.7851562e+01
   1.3581320e+06   5.6579590e+01
   1.3583940e+06   4.5227051e+01
   1.3585960e+06   4.5715332e+01
   1.4808010e+06   4.4555664e+01
   1.4811380e+06   4.6508789e+01
   1.4811640e+06   4.4372559e+01
   1.4811830e+06   6.6772461e+01
   1.4811950e+06   5.4992676e+01
   1.4812300e+06   5.5725098e+01
   1.4812400e+06   5.0537109e+01
   1.4812760e+06   8.3007812e+01
   1.4812870e+06   1.1169434e+02
   1.4813150e+06   5.9082031e+01
   1.4813470e+06   7.6782227e+01
   1.4813760e+06   5.1086426e+01
   1.4814030e+06   5.7128906e+01
   1.4814210e+06   6.9030762e+01
   1.4814380e+06   6.9824219e+01
   1.4815080e+06   4.7607422e+01
   1.4815860e+06   5.1635742e+01
   1.4817560e+06   4.9682617e+01
   1.4817750e+06   4.7424316e+01
   1.4817950e+06   4.8706055e+01
   1.4821030e+06   4.9133301e+01
   1.4825100e+06   6.1096191e+01
   1.5536480e+06   4.2724609e+01
   1.5544240e+06   6.1096191e+01
   1.5544960e+06   4.7668457e+01
   1.5545310e+06   4.9804688e+01
   1.5545460e+06   6.5307617e+01
   1.5545710e+06   5.7373047e+01
   1.5546070e+06   7.6232910e+01
   1.5546370e+06   5.9020996e+01
   1.5546490e+06   7.1411133e+01
   1.5546650e+06   5.1696777e+01
   1.5547220e+06   8.7890625e+01
   1.5547620e+06   4.4372559e+01
   1.5547750e+06   5.8654785e+01
   1.5547860e+06   4.3945313e+01
   1.5548050e+06   4.3579102e+01
   1.5548960e+06   4.6508789e+01
   1.5549300e+06   4.6630859e+01
   1.5549670e+06   5.2734375e+01
   1.5550490e+06   4.4189453e+01
   1.5551140e+06   5.1818848e+01
   1.5552570e+06   5.3833008e+01
   1.5553310e+06   4.7302246e+01
   1.5554580e+06   4.3884277e+01
   1.5555140e+06   4.5837402e+01
   1.5556660e+06   4.5837402e+01
   1.5560030e+06   4.6203613e+01
   1.6363930e+06   4.3945312e+01
   1.6365110e+06   4.3762207e+01
   1.6365320e+06   4.7973633e+01
   1.6365500e+06   4.9194336e+01
   1.6365600e+06   5.7556152e+01
   1.6365920e+06   5.4321289e+01
   1.6366060e+06   7.6416016e+01
   1.6366210e+06   4.9316406e+01
   1.6366650e+06   4.7607422e+01
   1.6366860e+06   8.9233398e+01
   1.6366960e+06   5.1818848e+01
   1.6367070e+06   9.1186523e+01
   1.6367330e+06   5.0048828e+01
   1.6367470e+06   6.5551758e+01
   1.6367860e+06   5.1574707e+01
   1.6368360e+06   4.3395996e+01
   1.6369480e+06   4.5776367e+01
   1.6370400e+06   4.9743652e+01
   1.6374140e+06   5.6091309e+01
   1.6375200e+06   4.4128418e+01
   1.6375980e+06   4.6142578e+01
   1.7279750e+06   4.4616699e+01
   1.7286830e+06   4.3945312e+01
   1.7288030e+06   5.7006836e+01
   1.7288200e+06   4.7729492e+01
   1.7288370e+06   7.0007324e+01
   1.7288600e+06   6.5551758e+01
   1.7288920e+06   6.3354492e+01
   1.7289130e+06   6.6101074e+01
   1.7289390e+06   5.7800293e+01
   1.7289690e+06   6.9946289e+01
   1.7289820e+06   5.9997559e+01
   1.7290030e+06   5.7250977e+01
   1.7290230e+06   4.4372559e+01
   1.7290380e+06   5.4016113e+01
   1.7290750e+06   4.3029785e+01
   1.7290970e+06   5.6884766e+01
   1.7292240e+06   4.5043945e+01
   1.7294970e+06   4.4494629e+01
   1.7295560e+06   4.6447754e+01
   1.7296390e+06   4.5471191e+01
   1.7297340e+06   5.6823730e+01
   1.7297980e+06   4.7790527e+01
   1.7299620e+06   4.6081543e+01
   1.7303080e+06   4.3762207e+01
   1.8739030e+06   5.4199219e+01
   1.8739310e+06   4.6264648e+01
   1.8739450e+06   4.9804688e+01
   1.8739770e+06   7.3547363e+01
   1.8740010e+06   4.5104980e+01
   1.8740240e+06   6.8237305e+01
   1.8740520e+06   5.2978516e+01
   1.8740690e+06   6.8481445e+01
   1.8741200e+06   5.0415039e+01
   1.8741310e+06   5.9936523e+01
   1.8741710e+06   5.3039551e+01
   1.8743200e+06   4.4677734e+01
   1.8743660e+06   4.3151855e+01
   1.8744690e+06   4.3945313e+01
   1.8745590e+06   4.3334961e+01
   1.8752140e+06   5.6030273e+01
   1.8756600e+06   4.5104980e+01
   1.9216190e+06   4.3395996e+01
   1.9545100e+06   4.4250488e+01
   1.9549040e+06   6.3232422e+01
   1.9550000e+06   5.1513672e+01
   1.9550280e+06   4.6691895e+01
   1.9550530e+06   5.5236816e+01
   1.9550870e+06   6.5612793e+01
   1.9550970e+06   6.1706543e+01
   1.9551310e+06   5.0903320e+01
   1.9551450e+06   7.5378418e+01
   1.9551840e+06   4.5898438e+01
   1.9551980e+06   4.6020508e+01
   1.9552180e+06   4.3762207e+01
   1.9552570e+06   4.5471191e+01
   1.9552880e+06   5.3833008e+01
   1.9553180e+06   4.3945312e+01
   1.9554420e+06   4.4616699e+01
   1.9555270e+06   4.5288086e+01
   1.9555570e+06   5.8959961e+01
   1.9555920e+06   4.3395996e+01
   1.9556120e+06   4.2724609e+01
   1.9556610e+06   4.4433594e+01
   1.9559080e+06   4.8034668e+01
   1.9560350e+06   4.5776367e+01
   1.9560570e+06   4.4555664e+01
   1.9562400e+06   4.4799805e+01
   1.9564010e+06   4.9377441e+01
   2.0040070e+06   5.6518555e+01
   2.1179630e+06   5.4687500e+01
   2.1180160e+06   4.2968750e+01
   2.1180320e+06   4.4311523e+01
   2.1180430e+06   5.2368164e+01
   2.1180710e+06   6.8603516e+01
   2.1180860e+06   5.6152344e+01
   2.1181160e+06   6.2194824e+01
   2.1181450e+06   8.2885742e+01
   2.1181610e+06   6.9152832e+01
   2.1182040e+06   4.7424316e+01
   2.1182450e+06   4.9072266e+01
   2.1182610e+06   5.8166504e+01
   2.1182920e+06   5.0781250e+01
   2.1183280e+06   4.6264648e+01
   2.1183640e+06   5.6518555e+01
   2.1183960e+06   5.0476074e+01
   2.1184620e+06   4.6386719e+01
   2.1185260e+06   4.5288086e+01
   2.1186440e+06   5.5725098e+01
   2.1187850e+06   4.3579102e+01
   2.1188210e+06   4.8400879e+01
   2.1188470e+06   4.4616699e+01
   2.1188670e+06   4.3334961e+01
   2.1190520e+06   4.4006348e+01
   2.1191420e+06   7.6538086e+01
   2.1195230e+06   5.2917480e+01
   2.1196300e+06   5.2185059e+01
   2.1202820e+06   4.4433594e+01
   2.1614450e+06   4.7607422e+01
   2.1615660e+06   4.5349121e+01
   2.1615920e+06   4.8583984e+01
   2.1616180e+06   4.3640137e+01
   2.1616430e+06   5.6701660e+01
   2.1616690e+06   6.9885254e+01
   2.1616960e+06   5.9814453e+01
   2.1617140e+06   4.5532227e+01
   2.1617420e+06   5.7006836e+01
   2.1617540e+06   6.0241699e+01
   2.1618040e+06   5.2124023e+01
   2.1618350e+06   5.2673340e+01
   2.1618510e+06   4.4677734e+01
   2.1619750e+06   5.3222656e+01
   2.1620460e+06   4.5593262e+01
   2.1621440e+06   4.8156738e+01
   2.1621650e+06   4.7485352e+01
   2.1621810e+06   5.0842285e+01
   2.1623610e+06   4.6691895e+01
   2.1626600e+06   4.5654297e+01
   2.1627020e+06   4.3029785e+01
   2.2507510e+06   4.7973633e+01
   2.2507770e+06   5.2062988e+01
   2.2508080e+06   5.0292969e+01
   2.2508450e+06   6.8237305e+01
   2.2508720e+06   5.4443359e+01
   2.2508990e+06   7.5988770e+01
   2.2509200e+06   5.5969238e+01
   2.2509450e+06   8.8562012e+01
   2.2509590e+06   6.0791016e+01
   2.2510070e+06   5.3344727e+01
   2.2510200e+06   4.7790527e+01
   2.2510530e+06   4.6142578e+01
   2.2511020e+06   4.8950195e+01
   2.2511700e+06   4.2724609e+01
   2.2511970e+06   6.0058594e+01
   2.2512140e+06   4.5715332e+01
   2.2513080e+06   4.2968750e+01
   2.2514020e+06   4.9865723e+01
   2.2514640e+06   4.3090820e+01
   2.2515200e+06   4.8034668e+01
   2.2516850e+06   4.8217773e+01
   2.2519440e+06   5.0354004e+01
   2.2524190e+06   4.2724609e+01
   2.2526400e+06   5.0659180e+01
   2.3452520e+06   5.1330566e+01
   2.3492740e+06   4.3640137e+01
   2.3504320e+06   5.2062988e+01
   2.3504610e+06   4.3395996e+01
   2.3504870e+06   4.3090820e+01
   2.3505250e+06   4.4799805e+01
   2.3505370e+06   9.4726562e+01
   2.3505690e+06   4.4982910e+01
   2.3505930e+06   5.7189941e+01
   2.3506210e+06   8.4960938e+01
   2.3506390e+06   4.3762207e+01
   2.3506600e+06   4.3090820e+01
   2.3506710e+06   5.5236816e+01
   2.3507120e+06   5.2612305e+01
   2.3507340e+06   4.7607422e+01
   2.3507480e+06   4.8706055e+01
   2.3509600e+06   5.0476074e+01
   2.3510120e+06   4.9011230e+01
   2.3512460e+06   5.0476074e+01
   2.3513150e+06   4.3090820e+01
   2.3514070e+06   5.9448242e+01
   2.3515570e+06   4.9499512e+01
   2.3516560e+06   5.5786133e+01
   2.3518920e+06   4.3457031e+01
   2.4459080e+06   4.3151855e+01
   2.4459430e+06   4.2968750e+01
   2.4459530e+06   4.8583984e+01
   2.4460120e+06   4.2907715e+01
   2.4460400e+06   4.6997070e+01
   2.4460630e+06   4.5471191e+01
   2.4460750e+06   6.0913086e+01
   2.4460970e+06   6.7932129e+01
   2.4461090e+06   6.9152832e+01
   2.4461430e+06   1.0119629e+02
   2.4461770e+06   5.9814453e+01
   2.4461910e+06   4.7546387e+01
   2.4462160e+06   5.1269531e+01
   2.4462340e+06   5.2001953e+01
   2.4462560e+06   4.8522949e+01
   2.4463630e+06   4.2785645e+01
   2.4464390e+06   4.8645020e+01
   2.4466410e+06   5.2185059e+01
   2.4467370e+06   4.2968750e+01
   2.4468140e+06   4.7424316e+01
   2.4470800e+06   6.0363770e+01
   2.4472270e+06   4.4982910e+01
   2.4472430e+06   4.2846680e+01
   2.4472890e+06   4.3945312e+01
   2.4474090e+06   5.0903320e+01
   2.4477060e+06   4.8583984e+01
   2.4477810e+06   4.2785645e+01
   2.4478120e+06   4.5288086e+01
   2.5323800e+06   4.4189453e+01
   2.5430790e+06   5.1635742e+01
   2.5430990e+06   6.5429688e+01
   2.5431110e+06   5.1208496e+01
   2.5431330e+06   7.2204590e+01
   2.5431490e+06   5.6762695e+01
   2.5431820e+06   4.9255371e+01
   2.5432000e+06   7.7026367e+01
   2.5432220e+06   7.1472168e+01
   2.5432340e+06   5.6823730e+01
   2.5432660e+06   5.5297852e+01
   2.5433020e+06   5.1879883e+01
   2.5433300e+06   4.8706055e+01
   2.5433610e+06   4.7546387e+01
   2.5434330e+06   4.6630859e+01
   2.5435600e+06   4.6508789e+01
   2.5435890e+06   4.5104980e+01
   2.5437510e+06   4.6630859e+01
   2.5437880e+06   4.7851562e+01
   2.5438720e+06   4.5288086e+01
   2.5438930e+06   4.6691895e+01
   2.5439640e+06   4.5227051e+01
   2.5440900e+06   4.9987793e+01
   2.5441310e+06   5.0109863e+01
   2.5452890e+06   4.4555664e+01
   2.6327930e+06   4.5593262e+01
   2.6328330e+06   4.5837402e+01
   2.6328510e+06   6.1645508e+01
   2.6328960e+06   4.5227051e+01
   2.6329130e+06   6.1462402e+01
   2.6329430e+06   8.9416504e+01
   2.6329740e+06   6.9458008e+01
   2.6329930e+06   4.6081543e+01
   2.6330120e+06   6.5368652e+01
   2.6330260e+06   4.9011230e+01
   2.6330540e+06   4.2968750e+01
   2.6330800e+06   5.6335449e+01
   2.6331510e+06   4.4799805e+01
   2.6331840e+06   4.6203613e+01
   2.6332220e+06   5.8227539e+01
   2.6332910e+06   5.0720215e+01
   2.6336880e+06   5.2185059e+01
   2.6337130e+06   4.3701172e+01
   2.6338780e+06   4.7790527e+01
   2.6339770e+06   4.5043945e+01
   2.6340850e+06   5.0476074e+01
   2.6343280e+06   4.6081543e+01
   2.7333040e+06   4.3090820e+01
   2.7334730e+06   5.2917480e+01
   2.7335180e+06   5.4382324e+01
   2.7335350e+06   7.8979492e+01
   2.7335590e+06   4.2846680e+01
   2.7335850e+06   8.0383301e+01
   2.7336180e+06   7.5256348e+01
   2.7336460e+06   5.4260254e+01
   2.7336860e+06   6.5979004e+01
   2.7338870e+06   4.6813965e+01
   2.7339350e+06   4.6997070e+01
   2.7339950e+06   4.2968750e+01
   2.7340880e+06   4.4555664e+01
   2.7342190e+06   5.1452637e+01
   2.7343590e+06   4.9804688e+01
   2.7343910e+06   4.5532227e+01
   2.8449020e+06   4.4616699e+01
   2.8451380e+06   4.8034668e+01
   2.8451580e+06   4.3884277e+01
   2.8451770e+06   4.5593262e+01
   2.8452100e+06   8.3557129e+01
   2.8452350e+06   7.1960449e+01
   2.8452490e+06   5.3710938e+01
   2.8452810e+06   1.0473633e+02
   2.8453000e+06   4.6752930e+01
   2.8453130e+06   4.8583984e+01
   2.8453310e+06   5.8898926e+01
   2.8453490e+06   5.7861328e+01
   2.8453770e+06   5.4443359e+01
   2.8454120e+06   4.3640137e+01
   2.8456280e+06   4.8461914e+01
   2.8456840e+06   4.8767090e+01
   2.8457950e+06   4.3090820e+01
   2.8458490e+06   4.8645020e+01
   2.8460000e+06   5.2795410e+01
   2.8460820e+06   4.6447754e+01
   2.8462200e+06   4.3640137e+01
   2.8463150e+06   4.3334961e+01
   2.9763050e+06   4.8950195e+01
   2.9764000e+06   4.5898438e+01
   2.9764520e+06   6.5368652e+01
   2.9764740e+06   6.3720703e+01
   2.9764900e+06   5.7434082e+01
   2.9765010e+06   7.6232910e+01
   2.9765290e+06   7.3669434e+01
   2.9765410e+06   5.2795410e+01
   2.9765700e+06   9.0881348e+01
   2.9765810e+06   7.1411133e+01
   2.9766050e+06   5.7189941e+01
   2.9766300e+06   5.7495117e+01
   2.9766770e+06   4.7729492e+01
   2.9767710e+06   4.4494629e+01
   2.9768020e+06   4.3334961e+01
   2.9768670e+06   5.8044434e+01
   2.9771990e+06   5.4687500e+01
   2.9772180e+06   4.5776367e+01
   2.9772960e+06   4.3823242e+01
   2.9774320e+06   4.4128418e+01
   2.9775140e+06   4.4189453e+01
   2.9775720e+06   5.7189941e+01
   2.9776470e+06   5.4504395e+01
   2.9778660e+06   4.3762207e+01
   3.0341130e+06   4.5776367e+01
   3.0342330e+06   4.3884277e+01
   3.0342620e+06   4.5104980e+01
   3.0342890e+06   5.6457520e+01
   3.0343130e+06   4.3273926e+01
   3.0343320e+06   4.9072266e+01
   3.0343560e+06   6.4270020e+01
   3.0343670e+06   8.6791992e+01
   3.0343890e+06   4.5898438e+01
   3.0344010e+06   5.3100586e+01
   3.0344130e+06   6.4636230e+01
   3.0344350e+06   6.7199707e+01
   3.0344520e+06   4.8278809e+01
   3.0344810e+06   5.7067871e+01
   3.0345220e+06   6.4697266e+01
   3.0345600e+06   6.1767578e+01
   3.0346070e+06   4.6569824e+01
   3.0346590e+06   4.3701172e+01
   3.0346820e+06   4.3823242e+01
   3.0348050e+06   5.7312012e+01
   3.0348240e+06   5.0476074e+01
   3.0348680e+06   4.6203613e+01
   3.0349200e+06   4.9682617e+01
   3.0350450e+06   4.7607422e+01
   3.0352450e+06   4.6386719e+01
   3.0352770e+06   5.4748535e+01
   3.0358760e+06   4.2663574e+01
   3.0361310e+06   4.5776367e+01
   3.1317030e+06   5.1757813e+01
   3.1772660e+06   4.3701172e+01
   3.1773180e+06   5.9753418e+01
   3.1773460e+06   7.1960449e+01
   3.1773710e+06   5.9997559e+01
   3.1773820e+06   6.6406250e+01
   3.1774440e+06   6.7871094e+01
   3.1774560e+06   5.0964355e+01
   3.1774820e+06   5.1757812e+01
   3.1774980e+06   7.6843262e+01
   3.1775170e+06   6.2561035e+01
   3.1775290e+06   5.2124023e+01
   3.1775620e+06   5.7983398e+01
   3.1775720e+06   5.6396484e+01
   3.1776400e+06   4.6264648e+01
   3.1776820e+06   4.9499512e+01
   3.1777170e+06   5.1757813e+01
   3.1777670e+06   6.3659668e+01
   3.1778260e+06   4.6264648e+01
   3.1781660e+06   4.7607422e+01
   3.1783670e+06   5.0598145e+01
   3.1787070e+06   4.4250488e+01
   3.1789960e+06   4.3518066e+01
   3.2897990e+06   4.7668457e+01
   3.2898370e+06   5.1147461e+01
   3.2898480e+06   5.0842285e+01
   3.2898740e+06   6.7260742e+01
   3.2899030e+06   4.7058105e+01
   3.2899230e+06   5.3771973e+01
   3.2899440e+06   5.0048828e+01
   3.2899620e+06   6.1584473e+01
   3.2899740e+06   5.4138184e+01
   3.2900060e+06   7.0373535e+01
   3.2900200e+06   6.0058594e+01
   3.2900900e+06   4.5654297e+01
   3.2901330e+06   4.8583984e+01
   3.2903350e+06   4.4250488e+01
   3.2903860e+06   5.7922363e+01
   3.2904100e+06   4.5715332e+01
   3.2907140e+06   4.7912598e+01
   3.2907530e+06   4.5593262e+01
   3.2908120e+06   4.9377441e+01
   3.2910410e+06   5.5603027e+01
   3.2911540e+06   4.7180176e+01
   3.2912510e+06   4.4250488e+01
   3.2913310e+06   4.4311523e+01
   3.2915490e+06   4.5349121e+01
   3.2919190e+06   4.3090820e+01
   3.3447980e+06   4.5043945e+01
   3.3448660e+06   5.4199219e+01
   3.3448920e+06   4.8095703e+01
   3.3449160e+06   8.5266113e+01
   3.3449280e+06   8.1726074e+01
   3.3449530e+06   7.2937012e+01
   3.3449640e+06   6.5856934e+01
   3.3449800e+06   5.7373047e+01
   3.3450170e+06   4.6936035e+01
   3.3450270e+06   9.3505859e+01
   3.3450490e+06   5.9875488e+01
   3.3450730e+06   6.1340332e+01
   3.3451130e+06   4.5166016e+01
   3.3452770e+06   4.6875000e+01
   3.3453030e+06   4.4860840e+01
   3.3454070e+06   4.4311523e+01
   3.3454420e+06   4.8400879e+01
   3.3455170e+06   4.5043945e+01
   3.3455980e+06   4.5959473e+01
   3.3456660e+06   4.4921875e+01
   3.3457240e+06   4.8950195e+01
   3.3457960e+06   4.6875000e+01
   3.3461490e+06   4.5898438e+01
   3.3462160e+06   4.4860840e+01
   3.3462700e+06   4.3273926e+01
   3.3466420e+06   4.2907715e+01
   3.3467510e+06   4.4738770e+01
   3.3470320e+06   5.0537109e+01
   3.3472080e+06   4.3823242e+01
   3.4128080e+06   6.1767578e+01
   3.4128340e+06   5.2917480e+01
   3.4128440e+06   5.0781250e+01
   3.4128670e+06   4.4616699e+01
   3.4128890e+06   5.5358887e+01
   3.4129170e+06   6.7138672e+01
   3.4129400e+06   5.0842285e+01
   3.4129540e+06   5.8959961e+01
   3.4129820e+06   5.3222656e+01
   3.4130020e+06   5.3161621e+01
   3.4130290e+06   4.8645020e+01
   3.4130400e+06   4.9987793e+01
   3.4130610e+06   4.8950195e+01
   3.4130830e+06   5.2490234e+01
   3.4131090e+06   4.4555664e+01
   3.4131710e+06   4.9865723e+01
   3.4132750e+06   4.3029785e+01
   3.4134580e+06   4.3212891e+01
   3.4134850e+06   4.3151855e+01
   3.4135890e+06   6.0607910e+01
   3.4137010e+06   4.7851562e+01
   3.4137740e+06   4.2785645e+01
   3.4138330e+06   4.5654297e+01
   3.4140600e+06   4.7790527e+01
   3.4145710e+06   5.1879883e+01
   3.4152670e+06   4.3395996e+01
   3.4866390e+06   5.3039551e+01
   3.4867620e+06   4.5471191e+01
   3.4867910e+06   5.7861328e+01
   3.4868190e+06   7.9040527e+01
   3.4868300e+06   6.2316895e+01
   3.4868900e+06   4.7668457e+01
   3.4869130e+06   4.4189453e+01
   3.4869360e+06   8.3740234e+01
   3.4869640e+06   6.2255859e+01
   3.4869830e+06   6.7932129e+01
   3.4870400e+06   5.4382324e+01
   3.4870670e+06   5.1025391e+01
   3.4871650e+06   4.4250488e+01
   3.4872690e+06   5.0781250e+01
   3.4873520e+06   4.4860840e+01
   3.4873930e+06   5.1269531e+01
   3.4874420e+06   4.6203613e+01
   3.4875960e+06   4.7058105e+01
   3.4876310e+06   4.3884277e+01
   3.4876590e+06   5.1696777e+01
   3.4878190e+06   4.3823242e+01
   3.4879130e+06   4.4250488e+01
   3.4881960e+06   4.4250488e+01
   3.5931230e+06   4.3334961e+01
   3.5932050e+06   4.6752930e+01
   3.5934090e+06   4.2724609e+01
   3.5934240e+06   5.9204102e+01
   3.5934640e+06   4.6752930e+01
   3.5934930e+06   4.2968750e+01
   3.5935270e+06   6.5856934e+01
   3.5935390e+06   5.4748535e+01
   3.5935580e+06   6.4086914e+01
   3.5935820e+06   4.8461914e+01
   3.5936020e+06   8.8012695e+01
   3.5936300e+06   1.0217285e+02
   3.5936400e+06   5.3833008e+01
   3.5936770e+06   6.1767578e+01
   3.5936880e+06   5.0476074e+01
   3.5937260e+06   6.5734863e+01
   3.5937560e+06   4.5043945e+01
   3.5937970e+06   4.3640137e+01
   3.5939150e+06   4.8461914e+01
   3.5940010e+06   4.5288086e+01
   3.5940150e+06   5.4138184e+01
   3.5940740e+06   4.3395996e+01
   3.5941090e+06   4.3395996e+01
   3.5942350e+06   6.1218262e+01
   3.5945130e+06   4.2663574e+01
   3.5945470e+06   4.8156738e+01
   3.5945800e+06   4.4006348e+01
   3.5947560e+06   4.4555664e+01
   3.5948200e+06   4.7180176e+01
   3.5950100e+06   4.4738770e+01
   3.5951490e+06   4.8400879e+01
   3.5951910e+06   4.2846680e+01
   3.6784760e+06   5.8898926e+01
   3.6786990e+06   4.2968750e+01
   3.6789840e+06   4.2602539e+01
   3.6790080e+06   7.4035645e+01
   3.6790410e+06   6.9396973e+01
   3.6790720e+06   4.8767090e+01
   3.6790850e+06   6.5612793e+01
   3.6791030e+06   6.0119629e+01
   3.6791240e+06   4.3518066e+01
   3.6791350e+06   7.9711914e+01
   3.6791490e+06   5.6457520e+01
   3.6791740e+06   4.5654297e+01
   3.6791940e+06   9.1125488e+01
   3.6792110e+06   5.4016113e+01
   3.6792410e+06   4.4006348e+01
   3.6792890e+06   4.6875000e+01
   3.6793010e+06   6.7993164e+01
   3.6793510e+06   4.3640137e+01
   3.6793710e+06   5.7250977e+01
   3.6795420e+06   4.4616699e+01
   3.6795800e+06   4.7058105e+01
   3.6796630e+06   4.4372559e+01
   3.6797110e+06   4.2602539e+01
   3.6798010e+06   4.8217773e+01
   3.6798930e+06   4.2968750e+01
   3.6799550e+06   4.6508789e+01
   3.6799720e+06   4.8034668e+01
   3.6800330e+06   5.1452637e+01
   3.6801290e+06   4.3579102e+01
   3.6801950e+06   4.2846680e+01
   3.6802120e+06   4.3273926e+01
   3.6802920e+06   4.3762207e+01
   3.6803700e+06   4.9133301e+01
   3.6809750e+06   4.3151855e+01
   3.6811240e+06   5.2795410e+01
   3.7671530e+06   4.4616699e+01
   3.7733190e+06   4.2663574e+01
   3.7733590e+06   4.6691895e+01
   3.7733820e+06   4.7363281e+01
   3.7734110e+06   5.0720215e+01
   3.7734430e+06   5.1574707e+01
   3.7734610e+06   4.3518066e+01
   3.7734900e+06   8.8134766e+01
   3.7735170e+06   5.3649902e+01
   3.7735320e+06   6.0302734e+01
   3.7735420e+06   5.8593750e+01
   3.7735850e+06   4.4067383e+01
   3.7736060e+06   5.2917480e+01
   3.7736460e+06   5.9753418e+01
   3.7737060e+06   4.2785645e+01
   3.7737490e+06   4.4372559e+01
   3.7738880e+06   4.2724609e+01
   3.7740020e+06   5.3344727e+01
   3.7740940e+06   4.2785645e+01
   3.7741310e+06   4.6630859e+01
   3.7742290e+06   5.0842285e+01
   3.7743160e+06   4.6813965e+01
   3.7743590e+06   4.6691895e+01
   3.7744840e+06   4.7241211e+01
   3.7749220e+06   4.6020508e+01
   3.8746530e+06   4.3823242e+01
   3.8747590e+06   4.6447754e+01
   3.8748000e+06   4.3884277e+01
   3.8748150e+06   5.7861328e+01
   3.8748460e+06   5.2734375e+01
   3.8748650e+06   4.8889160e+01
   3.8748870e+06   4.9133301e+01
   3.8748970e+06   1.0400391e+02
   3.8749120e+06   6.4086914e+01
   3.8749400e+06   6.9030762e+01
   3.8749600e+06   6.9702148e+01
   3.8749710e+06   5.3527832e+01
   3.8750100e+06   5.4138184e+01
   3.8750220e+06   5.0170898e+01
   3.8750500e+06   4.6386719e+01
   3.8750820e+06   6.5612793e+01
   3.8751010e+06   4.3090820e+01
   3.8751370e+06   4.8278809e+01
   3.8751820e+06   5.8471680e+01
   3.8752080e+06   5.2917480e+01
   3.8753060e+06   5.0842285e+01
   3.8753830e+06   5.8105469e+01
   3.8754740e+06   4.3579102e+01
   3.8755710e+06   4.4616699e+01
   3.8756050e+06   4.5532227e+01
   3.8757330e+06   4.2907715e+01
   3.8757460e+06   4.6936035e+01
   3.8759610e+06   4.4738770e+01
   3.8760560e+06   4.4006348e+01
   3.9514330e+06   4.2602539e+01
   3.9524050e+06   4.3212891e+01
   3.9524670e+06   4.8767090e+01
   3.9525300e+06   4.9926758e+01
   3.9525640e+06   4.3579102e+01
   3.9525830e+06   4.7607422e+01
   3.9526050e+06   6.0668945e+01
   3.9526360e+06   5.2001953e+01
   3.9526550e+06   8.0200195e+01
   3.9526920e+06   7.1594238e+01
   3.9527120e+06   4.3029785e+01
   3.9527320e+06   7.2387695e+01
   3.9527480e+06   4.7424316e+01
   3.9528080e+06   5.0354004e+01
   3.9528240e+06   4.6569824e+01
   3.9528450e+06   4.3945312e+01
   3.9528690e+06   4.5532227e+01
   3.9530810e+06   5.4504395e+01
   3.9531330e+06   4.4738770e+01
   3.9533090e+06   5.0048828e+01
   3.9537240e+06   4.3334961e+01
   4.0357680e+06   4.5288086e+01
   4.0357960e+06   4.3273926e+01
   4.0358590e+06   4.8645020e+01
   4.0359350e+06   4.2785645e+01
   4.0359660e+06   5.1818848e+01
   4.0360000e+06   6.4941406e+01
   4.0360290e+06   7.1472168e+01
   4.0360430e+06   6.5429688e+01
   4.0360690e+06   6.5734863e+01
   4.0360800e+06   5.6518555e+01
   4.0361030e+06   4.5104980e+01
   4.0361380e+06   7.2814941e+01
   4.0361640e+06   5.8898926e+01
   4.0362120e+06   4.3334961e+01
   4.0362290e+06   4.7058105e+01
   4.0362530e+06   4.7180176e+01
   4.0363090e+06   5.2490234e+01
   4.0363600e+06   4.7912598e+01
   4.0363740e+06   5.4748535e+01
   4.0364360e+06   4.4128418e+01
   4.0365250e+06   6.1401367e+01
   4.0366820e+06   4.5898438e+01
   4.0368480e+06   4.8156738e+01
   4.0368640e+06   4.5471191e+01
   4.0369270e+06   4.5654297e+01
   4.0371150e+06   4.9133301e+01
   4.0372970e+06   4.3334961e+01
   4.0807790e+06   4.7119141e+01
   4.0809170e+06   4.6997070e+01
   4.0809840e+06   4.3457031e+01
   4.0810250e+06   4.8767090e+01
   4.0810490e+06   6.1401367e+01
   4.0810620e+06   1.1669922e+02
   4.0810830e+06   6.1340332e+01
   4.0811090e+06   5.7067871e+01
   4.0811280e+06   5.7250977e+01
   4.0811420e+06   9.2346191e+01
   4.0811860e+06   5.0659180e+01
   4.0811980e+06   4.9499512e+01
   4.0812170e+06   4.5776367e+01
   4.0812570e+06   4.3334961e+01
   4.0813110e+06   4.4677734e+01
   4.0813950e+06   4.5776367e+01
   4.0814760e+06   4.3762207e+01
   4.0816380e+06   5.3344727e+01
   4.0817220e+06   5.3466797e+01
   4.0817490e+06   4.7668457e+01
   4.0818270e+06   4.4921875e+01
   4.0818730e+06   4.4677734e+01
   4.0820920e+06   4.8400879e+01
   4.0821940e+06   4.3762207e+01
   4.1631170e+06   4.2663574e+01
   4.1698360e+06   4.3640137e+01
   4.1700070e+06   5.0598145e+01
   4.1701020e+06   4.7058105e+01
   4.1701320e+06   7.5988770e+01
   4.1701810e+06   9.3017578e+01
   4.1701930e+06   8.1787109e+01
   4.1702300e+06   4.2663574e+01
   4.1702540e+06   8.4106445e+01
   4.1702850e+06   5.7617188e+01
   4.1702950e+06   5.1879883e+01
   4.1703160e+06   4.5776367e+01
   4.1703860e+06   4.2724609e+01
   4.1704530e+06   5.1574707e+01
   4.1705180e+06   5.8898926e+01
   4.1705710e+06   4.7302246e+01
   4.1707040e+06   4.5349121e+01
   4.1707680e+06   5.6030273e+01
   4.1709120e+06   5.8105469e+01
   4.1710630e+06   4.8156738e+01
   4.1712340e+06   5.7250977e+01
   4.1713270e+06   4.9499512e+01
   4.2583180e+06   5.0476074e+01
   4.2583310e+06   4.5227051e+01
   4.2583690e+06   4.4555664e+01
   4.2584110e+06   7.3364258e+01
   4.2584250e+06   6.7993164e+01
   4.2584550e+06   4.5288086e+01
   4.2584710e+06   8.9843750e+01
   4.2584950e+06   5.5419922e+01
   4.2585100e+06   9.0148926e+01
   4.2585230e+06   8.7219238e+01
   4.2585720e+06   5.7983398e+01
   4.2586130e+06   5.0781250e+01
   4.2586230e+06   5.6579590e+01
   4.2586350e+06   5.1086426e+01
   4.2586640e+06   4.8706055e+01
   4.2587790e+06   4.6875000e+01
   4.2587950e+06   7.7087402e+01
   4.2588310e+06   4.8706055e+01
   4.2588880e+06   4.4006348e+01
   4.2591350e+06   4.7241211e+01
   4.2594200e+06   4.8400879e+01
   4.2595840e+06   4.5166016e+01
   4.2597930e+06   4.2907715e+01
   4.3421070e+06   4.9499512e+01
   4.3421530e+06   5.9265137e+01
   4.3421730e+06   4.8217773e+01
   4.3422200e+06   5.3466797e+01
   4.3422480e+06   5.5908203e+01
   4.3422810e+06   5.1086426e+01
   4.3423040e+06   8.7585449e+01
   4.3423230e+06   6.2988281e+01
   4.3423470e+06   5.9692383e+01
   4.3423570e+06   7.8369141e+01
   4.3423850e+06   7.2326660e+01
   4.3424210e+06   5.9692383e+01
   4.3425140e+06   5.1818848e+01
   4.3427040e+06   4.4494629e+01
   4.3427490e+06   4.8828125e+01
   4.3428620e+06   4.2602539e+01
   4.3429270e+06   4.4189453e+01
   4.3429910e+06   4.7302246e+01
   4.3430400e+06   4.4616699e+01
   4.3431090e+06   4.6081543e+01
   4.3437220e+06   5.2795410e+01
   4.3917000e+06   4.4250488e+01
   4.3918920e+06   5.5419922e+01
   4.3919690e+06   5.2795410e+01
   4.3919960e+06   5.7617188e+01
   4.3920230e+06   8.4106445e+01
   4.3920490e+06   8.0200195e+01
   4.3920730e+06   5.0476074e+01
   4.3921020e+06   6.5185547e+01
   4.3921240e+06   9.1613770e+01
   4.3921550e+06   6.5734863e+01
   4.3921890e+06   4.5898438e+01
   4.3922110e+06   5.1635742e+01
   4.3922260e+06   6.0424805e+01
   4.3922690e+06   4.2907715e+01
   4.3922800e+06   4.4982910e+01
   4.3923460e+06   4.3212891e+01
   4.3923680e+06   4.3945312e+01
   4.3924810e+06   4.7790527e+01
   4.3925370e+06   4.4860840e+01
   4.3925820e+06   4.3395996e+01
   4.3926140e+06   4.4494629e+01
   4.3926300e+06   4.7790527e+01
   4.3927310e+06   4.4006348e+01
   4.3928180e+06   5.8532715e+01
   4.3928740e+06   4.3518066e+01
   4.3928930e+06   5.4260254e+01
   4.3930750e+06   4.8645020e+01
   4.3933180e+06   4.5959473e+01
   4.3937150e+06   4.5837402e+01
   4.3938310e+06   4.2907715e+01
   4.4393660e+06   4.3823242e+01
   4.4393940e+06   6.5856934e+01
   4.4394310e+06   4.5593262e+01
   4.4394580e+06   4.2663574e+01
   4.4394770e+06   8.2458496e+01
   4.4394920e+06   7.2448730e+01
   4.4395160e+06   5.5664062e+01
   4.4395280e+06   7.3059082e+01
   4.4395580e+06   6.4636230e+01
   4.4396050e+06   5.0415039e+01
   4.4396360e+06   4.5959473e+01
   4.4396670e+06   5.2185059e+01
   4.4397080e+06   4.4189453e+01
   4.4397340e+06   5.5541992e+01
   4.4398340e+06   4.6691895e+01
   4.4399120e+06   5.4260254e+01
   4.4399770e+06   4.4250488e+01
   4.4401750e+06   4.4616699e+01
   4.4402160e+06   4.8645020e+01
   4.4402550e+06   4.4494629e+01
   4.4402750e+06   4.5532227e+01
   4.4406460e+06   4.7485352e+01
   4.4420840e+06   4.4128418e+01
   4.4814850e+06   5.5541992e+01
   4.4815320e+06   6.8969727e+01
   4.4815530e+06   5.2368164e+01
   4.4815730e+06   6.2561035e+01
   4.4815890e+06   4.9377441e+01
   4.4816120e+06   7.5500488e+01
   4.4816260e+06   8.7280273e+01
   4.4816420e+06   4.4921875e+01
   4.4816690e+06   5.6274414e+01
   4.4816930e+06   5.8654785e+01
   4.4817240e+06   7.3974609e+01
   4.4818470e+06   5.0292969e+01
   4.4818960e+06   4.3518066e+01
   4.4819410e+06   5.0476074e+01
   4.4820540e+06   5.0964355e+01
   4.4820790e+06   4.5776367e+01
   4.4821900e+06   4.3212891e+01
   4.4822400e+06   5.2673340e+01
   4.4823160e+06   4.6081543e+01
   4.4823760e+06   4.5898438e+01
   4.4823880e+06   4.4067383e+01
   4.4824170e+06   5.8105469e+01
   4.4824850e+06   4.2846680e+01
   4.4825170e+06   4.9926758e+01
   4.4827530e+06   5.2307129e+01
   4.4830150e+06   4.2785645e+01
   4.4830510e+06   5.0598145e+01
   4.4849390e+06   5.0048828e+01
   4.5881720e+06   4.5837402e+01
   4.5882400e+06   4.2602539e+01
   4.5882710e+06   5.8532715e+01
   4.5882820e+06   4.8522949e+01
   4.5883010e+06   6.5124512e+01
   4.5883390e+06   6.0241699e+01
   4.5883600e+06   4.6325684e+01
   4.5884000e+06   4.7790527e+01
   4.5884350e+06   4.5166016e+01
   4.5884790e+06   4.8706055e+01
   4.5885260e+06   4.3457031e+01
   4.5886870e+06   4.5715332e+01
   4.5887140e+06   4.4433594e+01
   4.5893240e+06   6.2805176e+01
   4.5902090e+06   5.0170898e+01
   4.6477030e+06   5.3039551e+01
   4.6477180e+06   4.6936035e+01
   4.6477400e+06   4.4433594e+01
   4.6477630e+06   4.7424316e+01
   4.6477870e+06   1.2182617e+02
   4.6478220e+06   6.2561035e+01
   4.6478420e+06   7.0068359e+01
   4.6478630e+06   4.7973633e+01
   4.6478740e+06   5.7006836e+01
   4.6478850e+06   5.3222656e+01
   4.6479080e+06   4.3029785e+01
   4.6479300e+06   5.4077148e+01
   4.6480420e+06   4.4189453e+01
   4.6480750e+06   4.3457031e+01
   4.6481460e+06   4.3640137e+01
   4.6482770e+06   4.3640137e+01
   4.6484110e+06   4.4921875e+01
   4.6484460e+06   4.6936035e+01
   4.6485170e+06   4.4677734e+01
   4.6486240e+06   4.5776367e+01
   4.6487230e+06   5.5725098e+01
   4.6487650e+06   4.4250488e+01
   4.6487780e+06   4.4860840e+01
   4.6488440e+06   5.7067871e+01
   4.6488850e+06   4.3762207e+01
   4.6501740e+06   4.4494629e+01
   4.7416200e+06   4.5776367e+01
   4.7421310e+06   5.0048828e+01
   4.7421510e+06   4.2663574e+01
   4.7421650e+06   5.1757812e+01
   4.7422110e+06   5.0354004e+01
   4.7422350e+06   4.5532227e+01
   4.7422460e+06   6.2011719e+01
   4.7422660e+06   5.7495117e+01
   4.7423020e+06   5.7983398e+01
   4.7423170e+06   7.1105957e+01
   4.7423270e+06   6.7077637e+01
   4.7423520e+06   6.3293457e+01
   4.7423680e+06   4.9987793e+01
   4.7423890e+06   4.8767090e+01
   4.7424140e+06   6.2927246e+01
   4.7425370e+06   4.3212891e+01
   4.7427050e+06   4.4921875e+01
   4.7427930e+06   4.6936035e+01
   4.7428610e+06   4.6264648e+01
   4.7429520e+06   4.5776367e+01
   4.7435500e+06   4.8706055e+01
   4.7439600e+06   4.6203613e+01
   4.7442650e+06   4.6752930e+01
   4.8416640e+06   4.3457031e+01
   4.8417230e+06   4.2663574e+01
   4.8418580e+06   4.6142578e+01
   4.8419090e+06   4.2907715e+01
   4.8419190e+06   8.0322266e+01
   4.8419530e+06   7.8613281e+01
   4.8419750e+06   5.6701660e+01
   4.8419850e+06   6.6162109e+01
   4.8420140e+06   5.0231934e+01
   4.8420380e+06   8.0688477e+01
   4.8420680e+06   5.6518555e+01
   4.8420890e+06   4.8339844e+01
   4.8421360e+06   6.0302734e+01
   4.8422360e+06   5.2246094e+01
   4.8422550e+06   4.6691895e+01
   4.8424000e+06   4.4982910e+01
   4.8424480e+06   4.4555664e+01
   4.8429540e+06   4.4250488e+01
   4.8430880e+06   4.6020508e+01
   4.8434240e+06   4.3273926e+01
   4.9044520e+06   5.0476074e+01
   4.9044870e+06   6.3598633e+01
   4.9045190e+06   4.7119141e+01
   4.9045430e+06   5.7617187e+01
   4.9045640e+06   4.7607422e+01
   4.9045760e+06   6.4147949e+01
   4.9046000e+06   4.7607422e+01
   4.9046190e+06   5.1940918e+01
   4.9046410e+06   4.3701172e+01
   4.9046580e+06   7.4218750e+01
   4.9046810e+06   7.6049805e+01
   4.9046950e+06   4.8583984e+01
   4.9047090e+06   6.3842773e+01
   4.9047320e+06   4.7668457e+01
   4.9047680e+06   4.6813965e+01
   4.9048270e+06   5.1025391e+01
   4.9048680e+06   4.6386719e+01
   4.9053820e+06   5.3649902e+01
   4.9056210e+06   5.5847168e+01
   4.9060130e+06   5.4199219e+01
   5.0013230e+06   5.7006836e+01
   5.0013710e+06   4.6508789e+01
   5.0013890e+06   6.8786621e+01
   5.0014190e+06   5.1757812e+01
   5.0014440e+06   4.9499512e+01
   5.0014600e+06   6.5673828e+01
   5.0014780e+06   4.4372559e+01
   5.0015010e+06   6.0668945e+01
   5.0015320e+06   5.5358887e+01
   5.0015420e+06   6.9030762e+01
   5.0015700e+06   4.5776367e+01
   5.0015820e+06   5.9020996e+01
   5.0016260e+06   4.9621582e+01
   5.0017200e+06   4.4616699e+01
   5.0017370e+06   4.3334961e+01
   5.0018020e+06   6.5246582e+01
   5.0019430e+06   4.2846680e+01
   5.0020680e+06   4.8095703e+01
   5.0020880e+06   4.8706055e+01
   5.0022720e+06   5.1452637e+01
   5.0025360e+06   4.8095703e+01
   5.0028530e+06   4.4616699e+01
   5.0887500e+06   4.8034668e+01
   5.0888690e+06   5.7739258e+01
   5.0888810e+06   4.3640137e+01
   5.0889310e+06   5.7861328e+01
   5.0889700e+06   5.7006836e+01
   5.0890030e+06   5.4382324e+01
   5.0890150e+06   8.5021973e+01
   5.0890490e+06   8.5571289e+01
   5.0890640e+06   6.9458008e+01
   5.0890860e+06   8.4350586e+01
   5.0890970e+06   4.3518066e+01
   5.0891170e+06   9.8693848e+01
   5.0891510e+06   5.2490234e+01
   5.0891850e+06   4.3457031e+01
   5.0892130e+06   5.7373047e+01
   5.0893920e+06   4.8583984e+01
   5.0894950e+06   4.4189453e+01
   5.0895790e+06   4.6447754e+01
   5.0896100e+06   4.4067383e+01
   5.0897090e+06   4.9804688e+01
   5.0900260e+06   4.8706055e+01
   5.0903200e+06   4.5715332e+01
   5.0904310e+06   4.3334961e+01
   5.0910210e+06   4.4921875e+01
   5.1741890e+06   4.7424316e+01
   5.1742600e+06   4.9255371e+01
   5.1742710e+06   4.4799805e+01
   5.1743510e+06   5.1025391e+01
   5.1743850e+06   5.3771973e+01
   5.1744020e+06   4.6447754e+01
   5.1744360e+06   4.2907715e+01
   5.1744560e+06   5.5725098e+01
   5.1744810e+06   7.2692871e+01
   5.1745170e+06   5.5847168e+01
   5.1745430e+06   6.5673828e+01
   5.1745730e+06   5.7006836e+01
   5.1746010e+06   4.3273926e+01
   5.1746830e+06   4.5776367e+01
   5.1749700e+06   5.1574707e+01
   5.1756030e+06   4.4494629e+01
   5.1757200e+06   4.3273926e+01
   5.1758510e+06   4.3640137e+01
   5.1762690e+06   4.3579102e+01
   5.2452970e+06   4.6325684e+01
   5.2453750e+06   5.1757812e+01
   5.2453940e+06   5.6945801e+01
   5.2454240e+06   4.5288086e+01
   5.2454480e+06   4.2968750e+01
   5.2454930e+06   4.6447754e+01
   5.2455160e+06   5.1086426e+01
   5.2455320e+06   5.0048828e+01
   5.2455610e+06   9.8144531e+01
   5.2455770e+06   4.6569824e+01
   5.2455950e+06   7.2387695e+01
   5.2456070e+06   4.7302246e+01
   5.2456250e+06   5.5603027e+01
   5.2456510e+06   7.6782227e+01
   5.2456730e+06   6.5917969e+01
   5.2456900e+06   5.2734375e+01
   5.2457070e+06   5.0109863e+01
   5.2457430e+06   5.7434082e+01
   5.2457820e+06   4.3762207e+01
   5.2458410e+06   6.9519043e+01
   5.2459360e+06   5.3588867e+01
   5.2460170e+06   4.4189453e+01
   5.2461500e+06   4.8583984e+01
   5.2462400e+06   4.6813965e+01
   5.2464180e+06   4.7241211e+01
   5.2464730e+06   5.9143066e+01
   5.2466380e+06   4.4311523e+01
   5.2466860e+06   5.1147461e+01
   5.3148610e+06   4.3884277e+01
   5.3149200e+06   4.5959473e+01
   5.3149330e+06   4.4067383e+01
   5.3149590e+06   5.5847168e+01
   5.3149690e+06   7.9467773e+01
   5.3150050e+06   4.4799805e+01
   5.3150150e+06   5.1086426e+01
   5.3150460e+06   8.6181641e+01
   5.3150750e+06   9.2285156e+01
   5.3151080e+06   6.4514160e+01
   5.3151280e+06   8.1420898e+01
   5.3151520e+06   4.6020508e+01
   5.3151770e+06   6.4025879e+01
   5.3152300e+06   5.6335449e+01
   5.3153020e+06   4.9926758e+01
   5.3154090e+06   4.6569824e+01
   5.3154590e+06   5.1574707e+01
   5.3155340e+06   4.5043945e+01
   5.3156700e+06   4.7546387e+01
   5.3157150e+06   5.0231934e+01
   5.3159120e+06   4.4433594e+01
   5.3160360e+06   5.3527832e+01
   5.3160620e+06   5.4748535e+01
   5.3161200e+06   4.6813965e+01
   5.3161610e+06   4.7729492e+01
   5.3162700e+06   4.7119141e+01
   5.3166820e+06   4.3518066e+01
   5.3906500e+06   4.7668457e+01
   5.3906740e+06   6.8298340e+01
   5.3906960e+06   4.3273926e+01
   5.3907150e+06   5.2429199e+01
   5.3907290e+06   4.9377441e+01
   5.3907490e+06   5.2246094e+01
   5.3907660e+06   6.4514160e+01
   5.3907760e+06   8.1054688e+01
   5.3908180e+06   9.8022461e+01
   5.3908280e+06   5.0048828e+01
   5.3908550e+06   5.9814453e+01
   5.3908700e+06   5.8532715e+01
   5.3908820e+06   4.9621582e+01
   5.3909190e+06   5.3894043e+01
   5.3909330e+06   5.7006836e+01
   5.3909590e+06   4.2602539e+01
   5.3909930e+06   5.1269531e+01
   5.3911210e+06   4.9072266e+01
   5.3912010e+06   4.7180176e+01
   5.3912430e+06   5.8288574e+01
   5.3912560e+06   4.3945312e+01
   5.3913940e+06   4.3640137e+01
   5.3914690e+06   5.0109863e+01
   5.3915340e+06   4.7180176e+01
   5.3917120e+06   4.2663574e+01
   5.3917520e+06   4.3762207e+01
   5.3918780e+06   4.4921875e+01
   5.3926400e+06   5.0292969e+01
   5.4732640e+06   4.6447754e+01
   5.4733660e+06   4.3151855e+01
   5.4735110e+06   4.5166016e+01
   5.4735390e+06   5.2429199e+01
   5.4735970e+06   4.2602539e+01
   5.4736350e+06   5.5480957e+01
   5.4736610e+06   5.3405762e+01
   5.4736770e+06   9.9609375e+01
   5.4736930e+06   5.7006836e+01
   5.4737200e+06   6.9763184e+01
   5.4737390e+06   6.5795898e+01
   5.4738010e+06   5.6823730e+01
   5.4738180e+06   5.7495117e+01
   5.4738530e+06   5.0109863e+01
   5.4738890e+06   5.0109863e+01
   5.4739100e+06   4.9560547e+01
   5.4739270e+06   4.4250488e+01
   5.4740690e+06   5.2490234e+01
   5.4740960e+06   5.6640625e+01
   5.4741640e+06   4.3518066e+01
   5.4742240e+06   4.4067383e+01
   5.4742880e+06   4.9804687e+01
   5.4743370e+06   4.4799805e+01
   5.4745480e+06   4.4494629e+01
   5.4745910e+06   5.0964355e+01
   5.4747620e+06   5.5114746e+01
   5.4749740e+06   4.3273926e+01
   5.4752320e+06   4.2785645e+01
   5.4755830e+06   4.6813965e+01
   5.5561510e+06   4.5471191e+01
   5.5563350e+06   4.2846680e+01
   5.5563490e+06   4.3395996e+01
   5.5563660e+06   6.9030762e+01
   5.5564240e+06   4.8217773e+01
   5.5564460e+06   5.4504395e+01
   5.5564670e+06   5.9082031e+01
   5.5564930e+06   9.2346191e+01
   5.5565090e+06   8.0383301e+01
   5.5565270e+06   6.8481445e+01
   5.5565550e+06   6.2683105e+01
   5.5565910e+06   4.9011230e+01
   5.5566050e+06   4.4982910e+01
   5.5566570e+06   4.4494629e+01
   5.5569730e+06   5.2917480e+01
   5.5573100e+06   5.5541992e+01
   5.5573530e+06   5.4748535e+01
   5.5574970e+06   4.7851562e+01
   5.5577260e+06   4.3823242e+01
   5.6252950e+06   4.6691895e+01
   5.6253140e+06   4.7668457e+01
   5.6253380e+06   5.6152344e+01
   5.6253640e+06   5.5664062e+01
   5.6253990e+06   7.6660156e+01
   5.6254100e+06   1.0192871e+02
   5.6254330e+06   6.9335938e+01
   5.6254600e+06   7.2326660e+01
   5.6254730e+06   6.3659668e+01
   5.6254950e+06   6.5185547e+01
   5.6255180e+06   7.3486328e+01
   5.6255330e+06   6.6955566e+01
   5.6255630e+06   4.6997070e+01
   5.6255760e+06   6.5002441e+01
   5.6256030e+06   6.5063477e+01
   5.6256800e+06   4.9072266e+01
   5.6257600e+06   4.2968750e+01
   5.6258810e+06   4.3090820e+01
   5.6259480e+06   4.4433594e+01
   5.6259810e+06   5.0170898e+01
   5.6261510e+06   4.2663574e+01
   5.6263380e+06   4.6386719e+01
   5.6265350e+06   4.6752930e+01
   5.6265510e+06   4.3334961e+01
   5.7276100e+06   4.6325684e+01
   5.7276440e+06   4.6691895e+01
   5.7276680e+06   5.3100586e+01
   5.7277520e+06   6.4453125e+01
   5.7277700e+06   6.4453125e+01
   5.7278010e+06   5.2368164e+01
   5.7278260e+06   5.9143066e+01
   5.7278430e+06   8.8317871e+01
   5.7278650e+06   5.2490234e+01
   5.7278970e+06   5.8654785e+01
   5.7280180e+06   4.4799805e+01
   5.7281860e+06   4.6691895e+01
   5.7282630e+06   4.6569824e+01
   5.7283300e+06   4.4738770e+01
   5.7283520e+06   5.7983398e+01
   5.7284200e+06   4.4616699e+01
   5.7284910e+06   4.8950195e+01
   5.7285580e+06   4.3701172e+01
   5.7285680e+06   4.2724609e+01
   5.7286210e+06   4.7119141e+01
   5.7287360e+06   4.9682617e+01
   5.7288420e+06   4.3090820e+01
   5.7291200e+06   4.2602539e+01
   5.7916990e+06   4.9560547e+01
   5.7917110e+06   4.4067383e+01
   5.7917540e+06   6.1462402e+01
   5.7917740e+06   4.5593262e+01
   5.7918100e+06   7.8674316e+01
   5.7918400e+06   7.7026367e+01
   5.7918660e+06   4.8645020e+01
   5.7918820e+06   5.3466797e+01
   5.7919020e+06   4.5776367e+01
   5.7919140e+06   5.0109863e+01
   5.7919390e+06   6.5429688e+01
   5.7919770e+06   5.2917480e+01
   5.7919910e+06   4.6325684e+01
   5.7921120e+06   4.5532227e+01
   5.7921360e+06   4.8767090e+01
   5.7921630e+06   4.9804688e+01
   5.7923230e+06   4.7668457e+01
   5.7923430e+06   4.4982910e+01
   5.7925900e+06   4.3273926e+01
   5.7927050e+06   4.2663574e+01
   5.7927960e+06   4.9865723e+01
   5.7928260e+06   4.5593262e+01
   5.7928730e+06   4.3518066e+01
   5.7929210e+06   4.7302246e+01
   5.8700010e+06   5.0231934e+01
   5.8700760e+06   4.4189453e+01
   5.8701210e+06   4.4189453e+01
   5.8701720e+06   5.5358887e+01
   5.8702020e+06   4.8156738e+01
   5.8702120e+06   7.5866699e+01
   5.8702370e+06   8.4899902e+01
   5.8702630e+06   6.9091797e+01
   5.8702830e+06   6.8115234e+01
   5.8702990e+06   5.8959961e+01
   5.8703190e+06   4.7241211e+01
   5.8703310e+06   8.9782715e+01
   5.8703510e+06   4.2785645e+01
   5.8703710e+06   4.5410156e+01
   5.8703880e+06   5.8166504e+01
   5.8704280e+06   4.3029785e+01
   5.8704590e+06   4.6508789e+01
   5.8706620e+06   4.3334961e+01
   5.8707450e+06   4.2846680e+01
   5.9158520e+06   4.3823242e+01
   5.9355660e+06   4.9499512e+01
   5.9356140e+06   4.3029785e+01
   5.9356940e+06   5.7006836e+01
   5.9357060e+06   5.0598145e+01
   5.9357180e+06   5.2368164e+01
   5.9357370e+06   5.1452637e+01
   5.9357540e+06   4.4250488e+01
   5.9357720e+06   8.3801270e+01
   5.9358000e+06   7.8979492e+01
   5.9358230e+06   6.7138672e+01
   5.9358600e+06   5.5908203e+01
   5.9358750e+06   4.7119141e+01
   5.9359080e+06   5.0292969e+01
   5.9360390e+06   5.3527832e+01
   5.9360910e+06   5.0292969e+01
   5.9361160e+06   4.4250488e+01
   5.9361570e+06   4.4128418e+01
   5.9367240e+06   4.7546387e+01
   5.9369020e+06   4.5166016e+01
   5.9369410e+06   4.3334961e+01
   5.9374010e+06   4.3029785e+01
   6.0124880e+06   4.4860840e+01
   6.0125260e+06   5.9020996e+01
   6.0125390e+06   6.4147949e+01
   6.0125610e+06   6.2377930e+01
   6.0125770e+06   4.4433594e+01
   6.0126020e+06   5.7922363e+01
   6.0126190e+06   6.3415527e+01
   6.0126500e+06   5.7312012e+01
   6.0126780e+06   7.4829102e+01
   6.0126900e+06   5.6030273e+01
   6.0127100e+06   6.2500000e+01
   6.0127220e+06   4.3273926e+01
   6.0129180e+06   4.3090820e+01
   6.0130250e+06   4.5043945e+01
   6.0130660e+06   4.3151855e+01
   6.0131470e+06   4.4128418e+01
   6.0132000e+06   4.5043945e+01
   6.0132660e+06   4.3640137e+01
   6.0133440e+06   4.4067383e+01
   6.1150120e+06   5.0048828e+01
   6.1150250e+06   5.6640625e+01
   6.1150450e+06   5.1635742e+01
   6.1150700e+06   5.8715820e+01
   6.1151020e+06   9.4055176e+01
   6.1151330e+06   6.0424805e+01
   6.1151440e+06   5.0537109e+01
   6.1151750e+06   5.4992676e+01
   6.1151980e+06   5.9814453e+01
   6.1152260e+06   4.4128418e+01
   6.1152840e+06   4.7546387e+01
   6.1155710e+06   4.7607422e+01
   6.1157410e+06   5.3894043e+01
   6.1167720e+06   5.1696777e+01
   6.1505700e+06   4.8156738e+01
   6.1506280e+06   4.6630859e+01
   6.1506590e+06   4.3090820e+01
   6.1506870e+06   6.0241699e+01
   6.1507010e+06   5.0354004e+01
   6.1507210e+06   5.5725098e+01
   6.1507580e+06   7.2448730e+01
   6.1507710e+06   9.1979980e+01
   6.1507900e+06   6.5124512e+01
   6.1508140e+06   6.8115234e+01
   6.1508330e+06   4.5837402e+01
   6.1508540e+06   7.1960449e+01
   6.1508730e+06   7.1838379e+01
   6.1509060e+06   4.3701172e+01
   6.1509660e+06   5.1879883e+01
   6.1511370e+06   6.0913086e+01
   6.1512590e+06   4.3579102e+01
   6.1514030e+06   4.6203613e+01
   6.1514190e+06   5.0720215e+01
   6.1515350e+06   4.4738770e+01
   6.1515960e+06   4.4982910e+01
   6.1516160e+06   4.3884277e+01
   6.1517580e+06   4.9072266e+01
   6.1518990e+06   4.4006348e+01
   6.2637500e+06   4.4311523e+01
   6.2637660e+06   4.8767090e+01
   6.2638460e+06   4.6875000e+01
   6.2638810e+06   6.3964844e+01
   6.2639020e+06   5.0231934e+01
   6.2639170e+06   5.7678223e+01
   6.2639440e+06   5.7861328e+01
   6.2639790e+06   6.2133789e+01
   6.2640040e+06   4.6997070e+01
   6.2640360e+06   5.4748535e+01
   6.2640950e+06   4.9133301e+01
   6.2642140e+06   4.4006348e+01
   6.2644140e+06   4.5288086e+01
   6.2645470e+06   5.7250977e+01
   6.2650230e+06   4.6142578e+01
   6.3206650e+06   4.4250488e+01
   6.3207250e+06   4.5227051e+01
   6.3207800e+06   5.9448242e+01
   6.3207980e+06   5.6884766e+01
   6.3208250e+06   5.7617188e+01
   6.3208450e+06   6.6772461e+01
   6.3208590e+06   4.3457031e+01
   6.3208760e+06   5.4687500e+01
   6.3209090e+06   4.3029785e+01
   6.3209440e+06   5.4199219e+01
   6.3209840e+06   6.5856934e+01
   6.3210020e+06   4.7363281e+01
   6.3210470e+06   4.3029785e+01
   6.3211760e+06   4.3640137e+01
   6.3214010e+06   4.5227051e+01
   6.3214750e+06   4.6936035e+01
   6.3215240e+06   4.6875000e+01
   6.3218380e+06   5.9631348e+01
   6.3218770e+06   4.4677734e+01
   6.4134740e+06   4.9255371e+01
   6.4136310e+06   4.5898438e+01
   6.4136550e+06   5.7922363e+01
   6.4136760e+06   5.8532715e+01
   6.4137050e+06   7.8063965e+01
   6.4137260e+06   5.9631348e+01
   6.4137420e+06   4.5593262e+01
   6.4137680e+06   6.2255859e+01
   6.4138340e+06   5.1147461e+01
   6.4138570e+06   4.5166016e+01
   6.4138810e+06   4.5715332e+01
   6.4142380e+06   4.8767090e+01
   6.4143260e+06   5.4199219e+01
   6.4144240e+06   4.5776367e+01
   6.4144500e+06   4.5471191e+01
   6.4144950e+06   4.7424316e+01
   6.4149430e+06   4.5043945e+01
   6.5315220e+06   4.6875000e+01
   6.5315320e+06   4.5104980e+01
   6.5315510e+06   6.0424805e+01
   6.5315750e+06   7.1594238e+01
   6.5315890e+06   5.6274414e+01
   6.5316090e+06   1.1724854e+02
   6.5316370e+06   6.5063477e+01
   6.5316730e+06   7.7331543e+01
   6.5316990e+06   4.6813965e+01
   6.5317210e+06   4.4433594e+01
   6.5317690e+06   5.5847168e+01
   6.5317940e+06   4.5349121e+01
   6.5319940e+06   4.4799805e+01
   6.5321730e+06   4.3579102e+01
   6.5321840e+06   5.8959961e+01
   6.5322670e+06   5.2978516e+01
   6.5325780e+06   5.0170898e+01
   6.5326450e+06   4.9194336e+01
   6.5328090e+06   5.9143066e+01
   6.5329470e+06   4.5166016e+01
   6.5330420e+06   4.4006348e+01
   6.6270640e+06   4.9255371e+01
   6.6270790e+06   5.2185059e+01
   6.6271160e+06   5.1513672e+01
   6.6271560e+06   5.2795410e+01
   6.6271680e+06   4.4372559e+01
   6.6272070e+06   5.1208496e+01
   6.6272170e+06   7.8063965e+01
   6.6272550e+06   5.0842285e+01
   6.6272840e+06   7.6599121e+01
   6.6273070e+06   4.4921875e+01
   6.6273360e+06   4.4555664e+01
   6.6273670e+06   4.7058105e+01
   6.6274210e+06   4.6264648e+01
   6.6274800e+06   5.4565430e+01
   6.6275560e+06   4.3334961e+01
   6.6276590e+06   5.0781250e+01
   6.6277320e+06   4.5959473e+01
   6.6277650e+06   4.4128418e+01
   6.6280230e+06   5.8288574e+01
   6.6282170e+06   6.0729980e+01
   6.6283800e+06   4.8583984e+01
   6.6287450e+06   5.4626465e+01
   6.6598870e+06   4.4433594e+01
   6.7370470e+06   4.4799805e+01
   6.7370570e+06   4.6813965e+01
   6.7370810e+06   4.7058105e+01
   6.7371200e+06   5.0476074e+01
   6.7371400e+06   5.8288574e+01
   6.7371690e+06   7.3242188e+01
   6.7371940e+06   7.5683594e+01
   6.7372100e+06   5.7128906e+01
   6.7372470e+06   6.1401367e+01
   6.7372790e+06   6.5368652e+01
   6.7373110e+06   6.4819336e+01
   6.7375060e+06   4.7363281e+01
   6.7375650e+06   4.5532227e+01
   6.7379190e+06   5.6274414e+01
   6.7381120e+06   4.3823242e+01
   6.7381550e+06   5.2185059e+01
   6.7384610e+06   5.1147461e+01
   6.7385290e+06   5.2856445e+01
   6.8815500e+06   6.4880371e+01
   6.8816000e+06   4.3457031e+01
   6.8816910e+06   4.5166016e+01
   6.8817090e+06   6.5246582e+01
   6.8817200e+06   8.2458496e+01
   6.8817650e+06   4.4067383e+01
   6.8817950e+06   5.6396484e+01
   6.8818240e+06   4.9560547e+01
   6.8818530e+06   7.4340820e+01
   6.8819230e+06   4.8156738e+01
   6.8819380e+06   4.7973633e+01
   6.8819690e+06   4.9865723e+01
   6.8820170e+06   4.7363281e+01
   6.8821270e+06   4.6325684e+01
   6.8821550e+06   5.0781250e+01
   6.8822410e+06   4.3762207e+01
   6.8822920e+06   4.7180176e+01
   6.8823200e+06   5.2490234e+01
   6.8823550e+06   4.4433594e+01
   6.8826030e+06   4.9438477e+01
   6.8827640e+06   5.4199219e+01
   6.8832870e+06   4.3518066e+01
   6.9563200e+06   5.2673340e+01
   6.9563450e+06   4.3518066e+01
   6.9564000e+06   5.1635742e+01
   6.9564260e+06   7.4462891e+01
   6.9564420e+06   8.0810547e+01
   6.9564620e+06   5.8532715e+01
   6.9564960e+06   4.6691895e+01
   6.9565250e+06   8.2214355e+01
   6.9565510e+06   6.4086914e+01
   6.9566420e+06   4.5532227e+01
   6.9566560e+06   4.5166016e+01
   6.9566930e+06   4.3701172e+01
   6.9567090e+06   4.4616699e+01
   6.9567970e+06   4.9865723e+01
   6.9569600e+06   4.4677734e+01
   6.9570230e+06   4.9194336e+01
   6.9570870e+06   4.4189453e+01
   6.9575050e+06   4.4494629e+01
   6.9575220e+06   4.3884277e+01
   6.9576620e+06   4.9926758e+01
   7.0390440e+06   4.3884277e+01
   7.0392140e+06   4.4860840e+01
   7.0392290e+06   6.3171387e+01
   7.0392490e+06   4.6020508e+01
   7.0392850e+06   5.3833008e+01
   7.0393030e+06   6.4453125e+01
   7.0393250e+06   4.3395996e+01
   7.0393600e+06   5.1818848e+01
   7.0394140e+06   5.3710938e+01
   7.0394490e+06   4.3762207e+01
   7.0394820e+06   4.3334961e+01
   7.0395890e+06   4.5654297e+01
   7.0396780e+06   5.2490234e+01
   7.0397030e+06   4.4555664e+01
   7.0397330e+06   4.3212891e+01
   7.0398570e+06   5.8654785e+01
   7.0399340e+06   4.3395996e+01
   7.0399860e+06   4.9438477e+01
   7.0400620e+06   4.7668457e+01
   7.0401660e+06   4.3395996e+01
   7.0402950e+06   6.5429688e+01
   7.0403850e+06   4.8767090e+01
   7.0405660e+06   4.4799805e+01
   7.0407290e+06   4.9377441e+01
   7.0408180e+06   4.3518066e+01
   7.0410670e+06   4.5593262e+01
   7.1192000e+06   4.6630859e+01
   7.1194750e+06   5.3161621e+01
   7.1195310e+06   4.4067383e+01
   7.1195470e+06   5.7312012e+01
   7.1195600e+06   4.9621582e+01
   7.1196130e+06   5.3710938e+01
   7.1196320e+06   5.4687500e+01
   7.1196510e+06   5.7678223e+01
   7.1196780e+06   5.6823730e+01
   7.1196950e+06   4.8950195e+01
   7.1197360e+06   8.0444336e+01
   7.1197660e+06   4.5227051e+01
   7.1197920e+06   5.2307129e+01
   7.1198140e+06   4.4311523e+01
   7.1199360e+06   4.3029785e+01
   7.1200330e+06   4.6691895e+01
   7.1201150e+06   5.6274414e+01
   7.1202730e+06   4.6142578e+01
   7.1204990e+06   4.6447754e+01
   7.1206340e+06   7.2631836e+01
   7.1208810e+06   5.1208496e+01
   7.1211350e+06   4.7607422e+01
   7.1212780e+06   4.4921875e+01
   7.2107050e+06   4.8645020e+01
   7.2108690e+06   4.9194336e+01
   7.2109000e+06   4.7058105e+01
   7.2109340e+06   4.8645020e+01
   7.2109820e+06   5.3283691e+01
   7.2110230e+06   4.4372559e+01
   7.2110420e+06   7.4829102e+01
   7.2110610e+06   5.1879883e+01
   7.2110900e+06   6.7749023e+01
   7.2111230e+06   7.5134277e+01
   7.2111490e+06   4.4860840e+01
   7.2111780e+06   7.5256348e+01
   7.2112000e+06   4.3579102e+01
   7.2112820e+06   5.0598145e+01
   7.2113390e+06   4.9926758e+01
   7.2113520e+06   4.5654297e+01
   7.2114190e+06   4.7485352e+01
   7.2115560e+06   4.3151855e+01
   7.2116260e+06   5.5480957e+01
   7.2116930e+06   5.2062988e+01
   7.2120680e+06   5.3955078e+01
   7.2121630e+06   4.6630859e+01
   7.2122450e+06   4.4860840e+01
   7.3142560e+06   4.8217773e+01
   7.3142690e+06   4.7180176e+01
   7.3143050e+06   5.1513672e+01
   7.3143310e+06   5.4382324e+01
   7.3143460e+06   4.5043945e+01
   7.3143740e+06   6.1828613e+01
   7.3144120e+06   4.8400879e+01
   7.3144330e+06   4.9804688e+01
   7.3144790e+06   5.2246094e+01
   7.3145090e+06   5.1757812e+01
   7.3145240e+06   4.3823242e+01
   7.3145580e+06   5.1879883e+01
   7.3145840e+06   4.6691895e+01
   7.3147420e+06   4.6081543e+01
   7.3148480e+06   4.4677734e+01
   7.3148880e+06   5.2551270e+01
   7.3149220e+06   4.5532227e+01
   7.3150440e+06   6.1523438e+01
   7.3150980e+06   5.0109863e+01
   7.3152980e+06   4.8156738e+01
   7.3154350e+06   4.6875000e+01
   7.3155700e+06   4.4494629e+01
   7.3156000e+06   4.4372559e+01
   7.3158600e+06   4.6142578e+01
   7.4330860e+06   4.5959473e+01
   7.4331190e+06   7.3364258e+01
   7.4331460e+06   5.5969238e+01
   7.4331820e+06   6.9274902e+01
   7.4332060e+06   8.1176758e+01
   7.4332170e+06   7.4829102e+01
   7.4332380e+06   4.3823242e+01
   7.4332620e+06   5.1635742e+01
   7.4332790e+06   5.0781250e+01
   7.4333020e+06   6.3415527e+01
   7.4333300e+06   5.2429199e+01
   7.4333960e+06   5.2307129e+01
   7.4334760e+06   4.6081543e+01
   7.4335520e+06   4.9560547e+01
   7.4336620e+06   4.3884277e+01
   7.4336950e+06   4.5227051e+01
   7.4337420e+06   4.5959473e+01
   7.4338010e+06   4.3884277e+01
   7.4338760e+06   4.4067383e+01
   7.4340210e+06   5.6701660e+01
   7.4340460e+06   4.5837402e+01
   7.4340570e+06   4.6630859e+01
   7.4344790e+06   4.5288086e+01
   7.5705940e+06   5.1757812e+01
   7.5706550e+06   7.0434570e+01
   7.5706660e+06   5.1147461e+01
   7.5706910e+06   4.7912598e+01
   7.5707060e+06   4.5227051e+01
   7.5707300e+06   4.8583984e+01
   7.5707460e+06   6.2561035e+01
   7.5707730e+06   4.4250488e+01
   7.5707910e+06   6.1035156e+01
   7.5708070e+06   5.7922363e+01
   7.5708370e+06   5.0720215e+01
   7.5708710e+06   4.8034668e+01
   7.5709150e+06   6.1157227e+01
   7.5709850e+06   5.7739258e+01
   7.5710790e+06   4.8828125e+01
   7.5711490e+06   4.3395996e+01
   7.5715660e+06   4.3273926e+01
   7.5718330e+06   4.5043945e+01
   7.5719590e+06   5.6579590e+01
   7.5720170e+06   4.4250488e+01
   7.5733780e+06   4.9499512e+01
   7.6731850e+06   4.7790527e+01
   7.6732510e+06   4.4738770e+01
   7.6732810e+06   4.9438477e+01
   7.6733120e+06   6.9702148e+01
   7.6733350e+06   6.2622070e+01
   7.6733590e+06   6.6223145e+01
   7.6733720e+06   5.7495117e+01
   7.6733990e+06   7.6538086e+01
   7.6734100e+06   4.7973633e+01
   7.6734580e+06   5.7189941e+01
   7.6735440e+06   4.6325684e+01
   7.6735760e+06   4.7668457e+01
   7.6736400e+06   5.3527832e+01
   7.6738930e+06   4.3212891e+01
   7.6739630e+06   4.6936035e+01
   7.6740030e+06   4.8583984e+01
   7.6740520e+06   4.4738770e+01
   7.6741340e+06   5.1452637e+01
   7.6745500e+06   4.6997070e+01
   7.7470200e+06   4.4555664e+01
   7.7470410e+06   5.3283691e+01
   7.7470690e+06   4.3640137e+01
   7.7471250e+06   4.6875000e+01
   7.7471550e+06   5.7739258e+01
   7.7471900e+06   1.0076904e+02
   7.7472070e+06   4.3640137e+01
   7.7472390e+06   8.3007812e+01
   7.7472490e+06   6.5917969e+01
   7.7472780e+06   7.0373535e+01
   7.7472970e+06   5.8776855e+01
   7.7473130e+06   5.9997559e+01
   7.7475450e+06   4.7058105e+01
   7.7476350e+06   5.4992676e+01
   7.7477990e+06   4.4433594e+01
   7.7478900e+06   4.3090820e+01
   7.7480740e+06   4.9072266e+01
   7.7481250e+06   6.1035156e+01
   7.7490440e+06   4.6203613e+01
   7.8192130e+06   5.0415039e+01
   7.8192460e+06   6.8969727e+01
   7.8192750e+06   4.7729492e+01
   7.8193090e+06   7.2814941e+01
   7.8193390e+06   6.1767578e+01
   7.8193740e+06   1.0589600e+02
   7.8193890e+06   1.1425781e+02
   7.8194120e+06   5.0292969e+01
   7.8194450e+06   6.7077637e+01
   7.8194990e+06   4.7851562e+01
   7.8195800e+06   5.1574707e+01
   7.8196830e+06   4.3884277e+01
   7.8197060e+06   4.8645020e+01
   7.8197520e+06   4.4189453e+01
   7.8197870e+06   5.0048828e+01
   7.8198540e+06   4.9133301e+01
   7.8198890e+06   4.4067383e+01
   7.8199460e+06   4.4250488e+01
   7.8200030e+06   4.4555664e+01
   7.8200670e+06   5.0476074e+01
   7.8202750e+06   4.6020508e+01
   7.8203170e+06   5.0720215e+01
   7.8203450e+06   4.9560547e+01
   7.8204140e+06   4.3823242e+01
   7.8206780e+06   4.7119141e+01
   7.8207820e+06   5.1269531e+01
   7.8208340e+06   4.7241211e+01
   7.9281690e+06   4.6447754e+01
   7.9282300e+06   5.2856445e+01
   7.9282430e+06   6.4758301e+01
   7.9282830e+06   6.1035156e+01
   7.9283010e+06   5.1086426e+01
   7.9283190e+06   5.3527832e+01
   7.9283390e+06   4.9438477e+01
   7.9283700e+06   8.0932617e+01
   7.9283840e+06   4.9072266e+01
   7.9284060e+06   4.8278809e+01
   7.9284530e+06   5.6335449e+01
   7.9285640e+06   4.4006348e+01
   7.9288670e+06   4.5471191e+01
   7.9289270e+06   5.4016113e+01
   7.9290350e+06   5.4565430e+01
   7.9291590e+06   5.2307129e+01
   7.9292230e+06   5.8959961e+01
   7.9293260e+06   4.5227051e+01
   7.9294420e+06   4.3884277e+01
   7.9296700e+06   4.3884277e+01
   8.0183360e+06   4.7424316e+01
   8.0184700e+06   6.1218262e+01
   8.0185040e+06   4.3212891e+01
   8.0185180e+06   4.8278809e+01
   8.0185650e+06   5.1208496e+01
   8.0185870e+06   8.2031250e+01
   8.0185990e+06   8.1054688e+01
   8.0186300e+06   6.4453125e+01
   8.0186480e+06   8.7219238e+01
   8.0186580e+06   7.3364258e+01
   8.0186880e+06   6.0668945e+01
   8.0187000e+06   6.3659668e+01
   8.0187310e+06   4.7058105e+01
   8.0187660e+06   4.9316406e+01
   8.0187830e+06   6.9763184e+01
   8.0189670e+06   5.9631348e+01
   8.0192010e+06   4.4006348e+01
   8.0192650e+06   4.7363281e+01
   8.0193010e+06   4.6386719e+01
   8.0193890e+06   4.5349121e+01
   8.0194230e+06   4.3762207e+01
   8.0196340e+06   4.3579102e+01
   8.0197860e+06   4.3518066e+01
   8.0199010e+06   4.4799805e+01
   8.0200750e+06   4.4921875e+01
   8.0203890e+06   4.3273926e+01
   8.0205030e+06   5.0109863e+01
   8.0806460e+06   4.4311523e+01
   8.0807190e+06   4.5837402e+01
   8.0807350e+06   4.5410156e+01
   8.0807730e+06   4.6630859e+01
   8.0807900e+06   6.2438965e+01
   8.0808110e+06   8.3557129e+01
   8.0808300e+06   5.4626465e+01
   8.0808480e+06   6.8969727e+01
   8.0808710e+06   6.8847656e+01
   8.0808960e+06   6.5124512e+01
   8.0809260e+06   6.0546875e+01
   8.0809710e+06   4.7424316e+01
   8.0810110e+06   4.7668457e+01
   8.0810630e+06   4.3823242e+01
   8.0812290e+06   4.4860840e+01
   8.0813230e+06   4.4433594e+01
   8.0813550e+06   4.5837402e+01
   8.0815340e+06   4.7058105e+01
   8.0816430e+06   5.0415039e+01
   8.0817570e+06   4.4128418e+01
   8.0818830e+06   5.1452637e+01
   8.0819750e+06   4.5532227e+01
   8.0822410e+06   4.4860840e+01
   8.0822800e+06   4.6020508e+01
   8.1641640e+06   4.9621582e+01
   8.1642580e+06   4.9011230e+01
   8.1642930e+06   4.5104980e+01
   8.1643170e+06   4.4677734e+01
   8.1643420e+06   5.6640625e+01
   8.1643540e+06   7.2021484e+01
   8.1643860e+06   4.3273926e+01
   8.1643960e+06   4.6447754e+01
   8.1644070e+06   7.3974609e+01
   8.1644350e+06   5.3161621e+01
   8.1644580e+06   4.6508789e+01
   8.1644740e+06   5.1208496e+01
   8.1645000e+06   5.6945801e+01
   8.1645150e+06   9.1003418e+01
   8.1645750e+06   4.5410156e+01
   8.1646050e+06   4.4311523e+01
   8.1650550e+06   5.2246094e+01
   8.1652120e+06   4.5349121e+01
   8.1652570e+06   4.3884277e+01
   8.1653350e+06   4.4433594e+01
   8.2426820e+06   4.7729492e+01
   8.2442780e+06   4.3762207e+01
   8.2443070e+06   4.6386719e+01
   8.2443490e+06   6.2011719e+01
   8.2443780e+06   6.1584473e+01
   8.2444020e+06   7.0007324e+01
   8.2444250e+06   9.7351074e+01
   8.2444450e+06   8.0993652e+01
   8.2444750e+06   8.9538574e+01
   8.2445120e+06   5.3710938e+01
   8.2445450e+06   4.3334961e+01
   8.2445760e+06   5.3100586e+01
   8.2446740e+06   4.8828125e+01
   8.2447030e+06   4.5715332e+01
   8.2447360e+06   5.7983398e+01
   8.2448320e+06   4.4860840e+01
   8.2449840e+06   4.5837402e+01
   8.2451290e+06   4.4921875e+01
   8.2452150e+06   4.4921875e+01
   8.2456890e+06   5.6640625e+01
   8.3864340e+06   4.8339844e+01
   8.3864810e+06   5.5786133e+01
   8.3864930e+06   4.5227051e+01
   8.3865290e+06   5.7312012e+01
   8.3865510e+06   7.6477051e+01
   8.3865800e+06   6.6589355e+01
   8.3865900e+06   5.8654785e+01
   8.3866150e+06   5.7189941e+01
   8.3866570e+06   8.2580566e+01
   8.3866840e+06   4.9743652e+01
   8.3867440e+06   6.3354492e+01
   8.3867810e+06   4.3151855e+01
   8.3868220e+06   4.6325684e+01
   8.3868780e+06   4.4799805e+01
   8.3869050e+06   4.6386719e+01
   8.3870360e+06   4.8767090e+01
   8.3870880e+06   4.6020508e+01
   8.3874260e+06   4.4799805e+01
   8.3874620e+06   4.4067383e+01
   8.3875710e+06   4.6203613e+01
   8.3878970e+06   4.6325684e+01
   8.3879760e+06   4.5898438e+01
   8.4641440e+06   4.4921875e+01
   8.4643610e+06   4.3701172e+01
   8.4647120e+06   4.4494629e+01
   8.4647360e+06   4.3334961e+01
   8.4647600e+06   4.7912598e+01
   8.4647880e+06   7.4401855e+01
   8.4648090e+06   6.1828613e+01
   8.4648390e+06   6.8847656e+01
   8.4648540e+06   5.3894043e+01
   8.4648790e+06   6.1767578e+01
   8.4648920e+06   5.0720215e+01
   8.4649090e+06   4.6936035e+01
   8.4649490e+06   4.4555664e+01
   8.4649690e+06   5.1940918e+01
   8.4651480e+06   4.5043945e+01
   8.4652500e+06   4.9804687e+01
   8.4652870e+06   4.9011230e+01
   8.4653620e+06   4.7546387e+01
   8.4654240e+06   4.6264648e+01
   8.4654590e+06   4.3273926e+01
   8.4656630e+06   4.9194336e+01
   8.4657100e+06   4.3090820e+01
   8.4659260e+06   4.6813965e+01
   8.4663510e+06   4.5227051e+01
   8.4666920e+06   4.7424316e+01
   8.5625050e+06   4.7729492e+01
   8.5625170e+06   5.8654785e+01
   8.5625640e+06   6.9580078e+01
   8.5625950e+06   8.7829590e+01
   8.5626090e+06   9.9304199e+01
   8.5626390e+06   7.5378418e+01
   8.5626570e+06   7.2875977e+01
   8.5626820e+06   4.3884277e+01
   8.5627020e+06   5.0170898e+01
   8.5627260e+06   5.8593750e+01
   8.5627930e+06   4.4433594e+01
   8.5629510e+06   4.7668457e+01
   8.5629840e+06   4.7058105e+01
   8.5631240e+06   4.6203613e+01
   8.5632640e+06   5.1940918e+01
   8.5632770e+06   4.3945313e+01
   8.5633210e+06   6.2744141e+01
   8.5635110e+06   4.3212891e+01
   8.5635430e+06   4.3701172e+01
   8.5636060e+06   4.4006348e+01
   8.5638180e+06   4.5349121e+01
   8.6466950e+06   4.6203613e+01
   8.6467310e+06   5.5847168e+01
   8.6468110e+06   5.0048828e+01
   8.6468410e+06   5.3222656e+01
   8.6468700e+06   6.3537598e+01
   8.6468970e+06   5.3649902e+01
   8.6469100e+06   9.6069336e+01
   8.6469320e+06   4.8461914e+01
   8.6469440e+06   6.4208984e+01
   8.6469590e+06   4.9438477e+01
   8.6469890e+06   4.6752930e+01
   8.6470130e+06   5.1513672e+01
   8.6472640e+06   4.4494629e+01
   8.6473100e+06   4.4799805e+01
   8.6474220e+06   4.5288086e+01
   8.6475320e+06   4.4555664e+01
   8.6477660e+06   5.9020996e+01
   8.6479540e+06   4.5043945e+01
   8.6480370e+06   4.6386719e+01
   8.6486510e+06   4.4616699e+01
   8.7886660e+06   4.8217773e+01
   8.7887960e+06   6.0668945e+01
   8.7888570e+06   5.8959961e+01
   8.7888680e+06   5.2490234e+01
   8.7888890e+06   5.2001953e+01
   8.7889070e+06   7.7575684e+01
   8.7889320e+06   6.6955566e+01
   8.7889440e+06   6.9824219e+01
   8.7889780e+06   6.5551758e+01
   8.7890050e+06   6.0791016e+01
   8.7890460e+06   6.7382812e+01
   8.7891350e+06   4.5471191e+01
   8.7892390e+06   5.2062988e+01
   8.7892690e+06   5.5053711e+01
   8.7893090e+06   4.3212891e+01
   8.7893250e+06   4.4311523e+01
   8.7893510e+06   4.9255371e+01
   8.7894820e+06   4.3334961e+01
   8.7897210e+06   4.4494629e+01
   8.7898970e+06   4.3029785e+01
   8.7902420e+06   4.9682617e+01
   8.7902840e+06   4.9072266e+01
   8.7903710e+06   5.6274414e+01
   8.8647180e+06   4.9621582e+01
   8.8647940e+06   5.1635742e+01
   8.8648250e+06   5.0720215e+01
   8.8648550e+06   6.3903809e+01
   8.8648770e+06   4.8828125e+01
   8.8648920e+06   6.5246582e+01
   8.8649220e+06   5.8837891e+01
   8.8649340e+06   5.5969238e+01
   8.8649700e+06   6.0607910e+01
   8.8649890e+06   4.5837402e+01
   8.8650190e+06   5.4077148e+01
   8.8651120e+06   5.6396484e+01
   8.8651560e+06   6.5917969e+01
   8.8651790e+06   5.1391602e+01
   8.8652360e+06   4.8828125e+01
   8.8653780e+06   4.3640137e+01
   8.8655480e+06   5.0476074e+01
   8.8656620e+06   4.4067383e+01
   8.8658740e+06   4.7302246e+01
   8.9589910e+06   4.4738770e+01
   8.9590110e+06   4.7363281e+01
   8.9590270e+06   4.3884277e+01
   8.9590470e+06   5.3466797e+01
   8.9590770e+06   6.4819336e+01
   8.9590890e+06   6.0058594e+01
   8.9591090e+06   5.5541992e+01
   8.9591270e+06   6.7382812e+01
   8.9591400e+06   5.9936523e+01
   8.9591720e+06   6.0302734e+01
   8.9592010e+06   6.9335938e+01
   8.9592140e+06   5.6396484e+01
   8.9592400e+06   4.8217773e+01
   8.9592600e+06   4.6447754e+01
   8.9592840e+06   6.4147949e+01
   8.9593530e+06   5.8959961e+01
   8.9598960e+06   4.6569824e+01
   8.9599920e+06   4.6142578e+01
   8.9606930e+06   4.6081543e+01
   9.0443380e+06   4.3151855e+01
   9.0443700e+06   5.2673340e+01
   9.0444080e+06   5.9997559e+01
   9.0444350e+06   5.5541992e+01
   9.0444580e+06   6.4941406e+01
   9.0444720e+06   5.4870605e+01
   9.0444870e+06   6.4331055e+01
   9.0445160e+06   5.5175781e+01
   9.0445440e+06   6.5002441e+01
   9.0445600e+06   5.7800293e+01
   9.0446250e+06   4.8400879e+01
   9.0446940e+06   4.3334961e+01
   9.0448050e+06   4.6630859e+01
   9.0448340e+06   4.3579102e+01
   9.0451440e+06   4.6813965e+01
   9.0452430e+06   4.3395996e+01
   9.0452790e+06   4.6447754e+01
   9.0455740e+06   4.5349121e+01
   9.0459040e+06   4.7729492e+01
   9.1311740e+06   4.8461914e+01
   9.1315350e+06   4.8706055e+01
   9.1315480e+06   5.9692383e+01
   9.1315640e+06   4.9560547e+01
   9.1315890e+06   6.7749023e+01
   9.1316140e+06   6.9274902e+01
   9.1316470e+06   5.3222656e+01
   9.1316710e+06   6.1584473e+01
   9.1316940e+06   6.8908691e+01
   9.1317190e+06   4.3395996e+01
   9.1317310e+06   4.9194336e+01
   9.1317550e+06   4.9316406e+01
   9.1317770e+06   5.9082031e+01
   9.1318770e+06   4.7729492e+01
   9.1319530e+06   4.8156738e+01
   9.1320910e+06   5.2856445e+01
   9.1321410e+06   4.4921875e+01
   9.1322440e+06   5.0537109e+01
   9.1323620e+06   4.3518066e+01
   9.1324360e+06   4.5349121e+01
   9.1324980e+06   4.8156738e+01
   9.1330650e+06   4.7058105e+01
   9.1333820e+06   4.3151855e+01
   9.2286860e+06   4.3395996e+01
   9.2287310e+06   5.4260254e+01
   9.2287410e+06   8.8439941e+01
   9.2287630e+06   5.4870605e+01
   9.2287790e+06   6.8359375e+01
   9.2287890e+06   5.8715820e+01
   9.2288120e+06   5.3833008e+01
   9.2288420e+06   9.5031738e+01
   9.2288550e+06   6.7443848e+01
   9.2288920e+06   6.8786621e+01
   9.2289020e+06   5.0598145e+01
   9.2289550e+06   5.6884766e+01
   9.2289690e+06   5.8105469e+01
   9.2289820e+06   5.8227539e+01
   9.2290050e+06   5.1879883e+01
   9.2290420e+06   4.7668457e+01
   9.2290770e+06   4.4128418e+01
   9.2291150e+06   4.4250488e+01
   9.2291260e+06   4.8461914e+01
   9.2291730e+06   4.8767090e+01
   9.2292000e+06   4.7119141e+01
   9.2292320e+06   4.4189453e+01
   9.2293400e+06   4.5349121e+01
   9.2293630e+06   4.7058105e+01
   9.2294980e+06   4.2785645e+01
   9.2297490e+06   4.3395996e+01
   9.2297980e+06   5.1208496e+01
   9.2298890e+06   5.5786133e+01
   9.2299280e+06   4.7790527e+01
   9.3114880e+06   4.5410156e+01
   9.3115120e+06   4.8095703e+01
   9.3115420e+06   5.7495117e+01
   9.3115670e+06   5.4443359e+01
   9.3115800e+06   7.1228027e+01
   9.3115950e+06   5.2551270e+01
   9.3116220e+06   4.9743652e+01
   9.3116470e+06   1.1486816e+02
   9.3116720e+06   7.5866699e+01
   9.3116960e+06   4.3579102e+01
   9.3117410e+06   4.8522949e+01
   9.3117530e+06   4.3518066e+01
   9.3118900e+06   5.8227539e+01
   9.3120370e+06   4.5898437e+01
   9.3120940e+06   4.4799805e+01
   9.3121950e+06   4.2907715e+01
   9.3123630e+06   5.4687500e+01
   9.3124600e+06   4.4738770e+01
   9.3125270e+06   4.8950195e+01
   9.3125960e+06   6.2316895e+01
   9.3127270e+06   5.0659180e+01
   9.4385110e+06   4.9987793e+01
   9.4385550e+06   4.6569824e+01
   9.4386270e+06   5.7250977e+01
   9.4386490e+06   6.0424805e+01
   9.4386710e+06   5.8227539e+01
   9.4386990e+06   4.6813965e+01
   9.4387280e+06   6.6589355e+01
   9.4387460e+06   8.3374023e+01
   9.4387620e+06   6.6650391e+01
   9.4387810e+06   4.5166016e+01
   9.4388030e+06   5.2368164e+01
   9.4389640e+06   4.5349121e+01
   9.4389760e+06   4.9316406e+01
   9.4390050e+06   6.4208984e+01
   9.4391020e+06   4.4311523e+01
   9.4391540e+06   4.4006348e+01
   9.4392060e+06   4.3457031e+01
   9.4392430e+06   4.4372559e+01
   9.4393700e+06   4.4067383e+01
   9.4393880e+06   4.7912598e+01
   9.4395130e+06   4.5104980e+01
   9.4395650e+06   4.3823242e+01
   9.4396170e+06   4.3579102e+01
   9.4400120e+06   4.6569824e+01
   9.4402330e+06   5.6335449e+01
   9.4404530e+06   4.6508789e+01
   9.5206220e+06   6.2438965e+01
   9.5206400e+06   5.8654785e+01
   9.5206530e+06   7.2082520e+01
   9.5206690e+06   8.1787109e+01
   9.5206870e+06   7.2631836e+01
   9.5207080e+06   6.0546875e+01
   9.5207220e+06   4.6813965e+01
   9.5207450e+06   4.5776367e+01
   9.5207740e+06   6.0546875e+01
   9.5208010e+06   4.4250488e+01
   9.5208220e+06   5.1574707e+01
   9.5208470e+06   4.8095703e+01
   9.5208990e+06   4.6325684e+01
   9.5209690e+06   4.8706055e+01
   9.5209920e+06   5.6213379e+01
   9.5211240e+06   4.3823242e+01
   9.5212200e+06   4.5471191e+01
   9.5214210e+06   4.3212891e+01
   9.5214590e+06   4.8461914e+01
   9.5215030e+06   4.9194336e+01
   9.5215550e+06   4.3701172e+01
   9.5215970e+06   6.0485840e+01
   9.5219660e+06   4.8645020e+01
   9.5221390e+06   4.4616699e+01
   9.5222440e+06   6.0485840e+01
   9.5224400e+06   4.6691895e+01
   9.5731410e+06   4.5104980e+01
   9.6172140e+06   5.0781250e+01
   9.6175000e+06   4.3151855e+01
   9.6176400e+06   6.2500000e+01
   9.6176780e+06   6.4697266e+01
   9.6176990e+06   5.0170898e+01
   9.6177230e+06   6.2316895e+01
   9.6177340e+06   5.2246094e+01
   9.6177710e+06   7.5988770e+01
   9.6177970e+06   5.9509277e+01
   9.6178080e+06   7.0678711e+01
   9.6178300e+06   4.3273926e+01
   9.6178650e+06   7.8979492e+01
   9.6178950e+06   4.4433594e+01
   9.6179350e+06   4.7851562e+01
   9.6182680e+06   5.5603027e+01
   9.6184530e+06   4.4006348e+01
   9.6184730e+06   4.9499512e+01
   9.6184880e+06   4.4128418e+01
   9.6185870e+06   5.7983398e+01
   9.6186760e+06   5.3283691e+01
   9.6187270e+06   4.8278809e+01
   9.6188160e+06   4.2968750e+01
   9.6190600e+06   4.3457031e+01
   9.6192510e+06   5.6518555e+01
   9.6193330e+06   4.6020508e+01
   9.7253280e+06   4.5654297e+01
   9.7339320e+06   4.9377441e+01
   9.7339540e+06   4.5715332e+01
   9.7339930e+06   4.7668457e+01
   9.7340090e+06   7.8674316e+01
   9.7340370e+06   4.7241211e+01
   9.7340490e+06   5.7922363e+01
   9.7340620e+06   5.1513672e+01
   9.7340780e+06   8.1237793e+01
   9.7341030e+06   6.6833496e+01
   9.7341140e+06   5.2001953e+01
   9.7341380e+06   5.1208496e+01
   9.7341760e+06   6.6467285e+01
   9.7342730e+06   4.3273926e+01
   9.7343550e+06   4.5349121e+01
   9.7344180e+06   4.8095703e+01
   9.7344840e+06   4.7180176e+01
   9.7345750e+06   4.5959473e+01
   9.7348500e+06   4.5532227e+01
   9.7349130e+06   4.4921875e+01
   9.7349500e+06   4.4006348e+01
   9.7350680e+06   4.7790527e+01
   9.7354230e+06   4.4616699e+01
   9.7355350e+06   4.6447754e+01
   9.7895240e+06   4.7119141e+01
   9.7895440e+06   5.0842285e+01
   9.7895650e+06   4.4738770e+01
   9.7895810e+06   6.2438965e+01
   9.7896100e+06   4.4677734e+01
   9.7896320e+06   4.9255371e+01
   9.7896680e+06   4.3212891e+01
   9.7896870e+06   5.3405762e+01
   9.7897130e+06   5.0415039e+01
   9.7897550e+06   4.9194336e+01
   9.7898020e+06   5.3466797e+01
   9.7898750e+06   4.6325684e+01
   9.7899300e+06   4.5898437e+01
   9.7899460e+06   5.1452637e+01
   9.7899890e+06   4.6386719e+01
   9.7900540e+06   4.7424316e+01
   9.7902370e+06   4.4494629e+01
   9.7903430e+06   4.5654297e+01
   9.7904130e+06   4.5166016e+01
   9.7904800e+06   4.7546387e+01
   9.7904920e+06   5.2612305e+01
   9.7910340e+06   4.9743652e+01
   9.7911930e+06   4.8950195e+01
   9.8404120e+06   4.4128418e+01
   9.8404380e+06   4.3518066e+01
   9.8404680e+06   8.7524414e+01
   9.8404840e+06   6.1279297e+01
   9.8405150e+06   4.8950195e+01
   9.8405370e+06   7.3059082e+01
   9.8405500e+06   5.4443359e+01
   9.8405810e+06   6.3476562e+01
   9.8406000e+06   4.5654297e+01
   9.8406310e+06   4.6264648e+01
   9.8407540e+06   5.7373047e+01
   9.8407960e+06   4.4067383e+01
   9.8408390e+06   4.8095703e+01
   9.8409160e+06   4.4372559e+01
   9.8409570e+06   4.3334961e+01
   9.8411250e+06   4.6264648e+01
   9.8412140e+06   4.4616699e+01
   9.8414350e+06   4.3579102e+01
   9.8415630e+06   4.4494629e+01
   9.8416180e+06   4.3151855e+01
   9.8426380e+06   5.1513672e+01
   9.9636360e+06   5.1269531e+01
   9.9636840e+06   5.4504395e+01
   9.9637060e+06   7.0678711e+01
   9.9637200e+06   4.3090820e+01
   9.9637430e+06   6.8298340e+01
   9.9637780e+06   8.9477539e+01
   9.9637920e+06   4.7485352e+01
   9.9638330e+06   5.5786133e+01
   9.9638430e+06   4.8950195e+01
   9.9638990e+06   5.2490234e+01
   9.9639550e+06   4.5593262e+01
   9.9640180e+06   4.6325684e+01
   9.9640410e+06   4.5898437e+01
   9.9641990e+06   4.2968750e+01
   9.9642090e+06   4.3457031e+01
   9.9644180e+06   4.5837402e+01
   9.9645500e+06   4.6997070e+01
   9.9648070e+06   4.8217773e+01
   9.9649770e+06   4.9194336e+01
   9.9654580e+06   4.3273926e+01
   1.0072248e+07   4.5532227e+01
   1.0072377e+07   6.8176270e+01
   1.0072404e+07   6.6772461e+01
   1.0072425e+07   5.6457520e+01
   1.0072454e+07   7.4401855e+01
   1.0072469e+07   4.9438477e+01
   1.0072482e+07   6.5185547e+01
   1.0072507e+07   5.0964355e+01
   1.0072519e+07   5.7189941e+01
   1.0072559e+07   5.4138184e+01
   1.0072584e+07   5.5541992e+01
   1.0072605e+07   5.5053711e+01
   1.0072710e+07   6.8115234e+01
   1.0072899e+07   4.2907715e+01
   1.0073137e+07   4.4128418e+01
   1.0073164e+07   4.6508789e+01
   1.0073314e+07   5.4382324e+01
   1.0073435e+07   4.5898438e+01
   1.0073467e+07   4.7607422e+01
   1.0073581e+07   4.6386719e+01
   1.0154248e+07   4.3457031e+01
   1.0154310e+07   4.5410156e+01
   1.0154339e+07   7.5256348e+01
   1.0154357e+07   6.7260742e+01
   1.0154369e+07   4.6691895e+01
   1.0154392e+07   7.9162598e+01
   1.0154410e+07   5.8349609e+01
   1.0154424e+07   4.3395996e+01
   1.0154442e+07   4.6752930e+01
   1.0154452e+07   5.2429199e+01
   1.0154467e+07   4.9133301e+01
   1.0154494e+07   5.1513672e+01
   1.0154537e+07   4.7119141e+01
   1.0154633e+07   4.8278809e+01
   1.0154655e+07   4.5776367e+01
   1.0154711e+07   4.8278809e+01
   1.0154758e+07   5.2001953e+01
   1.0154771e+07   4.7668457e+01
   1.0154857e+07   4.4067383e+01
   1.0154871e+07   4.3640137e+01
   1.0155133e+07   5.2795410e+01
   1.0155197e+07   4.3395996e+01
   1.0155222e+07   4.8889160e+01
   1.0155338e+07   4.7119141e+01
   1.0155512e+07   5.2734375e+01
   1.0155600e+07   4.4128418e+01
   1.0155702e+07   4.8950195e+01
   1.0155759e+07   4.7363281e+01
   1.0156010e+07   4.6508789e+01
   1.0285630e+07   4.5043945e+01
   1.0285658e+07   4.7241211e+01
   1.0285684e+07   4.5104980e+01
   1.0285732e+07   5.0720215e+01
   1.0285751e+07   8.3923340e+01
   1.0285767e+07   7.5927734e+01
   1.0285787e+07   5.6152344e+01
   1.0285805e+07   6.7993164e+01
   1.0285822e+07   4.5959473e+01
   1.0285847e+07   4.9316406e+01
   1.0285872e+07   4.3518066e+01
   1.0285914e+07   6.1157227e+01
   1.0285940e+07   7.2265625e+01
   1.0285953e+07   4.4738770e+01
   1.0286022e+07   4.5288086e+01
   1.0286042e+07   4.3701172e+01
   1.0286264e+07   4.7973633e+01
   1.0286391e+07   4.3151855e+01
   1.0286594e+07   4.8400879e+01
   1.0286608e+07   5.1757813e+01
   1.0286868e+07   4.5227051e+01
   1.0286885e+07   5.1696777e+01
   1.0287006e+07   4.5349121e+01
   1.0365993e+07   4.8522949e+01
   1.0366013e+07   5.8288574e+01
   1.0366066e+07   7.0190430e+01
   1.0366092e+07   7.4890137e+01
   1.0366117e+07   6.4758301e+01
   1.0366131e+07   6.1645508e+01
   1.0366143e+07   6.6467285e+01
   1.0366173e+07   6.4453125e+01
   1.0366192e+07   5.3222656e+01
   1.0366221e+07   5.6823730e+01
   1.0366266e+07   4.6386719e+01
   1.0366312e+07   4.5166016e+01
   1.0366345e+07   5.0170898e+01
   1.0366467e+07   4.3273926e+01
   1.0366519e+07   4.3640137e+01
   1.0366695e+07   5.0231934e+01
   1.0366815e+07   4.3884277e+01
   1.0367013e+07   4.4738770e+01
   1.0367060e+07   4.3823242e+01
   1.0367200e+07   4.5471191e+01
   1.0367274e+07   4.2785645e+01
   1.0367812e+07   4.7363281e+01
   1.0446850e+07   4.9743652e+01
   1.0446921e+07   4.8217773e+01
   1.0446956e+07   4.8583984e+01
   1.0446989e+07   7.9345703e+01
   1.0447013e+07   6.2866211e+01
   1.0447023e+07   5.7434082e+01
   1.0447046e+07   5.5725098e+01
   1.0447067e+07   1.0217285e+02
   1.0447092e+07   5.8837891e+01
   1.0447121e+07   7.4462891e+01
   1.0447143e+07   7.2204590e+01
   1.0447177e+07   4.4494629e+01
   1.0447219e+07   4.6813965e+01
   1.0447246e+07   5.7434082e+01
   1.0447634e+07   4.9316406e+01
   1.0447834e+07   5.5297852e+01
   1.0447903e+07   5.3588867e+01
   1.0447936e+07   4.3579102e+01
   1.0448030e+07   4.4433594e+01
   1.0448092e+07   4.6813965e+01
   1.0448566e+07   4.5654297e+01
   1.0448609e+07   4.9682617e+01
   1.0523801e+07   4.3823242e+01
   1.0524067e+07   4.4494629e+01
   1.0524092e+07   4.9133301e+01
   1.0524112e+07   4.6142578e+01
   1.0524140e+07   4.8217773e+01
   1.0524166e+07   5.6945801e+01
   1.0524191e+07   7.1838379e+01
   1.0524217e+07   9.3994141e+01
   1.0524242e+07   5.7434082e+01
   1.0524266e+07   5.9082031e+01
   1.0524343e+07   4.4555664e+01
   1.0524366e+07   5.8288574e+01
   1.0524379e+07   4.4189453e+01
   1.0524393e+07   4.3945312e+01
   1.0524424e+07   4.3090820e+01
   1.0524491e+07   4.4433594e+01
   1.0524507e+07   4.4677734e+01
   1.0524548e+07   4.4738770e+01
   1.0524658e+07   4.4128418e+01
   1.0524751e+07   5.0415039e+01
   1.0524797e+07   4.9194336e+01
   1.0524816e+07   4.6020508e+01
   1.0524923e+07   4.3579102e+01
   1.0524997e+07   4.4494629e+01
   1.0525446e+07   5.2795410e+01
   1.0525676e+07   6.0302734e+01
   1.0525923e+07   4.5654297e+01
   1.0579650e+07   5.4748535e+01
   1.0579673e+07   5.8776855e+01
   1.0579689e+07   7.5744629e+01
   1.0579705e+07   1.0906982e+02
   1.0579729e+07   6.0791016e+01
   1.0579751e+07   5.7556152e+01
   1.0579770e+07   7.2143555e+01
   1.0579801e+07   5.3527832e+01
   1.0579814e+07   4.2907715e+01
   1.0579879e+07   4.4799805e+01
   1.0579899e+07   4.4128418e+01
   1.0580034e+07   4.4677734e+01
   1.0580049e+07   4.4555664e+01
   1.0580102e+07   4.3090820e+01
   1.0580131e+07   4.4921875e+01
   1.0580172e+07   4.3029785e+01
   1.0580261e+07   4.3395996e+01
   1.0580447e+07   4.2968750e+01
   1.0580634e+07   4.2907715e+01
   1.0580910e+07   4.4677734e+01
   1.0581746e+07   4.4067383e+01
   1.0582061e+07   4.5959473e+01
   1.0694221e+07   5.0903320e+01
   1.0694242e+07   5.1269531e+01
   1.0694273e+07   4.6081543e+01
   1.0694295e+07   4.8217773e+01
   1.0694310e+07   7.6477051e+01
   1.0694344e+07   5.1635742e+01
   1.0694375e+07   4.2968750e+01
   1.0694405e+07   4.8583984e+01
   1.0694472e+07   4.9133301e+01
   1.0694498e+07   6.4636230e+01
   1.0694517e+07   5.4016113e+01
   1.0694556e+07   4.3029785e+01
   1.0694640e+07   4.8828125e+01
   1.0694924e+07   4.5715332e+01
   1.0694951e+07   4.9377441e+01
   1.0695062e+07   5.2185059e+01
   1.0695110e+07   5.9570313e+01
   1.0695146e+07   5.6152344e+01
   1.0695172e+07   4.2907715e+01
   1.0695331e+07   4.4433594e+01
   1.0695436e+07   4.5471191e+01
   1.0695639e+07   5.4443359e+01
   1.0695882e+07   4.9804688e+01
   1.0695906e+07   5.5297852e+01
   1.0789882e+07   4.4799805e+01
   1.0789946e+07   4.4494629e+01
   1.0790002e+07   5.9082031e+01
   1.0790017e+07   7.1533203e+01
   1.0790037e+07   4.3334961e+01
   1.0790054e+07   7.1044922e+01
   1.0790075e+07   4.9926758e+01
   1.0790097e+07   7.9650879e+01
   1.0790110e+07   5.2673340e+01
   1.0790167e+07   6.4453125e+01
   1.0790183e+07   4.4006348e+01
   1.0790302e+07   4.9560547e+01
   1.0790332e+07   5.0048828e+01
   1.0790385e+07   4.8706055e+01
   1.0790403e+07   4.2785645e+01
   1.0790498e+07   4.2785645e+01
   1.0790545e+07   4.8217773e+01
   1.0790619e+07   4.7546387e+01
   1.0790760e+07   4.3518066e+01
   1.0791031e+07   4.7607422e+01
   1.0791161e+07   4.8645020e+01
   1.0850875e+07   5.0231934e+01
   1.0851194e+07   4.6630859e+01
   1.0851227e+07   5.1574707e+01
   1.0851239e+07   5.8715820e+01
   1.0851258e+07   5.4870605e+01
   1.0851280e+07   8.9782715e+01
   1.0851290e+07   5.9692383e+01
   1.0851317e+07   4.8828125e+01
   1.0851334e+07   9.4360352e+01
   1.0851365e+07   6.0180664e+01
   1.0851385e+07   5.4626465e+01
   1.0851408e+07   4.4006348e+01
   1.0851446e+07   5.3710938e+01
   1.0851463e+07   4.9743652e+01
   1.0851618e+07   4.3640137e+01
   1.0851743e+07   4.4616699e+01
   1.0851799e+07   4.6447754e+01
   1.0851946e+07   5.4077148e+01
   1.0851966e+07   4.3579102e+01
   1.0852042e+07   4.6142578e+01
   1.0852092e+07   4.7546387e+01
   1.0852185e+07   4.8278809e+01
   1.0852281e+07   4.8828125e+01
   1.0852345e+07   5.0537109e+01
   1.0852930e+07   4.5593262e+01
   1.0853113e+07   4.6264648e+01
   1.0922271e+07   4.5410156e+01
   1.0922705e+07   4.3701172e+01
   1.0922811e+07   4.8156738e+01
   1.0922823e+07   5.8105469e+01
   1.0922863e+07   4.6508789e+01
   1.0922895e+07   6.1645508e+01
   1.0922914e+07   8.4167480e+01
   1.0922938e+07   4.7546387e+01
   1.0922951e+07   9.6069336e+01
   1.0923000e+07   5.2429199e+01
   1.0923010e+07   5.4748535e+01
   1.0923052e+07   4.5227051e+01
   1.0923170e+07   4.7546387e+01
   1.0923233e+07   4.4982910e+01
   1.0923595e+07   4.7485352e+01
   1.0923632e+07   4.9865723e+01
   1.0923752e+07   5.1269531e+01
   1.0923772e+07   4.3273926e+01
   1.0923924e+07   4.3884277e+01
   1.0924069e+07   4.6142578e+01
   1.0924091e+07   4.4494629e+01
   1.0924184e+07   6.0546875e+01
   1.0924232e+07   5.0781250e+01
   1.0933785e+07   5.0903320e+01
   1.1006774e+07   4.3640137e+01
   1.1007465e+07   4.7302246e+01
   1.1007492e+07   5.3894043e+01
   1.1007528e+07   5.4504395e+01
   1.1007539e+07   7.8186035e+01
   1.1007560e+07   5.4687500e+01
   1.1007582e+07   6.7382812e+01
   1.1007611e+07   4.3823242e+01
   1.1007649e+07   4.9072266e+01
   1.1007704e+07   5.6884766e+01
   1.1007804e+07   4.4189453e+01
   1.1007936e+07   5.9265137e+01
   1.1008407e+07   4.7912598e+01
   1.1008432e+07   4.6813965e+01
   1.1008655e+07   4.4738770e+01
   1.1008781e+07   4.4921875e+01
   1.1009082e+07   5.0720215e+01
   1.1148940e+07   4.3395996e+01
   1.1149130e+07   4.9499512e+01
   1.1149165e+07   4.5349121e+01
   1.1149185e+07   4.9865723e+01
   1.1149204e+07   4.6936035e+01
   1.1149220e+07   6.5429688e+01
   1.1149278e+07   6.5307617e+01
   1.1149303e+07   7.2814941e+01
   1.1149323e+07   5.5419922e+01
   1.1149340e+07   4.4006348e+01
   1.1149379e+07   6.0424805e+01
   1.1149438e+07   6.2011719e+01
   1.1149453e+07   5.4321289e+01
   1.1149554e+07   5.5114746e+01
   1.1149640e+07   5.0170898e+01
   1.1149798e+07   4.3945312e+01
   1.1149936e+07   4.3151855e+01
   1.1149955e+07   4.4250488e+01
   1.1150081e+07   5.0170898e+01
   1.1150268e+07   5.0720215e+01
   1.1150515e+07   4.5043945e+01
   1.1150646e+07   4.3884277e+01
   1.1151362e+07   4.9987793e+01
   1.1257674e+07   4.4677734e+01
   1.1257789e+07   4.8522949e+01
   1.1257829e+07   4.7851562e+01
   1.1257859e+07   6.1340332e+01
   1.1257871e+07   4.7302246e+01
   1.1257896e+07   6.6101074e+01
   1.1257908e+07   5.5847168e+01
   1.1257936e+07   6.0363770e+01
   1.1257967e+07   4.6630859e+01
   1.1257977e+07   4.7790527e+01
   1.1258004e+07   4.4799805e+01
   1.1258037e+07   6.4270020e+01
   1.1258048e+07   6.0668945e+01
   1.1258084e+07   4.9133301e+01
   1.1258147e+07   4.6386719e+01
   1.1258162e+07   4.3395996e+01
   1.1258330e+07   5.1696777e+01
   1.1258424e+07   4.9377441e+01
   1.1258630e+07   4.4311523e+01
   1.1258688e+07   4.4067383e+01
   1.1258701e+07   4.3640137e+01
   1.1258749e+07   4.5837402e+01
   1.1258797e+07   5.1452637e+01
   1.1258927e+07   4.4555664e+01
   1.1259039e+07   5.1635742e+01
   1.1259220e+07   4.3762207e+01
   1.1259623e+07   5.7495117e+01
   1.1368044e+07   4.6325684e+01
   1.1368076e+07   4.9438477e+01
   1.1368106e+07   4.8828125e+01
   1.1368123e+07   6.1767578e+01
   1.1368152e+07   7.5317383e+01
   1.1368169e+07   8.8562012e+01
   1.1368192e+07   4.6691895e+01
   1.1368213e+07   5.3710938e+01
   1.1368247e+07   7.0678711e+01
   1.1368275e+07   5.8105469e+01
   1.1368305e+07   8.3312988e+01
   1.1368322e+07   4.6386719e+01
   1.1368343e+07   4.9072266e+01
   1.1368369e+07   5.4443359e+01
   1.1368380e+07   5.2490234e+01
   1.1368788e+07   5.2368164e+01
   1.1368854e+07   4.4616699e+01
   1.1368914e+07   4.7851562e+01
   1.1368934e+07   4.5349121e+01
   1.1369002e+07   4.3457031e+01
   1.1369049e+07   5.5114746e+01
   1.1369215e+07   4.4311523e+01
   1.1369676e+07   4.3029785e+01
   1.1369837e+07   4.8400879e+01
   1.1370280e+07   4.4921875e+01
   1.1382288e+07   4.3212891e+01
   1.1502135e+07   5.2734375e+01
   1.1502211e+07   4.9133301e+01
   1.1502233e+07   6.3354492e+01
   1.1502268e+07   5.4260254e+01
   1.1502300e+07   5.7250977e+01
   1.1502332e+07   6.3415527e+01
   1.1502349e+07   9.1003418e+01
   1.1502372e+07   5.4260254e+01
   1.1502396e+07   5.3527832e+01
   1.1502407e+07   5.4992676e+01
   1.1502424e+07   5.2307129e+01
   1.1502450e+07   6.2255859e+01
   1.1502487e+07   7.1594238e+01
   1.1502593e+07   4.7241211e+01
   1.1502623e+07   4.7119141e+01
   1.1502696e+07   4.5227051e+01
   1.1502779e+07   4.4799805e+01
   1.1502856e+07   4.2785645e+01
   1.1502889e+07   4.6447754e+01
   1.1502921e+07   4.8278809e+01
   1.1502994e+07   4.3090820e+01
   1.1503070e+07   4.4006348e+01
   1.1503100e+07   5.0231934e+01
   1.1503221e+07   4.6813965e+01
   1.1503296e+07   4.4311523e+01
   1.1503378e+07   4.5959473e+01
   1.1503430e+07   5.2673340e+01
   1.1503505e+07   4.5227051e+01
   1.1503577e+07   4.3518066e+01
   1.1503703e+07   4.3823242e+01
   1.1504089e+07   4.5227051e+01
   1.1591236e+07   4.3884277e+01
   1.1591524e+07   5.0598145e+01
   1.1591549e+07   4.9255371e+01
   1.1591574e+07   6.1523438e+01
   1.1591587e+07   7.0190430e+01
   1.1591606e+07   7.2143555e+01
   1.1591634e+07   6.7565918e+01
   1.1591654e+07   6.3659668e+01
   1.1591685e+07   4.3884277e+01
   1.1591697e+07   6.1218262e+01
   1.1591733e+07   4.7729492e+01
   1.1591759e+07   4.7119141e+01
   1.1591839e+07   4.9316406e+01
   1.1591888e+07   4.7119141e+01
   1.1591915e+07   4.5898438e+01
   1.1591957e+07   4.4616699e+01
   1.1591982e+07   4.3884277e+01
   1.1592047e+07   4.2785645e+01
   1.1592091e+07   4.9743652e+01
   1.1592130e+07   4.3090820e+01
   1.1592294e+07   4.6752930e+01
   1.1592355e+07   4.4738770e+01
   1.1592397e+07   4.4311523e+01
   1.1592613e+07   4.2968750e+01
   1.1592781e+07   4.3884277e+01
   1.1694001e+07   4.3212891e+01
   1.1694201e+07   4.7973633e+01
   1.1694259e+07   4.3457031e+01
   1.1694279e+07   6.0974121e+01
   1.1694308e+07   6.5917969e+01
   1.1694323e+07   6.5429688e+01
   1.1694334e+07   6.7504883e+01
   1.1694364e+07   6.1645508e+01
   1.1694385e+07   6.1950684e+01
   1.1694395e+07   4.4067383e+01
   1.1694450e+07   4.7729492e+01
   1.1694460e+07   5.0109863e+01
   1.1694498e+07   4.5532227e+01
   1.1694508e+07   5.0598145e+01
   1.1694566e+07   4.4067383e+01
   1.1694650e+07   4.7241211e+01
   1.1694693e+07   4.5227051e+01
   1.1694709e+07   4.5166016e+01
   1.1694739e+07   5.4626465e+01
   1.1694833e+07   4.5593262e+01
   1.1694944e+07   4.5227051e+01
   1.1695132e+07   4.3823242e+01
   1.1695209e+07   5.0781250e+01
   1.1695269e+07   5.2734375e+01
   1.1695482e+07   4.8828125e+01
   1.1695808e+07   4.9377441e+01
   1.1695885e+07   4.3334961e+01
   1.1751608e+07   4.5776367e+01
   1.1751751e+07   4.3395996e+01
   1.1751765e+07   5.9326172e+01
   1.1751782e+07   7.1105957e+01
   1.1751801e+07   6.5795898e+01
   1.1751835e+07   7.6660156e+01
   1.1751852e+07   7.6538086e+01
   1.1751876e+07   5.8105469e+01
   1.1751887e+07   5.0170898e+01
   1.1751922e+07   8.1604004e+01
   1.1751961e+07   4.9743652e+01
   1.1752004e+07   4.6569824e+01
   1.1752043e+07   4.6142578e+01
   1.1752068e+07   5.0720215e+01
   1.1752098e+07   5.1269531e+01
   1.1752169e+07   4.5043945e+01
   1.1752196e+07   5.0903320e+01
   1.1752222e+07   4.8217773e+01
   1.1752431e+07   4.6325684e+01
   1.1752490e+07   5.2856445e+01
   1.1752565e+07   5.3649902e+01
   1.1752716e+07   4.4860840e+01
   1.1752735e+07   5.4382324e+01
   1.1752824e+07   4.3701172e+01
   1.1752910e+07   4.7851562e+01
   1.1753085e+07   4.4677734e+01
   1.1823741e+07   4.4006348e+01
   1.1823814e+07   6.5002441e+01
   1.1823841e+07   4.9560547e+01
   1.1823872e+07   6.1218262e+01
   1.1823887e+07   6.4819336e+01
   1.1823907e+07   5.7922363e+01
   1.1823934e+07   7.3242188e+01
   1.1823965e+07   5.0170898e+01
   1.1823982e+07   4.4921875e+01
   1.1823992e+07   4.5959473e+01
   1.1824034e+07   4.6630859e+01
   1.1824133e+07   5.8532715e+01
   1.1824166e+07   4.5410156e+01
   1.1824217e+07   4.5349121e+01
   1.1824253e+07   5.0781250e+01
   1.1824499e+07   4.8522949e+01
   1.1824536e+07   5.2246094e+01
   1.1824717e+07   4.9743652e+01
   1.1824733e+07   4.4982910e+01
   1.1824858e+07   4.3090820e+01
   1.1825053e+07   4.9987793e+01
   1.1945147e+07   4.2968750e+01
   1.1945282e+07   4.3884277e+01
   1.1945306e+07   4.5227051e+01
   1.1945328e+07   5.4504395e+01
   1.1945357e+07   5.4443359e+01
   1.1945368e+07   9.2468262e+01
   1.1945385e+07   6.8786621e+01
   1.1945403e+07   4.6325684e+01
   1.1945429e+07   5.5969238e+01
   1.1945447e+07   5.8471680e+01
   1.1945470e+07   5.2734375e+01
   1.1945489e+07   4.3518066e+01
   1.1945513e+07   5.2185059e+01
   1.1945574e+07   4.4128418e+01
   1.1945779e+07   5.0659180e+01
   1.1945863e+07   4.3518066e+01
   1.1945922e+07   4.3884277e+01
   1.1945973e+07   5.6762695e+01
   1.1946016e+07   4.8095703e+01
   1.1946055e+07   4.6630859e+01
   1.1946091e+07   4.8339844e+01
   1.1946295e+07   4.6020508e+01
   1.1946462e+07   4.9743652e+01
   1.1946541e+07   5.8410645e+01
