   1.1996000e+07   0.0000000e+00
   2.3501300e+05   3.3691406e+01
   2.3508300e+05   3.5766602e+01
   2.3512200e+05   3.3264160e+01
   2.3516700e+05   4.0222168e+01
   2.3520200e+05   3.4057617e+01
   2.3554700e+05   3.5949707e+01
   2.3611600e+05   3.8146973e+01
   2.3685600e+05   3.3996582e+01
   2.3776800e+05   3.2897949e+01
   2.3781800e+05   3.3386230e+01
   3.7415100e+05   3.2592773e+01
   3.7434800e+05   3.6987305e+01
   3.7441600e+05   3.6560059e+01
   3.7450600e+05   3.2653809e+01
   3.7467800e+05   4.0527344e+01
   3.7477600e+05   3.6132812e+01
   3.7479600e+05   3.3874512e+01
   3.7613800e+05   3.2531738e+01
   5.2034900e+05   3.6254883e+01
   5.2043900e+05   3.8513184e+01
   5.2053200e+05   3.2348633e+01
   5.2056200e+05   4.0893555e+01
   5.2060900e+05   3.5522461e+01
   5.2097600e+05   3.2226562e+01
   5.2109100e+05   3.3691406e+01
   5.2132700e+05   3.5278320e+01
   5.2149800e+05   3.4301758e+01
   6.2273400e+05   3.2348633e+01
   6.2287800e+05   3.6682129e+01
   6.2289300e+05   3.9794922e+01
   6.2297000e+05   3.4240723e+01
   6.2302700e+05   3.2531738e+01
   6.2311900e+05   4.0344238e+01
   6.2315500e+05   3.2897949e+01
   6.2327900e+05   3.4423828e+01
   6.2358200e+05   3.9855957e+01
   6.2390900e+05   3.5034180e+01
   6.2472300e+05   3.2653809e+01
   7.0915300e+05   3.2775879e+01
   7.0962700e+05   3.4545898e+01
   7.0971500e+05   3.4179688e+01
   7.0979800e+05   4.8706055e+01
   7.1006700e+05   3.8146973e+01
   7.1044400e+05   3.4240723e+01
   7.1113400e+05   3.3264160e+01
   7.1126700e+05   3.8879395e+01
   7.1229000e+05   3.3874512e+01
   7.9470900e+05   3.3691406e+01
   8.0684400e+05   3.3996582e+01
   8.0801400e+05   3.8024902e+01
   8.0892200e+05   3.3752441e+01
   8.0904300e+05   3.3569336e+01
   8.0912200e+05   3.2287598e+01
   8.0917800e+05   3.3630371e+01
   8.0919500e+05   3.2958984e+01
   8.0922700e+05   3.3996582e+01
   8.0925000e+05   3.6315918e+01
   8.0928100e+05   3.2897949e+01
   8.0950200e+05   3.6621094e+01
   8.0986500e+05   3.5034180e+01
   8.0991800e+05   3.9855957e+01
   8.1033900e+05   3.2531738e+01
   8.1052400e+05   3.5888672e+01
   8.1067300e+05   5.3466797e+01
   8.1068300e+05   3.8208008e+01
   8.1102500e+05   3.3630371e+01
   9.3546500e+05   3.5400391e+01
   9.3566100e+05   3.9489746e+01
   9.3622100e+05   4.9743652e+01
   9.3635700e+05   3.2531738e+01
   9.3668800e+05   4.5776367e+01
   9.3682500e+05   3.4179688e+01
   9.3702700e+05   3.3020020e+01
   9.3712300e+05   3.3691406e+01
   9.3767600e+05   3.4423828e+01
   9.3908600e+05   3.5583496e+01
   9.9231500e+05   3.3874512e+01
   1.0146460e+06   3.2226563e+01
   1.0147750e+06   3.4973145e+01
   1.0148240e+06   3.3264160e+01
   1.0150320e+06   3.4973145e+01
   1.0151140e+06   3.3752441e+01
   1.0154610e+06   3.8452148e+01
   1.0158320e+06   3.5888672e+01
   1.0159890e+06   3.4484863e+01
   1.0161130e+06   3.4790039e+01
   1.0165860e+06   3.7292480e+01
   1.1194120e+06   3.4423828e+01
   1.1196140e+06   3.3874512e+01
   1.1196810e+06   4.0649414e+01
   1.1197820e+06   3.3813477e+01
   1.1197930e+06   3.4362793e+01
   1.1199210e+06   3.6376953e+01
   1.1201260e+06   3.4118652e+01
   1.1203850e+06   3.3874512e+01
   1.1205860e+06   4.4250488e+01
   1.1206720e+06   3.6315918e+01
   1.1830610e+06   3.5888672e+01
   1.1837610e+06   3.4301758e+01
   1.1839880e+06   3.4545898e+01
   1.1840080e+06   3.6804199e+01
   1.1840740e+06   3.6376953e+01
   1.1843910e+06   3.4851074e+01
   1.1845150e+06   4.7790527e+01
   1.1856730e+06   3.2287598e+01
   1.1860740e+06   3.3325195e+01
   1.1975850e+06   3.5888672e+01
   1.2699640e+06   3.7658691e+01
   1.2702430e+06   3.2287598e+01
   1.2702770e+06   3.2897949e+01
   1.2703410e+06   4.1381836e+01
   1.2704810e+06   3.2836914e+01
   1.2705270e+06   4.0527344e+01
   1.2705880e+06   3.8513184e+01
   1.2706150e+06   3.2714844e+01
   1.2708130e+06   3.2836914e+01
   1.2708900e+06   3.4057617e+01
   1.2712850e+06   3.2653809e+01
   1.3568330e+06   3.7719727e+01
   1.3570870e+06   3.8513184e+01
   1.3571100e+06   4.2114258e+01
   1.3573500e+06   3.7475586e+01
   1.3573710e+06   3.5461426e+01
   1.3574810e+06   3.6193848e+01
   1.3575190e+06   4.9316406e+01
   1.3576210e+06   3.4667969e+01
   1.3578020e+06   3.6682129e+01
   1.3588040e+06   3.3447266e+01
   1.3588670e+06   4.1870117e+01
   1.4512010e+06   3.2531738e+01
   1.4799540e+06   3.9001465e+01
   1.4799640e+06   3.3752441e+01
   1.4806940e+06   3.4362793e+01
   1.4809900e+06   3.2348633e+01
   1.4812890e+06   3.9245605e+01
   1.4813380e+06   3.5339355e+01
   1.4813600e+06   3.3203125e+01
   1.4814340e+06   3.7414551e+01
   1.4814700e+06   3.3203125e+01
   1.4816280e+06   3.7414551e+01
   1.4817650e+06   3.4118652e+01
   1.4820720e+06   3.9550781e+01
   1.4821560e+06   3.4301758e+01
   1.4823400e+06   3.3752441e+01
   1.4828030e+06   3.4118652e+01
   1.5515330e+06   3.4729004e+01
   1.5519340e+06   4.1992188e+01
   1.5524230e+06   3.5827637e+01
   1.5543120e+06   3.7780762e+01
   1.5547090e+06   3.6682129e+01
   1.5547250e+06   4.1442871e+01
   1.5547970e+06   3.9489746e+01
   1.5548240e+06   3.5400391e+01
   1.5551060e+06   3.3020020e+01
   1.5553590e+06   4.0100098e+01
   1.5556760e+06   3.4851074e+01
   1.5559050e+06   3.4118652e+01
   1.5559190e+06   3.4240723e+01
   1.6359610e+06   3.2836914e+01
   1.6366210e+06   3.3203125e+01
   1.6368070e+06   3.3752441e+01
   1.6368860e+06   3.4362793e+01
   1.6372010e+06   3.2409668e+01
   1.6373470e+06   3.2531738e+01
   1.6377540e+06   3.2348633e+01
   1.7291350e+06   3.7109375e+01
   1.7293920e+06   3.2592773e+01
   1.7294360e+06   3.7963867e+01
   1.7298620e+06   3.4423828e+01
   1.7299030e+06   3.3386230e+01
   1.7464780e+06   3.3874512e+01
   1.8739810e+06   3.2409668e+01
   1.8740290e+06   3.5400391e+01
   1.8741280e+06   4.0893555e+01
   1.8743010e+06   3.6010742e+01
   1.8744460e+06   3.3325195e+01
   1.8748210e+06   4.0161133e+01
   1.8751070e+06   3.2226562e+01
   1.9207700e+06   3.3935547e+01
   1.9551390e+06   3.3142090e+01
   1.9552360e+06   4.3518066e+01
   1.9554210e+06   3.8818359e+01
   2.0034870e+06   3.3508301e+01
   2.0376640e+06   3.3020020e+01
   2.1179310e+06   5.2124023e+01
   2.1181140e+06   5.4138184e+01
   2.1181330e+06   3.4179688e+01
   2.1181870e+06   4.1320801e+01
   2.1187290e+06   3.6987305e+01
   2.1188720e+06   3.5644531e+01
   2.1190140e+06   3.7841797e+01
   2.1190600e+06   3.2653809e+01
   2.1616110e+06   3.4423828e+01
   2.1617030e+06   3.4118652e+01
   2.1617650e+06   3.4179688e+01
   2.1617950e+06   3.9062500e+01
   2.1618680e+06   4.3029785e+01
   2.1620620e+06   3.6254883e+01
   2.1623820e+06   3.3630371e+01
   2.1627710e+06   3.2958984e+01
   2.1629360e+06   3.3447266e+01
   2.1631920e+06   3.3691406e+01
   2.2494440e+06   3.8391113e+01
   2.2507530e+06   3.6499023e+01
   2.2509780e+06   3.9123535e+01
   2.2510610e+06   3.2470703e+01
   2.2515110e+06   3.6071777e+01
   2.2516140e+06   3.2287598e+01
   2.2516400e+06   3.6254883e+01
   2.2524410e+06   4.0039063e+01
   2.2563690e+06   3.3508301e+01
   2.2573840e+06   3.2470703e+01
   2.2774500e+06   3.6743164e+01
   2.3492180e+06   3.7170410e+01
   2.3497620e+06   3.3325195e+01
   2.3501620e+06   3.4057617e+01
   2.3506160e+06   3.2409668e+01
   2.3508010e+06   5.0415039e+01
   2.3509260e+06   4.0527344e+01
   2.3511150e+06   3.3264160e+01
   2.3512750e+06   3.2897949e+01
   2.3517780e+06   3.6560059e+01
   2.4459280e+06   3.2775879e+01
   2.4459490e+06   3.2287598e+01
   2.4461450e+06   3.5644531e+01
   2.4461650e+06   3.7780762e+01
   2.4462880e+06   3.5888672e+01
   2.4463570e+06   3.3020020e+01
   2.4467430e+06   4.1137695e+01
   2.4468030e+06   3.3813477e+01
   2.5425840e+06   3.4912109e+01
   2.5431540e+06   3.6010742e+01
   2.5432190e+06   3.5461426e+01
   2.5432770e+06   3.4606934e+01
   2.5433570e+06   3.2592773e+01
   2.5434100e+06   3.8269043e+01
   2.5437590e+06   3.5461426e+01
   2.5438400e+06   4.5593262e+01
   2.5484440e+06   3.2714844e+01
   2.5488820e+06   3.2348633e+01
   2.6325570e+06   3.2958984e+01
   2.6329770e+06   3.4057617e+01
   2.6330090e+06   3.3691406e+01
   2.6330240e+06   3.7841797e+01
   2.6331110e+06   3.4240723e+01
   2.6331870e+06   4.1503906e+01
   2.6332570e+06   3.9001465e+01
   2.6332750e+06   3.3203125e+01
   2.6334670e+06   3.4362793e+01
   2.6338320e+06   3.3264160e+01
   2.7334290e+06   3.2531738e+01
   2.7335460e+06   3.4362793e+01
   2.7336660e+06   3.2348633e+01
   2.7337300e+06   3.6437988e+01
   2.7337720e+06   3.2287598e+01
   2.7338240e+06   3.3020020e+01
   2.7339020e+06   3.5339355e+01
   2.7340670e+06   3.2348633e+01
   2.7342310e+06   4.4738770e+01
   2.7347270e+06   3.5156250e+01
   2.7355620e+06   3.5705566e+01
   2.8446060e+06   3.3691406e+01
   2.8450280e+06   3.9245605e+01
   2.8452200e+06   4.0588379e+01
   2.8455600e+06   3.2409668e+01
   2.8458450e+06   3.9550781e+01
   2.8458690e+06   3.6376953e+01
   2.9765620e+06   3.2348633e+01
   2.9766160e+06   4.1381836e+01
   2.9766560e+06   3.8024902e+01
   2.9766830e+06   3.7231445e+01
   2.9767240e+06   3.3569336e+01
   2.9768360e+06   4.1381836e+01
   2.9771290e+06   3.3325195e+01
   2.9771540e+06   3.3813477e+01
   2.9771830e+06   3.2531738e+01
   2.9773430e+06   3.2714844e+01
   2.9773630e+06   3.2348633e+01
   3.0342840e+06   3.9001465e+01
   3.0343460e+06   3.3508301e+01
   3.0343800e+06   3.5522461e+01
   3.0344480e+06   3.3752441e+01
   3.0345430e+06   3.5278320e+01
   3.0345550e+06   5.0964355e+01
   3.0346480e+06   3.2714844e+01
   3.0350140e+06   3.3142090e+01
   3.0352370e+06   3.9306641e+01
   3.0354220e+06   3.3508301e+01
   3.0355150e+06   4.0954590e+01
   3.0355380e+06   4.0893555e+01
   3.0362870e+06   3.4362793e+01
   3.0363460e+06   3.3020020e+01
   3.1774250e+06   3.6010742e+01
   3.1775180e+06   3.5705566e+01
   3.1775450e+06   3.4240723e+01
   3.1776400e+06   6.1218262e+01
   3.1780080e+06   5.5480957e+01
   3.1780900e+06   3.2470703e+01
   3.1782370e+06   4.0466309e+01
   3.1786310e+06   3.3142090e+01
   3.1803760e+06   3.3935547e+01
   3.2302490e+06   3.2592773e+01
   3.2899990e+06   4.0710449e+01
   3.2900500e+06   3.7109375e+01
   3.2900900e+06   4.7424316e+01
   3.2901710e+06   4.3029785e+01
   3.2902500e+06   3.7536621e+01
   3.2904010e+06   4.2419434e+01
   3.2905020e+06   3.3264160e+01
   3.2905290e+06   3.3691406e+01
   3.2906270e+06   3.5949707e+01
   3.2914520e+06   3.6315918e+01
   3.2919510e+06   3.6926270e+01
   3.3444500e+06   3.7658691e+01
   3.3448640e+06   3.3813477e+01
   3.3449930e+06   3.6499023e+01
   3.3450740e+06   3.5766602e+01
   3.3451510e+06   4.0283203e+01
   3.3452390e+06   3.3752441e+01
   3.3454560e+06   3.4423828e+01
   3.3456290e+06   3.3386230e+01
   3.3458470e+06   3.6315918e+01
   3.3459070e+06   3.3935547e+01
   3.3460000e+06   3.3386230e+01
   3.3460560e+06   3.2653809e+01
   3.3464420e+06   3.3752441e+01
   3.3480690e+06   3.3386230e+01
   3.3483070e+06   3.3203125e+01
   3.3718690e+06   3.4851074e+01
   3.4121090e+06   3.6315918e+01
   3.4125820e+06   3.2836914e+01
   3.4127510e+06   3.9733887e+01
   3.4129520e+06   4.2968750e+01
   3.4130150e+06   3.2592773e+01
   3.4130550e+06   3.4057617e+01
   3.4130780e+06   3.8574219e+01
   3.4134510e+06   3.2470703e+01
   3.4135880e+06   3.5644531e+01
   3.4136380e+06   3.4179688e+01
   3.4138600e+06   3.4179688e+01
   3.4139210e+06   3.4240723e+01
   3.4139530e+06   3.2653809e+01
   3.4140180e+06   4.3090820e+01
   3.4141060e+06   3.4423828e+01
   3.4144650e+06   3.3386230e+01
   3.4146680e+06   3.3508301e+01
   3.4150780e+06   3.4729004e+01
   3.4160910e+06   3.3935547e+01
   3.4632610e+06   3.3447266e+01
   3.4868940e+06   3.4301758e+01
   3.4869280e+06   3.5217285e+01
   3.4869530e+06   3.8513184e+01
   3.4869960e+06   3.4667969e+01
   3.4870400e+06   3.2897949e+01
   3.4870630e+06   3.2531738e+01
   3.4870890e+06   3.4790039e+01
   3.4871180e+06   3.7963867e+01
   3.4873560e+06   3.4301758e+01
   3.4874770e+06   3.5461426e+01
   3.4875610e+06   3.7292480e+01
   3.4876090e+06   3.4851074e+01
   3.4876650e+06   3.6499023e+01
   3.4885910e+06   3.7048340e+01
   3.4898920e+06   3.4179688e+01
   3.5930530e+06   3.7841797e+01
   3.5933950e+06   3.2592773e+01
   3.5934120e+06   3.3142090e+01
   3.5934830e+06   3.6071777e+01
   3.5935330e+06   3.8269043e+01
   3.5935870e+06   4.6020508e+01
   3.5936180e+06   4.1076660e+01
   3.5936830e+06   3.6987305e+01
   3.5937130e+06   3.4301758e+01
   3.5937740e+06   3.9245605e+01
   3.5941040e+06   4.2175293e+01
   3.5942940e+06   3.6926270e+01
   3.5947640e+06   4.7119141e+01
   3.6784570e+06   3.4606934e+01
   3.6789710e+06   5.3527832e+01
   3.6790750e+06   3.8269043e+01
   3.6792090e+06   3.8085938e+01
   3.6792780e+06   4.6936035e+01
   3.6793220e+06   3.5156250e+01
   3.6793580e+06   3.3569336e+01
   3.7729270e+06   4.0161133e+01
   3.7733580e+06   3.7170410e+01
   3.7733980e+06   5.5236816e+01
   3.7734470e+06   3.9306641e+01
   3.7735090e+06   3.6193848e+01
   3.7735230e+06   3.5583496e+01
   3.7736410e+06   4.2968750e+01
   3.7737950e+06   4.1259766e+01
   3.7739950e+06   3.2653809e+01
   3.7741920e+06   3.5217285e+01
   3.7760910e+06   3.2714844e+01
   3.8724340e+06   3.3081055e+01
   3.8746450e+06   3.4301758e+01
   3.8748970e+06   3.3569336e+01
   3.8749140e+06   3.6865234e+01
   3.8749370e+06   3.4423828e+01
   3.8750340e+06   3.4179688e+01
   3.8750840e+06   4.3518066e+01
   3.8755080e+06   3.6987305e+01
   3.8756630e+06   3.3020020e+01
   3.8761710e+06   3.3264160e+01
   3.9515040e+06   3.2714844e+01
   3.9525330e+06   3.8146973e+01
   3.9526140e+06   3.7597656e+01
   3.9527150e+06   3.6987305e+01
   4.0361630e+06   3.6682129e+01
   4.0361920e+06   4.3701172e+01
   4.0362330e+06   3.6437988e+01
   4.0363380e+06   3.8085938e+01
   4.0365190e+06   3.7048340e+01
   4.0366210e+06   3.6865234e+01
   4.0370230e+06   3.4912109e+01
   4.0384720e+06   3.3264160e+01
   4.0775990e+06   3.4118652e+01
   4.0810770e+06   3.3386230e+01
   4.0811750e+06   3.8085938e+01
   4.0812000e+06   3.8269043e+01
   4.0812520e+06   3.3996582e+01
   4.0814000e+06   3.2470703e+01
   4.0816100e+06   3.2531738e+01
   4.0819550e+06   3.4118652e+01
   4.0820230e+06   3.7109375e+01
   4.1080840e+06   3.3325195e+01
   4.1700460e+06   3.7353516e+01
   4.1701590e+06   3.6437988e+01
   4.1701760e+06   3.4301758e+01
   4.1701970e+06   3.5827637e+01
   4.1702180e+06   3.4118652e+01
   4.1702600e+06   3.5339355e+01
   4.1702830e+06   3.5644531e+01
   4.1703230e+06   4.0100098e+01
   4.1703580e+06   4.4006348e+01
   4.1703690e+06   3.3813477e+01
   4.1704910e+06   4.0527344e+01
   4.1707200e+06   3.3935547e+01
   4.1708260e+06   3.5644531e+01
   4.1709890e+06   3.3020020e+01
   4.1715590e+06   3.2592773e+01
   4.2234400e+06   3.4484863e+01
   4.2584280e+06   4.3151855e+01
   4.2584490e+06   3.3386230e+01
   4.2584690e+06   3.3935547e+01
   4.2585780e+06   3.3874512e+01
   4.2586280e+06   4.4189453e+01
   4.2589880e+06   3.3935547e+01
   4.2590480e+06   3.7597656e+01
   4.2595020e+06   3.3447266e+01
   4.2598160e+06   3.3386230e+01
   4.3416800e+06   4.0283203e+01
   4.3420990e+06   3.8574219e+01
   4.3423650e+06   3.2653809e+01
   4.3423870e+06   4.8278809e+01
   4.3424010e+06   3.4362793e+01
   4.3424640e+06   3.4484863e+01
   4.3425280e+06   3.6010742e+01
   4.3425400e+06   3.5217285e+01
   4.3428070e+06   3.2470703e+01
   4.3429630e+06   3.4423828e+01
   4.3895560e+06   3.3935547e+01
   4.3919790e+06   3.3264160e+01
   4.3919960e+06   3.5461426e+01
   4.3921020e+06   3.7048340e+01
   4.3921760e+06   5.0598145e+01
   4.3922400e+06   4.0893555e+01
   4.3923650e+06   3.2714844e+01
   4.3925530e+06   3.5705566e+01
   4.3928710e+06   3.3325195e+01
   4.3930300e+06   3.4973145e+01
   4.3931620e+06   3.3142090e+01
   4.3933200e+06   3.8940430e+01
   4.3933770e+06   3.7353516e+01
   4.4394130e+06   3.3691406e+01
   4.4395800e+06   3.4423828e+01
   4.4396180e+06   3.7841797e+01
   4.4396380e+06   3.2653809e+01
   4.4396770e+06   3.3081055e+01
   4.4396880e+06   3.9062500e+01
   4.4397390e+06   3.4301758e+01
   4.4399130e+06   3.2653809e+01
   4.4400220e+06   3.6010742e+01
   4.4402530e+06   4.0832520e+01
   4.4403180e+06   3.4179688e+01
   4.4403800e+06   3.3569336e+01
   4.4406990e+06   3.4973145e+01
   4.4408620e+06   3.8208008e+01
   4.4411240e+06   3.7414551e+01
   4.4415200e+06   3.3386230e+01
   4.4417460e+06   3.9245605e+01
   4.4814400e+06   3.4851074e+01
   4.4815720e+06   3.3691406e+01
   4.4816140e+06   4.0039062e+01
   4.4816620e+06   3.9367676e+01
   4.4817140e+06   3.5583496e+01
   4.4817290e+06   3.3996582e+01
   4.4818850e+06   3.9978027e+01
   4.4819720e+06   3.6010742e+01
   4.4825430e+06   3.6804199e+01
   4.4829600e+06   3.3020020e+01
   4.4830420e+06   3.3203125e+01
   4.4831590e+06   3.5949707e+01
   4.4833510e+06   3.3691406e+01
   4.5883530e+06   3.4057617e+01
   4.5883880e+06   4.5043945e+01
   4.5884170e+06   4.4494629e+01
   4.5884360e+06   3.7963867e+01
   4.5885530e+06   3.5583496e+01
   4.5886570e+06   3.5095215e+01
   4.5888050e+06   3.5522461e+01
   4.5890610e+06   3.6926270e+01
   4.5891590e+06   3.8757324e+01
   4.5895960e+06   3.7048340e+01
   4.6472300e+06   3.3752441e+01
   4.6475880e+06   3.6010742e+01
   4.6478170e+06   4.1442871e+01
   4.6479030e+06   4.0100098e+01
   4.6479340e+06   3.2592773e+01
   4.6479440e+06   3.3874512e+01
   4.6481420e+06   3.6560059e+01
   4.6484060e+06   3.3813477e+01
   4.6485790e+06   3.7048340e+01
   4.7416100e+06   4.8095703e+01
   4.7421000e+06   3.6682129e+01
   4.7422200e+06   3.5766602e+01
   4.7423270e+06   4.0771484e+01
   4.7424330e+06   3.4851074e+01
   4.7424580e+06   3.5827637e+01
   4.7425030e+06   3.5888672e+01
   4.7436360e+06   3.4973145e+01
   4.8415200e+06   3.6804199e+01
   4.8418800e+06   3.7841797e+01
   4.8420490e+06   3.3081055e+01
   4.8420630e+06   3.4973145e+01
   4.8421450e+06   3.4790039e+01
   4.8424590e+06   3.3447266e+01
   4.8425550e+06   3.5461426e+01
   4.8427390e+06   3.2470703e+01
   4.8433480e+06   3.3020020e+01
   4.8437770e+06   4.0649414e+01
   4.9043370e+06   3.4057617e+01
   4.9044350e+06   4.5166016e+01
   4.9044730e+06   3.7048340e+01
   4.9045780e+06   3.3081055e+01
   4.9046170e+06   3.3569336e+01
   4.9046880e+06   4.3640137e+01
   4.9047470e+06   3.9978027e+01
   4.9048090e+06   3.8391113e+01
   4.9051040e+06   3.2531738e+01
   4.9051880e+06   3.7536621e+01
   4.9053070e+06   3.4484863e+01
   4.9055610e+06   3.2592773e+01
   4.9063440e+06   3.5095215e+01
   5.0008360e+06   3.3020020e+01
   5.0014580e+06   3.2897949e+01
   5.0016450e+06   3.5949707e+01
   5.0016860e+06   3.4851074e+01
   5.0017500e+06   3.2958984e+01
   5.0018890e+06   3.4057617e+01
   5.0019180e+06   3.5156250e+01
   5.0021020e+06   3.5827637e+01
   5.0023260e+06   3.2531738e+01
   5.0025310e+06   3.3874512e+01
   5.0036520e+06   3.3203125e+01
   5.0885550e+06   3.3447266e+01
   5.0888980e+06   3.5095215e+01
   5.0890480e+06   3.8696289e+01
   5.0891600e+06   3.2653809e+01
   5.0892250e+06   4.2602539e+01
   5.0895970e+06   3.4301758e+01
   5.0896200e+06   3.5339355e+01
   5.0897230e+06   3.6132813e+01
   5.0897820e+06   3.7292480e+01
   5.0898740e+06   3.6560059e+01
   5.0900500e+06   3.7109375e+01
   5.1741970e+06   3.3996582e+01
   5.1744860e+06   3.3508301e+01
   5.1745510e+06   3.7902832e+01
   5.1746370e+06   4.6081543e+01
   5.1748410e+06   4.2602539e+01
   5.1748750e+06   3.3264160e+01
   5.1751170e+06   3.3935547e+01
   5.1758830e+06   3.6254883e+01
   5.2455540e+06   3.5461426e+01
   5.2456630e+06   4.5776367e+01
   5.2456830e+06   3.3630371e+01
   5.2464880e+06   3.4423828e+01
   5.2468570e+06   3.2897949e+01
   5.3146670e+06   4.1442871e+01
   5.3148990e+06   3.5583496e+01
   5.3149690e+06   3.8574219e+01
   5.3151310e+06   4.2480469e+01
   5.3151780e+06   4.2968750e+01
   5.3152400e+06   3.3447266e+01
   5.3152840e+06   3.9367676e+01
   5.3154840e+06   3.3264160e+01
   5.3155030e+06   3.3081055e+01
   5.3155620e+06   3.3081055e+01
   5.3158850e+06   3.6315918e+01
   5.3161550e+06   3.8574219e+01
   5.3908200e+06   3.4667969e+01
   5.3908620e+06   3.4423828e+01
   5.3909380e+06   4.3212891e+01
   5.3910200e+06   3.4606934e+01
   5.3910580e+06   4.1992188e+01
   5.3911020e+06   3.7902832e+01
   5.3912100e+06   4.0222168e+01
   5.3912570e+06   3.7414551e+01
   5.3914480e+06   4.0100098e+01
   5.3914840e+06   4.3090820e+01
   5.3917450e+06   3.3813477e+01
   5.3918220e+06   3.2958984e+01
   5.4732350e+06   3.7170410e+01
   5.4735800e+06   3.2958984e+01
   5.4737170e+06   3.9794922e+01
   5.4737380e+06   3.4667969e+01
   5.4738030e+06   3.6865234e+01
   5.4738730e+06   4.8706055e+01
   5.4739140e+06   3.8818359e+01
   5.4740050e+06   3.4301758e+01
   5.4741090e+06   3.4057617e+01
   5.4741650e+06   3.5034180e+01
   5.4744420e+06   4.0466309e+01
   5.4746660e+06   3.5522461e+01
   5.4748040e+06   3.9062500e+01
   5.4753630e+06   3.2836914e+01
   5.5561600e+06   3.6621094e+01
   5.5563520e+06   4.4799805e+01
   5.5564040e+06   3.2897949e+01
   5.5565490e+06   3.8269043e+01
   5.5566410e+06   3.6010742e+01
   5.5571790e+06   3.3020020e+01
   5.5571970e+06   3.3325195e+01
   5.5573990e+06   3.7841797e+01
   5.6253620e+06   3.2531738e+01
   5.6257190e+06   3.3874512e+01
   5.6260120e+06   3.5400391e+01
   5.6260540e+06   3.5339355e+01
   5.6261720e+06   3.3935547e+01
   5.6263180e+06   3.4912109e+01
   5.6263430e+06   3.5522461e+01
   5.6264440e+06   3.3081055e+01
   5.6273830e+06   3.3569336e+01
   5.7276330e+06   3.3020020e+01
   5.7277290e+06   4.4982910e+01
   5.7277420e+06   3.5949707e+01
   5.7278190e+06   4.5593262e+01
   5.7278480e+06   3.2531738e+01
   5.7280660e+06   4.5959473e+01
   5.7282430e+06   4.1259766e+01
   5.7285170e+06   3.4606934e+01
   5.7914180e+06   3.4362793e+01
   5.7916390e+06   3.4118652e+01
   5.7916780e+06   3.4057617e+01
   5.7917320e+06   3.3630371e+01
   5.7918970e+06   3.2592773e+01
   5.7919280e+06   3.4606934e+01
   5.7919610e+06   3.5156250e+01
   5.7924530e+06   3.2775879e+01
   5.7925800e+06   4.5166016e+01
   5.7926320e+06   3.2531738e+01
   5.7929760e+06   3.2592773e+01
   5.8702610e+06   3.5400391e+01
   5.8703210e+06   3.6193848e+01
   5.8703420e+06   4.1931152e+01
   5.8704270e+06   3.5034180e+01
   5.8704630e+06   4.1015625e+01
   5.8705090e+06   4.6752930e+01
   5.8708170e+06   3.2592773e+01
   5.8712600e+06   3.2470703e+01
   5.8714420e+06   4.5043945e+01
   5.9357060e+06   3.7353516e+01
   5.9358160e+06   3.3081055e+01
   5.9358590e+06   3.3081055e+01
   5.9358930e+06   3.3691406e+01
   5.9360040e+06   3.9306641e+01
   5.9365370e+06   3.2470703e+01
   6.0043260e+06   3.4667969e+01
   6.0122110e+06   3.8574219e+01
   6.0126870e+06   3.5583496e+01
   6.0127480e+06   4.3395996e+01
   6.0128620e+06   3.5095215e+01
   6.0131280e+06   3.3020020e+01
   6.0133160e+06   3.6560059e+01
   6.0138710e+06   3.3996582e+01
   6.0216800e+06   3.2836914e+01
   6.0990610e+06   3.6560059e+01
   6.1143450e+06   3.8879395e+01
   6.1150500e+06   3.3020020e+01
   6.1152040e+06   3.7780762e+01
   6.1152960e+06   3.9001465e+01
   6.1153680e+06   3.3691406e+01
   6.1155850e+06   3.6315918e+01
   6.1158430e+06   3.3630371e+01
   6.1494960e+06   4.1442871e+01
   6.1504590e+06   3.2836914e+01
   6.1506380e+06   3.4790039e+01
   6.1508330e+06   4.4372559e+01
   6.1508600e+06   3.8330078e+01
   6.1509320e+06   4.6203613e+01
   6.1510140e+06   4.0222168e+01
   6.1513710e+06   3.9428711e+01
   6.1515000e+06   3.8024902e+01
   6.1515920e+06   3.3874512e+01
   6.2629970e+06   3.3020020e+01
   6.2630400e+06   4.2175293e+01
   6.2638670e+06   3.7353516e+01
   6.2640250e+06   4.3212891e+01
   6.2641150e+06   3.2775879e+01
   6.2641510e+06   3.7719727e+01
   6.2644360e+06   3.6621094e+01
   6.2647020e+06   4.0283203e+01
   6.3176060e+06   4.8522949e+01
   6.3182160e+06   3.9123535e+01
   6.3207670e+06   3.4179688e+01
   6.3208520e+06   3.4179688e+01
   6.3209120e+06   4.3334961e+01
   6.3209360e+06   3.9794922e+01
   6.3209800e+06   4.2541504e+01
   6.3210290e+06   3.4606934e+01
   6.3211650e+06   3.3325195e+01
   6.3215430e+06   3.8146973e+01
   6.3218260e+06   3.7109375e+01
   6.3222230e+06   3.7597656e+01
   6.4135210e+06   3.3264160e+01
   6.4137760e+06   3.5766602e+01
   6.4138460e+06   3.7841797e+01
   6.4138670e+06   3.9062500e+01
   6.4139060e+06   3.4423828e+01
   6.4139660e+06   3.8269043e+01
   6.4140640e+06   4.3701172e+01
   6.4141690e+06   3.4240723e+01
   6.4143550e+06   4.1809082e+01
   6.4146880e+06   4.1870117e+01
   6.4376480e+06   3.2714844e+01
   6.5316760e+06   3.3264160e+01
   6.5320960e+06   3.3691406e+01
   6.5322590e+06   4.6691895e+01
   6.5323780e+06   3.3935547e+01
   6.5327820e+06   3.2958984e+01
   6.6270670e+06   3.4790039e+01
   6.6271700e+06   3.3081055e+01
   6.6272100e+06   3.4790039e+01
   6.6273110e+06   3.9001465e+01
   6.6273770e+06   3.5522461e+01
   6.6275190e+06   3.3508301e+01
   6.6276300e+06   3.5766602e+01
   6.6277390e+06   3.3813477e+01
   6.6277560e+06   3.4179688e+01
   6.6283960e+06   3.2897949e+01
   6.6284590e+06   4.2053223e+01
   6.6567760e+06   3.6987305e+01
   6.7369070e+06   3.3386230e+01
   6.7369740e+06   3.5644531e+01
   6.7372280e+06   3.2836914e+01
   6.7372640e+06   3.6560059e+01
   6.7373360e+06   3.6437988e+01
   6.7376430e+06   3.6743164e+01
   6.7377550e+06   4.1381836e+01
   6.7380510e+06   3.4606934e+01
   6.7386890e+06   3.2897949e+01
   6.8816420e+06   3.5034180e+01
   6.8816970e+06   3.3447266e+01
   6.8817700e+06   3.3630371e+01
   6.8818910e+06   3.3569336e+01
   6.8820350e+06   3.3813477e+01
   6.8822730e+06   3.3386230e+01
   6.8823070e+06   3.3081055e+01
   6.8825470e+06   3.4118652e+01
   6.8832150e+06   3.4179688e+01
   6.9565860e+06   4.2541504e+01
   6.9566030e+06   5.4504395e+01
   6.9566570e+06   3.8146973e+01
   6.9568310e+06   3.4179688e+01
   6.9569800e+06   3.3325195e+01
   6.9570410e+06   3.3447266e+01
   6.9575910e+06   3.7109375e+01
   6.9576130e+06   3.2714844e+01
   6.9578520e+06   3.7719727e+01
   6.9580500e+06   3.3447266e+01
   7.0393140e+06   4.0832520e+01
   7.0395480e+06   3.9184570e+01
   7.0397660e+06   3.4790039e+01
   7.0400240e+06   3.3020020e+01
   7.0400760e+06   3.5766602e+01
   7.0402690e+06   3.3142090e+01
   7.0409840e+06   3.3142090e+01
   7.0413240e+06   3.2897949e+01
   7.1191820e+06   3.3020020e+01
   7.1195230e+06   3.6499023e+01
   7.1196300e+06   3.5949707e+01
   7.1197360e+06   6.7749023e+01
   7.1200720e+06   4.1748047e+01
   7.1204640e+06   3.3691406e+01
   7.1207770e+06   3.2958984e+01
   7.2107340e+06   4.0588379e+01
   7.2111210e+06   3.6132812e+01
   7.2112020e+06   4.3151855e+01
   7.2112820e+06   3.5034180e+01
   7.2115470e+06   3.8208008e+01
   7.2118300e+06   3.6437988e+01
   7.3143600e+06   4.2175293e+01
   7.3144990e+06   3.4545898e+01
   7.3145190e+06   3.9306641e+01
   7.3146050e+06   3.4545898e+01
   7.3147180e+06   3.6621094e+01
   7.3147540e+06   3.8818359e+01
   7.3148830e+06   3.9123535e+01
   7.3150090e+06   3.6254883e+01
   7.3154710e+06   4.1564941e+01
   7.3742820e+06   3.4362793e+01
   7.4330920e+06   3.3325195e+01
   7.4331670e+06   3.2775879e+01
   7.4332060e+06   3.8146973e+01
   7.4332460e+06   3.3203125e+01
   7.4333000e+06   3.4545898e+01
   7.4333340e+06   4.2785645e+01
   7.4333700e+06   4.0649414e+01
   7.4335080e+06   4.0588379e+01
   7.4340290e+06   4.0344238e+01
   7.4341190e+06   3.6376953e+01
   7.5395810e+06   3.3508301e+01
   7.5707230e+06   3.6376953e+01
   7.5708450e+06   3.8696289e+01
   7.5709970e+06   3.6865234e+01
   7.5714840e+06   3.6804199e+01
   7.5715020e+06   4.3029785e+01
   7.5716620e+06   4.4494629e+01
   7.5718410e+06   3.4484863e+01
   7.5720990e+06   3.2775879e+01
   7.5967730e+06   3.3813477e+01
   7.6730250e+06   3.8818359e+01
   7.6733030e+06   3.3142090e+01
   7.6734570e+06   3.7536621e+01
   7.6734860e+06   4.4616699e+01
   7.6735040e+06   4.0344238e+01
   7.6736280e+06   3.9672852e+01
   7.6737980e+06   3.6926270e+01
   7.6738130e+06   3.7170410e+01
   7.6739280e+06   3.3325195e+01
   7.6742830e+06   3.7292480e+01
   7.6747080e+06   3.4240723e+01
   7.6748520e+06   3.5278320e+01
   7.6753480e+06   3.4179688e+01
   7.7470740e+06   3.6621094e+01
   7.7470960e+06   3.3813477e+01
   7.7471960e+06   3.4179688e+01
   7.7472370e+06   4.1076660e+01
   7.7472590e+06   3.4301758e+01
   7.7473200e+06   4.3701172e+01
   7.7473740e+06   3.8757324e+01
   7.7476860e+06   3.4545898e+01
   7.7478270e+06   3.6193848e+01
   7.7482290e+06   3.3325195e+01
   7.7483020e+06   3.8085938e+01
   7.7486590e+06   3.3752441e+01
   7.8188770e+06   3.2958984e+01
   7.8193690e+06   3.3813477e+01
   7.8193930e+06   3.8818359e+01
   7.8194540e+06   3.6315918e+01
   7.8195570e+06   3.3691406e+01
   7.8196130e+06   3.4179688e+01
   7.8196390e+06   3.6010742e+01
   7.8198580e+06   3.3142090e+01
   7.8199870e+06   3.2836914e+01
   7.8200270e+06   3.4423828e+01
   7.8201290e+06   3.3264160e+01
   7.8202930e+06   4.1137695e+01
   7.8205010e+06   3.5156250e+01
   7.8792260e+06   3.5461426e+01
   7.9276410e+06   3.5156250e+01
   7.9283490e+06   3.5461426e+01
   7.9284330e+06   3.4729004e+01
   7.9285080e+06   3.3935547e+01
   7.9286700e+06   3.2836914e+01
   7.9287710e+06   4.7241211e+01
   7.9290070e+06   3.2714844e+01
   7.9291790e+06   3.5339355e+01
   7.9293220e+06   3.9794922e+01
   7.9295830e+06   3.2897949e+01
   7.9312470e+06   3.3874512e+01
   8.0179040e+06   3.4057617e+01
   8.0186240e+06   4.1625977e+01
   8.0186880e+06   3.4484863e+01
   8.0187860e+06   4.1503906e+01
   8.0188240e+06   3.2958984e+01
   8.0192390e+06   3.8208008e+01
   8.0196860e+06   3.3203125e+01
   8.0790010e+06   3.3813477e+01
   8.0807840e+06   3.7536621e+01
   8.0808960e+06   4.4677734e+01
   8.0809810e+06   4.3518066e+01
   8.0810100e+06   3.3386230e+01
   8.0810590e+06   3.6560059e+01
   8.0813570e+06   3.3020020e+01
   8.0814590e+06   3.3325195e+01
   8.0815030e+06   4.0832520e+01
   8.0816830e+06   3.2836914e+01
   8.0819520e+06   3.4973145e+01
   8.0825480e+06   3.3569336e+01
   8.1644020e+06   3.7597656e+01
   8.1645100e+06   3.9245605e+01
   8.1647190e+06   3.4729004e+01
   8.1649050e+06   3.6621094e+01
   8.1649210e+06   3.4118652e+01
   8.1652030e+06   3.4057617e+01
   8.1653260e+06   4.9072266e+01
   8.1655750e+06   3.5339355e+01
   8.1661070e+06   4.4433594e+01
   8.2440100e+06   4.3029785e+01
   8.2443990e+06   4.0588379e+01
   8.2445530e+06   4.0588379e+01
   8.2446650e+06   3.5705566e+01
   8.2447120e+06   3.3752441e+01
   8.2450670e+06   4.0222168e+01
   8.2451490e+06   3.7048340e+01
   8.2453720e+06   3.4790039e+01
   8.2454560e+06   3.8879395e+01
   8.2458550e+06   3.7902832e+01
   8.2461550e+06   3.3386230e+01
   8.3861300e+06   3.7536621e+01
   8.3867550e+06   3.4240723e+01
   8.3868240e+06   3.6254883e+01
   8.3869710e+06   3.3569336e+01
   8.3872740e+06   3.2836914e+01
   8.3872920e+06   3.6071777e+01
   8.3876420e+06   3.8146973e+01
   8.3879370e+06   3.6560059e+01
   8.3879510e+06   3.6132812e+01
   8.3881260e+06   3.5827637e+01
   8.4643170e+06   3.5705566e+01
   8.4647750e+06   3.3813477e+01
   8.4648870e+06   3.3813477e+01
   8.4649600e+06   4.7119141e+01
   8.4649790e+06   3.4118652e+01
   8.4650360e+06   3.3386230e+01
   8.4651180e+06   3.5095215e+01
   8.4651650e+06   3.3874512e+01
   8.4652770e+06   3.4118652e+01
   8.4653970e+06   3.9550781e+01
   8.4657740e+06   3.3264160e+01
   8.4659610e+06   3.2775879e+01
   8.4664450e+06   3.5644531e+01
   8.4668820e+06   3.5888672e+01
   8.4669290e+06   3.2897949e+01
   8.5625130e+06   3.3325195e+01
   8.5626120e+06   3.4912109e+01
   8.5626570e+06   3.4423828e+01
   8.5627430e+06   3.5339355e+01
   8.5627920e+06   5.0292969e+01
   8.5628690e+06   3.7841797e+01
   8.5629590e+06   3.9184570e+01
   8.5631180e+06   3.6560059e+01
   8.5632090e+06   3.6376953e+01
   8.5632780e+06   3.8574219e+01
   8.5634860e+06   3.3325195e+01
   8.5635470e+06   3.2714844e+01
   8.5642810e+06   3.5400391e+01
   8.5646280e+06   3.5400391e+01
   8.6466770e+06   3.3447266e+01
   8.6468170e+06   3.8879395e+01
   8.6469210e+06   3.7658691e+01
   8.6469490e+06   3.3264160e+01
   8.6470280e+06   4.2236328e+01
   8.6470470e+06   3.3996582e+01
   8.6470740e+06   3.7658691e+01
   8.6474610e+06   3.7170410e+01
   8.6477280e+06   3.5461426e+01
   8.6480750e+06   3.6560059e+01
   8.6483580e+06   3.8757324e+01
   8.7888020e+06   3.6315918e+01
   8.7888660e+06   3.3752441e+01
   8.7889230e+06   3.8574219e+01
   8.7890690e+06   3.8513184e+01
   8.7890830e+06   3.5949707e+01
   8.7891200e+06   4.5532227e+01
   8.7892750e+06   3.4179688e+01
   8.7893480e+06   3.5461426e+01
   8.7895100e+06   3.3081055e+01
   8.7897610e+06   3.3447266e+01
   8.7899170e+06   3.6987305e+01
   8.8638100e+06   3.5583496e+01
   8.8648640e+06   4.1320801e+01
   8.8649220e+06   3.2897949e+01
   8.8649560e+06   5.3161621e+01
   8.8650220e+06   3.6437988e+01
   8.8650850e+06   4.3151855e+01
   8.8652660e+06   3.5278320e+01
   8.8655640e+06   3.3203125e+01
   8.8655740e+06   3.6743164e+01
   8.8658440e+06   4.7790527e+01
   8.8659700e+06   3.3630371e+01
   8.8660930e+06   3.6071777e+01
   8.8665730e+06   3.4790039e+01
   8.9265970e+06   3.4057617e+01
   8.9585840e+06   3.2897949e+01
   8.9591590e+06   3.3508301e+01
   8.9592410e+06   3.3447266e+01
   8.9592750e+06   3.3630371e+01
   8.9593060e+06   3.3691406e+01
   8.9593450e+06   3.8574219e+01
   8.9595170e+06   3.5400391e+01
   8.9599320e+06   3.6132812e+01
   9.0444730e+06   4.2968750e+01
   9.0445690e+06   3.5827637e+01
   9.0446260e+06   4.0039062e+01
   9.0447770e+06   3.5095215e+01
   9.0449530e+06   3.9611816e+01
   9.0450730e+06   3.3386230e+01
   9.0452120e+06   3.2653809e+01
   9.0456090e+06   3.8391113e+01
   9.1311430e+06   3.3325195e+01
   9.1316940e+06   3.2897949e+01
   9.1317790e+06   5.3283691e+01
   9.1318650e+06   3.6437988e+01
   9.1319900e+06   3.7109375e+01
   9.1327570e+06   3.4667969e+01
   9.1329400e+06   3.5705566e+01
   9.1329670e+06   3.2592773e+01
   9.2286940e+06   3.4484863e+01
   9.2287080e+06   3.3813477e+01
   9.2287570e+06   3.3020020e+01
   9.2288730e+06   4.0405273e+01
   9.2289510e+06   4.7668457e+01
   9.2291240e+06   3.3813477e+01
   9.2295450e+06   3.6132812e+01
   9.2298570e+06   3.2897949e+01
   9.2299340e+06   3.6743164e+01
   9.2879570e+06   3.3203125e+01
   9.3113310e+06   3.2653809e+01
   9.3114590e+06   3.4484863e+01
   9.3115230e+06   3.6437988e+01
   9.3115800e+06   3.3508301e+01
   9.3116810e+06   4.4189453e+01
   9.3118110e+06   3.6743164e+01
   9.3121010e+06   3.5583496e+01
   9.3121660e+06   3.5461426e+01
   9.3122310e+06   3.4484863e+01
   9.3123100e+06   3.8146973e+01
   9.3126950e+06   3.4362793e+01
   9.3127110e+06   4.0039062e+01
   9.3127810e+06   3.5156250e+01
   9.4385060e+06   3.7353516e+01
   9.4388430e+06   3.2958984e+01
   9.4388810e+06   3.4423828e+01
   9.4390070e+06   3.6987305e+01
   9.4392180e+06   3.5766602e+01
   9.4393410e+06   3.2714844e+01
   9.4397410e+06   3.5217285e+01
   9.5202440e+06   3.9123535e+01
   9.5206510e+06   3.6315918e+01
   9.5207410e+06   3.3264160e+01
   9.5208330e+06   3.4851074e+01
   9.5209760e+06   3.7536621e+01
   9.5210870e+06   3.3874512e+01
   9.5211490e+06   3.3569336e+01
   9.5212270e+06   4.2175293e+01
   9.5213480e+06   3.5827637e+01
   9.5221090e+06   3.2592773e+01
   9.5733850e+06   3.3874512e+01
   9.6178380e+06   3.5949707e+01
   9.6180460e+06   3.4240723e+01
   9.6180920e+06   3.3569336e+01
   9.6182110e+06   3.5034180e+01
   9.6184860e+06   3.8940430e+01
   9.6187840e+06   3.6682129e+01
   9.6189830e+06   3.3996582e+01
   9.6190350e+06   3.3691406e+01
   9.7340130e+06   3.3813477e+01
   9.7340540e+06   3.3447266e+01
   9.7341510e+06   3.4973145e+01
   9.7342170e+06   3.2836914e+01
   9.7343500e+06   4.1015625e+01
   9.7346150e+06   3.9428711e+01
   9.7349910e+06   3.3203125e+01
   9.7350180e+06   3.4240723e+01
   9.7351010e+06   3.2775879e+01
   9.7891390e+06   3.6743164e+01
   9.7896360e+06   3.8940430e+01
   9.7897690e+06   3.4423828e+01
   9.7898710e+06   3.3325195e+01
   9.7900500e+06   3.8391113e+01
   9.7904240e+06   3.5217285e+01
   9.7906080e+06   3.7475586e+01
   9.8233450e+06   3.6560059e+01
   9.8378350e+06   3.7719727e+01
   9.8405650e+06   3.8391113e+01
   9.8406380e+06   4.0588379e+01
   9.8406570e+06   3.6682129e+01
   9.8407370e+06   3.3569336e+01
   9.8408460e+06   3.8818359e+01
   9.8412890e+06   3.3569336e+01
   9.8416860e+06   4.1015625e+01
   9.9636830e+06   3.3752441e+01
   9.9637400e+06   3.8085938e+01
   9.9637950e+06   3.5461426e+01
   9.9638540e+06   3.4729004e+01
   9.9638860e+06   3.8391113e+01
   9.9639360e+06   3.5156250e+01
   9.9643820e+06   3.3325195e+01
   9.9645500e+06   3.5522461e+01
   9.9648460e+06   3.7231445e+01
   9.9652490e+06   3.5888672e+01
   1.0072327e+07   3.2897949e+01
   1.0072520e+07   5.0048828e+01
   1.0072562e+07   3.7780762e+01
   1.0072598e+07   3.8696289e+01
   1.0072608e+07   4.9011230e+01
   1.0072657e+07   3.5217285e+01
   1.0072702e+07   3.4240723e+01
   1.0072757e+07   3.2958984e+01
   1.0072900e+07   3.2958984e+01
   1.0073029e+07   3.3325195e+01
   1.0073482e+07   4.1870117e+01
   1.0073735e+07   3.3203125e+01
   1.0073853e+07   3.9794922e+01
   1.0153723e+07   3.6010742e+01
   1.0154234e+07   3.5400391e+01
   1.0154437e+07   5.0598145e+01
   1.0154465e+07   3.2897949e+01
   1.0154493e+07   3.7048340e+01
   1.0154535e+07   4.4494629e+01
   1.0154780e+07   3.3874512e+01
   1.0154834e+07   4.0466309e+01
   1.0155067e+07   3.6499023e+01
   1.0155388e+07   3.7109375e+01
   1.0155477e+07   3.3630371e+01
   1.0249830e+07   3.4973145e+01
   1.0285793e+07   3.3081055e+01
   1.0285857e+07   3.4667969e+01
   1.0285867e+07   4.4250488e+01
   1.0285957e+07   3.4973145e+01
   1.0286297e+07   4.1748047e+01
   1.0286787e+07   3.2653809e+01
   1.0366212e+07   3.4423828e+01
   1.0366277e+07   3.9978027e+01
   1.0366316e+07   3.6010742e+01
   1.0366349e+07   3.5644531e+01
   1.0366426e+07   3.9916992e+01
   1.0366871e+07   3.7170410e+01
   1.0366973e+07   3.4729004e+01
   1.0366985e+07   3.7292480e+01
   1.0367443e+07   3.4606934e+01
   1.0446981e+07   3.3935547e+01
   1.0447022e+07   3.3081055e+01
   1.0447545e+07   4.5471191e+01
   1.0447658e+07   3.3264160e+01
   1.0447715e+07   3.5949707e+01
   1.0447800e+07   3.2714844e+01
   1.0447984e+07   4.6508789e+01
   1.0448203e+07   3.3264160e+01
   1.0448492e+07   3.3386230e+01
   1.0448833e+07   4.1564941e+01
   1.0524251e+07   3.7109375e+01
   1.0524344e+07   3.7902832e+01
   1.0524397e+07   3.9001465e+01
   1.0524427e+07   3.8085938e+01
   1.0524499e+07   3.2897949e+01
   1.0524530e+07   4.3945312e+01
   1.0524816e+07   4.1503906e+01
   1.0524946e+07   3.3020020e+01
   1.0525109e+07   3.3203125e+01
   1.0525192e+07   3.5278320e+01
   1.0525752e+07   3.3874512e+01
   1.0578802e+07   3.3935547e+01
   1.0579781e+07   3.8391113e+01
   1.0579821e+07   3.5278320e+01
   1.0579837e+07   4.5837402e+01
   1.0579922e+07   4.6936035e+01
   1.0580579e+07   3.4362793e+01
   1.0580723e+07   3.3386230e+01
   1.0580943e+07   3.9367676e+01
   1.0581178e+07   3.3447266e+01
   1.0694128e+07   3.2958984e+01
   1.0694214e+07   4.5593262e+01
   1.0694291e+07   3.3081055e+01
   1.0694355e+07   3.4606934e+01
   1.0694375e+07   3.7902832e+01
   1.0694420e+07   3.7963867e+01
   1.0694442e+07   3.7963867e+01
   1.0694456e+07   4.2846680e+01
   1.0694617e+07   3.4118652e+01
   1.0694706e+07   3.3508301e+01
   1.0694840e+07   3.6193848e+01
   1.0695104e+07   3.6865234e+01
   1.0695169e+07   3.5644531e+01
   1.0695225e+07   3.7353516e+01
   1.0695323e+07   4.1381836e+01
   1.0752247e+07   3.2836914e+01
   1.0790006e+07   3.3813477e+01
   1.0790127e+07   3.6193848e+01
   1.0790186e+07   3.4545898e+01
   1.0790198e+07   3.3630371e+01
   1.0790222e+07   3.7048340e+01
   1.0790299e+07   3.6132812e+01
   1.0790367e+07   4.5715332e+01
   1.0790470e+07   3.4973145e+01
   1.0790792e+07   3.2653809e+01
   1.0791172e+07   4.0405273e+01
   1.0791452e+07   3.3569336e+01
   1.0791563e+07   3.3752441e+01
   1.0791726e+07   3.5156250e+01
   1.0850847e+07   3.8513184e+01
   1.0851154e+07   3.4545898e+01
   1.0851225e+07   3.5644531e+01
   1.0851357e+07   3.7048340e+01
   1.0851424e+07   4.3518066e+01
   1.0851493e+07   3.6987305e+01
   1.0851670e+07   4.7424316e+01
   1.0851807e+07   3.7109375e+01
   1.0851856e+07   3.5278320e+01
   1.0851987e+07   4.5654297e+01
   1.0852098e+07   3.8940430e+01
   1.0852414e+07   4.0100098e+01
   1.0852782e+07   3.5705566e+01
   1.0922216e+07   3.2958984e+01
   1.0922549e+07   3.5766602e+01
   1.0922923e+07   3.3203125e+01
   1.0923069e+07   3.6987305e+01
   1.0923133e+07   4.1076660e+01
   1.0923363e+07   3.7780762e+01
   1.0923449e+07   3.9245605e+01
   1.0923572e+07   3.3874512e+01
   1.0924012e+07   3.3447266e+01
   1.0924163e+07   3.2897949e+01
   1.0925138e+07   3.2592773e+01
   1.0933859e+07   4.0771484e+01
   1.1007514e+07   3.3264160e+01
   1.1007582e+07   3.3569336e+01
   1.1007610e+07   3.8513184e+01
   1.1007680e+07   3.9794922e+01
   1.1007701e+07   4.8461914e+01
   1.1007813e+07   4.2358398e+01
   1.1007833e+07   3.6499023e+01
   1.1007928e+07   3.7963867e+01
   1.1008042e+07   4.7973633e+01
   1.1008077e+07   3.6926270e+01
   1.1008245e+07   3.5339355e+01
   1.1008391e+07   3.3935547e+01
   1.1008481e+07   3.4240723e+01
   1.1010197e+07   3.3935547e+01
   1.1149174e+07   3.4851074e+01
   1.1149449e+07   4.4738770e+01
   1.1149672e+07   3.3386230e+01
   1.1149692e+07   3.5400391e+01
   1.1149798e+07   3.7597656e+01
   1.1149816e+07   3.3325195e+01
   1.1149963e+07   3.5827637e+01
   1.1150087e+07   3.3447266e+01
   1.1150165e+07   3.4118652e+01
   1.1150284e+07   4.1809082e+01
   1.1150946e+07   3.2592773e+01
   1.1185741e+07   3.2592773e+01
   1.1257862e+07   3.4240723e+01
   1.1257975e+07   4.2236328e+01
   1.1258049e+07   3.7780762e+01
   1.1258075e+07   3.2836914e+01
   1.1258235e+07   3.4118652e+01
   1.1258290e+07   3.6743164e+01
   1.1258440e+07   3.5095215e+01
   1.1258486e+07   3.3813477e+01
   1.1258496e+07   3.4851074e+01
   1.1259063e+07   3.2775879e+01
   1.1368267e+07   3.4118652e+01
   1.1368326e+07   3.8696289e+01
   1.1368345e+07   3.6865234e+01
   1.1369049e+07   3.4667969e+01
   1.1369096e+07   3.4423828e+01
   1.1369315e+07   3.2592773e+01
   1.1502513e+07   3.3203125e+01
   1.1502527e+07   3.8513184e+01
   1.1503069e+07   3.7231445e+01
   1.1503373e+07   3.8269043e+01
   1.1504959e+07   3.5461426e+01
   1.1518940e+07   3.4484863e+01
   1.1591229e+07   3.6315918e+01
   1.1591525e+07   3.4362793e+01
   1.1591586e+07   3.5461426e+01
   1.1591648e+07   3.2592773e+01
   1.1591682e+07   3.4851074e+01
   1.1591705e+07   3.7719727e+01
   1.1591741e+07   3.3935547e+01
   1.1591949e+07   3.3081055e+01
   1.1591960e+07   3.6254883e+01
   1.1592057e+07   4.1748047e+01
   1.1592195e+07   3.6010742e+01
   1.1592397e+07   3.6132812e+01
   1.1592663e+07   3.8330078e+01
   1.1593119e+07   4.1687012e+01
   1.1694293e+07   3.3996582e+01
   1.1694440e+07   3.6071777e+01
   1.1694518e+07   3.6865234e+01
   1.1694536e+07   3.3691406e+01
   1.1694598e+07   3.8146973e+01
   1.1694741e+07   3.6193848e+01
   1.1695110e+07   3.2653809e+01
   1.1695246e+07   3.4240723e+01
   1.1751634e+07   3.4545898e+01
   1.1751815e+07   3.5400391e+01
   1.1751882e+07   3.6682129e+01
   1.1751956e+07   3.8024902e+01
   1.1751974e+07   4.5043945e+01
   1.1752158e+07   3.7658691e+01
   1.1752291e+07   3.8940430e+01
   1.1752301e+07   3.4057617e+01
   1.1752433e+07   3.3813477e+01
   1.1752817e+07   3.6193848e+01
   1.1752921e+07   4.2785645e+01
   1.1823954e+07   3.6987305e+01
   1.1824068e+07   3.4057617e+01
   1.1824226e+07   3.4606934e+01
   1.1824323e+07   3.9062500e+01
   1.1824432e+07   3.7292480e+01
   1.1824535e+07   3.4362793e+01
   1.1824943e+07   3.8208008e+01
   1.1945234e+07   3.7841797e+01
   1.1945340e+07   3.3630371e+01
   1.1945477e+07   3.3203125e+01
   1.1945663e+07   3.5461426e+01
   1.1945712e+07   3.6987305e+01
   1.1945722e+07   3.3386230e+01
   1.1946378e+07   4.0100098e+01
   1.1946594e+07   3.3813477e+01
   1.1946652e+07   3.4790039e+01
