   1.4995000e+07   0.0000000e+00
   1.7629200e+05   4.6508789e+01
   4.3766800e+05   4.7546387e+01
   4.9720900e+05   4.9804688e+01
   5.7873300e+05   4.8339844e+01
   8.9074700e+05   4.7058105e+01
   9.1437300e+05   4.7851562e+01
   1.2463080e+06   4.7485352e+01
   1.2901240e+06   4.6569824e+01
   1.4131960e+06   4.7851562e+01
   2.2014000e+06   4.6997070e+01
   2.2433070e+06   4.6569824e+01
   2.4783280e+06   4.6386719e+01
   2.5104600e+06   4.7912598e+01
   2.5309810e+06   4.8034668e+01
   2.5532220e+06   4.8583984e+01
   2.5744040e+06   4.7119141e+01
   2.5793710e+06   5.1818848e+01
   2.5974460e+06   4.6569824e+01
   2.7208000e+06   4.9377441e+01
   2.7691390e+06   4.7363281e+01
   2.7964500e+06   4.6813965e+01
   2.8104900e+06   4.6997070e+01
   2.8204830e+06   4.6508789e+01
   2.8240020e+06   4.7851562e+01
   2.8362310e+06   5.1147461e+01
   2.8366430e+06   4.7241211e+01
   2.8516200e+06   4.6508789e+01
   2.8764590e+06   4.6447754e+01
   2.9251500e+06   4.7363281e+01
   2.9268990e+06   4.6508789e+01
   2.9345800e+06   4.7668457e+01
   2.9418490e+06   4.7424316e+01
   2.9646020e+06   4.7546387e+01
   3.0235410e+06   4.6447754e+01
   3.0307200e+06   4.6325684e+01
   3.0635940e+06   4.7119141e+01
   3.1205030e+06   4.8461914e+01
   3.2207060e+06   4.6508789e+01
   3.2229580e+06   4.5837402e+01
   3.3031110e+06   4.6203613e+01
   3.3334170e+06   4.8034668e+01
   3.5008570e+06   4.7668457e+01
   3.5127550e+06   4.7851562e+01
   3.5927910e+06   4.6081543e+01
   3.7070090e+06   4.7790527e+01
   3.9830770e+06   4.7180176e+01
   3.9888950e+06   4.7302246e+01
   4.0111210e+06   4.5959473e+01
   4.1008640e+06   4.7546387e+01
   4.2070590e+06   4.6325684e+01
   4.4354050e+06   4.6203613e+01
   4.4400390e+06   5.1330566e+01
   4.8403660e+06   4.6203613e+01
   4.8501390e+06   4.6020508e+01
   5.1945550e+06   4.7851562e+01
   5.7275920e+06   4.7302246e+01
   5.7609380e+06   4.9255371e+01
   5.8189000e+06   4.8156738e+01
   5.8305940e+06   4.7912598e+01
   5.8667200e+06   4.8156738e+01
   5.8713720e+06   5.0476074e+01
   5.9077040e+06   4.7058105e+01
   5.9240910e+06   4.6264648e+01
   6.0844870e+06   4.8583984e+01
   6.2189260e+06   4.9621582e+01
   6.9853100e+06   4.7851562e+01
   7.5103370e+06   4.8645020e+01
   7.8144370e+06   4.9133301e+01
   7.8688080e+06   4.8828125e+01
   7.9502060e+06   4.8706055e+01
   8.4352060e+06   4.8400879e+01
   8.6563060e+06   4.7973633e+01
   8.8475260e+06   4.8339844e+01
   8.8833200e+06   4.8645020e+01
   9.1049380e+06   4.7729492e+01
   9.1805500e+06   4.6447754e+01
   1.0561579e+07   4.6264648e+01
   1.0688654e+07   4.7119141e+01
   1.0965375e+07   4.6813965e+01
   1.1147500e+07   4.8828125e+01
   1.1997375e+07   4.1076660e+01
   1.2202074e+07   4.2602539e+01
   1.2204628e+07   4.1076660e+01
   1.2233361e+07   4.3518066e+01
   1.2243403e+07   4.1198730e+01
   1.2345013e+07   4.1992188e+01
   1.2444873e+07   4.0954590e+01
   1.2481461e+07   4.0710449e+01
   1.2547852e+07   4.4921875e+01
   1.2577216e+07   4.2907715e+01
   1.2724621e+07   4.2602539e+01
   1.2928685e+07   4.2480469e+01
   1.3259467e+07   4.5715332e+01
