   1.4995000e+07   0.0000000e+00
   1.7599200e+05   5.1940918e+01
   1.7603700e+05   4.2663574e+01
   1.7673700e+05   4.1442871e+01
   3.8468700e+05   3.8574219e+01
   4.5479200e+05   3.9367676e+01
   4.9660700e+05   3.8452148e+01
   6.0979700e+05   3.9916992e+01
   7.4686000e+05   3.8696289e+01
   7.4726900e+05   4.0832520e+01
   7.4891000e+05   4.3579102e+01
   7.4989900e+05   3.9367676e+01
   7.5003500e+05   3.8452148e+01
   7.9304400e+05   3.8757324e+01
   8.4572400e+05   3.9367676e+01
   8.4574100e+05   3.9550781e+01
   8.4581700e+05   4.2724609e+01
   8.4587000e+05   3.9611816e+01
   8.4689000e+05   4.1809082e+01
   9.6529400e+05   4.0161133e+01
   1.1434470e+06   4.8889160e+01
   1.1434820e+06   3.9428711e+01
   1.4877660e+06   4.1259766e+01
   1.6778060e+06   4.7424316e+01
   1.6998270e+06   4.1381836e+01
   1.7447970e+06   4.3945312e+01
   1.7474300e+06   4.0405273e+01
   1.7574120e+06   4.1931152e+01
   1.7594280e+06   4.0649414e+01
   1.7915970e+06   4.0283203e+01
   1.8391810e+06   3.9611816e+01
   1.8618590e+06   3.9672852e+01
   1.8680160e+06   4.1625977e+01
   1.8934220e+06   4.1259766e+01
   1.9099320e+06   4.3579102e+01
   1.9452530e+06   4.4982910e+01
   1.9470920e+06   3.9062500e+01
   1.9475180e+06   4.0588379e+01
   1.9559450e+06   4.5227051e+01
   1.9692590e+06   4.2724609e+01
   1.9899800e+06   4.0832520e+01
   2.0533560e+06   4.0588379e+01
   2.0695960e+06   4.2053223e+01
   2.0805970e+06   3.9184570e+01
   2.1180770e+06   4.1442871e+01
   2.1300530e+06   4.0222168e+01
   2.1356010e+06   3.9916992e+01
   2.1452100e+06   3.8635254e+01
   2.1693420e+06   3.9184570e+01
   2.1760420e+06   4.4433594e+01
   2.2093790e+06   4.1320801e+01
   2.2178410e+06   3.9672852e+01
   2.2296800e+06   4.2846680e+01
   2.2483360e+06   4.0405273e+01
   2.3481640e+06   4.9499512e+01
   2.4919450e+06   3.9916992e+01
   2.5054720e+06   3.9245605e+01
   2.5057440e+06   3.8635254e+01
   2.5058280e+06   3.9550781e+01
   2.5082120e+06   3.8757324e+01
   2.5555990e+06   3.9062500e+01
   2.5925510e+06   3.8879395e+01
   3.0310510e+06   4.9743652e+01
   3.0314610e+06   3.8818359e+01
   3.0320710e+06   3.8635254e+01
   3.0335690e+06   4.1137695e+01
   3.3976050e+06   3.9733887e+01
   3.5483060e+06   3.8940430e+01
   3.5683760e+06   3.8513184e+01
   3.7461070e+06   3.8513184e+01
   3.9599610e+06   4.3029785e+01
   3.9608290e+06   3.9611816e+01
   3.9636820e+06   3.9184570e+01
   4.0365010e+06   4.2541504e+01
   4.0992560e+06   4.1687012e+01
   4.0993290e+06   4.4616699e+01
   4.1008870e+06   3.8330078e+01
   4.1026540e+06   4.5532227e+01
   4.2605840e+06   4.2480469e+01
   4.6129140e+06   3.8818359e+01
   5.0548300e+06   3.8879395e+01
   5.1168690e+06   3.8330078e+01
   5.1171560e+06   3.8940430e+01
   5.1174980e+06   4.1992188e+01
   5.1178280e+06   4.1931152e+01
   5.1371380e+06   4.1198730e+01
   5.1377550e+06   4.1381836e+01
   5.6016040e+06   3.8513184e+01
   5.6016370e+06   4.7851562e+01
   5.6018530e+06   3.9916992e+01
   5.6020020e+06   3.9855957e+01
   5.6020240e+06   3.8818359e+01
   5.6038000e+06   3.9367676e+01
   5.6042570e+06   4.6020508e+01
   5.6045530e+06   4.1564941e+01
   5.6047780e+06   3.8574219e+01
   5.6049610e+06   4.0466309e+01
   5.6059130e+06   5.2368164e+01
   5.6066170e+06   4.4677734e+01
   6.2116780e+06   4.5837402e+01
   6.3258530e+06   4.2663574e+01
   6.4106270e+06   3.9245605e+01
   6.5196150e+06   4.5715332e+01
   6.5197610e+06   5.2551270e+01
   6.5202580e+06   4.5471191e+01
   6.5213670e+06   4.5471191e+01
   6.5230690e+06   3.9184570e+01
   6.6290760e+06   3.8513184e+01
   6.6311180e+06   3.8757324e+01
   6.9959050e+06   3.9428711e+01
   7.0506170e+06   4.0222168e+01
   7.0506780e+06   4.1381836e+01
   7.0842740e+06   4.0649414e+01
   7.2730160e+06   4.1687012e+01
   7.6825240e+06   4.9194336e+01
   7.6832440e+06   3.8879395e+01
   7.6834240e+06   3.9184570e+01
   7.6841360e+06   5.0842285e+01
   7.6850710e+06   4.1870117e+01
   7.6859240e+06   3.8513184e+01
   7.6938230e+06   3.9733887e+01
   7.6999180e+06   4.2907715e+01
   7.7061080e+06   4.0222168e+01
   7.7228010e+06   5.3283691e+01
   8.2883310e+06   4.0466309e+01
   8.6406860e+06   4.5837402e+01
   8.6582030e+06   4.2175293e+01
   8.6607020e+06   3.9428711e+01
   8.6727230e+06   3.9489746e+01
   8.9351950e+06   4.0893555e+01
   8.9570550e+06   4.0954590e+01
   9.1191940e+06   3.8635254e+01
   9.2011010e+06   3.8208008e+01
   9.4323640e+06   4.3090820e+01
   9.5187160e+06   4.7607422e+01
   9.5549670e+06   3.9123535e+01
   9.5713910e+06   4.1809082e+01
   9.5714140e+06   4.0161133e+01
   9.5714670e+06   3.8879395e+01
   9.5716600e+06   3.8513184e+01
   9.5722140e+06   4.6020508e+01
   9.5752930e+06   4.0100098e+01
   9.7644220e+06   3.9245605e+01
   9.7768910e+06   4.4799805e+01
   9.8093760e+06   3.8452148e+01
   9.9437430e+06   3.9916992e+01
   1.0036302e+07   3.8024902e+01
   1.0141601e+07   4.7119141e+01
   1.0141682e+07   3.9062500e+01
   1.0141739e+07   4.1992187e+01
   1.0142098e+07   4.1503906e+01
   1.0142182e+07   4.5227051e+01
   1.0296693e+07   3.8330078e+01
   1.0408542e+07   4.7302246e+01
   1.0408827e+07   4.0100098e+01
   1.0409017e+07   4.3273926e+01
   1.0409257e+07   4.9926758e+01
   1.0425344e+07   4.2236328e+01
   1.0447899e+07   3.9062500e+01
   1.0600480e+07   4.4555664e+01
   1.0601681e+07   4.3395996e+01
   1.0603221e+07   3.9001465e+01
   1.0668958e+07   3.8269043e+01
   1.1041220e+07   4.2114258e+01
   1.1490690e+07   3.9733887e+01
   1.1699080e+07   4.0588379e+01
   1.2306237e+07   3.8818359e+01
   1.2328217e+07   4.0100098e+01
   1.2360037e+07   3.9794922e+01
   1.2714704e+07   4.5715332e+01
   1.2716089e+07   4.3090820e+01
   1.2789959e+07   3.9245605e+01
   1.2995336e+07   3.8513184e+01
   1.3257952e+07   4.3945312e+01
   1.3258000e+07   4.2907715e+01
   1.3258442e+07   4.2114258e+01
   1.3314304e+07   3.8818359e+01
   1.3327724e+07   4.2297363e+01
   1.3421700e+07   4.5532227e+01
   1.3529479e+07   3.9855957e+01
   1.3562034e+07   3.9672852e+01
   1.3601747e+07   4.0771484e+01
   1.3889869e+07   4.2785645e+01
   1.3889910e+07   4.0527344e+01
   1.3989805e+07   3.9794922e+01
   1.4043474e+07   4.3701172e+01
   1.4055504e+07   4.5898438e+01
   1.4193969e+07   3.9916992e+01
   1.4202487e+07   3.9489746e+01
   1.4212164e+07   4.3029785e+01
   1.4657401e+07   3.8879395e+01
   1.4814222e+07   4.0527344e+01
   1.4844608e+07   3.9245605e+01
   1.4891242e+07   3.8940430e+01
