   1.1996000e+07   0.0000000e+00
   5.1972000e+04   3.0456543e+01
   6.0040000e+04   3.2409668e+01
   6.2312000e+04   2.8930664e+01
   1.2629500e+05   2.9602051e+01
   1.4468400e+05   3.0212402e+01
   1.7058900e+05   2.8747559e+01
   1.7197500e+05   2.9357910e+01
   1.7456100e+05   3.1677246e+01
   2.5548800e+05   2.8625488e+01
   2.5673800e+05   2.8991699e+01
   3.2075900e+05   3.2043457e+01
   3.4687200e+05   3.2714844e+01
   3.4796200e+05   3.3630371e+01
   3.5293200e+05   3.2043457e+01
   3.6023800e+05   2.9357910e+01
   3.6312800e+05   2.8747559e+01
   4.9558400e+05   2.9968262e+01
   5.1004900e+05   2.9418945e+01
   5.1111600e+05   3.2348633e+01
   5.2296500e+05   2.9235840e+01
   5.2347500e+05   3.1250000e+01
   5.3926900e+05   2.9296875e+01
   5.5222900e+05   2.8930664e+01
   5.9133300e+05   3.2470703e+01
   5.9138700e+05   3.3508301e+01
   6.4520600e+05   2.9785156e+01
   6.5670100e+05   2.9418945e+01
   6.6230200e+05   3.1005859e+01
   6.9035300e+05   3.5766602e+01
   7.0691500e+05   2.8869629e+01
   7.3366400e+05   2.9357910e+01
   7.3368300e+05   2.8686523e+01
   7.3492800e+05   3.3203125e+01
   7.3792400e+05   3.2836914e+01
   7.4216900e+05   3.0456543e+01
   8.3446200e+05   3.9794922e+01
   9.4870100e+05   4.0954590e+01
   9.6256300e+05   3.0822754e+01
   1.0249780e+06   2.8869629e+01
   1.0251270e+06   3.0090332e+01
   1.0515320e+06   2.8991699e+01
   1.3930560e+06   2.9479980e+01
   1.3955770e+06   3.0517578e+01
   1.4020790e+06   3.1005859e+01
   1.4083810e+06   2.9357910e+01
   1.4249340e+06   2.8564453e+01
   1.5620350e+06   3.6621094e+01
   1.5746140e+06   3.4606934e+01
   1.5871570e+06   3.0212402e+01
   1.5917340e+06   3.0639648e+01
   1.6973410e+06   3.0639648e+01
   1.7598160e+06   3.5766602e+01
   1.7789290e+06   3.0578613e+01
   1.8603690e+06   4.1259766e+01
   1.8622070e+06   3.0273438e+01
   2.0288510e+06   3.1188965e+01
   2.0289170e+06   3.4484863e+01
   2.0867370e+06   2.9479980e+01
   2.0874550e+06   2.9113770e+01
   2.0903890e+06   2.8564453e+01
   2.1601200e+06   2.8564453e+01
   2.1638700e+06   2.8930664e+01
   2.3324700e+06   3.0700684e+01
   2.5080990e+06   3.1188965e+01
   2.5221570e+06   2.8991699e+01
   2.5379380e+06   2.9479980e+01
   2.6893600e+06   2.8625488e+01
   2.7770730e+06   3.0883789e+01
   2.7938100e+06   2.9296875e+01
   2.8679630e+06   3.1921387e+01
   3.0369740e+06   2.9357910e+01
   3.0586470e+06   3.5217285e+01
   3.0602450e+06   3.0090332e+01
   3.0969560e+06   2.8930664e+01
   3.1765270e+06   2.8747559e+01
   3.1767930e+06   2.8747559e+01
   3.2033620e+06   3.1005859e+01
   3.2690430e+06   3.1982422e+01
   3.2694200e+06   2.9724121e+01
   3.2850350e+06   3.0151367e+01
   3.3524030e+06   3.0212402e+01
   3.4158610e+06   3.0029297e+01
   3.4536920e+06   2.8930664e+01
   3.4782960e+06   3.0822754e+01
   3.4798570e+06   3.3508301e+01
   3.5674060e+06   3.3020020e+01
   3.5675440e+06   2.9968262e+01
   3.5679940e+06   3.1616211e+01
   3.6345290e+06   2.9602051e+01
   3.6352880e+06   3.0822754e+01
   3.6389460e+06   2.8991699e+01
   3.6933430e+06   2.9296875e+01
   3.7225910e+06   3.0456543e+01
   3.7428660e+06   3.0029297e+01
   3.7643400e+06   2.9846191e+01
   3.7943180e+06   2.8808594e+01
   3.8463950e+06   2.8930664e+01
   3.9136870e+06   2.9846191e+01
   4.2504860e+06   3.0151367e+01
   4.4080060e+06   3.0456543e+01
   4.4343090e+06   3.0822754e+01
   4.4470610e+06   2.9357910e+01
   4.4937540e+06   2.8686523e+01
   4.6392560e+06   3.2958984e+01
   4.7172680e+06   2.9174805e+01
   4.7746170e+06   2.9663086e+01
   4.7858310e+06   3.2470703e+01
   4.7865800e+06   2.8625488e+01
   4.7926910e+06   3.0029297e+01
   4.7928280e+06   3.0273438e+01
   4.8083860e+06   3.3447266e+01
   4.8226470e+06   2.9968262e+01
   4.8782310e+06   3.0029297e+01
   5.1032630e+06   3.2165527e+01
   5.1037240e+06   2.8808594e+01
   5.1259980e+06   2.9663086e+01
   5.1262700e+06   3.2531738e+01
   5.3338670e+06   2.9418945e+01
   5.3451050e+06   2.8625488e+01
   5.4474980e+06   3.1372070e+01
   5.4620070e+06   3.6499023e+01
   5.5810430e+06   2.9052734e+01
   5.6372330e+06   3.0517578e+01
   5.6372560e+06   3.3386230e+01
   5.6388390e+06   3.0395508e+01
   5.8041430e+06   3.0639648e+01
   5.8761810e+06   3.0822754e+01
   5.8762440e+06   3.3264160e+01
   5.9811680e+06   2.8869629e+01
   6.0959330e+06   3.0273438e+01
   6.1706670e+06   2.8686523e+01
   6.2075590e+06   2.9968262e+01
   6.2288120e+06   3.5095215e+01
   6.3264240e+06   3.2043457e+01
   6.3810900e+06   3.1433105e+01
   6.4144190e+06   2.8747559e+01
   6.4547900e+06   2.9418945e+01
   6.5170550e+06   2.9052734e+01
   6.5195520e+06   2.9357910e+01
   6.5207610e+06   2.8991699e+01
   6.5209900e+06   2.8686523e+01
   6.5473450e+06   2.8747559e+01
   6.5802270e+06   3.0029297e+01
   6.6339160e+06   2.8564453e+01
   6.6595950e+06   2.9052734e+01
   6.6754450e+06   3.2714844e+01
   6.6904200e+06   2.8747559e+01
   6.7051590e+06   2.9602051e+01
   6.7112300e+06   2.8442383e+01
   6.8033340e+06   2.9174805e+01
   6.8197280e+06   3.1188965e+01
   6.8678720e+06   2.9602051e+01
   6.8681410e+06   2.8991699e+01
   6.8888380e+06   2.8564453e+01
   6.9363900e+06   2.8869629e+01
   6.9372660e+06   3.0700684e+01
   7.0317760e+06   3.1494141e+01
   7.0553870e+06   2.8686523e+01
   7.1524640e+06   2.9052734e+01
   7.1747520e+06   2.9296875e+01
   7.2065120e+06   2.9846191e+01
   7.2077440e+06   3.0090332e+01
   7.2370170e+06   3.0090332e+01
   7.2482600e+06   3.1005859e+01
   7.2716750e+06   2.9785156e+01
   7.2723210e+06   2.9113770e+01
   7.3287880e+06   3.1677246e+01
   7.3710400e+06   3.0883789e+01
   7.4622820e+06   3.0700684e+01
   7.5421810e+06   3.0578613e+01
   7.5427810e+06   2.9113770e+01
   7.5434090e+06   3.1250000e+01
   7.6709290e+06   2.8503418e+01
   7.6717550e+06   3.2653809e+01
   7.7227210e+06   3.0151367e+01
   7.7404060e+06   3.1860352e+01
   7.7602550e+06   3.2043457e+01
   7.7603060e+06   2.8747559e+01
   7.7604110e+06   3.2043457e+01
   7.8828140e+06   2.9174805e+01
   8.0913120e+06   2.9235840e+01
   8.0922440e+06   2.8564453e+01
   8.6650190e+06   2.8564453e+01
   8.6656220e+06   2.8442383e+01
   8.7790550e+06   2.8503418e+01
   8.8213170e+06   3.6682129e+01
   8.8213740e+06   3.3569336e+01
   8.8641280e+06   3.1372070e+01
   8.8971740e+06   3.1066895e+01
   8.9648030e+06   2.9541016e+01
   9.0369180e+06   2.8930664e+01
   9.1043000e+06   2.9907227e+01
   9.1272000e+06   3.0883789e+01
   9.1964910e+06   3.2226562e+01
   9.2133990e+06   3.2531738e+01
   9.2358940e+06   3.2409668e+01
   9.2359490e+06   3.0700684e+01
   9.5176050e+06   3.1250000e+01
   9.5182940e+06   2.9235840e+01
   9.5477210e+06   2.9541016e+01
   9.6212270e+06   3.0822754e+01
   9.6578380e+06   2.9724121e+01
   9.6816970e+06   3.1066895e+01
   9.7085700e+06   3.1433105e+01
   9.7091010e+06   2.9357910e+01
   9.7837960e+06   2.9724121e+01
   9.8056060e+06   2.9235840e+01
   9.8122940e+06   2.9602051e+01
   9.8180030e+06   2.9357910e+01
   9.8231810e+06   3.0578613e+01
   9.8701670e+06   3.0029297e+01
   9.8784090e+06   3.0395508e+01
   9.9475770e+06   2.8747559e+01
   1.0078772e+07   3.1005859e+01
   1.0170829e+07   2.9785156e+01
   1.0182834e+07   3.4790039e+01
   1.0278693e+07   2.9602051e+01
   1.0336067e+07   3.0517578e+01
   1.0420070e+07   2.9785156e+01
   1.0420948e+07   3.1372070e+01
   1.0620973e+07   2.8808594e+01
   1.0652310e+07   2.9907227e+01
   1.0681780e+07   2.9174805e+01
   1.0762678e+07   2.9357910e+01
   1.1046219e+07   3.3813477e+01
   1.1046236e+07   3.5583496e+01
   1.1046335e+07   4.2724609e+01
   1.1397013e+07   2.9785156e+01
   1.1849404e+07   3.2897949e+01
   1.1950968e+07   3.2409668e+01
