   1.1996000e+07   0.0000000e+00
   4.2085000e+04   4.0771484e+01
   4.2158000e+04   3.3813477e+01
   5.2229000e+04   3.4179688e+01
   1.1486600e+05   3.0700684e+01
   1.1515500e+05   3.1738281e+01
   1.4550900e+05   3.3142090e+01
   1.7183600e+05   3.0273438e+01
   1.7362900e+05   3.0883789e+01
   2.5796800e+05   2.9968262e+01
   3.4607600e+05   3.0334473e+01
   3.4841100e+05   3.5705566e+01
   5.2288500e+05   3.3935547e+01
   6.9370200e+05   3.7597656e+01
   7.3333900e+05   3.1433105e+01
   7.4103900e+05   3.1799316e+01
   7.4227500e+05   3.5278320e+01
   8.3159900e+05   3.0578613e+01
   9.4867000e+05   3.1066895e+01
   9.5888000e+05   3.0944824e+01
   9.6339400e+05   3.1066895e+01
   1.0514470e+06   2.9846191e+01
   1.1196540e+06   3.3264160e+01
   1.3544660e+06   3.1188965e+01
   1.3810320e+06   3.4240723e+01
   1.3828460e+06   3.1250000e+01
   1.3879780e+06   3.0212402e+01
   1.4238170e+06   3.0639648e+01
   1.4241850e+06   3.2470703e+01
   1.5739260e+06   3.1005859e+01
   1.5870920e+06   3.3569336e+01
   1.9186470e+06   3.0822754e+01
   1.9259150e+06   3.0273438e+01
   2.0733250e+06   3.0639648e+01
   2.0752980e+06   3.4484863e+01
   2.1060160e+06   3.0456543e+01
   2.3076290e+06   3.9978027e+01
   2.3078220e+06   3.1799316e+01
   2.4245730e+06   3.0273438e+01
   2.5577260e+06   3.0761719e+01
   2.8680980e+06   3.2287598e+01
   2.9838600e+06   3.1494141e+01
   3.4535520e+06   3.4057617e+01
   3.4536210e+06   3.2775879e+01
   3.7739830e+06   3.4851074e+01
   4.0211110e+06   3.0456543e+01
   4.1701670e+06   3.1921387e+01
   4.1900990e+06   3.1616211e+01
   4.2132720e+06   3.4240723e+01
   4.2315560e+06   3.0395508e+01
   4.4935800e+06   3.4057617e+01
   4.7177890e+06   3.2287598e+01
   4.8865550e+06   3.1005859e+01
   5.1260510e+06   3.3447266e+01
   5.3166760e+06   3.3203125e+01
   5.6524370e+06   3.9733887e+01
   5.6524660e+06   3.1127930e+01
   5.6953550e+06   3.0761719e+01
   6.2075060e+06   3.4729004e+01
   6.2646210e+06   3.3325195e+01
   6.6590290e+06   3.0273438e+01
   7.3287970e+06   3.3508301e+01
   7.4619810e+06   3.1066895e+01
   7.6723630e+06   3.1127930e+01
   7.7237540e+06   3.2470703e+01
   8.3152760e+06   3.1372070e+01
   8.9120000e+06   3.1311035e+01
   9.1045310e+06   3.1860352e+01
   9.2132280e+06   3.1982422e+01
   9.3136580e+06   3.0822754e+01
   9.6579140e+06   3.5888672e+01
   9.8056250e+06   3.2348633e+01
   9.8646230e+06   2.9968262e+01
   9.9968430e+06   3.0395508e+01
   1.0182796e+07   3.0944824e+01
   1.0945715e+07   3.1005859e+01
   1.0953223e+07   2.9968262e+01
   1.1244018e+07   3.1982422e+01
   1.1397043e+07   3.1677246e+01
   1.1436939e+07   3.0395508e+01
   1.1563194e+07   3.0212402e+01
   1.1765773e+07   3.2043457e+01
   1.1777810e+07   2.9907227e+01
