   1.1996000e+07   0.0000000e+00
   2.3135000e+04   3.8330078e+01
   2.3199000e+04   4.9255371e+01
   2.3216000e+04   1.6412354e+02
   2.3258000e+04   7.2387695e+01
   4.1965000e+04   5.9997559e+01
   4.2009000e+04   4.1442871e+01
   4.2046000e+04   4.1503906e+01
   4.2080000e+04   8.6364746e+01
   4.2113000e+04   4.6875000e+01
   4.2136000e+04   5.4260254e+01
   4.2169000e+04   1.8170166e+02
   4.2196000e+04   5.7434082e+01
   4.2208000e+04   5.0170898e+01
   4.2253000e+04   4.0649414e+01
   4.2321000e+04   6.7443848e+01
   4.2411000e+04   3.6987305e+01
   4.2498000e+04   7.5256348e+01
   4.2560000e+04   4.5349121e+01
   4.2616000e+04   5.0964355e+01
   4.2686000e+04   3.6437988e+01
   4.2761000e+04   4.7790527e+01
   4.2785000e+04   4.2114258e+01
   4.2804000e+04   4.9926758e+01
   4.2872000e+04   4.6447754e+01
   4.2920000e+04   4.1015625e+01
   4.3021000e+04   4.9438477e+01
   4.3059000e+04   3.6193848e+01
   4.3268000e+04   5.6152344e+01
   4.3387000e+04   3.9001465e+01
   4.3426000e+04   3.7414551e+01
   4.3519000e+04   4.1809082e+01
   4.3614000e+04   3.6193848e+01
   4.3815000e+04   3.9367676e+01
   5.1894000e+04   1.5228271e+02
   5.2024000e+04   1.5991211e+02
   5.2373000e+04   4.1198730e+01
   5.2569000e+04   4.8828125e+01
   5.2640000e+04   6.8298340e+01
   5.2686000e+04   5.1208496e+01
   5.2873000e+04   8.8256836e+01
   5.2983000e+04   4.1015625e+01
   5.3317000e+04   1.3806152e+02
   5.3365000e+04   3.9184570e+01
   5.3517000e+04   4.1992188e+01
   5.3569000e+04   1.3562012e+02
   5.3975000e+04   3.8757324e+01
   5.4135000e+04   1.5576172e+02
   5.4421000e+04   3.7231445e+01
   5.5283000e+04   1.3989258e+02
   5.6454000e+04   1.3916016e+02
   5.6509000e+04   4.3640137e+01
   5.9049000e+04   3.7231445e+01
   5.9168000e+04   7.1044922e+01
   5.9205000e+04   1.4514160e+02
   5.9367000e+04   4.4189453e+01
   5.9777000e+04   1.3513184e+02
   5.9789000e+04   4.6752930e+01
   6.0062000e+04   3.7109375e+01
   6.0223000e+04   3.9184570e+01
   6.0424000e+04   1.2774658e+02
   6.0598000e+04   3.6560059e+01
   6.2379000e+04   1.3336182e+02
   6.3366000e+04   1.2249756e+02
   7.6180000e+04   1.5661621e+02
   7.6222000e+04   4.3884277e+01
   8.7908000e+04   1.6748047e+02
   8.7923000e+04   3.8085938e+01
   8.7952000e+04   5.0659180e+01
   8.7987000e+04   5.0476074e+01
   8.8006000e+04   7.2509766e+01
   1.1464300e+05   1.5557861e+02
   1.1468900e+05   4.1320801e+01
   1.1471000e+05   5.3039551e+01
   1.1475200e+05   6.0668945e+01
   1.2694200e+05   1.6973877e+02
   1.4471600e+05   1.8438721e+02
   1.4478100e+05   8.1848145e+01
   1.4479500e+05   6.4147949e+01
   1.4553900e+05   4.3334961e+01
   1.4636700e+05   1.6632080e+02
   1.6976000e+05   6.8725586e+01
   1.7051500e+05   1.6528320e+02
   1.7056500e+05   5.9204102e+01
   1.7059900e+05   3.8940430e+01
   1.7061300e+05   5.6823730e+01
   1.7116800e+05   3.9978027e+01
   1.7137800e+05   1.6241455e+02
   1.7159300e+05   1.2445068e+02
   1.7182200e+05   4.0527344e+01
   1.7187000e+05   1.6131592e+02
   1.7189400e+05   4.4494629e+01
   1.7291000e+05   4.7241211e+01
   1.7300500e+05   3.9123535e+01
   1.7321700e+05   1.3806152e+02
   1.7370500e+05   3.9001465e+01
   1.7396600e+05   1.5893555e+02
   1.7462700e+05   1.1645508e+02
   1.7581000e+05   1.4147949e+02
   1.7957300e+05   1.4434814e+02
   1.8159600e+05   1.4062500e+02
   2.5467200e+05   4.6997070e+01
   2.5468300e+05   1.8572998e+02
   2.5553900e+05   1.7169189e+02
   2.5560000e+05   4.6325684e+01
   2.5565100e+05   6.5002441e+01
   2.5663200e+05   1.6290283e+02
   2.5669800e+05   4.0405273e+01
   2.5802100e+05   4.7546387e+01
   2.5805900e+05   1.4935303e+02
   2.5807100e+05   4.1748047e+01
   2.5822000e+05   4.3579102e+01
   2.9338000e+05   1.7919922e+02
   2.9339400e+05   8.6547852e+01
   2.9341500e+05   3.7841797e+01
   2.9346300e+05   4.4555664e+01
   3.2052800e+05   1.8524170e+02
   3.2055900e+05   6.2622070e+01
   3.2066100e+05   9.8937988e+01
   3.2090700e+05   4.3579102e+01
   3.4372900e+05   1.7687988e+02
   3.4411600e+05   3.7597656e+01
   3.4435100e+05   6.0607910e+01
   3.4507300e+05   4.7790527e+01
   3.4522300e+05   3.7292480e+01
   3.4683700e+05   1.7730713e+02
   3.4687100e+05   3.9428711e+01
   3.4699700e+05   4.3518066e+01
   3.4800600e+05   1.6485596e+02
   3.4975300e+05   1.6015625e+02
   3.5018100e+05   1.5368652e+02
   3.5139900e+05   1.5997314e+02
   3.5239600e+05   1.4819336e+02
   3.5297400e+05   1.4263916e+02
   3.5365600e+05   1.4172363e+02
   3.5370100e+05   4.9377441e+01
   3.5473700e+05   1.3012695e+02
   3.5531600e+05   1.3677979e+02
   3.5584000e+05   1.3739014e+02
   3.6422100e+05   1.5051270e+02
   4.9535800e+05   6.4086914e+01
   4.9538900e+05   5.9997559e+01
   4.9540800e+05   5.8471680e+01
   4.9543100e+05   5.4016113e+01
   4.9545400e+05   4.4372559e+01
   4.9546900e+05   3.8208008e+01
   4.9549700e+05   3.6621094e+01
   4.9554800e+05   4.6630859e+01
   4.9555900e+05   3.8330078e+01
   4.9560000e+05   2.3492432e+02
   4.9565500e+05   3.7170410e+01
   4.9568400e+05   3.9306641e+01
   4.9569500e+05   5.3283691e+01
   4.9576600e+05   4.0832520e+01
   4.9578700e+05   6.1828613e+01
   4.9589200e+05   3.6682129e+01
   4.9590600e+05   6.3781738e+01
   4.9593200e+05   4.3395996e+01
   4.9599500e+05   4.8706055e+01
   4.9605100e+05   6.9580078e+01
   4.9616600e+05   5.8105469e+01
   4.9633800e+05   5.0842285e+01
   4.9648800e+05   5.5419922e+01
   4.9655900e+05   3.6743164e+01
   4.9664000e+05   4.2846680e+01
   4.9673400e+05   4.9865723e+01
   4.9682100e+05   5.8959961e+01
   4.9693400e+05   4.7302246e+01
   4.9702600e+05   4.3762207e+01
   4.9718200e+05   4.6142578e+01
   5.0315100e+05   1.7047119e+02
   5.0418300e+05   5.7922363e+01
   5.1021100e+05   1.7163086e+02
   5.2246000e+05   4.8706055e+01
   5.2248400e+05   3.6926270e+01
   5.2252500e+05   6.2255859e+01
   5.2254900e+05   4.0100098e+01
   5.2259600e+05   4.0222168e+01
   5.2261500e+05   4.7607422e+01
   5.2265300e+05   5.4992676e+01
   5.2271700e+05   4.7058105e+01
   5.2273100e+05   6.9580078e+01
   5.2278300e+05   3.6071777e+01
   5.2281200e+05   4.4311523e+01
   5.2290100e+05   5.0720215e+01
   5.2292200e+05   4.6630859e+01
   5.2300600e+05   4.8095703e+01
   5.2302900e+05   5.4382324e+01
   5.2320600e+05   4.8706055e+01
   5.2322200e+05   5.0170898e+01
   5.2345600e+05   6.9152832e+01
   5.2363200e+05   4.2724609e+01
   5.2379600e+05   4.1748047e+01
   5.2397600e+05   4.9316406e+01
   5.2412300e+05   4.7790527e+01
   5.2425600e+05   3.6926270e+01
   5.2438200e+05   3.7109375e+01
   5.2454400e+05   3.6193848e+01
   5.2468500e+05   3.7475586e+01
   5.2471100e+05   4.9926758e+01
   5.2536400e+05   5.8593750e+01
   5.3839100e+05   1.7431641e+02
   5.3849200e+05   3.6193848e+01
   5.5222600e+05   1.8072510e+02
   5.5226400e+05   4.8461914e+01
   5.5231900e+05   4.3762207e+01
   5.9136800e+05   1.8377686e+02
   5.9142500e+05   4.8950195e+01
   5.9149300e+05   6.5979004e+01
   5.9161600e+05   4.1320801e+01
   5.9164500e+05   7.0861816e+01
   5.9169100e+05   3.8391113e+01
   5.9171700e+05   4.4738770e+01
   5.9176700e+05   6.4392090e+01
   6.4379000e+05   7.1655273e+01
   6.4381100e+05   1.6717529e+02
   6.4467100e+05   1.7785645e+02
   6.4471600e+05   6.2744141e+01
   6.4476100e+05   5.4748535e+01
   6.4486300e+05   6.9335938e+01
   6.4492900e+05   6.8664551e+01
   6.4501300e+05   3.8269043e+01
   6.4502400e+05   5.3222656e+01
   6.4507500e+05   4.7546387e+01
   6.4509700e+05   3.8879395e+01
   6.4511500e+05   8.8256836e+01
   6.4517500e+05   3.7963867e+01
   6.4519200e+05   1.7864990e+02
   6.4525500e+05   4.8156738e+01
   6.4526800e+05   4.8645020e+01
   6.4533200e+05   4.6875000e+01
   6.4541300e+05   6.2683105e+01
   6.4550400e+05   6.1950684e+01
   6.4565000e+05   5.3344727e+01
   6.4578600e+05   3.7353516e+01
   6.4588600e+05   4.6386719e+01
   6.4603900e+05   4.1687012e+01
   6.4609400e+05   3.9306641e+01
   6.4618700e+05   4.2236328e+01
   6.4633300e+05   4.3762207e+01
   6.4661300e+05   5.1513672e+01
   6.4667300e+05   3.9306641e+01
   6.6691100e+05   1.8872070e+02
   6.6804200e+05   1.5222168e+02
   6.7485300e+05   1.6741943e+02
   6.8404600e+05   1.6882324e+02
   6.8546500e+05   1.6687012e+02
   6.9034300e+05   1.6906738e+02
   6.9296800e+05   1.7907715e+02
   6.9375200e+05   1.6497803e+02
   6.9389000e+05   7.3364258e+01
   6.9485300e+05   1.4050293e+02
   6.9499600e+05   3.6987305e+01
   6.9644100e+05   1.4685059e+02
   7.0203800e+05   1.4764404e+02
   7.3211400e+05   1.8463135e+02
   7.3219600e+05   4.7058105e+01
   7.3319500e+05   1.5490723e+02
   7.3368700e+05   1.6589355e+02
   7.4207000e+05   1.5325928e+02
   8.0868400e+05   4.6142578e+01
   8.0869500e+05   3.7536621e+01
   8.0872700e+05   1.7193604e+02
   8.0874200e+05   4.5227051e+01
   8.0882700e+05   6.7016602e+01
   8.1035400e+05   1.7376709e+02
   8.1078700e+05   1.4672852e+02
   8.1092400e+05   1.2274170e+02
   8.1226500e+05   1.3647461e+02
   8.1342000e+05   1.4898682e+02
   8.3126900e+05   1.5307617e+02
   9.4851600e+05   6.1096191e+01
   9.4855800e+05   5.0659180e+01
   9.4859000e+05   3.8513184e+01
   9.4860800e+05   6.5734863e+01
   9.4868800e+05   4.8278809e+01
   9.4869800e+05   4.6630859e+01
   9.4875400e+05   3.8208008e+01
   9.4877700e+05   1.8029785e+02
   9.4881900e+05   7.9467773e+01
   9.4895300e+05   4.1442871e+01
   9.4905500e+05   5.4260254e+01
   9.4908400e+05   4.5227051e+01
   9.4932000e+05   5.2734375e+01
   9.4937800e+05   3.8452148e+01
   9.4947600e+05   4.9621582e+01
   9.4950400e+05   3.9428711e+01
   9.4961400e+05   5.7006836e+01
   9.4964400e+05   3.7109375e+01
   9.4982400e+05   4.7302246e+01
   9.4995700e+05   4.3884277e+01
   9.4999100e+05   3.9550781e+01
   9.5009600e+05   4.2663574e+01
   9.5026900e+05   3.7658691e+01
   9.5042100e+05   4.0161133e+01
   9.5063600e+05   4.4067383e+01
   9.5877100e+05   9.3261719e+01
   9.5878400e+05   3.6621094e+01
   9.5883400e+05   5.1452637e+01
   9.5885000e+05   3.6010742e+01
   9.5886700e+05   4.4189453e+01
   9.5891500e+05   3.6743164e+01
   9.5893500e+05   4.2297363e+01
   9.5898400e+05   3.7536621e+01
   9.5901700e+05   8.3557129e+01
   9.5902900e+05   6.5795898e+01
   9.5911400e+05   7.6660156e+01
   9.5919000e+05   4.3029785e+01
   9.5923900e+05   4.6081543e+01
   9.5930300e+05   3.6376953e+01
   9.5940900e+05   5.5358887e+01
   9.5953500e+05   3.7170410e+01
   9.5955000e+05   6.2072754e+01
   9.5968900e+05   4.9316406e+01
   9.5984000e+05   4.9682617e+01
   9.5985300e+05   4.4860840e+01
   9.6008000e+05   3.7292480e+01
   9.6010100e+05   5.7739258e+01
   9.6027100e+05   7.1655273e+01
   9.6041700e+05   3.7109375e+01
   9.6057400e+05   4.3640137e+01
   9.6089800e+05   4.0039062e+01
   9.6101200e+05   4.6203613e+01
   9.6103500e+05   1.7010498e+02
   9.6113200e+05   4.2846680e+01
   9.6256300e+05   1.7864990e+02
   9.6276700e+05   3.7719727e+01
   9.6318200e+05   1.4904785e+02
   9.6326000e+05   4.2175293e+01
   9.6347100e+05   3.8513184e+01
   9.6350700e+05   1.4550781e+02
   9.6375400e+05   9.1613770e+01
   9.6381900e+05   4.7546387e+01
   9.6391400e+05   4.8706055e+01
   9.6393400e+05   9.3505859e+01
   9.6396200e+05   4.1748047e+01
   9.6401400e+05   5.3161621e+01
   9.6417000e+05   7.0434570e+01
   9.6418300e+05   4.6997070e+01
   9.6421000e+05   4.5837402e+01
   9.6449100e+05   4.8095703e+01
   9.6463600e+05   4.0100098e+01
   9.6470000e+05   8.6791992e+01
   9.6494400e+05   1.0150146e+02
   9.6543100e+05   4.1931152e+01
   9.7189900e+05   7.4340820e+01
   9.7190900e+05   6.8298340e+01
   9.7198400e+05   3.6437988e+01
   9.7201700e+05   1.6320801e+02
   9.7203700e+05   3.8391113e+01
   9.7210500e+05   3.8391113e+01
   9.7212800e+05   4.6508789e+01
   9.7220800e+05   3.7841797e+01
   9.7231500e+05   5.2551270e+01
   9.7251900e+05   5.7922363e+01
   9.7264800e+05   3.6071777e+01
   9.7282600e+05   4.1870117e+01
   9.7300400e+05   4.8217773e+01
   9.7302900e+05   4.9621582e+01
   9.7319000e+05   4.4921875e+01
   9.7354700e+05   3.8024902e+01
   9.7384500e+05   3.6560059e+01
   1.0250000e+06   5.6457520e+01
   1.0250170e+06   1.8457031e+02
   1.0250390e+06   3.9245605e+01
   1.0250730e+06   4.0161133e+01
   1.0250920e+06   5.4931641e+01
   1.0251130e+06   5.0354004e+01
   1.0251760e+06   4.1198730e+01
   1.0251970e+06   4.2602539e+01
   1.0252340e+06   6.1340332e+01
   1.0254650e+06   3.6132812e+01
   1.0514170e+06   4.0039062e+01
   1.0514820e+06   5.8471680e+01
   1.0515170e+06   4.1625977e+01
   1.0515700e+06   5.9570312e+01
   1.0530980e+06   3.8635254e+01
   1.0531700e+06   1.7620850e+02
   1.0544210e+06   1.4801025e+02
   1.0561160e+06   1.4910889e+02
   1.0628210e+06   1.6931152e+02
   1.0675210e+06   1.5533447e+02
   1.0730400e+06   1.4617920e+02
   1.0740980e+06   1.5502930e+02
   1.0770640e+06   1.4892578e+02
   1.1193290e+06   3.9306641e+01
   1.1193500e+06   1.8090820e+02
   1.1194540e+06   1.4099121e+02
   1.1198210e+06   3.8696289e+01
   1.1205140e+06   1.7016602e+02
   1.1211340e+06   1.4843750e+02
   1.1215630e+06   1.3079834e+02
   1.1218820e+06   1.4263916e+02
   1.1223220e+06   1.3671875e+02
   1.1226920e+06   1.3098145e+02
   1.1347110e+06   1.5533447e+02
   1.1354840e+06   1.4929199e+02
   1.1372540e+06   1.6314697e+02
   1.1440780e+06   1.6607666e+02
   1.1451200e+06   1.5411377e+02
   1.1949860e+06   1.6888428e+02
   1.1955120e+06   1.8334961e+02
   1.1957130e+06   3.8940430e+01
   1.1957790e+06   6.6589355e+01
   1.1962550e+06   1.6113281e+02
   1.1971270e+06   1.3897705e+02
   1.1976040e+06   1.4373779e+02
   1.1979220e+06   1.3848877e+02
   1.3543890e+06   7.5317383e+01
   1.3545000e+06   5.5664062e+01
   1.3792200e+06   6.9274902e+01
   1.3812740e+06   1.8218994e+02
   1.3813920e+06   4.0344238e+01
   1.3853630e+06   1.5960693e+02
   1.3920950e+06   1.6125488e+02
   1.3927670e+06   1.6473389e+02
   1.3933730e+06   1.3641357e+02
   1.3962810e+06   1.4593506e+02
   1.3996420e+06   1.4532471e+02
   1.4167370e+06   1.7114258e+02
   1.4179200e+06   1.4837646e+02
   1.4238630e+06   4.0344238e+01
   1.4240850e+06   1.6448975e+02
   1.4244730e+06   3.8452148e+01
   1.4249770e+06   1.5289307e+02
   1.4256140e+06   1.5649414e+02
   1.5618330e+06   6.5246582e+01
   1.5618530e+06   4.3823242e+01
   1.5618870e+06   5.9936523e+01
   1.5619000e+06   4.7180176e+01
   1.5619340e+06   4.6936035e+01
   1.5619820e+06   3.8513184e+01
   1.5620100e+06   4.5104980e+01
   1.5620410e+06   5.8227539e+01
   1.5620970e+06   1.7968750e+02
   1.5621370e+06   4.5104980e+01
   1.5622900e+06   4.4860840e+01
   1.5624190e+06   3.9855957e+01
   1.5624620e+06   5.2001953e+01
   1.5625680e+06   3.8391113e+01
   1.5626210e+06   4.0161133e+01
   1.5626760e+06   4.0100098e+01
   1.5627400e+06   4.1809082e+01
   1.5630530e+06   5.2551270e+01
   1.5630700e+06   3.7597656e+01
   1.5632380e+06   4.7668457e+01
   1.5634230e+06   3.6621094e+01
   1.5634480e+06   3.8330078e+01
   1.5636440e+06   4.6203613e+01
   1.5637990e+06   5.6518555e+01
   1.5639330e+06   3.7475586e+01
   1.5736350e+06   7.7270508e+01
   1.5736690e+06   3.6926270e+01
   1.5737470e+06   6.0791016e+01
   1.5738140e+06   4.4189453e+01
   1.5738420e+06   6.3110352e+01
   1.5738660e+06   4.1564941e+01
   1.5739810e+06   6.3354492e+01
   1.5740840e+06   6.2500000e+01
   1.5741760e+06   5.1086426e+01
   1.5742430e+06   7.2753906e+01
   1.5743520e+06   4.6142578e+01
   1.5744470e+06   4.1198730e+01
   1.5746920e+06   4.8034668e+01
   1.5747320e+06   4.7363281e+01
   1.5749410e+06   4.2724609e+01
   1.5749630e+06   4.1442871e+01
   1.5866590e+06   5.3710938e+01
   1.5870100e+06   7.2937012e+01
   1.5870640e+06   4.1687012e+01
   1.5870750e+06   4.8950195e+01
   1.5871150e+06   5.5969238e+01
   1.5871410e+06   3.8452148e+01
   1.5871970e+06   3.8330078e+01
   1.5872130e+06   4.7119141e+01
   1.5872840e+06   4.5532227e+01
   1.5874590e+06   4.7363281e+01
   1.5876070e+06   4.3884277e+01
   1.5878130e+06   3.9367676e+01
   1.5879930e+06   3.6560059e+01
   1.5884870e+06   3.8574219e+01
   1.5889260e+06   3.9855957e+01
   1.5909760e+06   3.7780762e+01
   1.6020870e+06   1.7163086e+02
   1.6375110e+06   1.7462158e+02
   1.6379360e+06   4.7790527e+01
   1.6379780e+06   1.7071533e+02
   1.6380640e+06   7.2509766e+01
   1.6469010e+06   4.0039062e+01
   1.6964030e+06   1.7462158e+02
   1.6974000e+06   5.8776855e+01
   1.7119310e+06   1.7584229e+02
   1.7597180e+06   6.1706543e+01
   1.7597280e+06   6.9641113e+01
   1.7597730e+06   6.5551758e+01
   1.7598300e+06   6.3293457e+01
   1.7598680e+06   3.9672852e+01
   1.7598950e+06   3.7658691e+01
   1.7599420e+06   3.8757324e+01
   1.7599800e+06   1.5936279e+02
   1.7600380e+06   9.1979980e+01
   1.7601280e+06   6.7260742e+01
   1.7602220e+06   4.3395996e+01
   1.7602660e+06   4.2663574e+01
   1.7603020e+06   5.7983398e+01
   1.7603450e+06   3.6804199e+01
   1.7605280e+06   4.3884277e+01
   1.7605660e+06   5.5603027e+01
   1.7606230e+06   3.6560059e+01
   1.7607350e+06   3.9733887e+01
   1.7608970e+06   4.7851562e+01
   1.7612860e+06   4.3518066e+01
   1.7613120e+06   5.3527832e+01
   1.7614920e+06   5.7617188e+01
   1.7615480e+06   4.9865723e+01
   1.7616530e+06   3.7658691e+01
   1.7617490e+06   3.6987305e+01
   1.7619310e+06   4.5654297e+01
   1.7621230e+06   4.6508789e+01
   1.7623040e+06   4.5715332e+01
   1.7624910e+06   4.5776367e+01
   1.7731680e+06   3.7353516e+01
   1.7743650e+06   1.5716553e+02
   1.7755440e+06   1.6540527e+02
   1.7759070e+06   1.4715576e+02
   1.7764600e+06   1.3671875e+02
   1.7766530e+06   1.2371826e+02
   1.7768380e+06   8.4899902e+01
   1.7803780e+06   1.3079834e+02
   1.8621360e+06   1.7163086e+02
   1.8622700e+06   3.8574219e+01
   1.8827630e+06   1.7462158e+02
   1.9074340e+06   6.8786621e+01
   1.9074540e+06   4.1076660e+01
   1.9074900e+06   4.6752930e+01
   1.9075570e+06   6.0729980e+01
   1.9076510e+06   6.4147949e+01
   1.9077860e+06   4.3884277e+01
   1.9078320e+06   3.7536621e+01
   1.9078530e+06   3.8024902e+01
   1.9079360e+06   5.0659180e+01
   1.9079820e+06   4.5288086e+01
   1.9081760e+06   5.4382324e+01
   1.9083240e+06   6.7138672e+01
   1.9085410e+06   3.6804199e+01
   1.9086720e+06   5.3649902e+01
   1.9088610e+06   4.9194336e+01
   1.9090870e+06   4.9316406e+01
   1.9093500e+06   5.1574707e+01
   1.9095210e+06   4.3640137e+01
   1.9097830e+06   5.4687500e+01
   1.9175800e+06   1.8469238e+02
   1.9176600e+06   4.4494629e+01
   1.9196650e+06   1.4739990e+02
   1.9201780e+06   1.4562988e+02
   1.9221600e+06   1.4453125e+02
   1.9430760e+06   1.6912842e+02
   1.9578420e+06   3.9855957e+01
   1.9578570e+06   1.7224121e+02
   1.9578740e+06   6.9030762e+01
   2.0014670e+06   3.7109375e+01
   2.0287880e+06   2.0867920e+02
   2.0288730e+06   6.4392090e+01
   2.0289630e+06   4.1931152e+01
   2.0434240e+06   1.8334961e+02
   2.0720750e+06   1.8005371e+02
   2.0724560e+06   1.6235352e+02
   2.0739410e+06   1.5539551e+02
   2.0743470e+06   3.6621094e+01
   2.0791000e+06   1.4501953e+02
   2.0797540e+06   1.4782715e+02
   2.0806970e+06   1.4959717e+02
   2.0813010e+06   1.4300537e+02
   2.0816930e+06   1.3031006e+02
   2.0864970e+06   1.3977051e+02
   2.1102240e+06   1.4855957e+02
   2.1105650e+06   1.6058350e+02
   2.1594730e+06   6.5979004e+01
   2.1607180e+06   1.6381836e+02
   2.1608460e+06   4.1198730e+01
   2.1617620e+06   1.6760254e+02
   2.1620180e+06   3.6071777e+01
   2.1625450e+06   1.3818359e+02
   2.1630220e+06   1.3946533e+02
   2.1653110e+06   1.5673828e+02
   2.1832600e+06   1.6760254e+02
   2.2010820e+06   1.5826416e+02
   2.2015480e+06   5.8349609e+01
   2.2033210e+06   1.6625977e+02
   2.2041250e+06   1.5545654e+02
   2.2048540e+06   1.3134766e+02
   2.2127060e+06   1.6094971e+02
   2.2910780e+06   4.1198730e+01
   2.2911260e+06   3.6193848e+01
   2.2911810e+06   4.6875000e+01
   2.2912170e+06   7.2692871e+01
   2.2912400e+06   4.7180176e+01
   2.2913020e+06   4.4738770e+01
   2.2913270e+06   1.7913818e+02
   2.2913650e+06   4.5593262e+01
   2.2914600e+06   5.2062988e+01
   2.2915020e+06   4.9011230e+01
   2.2916140e+06   6.9763184e+01
   2.2916340e+06   4.0832520e+01
   2.2922780e+06   5.5786133e+01
   2.2931860e+06   3.9794922e+01
   2.3076280e+06   4.6630859e+01
   2.3076890e+06   5.1879883e+01
   2.3325230e+06   4.6081543e+01
   2.3325470e+06   1.6363525e+02
   2.3325810e+06   7.4340820e+01
   2.3326010e+06   3.7597656e+01
   2.3506720e+06   4.4677734e+01
   2.3507380e+06   4.1992188e+01
   2.4219420e+06   1.6113281e+02
   2.4252870e+06   1.5832520e+02
   2.4275080e+06   1.5698242e+02
   2.4278070e+06   1.5490723e+02
   2.4312580e+06   1.6418457e+02
   2.4337920e+06   1.5777588e+02
   2.4941860e+06   3.8696289e+01
   2.4942020e+06   1.7749023e+02
   2.4942850e+06   6.1218262e+01
   2.5080050e+06   8.3496094e+01
   2.5080190e+06   4.4433594e+01
   2.5080440e+06   4.1198730e+01
   2.5080690e+06   5.1025391e+01
   2.5081050e+06   3.6437988e+01
   2.5081520e+06   4.2358398e+01
   2.5081740e+06   3.9916992e+01
   2.5082320e+06   5.0476074e+01
   2.5082460e+06   4.6325684e+01
   2.5082610e+06   3.6865234e+01
   2.5082710e+06   1.5527344e+02
   2.5083330e+06   3.6254883e+01
   2.5083470e+06   3.8940430e+01
   2.5084970e+06   6.6345215e+01
   2.5085160e+06   3.8635254e+01
   2.5086340e+06   4.0710449e+01
   2.5099950e+06   4.0405273e+01
   2.5204640e+06   1.7016602e+02
   2.5234100e+06   1.6070557e+02
   2.5242650e+06   1.6223145e+02
   2.5306910e+06   1.5301514e+02
   2.5307380e+06   7.5500488e+01
   2.5397730e+06   4.1198730e+01
   2.5571680e+06   6.3354492e+01
   2.5572390e+06   7.8613281e+01
   2.5572530e+06   3.8085938e+01
   2.5573300e+06   4.1931152e+01
   2.5573570e+06   4.2419434e+01
   2.5573890e+06   4.8156738e+01
   2.5574080e+06   3.6499023e+01
   2.5574560e+06   4.8522949e+01
   2.5574730e+06   8.8562012e+01
   2.5576280e+06   6.7687988e+01
   2.5578480e+06   3.9489746e+01
   2.5580120e+06   4.0283203e+01
   2.5582910e+06   4.6752930e+01
   2.5589590e+06   1.5710449e+02
   2.6163870e+06   1.8048096e+02
   2.6165370e+06   3.9001465e+01
   2.6762800e+06   1.8078613e+02
   2.6796410e+06   1.5722656e+02
   2.6821820e+06   1.6699219e+02
   2.6842900e+06   1.5417480e+02
   2.6858410e+06   1.4715576e+02
   2.6889970e+06   1.4819336e+02
   2.6977640e+06   1.7095947e+02
   2.7067740e+06   1.7694092e+02
   2.7113410e+06   5.0903320e+01
   2.7769680e+06   4.1748047e+01
   2.7769860e+06   8.2336426e+01
   2.7770350e+06   5.7067871e+01
   2.7770790e+06   4.1320801e+01
   2.7771000e+06   3.6132812e+01
   2.7771360e+06   5.6640625e+01
   2.7771490e+06   6.2194824e+01
   2.7772160e+06   4.7363281e+01
   2.7772370e+06   3.6315918e+01
   2.7772640e+06   1.6607666e+02
   2.7773290e+06   4.7729492e+01
   2.7774230e+06   5.8959961e+01
   2.7774450e+06   5.8410645e+01
   2.7775420e+06   3.9550781e+01
   2.7776010e+06   3.7658691e+01
   2.7781640e+06   3.6254883e+01
   2.7786170e+06   3.9978027e+01
   2.7919800e+06   3.9367676e+01
   2.7920150e+06   1.6387939e+02
   2.7920940e+06   4.8583984e+01
   2.7951690e+06   1.6662598e+02
   2.7976540e+06   1.4721680e+02
   2.8678280e+06   6.0913086e+01
   2.8678690e+06   3.6193848e+01
   2.8679260e+06   8.7280273e+01
   2.8679680e+06   4.0344238e+01
   2.8680230e+06   3.8635254e+01
   2.8680370e+06   6.4331055e+01
   2.8681200e+06   3.6804199e+01
   2.8681940e+06   4.6691895e+01
   2.8682360e+06   3.7170410e+01
   2.8682470e+06   5.4809570e+01
   2.8682650e+06   5.4809570e+01
   2.8684460e+06   4.6203613e+01
   2.8684680e+06   5.0170898e+01
   2.8688670e+06   3.8452148e+01
   2.8844300e+06   7.2082520e+01
   2.8844860e+06   4.7180176e+01
   2.8845160e+06   3.7353516e+01
   2.8859660e+06   1.8127441e+02
   2.8868110e+06   1.7272949e+02
   2.8874410e+06   1.5112305e+02
   2.8913470e+06   1.6400146e+02
   2.8914340e+06   3.7658691e+01
   2.9009880e+06   1.4276123e+02
   2.9047120e+06   1.5936279e+02
   2.9309280e+06   1.4971924e+02
   2.9309510e+06   3.7841797e+01
   2.9314690e+06   1.5362549e+02
   2.9318610e+06   1.4837646e+02
   2.9835770e+06   4.0039062e+01
   2.9836010e+06   4.4738770e+01
   2.9836550e+06   9.3322754e+01
   2.9836710e+06   3.8757324e+01
   2.9837410e+06   3.6376953e+01
   2.9838420e+06   3.9855957e+01
   2.9839710e+06   3.6315918e+01
   2.9840240e+06   5.4443359e+01
   2.9841180e+06   4.0039062e+01
   3.0370100e+06   1.6729736e+02
   3.0370500e+06   5.9204102e+01
   3.0372090e+06   3.8085938e+01
   3.0575220e+06   1.6741943e+02
   3.0593770e+06   3.7292480e+01
   3.0965810e+06   6.5063477e+01
   3.0968030e+06   3.6499023e+01
   3.1621440e+06   5.2917480e+01
   3.1621860e+06   7.1716309e+01
   3.1622330e+06   4.2541504e+01
   3.1622640e+06   3.7841797e+01
   3.1622980e+06   4.9316406e+01
   3.1623740e+06   3.9794922e+01
   3.1623970e+06   7.8857422e+01
   3.1624680e+06   5.2734375e+01
   3.1625830e+06   3.6682129e+01
   3.1627560e+06   4.0527344e+01
   3.1632690e+06   5.7312012e+01
   3.1632970e+06   3.6499023e+01
   3.1764560e+06   1.6949463e+02
   3.1770100e+06   4.3029785e+01
   3.1919010e+06   1.7388916e+02
   3.2145720e+06   1.6156006e+02
   3.2479690e+06   3.8024902e+01
   3.2650440e+06   3.8940430e+01
   3.2651520e+06   3.8085938e+01
   3.2881810e+06   1.6418457e+02
   3.3486260e+06   4.1015625e+01
   3.3486500e+06   3.8330078e+01
   3.3637030e+06   1.6589355e+02
   3.3693360e+06   1.6247559e+02
   3.4159650e+06   3.9611816e+01
   3.4159840e+06   1.5899658e+02
   3.4160580e+06   3.6621094e+01
   3.4160990e+06   6.9091797e+01
   3.4162140e+06   3.7231445e+01
   3.4534020e+06   5.2062988e+01
   3.4534590e+06   4.5898438e+01
   3.4534890e+06   5.2917480e+01
   3.4535050e+06   5.8288574e+01
   3.4535180e+06   3.7170410e+01
   3.4535620e+06   3.7170410e+01
   3.4535790e+06   5.8349609e+01
   3.4536520e+06   1.1767578e+02
   3.4536810e+06   8.2946777e+01
   3.4537820e+06   5.5297852e+01
   3.4538430e+06   4.2541504e+01
   3.4539170e+06   3.7109375e+01
   3.4540520e+06   7.7758789e+01
   3.4542510e+06   3.9062500e+01
   3.4542630e+06   4.7668457e+01
   3.4543960e+06   4.6997070e+01
   3.4545350e+06   3.7963867e+01
   3.4546930e+06   3.7170410e+01
   3.4548410e+06   3.6193848e+01
   3.4550010e+06   4.4616699e+01
   3.4551820e+06   6.2927246e+01
   3.4553470e+06   4.4738770e+01
   3.4556210e+06   4.1076660e+01
   3.4725690e+06   4.2297363e+01
   3.4726300e+06   5.1940918e+01
   3.4727360e+06   4.4250488e+01
   3.4729850e+06   6.1889648e+01
   3.4874780e+06   1.6467285e+02
   3.4876340e+06   6.4453125e+01
   3.4876600e+06   5.7189941e+01
   3.5010540e+06   6.6833496e+01
   3.5010900e+06   3.8696289e+01
   3.5011270e+06   3.9245605e+01
   3.5011900e+06   6.6894531e+01
   3.5012570e+06   3.7658691e+01
   3.5012800e+06   4.3212891e+01
   3.5012930e+06   6.3964844e+01
   3.5013540e+06   3.9916992e+01
   3.5014130e+06   6.0913086e+01
   3.5018370e+06   3.8940430e+01
   3.5680590e+06   1.7150879e+02
   3.5682490e+06   4.4372559e+01
   3.5683320e+06   6.5795898e+01
   3.5807430e+06   1.6314697e+02
   3.6339770e+06   1.4074707e+02
   3.6346700e+06   6.5368652e+01
   3.6350440e+06   3.9550781e+01
   3.6356950e+06   4.3762207e+01
   3.6934280e+06   5.5114746e+01
   3.6935150e+06   5.9631348e+01
   3.6977830e+06   1.6491699e+02
   3.7422990e+06   1.7681885e+02
   3.7634260e+06   1.7028809e+02
   3.7643140e+06   3.6376953e+01
   3.7737910e+06   4.7607422e+01
   3.7738420e+06   4.7058105e+01
   3.7738770e+06   4.4799805e+01
   3.7738950e+06   5.0048828e+01
   3.7739670e+06   6.5368652e+01
   3.7740140e+06   5.4626465e+01
   3.7740310e+06   1.4166260e+02
   3.7741130e+06   5.7617188e+01
   3.7742020e+06   4.4250488e+01
   3.7743360e+06   7.5927734e+01
   3.7745180e+06   5.5480957e+01
   3.7747590e+06   4.3518066e+01
   3.7749990e+06   4.9377441e+01
   3.7753450e+06   4.4799805e+01
   3.7755920e+06   4.2846680e+01
   3.7756810e+06   3.7536621e+01
   3.7758090e+06   3.8940430e+01
   3.7760450e+06   4.0649414e+01
   3.7918510e+06   1.7449951e+02
   3.7937300e+06   4.9804688e+01
   3.7938540e+06   3.7780762e+01
   3.7943030e+06   3.9367676e+01
   3.7943750e+06   3.6865234e+01
   3.7948110e+06   3.6621094e+01
   3.7953590e+06   3.6376953e+01
   3.8248390e+06   8.2702637e+01
   3.8248880e+06   4.6813965e+01
   3.8249360e+06   4.2663574e+01
   3.8249820e+06   6.9885254e+01
   3.8250110e+06   5.1147461e+01
   3.8250990e+06   5.3710938e+01
   3.8251150e+06   1.8054199e+02
   3.8251560e+06   5.6884766e+01
   3.8252260e+06   6.8847656e+01
   3.8253240e+06   7.1594238e+01
   3.8255370e+06   4.8461914e+01
   3.8256170e+06   4.6752930e+01
   3.8256820e+06   4.0039062e+01
   3.8257830e+06   5.3833008e+01
   3.8258040e+06   3.6193848e+01
   3.8258970e+06   3.7292480e+01
   3.8259990e+06   4.4006348e+01
   3.8260150e+06   3.6560059e+01
   3.8263150e+06   4.1625977e+01
   3.8264680e+06   3.7109375e+01
   3.8266320e+06   5.6213379e+01
   3.8464610e+06   1.7120361e+02
   3.8465810e+06   5.7250977e+01
   3.8466030e+06   4.7851562e+01
   3.8466240e+06   6.4453125e+01
   3.8466710e+06   5.3222656e+01
   3.8466960e+06   5.1940918e+01
   3.8467690e+06   3.9245605e+01
   3.8475110e+06   4.6569824e+01
   3.8476200e+06   4.2053223e+01
   3.8636180e+06   1.6705322e+02
   3.8639550e+06   5.8349609e+01
   3.8643380e+06   5.1452637e+01
   3.9137410e+06   1.0260010e+02
   3.9143630e+06   5.5053711e+01
   3.9145020e+06   4.6386719e+01
   3.9900860e+06   1.7565918e+02
   3.9901060e+06   6.3842773e+01
   3.9901340e+06   4.0161133e+01
   3.9901480e+06   7.9589844e+01
   3.9902050e+06   4.4494629e+01
   3.9903250e+06   5.1757812e+01
   4.0182730e+06   8.8928223e+01
   4.0207410e+06   1.6290283e+02
   4.0217360e+06   1.3952637e+02
   4.1195460e+06   1.5631104e+02
   4.1196350e+06   3.9733887e+01
   4.1203190e+06   3.7048340e+01
   4.1211750e+06   3.7963867e+01
   4.1212190e+06   1.6552734e+02
   4.1213480e+06   1.0540771e+02
   4.1214880e+06   6.3354492e+01
   4.1215270e+06   8.0261230e+01
   4.1216060e+06   4.2236328e+01
   4.1217550e+06   3.6743164e+01
   4.1219480e+06   3.6010742e+01
   4.1221400e+06   3.8330078e+01
   4.1509330e+06   1.6381836e+02
   4.1509980e+06   3.8452148e+01
   4.1691270e+06   1.6296387e+02
   4.1703340e+06   4.2785645e+01
   4.1703930e+06   1.4678955e+02
   4.1890640e+06   1.5557861e+02
   4.1891190e+06   3.9001465e+01
   4.1901520e+06   1.6076660e+02
   4.1901780e+06   4.1320801e+01
   4.1902720e+06   4.2053223e+01
   4.2130620e+06   5.9753418e+01
   4.2131130e+06   4.3334961e+01
   4.2131390e+06   4.3395996e+01
   4.2131700e+06   4.4982910e+01
   4.2131930e+06   3.6254883e+01
   4.2132520e+06   7.7087402e+01
   4.2132680e+06   4.4372559e+01
   4.2132980e+06   3.6010742e+01
   4.2133450e+06   6.9091797e+01
   4.2133760e+06   4.1748047e+01
   4.2134240e+06   3.6560059e+01
   4.2135500e+06   3.6132812e+01
   4.2137090e+06   4.5654297e+01
   4.2139350e+06   3.8574219e+01
   4.2142500e+06   3.6071777e+01
   4.2151500e+06   3.6376953e+01
   4.2153540e+06   3.9733887e+01
   4.2312570e+06   1.5277100e+02
   4.2314210e+06   5.4443359e+01
   4.2315540e+06   4.0954590e+01
   4.2315860e+06   5.5236816e+01
   4.2316640e+06   6.9030762e+01
   4.2319510e+06   6.8908691e+01
   4.2321850e+06   6.3720703e+01
   4.2502670e+06   4.1198730e+01
   4.2502970e+06   1.4367676e+02
   4.2503120e+06   4.3212891e+01
   4.2503700e+06   1.0723877e+02
   4.2504310e+06   4.5959473e+01
   4.2504410e+06   4.0466309e+01
   4.2505750e+06   3.6560059e+01
   4.2511290e+06   4.2785645e+01
   4.2705030e+06   1.7248535e+02
   4.2705420e+06   7.0434570e+01
   4.2706050e+06   5.5053711e+01
   4.2707340e+06   4.8767090e+01
   4.2956270e+06   2.1423340e+02
   4.2956870e+06   4.9255371e+01
   4.2957170e+06   9.7473145e+01
   4.2957720e+06   3.7658691e+01
   4.3683530e+06   6.5429688e+01
   4.3684190e+06   1.7877197e+02
   4.3685780e+06   3.7048340e+01
   4.3686600e+06   4.0832520e+01
   4.3687770e+06   4.2602539e+01
   4.3689160e+06   3.6193848e+01
   4.3691390e+06   4.2602539e+01
   4.3885580e+06   3.5949707e+01
   4.3886500e+06   1.8597412e+02
   4.4080110e+06   3.9733887e+01
   4.4080670e+06   1.6839600e+02
   4.4081290e+06   4.0649414e+01
   4.4343670e+06   1.6668701e+02
   4.4344200e+06   4.7607422e+01
   4.4344700e+06   5.7434082e+01
   4.4345440e+06   4.5227051e+01
   4.4473120e+06   1.5216064e+02
   4.4478960e+06   1.4630127e+02
   4.4480590e+06   5.0170898e+01
   4.4749040e+06   6.0668945e+01
   4.4749990e+06   1.4636230e+02
   4.4766320e+06   1.4959717e+02
   4.4769110e+06   3.8452148e+01
   4.4771830e+06   5.1513672e+01
   4.4772050e+06   1.4324951e+02
   4.5208820e+06   4.4921875e+01
   4.5522770e+06   4.1503906e+01
   4.5724810e+06   4.2480469e+01
   4.5737820e+06   1.6363525e+02
   4.5746680e+06   1.6027832e+02
   4.6107740e+06   4.4555664e+01
   4.6123010e+06   1.5887451e+02
   4.6123840e+06   3.8757324e+01
   4.6125070e+06   4.0222168e+01
   4.6351260e+06   1.7413330e+02
   4.6364540e+06   5.1452637e+01
   4.6366860e+06   1.4117432e+02
   4.6422720e+06   1.5789795e+02
   4.6482650e+06   1.5216064e+02
   4.6819370e+06   4.1748047e+01
   4.6819790e+06   4.9987793e+01
   4.6821680e+06   3.7719727e+01
   4.7157440e+06   1.6394043e+02
   4.7171800e+06   1.6308594e+02
   4.7177070e+06   1.4471436e+02
   4.7218530e+06   1.5258789e+02
   4.7280650e+06   1.5106201e+02
   4.7292070e+06   1.5386963e+02
   4.7316420e+06   1.4520264e+02
   4.7350040e+06   1.4648437e+02
   4.7359760e+06   1.3293457e+02
   4.7746740e+06   1.6668701e+02
   4.7806690e+06   7.7697754e+01
   4.7810560e+06   3.5949707e+01
   4.7852110e+06   3.6621094e+01
   4.7857380e+06   1.6033936e+02
   4.7865440e+06   1.5240479e+02
   4.7927860e+06   1.4990234e+02
   4.8003300e+06   1.0583496e+02
   4.8085100e+06   4.1992188e+01
   4.8144450e+06   4.1259766e+01
   4.8144770e+06   1.7028809e+02
   4.8226880e+06   1.6271973e+02
   4.8248540e+06   1.4379883e+02
   4.8262730e+06   1.4709473e+02
   4.8714050e+06   1.6778564e+02
   4.8718530e+06   1.5533447e+02
   4.8718730e+06   5.4321289e+01
   4.8718840e+06   4.1442871e+01
   4.8719710e+06   4.9255371e+01
   4.8750950e+06   1.4508057e+02
   4.8768920e+06   1.4007568e+02
   4.8781950e+06   1.3629150e+02
   4.8813570e+06   1.4434814e+02
   4.8831600e+06   3.6926270e+01
   4.8858790e+06   1.5423584e+02
   4.8869990e+06   1.4172363e+02
   4.8907040e+06   1.5356445e+02
   4.8956800e+06   1.5002441e+02
   4.8968500e+06   1.4172363e+02
   4.8977690e+06   1.3250732e+02
   4.8980680e+06   1.1016846e+02
   4.9709350e+06   1.5777588e+02
   4.9709570e+06   6.1279297e+01
   4.9709870e+06   3.8940430e+01
   4.9710130e+06   3.9123535e+01
   4.9710380e+06   4.8400879e+01
   4.9711000e+06   4.2724609e+01
   5.0024440e+06   1.6284180e+02
   5.0158830e+06   1.5551758e+02
   5.0171410e+06   1.6485596e+02
   5.0171810e+06   7.1838379e+01
   5.0172390e+06   5.0964355e+01
   5.0576970e+06   4.4677734e+01
   5.0577630e+06   6.0913086e+01
   5.0577800e+06   5.5541992e+01
   5.0578430e+06   4.2785645e+01
   5.0578600e+06   3.9794922e+01
   5.0579190e+06   3.7780762e+01
   5.0579320e+06   4.4128418e+01
   5.0579960e+06   3.6193848e+01
   5.0580140e+06   4.5166016e+01
   5.0580540e+06   4.1015625e+01
   5.0581120e+06   4.4860840e+01
   5.0581760e+06   3.9001465e+01
   5.0584270e+06   3.6926270e+01
   5.0585800e+06   3.8330078e+01
   5.0587680e+06   4.2114258e+01
   5.0589500e+06   3.7353516e+01
   5.0590230e+06   4.3212891e+01
   5.0591180e+06   4.1687012e+01
   5.0592930e+06   5.4016113e+01
   5.0594570e+06   4.2541504e+01
   5.0595910e+06   5.0476074e+01
   5.0596430e+06   4.0039062e+01
   5.0598300e+06   3.8269043e+01
   5.0598620e+06   4.4494629e+01
   5.0601520e+06   4.9987793e+01
   5.0641410e+06   1.5747070e+02
   5.0642750e+06   3.6315918e+01
   5.0643970e+06   3.6132812e+01
   5.0646000e+06   4.1992187e+01
   5.0647820e+06   1.5588379e+02
   5.0649390e+06   3.8635254e+01
   5.0650430e+06   1.2707520e+02
   5.0651030e+06   3.7902832e+01
   5.0651680e+06   4.6936035e+01
   5.0653960e+06   3.7292480e+01
   5.0654710e+06   1.0736084e+02
   5.0655450e+06   4.0893555e+01
   5.0657110e+06   5.1940918e+01
   5.0662900e+06   1.2188721e+02
   5.0825480e+06   4.8583984e+01
   5.0825670e+06   1.4617920e+02
   5.0825900e+06   7.3425293e+01
   5.0826400e+06   4.5288086e+01
   5.0826620e+06   7.0739746e+01
   5.0827130e+06   4.0344238e+01
   5.0827560e+06   4.1687012e+01
   5.0828310e+06   3.6865234e+01
   5.0828730e+06   3.8452148e+01
   5.0829270e+06   7.6049805e+01
   5.0830770e+06   4.6081543e+01
   5.0831670e+06   5.8715820e+01
   5.0832250e+06   3.7109375e+01
   5.0834710e+06   3.9733887e+01
   5.0836420e+06   4.6081543e+01
   5.0838680e+06   4.0954590e+01
   5.0838810e+06   6.3659668e+01
   5.0842560e+06   4.7058105e+01
   5.1030490e+06   4.5349121e+01
   5.1031080e+06   6.1401367e+01
   5.1031360e+06   6.6772461e+01
   5.1031730e+06   3.8269043e+01
   5.1032120e+06   4.0649414e+01
   5.1033010e+06   3.9001465e+01
   5.1034330e+06   3.8635254e+01
   5.1034580e+06   3.6315918e+01
   5.1035020e+06   4.8767090e+01
   5.1035710e+06   3.7292480e+01
   5.1036870e+06   3.9611816e+01
   5.1037850e+06   5.6396484e+01
   5.1038870e+06   3.5949707e+01
   5.1260390e+06   1.6125488e+02
   5.1260490e+06   8.9050293e+01
   5.1261140e+06   4.4372559e+01
   5.1261330e+06   8.6303711e+01
   5.1261930e+06   5.2490234e+01
   5.1265820e+06   3.7170410e+01
   5.1269030e+06   6.1462402e+01
   5.1562410e+06   1.7822266e+02
   5.1562550e+06   5.0292969e+01
   5.1562670e+06   4.7424316e+01
   5.1562940e+06   5.9753418e+01
   5.1563270e+06   8.9355469e+01
   5.1563780e+06   4.7668457e+01
   5.1565930e+06   4.2968750e+01
   5.1570180e+06   3.9306641e+01
   5.2002770e+06   3.9978027e+01
   5.2003620e+06   4.0344238e+01
   5.2004340e+06   1.4721680e+02
   5.2004490e+06   6.2255859e+01
   5.2005840e+06   4.3762207e+01
   5.2454840e+06   4.0222168e+01
   5.2455180e+06   1.7102051e+02
   5.2455650e+06   4.7790527e+01
   5.2455930e+06   5.4504395e+01
   5.2678730e+06   1.5539551e+02
   5.2983730e+06   1.6058350e+02
   5.3160510e+06   1.5667725e+02
   5.3160940e+06   5.3710938e+01
   5.3164230e+06   7.1594238e+01
   5.3165010e+06   3.7719727e+01
   5.3165700e+06   3.6560059e+01
   5.3165960e+06   4.9133301e+01
   5.3167830e+06   3.9672852e+01
   5.3298460e+06   1.4068604e+02
   5.3310240e+06   4.2846680e+01
   5.3311740e+06   1.5539551e+02
   5.3312880e+06   3.8696289e+01
   5.3313410e+06   1.0052490e+02
   5.3333610e+06   1.4739990e+02
   5.3370230e+06   1.4117432e+02
   5.3395620e+06   1.4367676e+02
   5.3864510e+06   4.8156738e+01
   5.3878720e+06   1.6516113e+02
   5.3882630e+06   3.6132812e+01
   5.3892710e+06   1.5222168e+02
   5.4040560e+06   1.5289307e+02
   5.4058600e+06   1.6357422e+02
   5.4473790e+06   6.7199707e+01
   5.4473920e+06   4.3640137e+01
   5.4474280e+06   4.7668457e+01
   5.4474400e+06   7.0068359e+01
   5.4474950e+06   4.1992188e+01
   5.4476330e+06   5.5664062e+01
   5.4476660e+06   5.2429199e+01
   5.4476910e+06   1.4465332e+02
   5.4477220e+06   4.1198730e+01
   5.4477920e+06   4.5715332e+01
   5.4478280e+06   4.8339844e+01
   5.4479440e+06   3.8635254e+01
   5.4490970e+06   3.6987305e+01
   5.4519760e+06   1.7913818e+02
   5.4520500e+06   3.7170410e+01
   5.4520680e+06   5.6884766e+01
   5.4620750e+06   1.5655518e+02
   5.4621560e+06   4.1870117e+01
   5.4665660e+06   1.6278076e+02
   5.4708660e+06   1.5039062e+02
   5.4710740e+06   3.6315918e+01
   5.5002490e+06   3.6743164e+01
   5.5003070e+06   1.5594482e+02
   5.5003820e+06   6.0241699e+01
   5.5006680e+06   4.5471191e+01
   5.5082740e+06   1.6455078e+02
   5.5083020e+06   4.2724609e+01
   5.5104560e+06   1.6497803e+02
   5.5144060e+06   3.9123535e+01
   5.5144710e+06   1.5173340e+02
   5.5180770e+06   1.4129639e+02
   5.6354670e+06   5.5358887e+01
   5.6355130e+06   3.6743164e+01
   5.6355300e+06   1.6693115e+02
   5.6359470e+06   3.9001465e+01
   5.6360480e+06   3.6132812e+01
   5.6377000e+06   4.1259766e+01
   5.6387570e+06   1.4245605e+02
   5.6388850e+06   3.9001465e+01
   5.6522540e+06   4.9499512e+01
   5.6522820e+06   4.8889160e+01
   5.6523460e+06   4.4677734e+01
   5.6523930e+06   4.0039062e+01
   5.6524070e+06   4.0283203e+01
   5.6524770e+06   6.3110352e+01
   5.6524910e+06   6.6894531e+01
   5.6525070e+06   1.6931152e+02
   5.6525480e+06   4.1992188e+01
   5.6526740e+06   4.1748047e+01
   5.6527530e+06   5.2612305e+01
   5.6529910e+06   4.4921875e+01
   5.6532230e+06   3.7353516e+01
   5.6536200e+06   5.1025391e+01
   5.6537640e+06   6.7077637e+01
   5.6539600e+06   5.7922363e+01
   5.6541850e+06   4.5532227e+01
   5.6542480e+06   4.0222168e+01
   5.6704300e+06   3.8574219e+01
   5.6704630e+06   4.2053223e+01
   5.6704930e+06   4.1992188e+01
   5.6705200e+06   1.6485596e+02
   5.6705440e+06   4.0588379e+01
   5.6706520e+06   4.8645020e+01
   5.6707130e+06   4.0832520e+01
   5.6708260e+06   3.6437988e+01
   5.6711680e+06   3.6926270e+01
   5.6951420e+06   3.6804199e+01
   5.6951740e+06   1.6058350e+02
   5.6952110e+06   3.6010742e+01
   5.6952780e+06   6.2316895e+01
   5.6953000e+06   4.2907715e+01
   5.6953510e+06   5.6701660e+01
   5.6957190e+06   3.9733887e+01
   5.7771690e+06   1.6601562e+02
   5.7772370e+06   5.9997559e+01
   5.8043690e+06   3.7719727e+01
   5.8062310e+06   1.5820312e+02
   5.8080940e+06   1.5460205e+02
   5.8089250e+06   4.2541504e+01
   5.8089650e+06   1.4343262e+02
   5.8091250e+06   9.8266602e+01
   5.8252730e+06   1.4257812e+02
   5.8281750e+06   1.5093994e+02
   5.8315340e+06   1.6333008e+02
   5.8323740e+06   1.2628174e+02
   5.8340580e+06   1.2878418e+02
   5.8760790e+06   4.6936035e+01
   5.8761430e+06   5.7006836e+01
   5.8761770e+06   4.1198730e+01
   5.8761920e+06   4.0283203e+01
   5.8762280e+06   5.3527832e+01
   5.8762610e+06   4.0771484e+01
   5.8763190e+06   1.5405273e+02
   5.8763390e+06   3.9733887e+01
   5.8764390e+06   3.6499023e+01
   5.8766160e+06   4.8889160e+01
   5.8770570e+06   4.3395996e+01
   5.8777830e+06   4.9377441e+01
   5.8941530e+06   3.8818359e+01
   5.8941750e+06   1.4825439e+02
   5.8942080e+06   4.4006348e+01
   5.8942880e+06   5.9570312e+01
   5.9280110e+06   4.7546387e+01
   5.9280500e+06   1.5985107e+02
   5.9280690e+06   5.6152344e+01
   5.9281980e+06   4.2480469e+01
   5.9811990e+06   1.5325928e+02
   5.9817700e+06   6.3049316e+01
   6.0139040e+06   5.8288574e+01
   6.0139970e+06   1.5588379e+02
   6.0155740e+06   3.6865234e+01
   6.0156200e+06   1.5118408e+02
   6.0156790e+06   4.5349121e+01
   6.0161330e+06   6.0241699e+01
   6.0546080e+06   1.5844727e+02
   6.0554310e+06   1.5460205e+02
   6.0958930e+06   1.6186523e+02
   6.0973480e+06   1.4343262e+02
   6.0979200e+06   4.7363281e+01
   6.0979370e+06   1.4837646e+02
   6.1241170e+06   4.1503906e+01
   6.1242350e+06   1.6156006e+02
   6.1375420e+06   1.5289307e+02
   6.1387920e+06   1.3909912e+02
   6.1393360e+06   3.6499023e+01
   6.1393540e+06   1.5728760e+02
   6.1684390e+06   1.5765381e+02
   6.2073390e+06   3.7475586e+01
   6.2074030e+06   1.3793945e+02
   6.2074440e+06   3.9245605e+01
   6.2074570e+06   5.5175781e+01
   6.2075540e+06   4.2297363e+01
   6.2093180e+06   1.5679932e+02
   6.2287220e+06   4.0771484e+01
   6.2287370e+06   3.7109375e+01
   6.2287950e+06   5.5297852e+01
   6.2288700e+06   4.4006348e+01
   6.2288870e+06   3.6132812e+01
   6.2289580e+06   2.0965576e+02
   6.2289920e+06   3.5949707e+01
   6.2291250e+06   5.9326172e+01
   6.2293070e+06   4.3457031e+01
   6.2293430e+06   3.7109375e+01
   6.2293840e+06   6.1523438e+01
   6.2295620e+06   4.4189453e+01
   6.2297560e+06   4.7119141e+01
   6.2299550e+06   4.7424316e+01
   6.2300870e+06   4.2846680e+01
   6.2302880e+06   4.0283203e+01
   6.2303730e+06   3.8269043e+01
   6.2304770e+06   4.6691895e+01
   6.2306360e+06   4.3457031e+01
   6.2308050e+06   3.7353516e+01
   6.2309800e+06   4.1870117e+01
   6.2315520e+06   4.3090820e+01
   6.2449720e+06   3.8879395e+01
   6.2450060e+06   1.7456055e+02
   6.2450180e+06   7.5500488e+01
   6.2450690e+06   3.8391113e+01
   6.2451580e+06   3.6743164e+01
   6.2454970e+06   3.8269043e+01
   6.2455160e+06   4.5166016e+01
   6.2643070e+06   3.6254883e+01
   6.2643860e+06   3.8513184e+01
   6.2643970e+06   1.5625000e+02
   6.2644480e+06   6.0668945e+01
   6.2644950e+06   6.4086914e+01
   6.2645380e+06   3.6437988e+01
   6.2649580e+06   8.3312988e+01
   6.2664300e+06   3.6926270e+01
   6.2845380e+06   3.6743164e+01
   6.2846290e+06   1.7602539e+02
   6.2847050e+06   4.7607422e+01
   6.2847790e+06   5.4992676e+01
   6.3054460e+06   5.7189941e+01
   6.3055580e+06   5.3527832e+01
   6.3056140e+06   4.3212891e+01
   6.3263290e+06   5.8105469e+01
   6.3263500e+06   4.7302246e+01
   6.3264150e+06   5.6274414e+01
   6.3264410e+06   3.6499023e+01
   6.3264920e+06   3.9001465e+01
   6.3265080e+06   6.3659668e+01
   6.3265720e+06   1.4508057e+02
   6.3266140e+06   3.7353516e+01
   6.3267370e+06   7.5744629e+01
   6.3268540e+06   4.4433594e+01
   6.3271400e+06   3.7353516e+01
   6.3272080e+06   4.4250488e+01
   6.3273050e+06   3.9184570e+01
   6.3274600e+06   4.7912598e+01
   6.3277120e+06   4.2785645e+01
   6.3278190e+06   3.5766602e+01
   6.3280050e+06   4.7119141e+01
   6.3280480e+06   3.6804199e+01
   6.3282140e+06   4.8095703e+01
   6.3283440e+06   3.5827637e+01
   6.3283650e+06   4.1687012e+01
   6.3285740e+06   4.3457031e+01
   6.3287260e+06   4.0588379e+01
   6.3289290e+06   3.7597656e+01
   6.3292850e+06   4.5227051e+01
   6.3406320e+06   3.6254883e+01
   6.3509130e+06   3.6193848e+01
   6.3509840e+06   1.7285156e+02
   6.3510140e+06   6.5795898e+01
   6.3510240e+06   3.5766602e+01
   6.3510530e+06   3.7902832e+01
   6.3510930e+06   4.0710449e+01
   6.3512280e+06   3.6499023e+01
   6.3514040e+06   5.8288574e+01
   6.3808550e+06   4.7851562e+01
   6.3808660e+06   5.4626465e+01
   6.3808860e+06   1.5350342e+02
   6.3809480e+06   5.5725098e+01
   6.4004630e+06   1.4782715e+02
   6.4004780e+06   3.8024902e+01
   6.4005750e+06   4.0710449e+01
   6.4144150e+06   4.2358398e+01
   6.4144670e+06   4.2419434e+01
   6.4144810e+06   4.8400879e+01
   6.4145400e+06   3.9123535e+01
   6.4146040e+06   4.2907715e+01
   6.4146320e+06   3.7536621e+01
   6.4146910e+06   1.5264893e+02
   6.4547450e+06   4.2297363e+01
   6.4548520e+06   4.4189453e+01
   6.4548810e+06   1.6986084e+02
   6.4886130e+06   1.5820312e+02
   6.5195210e+06   3.7597656e+01
   6.5209860e+06   1.5838623e+02
   6.5471090e+06   1.6027832e+02
   6.5607480e+06   5.0415039e+01
   6.5607630e+06   7.4584961e+01
   6.5608000e+06   3.9855957e+01
   6.5608520e+06   5.9814453e+01
   6.5609290e+06   4.3884277e+01
   6.5609400e+06   4.6325684e+01
   6.5609920e+06   4.5654297e+01
   6.5610360e+06   1.4294434e+02
   6.5610670e+06   6.5917969e+01
   6.5612650e+06   5.9387207e+01
   6.5613590e+06   3.9794922e+01
   6.5614600e+06   3.9978027e+01
   6.5615610e+06   3.6499023e+01
   6.5616920e+06   4.6752930e+01
   6.5620410e+06   5.8227539e+01
   6.5624210e+06   4.2419434e+01
   6.6591160e+06   4.5654297e+01
   6.6758420e+06   4.7058105e+01
   6.6900520e+06   7.7026367e+01
   6.6901270e+06   7.3913574e+01
   6.6901820e+06   3.7170410e+01
   6.6902250e+06   3.9001465e+01
   6.6903200e+06   4.4799805e+01
   6.6903640e+06   1.7675781e+02
   6.7248990e+06   1.5582275e+02
   6.7636860e+06   4.1687012e+01
   6.7640170e+06   3.9733887e+01
   6.7963870e+06   5.5419922e+01
   6.7964140e+06   5.0598145e+01
   6.8176690e+06   1.5496826e+02
   6.8207610e+06   1.4935303e+02
   6.8677290e+06   3.7536621e+01
   6.8678310e+06   6.1401367e+01
   6.8722150e+06   1.4666748e+02
   6.8845090e+06   1.6333008e+02
   6.9011200e+06   3.8085938e+01
   6.9011460e+06   4.9377441e+01
   6.9012120e+06   3.8269043e+01
   6.9012690e+06   3.8513184e+01
   6.9017330e+06   3.9672852e+01
   6.9366710e+06   1.5161133e+02
   6.9737400e+06   4.2236328e+01
   7.0260950e+06   4.0710449e+01
   7.0356020e+06   1.5753174e+02
   7.0548190e+06   4.1137695e+01
   7.1018660e+06   3.5827637e+01
   7.2481340e+06   4.0405273e+01
   7.2481670e+06   6.7443848e+01
   7.2481860e+06   6.4880371e+01
   7.2482230e+06   4.6936035e+01
   7.2482540e+06   4.0100098e+01
   7.2483080e+06   5.8471680e+01
   7.2483590e+06   4.1809082e+01
   7.2483730e+06   1.4569092e+02
   7.2484200e+06   3.5705566e+01
   7.2484540e+06   3.8146973e+01
   7.2486330e+06   3.8513184e+01
   7.2487680e+06   3.7536621e+01
   7.2711540e+06   1.4782715e+02
   7.3078560e+06   7.3974609e+01
   7.3079050e+06   4.5288086e+01
   7.3079200e+06   5.6091309e+01
   7.3080160e+06   4.9438477e+01
   7.3080380e+06   4.1198730e+01
   7.3080870e+06   3.7109375e+01
   7.3081190e+06   1.8157959e+02
   7.3081490e+06   5.8166504e+01
   7.3081850e+06   4.6508789e+01
   7.3084170e+06   5.3771973e+01
   7.3084270e+06   4.7180176e+01
   7.3084530e+06   4.0832520e+01
   7.3085460e+06   3.6132812e+01
   7.3086420e+06   6.3476562e+01
   7.3093660e+06   4.5959473e+01
   7.3287350e+06   7.0251465e+01
   7.3287560e+06   4.6630859e+01
   7.3287810e+06   3.5827637e+01
   7.3288120e+06   5.6884766e+01
   7.3288310e+06   4.3640137e+01
   7.3288860e+06   4.0283203e+01
   7.3289290e+06   4.2602539e+01
   7.3293450e+06   5.1269531e+01
   7.3298380e+06   4.1931152e+01
   7.3710730e+06   7.0434570e+01
   7.3710830e+06   1.6418457e+02
   7.3711290e+06   3.9062500e+01
   7.3711500e+06   3.8269043e+01
   7.3711630e+06   5.7678223e+01
   7.3712310e+06   4.2114258e+01
   7.3712830e+06   4.1625977e+01
   7.3717790e+06   3.8452148e+01
   7.3923570e+06   3.5949707e+01
   7.3924010e+06   1.5032959e+02
   7.3924160e+06   6.0852051e+01
   7.4617970e+06   4.2175293e+01
   7.4624470e+06   3.8757324e+01
   7.4625990e+06   1.5081787e+02
   7.4632370e+06   1.4660645e+02
   7.4635310e+06   1.2554932e+02
   7.5419280e+06   3.7170410e+01
   7.5420110e+06   1.5844727e+02
   7.5429130e+06   1.4202881e+02
   7.5933430e+06   1.5808105e+02
   7.6339810e+06   3.6132812e+01
   7.6710280e+06   1.5112305e+02
   7.6710410e+06   3.9062500e+01
   7.6713610e+06   4.0405273e+01
   7.6715790e+06   3.8085938e+01
   7.6716800e+06   5.1147461e+01
   7.6895220e+06   6.4025879e+01
   7.6915890e+06   1.6339111e+02
   7.7226160e+06   6.4758301e+01
   7.7226980e+06   7.2509766e+01
   7.7228210e+06   3.7353516e+01
   7.7228600e+06   4.9682617e+01
   7.7228860e+06   1.3397217e+02
   7.7229180e+06   6.1157227e+01
   7.7229490e+06   3.6132812e+01
   7.7230310e+06   3.5888672e+01
   7.7232530e+06   3.8940430e+01
   7.7234520e+06   4.3701172e+01
   7.7236880e+06   3.7597656e+01
   7.7238340e+06   3.5949707e+01
   7.7402070e+06   6.4147949e+01
   7.7402200e+06   6.1462402e+01
   7.7402820e+06   1.5850830e+02
   7.7403340e+06   3.7963867e+01
   7.7404480e+06   3.8085938e+01
   7.7405880e+06   3.7719727e+01
   7.7408970e+06   4.1320801e+01
   7.7602210e+06   3.7170410e+01
   7.7602370e+06   3.8574219e+01
   7.7602680e+06   1.5283203e+02
   7.7602900e+06   3.7536621e+01
   7.7603550e+06   3.6743164e+01
   7.7603800e+06   7.9162598e+01
   7.7604790e+06   3.8085938e+01
   7.7611290e+06   3.8085938e+01
   7.7854930e+06   6.3842773e+01
   7.7855240e+06   1.5142822e+02
   7.7855520e+06   4.1503906e+01
   7.7855660e+06   3.7170410e+01
   7.7856250e+06   4.3518066e+01
   7.7858630e+06   3.9916992e+01
   7.8069960e+06   1.7413330e+02
   7.8070090e+06   6.6223145e+01
   7.8070420e+06   4.3518066e+01
   7.8070830e+06   5.6945801e+01
   7.8071060e+06   8.8134766e+01
   7.8071470e+06   4.0405273e+01
   7.8072260e+06   3.6254883e+01
   7.8074410e+06   3.9367676e+01
   7.8123900e+06   1.5362549e+02
   7.8124010e+06   4.3457031e+01
   7.8124850e+06   4.5898438e+01
   7.8125150e+06   8.1298828e+01
   7.8125640e+06   4.1320801e+01
   7.8132130e+06   3.6437988e+01
   7.8828570e+06   1.4404297e+02
   7.8828760e+06   5.8837891e+01
   7.8829080e+06   4.3090820e+01
   7.8829180e+06   5.0109863e+01
   7.8829680e+06   5.8593750e+01
   7.8832290e+06   3.9001465e+01
   7.8871300e+06   1.5747070e+02
   7.8871510e+06   3.7048340e+01
   7.8879790e+06   1.4660645e+02
   7.8880490e+06   3.9611816e+01
   7.8977290e+06   1.3305664e+02
   7.9119380e+06   1.6009521e+02
   7.9119640e+06   4.9743652e+01
   7.9120190e+06   1.2799072e+02
   7.9120530e+06   3.7292480e+01
   7.9187920e+06   1.4904785e+02
   7.9188390e+06   4.6325684e+01
   7.9196720e+06   1.2939453e+02
   7.9373950e+06   1.6369629e+02
   7.9374740e+06   4.9682617e+01
   7.9428270e+06   1.5740967e+02
   7.9438050e+06   1.4379883e+02
   7.9585860e+06   1.5203857e+02
   7.9586800e+06   7.7636719e+01
   7.9647440e+06   1.4544678e+02
   7.9782900e+06   1.5667725e+02
   7.9783100e+06   3.8208008e+01
   8.0704350e+06   1.6442871e+02
   8.0704650e+06   3.7231445e+01
   8.0704870e+06   6.8786621e+01
   8.0704990e+06   5.3894043e+01
   8.0706470e+06   4.4738770e+01
   8.0898350e+06   1.5722656e+02
   8.0910060e+06   1.3128662e+02
   8.1678270e+06   1.5924072e+02
   8.1806840e+06   5.6579590e+01
   8.1807160e+06   3.6193848e+01
   8.1807400e+06   4.6020508e+01
   8.1807630e+06   3.6682129e+01
   8.1808360e+06   4.3579102e+01
   8.1808700e+06   1.7150879e+02
   8.1811990e+06   6.2011719e+01
   8.1812270e+06   4.2846680e+01
   8.1815280e+06   3.5949707e+01
   8.1827150e+06   4.1137695e+01
   8.2006810e+06   4.0405273e+01
   8.2007070e+06   1.4599609e+02
   8.2007470e+06   5.9631348e+01
   8.2210800e+06   1.8011475e+02
   8.2212310e+06   3.9306641e+01
   8.3053740e+06   3.9978027e+01
   8.3133190e+06   1.6241455e+02
   8.3143170e+06   1.3854980e+02
   8.3197380e+06   1.4538574e+02
   8.3245980e+06   1.4160156e+02
   8.3299070e+06   1.4727783e+02
   8.3422910e+06   8.0200195e+01
   8.3423800e+06   4.8095703e+01
   8.3424060e+06   3.6682129e+01
   8.3425100e+06   1.7578125e+02
   8.3425450e+06   4.2419434e+01
   8.3426150e+06   5.1696777e+01
   8.3426410e+06   3.9123535e+01
   8.3427520e+06   3.5949707e+01
   8.3428860e+06   4.8645020e+01
   8.3796750e+06   5.4992676e+01
   8.3797090e+06   4.1198730e+01
   8.3797820e+06   4.0283203e+01
   8.3798340e+06   3.5766602e+01
   8.3798530e+06   7.4401855e+01
   8.3799250e+06   3.8818359e+01
   8.3799510e+06   4.1687012e+01
   8.3799680e+06   5.8776855e+01
   8.3800580e+06   3.5827637e+01
   8.3800740e+06   4.5288086e+01
   8.3801310e+06   4.8706055e+01
   8.3802260e+06   3.7231445e+01
   8.3803510e+06   6.1462402e+01
   8.3804550e+06   4.0283203e+01
   8.3806630e+06   3.7414551e+01
   8.3807130e+06   3.8818359e+01
   8.4921350e+06   4.5288086e+01
   8.5005090e+06   3.9367676e+01
   8.5005710e+06   1.6888428e+02
   8.5006560e+06   4.0039062e+01
   8.5006980e+06   6.4086914e+01
   8.5008760e+06   4.2602539e+01
   8.5643740e+06   1.6900635e+02
   8.5941980e+06   1.5832520e+02
   8.6044520e+06   4.1870117e+01
   8.6044730e+06   6.8542480e+01
   8.6045360e+06   3.6315918e+01
   8.6045510e+06   4.3334961e+01
   8.6046130e+06   1.5539551e+02
   8.6046790e+06   3.6193848e+01
   8.6047060e+06   6.0058594e+01
   8.6049040e+06   5.2001953e+01
   8.6303000e+06   1.5350342e+02
   8.6303810e+06   3.9245605e+01
   8.6307570e+06   3.6071777e+01
   8.6657280e+06   3.5827637e+01
   8.6657840e+06   5.3710938e+01
   8.7354590e+06   1.5991211e+02
   8.7365780e+06   1.4575195e+02
   8.7370760e+06   1.3958740e+02
   8.7402590e+06   1.5124512e+02
   8.7419580e+06   1.5057373e+02
   8.7433530e+06   1.0961914e+02
   8.7790590e+06   3.6743164e+01
   8.7794820e+06   3.6010742e+01
   8.7816420e+06   1.5734863e+02
   8.7816910e+06   6.6101074e+01
   8.7825940e+06   1.5252686e+02
   8.7872140e+06   1.4129639e+02
   8.7879050e+06   1.3000488e+02
   8.7903430e+06   1.3641357e+02
   8.7923470e+06   1.4788818e+02
   8.7929230e+06   1.3378906e+02
   8.8212410e+06   6.1218262e+01
   8.8212700e+06   3.6804199e+01
   8.8212920e+06   4.7790527e+01
   8.8213620e+06   4.3640137e+01
   8.8213960e+06   1.5789795e+02
   8.8214230e+06   3.8452148e+01
   8.8214880e+06   4.0283203e+01
   8.8216720e+06   3.6376953e+01
   8.8257330e+06   1.5246582e+02
   8.8275600e+06   1.4941406e+02
   8.8425150e+06   3.6499023e+01
   8.8425740e+06   1.3568115e+02
   8.8437770e+06   1.4270020e+02
   8.8481760e+06   1.4404297e+02
   8.8539330e+06   4.1748047e+01
   8.8540290e+06   1.3574219e+02
   8.8640860e+06   1.5429688e+02
   8.8642130e+06   4.7302246e+01
   8.8934670e+06   6.7443848e+01
   8.8935020e+06   6.0913086e+01
   8.8935270e+06   1.9067383e+02
   8.8936060e+06   3.6804199e+01
   8.8936540e+06   4.9621582e+01
   8.8936930e+06   3.7109375e+01
   8.8972120e+06   1.4715576e+02
   8.8981280e+06   1.3848877e+02
   8.9000470e+06   3.5827637e+01
   8.9119700e+06   1.6302490e+02
   8.9120550e+06   4.1137695e+01
   8.9648280e+06   3.9245605e+01
   8.9648510e+06   1.6967773e+02
   8.9649600e+06   4.7790527e+01
   8.9649760e+06   4.5837402e+01
   9.0369710e+06   4.9011230e+01
   9.0370180e+06   1.5155029e+02
   9.0370400e+06   4.1931152e+01
   9.0371560e+06   3.8208008e+01
   9.1043730e+06   1.4202881e+02
   9.1043920e+06   6.2744141e+01
   9.1285340e+06   1.5313721e+02
   9.1296230e+06   4.0466309e+01
   9.1882960e+06   1.4508057e+02
   9.1892690e+06   1.4306641e+02
   9.1892880e+06   3.5888672e+01
   9.1965290e+06   1.4349365e+02
   9.1989700e+06   1.4813232e+02
   9.2027650e+06   1.4117432e+02
   9.2029180e+06   9.1613770e+01
   9.2131350e+06   3.8696289e+01
   9.2131580e+06   3.7475586e+01
   9.2131800e+06   3.7658691e+01
   9.2132210e+06   6.3537598e+01
   9.2132920e+06   1.7108154e+02
   9.2133080e+06   4.4189453e+01
   9.2133880e+06   3.9062500e+01
   9.2134200e+06   3.5583496e+01
   9.2134330e+06   3.7658691e+01
   9.2135160e+06   4.9682617e+01
   9.2136560e+06   4.0100098e+01
   9.2358800e+06   3.8696289e+01
   9.2359200e+06   1.5533447e+02
   9.2359340e+06   3.6987305e+01
   9.2359920e+06   8.0139160e+01
   9.2360510e+06   5.0781250e+01
   9.2360610e+06   3.9001465e+01
   9.2551570e+06   3.7841797e+01
   9.2552590e+06   1.5960693e+02
   9.2552860e+06   3.9001465e+01
   9.2553930e+06   4.1748047e+01
   9.3134530e+06   1.5716553e+02
   9.3144020e+06   4.5043945e+01
   9.3144130e+06   4.1687012e+01
   9.3148550e+06   4.7119141e+01
   9.3154540e+06   4.1442871e+01
   9.3156800e+06   3.9001465e+01
   9.3164700e+06   3.9184570e+01
   9.3166550e+06   1.4947510e+02
   9.3530530e+06   3.7048340e+01
   9.3530630e+06   6.6345215e+01
   9.3531060e+06   3.8574219e+01
   9.3531370e+06   5.2185059e+01
   9.3531630e+06   4.2114258e+01
   9.3532320e+06   3.7353516e+01
   9.3532520e+06   4.5776367e+01
   9.3532980e+06   1.5295410e+02
   9.3534450e+06   4.5349121e+01
   9.3536220e+06   4.4189453e+01
   9.3537310e+06   6.1523438e+01
   9.3538020e+06   4.2602539e+01
   9.3546430e+06   3.7353516e+01
   9.3548360e+06   4.8095703e+01
   9.3552030e+06   3.7353516e+01
   9.3750530e+06   3.7353516e+01
   9.3750850e+06   1.4447021e+02
   9.3751490e+06   4.6081543e+01
   9.3751990e+06   7.1533203e+01
   9.3752100e+06   4.3762207e+01
   9.3752620e+06   4.0527344e+01
   9.3753580e+06   5.1574707e+01
   9.3755560e+06   3.5766602e+01
   9.4046220e+06   1.4837646e+02
   9.4046870e+06   4.2419434e+01
   9.4046970e+06   3.9306641e+01
   9.4047190e+06   4.5410156e+01
   9.4047800e+06   4.3579102e+01
   9.4048630e+06   7.1960449e+01
   9.4052260e+06   3.5705566e+01
   9.4432430e+06   4.1198730e+01
   9.4432620e+06   1.4965820e+02
   9.4433080e+06   4.2236328e+01
   9.4790800e+06   1.5789795e+02
   9.5160300e+06   1.4794922e+02
   9.5173880e+06   3.5583496e+01
   9.6577840e+06   6.5429688e+01
   9.6577960e+06   4.3212891e+01
   9.6578200e+06   5.5419922e+01
   9.6578360e+06   5.9997559e+01
   9.6579000e+06   3.9672852e+01
   9.6579310e+06   5.4504395e+01
   9.6579680e+06   1.6381836e+02
   9.6579980e+06   5.7922363e+01
   9.6580790e+06   5.5114746e+01
   9.6581970e+06   4.0771484e+01
   9.6584260e+06   3.5461426e+01
   9.7802310e+06   1.5826416e+02
   9.8054650e+06   5.7922363e+01
   9.8054970e+06   5.4321289e+01
   9.8055220e+06   6.4208984e+01
   9.8055910e+06   3.7292480e+01
   9.8056770e+06   5.2490234e+01
   9.8057550e+06   1.5191650e+02
   9.8153640e+06   1.5222168e+02
   9.8745610e+06   1.4550781e+02
   9.9142460e+06   1.5460205e+02
   9.9143220e+06   5.0537109e+01
   9.9185610e+06   1.5295410e+02
   9.9478490e+06   1.4617920e+02
   9.9967630e+06   5.0231934e+01
   9.9968180e+06   4.2541504e+01
   9.9968310e+06   5.3344727e+01
   9.9968990e+06   3.7658691e+01
   9.9969500e+06   1.6766357e+02
   9.9970050e+06   5.1330566e+01
   9.9970150e+06   3.7780762e+01
   9.9970400e+06   3.6743164e+01
   9.9970520e+06   3.8208008e+01
   9.9971540e+06   5.9814453e+01
   9.9973530e+06   4.6630859e+01
   9.9974910e+06   4.6875000e+01
   9.9976260e+06   3.7353516e+01
   9.9977850e+06   4.6508789e+01
   9.9982850e+06   3.8818359e+01
   9.9983100e+06   5.1208496e+01
   9.9984960e+06   4.1870117e+01
   9.9985190e+06   4.6752930e+01
   9.9987790e+06   3.6804199e+01
   9.9990690e+06   4.1015625e+01
   1.0001155e+07   1.4929199e+02
   1.0029662e+07   1.2408447e+02
   1.0078634e+07   1.4544678e+02
   1.0089545e+07   1.5527344e+02
   1.0140868e+07   3.6376953e+01
   1.0171856e+07   1.4959717e+02
   1.0182562e+07   7.1960449e+01
   1.0182606e+07   3.6865234e+01
   1.0182627e+07   4.6936035e+01
   1.0182663e+07   3.9672852e+01
   1.0182720e+07   1.6461182e+02
   1.0182758e+07   3.7780762e+01
   1.0182930e+07   4.3395996e+01
   1.0182979e+07   6.5246582e+01
   1.0183071e+07   3.6315918e+01
   1.0183266e+07   4.3945312e+01
   1.0183484e+07   3.5827637e+01
   1.0183779e+07   3.8330078e+01
   1.0250864e+07   3.5827637e+01
   1.0277946e+07   3.6132812e+01
   1.0335985e+07   5.2612305e+01
   1.0336052e+07   5.2185059e+01
   1.0336066e+07   4.6386719e+01
   1.0336102e+07   5.0842285e+01
   1.0336124e+07   1.6308594e+02
   1.0336330e+07   3.9062500e+01
   1.0336439e+07   3.8452148e+01
   1.0336612e+07   3.6315918e+01
   1.0337793e+07   3.8879395e+01
   1.0376838e+07   7.2082520e+01
   1.0376859e+07   3.6804199e+01
   1.0376912e+07   4.2602539e+01
   1.0376931e+07   4.3884277e+01
   1.0377023e+07   5.7250977e+01
   1.0377065e+07   1.6186523e+02
   1.0377140e+07   3.6926270e+01
   1.0377340e+07   5.6762695e+01
   1.0377694e+07   5.0964355e+01
   1.0377767e+07   4.9255371e+01
   1.0419765e+07   1.4709473e+02
   1.0421486e+07   3.8085938e+01
   1.0422055e+07   3.6743164e+01
   1.0494855e+07   1.3867188e+02
   1.0531858e+07   1.4910889e+02
   1.0550160e+07   1.4105225e+02
   1.0622051e+07   1.4929199e+02
   1.0622120e+07   5.0048828e+01
   1.0681273e+07   1.4404297e+02
   1.0703206e+07   1.5234375e+02
   1.0814878e+07   4.6386719e+01
   1.0815156e+07   3.9062500e+01
   1.0815317e+07   3.9001465e+01
   1.0815546e+07   4.1137695e+01
   1.0842169e+07   1.4453125e+02
   1.0842297e+07   3.5888672e+01
   1.0869114e+07   1.4532471e+02
   1.0870189e+07   1.5319824e+02
   1.0900723e+07   3.8635254e+01
   1.0943137e+07   4.1381836e+01
   1.0943242e+07   3.8574219e+01
   1.0944050e+07   1.5191650e+02
   1.0944358e+07   1.3616943e+02
   1.0945009e+07   3.6315918e+01
   1.0945036e+07   1.2677002e+02
   1.0945113e+07   4.3212891e+01
   1.0954444e+07   1.4807129e+02
   1.0955519e+07   1.4630127e+02
   1.0963614e+07   1.3482666e+02
   1.0964247e+07   1.3897705e+02
   1.0965536e+07   1.0821533e+02
   1.0971858e+07   1.3513184e+02
   1.0978077e+07   1.3262939e+02
   1.1046090e+07   4.0283203e+01
   1.1046101e+07   4.9926758e+01
   1.1046127e+07   4.4677734e+01
   1.1046147e+07   4.9499512e+01
   1.1046215e+07   5.1757812e+01
   1.1046234e+07   4.9438477e+01
   1.1046257e+07   1.5209961e+02
   1.1046267e+07   4.1381836e+01
   1.1046395e+07   9.8144531e+01
   1.1046896e+07   3.7292480e+01
   1.1047551e+07   4.5959473e+01
   1.1052002e+07   1.5563965e+02
   1.1052088e+07   6.1401367e+01
   1.1052433e+07   3.6254883e+01
   1.1052637e+07   4.1992188e+01
   1.1052819e+07   3.6621094e+01
   1.1052833e+07   1.2115479e+02
   1.1053470e+07   3.5705566e+01
   1.1053666e+07   1.2786865e+02
   1.1054192e+07   4.3701172e+01
   1.1054393e+07   1.1151123e+02
   1.1055090e+07   1.1602783e+02
   1.1063153e+07   1.3500977e+02
   1.1063294e+07   4.0588379e+01
   1.1063794e+07   3.7658691e+01
   1.1072150e+07   1.5863037e+02
   1.1072190e+07   3.6560059e+01
   1.1072260e+07   6.8908691e+01
   1.1072308e+07   4.3884277e+01
   1.1078491e+07   1.3800049e+02
   1.1078513e+07   3.5827637e+01
   1.1078571e+07   5.7128906e+01
   1.1078596e+07   3.6499023e+01
   1.1085372e+07   1.3378906e+02
   1.1085500e+07   7.6782227e+01
   1.1085524e+07   4.0222168e+01
   1.1085541e+07   3.7658691e+01
   1.1158741e+07   1.5002441e+02
   1.1158815e+07   6.7382812e+01
   1.1158925e+07   3.6499023e+01
   1.1158955e+07   3.6010742e+01
   1.1186465e+07   3.7841797e+01
   1.1186491e+07   1.4221191e+02
   1.1186518e+07   3.5888672e+01
   1.1186575e+07   7.7575684e+01
   1.1186643e+07   4.6264648e+01
   1.1243867e+07   3.8513184e+01
   1.1243917e+07   1.4428711e+02
   1.1273513e+07   1.3964844e+02
   1.1304684e+07   1.6583252e+02
   1.1306910e+07   1.5020752e+02
   1.1355782e+07   4.2175293e+01
   1.1355808e+07   1.5191650e+02
   1.1355887e+07   3.7536621e+01
   1.1356049e+07   3.5522461e+01
   1.1379574e+07   1.4294434e+02
   1.1396919e+07   4.5410156e+01
   1.1396942e+07   7.8247070e+01
   1.1396955e+07   4.6081543e+01
   1.1396975e+07   3.6743164e+01
   1.1397008e+07   4.0893555e+01
   1.1397040e+07   5.4443359e+01
   1.1397060e+07   1.4074707e+02
   1.1397116e+07   5.4870605e+01
   1.1397144e+07   4.9438477e+01
   1.1397199e+07   1.2042236e+02
   1.1397314e+07   3.5522461e+01
   1.1397368e+07   4.6386719e+01
   1.1397476e+07   3.6010742e+01
   1.1397666e+07   4.3701172e+01
   1.1398236e+07   3.6682129e+01
   1.1398566e+07   3.6437988e+01
   1.1418599e+07   1.4788818e+02
   1.1418610e+07   4.7180176e+01
   1.1418666e+07   3.6071777e+01
   1.1418676e+07   6.0852051e+01
   1.1418705e+07   7.1777344e+01
   1.1418743e+07   5.2795410e+01
   1.1418815e+07   3.8024902e+01
   1.1419312e+07   4.1198730e+01
   1.1436883e+07   3.8452148e+01
   1.1436897e+07   1.2854004e+02
   1.1436912e+07   7.7880859e+01
   1.1436969e+07   5.2246094e+01
   1.1437019e+07   4.7058105e+01
   1.1437540e+07   3.6376953e+01
   1.1458386e+07   3.5522461e+01
   1.1477721e+07   1.3165283e+02
   1.1477820e+07   4.4860840e+01
   1.1477834e+07   8.1848145e+01
   1.1477860e+07   4.4555664e+01
   1.1477899e+07   4.4433594e+01
   1.1478091e+07   4.9865723e+01
   1.1507721e+07   1.6589355e+02
   1.1507783e+07   3.5949707e+01
   1.1507802e+07   6.5002441e+01
   1.1507848e+07   3.8696289e+01
   1.1507860e+07   4.5837402e+01
   1.1553525e+07   1.6503906e+02
   1.1553591e+07   4.0710449e+01
   1.1604981e+07   1.5704346e+02
   1.1605002e+07   3.9184570e+01
   1.1606946e+07   1.4495850e+02
   1.1654456e+07   1.3842773e+02
   1.1654588e+07   5.3894043e+01
   1.1656252e+07   1.4886475e+02
   1.1656666e+07   1.3256836e+02
   1.1671171e+07   3.8208008e+01
   1.1671217e+07   1.4819336e+02
   1.1744732e+07   1.5399170e+02
   1.1744844e+07   3.8024902e+01
   1.1765639e+07   4.2236328e+01
   1.1765653e+07   5.5114746e+01
   1.1765686e+07   6.0668945e+01
   1.1765738e+07   4.4616699e+01
   1.1765771e+07   1.6760254e+02
   1.1765797e+07   4.5471191e+01
   1.1765807e+07   3.9367676e+01
   1.1766119e+07   6.9274902e+01
   1.1766419e+07   4.6936035e+01
   1.1766551e+07   4.6142578e+01
   1.1766839e+07   4.7973633e+01
   1.1767095e+07   4.2724609e+01
   1.1767315e+07   3.5949707e+01
   1.1767561e+07   4.5043945e+01
   1.1767588e+07   3.7353516e+01
   1.1767769e+07   3.5766602e+01
   1.1768002e+07   3.5461426e+01
   1.1768362e+07   4.1320801e+01
   1.1789913e+07   1.4953613e+02
   1.1790008e+07   4.9377441e+01
   1.1790045e+07   4.8706055e+01
   1.1790166e+07   5.7617188e+01
   1.1790320e+07   6.4086914e+01
   1.1818073e+07   4.1625977e+01
   1.1818136e+07   1.4880371e+02
   1.1818161e+07   4.7546387e+01
   1.1849450e+07   1.4959717e+02
   1.1849496e+07   3.7048340e+01
   1.1849629e+07   4.8950195e+01
   1.1894493e+07   1.5740967e+02
   1.1927308e+07   1.4746094e+02
   1.1951113e+07   1.3604736e+02
   1.1972425e+07   1.4819336e+02
   1.1985957e+07   1.4984131e+02
   1.1985986e+07   3.6865234e+01
