   1.1996000e+07   0.0000000e+00
   2.3000000e+04   5.9448242e+01
   2.3012000e+04   3.6987305e+01
   2.3084000e+04   3.8330078e+01
   4.2000000e+04   4.0039062e+01
   4.2013000e+04   4.2480469e+01
   4.2062000e+04   3.3386230e+01
   4.2093000e+04   4.5227051e+01
   4.2106000e+04   3.6193848e+01
   4.2147000e+04   3.1799316e+01
   4.2336000e+04   3.6315918e+01
   5.1850000e+04   5.1818848e+01
   5.1944000e+04   3.4484863e+01
   5.1999000e+04   3.9916992e+01
   5.2064000e+04   3.4484863e+01
   5.3315000e+04   3.2287598e+01
   5.5903000e+04   3.6926270e+01
   6.3471000e+04   3.2653809e+01
   7.5768000e+04   3.3630371e+01
   7.6012000e+04   4.6997070e+01
   7.6027000e+04   3.1616211e+01
   8.7754000e+04   3.4545898e+01
   8.7802000e+04   5.2429199e+01
   8.7853000e+04   3.4667969e+01
   8.7878000e+04   3.3447266e+01
   8.7977000e+04   3.2287598e+01
   1.1464100e+05   4.9560547e+01
   1.1468100e+05   3.3630371e+01
   1.1470500e+05   3.2653809e+01
   1.1492900e+05   3.2287598e+01
   1.2547100e+05   3.7475586e+01
   1.2556100e+05   3.9916992e+01
   1.2632100e+05   3.8269043e+01
   1.2636000e+05   3.4545898e+01
   1.2688500e+05   3.2836914e+01
   1.4359300e+05   3.7658691e+01
   1.4526500e+05   3.2287598e+01
   1.4533300e+05   5.2917480e+01
   1.4590100e+05   3.7719727e+01
   1.6951000e+05   3.7963867e+01
   1.7061500e+05   4.8889160e+01
   1.7090000e+05   4.4372559e+01
   1.7093600e+05   5.6396484e+01
   1.7162000e+05   3.2836914e+01
   1.7164300e+05   4.8889160e+01
   1.7174600e+05   3.3447266e+01
   1.7178700e+05   4.1198730e+01
   1.7215600e+05   3.7597656e+01
   1.7275100e+05   3.4179688e+01
   1.7282500e+05   5.5847168e+01
   1.7339800e+05   3.1799316e+01
   1.7356400e+05   3.4545898e+01
   1.7358300e+05   3.4301758e+01
   1.7372100e+05   4.6020508e+01
   1.7376700e+05   5.8166504e+01
   1.7448400e+05   3.1860352e+01
   1.7466200e+05   4.6081543e+01
   1.7743700e+05   3.3386230e+01
   1.7757400e+05   3.8635254e+01
   1.7825500e+05   3.2653809e+01
   1.7831300e+05   4.0527344e+01
   1.7919900e+05   4.8522949e+01
   1.7951000e+05   3.2348633e+01
   1.8009000e+05   3.5217285e+01
   1.8152700e+05   4.2907715e+01
   2.5794100e+05   3.7841797e+01
   2.5797000e+05   3.5461426e+01
   2.9325400e+05   4.1076660e+01
   3.2076500e+05   3.2836914e+01
   3.4363100e+05   3.7658691e+01
   3.4400900e+05   7.0495605e+01
   3.4413900e+05   3.7170410e+01
   3.4488400e+05   3.6499023e+01
   3.4489900e+05   4.6020508e+01
   3.4515500e+05   4.2724609e+01
   3.4517100e+05   3.5949707e+01
   3.4584600e+05   3.2226562e+01
   3.4588500e+05   5.9631348e+01
   3.4591400e+05   3.5217285e+01
   3.4608200e+05   4.5959473e+01
   3.4679300e+05   4.7119141e+01
   3.4685000e+05   3.2165527e+01
   3.4688200e+05   3.5949707e+01
   3.4771700e+05   3.1677246e+01
   3.4829400e+05   3.7170410e+01
   3.4895100e+05   3.4240723e+01
   3.4999200e+05   3.5461426e+01
   3.5036400e+05   3.6437988e+01
   3.5041300e+05   3.3691406e+01
   3.5241800e+05   5.9875488e+01
   3.5282100e+05   3.3203125e+01
   3.5289900e+05   3.8330078e+01
   3.5291300e+05   5.4931641e+01
   3.5324500e+05   3.3630371e+01
   3.5356800e+05   3.2287598e+01
   3.5359400e+05   6.4880371e+01
   3.5433400e+05   3.3081055e+01
   3.5475700e+05   4.0527344e+01
   3.5485200e+05   4.9133301e+01
   3.5496600e+05   3.2836914e+01
   3.5509900e+05   3.2531738e+01
   3.5520700e+05   3.7109375e+01
   3.5537400e+05   3.3813477e+01
   3.5589600e+05   3.2897949e+01
   3.5681700e+05   3.2592773e+01
   3.5711500e+05   3.4667969e+01
   3.5819700e+05   3.5705566e+01
   3.6113100e+05   3.5705566e+01
   3.6183700e+05   3.1677246e+01
   3.6258500e+05   3.4057617e+01
   3.6331500e+05   3.2104492e+01
   3.6425000e+05   3.1616211e+01
   4.9542500e+05   5.7434082e+01
   4.9547000e+05   3.6315918e+01
   4.9550700e+05   3.2897949e+01
   4.9557600e+05   3.3142090e+01
   5.0378900e+05   4.9682617e+01
   5.0451400e+05   3.3386230e+01
   5.2255700e+05   5.2001953e+01
   5.2261000e+05   3.2409668e+01
   5.2270100e+05   3.6987305e+01
   5.2271700e+05   3.2226562e+01
   5.2275000e+05   3.9794922e+01
   5.2278800e+05   3.3813477e+01
   5.2414100e+05   3.4667969e+01
   5.3838500e+05   3.1799316e+01
   5.3845600e+05   5.1757812e+01
   5.3850400e+05   3.6804199e+01
   5.3856000e+05   3.6743164e+01
   5.5208400e+05   3.8635254e+01
   5.5214800e+05   5.2856445e+01
   5.5216000e+05   3.8574219e+01
   5.5227200e+05   3.1799316e+01
   5.9116400e+05   3.2287598e+01
   5.9121000e+05   3.1555176e+01
   5.9135300e+05   4.4860840e+01
   5.9142400e+05   3.9550781e+01
   5.9147800e+05   3.3813477e+01
   5.9162500e+05   3.7231445e+01
   6.4497500e+05   5.2307129e+01
   6.4506300e+05   3.2165527e+01
   6.4513500e+05   3.8330078e+01
   6.4517500e+05   3.7963867e+01
   6.4523800e+05   3.5522461e+01
   6.5572900e+05   5.8593750e+01
   6.5585800e+05   4.3640137e+01
   6.5607200e+05   3.3386230e+01
   6.5628700e+05   3.6315918e+01
   6.5638600e+05   3.1555176e+01
   6.5643300e+05   3.3935547e+01
   6.5658200e+05   3.1860352e+01
   6.5665400e+05   3.6682129e+01
   6.5968700e+05   3.3020020e+01
   6.6010100e+05   3.2226562e+01
   6.9370300e+05   3.3935547e+01
   6.9416700e+05   3.9978027e+01
   6.9417900e+05   3.4179688e+01
   6.9454300e+05   3.4729004e+01
   6.9484600e+05   3.2653809e+01
   6.9490400e+05   5.0354004e+01
   6.9521300e+05   4.8095703e+01
   6.9577700e+05   6.5002441e+01
   6.9595400e+05   3.3325195e+01
   6.9620600e+05   3.2470703e+01
   6.9623500e+05   4.0161133e+01
   6.9665400e+05   3.9672852e+01
   6.9735900e+05   5.9387207e+01
   6.9834200e+05   3.4057617e+01
   6.9854400e+05   3.4790039e+01
   7.0066900e+05   4.1564941e+01
   7.0326000e+05   5.1452637e+01
   7.0634300e+05   3.2775879e+01
   7.0781200e+05   3.2836914e+01
   7.0902300e+05   3.2958984e+01
   7.0905400e+05   3.1921387e+01
   7.0910300e+05   4.8156738e+01
   7.3167600e+05   3.2531738e+01
   7.3198400e+05   3.4362793e+01
   7.3206900e+05   5.5725098e+01
   7.3208800e+05   3.4423828e+01
   7.3220800e+05   3.2165527e+01
   7.3230700e+05   3.2531738e+01
   7.3355800e+05   3.3508301e+01
   7.3391100e+05   4.7180176e+01
   7.3404000e+05   3.8818359e+01
   7.3410600e+05   4.2724609e+01
   7.3419300e+05   3.4179688e+01
   7.3434200e+05   4.2724609e+01
   7.3468800e+05   3.6254883e+01
   7.3490100e+05   4.5959473e+01
   7.3549400e+05   3.2409668e+01
   7.4104400e+05   5.1452637e+01
   7.4125400e+05   3.7170410e+01
   7.4148500e+05   4.0466309e+01
   7.4179200e+05   3.2531738e+01
   7.4182900e+05   5.4138184e+01
   7.4196900e+05   4.2236328e+01
   7.4216200e+05   3.3325195e+01
   7.4238500e+05   3.7109375e+01
   7.4283900e+05   5.4321289e+01
   7.4335400e+05   3.3325195e+01
   8.0860700e+05   3.8391113e+01
   8.0978900e+05   3.6071777e+01
   8.1013300e+05   3.4851074e+01
   8.1030400e+05   4.9926758e+01
   8.1050100e+05   3.4667969e+01
   8.1068400e+05   4.8400879e+01
   8.1081500e+05   3.3813477e+01
   8.1086000e+05   4.6813965e+01
   8.1117900e+05   4.0588379e+01
   8.1139900e+05   3.8391113e+01
   8.1319200e+05   3.2775879e+01
   8.1486600e+05   3.1921387e+01
   8.1502600e+05   3.7597656e+01
   8.1815800e+05   3.2958984e+01
   8.1829000e+05   5.8776855e+01
   8.2112200e+05   3.9123535e+01
   8.2210200e+05   3.6437988e+01
   8.2319200e+05   3.3508301e+01
   8.2618800e+05   3.1860352e+01
   8.3140200e+05   4.7424316e+01
   8.3201100e+05   5.6396484e+01
   8.3384700e+05   3.1677246e+01
   8.3717300e+05   3.2653809e+01
   8.3756000e+05   3.2104492e+01
   8.3760700e+05   4.5776367e+01
   8.3852400e+05   4.9072266e+01
   9.4846900e+05   3.5766602e+01
   9.4857500e+05   6.6284180e+01
   9.4861500e+05   4.0954590e+01
   9.4864300e+05   3.8024902e+01
   9.4868900e+05   3.1738281e+01
   9.5825100e+05   3.1799316e+01
   9.5877900e+05   3.7902832e+01
   9.5888200e+05   4.8156738e+01
   9.5892300e+05   3.5339355e+01
   9.5898400e+05   3.7963867e+01
   9.5916800e+05   3.4057617e+01
   9.6231400e+05   3.6987305e+01
   9.6249800e+05   3.9855957e+01
   9.6265400e+05   3.3752441e+01
   9.6286200e+05   4.2724609e+01
   9.6289900e+05   4.6264648e+01
   9.6358200e+05   3.8208008e+01
   9.6391500e+05   5.6945801e+01
   9.7045300e+05   3.6743164e+01
   9.7189700e+05   3.6804199e+01
   9.7195800e+05   5.0231934e+01
   9.7203100e+05   3.5034180e+01
   9.7205700e+05   3.8757324e+01
   1.0248870e+06   3.7597656e+01
   1.0249590e+06   3.2836914e+01
   1.0249760e+06   4.5288086e+01
   1.0250110e+06   3.1799316e+01
   1.0250800e+06   3.8024902e+01
   1.0512140e+06   3.4729004e+01
   1.0514220e+06   3.4545898e+01
   1.0530670e+06   3.2836914e+01
   1.0531490e+06   3.4362793e+01
   1.0536890e+06   3.2775879e+01
   1.0543480e+06   3.2958984e+01
   1.0548760e+06   3.1860352e+01
   1.0596420e+06   3.1555176e+01
   1.0727140e+06   3.3508301e+01
   1.0728650e+06   3.2775879e+01
   1.0731170e+06   3.3203125e+01
   1.0735630e+06   3.3691406e+01
   1.0735850e+06   3.2165527e+01
   1.0740550e+06   3.4606934e+01
   1.0742350e+06   4.1015625e+01
   1.0744730e+06   3.1738281e+01
   1.0746300e+06   3.3447266e+01
   1.0749570e+06   4.1442871e+01
   1.0757440e+06   3.2226562e+01
   1.0767080e+06   4.0100098e+01
   1.0774090e+06   3.1616211e+01
   1.0850810e+06   3.3325195e+01
   1.0859070e+06   3.3569336e+01
   1.0860610e+06   3.6376953e+01
   1.0870700e+06   3.2653809e+01
   1.0880750e+06   3.1921387e+01
   1.1192800e+06   4.1442871e+01
   1.1193480e+06   3.2409668e+01
   1.1194160e+06   3.8146973e+01
   1.1196450e+06   4.7729492e+01
   1.1231180e+06   3.3569336e+01
   1.1236670e+06   3.2409668e+01
   1.1339790e+06   3.4301758e+01
   1.1342860e+06   4.7973633e+01
   1.1345470e+06   6.3842773e+01
   1.1348990e+06   3.3874512e+01
   1.1349640e+06   4.4372559e+01
   1.1355180e+06   3.6010742e+01
   1.1376950e+06   3.5095215e+01
   1.1433390e+06   3.3264160e+01
   1.1433940e+06   3.4484863e+01
   1.1439480e+06   3.1860352e+01
   1.1440460e+06   4.7912598e+01
   1.1445400e+06   4.5349121e+01
   1.1447920e+06   3.4973145e+01
   1.1449020e+06   4.3151855e+01
   1.1452280e+06   3.2409668e+01
   1.1954590e+06   5.7128906e+01
   1.1955220e+06   3.1616211e+01
   1.1978030e+06   3.2592773e+01
   1.1983870e+06   3.6865234e+01
   1.1987240e+06   3.8940430e+01
   1.2009690e+06   3.7414551e+01
   1.2013660e+06   3.2836914e+01
   1.2043480e+06   3.2348633e+01
   1.2044180e+06   5.8776855e+01
   1.2098830e+06   3.2348633e+01
   1.3541380e+06   3.7963867e+01
   1.3784620e+06   3.4667969e+01
   1.3801300e+06   3.9794922e+01
   1.3809440e+06   3.2470703e+01
   1.3826910e+06   3.4912109e+01
   1.3832900e+06   3.1738281e+01
   1.3836180e+06   5.0048828e+01
   1.3836710e+06   3.1860352e+01
   1.3839480e+06   3.2958984e+01
   1.3844940e+06   4.2846680e+01
   1.3845170e+06   6.1157227e+01
   1.3846120e+06   3.2287598e+01
   1.3859490e+06   3.3996582e+01
   1.3865420e+06   3.6132812e+01
   1.3868000e+06   5.9509277e+01
   1.3872750e+06   6.2622070e+01
   1.3876420e+06   3.9367676e+01
   1.3894540e+06   3.4973145e+01
   1.3898790e+06   3.9245605e+01
   1.3900240e+06   3.2043457e+01
   1.3907930e+06   3.9672852e+01
   1.3920210e+06   4.1137695e+01
   1.3932830e+06   5.9448242e+01
   1.3937710e+06   3.2287598e+01
   1.3953330e+06   3.1799316e+01
   1.3956910e+06   3.2531738e+01
   1.3966360e+06   5.2185059e+01
   1.3983780e+06   3.3264160e+01
   1.3988230e+06   3.8635254e+01
   1.3988550e+06   3.1860352e+01
   1.3991370e+06   3.4729004e+01
   1.4007590e+06   3.2043457e+01
   1.4015440e+06   3.5583496e+01
   1.4060710e+06   5.4870605e+01
   1.4108540e+06   3.3630371e+01
   1.4108700e+06   4.9621582e+01
   1.4112030e+06   3.2592773e+01
   1.4165990e+06   4.3457031e+01
   1.4170280e+06   5.2673340e+01
   1.4172620e+06   3.2043457e+01
   1.4173210e+06   5.0842285e+01
   1.4235870e+06   5.4199219e+01
   1.4240150e+06   3.3508301e+01
   1.4240920e+06   5.0659180e+01
   1.5274590e+06   3.1799316e+01
   1.5618990e+06   5.6701660e+01
   1.5619440e+06   3.4790039e+01
   1.5619580e+06   3.7109375e+01
   1.5736830e+06   3.2836914e+01
   1.5738270e+06   5.7678223e+01
   1.5740630e+06   3.6437988e+01
   1.5742800e+06   3.6743164e+01
   1.5864700e+06   3.4423828e+01
   1.5871160e+06   3.2470703e+01
   1.5872600e+06   4.7424316e+01
   1.5904170e+06   3.1982422e+01
   1.5907580e+06   3.2958984e+01
   1.5910580e+06   3.5888672e+01
   1.5932700e+06   3.5583496e+01
   1.5964530e+06   3.5217285e+01
   1.5996710e+06   3.1616211e+01
   1.6013250e+06   3.3935547e+01
   1.6376740e+06   4.6569824e+01
   1.6378420e+06   4.3884277e+01
   1.6378800e+06   3.4729004e+01
   1.6968290e+06   3.6804199e+01
   1.7120070e+06   3.2714844e+01
   1.7125010e+06   3.6926270e+01
   1.7126270e+06   3.3325195e+01
   1.7126540e+06   3.3386230e+01
   1.7126670e+06   3.6071777e+01
   1.7596610e+06   3.3874512e+01
   1.7597970e+06   5.3344727e+01
   1.7598320e+06   3.6682129e+01
   1.7598770e+06   3.3142090e+01
   1.7598980e+06   3.2836914e+01
   1.7599400e+06   3.2714844e+01
   1.7730490e+06   6.3964844e+01
   1.7745070e+06   5.2734375e+01
   1.7765110e+06   4.9621582e+01
   1.7780770e+06   3.3874512e+01
   1.7796880e+06   3.5339355e+01
   1.7814790e+06   3.2836914e+01
   1.7833260e+06   4.0954590e+01
   1.7840520e+06   3.1738281e+01
   1.7932960e+06   3.2348633e+01
   1.7941340e+06   3.4423828e+01
   1.7947280e+06   3.2165527e+01
   1.7949250e+06   4.9804688e+01
   1.7953050e+06   3.5400391e+01
   1.7958870e+06   3.3935547e+01
   1.8602960e+06   3.5156250e+01
   1.8603690e+06   4.5715332e+01
   1.8622930e+06   3.4057617e+01
   1.8828380e+06   6.8298340e+01
   1.8829840e+06   4.3395996e+01
   1.9075180e+06   4.6508789e+01
   1.9075870e+06   3.5156250e+01
   1.9076200e+06   3.3752441e+01
   1.9076820e+06   3.6254883e+01
   1.9078450e+06   3.3325195e+01
   1.9080910e+06   3.1799316e+01
   1.9176810e+06   3.3569336e+01
   1.9177320e+06   3.1799316e+01
   1.9178170e+06   4.7973633e+01
   1.9184450e+06   5.0109863e+01
   1.9185080e+06   3.1616211e+01
   1.9225380e+06   3.3142090e+01
   1.9230820e+06   3.5888672e+01
   1.9244450e+06   3.5095215e+01
   1.9255880e+06   4.4616699e+01
   1.9428600e+06   4.0649414e+01
   1.9429270e+06   3.1860352e+01
   1.9576590e+06   3.3020020e+01
   1.9577230e+06   5.2673340e+01
   1.9577400e+06   3.2897949e+01
   1.9578190e+06   3.2714844e+01
   2.0288560e+06   3.3569336e+01
   2.0429090e+06   3.2104492e+01
   2.0722160e+06   5.1513672e+01
   2.0732820e+06   3.2165527e+01
   2.0752790e+06   3.1982422e+01
   2.0753760e+06   3.3508301e+01
   2.0782540e+06   4.9255371e+01
   2.0786530e+06   3.7170410e+01
   2.0800520e+06   3.3569336e+01
   2.0804270e+06   3.4545898e+01
   2.0813220e+06   4.9072266e+01
   2.0815580e+06   3.4362793e+01
   2.0821160e+06   3.2775879e+01
   2.0827730e+06   3.3752441e+01
   2.0830990e+06   3.7475586e+01
   2.0837810e+06   3.6682129e+01
   2.0838120e+06   3.9550781e+01
   2.0858850e+06   4.4799805e+01
   2.0861290e+06   3.8269043e+01
   2.0878590e+06   3.3386230e+01
   2.0882960e+06   3.1738281e+01
   2.0914310e+06   3.1738281e+01
   2.0995480e+06   3.3142090e+01
   2.1039060e+06   3.5766602e+01
   2.1097420e+06   5.2368164e+01
   2.1099430e+06   5.3100586e+01
   2.1101650e+06   3.5278320e+01
   2.1104330e+06   3.2897949e+01
   2.1106520e+06   3.7780762e+01
   2.1115070e+06   3.3691406e+01
   2.1605400e+06   3.3569336e+01
   2.1605890e+06   5.5114746e+01
   2.1606130e+06   3.8879395e+01
   2.1608460e+06   5.2001953e+01
   2.1619190e+06   3.4790039e+01
   2.1620110e+06   3.2897949e+01
   2.1624670e+06   3.5217285e+01
   2.1628960e+06   5.1086426e+01
   2.1630910e+06   3.1921387e+01
   2.1632540e+06   3.1799316e+01
   2.1633580e+06   5.0659180e+01
   2.1636870e+06   3.2531738e+01
   2.1644900e+06   3.4057617e+01
   2.1659020e+06   3.7658691e+01
   2.1689280e+06   3.3203125e+01
   2.1747950e+06   3.6499023e+01
   2.1750840e+06   4.4616699e+01
   2.1758680e+06   5.2246094e+01
   2.1772030e+06   3.4973145e+01
   2.1772400e+06   3.3081055e+01
   2.1802430e+06   3.4057617e+01
   2.1808720e+06   3.2287598e+01
   2.1810450e+06   4.4921875e+01
   2.2012770e+06   5.2673340e+01
   2.2013710e+06   3.9367676e+01
   2.2014150e+06   4.5349121e+01
   2.2019030e+06   3.2531738e+01
   2.2020390e+06   4.9987793e+01
   2.2026360e+06   3.1555176e+01
   2.2029650e+06   3.3142090e+01
   2.2045060e+06   3.3569336e+01
   2.2059350e+06   3.3691406e+01
   2.2124500e+06   3.5522461e+01
   2.2124760e+06   3.5400391e+01
   2.2124970e+06   6.0302734e+01
   2.2132030e+06   6.6101074e+01
   2.2135190e+06   3.1738281e+01
   2.2911450e+06   4.4677734e+01
   2.2912420e+06   3.1555176e+01
   2.3073950e+06   3.2226562e+01
   2.3324170e+06   3.5705566e+01
   2.3324410e+06   6.3842773e+01
   2.3324690e+06   3.2470703e+01
   2.3324890e+06   3.1921387e+01
   2.3325220e+06   3.2043457e+01
   2.3504720e+06   3.7414551e+01
   2.3505650e+06   3.5095215e+01
   2.4219330e+06   4.7973633e+01
   2.4222360e+06   3.9428711e+01
   2.4223050e+06   3.2470703e+01
   2.4226830e+06   3.3325195e+01
   2.4227180e+06   3.9184570e+01
   2.4249030e+06   3.5888672e+01
   2.4253640e+06   4.5776367e+01
   2.4665340e+06   3.2470703e+01
   2.4940980e+06   3.6010742e+01
   2.4941770e+06   5.2429199e+01
   2.5080610e+06   3.1982422e+01
   2.5080750e+06   3.7597656e+01
   2.5081490e+06   3.5766602e+01
   2.5220790e+06   3.3203125e+01
   2.5222090e+06   3.4362793e+01
   2.5223500e+06   5.5297852e+01
   2.5238070e+06   3.5339355e+01
   2.5243260e+06   5.2185059e+01
   2.5263280e+06   6.0791016e+01
   2.5267720e+06   4.4860840e+01
   2.5270660e+06   5.0109863e+01
   2.5274630e+06   4.5776367e+01
   2.5278920e+06   3.3935547e+01
   2.5283020e+06   3.3203125e+01
   2.5283200e+06   4.8034668e+01
   2.5291850e+06   4.4738770e+01
   2.5292200e+06   5.8105469e+01
   2.5351840e+06   3.5583496e+01
   2.5376170e+06   5.0598145e+01
   2.5386410e+06   3.6499023e+01
   2.5421680e+06   3.3081055e+01
   2.5572970e+06   3.7902832e+01
   2.5573470e+06   3.1982422e+01
   2.5573580e+06   3.4179688e+01
   2.5573830e+06   3.2409668e+01
   2.5574520e+06   3.2165527e+01
   2.6163060e+06   3.5278320e+01
   2.6164190e+06   3.9672852e+01
   2.6165330e+06   3.3630371e+01
   2.6766950e+06   5.1574707e+01
   2.6771150e+06   3.5644531e+01
   2.6772780e+06   4.9499512e+01
   2.6778630e+06   3.3813477e+01
   2.6781670e+06   4.9011230e+01
   2.6790260e+06   3.2287598e+01
   2.6790490e+06   3.5705566e+01
   2.6801520e+06   5.0781250e+01
   2.6807120e+06   4.9987793e+01
   2.6815310e+06   3.4057617e+01
   2.6815540e+06   4.4677734e+01
   2.6815840e+06   3.2104492e+01
   2.6864150e+06   3.2836914e+01
   2.6865190e+06   5.4138184e+01
   2.6924120e+06   3.4667969e+01
   2.6926310e+06   3.2348633e+01
   2.6945070e+06   3.2043457e+01
   2.6963340e+06   3.2470703e+01
   2.6976160e+06   3.3020020e+01
   2.7023870e+06   3.2775879e+01
   2.7037460e+06   3.3447266e+01
   2.7070710e+06   3.9672852e+01
   2.7105030e+06   4.7912598e+01
   2.7770580e+06   4.0832520e+01
   2.7771210e+06   3.4057617e+01
   2.7771320e+06   3.6010742e+01
   2.7773190e+06   3.1555176e+01
   2.7920130e+06   3.7170410e+01
   2.7928940e+06   3.2043457e+01
   2.7943180e+06   3.4301758e+01
   2.7949690e+06   3.3386230e+01
   2.7955060e+06   4.1503906e+01
   2.7965870e+06   4.6997070e+01
   2.7972140e+06   4.1870117e+01
   2.7992090e+06   3.2409668e+01
   2.8002440e+06   3.5888672e+01
   2.8015270e+06   3.4545898e+01
   2.8677470e+06   3.7658691e+01
   2.8679610e+06   3.1799316e+01
   2.8679900e+06   4.4433594e+01
   2.8680670e+06   3.4423828e+01
   2.8681180e+06   3.4606934e+01
   2.8681290e+06   3.1982422e+01
   2.8681610e+06   3.1799316e+01
   2.8841610e+06   3.1738281e+01
   2.8842500e+06   5.4443359e+01
   2.8860290e+06   3.1799316e+01
   2.8873140e+06   3.7902832e+01
   2.8896780e+06   3.5705566e+01
   2.9009100e+06   5.3039551e+01
   2.9019340e+06   5.0903320e+01
   2.9019770e+06   3.1677246e+01
   2.9024860e+06   3.4423828e+01
   2.9026910e+06   4.4067383e+01
   2.9030540e+06   3.2897949e+01
   2.9032910e+06   3.7597656e+01
   2.9046580e+06   3.1921387e+01
   2.9312070e+06   3.2836914e+01
   2.9836550e+06   5.2612305e+01
   2.9837570e+06   3.7719727e+01
   3.0371410e+06   3.5827637e+01
   3.0372190e+06   3.1555176e+01
   3.0587940e+06   5.1940918e+01
   3.0588860e+06   3.4179688e+01
   3.0589080e+06   3.4545898e+01
   3.0589790e+06   3.3874512e+01
   3.0594080e+06   3.4973145e+01
   3.0596470e+06   3.5461426e+01
   3.0596830e+06   4.9682617e+01
   3.0963000e+06   3.8574219e+01
   3.0969360e+06   5.1391602e+01
   3.0969850e+06   3.2348633e+01
   3.0971570e+06   3.8391113e+01
   3.0972090e+06   3.4118652e+01
   3.0973970e+06   4.1564941e+01
   3.0974530e+06   3.3813477e+01
   3.0978690e+06   4.3823242e+01
   3.1464340e+06   4.3762207e+01
   3.1470060e+06   4.0283203e+01
   3.1473560e+06   3.3935547e+01
   3.1478370e+06   3.8696289e+01
   3.1622130e+06   5.7128906e+01
   3.1623590e+06   3.2409668e+01
   3.1763880e+06   5.0903320e+01
   3.1765540e+06   3.8513184e+01
   3.1777040e+06   3.7658691e+01
   3.1781480e+06   3.9978027e+01
   3.1816100e+06   3.7353516e+01
   3.1943100e+06   3.2409668e+01
   3.2183550e+06   4.8706055e+01
   3.2186270e+06   3.8940430e+01
   3.2186420e+06   5.0170898e+01
   3.2189350e+06   3.1494141e+01
   3.2189530e+06   5.1940918e+01
   3.2192370e+06   3.2958984e+01
   3.2194930e+06   3.1616211e+01
   3.2250640e+06   3.1738281e+01
   3.2647170e+06   3.5583496e+01
   3.2648330e+06   5.0476074e+01
   3.2649880e+06   3.5705566e+01
   3.2653830e+06   3.6499023e+01
   3.2654430e+06   3.6560059e+01
   3.2657240e+06   3.2226562e+01
   3.2689130e+06   3.3630371e+01
   3.2718510e+06   3.5461426e+01
   3.2739360e+06   3.2897949e+01
   3.2742400e+06   3.1555176e+01
   3.2769320e+06   3.4667969e+01
   3.2823030e+06   3.2714844e+01
   3.2904670e+06   3.2836914e+01
   3.2940350e+06   3.1494141e+01
   3.3484290e+06   4.4799805e+01
   3.3484940e+06   3.3447266e+01
   3.3485920e+06   3.2226562e+01
   3.3486880e+06   3.5522461e+01
   3.3488200e+06   3.6682129e+01
   3.3489410e+06   4.1931152e+01
   3.3491960e+06   4.3884277e+01
   3.3533310e+06   3.2897949e+01
   3.3541590e+06   3.2043457e+01
   3.3544520e+06   3.1616211e+01
   3.3586150e+06   3.1555176e+01
   3.3618660e+06   3.1860352e+01
   3.3632530e+06   3.3752441e+01
   3.4155580e+06   3.1799316e+01
   3.4158020e+06   4.4677734e+01
   3.4159120e+06   3.5400391e+01
   3.4161780e+06   3.3020020e+01
   3.4163100e+06   3.6743164e+01
   3.4172310e+06   3.3569336e+01
   3.4228960e+06   3.4606934e+01
   3.4248110e+06   3.5095215e+01
   3.4328020e+06   3.7902832e+01
   3.4534730e+06   4.1259766e+01
   3.4535240e+06   3.6926270e+01
   3.4535790e+06   3.3142090e+01
   3.4537670e+06   3.2653809e+01
   3.4568520e+06   3.3996582e+01
   3.4724340e+06   5.2490234e+01
   3.4724490e+06   3.8452148e+01
   3.4725580e+06   3.2958984e+01
   3.4725980e+06   3.2470703e+01
   3.4730340e+06   3.5583496e+01
   3.4732090e+06   3.6865234e+01
   3.4770620e+06   3.5034180e+01
   3.4789590e+06   3.6499023e+01
   3.4792070e+06   3.5095215e+01
   3.4872580e+06   4.3945312e+01
   3.4885260e+06   3.5217285e+01
   3.5012150e+06   3.2714844e+01
   3.5014280e+06   3.5156250e+01
   3.5674160e+06   3.3447266e+01
   3.5674370e+06   3.1677246e+01
   3.5674570e+06   5.1391602e+01
   3.5675990e+06   4.0832520e+01
   3.5683190e+06   3.2348633e+01
   3.5685640e+06   3.3691406e+01
   3.5691940e+06   3.3508301e+01
   3.5771280e+06   3.2043457e+01
   3.5773830e+06   3.3569336e+01
   3.6344770e+06   5.0720215e+01
   3.6347420e+06   3.2104492e+01
   3.6355190e+06   3.2104492e+01
   3.6356330e+06   5.6152344e+01
   3.6937690e+06   4.4189453e+01
   3.6939980e+06   4.9377441e+01
   3.6940330e+06   3.6254883e+01
   3.6944620e+06   3.5644531e+01
   3.6952010e+06   3.2470703e+01
   3.6958890e+06   3.6193848e+01
   3.7216490e+06   4.8522949e+01
   3.7218920e+06   3.6071777e+01
   3.7219070e+06   4.2419434e+01
   3.7222030e+06   4.0710449e+01
   3.7422880e+06   3.3630371e+01
   3.7424960e+06   4.8461914e+01
   3.7429680e+06   4.8950195e+01
   3.7432190e+06   4.6020508e+01
   3.7635950e+06   5.0903320e+01
   3.7644700e+06   3.2714844e+01
   3.7737590e+06   3.1616211e+01
   3.7738120e+06   3.2287598e+01
   3.7738590e+06   5.6091309e+01
   3.7739980e+06   3.3142090e+01
   3.7740300e+06   3.2531738e+01
   3.7918140e+06   4.3640137e+01
   3.7921000e+06   3.4545898e+01
   3.7930420e+06   3.2287598e+01
   3.7938570e+06   3.3630371e+01
   3.7980590e+06   3.2775879e+01
   3.8249080e+06   4.4189453e+01
   3.8249480e+06   4.5227051e+01
   3.8250210e+06   3.2287598e+01
   3.8250750e+06   3.9489746e+01
   3.8251290e+06   3.8940430e+01
   3.8251950e+06   3.3630371e+01
   3.8252360e+06   3.7170410e+01
   3.8464780e+06   4.9743652e+01
   3.8635460e+06   3.1494141e+01
   3.8635910e+06   3.1616211e+01
   3.9900810e+06   3.4179688e+01
   3.9901850e+06   3.1860352e+01
   3.9902190e+06   5.1025391e+01
   4.0186960e+06   4.4860840e+01
   4.0206380e+06   5.9204102e+01
   4.0206690e+06   3.8513184e+01
   4.0207000e+06   3.4423828e+01
   4.0215390e+06   3.9611816e+01
   4.1193510e+06   4.9255371e+01
   4.1194680e+06   4.6264648e+01
   4.1208580e+06   3.2592773e+01
   4.1236540e+06   3.1921387e+01
   4.1696230e+06   3.2226562e+01
   4.1702450e+06   3.2348633e+01
   4.2131410e+06   5.3710937e+01
   4.2131700e+06   3.6193848e+01
   4.2313660e+06   4.4250488e+01
   4.2314580e+06   3.4484863e+01
   4.2316230e+06   3.2714844e+01
   4.2503220e+06   4.7180176e+01
   4.2503330e+06   3.4362793e+01
   4.2703690e+06   3.1677246e+01
   4.2705660e+06   3.6560059e+01
   4.2706520e+06   4.6936035e+01
   4.2954950e+06   3.5400391e+01
   4.2955220e+06   3.4667969e+01
   4.2956480e+06   6.7871094e+01
   4.3685270e+06   4.3945312e+01
   4.3685560e+06   4.8706055e+01
   4.3686620e+06   3.1738281e+01
   4.3884200e+06   3.2409668e+01
   4.3886950e+06   3.3874512e+01
   4.4075540e+06   3.4118652e+01
   4.4078050e+06   3.2470703e+01
   4.4342440e+06   3.2592773e+01
   4.4343670e+06   3.2836914e+01
   4.4461460e+06   4.5471191e+01
   4.4475370e+06   3.4973145e+01
   4.4482300e+06   3.1494141e+01
   4.4752110e+06   3.4423828e+01
   4.4754320e+06   3.3752441e+01
   4.4917640e+06   3.1616211e+01
   4.4919700e+06   3.3508301e+01
   4.4925790e+06   3.9123535e+01
   4.4939990e+06   3.1982422e+01
   4.5873580e+06   3.2226562e+01
   4.6108080e+06   5.3161621e+01
   4.6120630e+06   3.2592773e+01
   4.6357850e+06   3.3081055e+01
   4.6364000e+06   3.3508301e+01
   4.6368070e+06   3.9855957e+01
   4.6375780e+06   3.2348633e+01
   4.6392070e+06   3.2104492e+01
   4.6420770e+06   3.6682129e+01
   4.6421970e+06   3.2958984e+01
   4.6422100e+06   3.4423828e+01
   4.6483270e+06   4.6386719e+01
   4.6819090e+06   3.3508301e+01
   4.7158910e+06   3.3203125e+01
   4.7320750e+06   3.2104492e+01
   4.7360260e+06   5.1757812e+01
   4.7362710e+06   3.2043457e+01
   4.7746710e+06   3.2592773e+01
   4.7779610e+06   4.9499512e+01
   4.7805580e+06   4.8889160e+01
   4.7806490e+06   3.3203125e+01
   4.7808000e+06   3.2775879e+01
   4.7858400e+06   5.8898926e+01
   4.7865330e+06   4.6569824e+01
   4.7918710e+06   5.1574707e+01
   4.8001520e+06   3.3996582e+01
   4.8083110e+06   5.8105469e+01
   4.8140180e+06   3.5888672e+01
   4.8141480e+06   5.3283691e+01
   4.8144380e+06   5.2490234e+01
   4.8231210e+06   3.2226562e+01
   4.8247630e+06   3.4240723e+01
   4.8254560e+06   5.9570312e+01
   4.8257670e+06   3.1677246e+01
   4.8261220e+06   3.3752441e+01
   4.8262570e+06   5.1452637e+01
   4.8263660e+06   3.9001465e+01
   4.8711810e+06   3.7841797e+01
   4.8714790e+06   4.4677734e+01
   4.8715720e+06   3.9611816e+01
   4.8717160e+06   4.4311523e+01
   4.8756750e+06   5.5236816e+01
   4.8851170e+06   4.8583984e+01
   4.8852520e+06   3.6132812e+01
   4.8856070e+06   4.9926758e+01
   4.8859660e+06   4.8217773e+01
   4.8868630e+06   4.7180176e+01
   4.8959830e+06   3.1677246e+01
   4.8970240e+06   4.5898438e+01
   4.9709050e+06   3.4362793e+01
   4.9709530e+06   3.5461426e+01
   4.9709980e+06   4.0466309e+01
   5.0160140e+06   3.3752441e+01
   5.0167240e+06   4.5349121e+01
   5.0169260e+06   3.3569336e+01
   5.0577210e+06   3.3447266e+01
   5.0577590e+06   4.4860840e+01
   5.0578150e+06   4.2236328e+01
   5.0578570e+06   3.5034180e+01
   5.0579600e+06   3.1982422e+01
   5.0632300e+06   3.3264160e+01
   5.0638190e+06   3.2226562e+01
   5.0638570e+06   3.1677246e+01
   5.0654160e+06   4.9194336e+01
   5.0824580e+06   3.1799316e+01
   5.0824860e+06   4.8645020e+01
   5.0825150e+06   3.5095215e+01
   5.0825250e+06   3.8452148e+01
   5.0826060e+06   4.6630859e+01
   5.1029360e+06   3.3935547e+01
   5.1029890e+06   4.3762207e+01
   5.1030120e+06   3.1555176e+01
   5.1030850e+06   3.4606934e+01
   5.1032280e+06   3.3020020e+01
   5.1260220e+06   6.0485840e+01
   5.1260880e+06   3.4912109e+01
   5.1262340e+06   3.1555176e+01
   5.1562510e+06   6.0974121e+01
   5.1562910e+06   3.1494141e+01
   5.1563380e+06   4.5104980e+01
   5.1563530e+06   3.2653809e+01
   5.1565080e+06   4.0039062e+01
   5.2001490e+06   4.0283203e+01
   5.2003460e+06   3.2409668e+01
   5.2004140e+06   4.0161133e+01
   5.2005200e+06   3.2409668e+01
   5.2005360e+06   4.6997070e+01
   5.2454980e+06   4.1748047e+01
   5.2684930e+06   3.3081055e+01
   5.3165080e+06   4.9438477e+01
   5.3286640e+06   4.4128418e+01
   5.3297220e+06   5.0598145e+01
   5.3308580e+06   5.6640625e+01
   5.3311920e+06   6.0302734e+01
   5.3332970e+06   3.7170410e+01
   5.3334150e+06   4.7546387e+01
   5.3338810e+06   5.7556152e+01
   5.3341650e+06   3.9062500e+01
   5.3406790e+06   4.1320801e+01
   5.3407740e+06   3.5522461e+01
   5.3408450e+06   4.6142578e+01
   5.3429680e+06   3.1921387e+01
   5.3430410e+06   5.4565430e+01
   5.3454900e+06   3.6926270e+01
   5.3865010e+06   4.5837402e+01
   5.3866560e+06   4.8278809e+01
   5.3867590e+06   3.2653809e+01
   5.3879230e+06   4.9743652e+01
   5.3880690e+06   3.8818359e+01
   5.3884330e+06   3.3935547e+01
   5.3928510e+06   3.3752441e+01
   5.4037270e+06   4.3273926e+01
   5.4039700e+06   5.5541992e+01
   5.4039810e+06   3.3630371e+01
   5.4044250e+06   4.1259766e+01
   5.4053310e+06   3.1494141e+01
   5.4473490e+06   3.3203125e+01
   5.4474740e+06   5.7495117e+01
   5.4475160e+06   3.3325195e+01
   5.4475640e+06   3.4423828e+01
   5.4475860e+06   3.1799316e+01
   5.4665020e+06   4.5837402e+01
   5.4667320e+06   4.1870117e+01
   5.4708830e+06   4.5837402e+01
   5.4709140e+06   3.3386230e+01
   5.4709610e+06   3.5156250e+01
   5.4710030e+06   3.2104492e+01
   5.5002570e+06   6.1157227e+01
   5.5005950e+06   4.9316406e+01
   5.5006290e+06   3.9978027e+01
   5.5105280e+06   5.0842285e+01
   5.5146080e+06   3.9733887e+01
   5.5148180e+06   3.1738281e+01
   5.5148870e+06   3.9672852e+01
   5.5178350e+06   4.5898438e+01
   5.5211010e+06   3.7658691e+01
   5.5211720e+06   4.7912598e+01
   5.6386260e+06   3.1799316e+01
   5.6387320e+06   4.6508789e+01
   5.6388320e+06   3.6682129e+01
   5.6395400e+06   3.1677246e+01
   5.6521950e+06   3.1921387e+01
   5.6523150e+06   3.8757324e+01
   5.6523990e+06   3.3020020e+01
   5.6701710e+06   4.6325684e+01
   5.6704800e+06   3.8146973e+01
   5.6705380e+06   3.4240723e+01
   5.6950200e+06   4.0771484e+01
   5.6950360e+06   3.3325195e+01
   5.6951470e+06   3.2592773e+01
   5.6952020e+06   3.3264160e+01
   5.7887230e+06   3.4729004e+01
   5.8041810e+06   4.6875000e+01
   5.8058840e+06   4.3029785e+01
   5.8058990e+06   4.0344238e+01
   5.8059160e+06   4.7302246e+01
   5.8061970e+06   3.8330078e+01
   5.8064500e+06   4.8339844e+01
   5.8250070e+06   3.1555176e+01
   5.8250910e+06   5.1513672e+01
   5.8256040e+06   5.5541992e+01
   5.8261680e+06   3.2958984e+01
   5.8272700e+06   3.1982422e+01
   5.8283860e+06   3.2653809e+01
   5.8284270e+06   4.5593262e+01
   5.8337170e+06   3.1555176e+01
   5.8760190e+06   3.2775879e+01
   5.8761460e+06   5.9631348e+01
   5.8761930e+06   3.3996582e+01
   5.8762240e+06   3.1494141e+01
   5.8762650e+06   3.2165527e+01
   5.8940980e+06   3.4545898e+01
   5.8941180e+06   3.1616211e+01
   5.8941650e+06   5.5236816e+01
   5.9279760e+06   3.1677246e+01
   5.9280990e+06   5.9082031e+01
   5.9549080e+06   3.2043457e+01
   5.9777040e+06   3.4790039e+01
   5.9810010e+06   3.4851074e+01
   6.0155420e+06   3.2653809e+01
   6.0158110e+06   5.2734375e+01
   6.0544160e+06   3.2104492e+01
   6.0937590e+06   3.1738281e+01
   6.0959400e+06   4.8522949e+01
   6.0961080e+06   3.8940430e+01
   6.1221230e+06   3.3752441e+01
   6.1222200e+06   5.3161621e+01
   6.1243530e+06   3.5888672e+01
   6.1385420e+06   3.2592773e+01
   6.1385680e+06   3.7109375e+01
   6.1387320e+06   5.1086426e+01
   6.1686120e+06   4.3823242e+01
   6.2073860e+06   3.5217285e+01
   6.2287900e+06   5.0720215e+01
   6.2288460e+06   3.5095215e+01
   6.2448940e+06   3.2836914e+01
   6.2449270e+06   4.0344238e+01
   6.2449850e+06   5.6396484e+01
   6.2451230e+06   3.9611816e+01
   6.2452690e+06   3.8208008e+01
   6.2643600e+06   4.0161133e+01
   6.2644490e+06   4.9743652e+01
   6.2645050e+06   3.2043457e+01
   6.2645920e+06   3.3447266e+01
   6.2845130e+06   3.4790039e+01
   6.3053700e+06   3.3752441e+01
   6.3054400e+06   3.3325195e+01
   6.3263130e+06   4.2541504e+01
   6.3264050e+06   5.3344727e+01
   6.3264300e+06   3.4973145e+01
   6.3264690e+06   3.8574219e+01
   6.3264810e+06   3.1738281e+01
   6.3508600e+06   3.4912109e+01
   6.3509050e+06   4.0039062e+01
   6.3509840e+06   3.5278320e+01
   6.3510410e+06   3.9001465e+01
   6.3808240e+06   4.3090820e+01
   6.3808430e+06   3.3081055e+01
   6.3808770e+06   4.7973633e+01
   6.3809290e+06   3.3691406e+01
   6.4145460e+06   4.0222168e+01
   6.4146510e+06   3.2043457e+01
   6.4146900e+06   3.2226562e+01
   6.5036830e+06   3.1860352e+01
   6.5194970e+06   4.7180176e+01
   6.5207400e+06   4.2541504e+01
   6.5212620e+06   4.3029785e+01
   6.5216910e+06   4.1259766e+01
   6.5370690e+06   3.3935547e+01
   6.5472810e+06   4.8889160e+01
   6.5474510e+06   5.3833008e+01
   6.5478080e+06   3.4790039e+01
   6.5480170e+06   4.7973633e+01
   6.5608090e+06   3.2653809e+01
   6.5608300e+06   5.5175781e+01
   6.5609330e+06   4.0710449e+01
   6.5799810e+06   5.2368164e+01
   6.5801470e+06   3.8208008e+01
   6.5804930e+06   5.1574707e+01
   6.6033640e+06   4.4189453e+01
   6.6037970e+06   5.4382324e+01
   6.6335800e+06   4.2907715e+01
   6.6340170e+06   3.5583496e+01
   6.6342140e+06   3.4484863e+01
   6.6583970e+06   4.9072266e+01
   6.6585440e+06   3.2470703e+01
   6.6587380e+06   3.7963867e+01
   6.6588940e+06   3.3630371e+01
   6.6590660e+06   3.1982422e+01
   6.6593890e+06   3.7902832e+01
   6.6595910e+06   3.2653809e+01
   6.6753790e+06   3.7170410e+01
   6.6754390e+06   4.3823242e+01
   6.6756150e+06   3.7719727e+01
   6.6757770e+06   3.7536621e+01
   6.6759810e+06   3.6682129e+01
   6.6762300e+06   3.6254883e+01
   6.6765910e+06   3.7597656e+01
   6.6766870e+06   3.4667969e+01
   6.6770540e+06   3.2226562e+01
   6.6901360e+06   5.3894043e+01
   6.6901710e+06   3.2409668e+01
   6.6907190e+06   3.4057617e+01
   6.6909220e+06   3.6437988e+01
   6.7050940e+06   4.7851562e+01
   6.7055310e+06   3.6010742e+01
   6.7057530e+06   3.9978027e+01
   6.7062480e+06   4.1503906e+01
   6.7063560e+06   3.4301758e+01
   6.7076990e+06   3.2287598e+01
   6.7114740e+06   3.5644531e+01
   6.7117000e+06   4.2602539e+01
   6.7287090e+06   3.1860352e+01
   6.7296460e+06   3.3203125e+01
   6.7634580e+06   4.8034668e+01
   6.7635470e+06   3.1982422e+01
   6.7636210e+06   3.3996582e+01
   6.7641470e+06   3.3874512e+01
   6.7644940e+06   3.3447266e+01
   6.7675730e+06   3.3020020e+01
   6.7677720e+06   3.6560059e+01
   6.7683730e+06   3.3203125e+01
   6.7963140e+06   3.8513184e+01
   6.7963530e+06   3.4606934e+01
   6.7964020e+06   3.7841797e+01
   6.7965680e+06   3.3630371e+01
   6.7965910e+06   3.3569336e+01
   6.7968800e+06   4.1015625e+01
   6.7971780e+06   3.2104492e+01
   6.7972050e+06   4.1442871e+01
   6.8017280e+06   3.2714844e+01
   6.8020700e+06   3.3203125e+01
   6.8024210e+06   3.2714844e+01
   6.8196380e+06   4.2236328e+01
   6.8198310e+06   3.9428711e+01
   6.8206620e+06   4.2175293e+01
   6.8675790e+06   6.8481445e+01
   6.8677470e+06   3.5522461e+01
   6.8680580e+06   3.1982422e+01
   6.8682790e+06   3.4301758e+01
   6.8686010e+06   3.3691406e+01
   6.8742540e+06   3.5949707e+01
   6.8757140e+06   3.2958984e+01
   6.8795850e+06   3.2592773e+01
   6.8887340e+06   3.2531738e+01
   6.8890080e+06   4.0222168e+01
   6.8893850e+06   4.2602539e+01
   6.8895330e+06   3.6926270e+01
   6.9011260e+06   4.9682617e+01
   6.9012670e+06   3.4484863e+01
   6.9014300e+06   3.2714844e+01
   6.9016860e+06   4.0832520e+01
   6.9024440e+06   3.2043457e+01
   6.9132880e+06   3.4484863e+01
   6.9362700e+06   5.3466797e+01
   6.9363750e+06   3.5034180e+01
   6.9365500e+06   3.2958984e+01
   6.9366720e+06   3.1738281e+01
   6.9367820e+06   4.5288086e+01
   6.9370030e+06   3.6010742e+01
   6.9370320e+06   4.3884277e+01
   6.9732400e+06   4.9499512e+01
   6.9735040e+06   3.4301758e+01
   6.9736930e+06   3.1982422e+01
   6.9737430e+06   4.1625977e+01
   6.9737750e+06   3.3020020e+01
   6.9740080e+06   3.3996582e+01
   6.9742430e+06   4.4738770e+01
   7.0255810e+06   3.2592773e+01
   7.0256640e+06   3.7475586e+01
   7.0258560e+06   4.5532227e+01
   7.0263360e+06   4.6203613e+01
   7.0265770e+06   3.6071777e+01
   7.0267090e+06   3.4118652e+01
   7.0269990e+06   3.2531738e+01
   7.0335230e+06   3.2836914e+01
   7.0542920e+06   5.2734375e+01
   7.0545350e+06   4.8217773e+01
   7.0548660e+06   4.0527344e+01
   7.0550050e+06   3.9062500e+01
   7.0551360e+06   3.3081055e+01
   7.0553530e+06   3.6621094e+01
   7.1049140e+06   3.3386230e+01
   7.1172430e+06   4.6691895e+01
   7.1175240e+06   4.8461914e+01
   7.1177670e+06   3.9978027e+01
   7.1181600e+06   3.6926270e+01
   7.1181740e+06   3.9428711e+01
   7.1509520e+06   4.0710449e+01
   7.1514890e+06   4.1137695e+01
   7.1730850e+06   4.3334961e+01
   7.1736010e+06   5.1391602e+01
   7.1737610e+06   4.1625977e+01
   7.1746420e+06   3.3325195e+01
   7.2064570e+06   4.9499512e+01
   7.2067300e+06   5.6030273e+01
   7.2072870e+06   4.7729492e+01
   7.2074990e+06   3.1738281e+01
   7.2081750e+06   3.1860352e+01
   7.2370440e+06   4.4799805e+01
   7.2373840e+06   3.3874512e+01
   7.2376890e+06   4.9621582e+01
   7.2379550e+06   3.4301758e+01
   7.2380130e+06   4.1137695e+01
   7.2385910e+06   3.5034180e+01
   7.2482150e+06   5.4382324e+01
   7.2482440e+06   3.4851074e+01
   7.2483470e+06   3.2348633e+01
   7.2711040e+06   4.3151855e+01
   7.2716130e+06   3.6254883e+01
   7.2716620e+06   3.9428711e+01
   7.2718570e+06   4.1748047e+01
   7.2719370e+06   5.3833008e+01
   7.2720910e+06   3.6376953e+01
   7.3079330e+06   5.1147461e+01
   7.3079500e+06   3.2409668e+01
   7.3080080e+06   3.6865234e+01
   7.3080690e+06   3.5034180e+01
   7.3081870e+06   3.3874512e+01
   7.3286240e+06   4.6142578e+01
   7.3287320e+06   4.3151855e+01
   7.3710670e+06   5.1269531e+01
   7.3710870e+06   3.2653809e+01
   7.3924380e+06   4.8645020e+01
   7.4626000e+06   4.6569824e+01
   7.4628090e+06   3.5705566e+01
   7.4630640e+06   3.4545898e+01
   7.4634300e+06   3.1799316e+01
   7.4635120e+06   3.3447266e+01
   7.4635470e+06   3.3203125e+01
   7.4638550e+06   3.2348633e+01
   7.4638930e+06   3.4240723e+01
   7.5421670e+06   5.8227539e+01
   7.5424220e+06   3.3691406e+01
   7.5426680e+06   3.9733887e+01
   7.5430690e+06   3.9001465e+01
   7.5435570e+06   3.2592773e+01
   7.5932920e+06   5.6030273e+01
   7.5936940e+06   4.7241211e+01
   7.5938330e+06   3.3020020e+01
   7.5942340e+06   3.4301758e+01
   7.5942520e+06   3.2714844e+01
   7.5947470e+06   3.3203125e+01
   7.6711550e+06   3.2043457e+01
   7.6716820e+06   4.7363281e+01
   7.6892210e+06   3.3935547e+01
   7.7227040e+06   5.7312012e+01
   7.7227260e+06   3.4057617e+01
   7.7227600e+06   3.4667969e+01
   7.7228480e+06   4.0954590e+01
   7.7229300e+06   3.7597656e+01
   7.7231200e+06   3.1738281e+01
   7.7401980e+06   4.3762207e+01
   7.7403120e+06   3.5766602e+01
   7.7601000e+06   3.2897949e+01
   7.7602180e+06   3.7292480e+01
   7.7602300e+06   4.0893555e+01
   7.7603230e+06   3.3386230e+01
   7.7854920e+06   5.1269531e+01
   7.7855700e+06   3.7658691e+01
   7.7856290e+06   3.3325195e+01
   7.8069300e+06   3.3874512e+01
   7.8070060e+06   6.3476562e+01
   7.8070550e+06   3.6132812e+01
   7.8071080e+06   3.3996582e+01
   7.8124830e+06   3.3325195e+01
   7.8126000e+06   5.3894043e+01
   7.8127230e+06   3.4240723e+01
   7.8827940e+06   5.4565430e+01
   7.8829290e+06   5.8349609e+01
   7.8870680e+06   3.6071777e+01
   7.9116900e+06   3.2287598e+01
   7.9119300e+06   3.1860352e+01
   7.9120250e+06   3.3264160e+01
   7.9253380e+06   3.6376953e+01
   7.9439470e+06   3.4667969e+01
   8.0704470e+06   3.3508301e+01
   8.0705030e+06   3.5156250e+01
   8.1681090e+06   3.8940430e+01
   8.1706180e+06   3.3935547e+01
   8.1807500e+06   5.6457520e+01
   8.1808290e+06   3.9733887e+01
   8.1808950e+06   3.2470703e+01
   8.2007130e+06   3.3569336e+01
   8.2007270e+06   4.0283203e+01
   8.3131040e+06   4.4189453e+01
   8.3142460e+06   5.9570312e+01
   8.3195900e+06   5.2612305e+01
   8.3210750e+06   5.3466797e+01
   8.3215270e+06   3.6560059e+01
   8.3296740e+06   4.5959473e+01
   8.3307850e+06   4.2114258e+01
   8.3423600e+06   5.0109863e+01
   8.3423990e+06   3.4606934e+01
   8.3424500e+06   3.2531738e+01
   8.3427360e+06   3.2836914e+01
   8.3797850e+06   3.3081055e+01
   8.3798630e+06   5.6213379e+01
   8.3799140e+06   3.5644531e+01
   8.3799400e+06   4.4555664e+01
   8.3800600e+06   3.2836914e+01
   8.4793810e+06   3.2409668e+01
   8.5370330e+06   4.1442871e+01
   8.5371820e+06   3.2287598e+01
   8.5648140e+06   4.9865723e+01
   8.5925980e+06   4.0954590e+01
   8.5927830e+06   3.3569336e+01
   8.6044300e+06   3.7231445e+01
   8.6044850e+06   3.7475586e+01
   8.6045030e+06   4.8461914e+01
   8.6302470e+06   4.5166016e+01
   8.7339400e+06   3.8513184e+01
   8.7341140e+06   3.1921387e+01
   8.7353190e+06   4.7790527e+01
   8.7364490e+06   3.1982422e+01
   8.7369340e+06   3.2836914e+01
   8.7401060e+06   6.7077637e+01
   8.7409780e+06   3.2470703e+01
   8.7413010e+06   4.9926758e+01
   8.7417800e+06   4.8461914e+01
   8.7418420e+06   3.5461426e+01
   8.7423640e+06   4.4433594e+01
   8.7430740e+06   3.6804199e+01
   8.7431150e+06   4.6813965e+01
   8.7776780e+06   3.3813477e+01
   8.7777120e+06   5.1818848e+01
   8.7783010e+06   5.4992676e+01
   8.7789600e+06   4.4372559e+01
   8.7822500e+06   3.5949707e+01
   8.7827000e+06   4.3518066e+01
   8.7828220e+06   3.4301758e+01
   8.7942730e+06   3.2348633e+01
   8.7965870e+06   3.5400391e+01
   8.7971960e+06   3.5461426e+01
   8.7979020e+06   4.9682617e+01
   8.7982630e+06   4.6508789e+01
   8.8212580e+06   4.5288086e+01
   8.8213110e+06   3.1982422e+01
   8.8252560e+06   3.2714844e+01
   8.8271300e+06   3.4667969e+01
   8.8277020e+06   3.1860352e+01
   8.8328580e+06   4.2602539e+01
   8.8331260e+06   4.2297363e+01
   8.8334660e+06   3.3447266e+01
   8.8335630e+06   3.9245605e+01
   8.8336560e+06   4.6875000e+01
   8.8423920e+06   4.0527344e+01
   8.8424340e+06   3.7841797e+01
   8.8470450e+06   4.7973633e+01
   8.8476570e+06   4.1992188e+01
   8.8479790e+06   4.1076660e+01
   8.8538580e+06   4.8950195e+01
   8.8540870e+06   3.3081055e+01
   8.8544640e+06   4.7729492e+01
   8.8640120e+06   4.5043945e+01
   8.8644660e+06   3.8574219e+01
   8.8934000e+06   3.8757324e+01
   8.8934160e+06   3.2653809e+01
   8.8934380e+06   6.9152832e+01
   8.8934540e+06   3.3447266e+01
   8.8949160e+06   4.0039062e+01
   8.8962420e+06   3.2531738e+01
   8.8976250e+06   3.4729004e+01
   8.8977860e+06   3.1677246e+01
   8.9118650e+06   4.6630859e+01
   8.9119120e+06   3.6804199e+01
   8.9124750e+06   3.2470703e+01
   8.9646630e+06   3.3203125e+01
   8.9647280e+06   3.2653809e+01
   8.9647730e+06   4.7363281e+01
   8.9647980e+06   3.2653809e+01
   8.9648880e+06   3.4179688e+01
   8.9649980e+06   3.2836914e+01
   9.0200230e+06   3.1860352e+01
   9.0367500e+06   3.3386230e+01
   9.0368560e+06   4.4616699e+01
   9.0368930e+06   3.4729004e+01
   9.1042290e+06   4.8400879e+01
   9.1042410e+06   3.1860352e+01
   9.1042840e+06   3.4667969e+01
   9.1286100e+06   3.7109375e+01
   9.1293260e+06   3.4423828e+01
   9.1293480e+06   6.0424805e+01
   9.1294690e+06   3.6682129e+01
   9.1328600e+06   3.2653809e+01
   9.1586560e+06   5.1086426e+01
   9.1857450e+06   6.1096191e+01
   9.1891380e+06   4.2846680e+01
   9.1902940e+06   5.6579590e+01
   9.1951260e+06   3.3081055e+01
   9.1961390e+06   3.1616211e+01
   9.1964520e+06   4.5898438e+01
   9.1988170e+06   3.1860352e+01
   9.1990020e+06   4.7668457e+01
   9.1997000e+06   3.3508301e+01
   9.2024340e+06   3.2470703e+01
   9.2131830e+06   3.9367676e+01
   9.2357880e+06   5.1757812e+01
   9.2550940e+06   6.0485840e+01
   9.3155400e+06   3.2775879e+01
   9.3157120e+06   5.2368164e+01
   9.3163540e+06   5.4748535e+01
   9.3531340e+06   5.5419922e+01
   9.3532160e+06   3.6315918e+01
   9.3533000e+06   3.4240723e+01
   9.3534150e+06   3.3386230e+01
   9.3749650e+06   5.5541992e+01
   9.3749790e+06   3.2531738e+01
   9.3752040e+06   4.1564941e+01
   9.4045210e+06   3.9978027e+01
   9.4046710e+06   3.9672852e+01
   9.4432460e+06   3.6865234e+01
   9.4432950e+06   3.3630371e+01
   9.4433150e+06   5.3283691e+01
   9.4434870e+06   3.4057617e+01
   9.5177720e+06   4.7180176e+01
   9.5178130e+06   3.3264160e+01
   9.5180220e+06   3.4606934e+01
   9.5184960e+06   4.0283203e+01
   9.5186580e+06   3.3569336e+01
   9.5188390e+06   3.2287598e+01
   9.5194980e+06   3.2775879e+01
   9.5406580e+06   3.1799316e+01
   9.5473780e+06   3.1677246e+01
   9.5477440e+06   4.5898438e+01
   9.5478910e+06   4.2053223e+01
   9.5481120e+06   3.3996582e+01
   9.5483020e+06   3.3142090e+01
   9.5485140e+06   4.0283203e+01
   9.5486980e+06   3.3935547e+01
   9.6197550e+06   4.6264648e+01
   9.6198810e+06   4.0893555e+01
   9.6200070e+06   3.2287598e+01
   9.6203070e+06   3.4362793e+01
   9.6207280e+06   4.3151855e+01
   9.6467110e+06   3.1738281e+01
   9.6468530e+06   4.3029785e+01
   9.6470650e+06   3.2470703e+01
   9.6488540e+06   3.3752441e+01
   9.6578070e+06   5.2795410e+01
   9.6578270e+06   3.3447266e+01
   9.6578520e+06   4.0100098e+01
   9.6578680e+06   3.5400391e+01
   9.6579150e+06   3.2653809e+01
   9.6579930e+06   3.3020020e+01
   9.6815650e+06   4.2480469e+01
   9.6816160e+06   3.5583496e+01
   9.6816520e+06   3.3813477e+01
   9.6822360e+06   3.4851074e+01
   9.6822700e+06   3.6193848e+01
   9.6825060e+06   3.2775879e+01
   9.7085150e+06   3.9184570e+01
   9.7086700e+06   3.5400391e+01
   9.7088190e+06   3.3752441e+01
   9.7094750e+06   3.3996582e+01
   9.7272020e+06   4.6691895e+01
   9.7273220e+06   3.8024902e+01
   9.7276650e+06   3.7597656e+01
   9.7278840e+06   3.5766602e+01
   9.7407090e+06   3.5705566e+01
   9.7409890e+06   3.2836914e+01
   9.7410860e+06   3.5583496e+01
   9.7415360e+06   3.6071777e+01
   9.7416310e+06   3.3081055e+01
   9.7419200e+06   3.5522461e+01
   9.7648990e+06   4.3273926e+01
   9.7649830e+06   3.3447266e+01
   9.7654170e+06   3.1860352e+01
   9.7655260e+06   3.2104492e+01
   9.7660930e+06   3.4606934e+01
   9.7712090e+06   4.7058105e+01
   9.7713550e+06   3.3935547e+01
   9.7717600e+06   4.0771484e+01
   9.7730270e+06   3.1677246e+01
   9.7927030e+06   3.1555176e+01
   9.8054970e+06   5.3405762e+01
   9.8056990e+06   3.2043457e+01
   9.8057550e+06   3.2592773e+01
   9.8057760e+06   3.4118652e+01
   9.8058970e+06   3.9306641e+01
   9.8071120e+06   3.1677246e+01
   9.8176820e+06   3.1860352e+01
   9.8226010e+06   3.3691406e+01
   9.8639000e+06   5.4382324e+01
   9.8640080e+06   3.7048340e+01
   9.8642100e+06   3.5766602e+01
   9.8645120e+06   3.6315918e+01
   9.8648260e+06   3.4790039e+01
   9.8656860e+06   3.3203125e+01
   9.8668530e+06   3.3447266e+01
   9.8767180e+06   3.5095215e+01
   9.8781940e+06   3.2775879e+01
   9.8803140e+06   3.2409668e+01
   9.9041420e+06   5.6640625e+01
   9.9042210e+06   3.2775879e+01
   9.9042350e+06   3.3508301e+01
   9.9043900e+06   5.1696777e+01
   9.9046220e+06   3.6132812e+01
   9.9048450e+06   3.5827637e+01
   9.9051020e+06   3.3935547e+01
   9.9054920e+06   3.1982422e+01
   9.9056340e+06   4.3701172e+01
   9.9089960e+06   3.2958984e+01
   9.9102090e+06   3.1860352e+01
   9.9201730e+06   3.6437988e+01
   9.9467900e+06   3.8330078e+01
   9.9468690e+06   5.3344727e+01
   9.9470640e+06   3.2348633e+01
   9.9471380e+06   3.2470703e+01
   9.9473810e+06   4.1992188e+01
   9.9477180e+06   3.4790039e+01
   9.9478460e+06   3.1616211e+01
   9.9479950e+06   3.1982422e+01
   9.9519670e+06   3.3813477e+01
   9.9530250e+06   3.2714844e+01
   9.9968140e+06   4.1870117e+01
   9.9968920e+06   3.3508301e+01
   9.9969550e+06   3.5339355e+01
   9.9972230e+06   3.1555176e+01
   1.0000253e+07   3.6010742e+01
   1.0000980e+07   3.2043457e+01
   1.0016552e+07   3.4851074e+01
   1.0016571e+07   3.2043457e+01
   1.0017286e+07   4.6752930e+01
   1.0078003e+07   4.5471191e+01
   1.0078101e+07   3.4729004e+01
   1.0078322e+07   3.4240723e+01
   1.0078460e+07   3.1982422e+01
   1.0078560e+07   3.5583496e+01
   1.0078764e+07   3.3996582e+01
   1.0078934e+07   3.6743164e+01
   1.0079534e+07   3.4851074e+01
   1.0081366e+07   3.3874512e+01
   1.0134033e+07   4.6081543e+01
   1.0134179e+07   3.2348633e+01
   1.0134660e+07   3.4057617e+01
   1.0134670e+07   3.6437988e+01
   1.0134862e+07   4.4494629e+01
   1.0134887e+07   3.5095215e+01
   1.0135219e+07   3.3447266e+01
   1.0135280e+07   4.3090820e+01
   1.0136581e+07   3.3386230e+01
   1.0140792e+07   3.3386230e+01
   1.0170658e+07   3.6132812e+01
   1.0170809e+07   4.3029785e+01
   1.0171186e+07   4.6142578e+01
   1.0171290e+07   3.3996582e+01
   1.0171510e+07   3.5949707e+01
   1.0171811e+07   3.8940430e+01
   1.0182572e+07   3.1677246e+01
   1.0182616e+07   4.8889160e+01
   1.0182642e+07   4.2602539e+01
   1.0182697e+07   3.8208008e+01
   1.0182925e+07   3.1860352e+01
   1.0215510e+07   4.5532227e+01
   1.0215686e+07   3.1616211e+01
   1.0215702e+07   4.6325684e+01
   1.0216000e+07   3.6743164e+01
   1.0222788e+07   3.1921387e+01
   1.0276664e+07   3.4118652e+01
   1.0276878e+07   3.7841797e+01
   1.0277175e+07   3.5156250e+01
   1.0319482e+07   4.6813965e+01
   1.0319759e+07   4.3029785e+01
   1.0320237e+07   3.8513184e+01
   1.0335943e+07   3.3264160e+01
   1.0336007e+07   4.6264648e+01
   1.0336077e+07   3.4912109e+01
   1.0336106e+07   3.3935547e+01
   1.0336236e+07   3.7536621e+01
   1.0361847e+07   4.0405273e+01
   1.0362184e+07   4.5898438e+01
   1.0363486e+07   3.2348633e+01
   1.0376899e+07   3.1860352e+01
   1.0376971e+07   3.8330078e+01
   1.0419940e+07   3.8574219e+01
   1.0420116e+07   3.3935547e+01
   1.0420505e+07   3.9245605e+01
   1.0493987e+07   3.9184570e+01
   1.0494142e+07   3.1982422e+01
   1.0494165e+07   3.2714844e+01
   1.0494520e+07   3.2409668e+01
   1.0494906e+07   4.5043945e+01
   1.0495443e+07   5.3405762e+01
   1.0532175e+07   5.7678223e+01
   1.0532646e+07   5.0109863e+01
   1.0532943e+07   3.3508301e+01
   1.0578047e+07   3.3691406e+01
   1.0578293e+07   4.7424316e+01
   1.0578569e+07   3.3630371e+01
   1.0579011e+07   4.1137695e+01
   1.0619687e+07   3.8391113e+01
   1.0619953e+07   4.1931152e+01
   1.0620029e+07   3.6254883e+01
   1.0651911e+07   4.6752930e+01
   1.0652261e+07   4.5532227e+01
   1.0681538e+07   3.1738281e+01
   1.0681848e+07   5.3161621e+01
   1.0682070e+07   4.2297363e+01
   1.0682119e+07   3.7353516e+01
   1.0703603e+07   4.5043945e+01
   1.0704354e+07   3.5095215e+01
   1.0704401e+07   4.4189453e+01
   1.0704569e+07   3.5095215e+01
   1.0762611e+07   4.1320801e+01
   1.0763397e+07   4.7668457e+01
   1.0815130e+07   3.6987305e+01
   1.0842191e+07   5.0598145e+01
   1.0867793e+07   3.4362793e+01
   1.0900650e+07   3.1677246e+01
   1.0943268e+07   3.2592773e+01
   1.0944142e+07   3.3447266e+01
   1.0945024e+07   3.5156250e+01
   1.1046162e+07   3.3569336e+01
   1.1046203e+07   3.5949707e+01
   1.1046230e+07   3.3264160e+01
   1.1046289e+07   3.3386230e+01
   1.1046360e+07   3.4423828e+01
   1.1051148e+07   3.1921387e+01
   1.1052602e+07   4.2968750e+01
   1.1052796e+07   4.9438477e+01
   1.1053672e+07   3.4851074e+01
   1.1072107e+07   3.1738281e+01
   1.1072362e+07   5.9204102e+01
   1.1072777e+07   3.3020020e+01
   1.1078330e+07   3.2470703e+01
   1.1078393e+07   3.2714844e+01
   1.1078643e+07   3.3569336e+01
   1.1078656e+07   3.4362793e+01
   1.1158755e+07   3.3020020e+01
   1.1158787e+07   4.7424316e+01
   1.1158845e+07   3.9184570e+01
   1.1158931e+07   3.6560059e+01
   1.1158957e+07   3.6071777e+01
   1.1186386e+07   4.6142578e+01
   1.1186440e+07   3.6376953e+01
   1.1186554e+07   3.1677246e+01
   1.1186618e+07   3.1555176e+01
   1.1243989e+07   3.1616211e+01
   1.1274298e+07   4.4311523e+01
   1.1355751e+07   4.4799805e+01
   1.1396974e+07   6.4331055e+01
   1.1396991e+07   4.3151855e+01
   1.1397028e+07   4.3090820e+01
   1.1397044e+07   3.3325195e+01
   1.1418638e+07   4.7973633e+01
   1.1418677e+07   3.4118652e+01
   1.1418708e+07   3.6071777e+01
   1.1418801e+07   3.1982422e+01
   1.1436761e+07   3.2409668e+01
   1.1436892e+07   4.9316406e+01
   1.1436930e+07   3.4179688e+01
   1.1437208e+07   3.1555176e+01
   1.1477451e+07   3.2592773e+01
   1.1477731e+07   4.1992188e+01
   1.1477786e+07   3.2043457e+01
   1.1477828e+07   5.8044434e+01
   1.1478075e+07   3.3691406e+01
   1.1507704e+07   3.4667969e+01
   1.1507858e+07   5.1940918e+01
   1.1553468e+07   3.2043457e+01
   1.1553656e+07   5.0109863e+01
   1.1604787e+07   3.2409668e+01
   1.1604914e+07   3.7719727e+01
   1.1655235e+07   3.6071777e+01
   1.1665121e+07   3.4362793e+01
   1.1744681e+07   3.2104492e+01
   1.1765678e+07   4.2785645e+01
   1.1765727e+07   4.0466309e+01
   1.1765760e+07   3.6071777e+01
   1.1765914e+07   3.6499023e+01
   1.1789828e+07   3.9550781e+01
   1.1789861e+07   3.2409668e+01
   1.1790000e+07   3.2958984e+01
   1.1790012e+07   4.6203613e+01
   1.1790049e+07   3.4484863e+01
   1.1790137e+07   3.8208008e+01
   1.1790189e+07   3.1860352e+01
   1.1818162e+07   4.4372559e+01
   1.1849321e+07   3.2165527e+01
   1.1849387e+07   3.3447266e+01
   1.1849440e+07   3.2836914e+01
   1.1951099e+07   5.3771973e+01
   1.1973095e+07   4.9133301e+01
   1.1985511e+07   3.2958984e+01
   1.1985580e+07   3.2226562e+01
   1.1986302e+07   3.3996582e+01
