   1.1996000e+07   0.0000000e+00
   2.3089000e+04   6.4636230e+01
   2.3134000e+04   3.4179688e+01
   4.1990000e+04   3.5644531e+01
   4.2041000e+04   5.1086426e+01
   4.2054000e+04   3.2287598e+01
   4.2087000e+04   3.3264160e+01
   4.2112000e+04   3.1433105e+01
   4.2142000e+04   3.5400391e+01
   4.2188000e+04   3.3569336e+01
   4.2268000e+04   3.4667969e+01
   4.2303000e+04   3.4851074e+01
   4.2368000e+04   3.4606934e+01
   4.2696000e+04   3.9733887e+01
   5.1730000e+04   3.6560059e+01
   5.1775000e+04   3.1005859e+01
   5.1999000e+04   3.8696289e+01
   5.2132000e+04   3.1188965e+01
   5.8795000e+04   3.2470703e+01
   7.6021000e+04   3.5522461e+01
   7.6183000e+04   3.2470703e+01
   8.7860000e+04   4.9682617e+01
   8.7951000e+04   3.3874512e+01
   1.1461100e+05   4.0100098e+01
   1.1469400e+05   4.6752930e+01
   1.2569600e+05   3.2226562e+01
   1.4364300e+05   3.6621094e+01
   1.4399900e+05   5.4870605e+01
   1.4421600e+05   5.2856445e+01
   1.4527500e+05   3.6376953e+01
   1.4530600e+05   6.3354492e+01
   1.4535800e+05   3.5766602e+01
   1.7062700e+05   5.0109863e+01
   1.7067300e+05   4.1748047e+01
   1.7094700e+05   4.3212891e+01
   1.7116100e+05   4.7424316e+01
   1.7166300e+05   6.1767578e+01
   1.7177700e+05   3.4851074e+01
   1.7192300e+05   4.3945312e+01
   1.7232700e+05   5.7373047e+01
   1.7276900e+05   4.8706055e+01
   1.7291700e+05   3.7170410e+01
   1.7351800e+05   3.4301758e+01
   1.7361900e+05   4.5898438e+01
   1.7379200e+05   3.5705566e+01
   1.7430900e+05   5.2856445e+01
   1.7455000e+05   4.8706055e+01
   1.7831600e+05   5.9387207e+01
   1.7920000e+05   3.6987305e+01
   2.5450000e+05   5.7006836e+01
   2.5455700e+05   3.4301758e+01
   2.5749900e+05   5.3588867e+01
   2.5756600e+05   4.5593262e+01
   2.5786300e+05   6.7687988e+01
   2.5796400e+05   3.7353516e+01
   2.5798300e+05   3.2043457e+01
   2.5820400e+05   3.7231445e+01
   2.7881400e+05   3.4118652e+01
   2.9315600e+05   3.2958984e+01
   2.9325000e+05   3.2104492e+01
   3.2044200e+05   5.1879883e+01
   3.2047400e+05   3.1982422e+01
   3.4389800e+05   8.3984375e+01
   3.4397400e+05   4.8706055e+01
   3.4491800e+05   4.0954590e+01
   3.4501500e+05   3.3691406e+01
   3.4514300e+05   3.8696289e+01
   3.4527800e+05   3.4729004e+01
   3.4565900e+05   6.0546875e+01
   3.4591700e+05   6.3659668e+01
   3.4601800e+05   3.1311035e+01
   3.4612500e+05   3.1005859e+01
   3.4679200e+05   3.5156250e+01
   3.4680500e+05   6.0241699e+01
   3.4703000e+05   4.4372559e+01
   3.4716200e+05   4.5898438e+01
   3.4781900e+05   3.3996582e+01
   3.4784100e+05   3.5583496e+01
   3.4835400e+05   4.3640137e+01
   3.4855700e+05   3.3752441e+01
   3.5325200e+05   4.3395996e+01
   3.5342800e+05   3.4729004e+01
   3.5361100e+05   4.1625977e+01
   3.5385300e+05   4.7546387e+01
   3.5448700e+05   4.3640137e+01
   3.5473400e+05   5.1635742e+01
   3.5501100e+05   3.4057617e+01
   3.5524700e+05   4.2053223e+01
   3.5542900e+05   4.0283203e+01
   3.5567900e+05   4.0283203e+01
   3.5602900e+05   3.3691406e+01
   3.5636200e+05   4.4433594e+01
   3.5699000e+05   5.0231934e+01
   3.6263900e+05   5.0598145e+01
   4.9540600e+05   3.4362793e+01
   4.9547500e+05   4.2480469e+01
   4.9554200e+05   3.8696289e+01
   4.9555300e+05   3.2226562e+01
   4.9563700e+05   4.1137695e+01
   4.9572600e+05   3.8269043e+01
   4.9588800e+05   5.3710938e+01
   4.9602700e+05   3.3264160e+01
   5.0300200e+05   7.8063965e+01
   5.0385700e+05   4.7180176e+01
   5.0393900e+05   4.7668457e+01
   5.0416000e+05   3.5400391e+01
   5.0423700e+05   4.2541504e+01
   5.0460400e+05   3.1005859e+01
   5.0462700e+05   5.7556152e+01
   5.2250400e+05   3.3813477e+01
   5.2257000e+05   5.9204102e+01
   5.2261300e+05   3.9367676e+01
   5.2262800e+05   3.5522461e+01
   5.2265800e+05   3.5156250e+01
   5.2268800e+05   4.1442871e+01
   5.2274500e+05   4.0710449e+01
   5.2276200e+05   3.3752441e+01
   5.2287000e+05   3.5705566e+01
   5.2295900e+05   3.7658691e+01
   5.2323800e+05   3.1250000e+01
   5.2339300e+05   4.6325684e+01
   5.2352900e+05   3.1799316e+01
   5.2364900e+05   3.6682129e+01
   5.3838600e+05   5.3833008e+01
   5.3844100e+05   3.3081055e+01
   5.3849700e+05   3.2897949e+01
   5.3874900e+05   3.2226562e+01
   5.5214300e+05   3.3508301e+01
   5.5219300e+05   3.6926270e+01
   5.9122000e+05   4.5410156e+01
   5.9135000e+05   3.5522461e+01
   6.4471800e+05   7.4218750e+01
   6.4501900e+05   3.3691406e+01
   6.4508700e+05   3.8391113e+01
   6.4510600e+05   5.6823730e+01
   6.4513500e+05   3.3020020e+01
   6.4518600e+05   3.8208008e+01
   6.4522400e+05   3.4851074e+01
   6.4525500e+05   3.0944824e+01
   6.4527300e+05   3.2897949e+01
   6.4531100e+05   3.3569336e+01
   6.4535900e+05   3.2653809e+01
   6.5487800e+05   5.4565430e+01
   6.5614400e+05   4.7546387e+01
   6.5628700e+05   4.2724609e+01
   6.5658300e+05   4.7302246e+01
   6.9290600e+05   5.0720215e+01
   6.9367500e+05   6.1950684e+01
   6.9417500e+05   3.9184570e+01
   6.9440200e+05   4.0466309e+01
   6.9459800e+05   5.0964355e+01
   6.9489600e+05   5.4504395e+01
   6.9516800e+05   4.2968750e+01
   6.9549800e+05   5.9082031e+01
   6.9568500e+05   3.4484863e+01
   6.9591100e+05   3.6743164e+01
   6.9619700e+05   5.4443359e+01
   7.0080100e+05   3.1799316e+01
   7.0329900e+05   5.1086426e+01
   7.3206800e+05   5.7067871e+01
   7.3221700e+05   3.8696289e+01
   7.3366400e+05   3.3996582e+01
   7.3400300e+05   6.8176270e+01
   7.3420300e+05   4.4677734e+01
   7.3438900e+05   6.8115234e+01
   7.3468600e+05   4.1259766e+01
   7.3483100e+05   4.4433594e+01
   7.3531000e+05   4.6264648e+01
   7.3553300e+05   3.2714844e+01
   7.4100300e+05   4.2358398e+01
   7.4128400e+05   5.3283691e+01
   7.4197100e+05   3.5644531e+01
   7.4219400e+05   3.4729004e+01
   7.4239200e+05   3.8757324e+01
   7.4260700e+05   4.8828125e+01
   7.4285100e+05   4.7973633e+01
   8.0857800e+05   5.0720215e+01
   8.0862400e+05   3.3630371e+01
   8.0911300e+05   4.7790527e+01
   8.0957700e+05   6.1523438e+01
   8.0975300e+05   3.4057617e+01
   8.0992900e+05   4.4982910e+01
   8.1009000e+05   3.2470703e+01
   8.1023400e+05   4.4494629e+01
   8.1065200e+05   4.8400879e+01
   8.1081300e+05   3.7475586e+01
   8.1130600e+05   3.1250000e+01
   8.1824100e+05   5.5419922e+01
   8.1863000e+05   3.3874512e+01
   8.2144000e+05   3.4912109e+01
   8.2509600e+05   3.9001465e+01
   8.2661700e+05   5.0048828e+01
   8.3121700e+05   3.8208008e+01
   8.3138600e+05   4.4677734e+01
   8.3157900e+05   3.4790039e+01
   8.3200100e+05   7.1777344e+01
   8.3269300e+05   4.1442871e+01
   8.3451500e+05   3.9001465e+01
   8.3691100e+05   3.0883789e+01
   8.3713200e+05   5.0109863e+01
   8.3715300e+05   3.4423828e+01
   8.3743700e+05   4.2236328e+01
   8.3767300e+05   3.1433105e+01
   8.3845300e+05   4.3029785e+01
   8.3872900e+05   5.6945801e+01
   9.4856400e+05   3.1921387e+01
   9.4863400e+05   3.0944824e+01
   9.4864600e+05   4.0283203e+01
   9.4869500e+05   3.7597656e+01
   9.4874600e+05   3.4545898e+01
   9.4877300e+05   3.1005859e+01
   9.4880300e+05   4.2602539e+01
   9.4897100e+05   4.5410156e+01
   9.4914600e+05   4.3640137e+01
   9.4946500e+05   5.2001953e+01
   9.5856300e+05   4.2297363e+01
   9.5865000e+05   3.8452148e+01
   9.5896600e+05   3.2531738e+01
   9.5905900e+05   3.1372070e+01
   9.5908900e+05   3.2226562e+01
   9.5927100e+05   4.8034668e+01
   9.5974000e+05   4.9255371e+01
   9.6000400e+05   6.0180664e+01
   9.6253800e+05   4.8339844e+01
   9.6289900e+05   4.9743652e+01
   9.6336100e+05   4.7912598e+01
   9.6382500e+05   5.8654785e+01
   9.6393800e+05   3.0883789e+01
   9.6408500e+05   4.2175293e+01
   9.6436600e+05   3.8452148e+01
   9.7182800e+05   3.1799316e+01
   9.7198400e+05   3.2104492e+01
   9.7202900e+05   3.8635254e+01
   9.7206800e+05   3.1066895e+01
   9.7219300e+05   4.3457031e+01
   9.7263300e+05   5.4077148e+01
   1.0247730e+06   6.3781738e+01
   1.0248480e+06   3.8696289e+01
   1.0248860e+06   3.2043457e+01
   1.0250770e+06   3.6682129e+01
   1.0530520e+06   4.9438477e+01
   1.0532370e+06   4.9072266e+01
   1.0534120e+06   5.7434082e+01
   1.0538230e+06   4.6264648e+01
   1.0540440e+06   3.1311035e+01
   1.0597990e+06   5.5358887e+01
   1.0610890e+06   5.8654785e+01
   1.0611960e+06   4.4311523e+01
   1.0726100e+06   4.9011230e+01
   1.0727810e+06   3.9489746e+01
   1.0729450e+06   4.5959473e+01
   1.0746930e+06   5.4504395e+01
   1.0750490e+06   3.4973145e+01
   1.0846270e+06   3.9489746e+01
   1.0848060e+06   3.8757324e+01
   1.0851840e+06   6.7932129e+01
   1.0856900e+06   3.1494141e+01
   1.0859380e+06   3.3447266e+01
   1.1191390e+06   7.3364258e+01
   1.1192410e+06   5.2368164e+01
   1.1195160e+06   4.3945312e+01
   1.1200100e+06   6.9396973e+01
   1.1202950e+06   3.3874512e+01
   1.1213490e+06   5.5358887e+01
   1.1222340e+06   6.5185547e+01
   1.1231630e+06   4.8522949e+01
   1.1234230e+06   5.1147461e+01
   1.1340320e+06   4.5837402e+01
   1.1342190e+06   3.9611816e+01
   1.1344820e+06   3.9123535e+01
   1.1350640e+06   5.8715820e+01
   1.1352860e+06   3.1250000e+01
   1.1372140e+06   4.2175293e+01
   1.1440590e+06   5.7739258e+01
   1.1444950e+06   3.7597656e+01
   1.1446340e+06   3.1555176e+01
   1.1448910e+06   5.1940918e+01
   1.1450830e+06   5.1574707e+01
   1.1456200e+06   5.1818848e+01
   1.1956480e+06   4.9072266e+01
   1.1958920e+06   4.1137695e+01
   1.1976520e+06   6.0241699e+01
   1.1980670e+06   3.2104492e+01
   1.2032810e+06   3.1311035e+01
   1.2035150e+06   4.2968750e+01
   1.2044040e+06   3.7902832e+01
   1.3541120e+06   3.6987305e+01
   1.3542590e+06   3.5827637e+01
   1.3784730e+06   3.4423828e+01
   1.3787670e+06   5.4504395e+01
   1.3800520e+06   3.6499023e+01
   1.3808240e+06   5.9692383e+01
   1.3813400e+06   4.2236328e+01
   1.3816350e+06   3.4912109e+01
   1.3828430e+06   5.8532715e+01
   1.3831650e+06   4.1748047e+01
   1.3833040e+06   3.7231445e+01
   1.3837630e+06   6.4697266e+01
   1.3845110e+06   3.7170410e+01
   1.3851050e+06   3.9550781e+01
   1.3853010e+06   4.6264648e+01
   1.3868390e+06   6.0607910e+01
   1.3875170e+06   4.9133301e+01
   1.3883620e+06   4.3579102e+01
   1.3887700e+06   3.4362793e+01
   1.3889860e+06   4.9133301e+01
   1.3892280e+06   4.5654297e+01
   1.3897600e+06   5.0476074e+01
   1.3900050e+06   5.0354004e+01
   1.3919000e+06   3.3203125e+01
   1.3920340e+06   3.3569336e+01
   1.3943850e+06   4.9011230e+01
   1.3963450e+06   4.3823242e+01
   1.3992930e+06   6.3171387e+01
   1.4018190e+06   5.5236816e+01
   1.4061570e+06   4.6997070e+01
   1.4109100e+06   4.0161133e+01
   1.4112670e+06   3.1372070e+01
   1.4114970e+06   5.2185059e+01
   1.4166450e+06   7.3120117e+01
   1.4170090e+06   3.9489746e+01
   1.4173100e+06   5.5664062e+01
   1.4177140e+06   3.6254883e+01
   1.4237290e+06   4.7546387e+01
   1.4240790e+06   6.2133789e+01
   1.4241010e+06   3.3142090e+01
   1.4243810e+06   3.5522461e+01
   1.5618810e+06   3.1677246e+01
   1.5619840e+06   3.5034180e+01
   1.5619960e+06   3.4057617e+01
   1.5621760e+06   4.7607422e+01
   1.5624620e+06   4.8767090e+01
   1.5733450e+06   4.2541504e+01
   1.5734320e+06   3.5583496e+01
   1.5737980e+06   3.5949707e+01
   1.5741730e+06   6.1218262e+01
   1.5744350e+06   3.6743164e+01
   1.5871970e+06   3.1005859e+01
   1.5873070e+06   3.1921387e+01
   1.5878260e+06   5.7861328e+01
   1.5897880e+06   4.8583984e+01
   1.5902450e+06   3.6743164e+01
   1.5908240e+06   4.3823242e+01
   1.5911860e+06   5.6762695e+01
   1.5917830e+06   5.9936523e+01
   1.5933540e+06   5.7128906e+01
   1.6374380e+06   8.1481934e+01
   1.6377780e+06   5.3344727e+01
   1.6971040e+06   6.7016602e+01
   1.7124540e+06   4.6691895e+01
   1.7126750e+06   3.3691406e+01
   1.7597670e+06   3.3935547e+01
   1.7597850e+06   3.1005859e+01
   1.7598140e+06   3.2531738e+01
   1.7598440e+06   3.1127930e+01
   1.7598760e+06   6.2683105e+01
   1.7599090e+06   3.5400391e+01
   1.7599360e+06   3.4667969e+01
   1.7600170e+06   3.6193848e+01
   1.7602190e+06   5.2856445e+01
   1.7603740e+06   3.3203125e+01
   1.7730860e+06   6.2133789e+01
   1.7743970e+06   5.7006836e+01
   1.7745100e+06   3.6926270e+01
   1.7753430e+06   4.6569824e+01
   1.7771980e+06   4.4250488e+01
   1.7777260e+06   3.2165527e+01
   1.7786650e+06   4.4494629e+01
   1.7797570e+06   5.9570312e+01
   1.7863990e+06   4.6020508e+01
   1.7941150e+06   4.7058105e+01
   1.7944740e+06   6.2988281e+01
   1.8602260e+06   3.3203125e+01
   1.8825080e+06   3.1127930e+01
   1.8827320e+06   3.1372070e+01
   1.8830780e+06   6.1889648e+01
   1.9074730e+06   3.9123535e+01
   1.9075600e+06   4.8278809e+01
   1.9076130e+06   3.1005859e+01
   1.9076550e+06   3.4179688e+01
   1.9076870e+06   3.4667969e+01
   1.9077060e+06   3.3081055e+01
   1.9077500e+06   3.9672852e+01
   1.9078080e+06   3.1066895e+01
   1.9079580e+06   6.2683105e+01
   1.9081870e+06   4.2114258e+01
   1.9178120e+06   6.0241699e+01
   1.9182100e+06   5.1086426e+01
   1.9196860e+06   7.9650879e+01
   1.9254640e+06   5.9631348e+01
   1.9428950e+06   4.4128418e+01
   1.9429950e+06   4.5349121e+01
   1.9577630e+06   5.3527832e+01
   2.0286970e+06   6.0607910e+01
   2.0719920e+06   5.6518555e+01
   2.0721370e+06   6.1706543e+01
   2.0730600e+06   6.2622070e+01
   2.0732580e+06   4.0832520e+01
   2.0743390e+06   3.3325195e+01
   2.0745730e+06   4.1625977e+01
   2.0748970e+06   4.6875000e+01
   2.0752650e+06   4.2846680e+01
   2.0785950e+06   4.2419434e+01
   2.0787070e+06   3.6743164e+01
   2.0796460e+06   4.1809082e+01
   2.0802550e+06   3.7597656e+01
   2.0812190e+06   4.4616699e+01
   2.0813840e+06   3.7963867e+01
   2.0825300e+06   5.6701660e+01
   2.0828420e+06   3.7658691e+01
   2.0856040e+06   4.1625977e+01
   2.0891980e+06   3.7902832e+01
   2.0907450e+06   4.4982910e+01
   2.0910880e+06   5.2795410e+01
   2.0919620e+06   5.8837891e+01
   2.0949150e+06   4.1992188e+01
   2.0952210e+06   6.1584473e+01
   2.1096880e+06   4.6875000e+01
   2.1099560e+06   5.9082031e+01
   2.1102300e+06   6.3842773e+01
   2.1107740e+06   3.6926270e+01
   2.1607730e+06   4.8339844e+01
   2.1608700e+06   3.1127930e+01
   2.1618460e+06   4.3151855e+01
   2.1620120e+06   3.4179688e+01
   2.1621500e+06   4.0405273e+01
   2.1634340e+06   4.2785645e+01
   2.1637860e+06   3.7597656e+01
   2.1691250e+06   3.8146973e+01
   2.1697710e+06   5.7373047e+01
   2.1754610e+06   3.5766602e+01
   2.1802880e+06   4.9255371e+01
   2.1811060e+06   3.1677246e+01
   2.2014570e+06   3.6804199e+01
   2.2019620e+06   3.3630371e+01
   2.2027000e+06   4.1503906e+01
   2.2046300e+06   3.8391113e+01
   2.2129320e+06   4.0527344e+01
   2.2131390e+06   4.2053223e+01
   2.2135410e+06   5.7250977e+01
   2.2139110e+06   4.5654297e+01
   2.2911930e+06   4.6630859e+01
   2.2912610e+06   3.3508301e+01
   2.2913340e+06   4.5959473e+01
   2.2915920e+06   4.5715332e+01
   2.3324400e+06   6.0546875e+01
   2.3325070e+06   3.7963867e+01
   2.3506040e+06   3.9245605e+01
   2.4218800e+06   7.1044922e+01
   2.4219600e+06   3.4851074e+01
   2.4221120e+06   5.3955078e+01
   2.4226760e+06   4.3029785e+01
   2.4254790e+06   4.8034668e+01
   2.4261450e+06   4.5288086e+01
   2.4264260e+06   4.3395996e+01
   2.4279360e+06   5.2856445e+01
   2.4282940e+06   5.7189941e+01
   2.4288760e+06   4.6691895e+01
   2.4939870e+06   5.6762695e+01
   2.4940600e+06   4.0649414e+01
   2.5080210e+06   3.4606934e+01
   2.5081590e+06   4.5654297e+01
   2.5084060e+06   3.0944824e+01
   2.5084840e+06   4.0710449e+01
   2.5086390e+06   3.2348633e+01
   2.5208880e+06   6.0913086e+01
   2.5216460e+06   4.5837402e+01
   2.5220380e+06   4.5776367e+01
   2.5222310e+06   3.7597656e+01
   2.5234600e+06   6.1706543e+01
   2.5237440e+06   3.3813477e+01
   2.5244030e+06   5.7006836e+01
   2.5256940e+06   4.0710449e+01
   2.5263820e+06   4.8889160e+01
   2.5270440e+06   3.9489746e+01
   2.5284370e+06   4.0832520e+01
   2.5362370e+06   3.5278320e+01
   2.5376390e+06   4.3029785e+01
   2.5387690e+06   7.2265625e+01
   2.5573130e+06   3.5095215e+01
   2.5573800e+06   4.5043945e+01
   2.5574730e+06   3.5583496e+01
   2.6161870e+06   4.5593262e+01
   2.6163280e+06   4.6936035e+01
   2.6164730e+06   3.2287598e+01
   2.6762660e+06   3.5278320e+01
   2.6767100e+06   3.4729004e+01
   2.6770120e+06   5.5847168e+01
   2.6772310e+06   4.0771484e+01
   2.6780980e+06   6.8725586e+01
   2.6801970e+06   3.3081055e+01
   2.6802350e+06   4.0283203e+01
   2.6804000e+06   3.5034180e+01
   2.6807400e+06   4.4860840e+01
   2.6809310e+06   4.2541504e+01
   2.6852770e+06   3.3691406e+01
   2.6864720e+06   3.8635254e+01
   2.6918030e+06   3.1250000e+01
   2.6919460e+06   3.7963867e+01
   2.6956850e+06   4.8156738e+01
   2.6987620e+06   3.7536621e+01
   2.7024910e+06   5.1574707e+01
   2.7101240e+06   5.8959961e+01
   2.7105170e+06   5.7128906e+01
   2.7110460e+06   3.5156250e+01
   2.7771270e+06   6.1096191e+01
   2.7771540e+06   3.5034180e+01
   2.7774100e+06   4.6142578e+01
   2.7776290e+06   5.2795410e+01
   2.7917970e+06   4.2297363e+01
   2.7963010e+06   4.2358398e+01
   2.7965860e+06   3.1982422e+01
   2.7983740e+06   5.5603027e+01
   2.7987020e+06   6.4147949e+01
   2.8010450e+06   6.3232422e+01
   2.8680780e+06   4.4494629e+01
   2.8681830e+06   3.3935547e+01
   2.8684230e+06   3.6315918e+01
   2.8852720e+06   4.3395996e+01
   2.8991230e+06   3.5766602e+01
   2.9003620e+06   6.1096191e+01
   2.9038320e+06   6.2377930e+01
   2.9302300e+06   5.1208496e+01
   2.9841490e+06   6.9458008e+01
   3.0367690e+06   4.4616699e+01
   3.0368530e+06   3.8574219e+01
   3.0574470e+06   4.7119141e+01
   3.0577590e+06   4.0527344e+01
   3.0588310e+06   5.0354004e+01
   3.0590180e+06   3.7780762e+01
   3.0595620e+06   4.1015625e+01
   3.0963800e+06   3.8391113e+01
   3.0971360e+06   4.4982910e+01
   3.0981150e+06   3.2958984e+01
   3.1464220e+06   4.0893555e+01
   3.1465160e+06   4.4067383e+01
   3.1467210e+06   3.3081055e+01
   3.1469460e+06   3.3264160e+01
   3.1471670e+06   3.5949707e+01
   3.1475160e+06   3.3081055e+01
   3.1478470e+06   4.7729492e+01
   3.1622070e+06   4.1442871e+01
   3.1622800e+06   5.4687500e+01
   3.1623520e+06   3.1982422e+01
   3.1626450e+06   4.3884277e+01
   3.1627730e+06   3.6132812e+01
   3.1629510e+06   3.4545898e+01
   3.1762470e+06   4.0710449e+01
   3.1769960e+06   4.5715332e+01
   3.1774380e+06   4.4067383e+01
   3.2184090e+06   3.9794922e+01
   3.2187130e+06   4.2236328e+01
   3.2192810e+06   5.4748535e+01
   3.2649160e+06   4.0771484e+01
   3.2650290e+06   4.9133301e+01
   3.2653270e+06   3.5339355e+01
   3.2654700e+06   3.4179688e+01
   3.2657440e+06   3.6865234e+01
   3.3484990e+06   4.5898438e+01
   3.3485460e+06   3.3996582e+01
   3.3488470e+06   3.5034180e+01
   3.3491640e+06   4.6142578e+01
   3.3493200e+06   4.1687012e+01
   3.4158180e+06   4.0283203e+01
   3.4161940e+06   5.8715820e+01
   3.4163720e+06   3.1250000e+01
   3.4166190e+06   3.8208008e+01
   3.4534470e+06   3.1616211e+01
   3.4535100e+06   5.4626465e+01
   3.4535550e+06   3.2348633e+01
   3.4537370e+06   3.6254883e+01
   3.4724850e+06   3.6743164e+01
   3.4724950e+06   5.7250977e+01
   3.4725210e+06   3.1127930e+01
   3.4728990e+06   5.7128906e+01
   3.4731090e+06   3.9428711e+01
   3.4786730e+06   4.9926758e+01
   3.4872390e+06   3.8452148e+01
   3.4875800e+06   5.1208496e+01
   3.5012350e+06   3.4301758e+01
   3.5017930e+06   5.5175781e+01
   3.5676550e+06   4.1320801e+01
   3.5678440e+06   3.9245605e+01
   3.5680080e+06   4.4006348e+01
   3.5681920e+06   3.9794922e+01
   3.6342030e+06   3.7109375e+01
   3.6345760e+06   6.1035156e+01
   3.6356770e+06   4.0222168e+01
   3.6933420e+06   4.5166016e+01
   3.6934240e+06   3.3508301e+01
   3.6943030e+06   6.2805176e+01
   3.7215940e+06   5.9509277e+01
   3.7220320e+06   3.7780762e+01
   3.7222370e+06   5.6762695e+01
   3.7423470e+06   6.9091797e+01
   3.7435620e+06   6.0729980e+01
   3.7637330e+06   6.2072754e+01
   3.7643430e+06   3.5278320e+01
   3.7738480e+06   3.6376953e+01
   3.7739320e+06   6.1035156e+01
   3.7739630e+06   3.4057617e+01
   3.7740510e+06   3.3935547e+01
   3.7740610e+06   4.3640137e+01
   3.7743980e+06   3.6682129e+01
   3.7746130e+06   3.8574219e+01
   3.7918550e+06   4.1076660e+01
   3.7923690e+06   5.0842285e+01
   3.7931030e+06   5.3344727e+01
   3.8250050e+06   3.4179688e+01
   3.8250390e+06   5.9692383e+01
   3.8252640e+06   4.0588379e+01
   3.8464300e+06   6.4025879e+01
   3.8635840e+06   6.3720703e+01
   3.9136880e+06   7.3913574e+01
   3.9901430e+06   6.0058594e+01
   3.9902780e+06   3.4484863e+01
   4.0181420e+06   6.9030762e+01
   4.0186700e+06   3.5400391e+01
   4.0206700e+06   5.8837891e+01
   4.0217420e+06   4.2358398e+01
   4.1030760e+06   3.5217285e+01
   4.1032730e+06   6.2316895e+01
   4.1033080e+06   3.3569336e+01
   4.1194950e+06   5.3649902e+01
   4.1205390e+06   3.8940430e+01
   4.1209680e+06   4.0527344e+01
   4.1211460e+06   4.1198730e+01
   4.1214380e+06   5.5114746e+01
   4.1216220e+06   3.1494141e+01
   4.1218050e+06   3.3996582e+01
   4.1699560e+06   3.7780762e+01
   4.1701020e+06   3.4118652e+01
   4.1703500e+06   3.4362793e+01
   4.1706920e+06   3.1311035e+01
   4.1898880e+06   3.3142090e+01
   4.1905010e+06   7.0556641e+01
   4.2131980e+06   3.1372070e+01
   4.2132110e+06   4.9987793e+01
   4.2132760e+06   3.2470703e+01
   4.2133150e+06   3.4790039e+01
   4.2133330e+06   3.7170410e+01
   4.2134070e+06   4.6752930e+01
   4.2136400e+06   3.2653809e+01
   4.2138200e+06   3.6804199e+01
   4.2315670e+06   3.4790039e+01
   4.2319320e+06   5.3283691e+01
   4.2501480e+06   3.7414551e+01
   4.2503220e+06   3.1311035e+01
   4.2703610e+06   3.9794922e+01
   4.2704080e+06   3.2287598e+01
   4.2955520e+06   3.1250000e+01
   4.3682800e+06   4.8583984e+01
   4.3686320e+06   4.6569824e+01
   4.3889860e+06   3.4118652e+01
   4.3894070e+06   3.2531738e+01
   4.4078400e+06   5.4992676e+01
   4.4346440e+06   6.0913086e+01
   4.4461450e+06   3.8269043e+01
   4.4467130e+06   5.5175781e+01
   4.4470150e+06   5.5419922e+01
   4.4476620e+06   6.8969727e+01
   4.4482630e+06   6.8115234e+01
   4.4761790e+06   5.5297852e+01
   4.4764510e+06   3.8391113e+01
   4.4768810e+06   5.1635742e+01
   4.4931280e+06   4.7363281e+01
   4.4936030e+06   4.3395996e+01
   4.4942410e+06   5.7006836e+01
   4.5520640e+06   5.8898926e+01
   4.5722920e+06   4.5288086e+01
   4.6117550e+06   6.7260742e+01
   4.6118820e+06   3.9978027e+01
   4.6123010e+06   4.1076660e+01
   4.6125230e+06   5.4443359e+01
   4.6130190e+06   4.5166016e+01
   4.6363500e+06   6.2988281e+01
   4.6365590e+06   4.8217773e+01
   4.6367750e+06   5.2551270e+01
   4.6374060e+06   6.3964844e+01
   4.6394200e+06   4.3579102e+01
   4.6423220e+06   5.2978516e+01
   4.6820520e+06   6.5979004e+01
   4.7157460e+06   3.2165527e+01
   4.7172340e+06   3.9184570e+01
   4.7175080e+06   5.4199219e+01
   4.7177100e+06   3.6682129e+01
   4.7184530e+06   5.8166504e+01
   4.7283900e+06   3.4057617e+01
   4.7321380e+06   3.2592773e+01
   4.7359950e+06   4.5776367e+01
   4.7745210e+06   4.4067383e+01
   4.7781820e+06   4.6081543e+01
   4.7783750e+06   5.2978516e+01
   4.7804050e+06   4.7973633e+01
   4.7805460e+06   4.7546387e+01
   4.7809120e+06   4.7302246e+01
   4.7858650e+06   3.2043457e+01
   4.7864230e+06   3.6743164e+01
   4.7865740e+06   3.5339355e+01
   4.7948450e+06   3.5156250e+01
   4.7995250e+06   3.6193848e+01
   4.7999190e+06   5.4931641e+01
   4.8081880e+06   3.3142090e+01
   4.8085840e+06   3.2470703e+01
   4.8140540e+06   6.4208984e+01
   4.8142840e+06   5.4565430e+01
   4.8145650e+06   5.7373047e+01
   4.8223930e+06   5.5175781e+01
   4.8226600e+06   5.6213379e+01
   4.8233240e+06   3.8330078e+01
   4.8252030e+06   4.2846680e+01
   4.8255370e+06   4.6630859e+01
   4.8262670e+06   5.0292969e+01
   4.8713200e+06   5.1879883e+01
   4.8714650e+06   5.4321289e+01
   4.8717470e+06   4.4311523e+01
   4.8765960e+06   3.6804199e+01
   4.8781680e+06   3.8879395e+01
   4.8818630e+06   5.6884766e+01
   4.8822690e+06   4.1137695e+01
   4.8853450e+06   4.1809082e+01
   4.8855730e+06   3.5766602e+01
   4.8863370e+06   4.0344238e+01
   4.8869910e+06   3.5339355e+01
   4.8942800e+06   4.5410156e+01
   4.8956840e+06   4.3212891e+01
   4.8970360e+06   4.6447754e+01
   4.8971930e+06   3.5888672e+01
   4.9708530e+06   4.5471191e+01
   5.0168950e+06   4.3395996e+01
   5.0412100e+06   5.8410645e+01
   5.0419680e+06   4.5288086e+01
   5.0577570e+06   3.6315918e+01
   5.0578060e+06   3.8696289e+01
   5.0579110e+06   5.2307129e+01
   5.0582620e+06   4.7302246e+01
   5.0586130e+06   3.2836914e+01
   5.0654110e+06   3.8269043e+01
   5.0655550e+06   3.6499023e+01
   5.0656520e+06   4.5593262e+01
   5.0660980e+06   3.2348633e+01
   5.0824000e+06   4.1564941e+01
   5.0828360e+06   3.2165527e+01
   5.0830650e+06   5.0109863e+01
   5.0833340e+06   3.3813477e+01
   5.1029650e+06   5.9448242e+01
   5.1030540e+06   3.7048340e+01
   5.1030970e+06   3.4973145e+01
   5.1032300e+06   3.2104492e+01
   5.1032580e+06   3.3630371e+01
   5.1033680e+06   4.1381836e+01
   5.1035330e+06   5.2978516e+01
   5.1259160e+06   3.6987305e+01
   5.1259430e+06   3.1127930e+01
   5.1261170e+06   3.3081055e+01
   5.1264350e+06   3.8330078e+01
   5.1562670e+06   3.7841797e+01
   5.1563020e+06   3.4851074e+01
   5.1563390e+06   3.1494141e+01
   5.1564650e+06   3.5400391e+01
   5.1568030e+06   3.9733887e+01
   5.2000270e+06   3.6132812e+01
   5.2002110e+06   4.0588379e+01
   5.2003670e+06   3.2348633e+01
   5.2453520e+06   4.8156738e+01
   5.2980490e+06   7.0739746e+01
   5.3160680e+06   5.3955078e+01
   5.3285950e+06   6.2011719e+01
   5.3287110e+06   4.1748047e+01
   5.3289450e+06   3.6560059e+01
   5.3296920e+06   3.1616211e+01
   5.3301420e+06   4.7790527e+01
   5.3308690e+06   5.4260254e+01
   5.3312400e+06   3.2287598e+01
   5.3334410e+06   4.4006348e+01
   5.3338360e+06   3.3325195e+01
   5.3342800e+06   3.6010742e+01
   5.3409430e+06   3.1555176e+01
   5.3428580e+06   3.9062500e+01
   5.3431030e+06   4.0161133e+01
   5.3451110e+06   3.9001465e+01
   5.3863470e+06   4.6386719e+01
   5.3866080e+06   3.4118652e+01
   5.3870900e+06   4.6447754e+01
   5.3876240e+06   4.4067383e+01
   5.3878580e+06   4.8217773e+01
   5.3882590e+06   6.1401367e+01
   5.3905910e+06   3.2775879e+01
   5.4037810e+06   3.3142090e+01
   5.4040710e+06   4.4982910e+01
   5.4042880e+06   4.0588379e+01
   5.4045410e+06   4.5288086e+01
   5.4475130e+06   4.2297363e+01
   5.4476370e+06   3.1494141e+01
   5.4478880e+06   4.5288086e+01
   5.4483710e+06   3.2409668e+01
   5.4518850e+06   4.7424316e+01
   5.4551750e+06   5.6762695e+01
   5.4648600e+06   6.3110352e+01
   5.4707930e+06   3.5644531e+01
   5.5001190e+06   6.1218262e+01
   5.5098720e+06   3.2043457e+01
   5.5142900e+06   5.2307129e+01
   5.5145230e+06   3.6621094e+01
   5.5212110e+06   4.2724609e+01
   5.6353290e+06   3.5888672e+01
   5.6354470e+06   4.6203613e+01
   5.6384390e+06   5.8898926e+01
   5.6385560e+06   3.5400391e+01
   5.6387680e+06   4.7790527e+01
   5.6389830e+06   3.8635254e+01
   5.6522980e+06   3.6682129e+01
   5.6523820e+06   5.8715820e+01
   5.6527590e+06   3.7902832e+01
   5.6529400e+06   5.0842285e+01
   5.6701540e+06   4.1687012e+01
   5.6701770e+06   3.6010742e+01
   5.6709160e+06   4.7546387e+01
   5.6950520e+06   4.7241211e+01
   5.6951420e+06   3.2470703e+01
   5.7769770e+06   5.5847168e+01
   5.7772350e+06   3.2897949e+01
   5.7776810e+06   3.7841797e+01
   5.8041880e+06   6.2561035e+01
   5.8042730e+06   3.8269043e+01
   5.8063050e+06   4.3823242e+01
   5.8076520e+06   4.4982910e+01
   5.8079950e+06   6.9213867e+01
   5.8082770e+06   4.6508789e+01
   5.8087790e+06   5.7800293e+01
   5.8256470e+06   3.7292480e+01
   5.8261810e+06   4.7607422e+01
   5.8268180e+06   4.9316406e+01
   5.8342030e+06   5.5847168e+01
   5.8762140e+06   3.2592773e+01
   5.8763830e+06   3.6804199e+01
   5.8769560e+06   3.7353516e+01
   5.8939950e+06   4.2541504e+01
   5.8940840e+06   3.4301758e+01
   5.8941430e+06   3.4057617e+01
   5.9279020e+06   3.6987305e+01
   5.9810200e+06   5.3283691e+01
   5.9814360e+06   3.7536621e+01
   5.9817230e+06   3.5156250e+01
   6.0156000e+06   4.0161133e+01
   6.0542570e+06   3.3874512e+01
   6.0548930e+06   4.1259766e+01
   6.0937990e+06   5.7128906e+01
   6.0942380e+06   4.1992187e+01
   6.0960280e+06   5.2917480e+01
   6.0976900e+06   3.4240723e+01
   6.1221360e+06   4.3945312e+01
   6.1232010e+06   4.4372559e+01
   6.1235280e+06   3.9855957e+01
   6.1239100e+06   4.7302246e+01
   6.1240510e+06   3.1860352e+01
   6.1248910e+06   6.5856934e+01
   6.1250330e+06   3.1799316e+01
   6.1373610e+06   5.8532715e+01
   6.1383010e+06   4.8706055e+01
   6.1384480e+06   4.7790527e+01
   6.1387300e+06   5.1269531e+01
   6.1682970e+06   3.9245605e+01
   6.1687010e+06   3.7231445e+01
   6.2071730e+06   4.3395996e+01
   6.2072650e+06   3.1494141e+01
   6.2092430e+06   5.3833008e+01
   6.2094920e+06   4.0771484e+01
   6.2100110e+06   4.6569824e+01
   6.2103120e+06   3.8635254e+01
   6.2287840e+06   3.2348633e+01
   6.2288040e+06   3.3142090e+01
   6.2288380e+06   3.1372070e+01
   6.2289120e+06   3.3264160e+01
   6.2289910e+06   4.0588379e+01
   6.2291380e+06   3.8940430e+01
   6.2293050e+06   4.0954590e+01
   6.2295560e+06   3.6804199e+01
   6.2447400e+06   5.0537109e+01
   6.2641500e+06   4.2602539e+01
   6.2843930e+06   5.0292969e+01
   6.2845340e+06   3.3142090e+01
   6.3052480e+06   5.6518555e+01
   6.3264650e+06   5.1940918e+01
   6.3264810e+06   3.1555176e+01
   6.3265300e+06   3.3996582e+01
   6.3265910e+06   3.5644531e+01
   6.3268410e+06   3.3874512e+01
   6.3270870e+06   3.5339355e+01
   6.3507550e+06   6.2011719e+01
   6.3511430e+06   3.6499023e+01
   6.3806380e+06   3.8635254e+01
   6.3807960e+06   3.2409668e+01
   6.4003530e+06   3.1250000e+01
   6.4145780e+06   4.6081543e+01
   6.4145900e+06   3.4301758e+01
   6.4149920e+06   4.5166016e+01
   6.4152010e+06   3.4545898e+01
   6.4546250e+06   6.4270020e+01
   6.4883600e+06   3.9672852e+01
   6.4885720e+06   3.4851074e+01
   6.4889940e+06   4.2724609e+01
   6.5200170e+06   5.7006836e+01
   6.5202650e+06   5.3405762e+01
   6.5207370e+06   4.1137695e+01
   6.5209080e+06   3.1555176e+01
   6.5210950e+06   3.4484863e+01
   6.5214260e+06   3.2714844e+01
   6.5216430e+06   3.4973145e+01
   6.5219340e+06   5.1391602e+01
   6.5469710e+06   4.6020508e+01
   6.5475040e+06   3.4667969e+01
   6.5477980e+06   3.6499023e+01
   6.5487560e+06   3.1555176e+01
   6.5608850e+06   3.2531738e+01
   6.5609220e+06   4.0039062e+01
   6.5614340e+06   3.8146973e+01
   6.5797950e+06   5.4626465e+01
   6.6032790e+06   6.5185547e+01
   6.6033800e+06   3.8024902e+01
   6.6041670e+06   4.2236328e+01
   6.6336550e+06   3.8818359e+01
   6.6338880e+06   4.2907715e+01
   6.6340450e+06   3.1250000e+01
   6.6342610e+06   4.0771484e+01
   6.6346260e+06   3.9123535e+01
   6.6351110e+06   5.1269531e+01
   6.6585830e+06   4.8522949e+01
   6.6587860e+06   3.6804199e+01
   6.6595020e+06   5.6152344e+01
   6.6755290e+06   3.6193848e+01
   6.6757970e+06   3.7963867e+01
   6.6762820e+06   4.0771484e+01
   6.6901280e+06   3.2348633e+01
   6.6901870e+06   3.6315918e+01
   6.6902040e+06   3.4484863e+01
   6.6903420e+06   3.4362793e+01
   6.6905180e+06   3.4790039e+01
   6.6906950e+06   3.6560059e+01
   6.7052340e+06   4.5776367e+01
   6.7057770e+06   3.8208008e+01
   6.7063260e+06   4.2968750e+01
   6.7064900e+06   3.3264160e+01
   6.7068110e+06   4.9011230e+01
   6.7070870e+06   3.1860352e+01
   6.7635590e+06   3.9123535e+01
   6.7637380e+06   3.1921387e+01
   6.7638850e+06   3.1738281e+01
   6.7641900e+06   3.7902832e+01
   6.7644100e+06   3.7475586e+01
   6.7645980e+06   3.1616211e+01
   6.7833490e+06   5.8776855e+01
   6.7964140e+06   4.4189453e+01
   6.7966950e+06   4.3334961e+01
   6.7973030e+06   4.3579102e+01
   6.8043200e+06   3.2409668e+01
   6.8196520e+06   3.5034180e+01
   6.8199000e+06   5.6945801e+01
   6.8204310e+06   3.5156250e+01
   6.8207150e+06   4.7485352e+01
   6.8676530e+06   4.9255371e+01
   6.8679020e+06   3.3508301e+01
   6.8681270e+06   5.2062988e+01
   6.8683560e+06   4.5776367e+01
   6.8686820e+06   4.3334961e+01
   6.8692510e+06   3.4851074e+01
   6.8893100e+06   6.0852051e+01
   6.8895650e+06   5.8532715e+01
   6.8900350e+06   5.3771973e+01
   6.9014660e+06   4.8400879e+01
   6.9016670e+06   3.9855957e+01
   6.9019760e+06   5.0903320e+01
   6.9363100e+06   3.5095215e+01
   6.9370010e+06   4.1442871e+01
   6.9372810e+06   3.9794922e+01
   6.9377460e+06   3.6621094e+01
   6.9732820e+06   4.1076660e+01
   6.9735510e+06   4.1442871e+01
   6.9737490e+06   4.5959473e+01
   6.9739990e+06   3.2348633e+01
   6.9743740e+06   4.5532227e+01
   6.9745370e+06   3.1311035e+01
   7.0257850e+06   4.1259766e+01
   7.0260340e+06   5.7617188e+01
   7.0263030e+06   4.9316406e+01
   7.0267860e+06   4.7790527e+01
   7.0547030e+06   3.7109375e+01
   7.1171010e+06   3.1921387e+01
   7.1171940e+06   3.1799316e+01
   7.1182110e+06   3.7780762e+01
   7.1185070e+06   5.4016113e+01
   7.1188910e+06   5.8166504e+01
   7.1507520e+06   6.5673828e+01
   7.1514600e+06   6.4331055e+01
   7.1736130e+06   4.0161133e+01
   7.2073630e+06   3.3691406e+01
   7.2368900e+06   3.9855957e+01
   7.2381240e+06   6.1889648e+01
   7.2483010e+06   6.2927246e+01
   7.2483290e+06   3.1982422e+01
   7.2485720e+06   4.5349121e+01
   7.2487670e+06   3.6682129e+01
   7.2717170e+06   4.1870117e+01
   7.3080100e+06   5.3649902e+01
   7.3081900e+06   3.3203125e+01
   7.3084060e+06   4.2053223e+01
   7.3284580e+06   5.6396484e+01
   7.3293160e+06   3.8757324e+01
   7.3709400e+06   5.4687500e+01
   7.4622390e+06   6.1950684e+01
   7.4627530e+06   4.3090820e+01
   7.4630990e+06   3.4545898e+01
   7.4633590e+06   3.5339355e+01
   7.4637910e+06   3.6437988e+01
   7.4640920e+06   3.5766602e+01
   7.5413300e+06   6.0302734e+01
   7.5417780e+06   4.4494629e+01
   7.5423330e+06   3.5888672e+01
   7.5427920e+06   3.5583496e+01
   7.5430550e+06   3.6865234e+01
   7.5433400e+06   3.7658691e+01
   7.5932060e+06   4.9133301e+01
   7.5932810e+06   3.7170410e+01
   7.6523630e+06   4.3090820e+01
   7.6891870e+06   3.7719727e+01
   7.6898980e+06   6.1157227e+01
   7.7227370e+06   5.1025391e+01
   7.7227770e+06   3.2043457e+01
   7.7228420e+06   3.5156250e+01
   7.7232520e+06   3.4484863e+01
   7.7235440e+06   4.2663574e+01
   7.7400540e+06   3.5339355e+01
   7.7404020e+06   3.8574219e+01
   7.7404290e+06   3.4851074e+01
   7.7408990e+06   4.0771484e+01
   7.7600910e+06   5.7861328e+01
   7.7602820e+06   3.1677246e+01
   7.7603890e+06   3.3142090e+01
   7.7608220e+06   4.3273926e+01
   7.7853540e+06   4.1931152e+01
   7.7855970e+06   3.2348633e+01
   7.7859790e+06   5.1940918e+01
   7.8068680e+06   4.1381836e+01
   7.8070710e+06   3.1982422e+01
   7.8827830e+06   3.5278320e+01
   7.8829090e+06   3.3325195e+01
   7.8879490e+06   4.4311523e+01
   7.8881490e+06   3.9550781e+01
   7.9120290e+06   5.5175781e+01
   7.9374940e+06   4.5043945e+01
   7.9586940e+06   7.5500488e+01
   7.9715820e+06   6.7687988e+01
   8.0705820e+06   6.3964844e+01
   8.0902250e+06   5.9143066e+01
   8.0912510e+06   5.5053711e+01
   8.0915320e+06   3.2226562e+01
   8.0917870e+06   5.4687500e+01
   8.1677390e+06   4.0405273e+01
   8.1691040e+06   4.0283203e+01
   8.1695370e+06   4.1259766e+01
   8.1697560e+06   5.0842285e+01
   8.1704330e+06   6.1523438e+01
   8.1807460e+06   3.8818359e+01
   8.1808080e+06   4.3090820e+01
   8.1810220e+06   3.6987305e+01
   8.1813550e+06   4.2480469e+01
   8.2003110e+06   3.5400391e+01
   8.2212270e+06   5.7189941e+01
   8.2676610e+06   4.0039062e+01
   8.3043960e+06   3.2958984e+01
   8.3047470e+06   5.4931641e+01
   8.3132100e+06   3.6987305e+01
   8.3140020e+06   5.5236816e+01
   8.3155590e+06   6.0180664e+01
   8.3157260e+06   3.1921387e+01
   8.3159130e+06   4.5654297e+01
   8.3195140e+06   3.7414551e+01
   8.3199440e+06   5.8166504e+01
   8.3208090e+06   3.9794922e+01
   8.3210930e+06   4.9438477e+01
   8.3297150e+06   3.8208008e+01
   8.3307260e+06   5.0598145e+01
   8.3423930e+06   3.2714844e+01
   8.3424370e+06   3.1616211e+01
   8.3424530e+06   5.8959961e+01
   8.3424880e+06   3.3935547e+01
   8.3425510e+06   3.7536621e+01
   8.3425730e+06   3.8940430e+01
   8.3427610e+06   3.7658691e+01
   8.3430100e+06   3.9306641e+01
   8.3797600e+06   3.1311035e+01
   8.3798810e+06   3.2714844e+01
   8.3799050e+06   3.5522461e+01
   8.3799310e+06   3.1616211e+01
   8.3800330e+06   4.1015625e+01
   8.3802010e+06   3.8452148e+01
   8.3803770e+06   3.9611816e+01
   8.3805600e+06   3.3691406e+01
   8.3808710e+06   3.4057617e+01
   8.5003370e+06   5.3894043e+01
   8.5009240e+06   5.2307129e+01
   8.5370090e+06   6.4392090e+01
   8.5914200e+06   3.7170410e+01
   8.5915420e+06   3.6437988e+01
   8.5928900e+06   4.6142578e+01
   8.5944190e+06   4.4921875e+01
   8.5946310e+06   4.1076660e+01
   8.6045890e+06   4.3579102e+01
   8.6049190e+06   3.3081055e+01
   8.6051330e+06   3.7475586e+01
   8.6300820e+06   5.9082031e+01
   8.6302020e+06   3.4362793e+01
   8.6303160e+06   3.2714844e+01
   8.6649730e+06   4.4677734e+01
   8.6651800e+06   3.6376953e+01
   8.7340420e+06   4.8767090e+01
   8.7353390e+06   4.2968750e+01
   8.7364570e+06   7.1044922e+01
   8.7367500e+06   5.0903320e+01
   8.7369710e+06   3.1616211e+01
   8.7400240e+06   3.8818359e+01
   8.7406330e+06   4.9926758e+01
   8.7411750e+06   3.5766602e+01
   8.7415410e+06   4.6020508e+01
   8.7420820e+06   4.1320801e+01
   8.7423290e+06   5.0842285e+01
   8.7431930e+06   3.6621094e+01
   8.7789020e+06   5.2795410e+01
   8.7794090e+06   4.3579102e+01
   8.7829940e+06   5.0964355e+01
   8.7837450e+06   3.2836914e+01
   8.7842360e+06   3.2592773e+01
   8.7844490e+06   4.3762207e+01
   8.7848810e+06   4.6630859e+01
   8.7853470e+06   3.8391113e+01
   8.7975320e+06   3.3935547e+01
   8.7978160e+06   4.1809082e+01
   8.7982010e+06   3.3325195e+01
   8.8213050e+06   4.3151855e+01
   8.8213440e+06   3.1250000e+01
   8.8214670e+06   4.2114258e+01
   8.8217130e+06   3.2043457e+01
   8.8219450e+06   3.6987305e+01
   8.8275320e+06   4.5776367e+01
   8.8277390e+06   3.7475586e+01
   8.8281060e+06   3.9794922e+01
   8.8330920e+06   3.6926270e+01
   8.8333300e+06   3.4729004e+01
   8.8339360e+06   5.3100586e+01
   8.8423600e+06   4.4128418e+01
   8.8426240e+06   4.4921875e+01
   8.8428510e+06   3.4729004e+01
   8.8469460e+06   4.0649414e+01
   8.8472600e+06   3.4240723e+01
   8.8476170e+06   4.4067383e+01
   8.8478940e+06   3.8452148e+01
   8.8539130e+06   3.8757324e+01
   8.8544630e+06   4.7912598e+01
   8.8546550e+06   4.0649414e+01
   8.8548980e+06   3.7231445e+01
   8.8640210e+06   3.9978027e+01
   8.8643530e+06   4.3212891e+01
   8.8645740e+06   4.6142578e+01
   8.8648040e+06   3.1188965e+01
   8.8934570e+06   5.2307129e+01
   8.8935280e+06   3.4057617e+01
   8.8938230e+06   3.7475586e+01
   8.8942590e+06   4.5043945e+01
   8.8989020e+06   3.8452148e+01
   8.8990440e+06   4.4250488e+01
   8.8993840e+06   4.7241211e+01
   8.8999280e+06   4.6508789e+01
   8.9119260e+06   4.1503906e+01
   8.9122540e+06   4.1625977e+01
   8.9129850e+06   3.8391113e+01
   8.9647520e+06   3.7414551e+01
   8.9649440e+06   3.2531738e+01
   9.0368360e+06   3.9794922e+01
   9.1042300e+06   5.3955078e+01
   9.1048790e+06   3.7414551e+01
   9.1266690e+06   4.7058105e+01
   9.1271900e+06   3.9306641e+01
   9.1283850e+06   5.9020996e+01
   9.1291800e+06   3.0822754e+01
   9.1293570e+06   3.9855957e+01
   9.1295330e+06   3.5156250e+01
   9.1587480e+06   4.5959473e+01
   9.1853060e+06   5.7250977e+01
   9.1854560e+06   3.5217285e+01
   9.1859280e+06   3.6865234e+01
   9.1889670e+06   5.6335449e+01
   9.1895260e+06   3.4118652e+01
   9.1901980e+06   3.8757324e+01
   9.1904920e+06   4.5166016e+01
   9.1956460e+06   3.1433105e+01
   9.1993250e+06   4.3701172e+01
   9.2132600e+06   3.6499023e+01
   9.2133860e+06   3.3325195e+01
   9.2135430e+06   4.3518066e+01
   9.2357640e+06   6.6833496e+01
   9.2358840e+06   3.5400391e+01
   9.2550770e+06   4.9743652e+01
   9.3127770e+06   4.2358398e+01
   9.3132710e+06   5.1635742e+01
   9.3157000e+06   3.8513184e+01
   9.3160160e+06   3.2043457e+01
   9.3163770e+06   4.5227051e+01
   9.3532160e+06   4.5532227e+01
   9.3532420e+06   3.1860352e+01
   9.3532890e+06   3.2470703e+01
   9.3535630e+06   3.8574219e+01
   9.3537420e+06   3.8513184e+01
   9.3749250e+06   5.7067871e+01
   9.3756790e+06   4.3334961e+01
   9.4044720e+06   3.6621094e+01
   9.4047570e+06   3.1433105e+01
   9.4047840e+06   3.1066895e+01
   9.4053090e+06   3.7048340e+01
   9.4432630e+06   4.4006348e+01
   9.5157820e+06   3.5766602e+01
   9.5167770e+06   3.5705566e+01
   9.5177480e+06   5.1025391e+01
   9.5180800e+06   3.9733887e+01
   9.5183470e+06   3.5583496e+01
   9.5189000e+06   4.5471191e+01
   9.5192790e+06   3.1311035e+01
   9.5481410e+06   3.4912109e+01
   9.5485690e+06   3.2531738e+01
   9.6191190e+06   3.3447266e+01
   9.6198390e+06   5.7739258e+01
   9.6200590e+06   4.1748047e+01
   9.6205890e+06   4.2419434e+01
   9.6480130e+06   4.0954590e+01
   9.6578660e+06   3.0700684e+01
   9.6578960e+06   3.8696289e+01
   9.6580280e+06   4.5898438e+01
   9.6582800e+06   3.9978027e+01
   9.6583930e+06   3.2775879e+01
   9.6815650e+06   3.5034180e+01
   9.6823400e+06   4.1809082e+01
   9.6825410e+06   5.3771973e+01
   9.7085240e+06   4.7546387e+01
   9.7090870e+06   4.2114258e+01
   9.7093200e+06   3.1494141e+01
   9.7272770e+06   3.1921387e+01
   9.7279400e+06   3.5705566e+01
   9.7282220e+06   5.1757812e+01
   9.7284350e+06   3.9245605e+01
   9.7284450e+06   3.1005859e+01
   9.7408760e+06   3.8208008e+01
   9.7412450e+06   4.4982910e+01
   9.7416550e+06   3.3325195e+01
   9.7419520e+06   4.7790527e+01
   9.7423700e+06   3.2226562e+01
   9.7650390e+06   3.2714844e+01
   9.7653690e+06   3.7902832e+01
   9.7655620e+06   3.5278320e+01
   9.7657820e+06   3.1250000e+01
   9.7660670e+06   4.9804688e+01
   9.7664290e+06   4.0710449e+01
   9.7668000e+06   4.4982910e+01
   9.8055240e+06   3.2104492e+01
   9.8055400e+06   5.7006836e+01
   9.8056560e+06   4.3945312e+01
   9.8058050e+06   3.4301758e+01
   9.8060400e+06   3.9001465e+01
   9.8062560e+06   3.0761719e+01
   9.8064440e+06   3.3752441e+01
   9.8639940e+06   4.6081543e+01
   9.8641120e+06   3.1738281e+01
   9.8644240e+06   3.7780762e+01
   9.8645780e+06   4.0588379e+01
   9.8649820e+06   3.2287598e+01
   9.8650440e+06   3.2470703e+01
   9.8654880e+06   4.1442871e+01
   9.9042750e+06   3.9916992e+01
   9.9045740e+06   4.8156738e+01
   9.9047870e+06   5.3710938e+01
   9.9051360e+06   3.0700684e+01
   9.9053710e+06   4.6813965e+01
   9.9059410e+06   3.7658691e+01
   9.9468970e+06   5.2490234e+01
   9.9473250e+06   5.5175781e+01
   9.9475620e+06   3.6193848e+01
   9.9481010e+06   4.3884277e+01
   9.9604470e+06   4.9560547e+01
   9.9968680e+06   5.8654785e+01
   9.9969350e+06   3.4240723e+01
   9.9969520e+06   3.4057617e+01
   9.9970890e+06   3.2226562e+01
   9.9972830e+06   3.8024902e+01
   1.0016655e+07   4.0161133e+01
   1.0016796e+07   4.2541504e+01
   1.0017845e+07   3.1555176e+01
   1.0078086e+07   4.1625977e+01
   1.0078261e+07   3.1921387e+01
   1.0078544e+07   4.1381836e+01
   1.0078984e+07   4.2236328e+01
   1.0134087e+07   3.4790039e+01
   1.0134274e+07   3.6743164e+01
   1.0134614e+07   3.2043457e+01
   1.0134650e+07   3.7231445e+01
   1.0134939e+07   3.7719727e+01
   1.0171791e+07   3.9245605e+01
   1.0182655e+07   3.2226562e+01
   1.0182688e+07   4.7180176e+01
   1.0182787e+07   3.0822754e+01
   1.0183139e+07   3.4118652e+01
   1.0198479e+07   3.2043457e+01
   1.0276634e+07   4.0710449e+01
   1.0277600e+07   3.2348633e+01
   1.0277902e+07   3.9489746e+01
   1.0319186e+07   3.9550781e+01
   1.0320230e+07   4.4128418e+01
   1.0335967e+07   3.2897949e+01
   1.0336064e+07   4.8339844e+01
   1.0336169e+07   3.7963867e+01
   1.0336540e+07   3.5949707e+01
   1.0362820e+07   3.2348633e+01
   1.0376888e+07   3.2226562e+01
   1.0376990e+07   3.1982422e+01
   1.0377024e+07   4.6813965e+01
   1.0377049e+07   3.2897949e+01
   1.0377074e+07   3.2531738e+01
   1.0377131e+07   3.1005859e+01
   1.0377325e+07   3.5827637e+01
   1.0494174e+07   5.0720215e+01
   1.0494274e+07   3.9062500e+01
   1.0494536e+07   3.1738281e+01
   1.0494842e+07   5.3039551e+01
   1.0531621e+07   3.2592773e+01
   1.0578351e+07   4.7790527e+01
   1.0652418e+07   3.1066895e+01
   1.0652831e+07   3.6865234e+01
   1.0682222e+07   3.5400391e+01
   1.0761850e+07   3.9794922e+01
   1.0815038e+07   5.9875488e+01
   1.0815190e+07   3.4057617e+01
   1.0840687e+07   6.0668945e+01
   1.0841311e+07   5.1147461e+01
   1.0841790e+07   3.5766602e+01
   1.0842117e+07   3.6437988e+01
   1.0867583e+07   3.3569336e+01
   1.0867791e+07   5.5603027e+01
   1.0870072e+07   4.2419434e+01
   1.0870356e+07   3.5766602e+01
   1.0870965e+07   4.7485352e+01
   1.0900823e+07   3.4118652e+01
   1.0942964e+07   5.4626465e+01
   1.0944281e+07   5.4138184e+01
   1.0944474e+07   4.8583984e+01
   1.0944830e+07   3.3996582e+01
   1.0945351e+07   4.2419434e+01
   1.0945608e+07   5.2062988e+01
   1.0947300e+07   4.5349121e+01
   1.0954352e+07   4.0344238e+01
   1.0963589e+07   3.1188965e+01
   1.0964243e+07   4.6691895e+01
   1.0964823e+07   3.3447266e+01
   1.0972054e+07   3.1860352e+01
   1.1046231e+07   3.3264160e+01
   1.1046323e+07   3.1860352e+01
   1.1046335e+07   3.1433105e+01
   1.1046665e+07   4.8034668e+01
   1.1047083e+07   3.4545898e+01
   1.1052789e+07   3.9855957e+01
   1.1053252e+07   3.7231445e+01
   1.1053678e+07   4.0527344e+01
   1.1053826e+07   3.3020020e+01
   1.1054236e+07   4.3518066e+01
   1.1054836e+07   3.9306641e+01
   1.1055054e+07   3.3996582e+01
   1.1055490e+07   3.1188965e+01
   1.1056033e+07   4.9072266e+01
   1.1057604e+07   3.1494141e+01
   1.1063599e+07   3.3447266e+01
   1.1063764e+07   4.5227051e+01
   1.1064470e+07   3.7109375e+01
   1.1072398e+07   4.2968750e+01
   1.1078471e+07   3.1982422e+01
   1.1078702e+07   4.3029785e+01
   1.1079048e+07   3.6987305e+01
   1.1085671e+07   3.8330078e+01
   1.1158793e+07   3.9916992e+01
   1.1186522e+07   4.5837402e+01
   1.1243823e+07   6.1828613e+01
   1.1273291e+07   4.0954590e+01
   1.1304541e+07   3.7292480e+01
   1.1304921e+07   3.3508301e+01
   1.1305508e+07   3.7353516e+01
   1.1355752e+07   3.2043457e+01
   1.1379191e+07   5.7128906e+01
   1.1397040e+07   4.0771484e+01
   1.1397341e+07   4.2419434e+01
   1.1397351e+07   3.2958984e+01
   1.1397450e+07   3.8696289e+01
   1.1418502e+07   5.1574707e+01
   1.1418686e+07   3.3081055e+01
   1.1419390e+07   4.4006348e+01
   1.1436752e+07   4.3884277e+01
   1.1437403e+07   3.6682129e+01
   1.1437619e+07   4.0283203e+01
   1.1477819e+07   4.7302246e+01
   1.1477854e+07   3.1372070e+01
   1.1478316e+07   4.3945312e+01
   1.1507780e+07   3.2226562e+01
   1.1553439e+07   3.3996582e+01
   1.1604758e+07   4.5410156e+01
   1.1606306e+07   3.3569336e+01
   1.1606852e+07   4.5227051e+01
   1.1654174e+07   3.7414551e+01
   1.1671089e+07   3.5400391e+01
   1.1671763e+07   3.3630371e+01
   1.1711007e+07   3.5766602e+01
   1.1712293e+07   3.3996582e+01
   1.1712787e+07   3.4240723e+01
   1.1744435e+07   5.5603027e+01
   1.1744661e+07   4.9133301e+01
   1.1744795e+07   3.3386230e+01
   1.1765722e+07   3.0700684e+01
   1.1765758e+07   4.4433594e+01
   1.1765860e+07   3.2592773e+01
   1.1766194e+07   3.3264160e+01
   1.1766623e+07   3.7292480e+01
   1.1789729e+07   5.9082031e+01
   1.1790036e+07   3.3630371e+01
   1.1790506e+07   3.7902832e+01
   1.1894324e+07   3.7963867e+01
   1.1894699e+07   3.3447266e+01
   1.1927297e+07   3.9306641e+01
   1.1949406e+07   5.3161621e+01
   1.1950878e+07   5.4992676e+01
   1.1951079e+07   3.6499023e+01
   1.1972951e+07   6.4697266e+01
   1.1973130e+07   4.6203613e+01
   1.1987001e+07   3.1921387e+01
