   1.1996000e+07   0.0000000e+00
   4.5047000e+05   3.2592773e+01
   4.5057200e+05   2.9113770e+01
   5.1219600e+05   3.0212402e+01
   5.1224800e+05   7.3913574e+01
   5.1235600e+05   2.9602051e+01
   5.1238300e+05   4.6264648e+01
   5.1240000e+05   3.0151367e+01
   5.1245600e+05   3.1738281e+01
   5.1250500e+05   3.4179688e+01
   5.5102900e+05   3.0578613e+01
   5.5451900e+05   3.1188965e+01
   5.5456600e+05   2.8686523e+01
   5.5460500e+05   6.9152832e+01
   5.5461700e+05   3.0273438e+01
   5.5466400e+05   3.2653809e+01
   5.5468500e+05   4.5776367e+01
   5.5472600e+05   3.5217285e+01
   5.5476900e+05   4.0039062e+01
   5.5478100e+05   4.7119141e+01
   5.5487100e+05   3.3203125e+01
   5.5488900e+05   2.8991699e+01
   5.9604000e+05   3.1066895e+01
   5.9608600e+05   3.5644531e+01
   5.9610600e+05   7.7392578e+01
   5.9611900e+05   3.3020020e+01
   5.9617000e+05   3.3020020e+01
   5.9620800e+05   2.9724121e+01
   5.9625500e+05   3.6743164e+01
   5.9627700e+05   3.1127930e+01
   5.9633300e+05   2.9724121e+01
   6.0594100e+05   3.4606934e+01
   6.0596800e+05   7.0495605e+01
   6.0598500e+05   3.2104492e+01
   6.0603100e+05   3.4362793e+01
   6.0606200e+05   6.2622070e+01
   6.0618000e+05   4.1259766e+01
   6.0623200e+05   3.0212402e+01
   6.0629300e+05   3.4912109e+01
   6.0638500e+05   3.5095215e+01
   6.0639700e+05   3.4423828e+01
   6.0694000e+05   3.3386230e+01
   6.1424200e+05   2.9479980e+01
   6.1447800e+05   3.1799316e+01
   6.1462000e+05   3.1982422e+01
   6.6786100e+05   3.0151367e+01
   6.6788400e+05   3.9672852e+01
   6.6790800e+05   6.4208984e+01
   6.6794000e+05   3.7048340e+01
   6.6797600e+05   3.0395508e+01
   6.6799700e+05   6.9091797e+01
   6.6804300e+05   4.2724609e+01
   6.6809700e+05   2.8808594e+01
   6.6815800e+05   3.0944824e+01
   6.6819600e+05   4.4738770e+01
   6.6824900e+05   2.9235840e+01
   6.6875700e+05   3.0212402e+01
   6.6949400e+05   3.1677246e+01
   7.1892000e+05   4.2724609e+01
   7.1894600e+05   6.0546875e+01
   7.1899700e+05   2.9174805e+01
   7.1901000e+05   3.0517578e+01
   7.1903200e+05   4.3640137e+01
   7.1906500e+05   3.8330078e+01
   7.1910900e+05   4.9499512e+01
   7.1914400e+05   3.8146973e+01
   7.1918100e+05   2.8808594e+01
   7.1921200e+05   3.2897949e+01
   7.1923200e+05   3.5583496e+01
   7.4592400e+05   6.8847656e+01
   7.4594800e+05   3.2409668e+01
   7.4599300e+05   3.0761719e+01
   7.4601700e+05   5.1086426e+01
   7.4608900e+05   3.2897949e+01
   7.4612100e+05   4.4738770e+01
   7.4616400e+05   3.1616211e+01
   7.4620400e+05   3.6071777e+01
   7.4626600e+05   2.9418945e+01
   7.4631500e+05   3.5156250e+01
   7.4700100e+05   3.3081055e+01
   7.4719800e+05   5.4931641e+01
   7.4726100e+05   2.8869629e+01
   7.9544000e+05   5.1452637e+01
   7.9554200e+05   5.6274414e+01
   7.9563000e+05   4.4189453e+01
   7.9564100e+05   3.9978027e+01
   7.9566500e+05   3.2592773e+01
   7.9572900e+05   3.0090332e+01
   7.9574300e+05   3.1433105e+01
   7.9653100e+05   2.9602051e+01
   7.9933800e+05   3.2531738e+01
   8.5429000e+05   6.7199707e+01
   8.5437800e+05   3.0761719e+01
   8.5438900e+05   4.6203613e+01
   8.5444600e+05   3.6376953e+01
   8.5451300e+05   4.9072266e+01
   8.5452600e+05   3.0944824e+01
   8.5463000e+05   3.7902832e+01
   8.5483100e+05   4.5104980e+01
   8.5518700e+05   5.9997559e+01
   8.7387200e+05   2.9724121e+01
   8.7389300e+05   5.7006836e+01
   8.7391300e+05   3.8208008e+01
   8.7401400e+05   5.5053711e+01
   8.7411800e+05   5.4138184e+01
   8.7421600e+05   4.0466309e+01
   8.7424000e+05   3.7353516e+01
   8.7437700e+05   5.1025391e+01
   8.7442100e+05   3.2287598e+01
   8.7456200e+05   5.9387207e+01
   8.7473000e+05   3.0029297e+01
   8.7493000e+05   6.2072754e+01
   9.2963900e+05   3.0090332e+01
   9.2967500e+05   7.1533203e+01
   9.2972000e+05   2.9663086e+01
   9.2977100e+05   3.4790039e+01
   9.2983000e+05   6.2011719e+01
   9.2986900e+05   3.5888672e+01
   9.2996200e+05   3.4545898e+01
   9.2997300e+05   6.2561035e+01
   9.3007500e+05   3.2531738e+01
   9.3009300e+05   5.3222656e+01
   9.3029500e+05   3.1005859e+01
   9.3030500e+05   5.7067871e+01
   9.3041200e+05   3.0700684e+01
   9.3058900e+05   2.9418945e+01
   9.6872200e+05   6.5246582e+01
   9.6876000e+05   2.9968262e+01
   9.6883100e+05   3.1677246e+01
   9.6888000e+05   6.9824219e+01
   9.6923100e+05   6.3049316e+01
   9.6928500e+05   3.7658691e+01
   1.0076680e+06   7.1777344e+01
   1.0076890e+06   3.4240723e+01
   1.0080880e+06   5.9143066e+01
   1.0084700e+06   2.9235840e+01
   1.0087660e+06   3.7414551e+01
   1.0089230e+06   2.9052734e+01
   1.0429150e+06   3.1677246e+01
   1.0429390e+06   7.5744629e+01
   1.0430490e+06   2.9785156e+01
   1.0432460e+06   3.0029297e+01
   1.0843790e+06   3.1921387e+01
   1.0845480e+06   3.1066895e+01
   1.0847690e+06   3.2531738e+01
   1.0848090e+06   2.9357910e+01
   1.1282110e+06   3.2348633e+01
   1.1286780e+06   2.9907227e+01
   1.1727220e+06   2.9846191e+01
   1.1729590e+06   3.6987305e+01
   1.1732020e+06   3.1250000e+01
   1.2168870e+06   3.1250000e+01
   1.2920490e+06   3.1372070e+01
   1.2943910e+06   3.3874512e+01
   1.3391870e+06   2.9541016e+01
   1.3833630e+06   3.3508301e+01
   1.4320660e+06   3.4729004e+01
   1.6146810e+06   3.6132812e+01
   1.6589350e+06   2.9541016e+01
   1.7107270e+06   3.2592773e+01
   1.7109440e+06   2.9174805e+01
   1.7643250e+06   3.0578613e+01
   1.8128790e+06   3.2897949e+01
   2.0874830e+06   2.9113770e+01
   2.0875000e+06   3.4423828e+01
   2.0875530e+06   7.9467773e+01
   2.0875680e+06   2.9724121e+01
   2.0876250e+06   6.0668945e+01
   2.0876450e+06   3.0273438e+01
   2.0876700e+06   3.1982422e+01
   2.0877120e+06   2.9113770e+01
   2.0877380e+06   2.8808594e+01
   2.0877800e+06   3.3020020e+01
   2.0878240e+06   3.6743164e+01
   2.1215220e+06   3.3325195e+01
   2.1215560e+06   7.5988770e+01
   2.1215810e+06   2.9724121e+01
   2.1216250e+06   3.9855957e+01
   2.1217050e+06   3.4362793e+01
   2.1217460e+06   3.7841797e+01
   2.1217760e+06   2.8930664e+01
   2.1218550e+06   3.2958984e+01
   2.1220020e+06   3.0334473e+01
   2.1496480e+06   5.7983398e+01
   2.1497190e+06   5.8288574e+01
   2.1497520e+06   3.4729004e+01
   2.1497920e+06   2.9479980e+01
   2.1499080e+06   3.8757324e+01
   2.1499480e+06   3.5095215e+01
   2.1499660e+06   3.0212402e+01
   2.1499970e+06   3.5522461e+01
   2.1509400e+06   3.8940430e+01
   2.1957890e+06   6.6589355e+01
   2.1958060e+06   2.9052734e+01
   2.1958660e+06   5.1208496e+01
   2.1959450e+06   3.4301758e+01
   2.1959920e+06   2.8686523e+01
   2.1960040e+06   4.2053223e+01
   2.1960970e+06   3.0395508e+01
   2.1961750e+06   2.9357910e+01
   2.1965720e+06   3.5278320e+01
   2.1971660e+06   4.9194336e+01
   2.2401140e+06   4.3395996e+01
   2.2401310e+06   2.9846191e+01
   2.2401630e+06   3.8146973e+01
   2.2402000e+06   5.8105469e+01
   2.2402560e+06   3.3630371e+01
   2.2402870e+06   4.7546387e+01
   2.2403330e+06   3.4057617e+01
   2.2403760e+06   2.9602051e+01
   2.2405230e+06   3.7353516e+01
   2.2406430e+06   3.6743164e+01
   2.2858090e+06   6.6528320e+01
   2.2858730e+06   4.1809082e+01
   2.2859030e+06   5.5480957e+01
   2.2859840e+06   3.8940430e+01
   2.2860220e+06   3.2348633e+01
   2.2860460e+06   3.1860352e+01
   2.2861350e+06   4.2724609e+01
   2.2862170e+06   3.1738281e+01
   2.2870160e+06   3.3508301e+01
   2.3326730e+06   6.6406250e+01
   2.3327730e+06   5.6091309e+01
   2.3328010e+06   3.1799316e+01
   2.3328410e+06   2.8808594e+01
   2.3328550e+06   4.3090820e+01
   2.3329030e+06   2.9846191e+01
   2.3329350e+06   3.5400391e+01
   2.3331390e+06   3.1677246e+01
   2.3332440e+06   3.1188965e+01
   2.3333340e+06   3.0090332e+01
   2.3339890e+06   3.5156250e+01
   2.3342170e+06   2.8747559e+01
   2.3345190e+06   4.8645020e+01
   2.3699780e+06   7.5134277e+01
   2.3700000e+06   2.9785156e+01
   2.3700780e+06   5.8837891e+01
   2.3701260e+06   3.9001465e+01
   2.3701530e+06   4.3518066e+01
   2.3701840e+06   3.4667969e+01
   2.3701970e+06   3.9733887e+01
   2.3712220e+06   4.0222168e+01
   2.3716040e+06   5.4748535e+01
   2.4145160e+06   3.4851074e+01
   2.4145490e+06   7.2814941e+01
   2.4146490e+06   4.7485352e+01
   2.4146590e+06   3.0151367e+01
   2.4147300e+06   4.2236328e+01
   2.4147430e+06   4.8400879e+01
   2.4147810e+06   3.5095215e+01
   2.4148360e+06   3.1433105e+01
   2.4148860e+06   2.8747559e+01
   2.4149240e+06   2.8747559e+01
   2.4150010e+06   3.1005859e+01
   2.4150440e+06   3.0700684e+01
   2.4158400e+06   3.5400391e+01
   2.4161310e+06   3.0212402e+01
   2.4161690e+06   5.5297852e+01
   2.4164110e+06   5.3222656e+01
   2.4166590e+06   5.2490234e+01
   2.4169230e+06   5.7434082e+01
   2.4172370e+06   4.8767090e+01
   2.4456150e+06   5.5786133e+01
   2.4456830e+06   3.8818359e+01
   2.4457200e+06   3.1677246e+01
   2.4457560e+06   2.9602051e+01
   2.4458180e+06   3.3325195e+01
   2.4458760e+06   3.0700684e+01
   2.4458880e+06   3.3752441e+01
   2.4459690e+06   2.9113770e+01
   2.4459800e+06   3.2958984e+01
   2.4467490e+06   4.1809082e+01
   2.4469740e+06   4.3334961e+01
   2.4474740e+06   5.0476074e+01
   2.4478300e+06   5.5114746e+01
   2.4960420e+06   2.9785156e+01
   2.4960760e+06   6.6345215e+01
   2.4961440e+06   3.4057617e+01
   2.4962310e+06   3.3203125e+01
   2.4962480e+06   3.9367676e+01
   2.4962800e+06   3.1005859e+01
   2.4963050e+06   4.0954590e+01
   2.4963400e+06   3.1372070e+01
   2.4964330e+06   4.7973633e+01
   2.4965400e+06   2.9235840e+01
   2.4967390e+06   4.6752930e+01
   2.4969150e+06   3.1616211e+01
   2.4971770e+06   4.4738770e+01
   2.5436190e+06   4.9438477e+01
   2.5436900e+06   4.3457031e+01
   2.5437730e+06   3.1066895e+01
   2.5438370e+06   5.5175781e+01
   2.5438680e+06   3.1982422e+01
   2.5439630e+06   5.1208496e+01
   2.5439750e+06   3.0883789e+01
   2.5440990e+06   3.1372070e+01
   2.5442460e+06   3.3874512e+01
   2.5442600e+06   3.9794922e+01
   2.5444140e+06   4.0832520e+01
   2.5447230e+06   3.6376953e+01
   2.5843120e+06   2.9357910e+01
   2.5843770e+06   7.5073242e+01
   2.5843920e+06   3.0212402e+01
   2.5844370e+06   3.0639648e+01
   2.5844530e+06   3.6743164e+01
   2.5845390e+06   4.0466309e+01
   2.5846500e+06   3.3081055e+01
   2.5847840e+06   2.9296875e+01
   2.5848030e+06   3.3081055e+01
   2.5849190e+06   3.3874512e+01
   2.5851490e+06   3.5461426e+01
   2.5852260e+06   3.2897949e+01
   2.6291870e+06   6.5795898e+01
   2.6293360e+06   5.8959961e+01
   2.6293960e+06   3.0151367e+01
   2.6294600e+06   5.2917480e+01
   2.6297520e+06   5.1330566e+01
   2.6303400e+06   3.2470703e+01
   2.6732950e+06   3.5278320e+01
   2.6734830e+06   6.1462402e+01
   2.6734980e+06   3.2531738e+01
   2.6735930e+06   3.1433105e+01
   2.6736530e+06   6.8542480e+01
   2.6737890e+06   5.3283691e+01
   2.6739660e+06   5.2062988e+01
   2.7107200e+06   2.8686523e+01
   2.7109290e+06   3.0517578e+01
   2.7110510e+06   6.3049316e+01
   2.7113790e+06   7.1716309e+01
   2.7116390e+06   5.9143066e+01
   2.7201210e+06   3.4545898e+01
   2.7243740e+06   3.2165527e+01
   2.7443560e+06   3.0639648e+01
   2.7445050e+06   2.9418945e+01
   2.7445870e+06   2.8991699e+01
   2.7446680e+06   7.1655273e+01
   2.7451610e+06   3.6743164e+01
   2.7896390e+06   2.9418945e+01
   2.7896830e+06   3.0212402e+01
   2.7897820e+06   7.0617676e+01
   2.7897940e+06   3.7475586e+01
   2.8299220e+06   5.9570312e+01
   2.8300630e+06   3.6621094e+01
   2.8303800e+06   7.2082520e+01
   2.8999920e+06   3.1188965e+01
   2.9005640e+06   2.9724121e+01
   2.9633590e+06   2.9602051e+01
   3.2237880e+06   3.1005859e+01
   3.2550880e+06   3.5583496e+01
   3.3556580e+06   3.1005859e+01
   3.3557150e+06   6.1645508e+01
   3.3557520e+06   3.4729004e+01
   3.3557940e+06   4.7424316e+01
   3.3558730e+06   3.3447266e+01
   3.5286460e+06   3.0700684e+01
   3.5286770e+06   2.9541016e+01
   3.5292350e+06   2.9602051e+01
   3.5293240e+06   3.4790039e+01
   3.5293400e+06   6.0485840e+01
   3.5294200e+06   3.8574219e+01
   3.5295290e+06   3.8146973e+01
   3.6027570e+06   2.9907227e+01
   3.6027980e+06   3.6437988e+01
   3.6028470e+06   7.5683594e+01
   3.6028680e+06   2.9541016e+01
   3.6029190e+06   3.1677246e+01
   3.6029440e+06   4.4189453e+01
   3.6030060e+06   3.1127930e+01
   3.6031190e+06   3.3264160e+01
   3.6032750e+06   3.1616211e+01
   3.6515940e+06   2.9724121e+01
   3.6516690e+06   3.2592773e+01
   3.6516820e+06   3.1860352e+01
   3.6517700e+06   4.4006348e+01
   3.6518880e+06   2.9907227e+01
   3.7080650e+06   3.0517578e+01
   3.7081640e+06   8.0444336e+01
   3.7081850e+06   3.2653809e+01
   3.7082010e+06   3.4912109e+01
   3.7082580e+06   5.1879883e+01
   3.7082750e+06   3.9123535e+01
   3.7083500e+06   3.7048340e+01
   3.7083880e+06   3.2348633e+01
   3.7084990e+06   2.9907227e+01
   3.7086260e+06   3.4118652e+01
   3.7087210e+06   2.9846191e+01
   3.7092560e+06   3.6743164e+01
   3.7554200e+06   6.5307617e+01
   3.7554670e+06   4.4799805e+01
   3.7555200e+06   4.4006348e+01
   3.7555670e+06   2.9968262e+01
   3.7556100e+06   3.2958984e+01
   3.7556200e+06   4.1992188e+01
   3.7564130e+06   3.4606934e+01
   3.8929990e+06   3.0700684e+01
   4.2179030e+06   3.2470703e+01
   4.2179150e+06   5.5419922e+01
   4.2179380e+06   3.0273438e+01
   4.2179990e+06   3.2226562e+01
   4.2180250e+06   3.9550781e+01
   4.2180400e+06   2.9479980e+01
   4.2181080e+06   3.4179688e+01
   4.2182080e+06   3.1921387e+01
   4.2184120e+06   2.9479980e+01
   4.2582610e+06   3.2775879e+01
   4.2582880e+06   8.5021973e+01
   4.2583910e+06   3.6560059e+01
   4.2584800e+06   3.1494141e+01
   4.2585200e+06   3.0090332e+01
   4.2590900e+06   3.1250000e+01
   4.3102990e+06   3.1799316e+01
   4.3103580e+06   3.7536621e+01
   4.3103710e+06   6.9702148e+01
   4.3104610e+06   4.2968750e+01
   4.3105560e+06   4.0222168e+01
   4.3105840e+06   4.2907715e+01
   4.3106990e+06   3.1372070e+01
   4.5308050e+06   3.1066895e+01
   4.5313550e+06   2.9418945e+01
   4.5656300e+06   2.9785156e+01
   4.5658960e+06   3.3813477e+01
   4.7461650e+06   3.5278320e+01
   4.7461930e+06   6.4636230e+01
   4.7462760e+06   5.0415039e+01
   4.7463350e+06   3.7658691e+01
   4.7464360e+06   3.4118652e+01
   4.7466240e+06   3.2470703e+01
   4.7467290e+06   2.9785156e+01
   4.7969310e+06   3.4729004e+01
   4.7969830e+06   5.3955078e+01
   4.7970800e+06   4.6447754e+01
   4.7971280e+06   3.2348633e+01
   4.7971590e+06   2.9541016e+01
   4.7971770e+06   3.0151367e+01
   4.7971980e+06   3.2287598e+01
   4.7972990e+06   3.4484863e+01
   4.9048320e+06   3.5644531e+01
   4.9048710e+06   7.7880859e+01
   4.9049460e+06   4.8217773e+01
   4.9049760e+06   3.5888672e+01
   4.9049970e+06   3.1250000e+01
   4.9050450e+06   3.8330078e+01
   4.9050550e+06   3.8208008e+01
   4.9051460e+06   4.8889160e+01
   4.9052710e+06   3.2043457e+01
   4.9978290e+06   3.2958984e+01
   4.9978890e+06   3.0822754e+01
   4.9979430e+06   2.9479980e+01
   4.9980080e+06   2.9418945e+01
   4.9980570e+06   5.7739258e+01
   4.9981380e+06   3.3325195e+01
   4.9982780e+06   3.0578613e+01
   4.9988240e+06   4.2663574e+01
   5.0419770e+06   3.7536621e+01
   5.0420910e+06   3.1799316e+01
   5.0421170e+06   4.0344238e+01
   5.0422510e+06   5.4809570e+01
   5.0423760e+06   4.8400879e+01
   5.0424770e+06   3.0456543e+01
   5.0426830e+06   3.3508301e+01
   5.1374400e+06   6.1096191e+01
   5.1375200e+06   3.3325195e+01
   5.1375320e+06   4.5532227e+01
   5.1376280e+06   4.0771484e+01
   5.1376400e+06   5.0659180e+01
   5.1377230e+06   3.5095215e+01
   5.1377330e+06   3.1921387e+01
   5.1379720e+06   3.0395508e+01
   5.2712230e+06   5.0292969e+01
   5.2712450e+06   3.8757324e+01
   5.2713160e+06   4.9743652e+01
   5.2713970e+06   2.9541016e+01
   5.2715580e+06   3.0090332e+01
   5.2717020e+06   4.0161133e+01
   5.5143390e+06   5.7800293e+01
   5.5144610e+06   3.8269043e+01
   5.5145360e+06   5.6823730e+01
   5.5149410e+06   3.2104492e+01
   5.6257900e+06   3.6499023e+01
   5.7312160e+06   3.0639648e+01
   5.8182000e+06   3.0456543e+01
   5.8183500e+06   2.9907227e+01
   6.1523850e+06   3.1616211e+01
   6.1524020e+06   3.1860352e+01
   6.1524340e+06   7.4645996e+01
   6.1524490e+06   3.3386230e+01
   6.1524990e+06   2.9296875e+01
   6.1525560e+06   5.3894043e+01
   6.3466440e+06   3.3203125e+01
   6.3466560e+06   6.7932129e+01
   6.3467770e+06   5.8654785e+01
   6.3468840e+06   3.8879395e+01
   6.7754350e+06   3.0944824e+01
   6.9227940e+06   2.9357910e+01
   6.9228400e+06   3.1433105e+01
   6.9228690e+06   3.0090332e+01
   6.9229180e+06   3.3203125e+01
   6.9230370e+06   6.3232422e+01
   6.9230560e+06   3.2470703e+01
   6.9231540e+06   4.1381836e+01
   6.9384320e+06   3.2836914e+01
   6.9384660e+06   3.5095215e+01
   6.9384850e+06   6.7443848e+01
   6.9385960e+06   5.3222656e+01
   6.9387310e+06   3.9672852e+01
   6.9387700e+06   3.8879395e+01
   6.9388380e+06   3.4790039e+01
   6.9393260e+06   3.0456543e+01
   6.9395810e+06   3.8208008e+01
   7.0340110e+06   3.2226562e+01
   7.0340640e+06   3.1311035e+01
   7.0340910e+06   3.0700684e+01
   7.0342010e+06   3.1982422e+01
   7.0342450e+06   3.1921387e+01
   7.0342780e+06   3.6560059e+01
   7.0343070e+06   3.7780762e+01
   7.0344900e+06   3.3691406e+01
   7.0347510e+06   3.0212402e+01
   7.0930040e+06   3.0029297e+01
   7.0930830e+06   3.0517578e+01
   7.0931190e+06   7.6232910e+01
   7.0931630e+06   3.0151367e+01
   7.0931850e+06   3.0395508e+01
   7.0932060e+06   4.2480469e+01
   7.0932830e+06   3.0944824e+01
   7.0933220e+06   3.8146973e+01
   7.0934220e+06   3.2836914e+01
   7.1354930e+06   2.9602051e+01
   7.1356220e+06   3.3691406e+01
   7.1357190e+06   5.7250977e+01
   7.1357420e+06   3.1311035e+01
   7.1358100e+06   3.0700684e+01
   7.1359840e+06   3.9550781e+01
   7.1839040e+06   7.0129395e+01
   7.1840070e+06   5.4016113e+01
   7.1841320e+06   4.3457031e+01
   7.1842420e+06   3.0334473e+01
   7.1844160e+06   3.7658691e+01
   7.1846570e+06   4.8828125e+01
   7.2242410e+06   2.9479980e+01
   7.2244100e+06   3.0212402e+01
   7.2245100e+06   7.6843262e+01
   7.2245300e+06   2.9907227e+01
   7.2245640e+06   3.1311035e+01
   7.2586900e+06   3.0029297e+01
   7.3120470e+06   3.0029297e+01
   7.3128340e+06   3.3081055e+01
   7.5155350e+06   3.0822754e+01
   7.5550920e+06   3.1250000e+01
   7.8106260e+06   3.2531738e+01
   7.8107130e+06   6.2927246e+01
   7.8107560e+06   3.1433105e+01
   7.8108230e+06   5.2368164e+01
   7.8108510e+06   4.0039062e+01
   7.8109200e+06   4.8767090e+01
   7.8110030e+06   3.7353516e+01
   7.8112460e+06   3.5156250e+01
   7.8893670e+06   3.1372070e+01
   7.8893800e+06   3.9428711e+01
   7.8894230e+06   3.4179688e+01
   7.8894920e+06   5.4565430e+01
   7.8895310e+06   3.1250000e+01
   7.8895900e+06   3.4057617e+01
   7.8896040e+06   3.8024902e+01
   7.8896780e+06   3.1982422e+01
   7.8897070e+06   3.0090332e+01
   7.8897910e+06   3.6804199e+01
   7.8898950e+06   3.3325195e+01
   7.9472160e+06   3.1005859e+01
   7.9472880e+06   3.0517578e+01
   8.0626460e+06   3.8269043e+01
   8.3864170e+06   3.0761719e+01
   8.3864550e+06   6.6162109e+01
   8.3865420e+06   4.5410156e+01
   8.3865570e+06   4.2724609e+01
   8.3866630e+06   4.7424316e+01
   8.3868190e+06   3.4423828e+01
   8.3870010e+06   3.5583496e+01
   8.4661600e+06   3.8330078e+01
   8.4663150e+06   3.6437988e+01
   8.4665670e+06   3.1982422e+01
   8.5701720e+06   5.9082031e+01
   8.5702030e+06   3.2470703e+01
   8.5702190e+06   3.1677246e+01
   8.5703060e+06   5.2124023e+01
   8.5703370e+06   3.3813477e+01
   8.5705240e+06   3.6132812e+01
   8.5706790e+06   3.6621094e+01
   8.6267660e+06   3.2653809e+01
   8.6268340e+06   2.9724121e+01
   8.6268730e+06   3.5217285e+01
   8.6269820e+06   3.1982422e+01
   8.6269990e+06   4.7912598e+01
   8.6271290e+06   5.1635742e+01
   8.6754770e+06   2.9907227e+01
   8.6755600e+06   3.0761719e+01
   8.6756480e+06   3.7902832e+01
   8.6757590e+06   7.7758789e+01
   8.6758620e+06   3.0029297e+01
   8.6758850e+06   6.6650391e+01
   8.6760500e+06   4.7058105e+01
   8.6760710e+06   3.9306641e+01
   8.8129900e+06   3.0944824e+01
   9.0973850e+06   3.3996582e+01
   9.0974470e+06   3.0639648e+01
   9.0974850e+06   3.8574219e+01
   9.0975300e+06   3.0578613e+01
   9.0975590e+06   2.9418945e+01
   9.0975700e+06   6.6345215e+01
   9.0976200e+06   3.9550781e+01
   9.0976570e+06   3.8391113e+01
   9.0976780e+06   3.2104492e+01
   9.0977040e+06   3.4240723e+01
   9.0977450e+06   2.9235840e+01
   9.0977840e+06   2.9174805e+01
   9.0978150e+06   2.9663086e+01
   9.1245790e+06   7.0434570e+01
   9.1247060e+06   3.0761719e+01
   9.1247550e+06   2.9846191e+01
   9.1248350e+06   3.2897949e+01
   9.1249020e+06   3.5888672e+01
   9.1249660e+06   4.4250488e+01
   9.1931470e+06   3.3569336e+01
   9.1932080e+06   7.0556641e+01
   9.1932960e+06   4.6020508e+01
   9.1933800e+06   3.5644531e+01
   9.1934110e+06   2.9968262e+01
   9.1935470e+06   3.6560059e+01
   9.2788430e+06   2.9724121e+01
   9.2788620e+06   6.6223145e+01
   9.2789700e+06   4.4982910e+01
   9.2790100e+06   3.2348633e+01
   9.2790490e+06   2.9968262e+01
   9.2790890e+06   3.9001465e+01
   9.2792500e+06   3.5949707e+01
   9.2792930e+06   2.9235840e+01
   9.6317630e+06   3.0944824e+01
   9.6317730e+06   3.6071777e+01
   9.6318220e+06   3.0700684e+01
   9.6318490e+06   6.8054199e+01
   9.6318920e+06   3.2775879e+01
   9.6319240e+06   4.5166016e+01
   9.6319600e+06   3.1066895e+01
   9.6319990e+06   2.9296875e+01
   9.6321810e+06   2.9663086e+01
   9.6663420e+06   3.0395508e+01
   9.6666310e+06   6.9885254e+01
   9.6667940e+06   4.1992188e+01
   9.7231920e+06   2.9663086e+01
   9.8038840e+06   5.3283691e+01
   9.8039670e+06   3.6560059e+01
   9.8040000e+06   4.4860840e+01
   9.8040610e+06   4.1442871e+01
   9.8041220e+06   4.4677734e+01
   9.8042510e+06   3.5888672e+01
   9.8042860e+06   3.5827637e+01
   9.8183510e+06   2.9052734e+01
   9.8227370e+06   2.9418945e+01
   9.9275580e+06   6.6223145e+01
   9.9276180e+06   3.3691406e+01
   1.0010248e+07   2.9235840e+01
   1.0092527e+07   2.9724121e+01
   1.0092677e+07   2.9663086e+01
   1.0092764e+07   3.3386230e+01
   1.0092814e+07   2.8991699e+01
   1.0092863e+07   4.3579102e+01
   1.0092948e+07   3.6621094e+01
   1.0092961e+07   3.1372070e+01
   1.0339307e+07   5.4748535e+01
   1.0339451e+07   5.6091309e+01
   1.0339480e+07   3.0456543e+01
   1.0339503e+07   3.6010742e+01
   1.0339521e+07   3.0151367e+01
   1.0339620e+07   4.3518066e+01
   1.0437349e+07   3.2287598e+01
   1.0437490e+07   6.0729980e+01
   1.0437722e+07   6.7626953e+01
   1.0506858e+07   2.8991699e+01
   1.0778829e+07   3.3020020e+01
   1.0778878e+07   4.2846680e+01
   1.0778971e+07   2.9907227e+01
   1.0778990e+07   3.0761719e+01
   1.0779002e+07   6.6711426e+01
   1.0779015e+07   2.9113770e+01
   1.0779090e+07   4.6203613e+01
   1.0779116e+07   3.1677246e+01
   1.0779268e+07   3.0029297e+01
   1.0779686e+07   2.9113770e+01
   1.0866344e+07   2.9113770e+01
   1.1141031e+07   3.0029297e+01
   1.1141145e+07   6.0607910e+01
   1.1141257e+07   4.1198730e+01
   1.1141283e+07   2.9785156e+01
   1.1141382e+07   3.0273437e+01
   1.1250851e+07   3.4301758e+01
   1.1250890e+07   3.1311035e+01
   1.1250908e+07   3.1311035e+01
   1.1250975e+07   2.9724121e+01
   1.1250988e+07   3.1372070e+01
   1.1251063e+07   2.9174805e+01
   1.1251139e+07   3.2470703e+01
   1.1251163e+07   5.8593750e+01
   1.1251286e+07   3.5522461e+01
   1.1251298e+07   4.3029785e+01
   1.1251507e+07   3.8696289e+01
   1.1397700e+07   2.9113770e+01
   1.1397860e+07   6.9641113e+01
   1.1398040e+07   4.5288086e+01
   1.1803904e+07   2.9541016e+01
   1.1804141e+07   3.0944824e+01
   1.1804341e+07   6.5429688e+01
   1.1804430e+07   4.7363281e+01
   1.1804446e+07   3.7536621e+01
   1.1804492e+07   2.9357910e+01
   1.1804555e+07   2.9235840e+01
   1.1840064e+07   7.4340820e+01
   1.1840087e+07   3.1127930e+01
   1.1840133e+07   3.1127930e+01
   1.1840143e+07   2.9418945e+01
   1.1840167e+07   6.0729980e+01
   1.1840195e+07   3.4667969e+01
   1.1840210e+07   3.0029297e+01
   1.1840279e+07   4.3273926e+01
   1.1948096e+07   3.4545898e+01
   1.1967078e+07   3.3569336e+01
