   1.1996000e+07   0.0000000e+00
   1.4916000e+04   5.1635742e+01
   1.5432000e+04   3.7963867e+01
   5.0806000e+04   5.1147461e+01
   5.1078000e+04   5.4870605e+01
   5.1163000e+04   3.3874512e+01
   5.1237000e+04   4.0466309e+01
   9.2347000e+04   3.4851074e+01
   9.2507000e+04   4.3334961e+01
   1.1818600e+05   5.2917480e+01
   1.1869100e+05   5.4260254e+01
   1.1899500e+05   4.0954590e+01
   1.3620500e+05   5.1635742e+01
   1.3683000e+05   5.2001953e+01
   1.6889800e+05   5.5480957e+01
   1.6914700e+05   3.9489746e+01
   2.1361200e+05   6.8237305e+01
   2.1406700e+05   4.5349121e+01
   2.1432500e+05   4.7973633e+01
   2.5581000e+05   4.2297363e+01
   3.0487900e+05   3.3203125e+01
   3.4744700e+05   5.1452637e+01
   3.4770500e+05   4.5898438e+01
   3.4782900e+05   3.6376953e+01
   3.4862700e+05   3.4423828e+01
   3.4876200e+05   4.7973633e+01
   3.7709100e+05   4.5471191e+01
   3.7767700e+05   5.7922363e+01
   3.7778600e+05   3.3691406e+01
   3.7799600e+05   3.6376953e+01
   3.7809900e+05   3.8940430e+01
   3.9547400e+05   6.2072754e+01
   3.9559300e+05   5.5786133e+01
   4.4955000e+05   5.1086426e+01
   4.5063000e+05   4.3334961e+01
   4.5090000e+05   3.9733887e+01
   4.5103800e+05   4.4921875e+01
   4.5121500e+05   4.3395996e+01
   5.1201900e+05   3.9978027e+01
   5.1220900e+05   3.6499023e+01
   5.1233600e+05   3.4179688e+01
   5.1235800e+05   4.0710449e+01
   5.1238600e+05   4.1320801e+01
   5.1250100e+05   3.4362793e+01
   5.1262000e+05   5.5603027e+01
   5.1278700e+05   3.7536621e+01
   5.1318900e+05   3.5705566e+01
   5.5467600e+05   3.6621094e+01
   5.5472000e+05   4.0771484e+01
   5.5473300e+05   3.4667969e+01
   5.5478900e+05   6.9946289e+01
   5.5482000e+05   3.3325195e+01
   5.5490200e+05   4.9804688e+01
   5.5491200e+05   3.9733887e+01
   5.5499900e+05   3.6926270e+01
   5.5503800e+05   3.7414551e+01
   5.5518000e+05   4.0161133e+01
   5.5538300e+05   3.6926270e+01
   5.9588500e+05   4.8095703e+01
   5.9595100e+05   4.5166016e+01
   5.9604600e+05   3.5888672e+01
   5.9617800e+05   4.3151855e+01
   5.9631200e+05   4.9194336e+01
   5.9633000e+05   3.7719727e+01
   5.9639100e+05   3.3264160e+01
   5.9650200e+05   3.4606934e+01
   5.9652500e+05   3.6621094e+01
   5.9663500e+05   3.4912109e+01
   5.9740000e+05   3.8452148e+01
   5.9772600e+05   3.9062500e+01
   5.9792000e+05   3.3020020e+01
   5.9825700e+05   3.3874512e+01
   5.9980500e+05   3.4301758e+01
   6.0488200e+05   3.8208008e+01
   6.0577800e+05   3.6621094e+01
   6.0607200e+05   3.6315918e+01
   6.0781700e+05   3.4240723e+01
   6.1321700e+05   3.9794922e+01
   6.1398200e+05   3.3203125e+01
   6.1421600e+05   4.0039062e+01
   6.1572900e+05   3.5400391e+01
   6.6777300e+05   3.3264160e+01
   6.6786900e+05   4.4555664e+01
   6.6791400e+05   3.6437988e+01
   6.6794800e+05   3.5461426e+01
   6.6797500e+05   3.6560059e+01
   6.6800500e+05   3.3081055e+01
   6.6804500e+05   4.0161133e+01
   6.6806100e+05   3.5583496e+01
   6.6810500e+05   3.7719727e+01
   6.6812700e+05   3.4301758e+01
   6.6813700e+05   3.8085938e+01
   6.6867700e+05   3.3203125e+01
   6.6891900e+05   3.4240723e+01
   6.6902400e+05   3.6926270e+01
   6.7000700e+05   3.7475586e+01
   6.7057800e+05   3.4912109e+01
   7.1874000e+05   3.7902832e+01
   7.1882000e+05   4.5532227e+01
   7.1900800e+05   3.3203125e+01
   7.1904000e+05   3.8696289e+01
   7.1907500e+05   3.8330078e+01
   7.1909700e+05   4.9499512e+01
   7.1912800e+05   4.1748047e+01
   7.1914100e+05   3.6132812e+01
   7.1918300e+05   3.7719727e+01
   7.1927600e+05   3.4240723e+01
   7.1935900e+05   3.3996582e+01
   7.2047300e+05   4.1381836e+01
   7.2070000e+05   3.3630371e+01
   7.4566500e+05   3.4423828e+01
   7.4569300e+05   3.3203125e+01
   7.4572600e+05   3.4667969e+01
   7.4580500e+05   3.4729004e+01
   7.4583500e+05   3.6010742e+01
   7.4588000e+05   4.5349121e+01
   7.4592300e+05   3.9245605e+01
   7.4595000e+05   3.4729004e+01
   7.4603400e+05   3.7353516e+01
   7.4616000e+05   3.3935547e+01
   7.4622400e+05   3.4057617e+01
   7.4685800e+05   3.5156250e+01
   7.9539100e+05   3.8024902e+01
   7.9543300e+05   3.4118652e+01
   7.9545100e+05   4.0466309e+01
   7.9546200e+05   4.4860840e+01
   7.9552400e+05   3.3691406e+01
   7.9559000e+05   3.4606934e+01
   7.9561800e+05   3.3935547e+01
   7.9567500e+05   3.3081055e+01
   7.9576200e+05   3.3508301e+01
   7.9586600e+05   5.0048828e+01
   7.9665100e+05   3.4667969e+01
   7.9684100e+05   3.3203125e+01
   7.9689800e+05   3.4179688e+01
   7.9856400e+05   3.5583496e+01
   8.0053000e+05   3.5644531e+01
   8.5401800e+05   6.0302734e+01
   8.5411000e+05   3.8452148e+01
   8.5413100e+05   3.5339355e+01
   8.5420300e+05   3.5095215e+01
   8.5428000e+05   4.2907715e+01
   8.5434000e+05   3.6254883e+01
   8.5438100e+05   4.3029785e+01
   8.5439700e+05   3.3691406e+01
   8.5460700e+05   3.6376953e+01
   8.5464400e+05   3.3569336e+01
   8.5493900e+05   3.3447266e+01
   8.5544200e+05   3.4179688e+01
   8.5593200e+05   3.8635254e+01
   8.7367200e+05   4.4555664e+01
   8.7371400e+05   3.3447266e+01
   8.7374200e+05   5.3527832e+01
   8.7382500e+05   4.5410156e+01
   8.7391800e+05   3.5461426e+01
   8.7495000e+05   3.4912109e+01
   8.7576700e+05   3.4423828e+01
   8.7606800e+05   3.6010742e+01
   8.7646700e+05   3.4240723e+01
   9.2954400e+05   4.2236328e+01
   9.2957700e+05   3.7048340e+01
   9.2962600e+05   4.2236328e+01
   9.2972500e+05   3.6499023e+01
   9.2975800e+05   3.5522461e+01
   9.2983500e+05   4.0222168e+01
   9.3004200e+05   3.4729004e+01
   9.3018600e+05   3.5217285e+01
   9.3057900e+05   3.8330078e+01
   9.3086200e+05   3.5644531e+01
   9.6840600e+05   4.7607422e+01
   9.6851100e+05   4.5776367e+01
   9.6869400e+05   3.6804199e+01
   9.6872800e+05   3.8269043e+01
   9.6879400e+05   3.4118652e+01
   9.6892900e+05   3.5278320e+01
   9.6894600e+05   3.3447266e+01
   9.6912400e+05   3.3874512e+01
   9.6947600e+05   3.6376953e+01
   9.7004600e+05   3.9733887e+01
   1.0075140e+06   4.0649414e+01
   1.0075360e+06   3.5522461e+01
   1.0076090e+06   4.4433594e+01
   1.0077900e+06   4.4067383e+01
   1.0079790e+06   4.2358398e+01
   1.0080990e+06   3.4240723e+01
   1.0088090e+06   3.4362793e+01
   1.0092110e+06   3.7475586e+01
   1.0421640e+06   6.3964844e+01
   1.0422980e+06   4.4189453e+01
   1.0423170e+06   3.5766602e+01
   1.0424380e+06   4.1076660e+01
   1.0424620e+06   3.6254883e+01
   1.0425540e+06   3.8757324e+01
   1.0426860e+06   3.3020020e+01
   1.0428390e+06   4.0405273e+01
   1.0431030e+06   3.5583496e+01
   1.0432400e+06   3.7414551e+01
   1.0838920e+06   5.0781250e+01
   1.0840390e+06   3.3630371e+01
   1.0843560e+06   3.7597656e+01
   1.0844850e+06   4.9194336e+01
   1.0846520e+06   4.0344238e+01
   1.0851220e+06   3.6987305e+01
   1.0852700e+06   3.5705566e+01
   1.1278500e+06   4.6691895e+01
   1.1279580e+06   4.2968750e+01
   1.1282100e+06   4.0466309e+01
   1.1283850e+06   3.3020020e+01
   1.1285580e+06   4.0039062e+01
   1.1288070e+06   3.4606934e+01
   1.1717590e+06   3.5705566e+01
   1.1723530e+06   4.2236328e+01
   1.1724830e+06   4.6325684e+01
   1.1726440e+06   3.9245605e+01
   1.1728140e+06   3.4057617e+01
   1.1729990e+06   3.6132812e+01
   1.1732640e+06   5.0354004e+01
   1.2151450e+06   3.5888672e+01
   1.2155660e+06   4.1625977e+01
   1.2161660e+06   3.5522461e+01
   1.2168140e+06   3.4606934e+01
   1.2170310e+06   4.3090820e+01
   1.2455990e+06   3.3142090e+01
   1.2456840e+06   4.7729492e+01
   1.2463890e+06   4.2724609e+01
   1.2471000e+06   5.0476074e+01
   1.2473540e+06   3.8269043e+01
   1.2483180e+06   3.3569336e+01
   1.2486580e+06   3.5644531e+01
   1.2911480e+06   8.5876465e+01
   1.2918320e+06   4.5959473e+01
   1.2921340e+06   5.4260254e+01
   1.2921930e+06   3.7597656e+01
   1.2924590e+06   3.7353516e+01
   1.2925630e+06   3.6743164e+01
   1.2929170e+06   3.7719727e+01
   1.3379680e+06   4.4799805e+01
   1.3382560e+06   4.9926758e+01
   1.3388480e+06   3.4423828e+01
   1.3389730e+06   4.3701172e+01
   1.3391620e+06   3.8879395e+01
   1.3392610e+06   3.3020020e+01
   1.3395850e+06   3.6621094e+01
   1.3827070e+06   4.4006348e+01
   1.3828060e+06   5.1025391e+01
   1.3832570e+06   3.4301758e+01
   1.3833980e+06   3.8574219e+01
   1.3836290e+06   3.4057617e+01
   1.3841000e+06   3.9794922e+01
   1.4310510e+06   4.6020508e+01
   1.4318790e+06   4.7912598e+01
   1.4322770e+06   4.0527344e+01
   1.4325070e+06   3.9794922e+01
   1.4630210e+06   4.4555664e+01
   1.4639320e+06   3.5339355e+01
   1.4642250e+06   4.7180176e+01
   1.5055840e+06   5.1086426e+01
   1.5063620e+06   4.2419434e+01
   1.5068880e+06   4.9743652e+01
   1.5582440e+06   5.2978516e+01
   1.5587360e+06   4.6813965e+01
   1.5588160e+06   3.4667969e+01
   1.5590220e+06   4.6630859e+01
   1.6132970e+06   5.9753418e+01
   1.6134610e+06   4.0527344e+01
   1.6144880e+06   5.0903320e+01
   1.6146400e+06   6.2622070e+01
   1.6580930e+06   4.6203613e+01
   1.6582280e+06   3.8024902e+01
   1.6584020e+06   4.5837402e+01
   1.6590060e+06   3.8818359e+01
   1.6599040e+06   3.6499023e+01
   1.7100190e+06   3.4301758e+01
   1.7106130e+06   4.5654297e+01
   1.7107520e+06   3.8757324e+01
   1.7110090e+06   4.4128418e+01
   1.7116760e+06   4.6508789e+01
   1.7617200e+06   4.5166016e+01
   1.7632300e+06   3.9367676e+01
   1.7642160e+06   3.5583496e+01
   1.7642390e+06   3.4973145e+01
   1.7645840e+06   4.0161133e+01
   1.7646260e+06   3.9245605e+01
   1.7647360e+06   3.9184570e+01
   1.8103190e+06   7.5927734e+01
   1.8129700e+06   4.1687012e+01
   1.8316880e+06   5.9265137e+01
   1.8489000e+06   3.7841797e+01
   1.8491900e+06   3.8940430e+01
   1.8842300e+06   5.8105469e+01
   1.8845430e+06   4.0100098e+01
   1.8853460e+06   4.9316406e+01
   1.8858460e+06   3.6499023e+01
   1.8861650e+06   3.5522461e+01
   1.9760730e+06   4.9011230e+01
   1.9768460e+06   5.3710938e+01
   2.0291370e+06   4.9987793e+01
   2.0293320e+06   4.5288086e+01
   2.0443790e+06   7.0678711e+01
   2.0639070e+06   5.6640625e+01
   2.0872320e+06   3.4484863e+01
   2.0872590e+06   3.4851074e+01
   2.0873230e+06   3.8330078e+01
   2.0874140e+06   3.3874512e+01
   2.0875080e+06   3.4362793e+01
   2.0875610e+06   3.4851074e+01
   2.0875730e+06   4.0771484e+01
   2.0876100e+06   3.4606934e+01
   2.0876350e+06   3.4667969e+01
   2.0876800e+06   3.7536621e+01
   2.0877310e+06   3.6987305e+01
   2.0879090e+06   3.4057617e+01
   2.0879780e+06   3.3630371e+01
   2.1214850e+06   3.4790039e+01
   2.1216180e+06   3.4179688e+01
   2.1216530e+06   3.9062500e+01
   2.1217480e+06   7.9223633e+01
   2.1217700e+06   3.4667969e+01
   2.1220640e+06   5.1025391e+01
   2.1224590e+06   4.7912598e+01
   2.1496080e+06   3.4057617e+01
   2.1496360e+06   3.7597656e+01
   2.1496850e+06   3.3081055e+01
   2.1497350e+06   3.6010742e+01
   2.1497510e+06   3.4667969e+01
   2.1497900e+06   3.6743164e+01
   2.1498350e+06   4.0832520e+01
   2.1498670e+06   4.4738770e+01
   2.1499350e+06   3.3874512e+01
   2.1500030e+06   3.5522461e+01
   2.1500920e+06   3.5583496e+01
   2.1502030e+06   3.3996582e+01
   2.1502900e+06   3.9855957e+01
   2.1956630e+06   6.2438965e+01
   2.1958090e+06   4.0588379e+01
   2.1958570e+06   3.3508301e+01
   2.1959030e+06   4.3640137e+01
   2.1959410e+06   3.3813477e+01
   2.1959670e+06   3.7231445e+01
   2.1960210e+06   3.7597656e+01
   2.1960840e+06   7.0922852e+01
   2.1961680e+06   4.1931152e+01
   2.2399460e+06   3.6804199e+01
   2.2401750e+06   4.5349121e+01
   2.2401990e+06   3.4118652e+01
   2.2402710e+06   3.4484863e+01
   2.2403070e+06   3.8635254e+01
   2.2403520e+06   3.4301758e+01
   2.2403890e+06   4.0161133e+01
   2.2404290e+06   3.5644531e+01
   2.2404960e+06   3.3813477e+01
   2.2406980e+06   3.9855957e+01
   2.2407430e+06   3.3325195e+01
   2.2856090e+06   4.8828125e+01
   2.2857830e+06   3.5827637e+01
   2.2858400e+06   3.4606934e+01
   2.2859380e+06   3.4118652e+01
   2.2859540e+06   5.1818848e+01
   2.2860270e+06   3.7109375e+01
   2.2860470e+06   3.3264160e+01
   2.2860680e+06   6.8542480e+01
   2.2862030e+06   5.1879883e+01
   2.2863250e+06   3.3142090e+01
   2.2864420e+06   4.2297363e+01
   2.3325220e+06   3.3447266e+01
   2.3325540e+06   3.5766602e+01
   2.3326600e+06   3.3447266e+01
   2.3328650e+06   3.6621094e+01
   2.3328810e+06   3.6193848e+01
   2.3328970e+06   3.7231445e+01
   2.3329430e+06   3.7353516e+01
   2.3330240e+06   4.0588379e+01
   2.3330390e+06   3.3325195e+01
   2.3330970e+06   3.6682129e+01
   2.3332610e+06   3.8879395e+01
   2.3334300e+06   4.1076660e+01
   2.3352260e+06   3.7658691e+01
   2.3697640e+06   5.2917480e+01
   2.3698910e+06   4.4128418e+01
   2.3699520e+06   3.8513184e+01
   2.3699740e+06   4.7790527e+01
   2.3700270e+06   3.3020020e+01
   2.3700440e+06   3.4545898e+01
   2.3700720e+06   4.1015625e+01
   2.3701350e+06   3.7414551e+01
   2.3701570e+06   4.2724609e+01
   2.3701690e+06   5.0109863e+01
   2.3703030e+06   4.1564941e+01
   2.3703580e+06   3.4973145e+01
   2.3713780e+06   3.6254883e+01
   2.3733420e+06   3.4301758e+01
   2.3738980e+06   4.1748047e+01
   2.3776550e+06   4.8461914e+01
   2.4145130e+06   3.9001465e+01
   2.4147160e+06   4.1381836e+01
   2.4147330e+06   5.1452637e+01
   2.4148260e+06   3.7414551e+01
   2.4148490e+06   3.5278320e+01
   2.4148790e+06   3.7597656e+01
   2.4152510e+06   3.7963867e+01
   2.4164880e+06   3.5095215e+01
   2.4454380e+06   4.9865723e+01
   2.4455690e+06   3.4973145e+01
   2.4456600e+06   3.3386230e+01
   2.4457450e+06   3.7719727e+01
   2.4457570e+06   3.5339355e+01
   2.4458060e+06   3.3203125e+01
   2.4460550e+06   3.3142090e+01
   2.4461800e+06   4.9804688e+01
   2.4464430e+06   4.0161133e+01
   2.4472780e+06   3.4118652e+01
   2.4480120e+06   3.3203125e+01
   2.4482220e+06   3.6499023e+01
   2.4960720e+06   4.8645020e+01
   2.4962440e+06   5.3222656e+01
   2.4967410e+06   5.2978516e+01
   2.4971020e+06   4.0954590e+01
   2.4975500e+06   4.0283203e+01
   2.4977640e+06   3.5644531e+01
   2.4982460e+06   3.3874512e+01
   2.5435440e+06   6.1828613e+01
   2.5436920e+06   3.9001465e+01
   2.5438700e+06   3.8513184e+01
   2.5449640e+06   3.9672852e+01
   2.5452030e+06   4.1870117e+01
   2.5842440e+06   5.4504395e+01
   2.5843130e+06   3.6254883e+01
   2.5843410e+06   4.5104980e+01
   2.5845450e+06   3.6315918e+01
   2.5846490e+06   3.4667969e+01
   2.5848430e+06   3.7963867e+01
   2.5850670e+06   3.8757324e+01
   2.5853920e+06   3.7719727e+01
   2.5859490e+06   3.7414551e+01
   2.6289110e+06   5.9814453e+01
   2.6290170e+06   3.6499023e+01
   2.6293400e+06   3.9916992e+01
   2.6296390e+06   3.4057617e+01
   2.6299890e+06   3.5095215e+01
   2.6302050e+06   3.6254883e+01
   2.6731330e+06   3.8391113e+01
   2.6733170e+06   5.1574707e+01
   2.6734420e+06   4.2907715e+01
   2.6739510e+06   4.1015625e+01
   2.6743140e+06   4.4860840e+01
   2.6746280e+06   4.8889160e+01
   2.7104370e+06   4.3151855e+01
   2.7107000e+06   3.9489746e+01
   2.7108360e+06   5.2368164e+01
   2.7110500e+06   3.3691406e+01
   2.7110850e+06   4.5349121e+01
   2.7111190e+06   3.4729004e+01
   2.7114660e+06   4.6691895e+01
   2.7115930e+06   3.4790039e+01
   2.7444240e+06   3.9123535e+01
   2.7445000e+06   4.4555664e+01
   2.7445140e+06   3.3569336e+01
   2.7446760e+06   4.2724609e+01
   2.7448560e+06   4.4433594e+01
   2.7450220e+06   3.4362793e+01
   2.7889910e+06   4.6752930e+01
   2.7890870e+06   4.7790527e+01
   2.7895080e+06   4.1625977e+01
   2.7897960e+06   3.7292480e+01
   2.7898830e+06   4.9133301e+01
   2.7901840e+06   3.4851074e+01
   2.7904470e+06   3.6376953e+01
   2.7906060e+06   3.6560059e+01
   2.8296640e+06   3.6682129e+01
   2.8301220e+06   6.2194824e+01
   2.8305860e+06   5.5847168e+01
   2.8307520e+06   3.6193848e+01
   2.8309610e+06   3.9794922e+01
   2.8620700e+06   3.7109375e+01
   2.8621520e+06   6.2927246e+01
   2.8625420e+06   3.6132812e+01
   2.8627260e+06   4.0771484e+01
   2.8630200e+06   4.9682617e+01
   2.8996300e+06   6.3842773e+01
   2.8999900e+06   3.7414551e+01
   2.9001960e+06   4.1748047e+01
   2.9005930e+06   4.7180176e+01
   2.9008510e+06   3.8879395e+01
   2.9406010e+06   5.0903320e+01
   2.9407880e+06   3.6804199e+01
   2.9411670e+06   3.9367676e+01
   2.9414580e+06   3.7597656e+01
   2.9694800e+06   4.7302246e+01
   2.9719830e+06   6.7993164e+01
   2.9722050e+06   4.2724609e+01
   2.9722200e+06   3.6315918e+01
   2.9723230e+06   3.5095215e+01
   2.9723790e+06   4.1625977e+01
   2.9726910e+06   4.3151855e+01
   3.0259110e+06   5.0537109e+01
   3.0282840e+06   3.7780762e+01
   3.0289840e+06   3.8574219e+01
   3.0539950e+06   4.8400879e+01
   3.0544300e+06   4.1076660e+01
   3.0546360e+06   3.8879395e+01
   3.0933680e+06   3.4973145e+01
   3.0934250e+06   3.9306641e+01
   3.1153250e+06   5.2124023e+01
   3.1158030e+06   6.6284180e+01
   3.1175280e+06   5.8959961e+01
   3.1182380e+06   4.9987793e+01
   3.1746920e+06   3.4729004e+01
   3.2091410e+06   5.6823730e+01
   3.2564620e+06   4.6325684e+01
   3.2566280e+06   5.2551270e+01
   3.3189610e+06   4.3090820e+01
   3.3555710e+06   3.3447266e+01
   3.3556320e+06   4.2968750e+01
   3.3556590e+06   3.3752441e+01
   3.3557000e+06   3.4240723e+01
   3.3557300e+06   4.0649414e+01
   3.3558350e+06   6.3537598e+01
   3.3558940e+06   3.3691406e+01
   3.3559600e+06   3.7170410e+01
   3.3561870e+06   5.4260254e+01
   3.3562710e+06   3.5766602e+01
   3.4816280e+06   7.0068359e+01
   3.4819020e+06   3.8146973e+01
   3.5287530e+06   3.5583496e+01
   3.5293070e+06   3.9916992e+01
   3.5294040e+06   3.4729004e+01
   3.5295250e+06   3.7536621e+01
   3.5295840e+06   3.5278320e+01
   3.5296680e+06   4.4616699e+01
   3.6028200e+06   3.4484863e+01
   3.6028400e+06   3.5217285e+01
   3.6028720e+06   3.9611816e+01
   3.6029310e+06   3.6071777e+01
   3.6029530e+06   3.5766602e+01
   3.6029830e+06   3.8024902e+01
   3.6031580e+06   4.6875000e+01
   3.6032310e+06   3.3264160e+01
   3.6032950e+06   5.3039551e+01
   3.6501770e+06   5.2124023e+01
   3.6510130e+06   4.7302246e+01
   3.6512590e+06   4.6020508e+01
   3.6516990e+06   3.4973145e+01
   3.6520580e+06   3.5217285e+01
   3.6521060e+06   6.1279297e+01
   3.6522340e+06   4.8278809e+01
   3.6886110e+06   3.3142090e+01
   3.7079080e+06   5.0720215e+01
   3.7082260e+06   4.1931152e+01
   3.7082890e+06   3.6743164e+01
   3.7084450e+06   3.5705566e+01
   3.7085410e+06   4.4738770e+01
   3.7087620e+06   3.5278320e+01
   3.7535690e+06   4.4555664e+01
   3.7537510e+06   4.8095703e+01
   3.7546900e+06   4.2297363e+01
   3.7548410e+06   3.3569336e+01
   3.7550100e+06   4.0832520e+01
   3.7551750e+06   3.9367676e+01
   3.7553970e+06   3.5095215e+01
   3.7555800e+06   3.6987305e+01
   3.7556890e+06   3.3569336e+01
   3.7559320e+06   3.9367676e+01
   3.7560210e+06   3.7658691e+01
   3.7563980e+06   3.8818359e+01
   3.7977330e+06   6.0485840e+01
   3.7999790e+06   4.6508789e+01
   3.8184080e+06   6.3903809e+01
   3.8185010e+06   4.6691895e+01
   3.8190820e+06   3.3996582e+01
   3.8201930e+06   5.8715820e+01
   3.8450690e+06   7.2204590e+01
   3.8452070e+06   4.7668457e+01
   3.8453510e+06   4.1870117e+01
   3.8617450e+06   4.5227051e+01
   3.8627840e+06   4.7668457e+01
   3.8759430e+06   6.0302734e+01
   3.8914320e+06   4.5959473e+01
   3.8927770e+06   3.5156250e+01
   3.8930060e+06   4.1137695e+01
   3.9149060e+06   5.5297852e+01
   3.9158330e+06   4.0344238e+01
   3.9159250e+06   4.6203613e+01
   3.9481540e+06   6.8542480e+01
   3.9484750e+06   5.1269531e+01
   3.9920700e+06   4.6020508e+01
   3.9929820e+06   5.2795410e+01
   3.9931920e+06   3.6499023e+01
   4.0281960e+06   4.2358398e+01
   4.0282750e+06   3.9794922e+01
   4.0283060e+06   3.4667969e+01
   4.0644390e+06   4.0222168e+01
   4.0672710e+06   4.3701172e+01
   4.0878640e+06   4.1748047e+01
   4.0903090e+06   3.5644531e+01
   4.0904910e+06   3.8452148e+01
   4.1499060e+06   3.3569336e+01
   4.1504930e+06   4.5288086e+01
   4.2175410e+06   4.4738770e+01
   4.2178270e+06   3.5034180e+01
   4.2179260e+06   3.3386230e+01
   4.2180690e+06   4.1809082e+01
   4.2184060e+06   4.2297363e+01
   4.2186920e+06   4.0161133e+01
   4.2564710e+06   5.2673340e+01
   4.2565700e+06   3.6621094e+01
   4.2568210e+06   5.1757812e+01
   4.2580150e+06   4.5471191e+01
   4.2584760e+06   3.8574219e+01
   4.2589060e+06   4.4799805e+01
   4.2591530e+06   3.5156250e+01
   4.3100260e+06   4.2175293e+01
   4.3103090e+06   3.4484863e+01
   4.3103850e+06   3.4484863e+01
   4.3104900e+06   3.7048340e+01
   4.3109280e+06   4.6142578e+01
   4.3112060e+06   3.8757324e+01
   4.3541460e+06   3.8757324e+01
   4.3548160e+06   3.7963867e+01
   4.3549920e+06   4.2602539e+01
   4.3551980e+06   4.0466309e+01
   4.3766460e+06   3.4606934e+01
   4.4044710e+06   4.0893555e+01
   4.4480280e+06   4.0405273e+01
   4.4789650e+06   3.7597656e+01
   4.4792510e+06   5.6945801e+01
   4.4975550e+06   5.7861328e+01
   4.5294060e+06   4.3823242e+01
   4.5302180e+06   5.7067871e+01
   4.5308430e+06   3.3874512e+01
   4.5309940e+06   4.0405273e+01
   4.5312430e+06   4.0405273e+01
   4.5314670e+06   3.3142090e+01
   4.5318330e+06   3.4240723e+01
   4.5527300e+06   3.6254883e+01
   4.5637800e+06   5.6945801e+01
   4.5638540e+06   3.4362793e+01
   4.5638770e+06   6.2011719e+01
   4.5640520e+06   4.2480469e+01
   4.5642520e+06   4.1992188e+01
   4.5653150e+06   3.9428711e+01
   4.5655750e+06   3.8208008e+01
   4.5660970e+06   3.3630371e+01
   4.7157440e+06   5.3100586e+01
   4.7460320e+06   3.8818359e+01
   4.7462340e+06   3.6621094e+01
   4.7463000e+06   3.4912109e+01
   4.7463230e+06   3.5034180e+01
   4.7463520e+06   3.7719727e+01
   4.7463700e+06   4.7302246e+01
   4.7464520e+06   3.6682129e+01
   4.7464710e+06   6.0119629e+01
   4.7469770e+06   4.2907715e+01
   4.7469930e+06   3.3752441e+01
   4.7965730e+06   4.3395996e+01
   4.7968910e+06   3.3142090e+01
   4.7969790e+06   3.7414551e+01
   4.7971120e+06   3.4179688e+01
   4.7971410e+06   3.7902832e+01
   4.7972080e+06   4.4555664e+01
   4.7972650e+06   3.8818359e+01
   4.7972870e+06   4.1442871e+01
   4.7974690e+06   3.5339355e+01
   4.9048820e+06   3.5095215e+01
   4.9049050e+06   3.3203125e+01
   4.9049190e+06   3.4851074e+01
   4.9050810e+06   6.2377930e+01
   4.9051140e+06   3.4118652e+01
   4.9052490e+06   4.6508789e+01
   4.9052600e+06   3.3203125e+01
   4.9977740e+06   6.8115234e+01
   4.9979030e+06   3.5827637e+01
   4.9979220e+06   3.6804199e+01
   4.9979990e+06   3.3386230e+01
   4.9980460e+06   3.3813477e+01
   4.9982190e+06   3.7414551e+01
   4.9984590e+06   5.5236816e+01
   4.9985350e+06   3.3142090e+01
   5.0418390e+06   5.1574707e+01
   5.0421360e+06   4.0527344e+01
   5.0422010e+06   3.3630371e+01
   5.0422320e+06   3.6010742e+01
   5.0423230e+06   3.6437988e+01
   5.0424050e+06   3.3203125e+01
   5.0424790e+06   3.6010742e+01
   5.0427390e+06   4.6081543e+01
   5.1373640e+06   3.3203125e+01
   5.1374320e+06   3.7841797e+01
   5.1376490e+06   6.2438965e+01
   5.1377370e+06   3.4606934e+01
   5.1377670e+06   4.1381836e+01
   5.1377930e+06   3.5461426e+01
   5.1378620e+06   3.4851074e+01
   5.2360310e+06   5.0781250e+01
   5.2362280e+06   5.4565430e+01
   5.2712230e+06   3.3691406e+01
   5.2712430e+06   4.1076660e+01
   5.2712700e+06   3.4301758e+01
   5.2712930e+06   3.4118652e+01
   5.2713240e+06   3.4729004e+01
   5.2714300e+06   3.3203125e+01
   5.2715520e+06   3.5278320e+01
   5.2715790e+06   3.6499023e+01
   5.2717710e+06   4.9255371e+01
   5.3039000e+06   4.9560547e+01
   5.3041830e+06   3.4790039e+01
   5.3045280e+06   4.1870117e+01
   5.3054860e+06   4.5898438e+01
   5.3055060e+06   3.4851074e+01
   5.3059990e+06   4.1870117e+01
   5.5138920e+06   4.9133301e+01
   5.5140560e+06   3.3264160e+01
   5.5145820e+06   3.4729004e+01
   5.5147640e+06   5.8593750e+01
   5.5148220e+06   3.3447266e+01
   5.5149890e+06   4.4006348e+01
   5.5153880e+06   4.0893555e+01
   5.6239900e+06   5.6701660e+01
   5.6241600e+06   6.6101074e+01
   5.6246200e+06   6.7443848e+01
   5.6256540e+06   4.8278809e+01
   5.6258820e+06   4.4372559e+01
   5.6259310e+06   3.6376953e+01
   5.6261390e+06   4.1931152e+01
   5.7297360e+06   5.6762695e+01
   5.7298240e+06   4.3945312e+01
   5.7299730e+06   4.3090820e+01
   5.7304730e+06   3.7536621e+01
   5.7306330e+06   3.3508301e+01
   5.7311820e+06   3.3752441e+01
   5.7315410e+06   3.3386230e+01
   5.7315570e+06   3.8574219e+01
   5.8160160e+06   4.8706055e+01
   5.8161950e+06   5.3710938e+01
   5.8163630e+06   3.8391113e+01
   5.8177030e+06   4.9438477e+01
   5.8182160e+06   4.6386719e+01
   5.8184170e+06   3.9855957e+01
   5.8189930e+06   3.3996582e+01
   5.9311720e+06   3.8391113e+01
   5.9314390e+06   5.5725098e+01
   5.9316360e+06   5.6396484e+01
   5.9322030e+06   4.2297363e+01
   5.9323880e+06   3.6071777e+01
   5.9328000e+06   3.4362793e+01
   5.9332370e+06   5.2978516e+01
   5.9333930e+06   4.4616699e+01
   6.0127380e+06   3.4057617e+01
   6.0403660e+06   3.6376953e+01
   6.0405340e+06   3.3630371e+01
   6.0731180e+06   6.1340332e+01
   6.0731860e+06   4.4128418e+01
   6.0736240e+06   4.6936035e+01
   6.1521530e+06   4.4921875e+01
   6.1523750e+06   3.8085938e+01
   6.1525050e+06   3.8085938e+01
   6.1525950e+06   3.6010742e+01
   6.1526310e+06   4.9072266e+01
   6.1529210e+06   3.9428711e+01
   6.1529870e+06   3.4484863e+01
   6.1532460e+06   3.6376953e+01
   6.3457620e+06   6.0974121e+01
   6.3458420e+06   3.9001465e+01
   6.3459990e+06   4.4494629e+01
   6.3465350e+06   3.3752441e+01
   6.3465870e+06   3.7963867e+01
   6.3468830e+06   4.6386719e+01
   6.3470690e+06   3.4118652e+01
   6.3471020e+06   3.3752441e+01
   6.3472590e+06   3.8757324e+01
   6.7049410e+06   3.3691406e+01
   6.9221380e+06   6.2927246e+01
   6.9222510e+06   4.2907715e+01
   6.9224700e+06   4.3762207e+01
   6.9227180e+06   3.6621094e+01
   6.9229750e+06   3.7597656e+01
   6.9230390e+06   3.4179688e+01
   6.9231070e+06   3.3325195e+01
   6.9231560e+06   4.1137695e+01
   6.9231950e+06   5.2246094e+01
   6.9384930e+06   4.3518066e+01
   6.9386120e+06   4.4128418e+01
   6.9386390e+06   3.4606934e+01
   6.9386490e+06   4.6691895e+01
   6.9387600e+06   4.9133301e+01
   6.9388510e+06   5.3344727e+01
   6.9393060e+06   3.7780762e+01
   7.0339670e+06   3.5339355e+01
   7.0339950e+06   3.4057617e+01
   7.0341340e+06   3.6376953e+01
   7.0342820e+06   3.3325195e+01
   7.0343210e+06   7.2509766e+01
   7.0344370e+06   4.0039062e+01
   7.0345600e+06   3.9489746e+01
   7.0346550e+06   4.4372559e+01
   7.0929230e+06   5.8349609e+01
   7.0929710e+06   4.0161133e+01
   7.0929830e+06   3.8452148e+01
   7.0930150e+06   3.8635254e+01
   7.0932220e+06   3.9916992e+01
   7.0933140e+06   3.4545898e+01
   7.0933610e+06   4.6447754e+01
   7.0935530e+06   4.4372559e+01
   7.0937030e+06   3.3447266e+01
   7.0937950e+06   4.2602539e+01
   7.1353320e+06   4.9316406e+01
   7.1356990e+06   3.4301758e+01
   7.1358440e+06   3.6376953e+01
   7.1359890e+06   3.5034180e+01
   7.1361130e+06   3.4667969e+01
   7.1362250e+06   3.5278320e+01
   7.1835440e+06   4.5959473e+01
   7.1836280e+06   3.4606934e+01
   7.1841670e+06   3.5522461e+01
   7.1844250e+06   3.3386230e+01
   7.2242270e+06   3.4118652e+01
   7.2243030e+06   3.4423828e+01
   7.2243890e+06   3.7292480e+01
   7.2245140e+06   3.6499023e+01
   7.2246060e+06   3.7902832e+01
   7.2246900e+06   4.3151855e+01
   7.2248130e+06   3.4545898e+01
   7.2248450e+06   5.1696777e+01
   7.2250930e+06   4.8217773e+01
   7.2252610e+06   4.3395996e+01
   7.2583720e+06   5.8044434e+01
   7.2585310e+06   5.5114746e+01
   7.2586590e+06   4.2358398e+01
   7.2588950e+06   4.2358398e+01
   7.2591910e+06   3.6743164e+01
   7.2594890e+06   3.5949707e+01
   7.2598550e+06   4.6081543e+01
   7.2600110e+06   3.6071777e+01
   7.3118100e+06   4.4555664e+01
   7.3118280e+06   5.0598145e+01
   7.3118590e+06   4.3457031e+01
   7.3120360e+06   3.5339355e+01
   7.3122230e+06   5.6518555e+01
   7.3123750e+06   4.0893555e+01
   7.3125450e+06   3.6743164e+01
   7.3131570e+06   3.7780762e+01
   7.3612350e+06   4.8217773e+01
   7.3615570e+06   3.6621094e+01
   7.3615830e+06   3.9062500e+01
   7.3616810e+06   4.0405273e+01
   7.3619250e+06   4.0954590e+01
   7.3621670e+06   4.0832520e+01
   7.3626280e+06   3.4790039e+01
   7.3627840e+06   4.6447754e+01
   7.3717290e+06   4.7668457e+01
   7.3718280e+06   3.8269043e+01
   7.3723370e+06   5.4260254e+01
   7.3724710e+06   3.9062500e+01
   7.3726390e+06   4.0588379e+01
   7.3727740e+06   3.4362793e+01
   7.3733870e+06   4.4006348e+01
   7.4336330e+06   5.8105469e+01
   7.4336700e+06   3.5949707e+01
   7.4337670e+06   3.5339355e+01
   7.4339060e+06   3.7048340e+01
   7.4339210e+06   3.3508301e+01
   7.4340390e+06   3.9794922e+01
   7.4344290e+06   4.2480469e+01
   7.4348810e+06   4.0710449e+01
   7.5152020e+06   3.5949707e+01
   7.5155050e+06   6.3476562e+01
   7.5155420e+06   3.3935547e+01
   7.5157890e+06   3.9123535e+01
   7.5159050e+06   4.5410156e+01
   7.5162020e+06   3.6071777e+01
   7.5535940e+06   5.7739258e+01
   7.5536950e+06   3.7597656e+01
   7.5542180e+06   4.6081543e+01
   7.5543440e+06   3.4790039e+01
   7.5543890e+06   3.4118652e+01
   7.5546840e+06   3.5095215e+01
   7.5548530e+06   4.3701172e+01
   7.5550830e+06   3.8940430e+01
   7.8104150e+06   3.7841797e+01
   7.8106240e+06   3.5705566e+01
   7.8106940e+06   3.3447266e+01
   7.8107620e+06   3.3935547e+01
   7.8108600e+06   4.0954590e+01
   7.8111190e+06   4.4311523e+01
   7.8880960e+06   4.7119141e+01
   7.8881740e+06   4.3640137e+01
   7.8886440e+06   3.6926270e+01
   7.8888120e+06   3.8146973e+01
   7.8892300e+06   3.5705566e+01
   7.8895490e+06   4.2785645e+01
   7.8896440e+06   3.3996582e+01
   7.8898880e+06   3.3325195e+01
   7.9470310e+06   4.5471191e+01
   7.9471060e+06   5.2429199e+01
   7.9476850e+06   4.1931152e+01
   7.9481380e+06   3.5522461e+01
   8.0613520e+06   5.2917480e+01
   8.0615000e+06   4.5288086e+01
   8.0617370e+06   5.0842285e+01
   8.0621500e+06   4.2297363e+01
   8.0625660e+06   4.8950195e+01
   8.0626990e+06   4.2968750e+01
   8.0629000e+06   3.5583496e+01
   8.0632780e+06   3.8085938e+01
   8.3023220e+06   5.5847168e+01
   8.3025580e+06   4.1870117e+01
   8.3028200e+06   3.8269043e+01
   8.3033980e+06   4.7485352e+01
   8.3035310e+06   4.4128418e+01
   8.3041490e+06   3.3996582e+01
   8.3044730e+06   4.7241211e+01
   8.3858720e+06   4.7241211e+01
   8.3859820e+06   4.8400879e+01
   8.3863250e+06   3.4790039e+01
   8.3863450e+06   3.4667969e+01
   8.3864070e+06   4.3151855e+01
   8.3864700e+06   3.4118652e+01
   8.3865960e+06   3.8391113e+01
   8.3866660e+06   4.1809082e+01
   8.3868110e+06   4.1320801e+01
   8.3868530e+06   3.6010742e+01
   8.4654240e+06   5.2368164e+01
   8.4654420e+06   4.4738770e+01
   8.4657610e+06   4.3945312e+01
   8.4659040e+06   3.3996582e+01
   8.4660370e+06   3.8391113e+01
   8.4662130e+06   4.5837402e+01
   8.4663430e+06   3.9794922e+01
   8.4667010e+06   3.6926270e+01
   8.4668900e+06   3.8391113e+01
   8.4670300e+06   4.2236328e+01
   8.4673880e+06   3.3813477e+01
   8.5695860e+06   3.5400391e+01
   8.5697090e+06   4.2663574e+01
   8.5697560e+06   3.5034180e+01
   8.5702040e+06   3.6804199e+01
   8.5702150e+06   4.1076660e+01
   8.5702700e+06   5.0476074e+01
   8.5703010e+06   3.5949707e+01
   8.5703640e+06   4.2236328e+01
   8.5704780e+06   4.3640137e+01
   8.5705800e+06   3.6376953e+01
   8.5708400e+06   4.7058105e+01
   8.6269970e+06   4.8339844e+01
   8.6271840e+06   4.0588379e+01
   8.6273650e+06   4.1076660e+01
   8.6275110e+06   3.6315918e+01
   8.6276850e+06   3.8146973e+01
   8.6750780e+06   4.6020508e+01
   8.6756080e+06   5.5053711e+01
   8.6756640e+06   3.3508301e+01
   8.6757090e+06   3.3813477e+01
   8.6758850e+06   4.8522949e+01
   8.6760520e+06   3.9123535e+01
   8.6761710e+06   3.3874512e+01
   8.6767220e+06   3.4301758e+01
   8.7211300e+06   5.1940918e+01
   8.7213620e+06   4.5776367e+01
   8.7216560e+06   3.9855957e+01
   8.7218190e+06   4.2724609e+01
   8.7219910e+06   5.3955078e+01
   8.7222830e+06   4.1015625e+01
   8.7228530e+06   5.4382324e+01
   8.7778080e+06   3.5400391e+01
   8.7782210e+06   5.5847168e+01
   8.7782990e+06   3.4118652e+01
   8.7786120e+06   4.1015625e+01
   8.7789540e+06   3.5461426e+01
   8.8130570e+06   5.0292969e+01
   8.8133680e+06   3.4240723e+01
   8.8134750e+06   3.9367676e+01
   8.8136260e+06   3.5644531e+01
   8.8138320e+06   4.0771484e+01
   8.8141490e+06   4.3457031e+01
   8.8146880e+06   3.5095215e+01
   8.8637810e+06   4.7912598e+01
   8.8640940e+06   4.9926758e+01
   8.8642890e+06   3.6865234e+01
   8.8644400e+06   3.7414551e+01
   8.8653300e+06   3.7231445e+01
   8.8654220e+06   3.9672852e+01
   8.8660080e+06   3.9855957e+01
   8.8670130e+06   3.4118652e+01
   8.8675020e+06   3.7414551e+01
   9.0975240e+06   3.3264160e+01
   9.0977190e+06   4.7729492e+01
   9.0978180e+06   4.7546387e+01
   9.0979820e+06   3.6926270e+01
   9.1240680e+06   5.7373047e+01
   9.1241770e+06   3.5949707e+01
   9.1244190e+06   3.4729004e+01
   9.1245720e+06   4.1503906e+01
   9.1246490e+06   3.3874512e+01
   9.1249510e+06   4.8706055e+01
   9.1251000e+06   3.3874512e+01
   9.1252340e+06   3.6254883e+01
   9.1928170e+06   6.5551758e+01
   9.1930790e+06   3.2836914e+01
   9.1931620e+06   4.3273926e+01
   9.1932410e+06   3.6315918e+01
   9.1933290e+06   3.2958984e+01
   9.1934710e+06   4.4494629e+01
   9.1935750e+06   5.2307129e+01
   9.1937350e+06   3.2958984e+01
   9.1937770e+06   4.0710449e+01
   9.2783930e+06   4.5043945e+01
   9.2785350e+06   5.2124023e+01
   9.2787970e+06   3.7780762e+01
   9.2788600e+06   3.3691406e+01
   9.2788760e+06   3.4118652e+01
   9.2789820e+06   4.3395996e+01
   9.2790360e+06   4.3762207e+01
   9.2791720e+06   4.4189453e+01
   9.2793800e+06   3.4057617e+01
   9.3425020e+06   5.0964355e+01
   9.3425160e+06   4.0039062e+01
   9.3426150e+06   5.3344727e+01
   9.3428910e+06   4.1442871e+01
   9.3430050e+06   5.1696777e+01
   9.3432060e+06   3.9611816e+01
   9.3437630e+06   4.3457031e+01
   9.3440860e+06   3.5522461e+01
   9.4064870e+06   5.3649902e+01
   9.4066730e+06   3.5888672e+01
   9.4069130e+06   3.7231445e+01
   9.4071080e+06   3.7292480e+01
   9.4077910e+06   3.7719727e+01
   9.4079640e+06   3.8024902e+01
   9.4084170e+06   3.4912109e+01
   9.4086200e+06   3.4362793e+01
   9.4090390e+06   4.2053223e+01
   9.4093240e+06   3.3813477e+01
   9.6317070e+06   5.0903320e+01
   9.6318070e+06   3.6071777e+01
   9.6318900e+06   7.3669434e+01
   9.6319620e+06   4.2236328e+01
   9.6320100e+06   5.1208496e+01
   9.6321200e+06   3.4423828e+01
   9.6321510e+06   3.5461426e+01
   9.6653680e+06   4.9682617e+01
   9.6656100e+06   5.5480957e+01
   9.6659640e+06   4.3457031e+01
   9.6660910e+06   3.9428711e+01
   9.6662380e+06   3.5583496e+01
   9.6662710e+06   5.8776855e+01
   9.6668080e+06   3.3813477e+01
   9.6671100e+06   4.4372559e+01
   9.7217410e+06   6.8603516e+01
   9.7219700e+06   4.2480469e+01
   9.7220780e+06   4.0649414e+01
   9.7224710e+06   3.6865234e+01
   9.7226830e+06   4.1931152e+01
   9.8035660e+06   4.9072266e+01
   9.8038650e+06   4.4433594e+01
   9.8039500e+06   3.8208008e+01
   9.8040920e+06   3.2836914e+01
   9.8041190e+06   4.4067383e+01
   9.8042090e+06   3.3508301e+01
   9.8044130e+06   4.7363281e+01
   9.9266060e+06   4.9865723e+01
   9.9267960e+06   4.0954590e+01
   9.9272090e+06   4.7485352e+01
   9.9275590e+06   3.6132812e+01
   9.9279630e+06   4.8950195e+01
   9.9303050e+06   3.9428711e+01
   1.0092671e+07   3.6254883e+01
   1.0092778e+07   3.9367676e+01
   1.0092843e+07   3.9306641e+01
   1.0092886e+07   4.0222168e+01
   1.0092992e+07   4.2602539e+01
   1.0093162e+07   3.4545898e+01
   1.0129973e+07   6.3537598e+01
   1.0130050e+07   4.5959473e+01
   1.0130461e+07   3.3508301e+01
   1.0130749e+07   3.9367676e+01
   1.0131111e+07   4.0222168e+01
   1.0131271e+07   3.6743164e+01
   1.0131636e+07   3.7414551e+01
   1.0131998e+07   3.6865234e+01
   1.0132131e+07   3.6010742e+01
   1.0338746e+07   5.7739258e+01
   1.0338829e+07   4.8034668e+01
   1.0338956e+07   3.3447266e+01
   1.0338983e+07   3.8024902e+01
   1.0339243e+07   3.5888672e+01
   1.0339253e+07   3.4301758e+01
   1.0339517e+07   3.5644531e+01
   1.0339811e+07   4.4738770e+01
   1.0339965e+07   3.3142090e+01
   1.0340130e+07   3.3081055e+01
   1.0436111e+07   3.3691406e+01
   1.0436231e+07   4.8339844e+01
   1.0436467e+07   4.6752930e+01
   1.0437079e+07   5.2368164e+01
   1.0437366e+07   3.3691406e+01
   1.0437458e+07   3.5705566e+01
   1.0437545e+07   3.7841797e+01
   1.0437604e+07   3.8024902e+01
   1.0437652e+07   3.3508301e+01
   1.0437688e+07   5.2429199e+01
   1.0437901e+07   3.3142090e+01
   1.0438080e+07   3.2714844e+01
   1.0503356e+07   3.7902832e+01
   1.0503475e+07   3.7780762e+01
   1.0503602e+07   5.0170898e+01
   1.0503738e+07   3.6621094e+01
   1.0506073e+07   3.5400391e+01
   1.0506366e+07   6.9213867e+01
   1.0506655e+07   3.9245605e+01
   1.0506853e+07   4.5837402e+01
   1.0507068e+07   3.4729004e+01
   1.0507268e+07   3.7536621e+01
   1.0507538e+07   3.9916992e+01
   1.0778906e+07   3.3630371e+01
   1.0779054e+07   3.3264160e+01
   1.0779221e+07   5.7495117e+01
   1.0779242e+07   3.4912109e+01
   1.0779308e+07   4.0527344e+01
   1.0779432e+07   4.6142578e+01
   1.1097057e+07   3.4484863e+01
   1.1140894e+07   5.2246094e+01
   1.1141160e+07   3.5522461e+01
   1.1141247e+07   5.8349609e+01
   1.1141339e+07   3.3508301e+01
   1.1141384e+07   3.5217285e+01
   1.1141565e+07   4.0893555e+01
   1.1141694e+07   3.5705566e+01
   1.1250676e+07   5.5969238e+01
   1.1250705e+07   3.4118652e+01
   1.1250773e+07   3.2836914e+01
   1.1250848e+07   3.6193848e+01
   1.1250950e+07   3.4240723e+01
   1.1251038e+07   3.7597656e+01
   1.1251061e+07   3.6315918e+01
   1.1251136e+07   3.4362793e+01
   1.1251245e+07   3.7902832e+01
   1.1251426e+07   3.4606934e+01
   1.1290838e+07   5.6579590e+01
   1.1290917e+07   4.6997070e+01
   1.1291047e+07   3.4362793e+01
   1.1291232e+07   4.6875000e+01
   1.1291345e+07   4.1931152e+01
   1.1291630e+07   4.4616699e+01
   1.1291985e+07   3.3935547e+01
   1.1293244e+07   3.8635254e+01
   1.1293562e+07   4.1320801e+01
   1.1309238e+07   5.0598145e+01
   1.1367360e+07   3.3203125e+01
   1.1397473e+07   3.3935547e+01
   1.1397492e+07   5.7861328e+01
   1.1397528e+07   3.7902832e+01
   1.1397897e+07   3.7902832e+01
   1.1397970e+07   5.1086426e+01
   1.1398237e+07   4.0161133e+01
   1.1803687e+07   3.2897949e+01
   1.1803889e+07   7.2631836e+01
   1.1803953e+07   3.4423828e+01
   1.1803984e+07   3.5949707e+01
   1.1804016e+07   5.2429199e+01
   1.1804030e+07   3.6926270e+01
   1.1804266e+07   3.2714844e+01
   1.1804341e+07   3.3142090e+01
   1.1804546e+07   3.3996582e+01
   1.1804732e+07   3.2958984e+01
   1.1839123e+07   3.9550781e+01
   1.1839258e+07   4.7607422e+01
   1.1839521e+07   4.9987793e+01
   1.1839729e+07   3.9978027e+01
   1.1840124e+07   3.8513184e+01
   1.1840200e+07   3.2958984e+01
