   1.1996000e+07   0.0000000e+00
   2.8519900e+05   1.1657715e+01
   7.3949600e+05   1.2939453e+01
   1.2450040e+06   1.1291504e+01
   1.5593370e+06   1.1657715e+01
   1.8726650e+06   1.1230469e+01
   1.9494530e+06   1.1230469e+01
   2.4472420e+06   1.1230469e+01
   2.6259240e+06   1.1230469e+01
   5.5053210e+06   1.1352539e+01
   6.8488750e+06   1.0864258e+01
   6.9571730e+06   1.1596680e+01
   7.7300250e+06   1.0864258e+01
   1.0239154e+07   1.0925293e+01
   1.1182060e+07   1.2573242e+01
   1.1313673e+07   1.1291504e+01
   1.1314859e+07   1.0803223e+01
