   1.1996000e+07   0.0000000e+00
   5.1103000e+04   9.7351074e+01
   1.1913800e+05   1.0748291e+02
   1.6901200e+05   2.8930664e+01
   2.1436400e+05   9.2102051e+01
   2.5591800e+05   9.8999023e+01
   2.6037600e+05   2.8869629e+01
   3.4865300e+05   9.8449707e+01
   3.9553000e+05   3.2043457e+01
   4.4957900e+05   1.0955811e+02
   4.5030000e+05   3.1188965e+01
   4.5048200e+05   1.1187744e+02
   4.5058400e+05   8.0139160e+01
   4.5069900e+05   4.7851562e+01
   4.5093000e+05   8.6791992e+01
   4.5103300e+05   6.2438965e+01
   4.5109300e+05   3.0029297e+01
   4.5785800e+05   2.9357910e+01
   5.1245700e+05   1.1840820e+02
   5.1252400e+05   7.0495605e+01
   5.1258300e+05   3.4606934e+01
   5.5483200e+05   9.8754883e+01
   5.5490300e+05   9.4116211e+01
   5.5496900e+05   5.9936523e+01
   5.5500500e+05   3.1738281e+01
   5.5502200e+05   3.0944824e+01
   5.5594000e+05   3.8391113e+01
   5.5609500e+05   6.3049316e+01
   5.5628700e+05   6.8664551e+01
   5.5653700e+05   7.2814941e+01
   5.9628400e+05   9.4055176e+01
   5.9635400e+05   9.5703125e+01
   5.9641800e+05   6.8908691e+01
   5.9648100e+05   3.8208008e+01
   5.9744700e+05   3.8818359e+01
   5.9760100e+05   5.4443359e+01
   5.9776700e+05   4.9499512e+01
   5.9794200e+05   6.0058594e+01
   5.9809200e+05   5.3466797e+01
   5.9824100e+05   5.5541992e+01
   5.9838000e+05   4.9499512e+01
   5.9852100e+05   3.7475586e+01
   5.9866400e+05   4.8645020e+01
   5.9880800e+05   4.8034668e+01
   5.9895000e+05   3.6499023e+01
   5.9911100e+05   5.0415039e+01
   5.9926600e+05   4.8095703e+01
   5.9948000e+05   5.0292969e+01
   5.9977400e+05   6.0485840e+01
   6.0016400e+05   7.5195312e+01
   6.0040400e+05   7.2631836e+01
   6.0464800e+05   7.6538086e+01
   6.0640500e+05   7.9711914e+01
   6.1462700e+05   9.2041016e+01
   6.1473700e+05   6.9152832e+01
   6.1486800e+05   6.8664551e+01
   6.1499600e+05   6.8481445e+01
   6.1513800e+05   6.8237305e+01
   6.1540600e+05   6.7565918e+01
   6.1561800e+05   5.6518555e+01
   6.6801800e+05   1.0681152e+02
   6.6808700e+05   3.2775879e+01
   6.6816500e+05   5.8288574e+01
   6.6823600e+05   3.4301758e+01
   6.6825900e+05   3.0944824e+01
   6.6923700e+05   2.9907227e+01
   6.6944800e+05   6.3476563e+01
   6.6967400e+05   6.6894531e+01
   6.6985500e+05   6.8420410e+01
   6.7002500e+05   5.9204102e+01
   6.7021300e+05   6.5185547e+01
   6.7038300e+05   5.9997559e+01
   6.7063700e+05   5.7373047e+01
   6.7079800e+05   5.7922363e+01
   6.7100500e+05   5.1513672e+01
   6.7161200e+05   6.3293457e+01
   6.7183300e+05   6.5979004e+01
   6.7203500e+05   5.5297852e+01
   6.7238500e+05   6.0974121e+01
   7.1904300e+05   9.8449707e+01
   7.1911800e+05   7.4279785e+01
   7.1920100e+05   5.6518555e+01
   7.1927700e+05   4.6508789e+01
   7.1936300e+05   2.9907227e+01
   7.2035900e+05   3.2226562e+01
   7.2053100e+05   5.4382324e+01
   7.2070300e+05   5.3649902e+01
   7.2086900e+05   5.6274414e+01
   7.2110200e+05   6.6833496e+01
   7.2124700e+05   5.9020996e+01
   7.2140000e+05   4.8156738e+01
   7.2155000e+05   4.8583984e+01
   7.2173400e+05   5.3466797e+01
   7.2190700e+05   4.3945312e+01
   7.2205200e+05   4.0893555e+01
   7.2221800e+05   4.3457031e+01
   7.2239700e+05   4.1381836e+01
   7.2255400e+05   4.7058105e+01
   7.2271900e+05   4.6264648e+01
   7.4556300e+05   1.0748291e+02
   7.4564700e+05   9.5153809e+01
   7.4576000e+05   7.3547363e+01
   7.4587000e+05   6.0485840e+01
   7.4598800e+05   5.1879883e+01
   7.4610400e+05   5.9020996e+01
   7.4621100e+05   5.3344727e+01
   7.4633000e+05   4.4006348e+01
   7.4646000e+05   5.3527832e+01
   7.4661300e+05   4.8583984e+01
   7.4681000e+05   6.1035156e+01
   7.9563700e+05   4.0100098e+01
   7.9570900e+05   8.3190918e+01
   7.9581100e+05   6.4636230e+01
   7.9589900e+05   4.9560547e+01
   7.9598300e+05   4.4067383e+01
   7.9605600e+05   3.2287598e+01
   7.9685000e+05   4.3395996e+01
   7.9709200e+05   6.6101074e+01
   7.9751300e+05   6.4636230e+01
   7.9783900e+05   6.3232422e+01
   7.9811900e+05   7.1838379e+01
   7.9839000e+05   7.4645996e+01
   7.9856100e+05   7.0007324e+01
   7.9889800e+05   6.4025879e+01
   7.9935500e+05   7.7575684e+01
   8.5396500e+05   8.4533691e+01
   8.5405300e+05   7.7392578e+01
   8.5414900e+05   7.4279785e+01
   8.5426700e+05   7.2814941e+01
   8.5438800e+05   7.9284668e+01
   8.5451000e+05   5.2795410e+01
   8.5461000e+05   3.6621094e+01
   8.5471300e+05   3.0151367e+01
   8.5482400e+05   3.4118652e+01
   8.5493800e+05   3.8085938e+01
   8.5509900e+05   4.5471191e+01
   8.5533100e+05   5.5114746e+01
   8.5571200e+05   6.5124512e+01
   8.7359100e+05   3.7048340e+01
   8.7367800e+05   8.6181641e+01
   8.7378800e+05   6.7199707e+01
   8.7391600e+05   7.1838379e+01
   8.7413900e+05   7.3852539e+01
   8.7429100e+05   7.2448730e+01
   8.7458400e+05   7.6049805e+01
   9.2971200e+05   1.0571289e+02
   9.2982000e+05   8.6364746e+01
   9.2992500e+05   7.2692871e+01
   9.3002300e+05   2.9479980e+01
   9.3005200e+05   6.7138672e+01
   9.3015900e+05   6.5246582e+01
   9.3025900e+05   5.3283691e+01
   9.3026900e+05   2.8930664e+01
   9.3034900e+05   3.1677246e+01
   9.3046100e+05   4.2663574e+01
   9.3058600e+05   5.0476074e+01
   9.3079200e+05   5.6518555e+01
   9.6834200e+05   3.0029297e+01
   9.6851100e+05   8.9416504e+01
   9.6862300e+05   7.7453613e+01
   9.6876800e+05   5.7189941e+01
   9.6893300e+05   6.5734863e+01
   9.6909100e+05   6.9091797e+01
   9.6924900e+05   6.6162109e+01
   9.6947200e+05   7.4462891e+01
   1.0078110e+06   1.0913086e+02
   1.0079070e+06   8.0444336e+01
   1.0080230e+06   7.2509766e+01
   1.0081480e+06   7.3608398e+01
   1.0082720e+06   7.9956055e+01
   1.0083990e+06   6.6162109e+01
   1.0085460e+06   6.9519043e+01
   1.0421530e+06   1.0278320e+02
   1.0423840e+06   1.0449219e+02
   1.0426020e+06   9.1125488e+01
   1.0428140e+06   8.4228516e+01
   1.0842150e+06   8.6486816e+01
   1.0843930e+06   9.3933105e+01
   1.0845580e+06   8.0139160e+01
   1.0847540e+06   7.8125000e+01
   1.0849330e+06   7.3791504e+01
   1.0851890e+06   7.9467773e+01
   1.1281630e+06   8.9355469e+01
   1.1285760e+06   7.3608398e+01
   1.1288490e+06   7.5256348e+01
   1.1722740e+06   1.0168457e+02
   1.1727250e+06   1.0388184e+02
   1.1729430e+06   9.8510742e+01
   1.1733430e+06   9.3139648e+01
   1.1735750e+06   8.1665039e+01
   1.2154360e+06   1.1285400e+02
   1.2460580e+06   1.0443115e+02
   1.2924180e+06   3.1188965e+01
   1.2926050e+06   8.9355469e+01
   1.2927710e+06   7.9284668e+01
   1.2932020e+06   7.4340820e+01
   1.3390270e+06   3.0273437e+01
   1.3391720e+06   8.3374023e+01
   1.3393110e+06   9.1857910e+01
   1.3394180e+06   6.0424805e+01
   1.3395510e+06   7.0251465e+01
   1.3397220e+06   7.7880859e+01
   1.3836030e+06   3.5156250e+01
   1.3837880e+06   8.7158203e+01
   1.3839590e+06   7.2265625e+01
   1.3842000e+06   8.5083008e+01
   1.4321780e+06   9.5764160e+01
   1.4323190e+06   9.2163086e+01
   1.4325300e+06   8.7951660e+01
   1.4327130e+06   7.6660156e+01
   1.4329930e+06   8.6486816e+01
   1.4640500e+06   9.0454102e+01
   1.4641970e+06   9.4360352e+01
   1.4643220e+06   8.4777832e+01
   1.4645260e+06   8.3801270e+01
   1.4647420e+06   7.5317383e+01
   1.5066290e+06   1.0363770e+02
   1.5067590e+06   8.7585449e+01
   1.5069360e+06   7.8796387e+01
   1.5071450e+06   7.7575684e+01
   1.5583950e+06   1.0589600e+02
   1.5586200e+06   9.8754883e+01
   1.5587660e+06   8.2092285e+01
   1.5588940e+06   7.2814941e+01
   1.5591030e+06   7.5378418e+01
   1.6145750e+06   9.8266602e+01
   1.6147580e+06   9.5031738e+01
   1.6150140e+06   2.9479980e+01
   1.6152970e+06   8.7890625e+01
   1.6590850e+06   9.2834473e+01
   1.6592630e+06   9.2041016e+01
   1.6594240e+06   8.9965820e+01
   1.6596390e+06   8.9904785e+01
   1.6599310e+06   8.4899902e+01
   1.7107770e+06   3.2653809e+01
   1.7109560e+06   9.4726562e+01
   1.7112210e+06   9.1125488e+01
   1.7642760e+06   3.3996582e+01
   1.7644890e+06   9.9914551e+01
   1.7646500e+06   7.3242188e+01
   1.8854980e+06   1.0449219e+02
   1.8856360e+06   9.3322754e+01
   1.8858430e+06   9.2529297e+01
   2.0875700e+06   1.0534668e+02
   2.0876650e+06   7.9589844e+01
   2.0877300e+06   4.2785645e+01
   2.1219420e+06   3.8879395e+01
   2.1220340e+06   7.9284668e+01
   2.1221170e+06   5.6335449e+01
   2.1221700e+06   3.2531738e+01
   2.1222290e+06   4.5776367e+01
   2.1223230e+06   4.8767090e+01
   2.1500230e+06   9.2163086e+01
   2.1501220e+06   7.7575684e+01
   2.1502120e+06   5.7434082e+01
   2.1502990e+06   5.6274414e+01
   2.1504210e+06   5.0781250e+01
   2.1506100e+06   7.0922852e+01
   2.1961390e+06   8.4106445e+01
   2.1962410e+06   8.3007813e+01
   2.1963240e+06   4.4860840e+01
   2.1964330e+06   4.1015625e+01
   2.1965410e+06   3.4973145e+01
   2.1966540e+06   4.3518066e+01
   2.1968460e+06   6.3415527e+01
   2.2404060e+06   9.3627930e+01
   2.2405100e+06   8.8256836e+01
   2.2405970e+06   6.4514160e+01
   2.2406740e+06   4.6508789e+01
   2.2407580e+06   3.3752441e+01
   2.2408600e+06   2.8747559e+01
   2.2410100e+06   2.8930664e+01
   2.2411690e+06   6.5734863e+01
   2.2861310e+06   8.9782715e+01
   2.2862150e+06   7.2265625e+01
   2.2862640e+06   2.8747559e+01
   2.2862980e+06   6.1950684e+01
   2.2863820e+06   4.6997070e+01
   2.2864760e+06   3.0151367e+01
   2.2865810e+06   3.9184570e+01
   2.2868120e+06   3.5461426e+01
   2.2869670e+06   5.3649902e+01
   2.3329970e+06   1.1920166e+02
   2.3330990e+06   8.6486816e+01
   2.3331900e+06   6.2805176e+01
   2.3332760e+06   5.4443359e+01
   2.3333810e+06   4.0222168e+01
   2.3338310e+06   4.5959473e+01
   2.3696850e+06   9.8632813e+01
   2.3697940e+06   8.6120605e+01
   2.3700520e+06   7.7636719e+01
   2.3701590e+06   6.1401367e+01
   2.3702570e+06   4.6081543e+01
   2.3703420e+06   2.9541016e+01
   2.3706570e+06   3.8818359e+01
   2.4148370e+06   1.0015869e+02
   2.4149460e+06   8.8928223e+01
   2.4150730e+06   5.6213379e+01
   2.4151660e+06   4.8339844e+01
   2.4152620e+06   4.8522949e+01
   2.4155910e+06   3.1494141e+01
   2.4157580e+06   5.0537109e+01
   2.4453660e+06   9.1125488e+01
   2.4454540e+06   8.5327148e+01
   2.4455760e+06   7.8735352e+01
   2.4457220e+06   7.7331543e+01
   2.4458490e+06   7.0007324e+01
   2.4460190e+06   5.9387207e+01
   2.4462160e+06   6.1279297e+01
   2.4963540e+06   1.0394287e+02
   2.4965170e+06   8.4289551e+01
   2.4966460e+06   8.2519531e+01
   2.4968330e+06   7.5744629e+01
   2.5434800e+06   1.0565186e+02
   2.5436620e+06   8.4533691e+01
   2.5438840e+06   9.7412109e+01
   2.5440980e+06   7.7392578e+01
   2.5844600e+06   9.6557617e+01
   2.5851710e+06   7.9162598e+01
   2.6290090e+06   1.0095215e+02
   2.6296900e+06   1.0253906e+02
   2.6302830e+06   2.8625488e+01
   2.6739050e+06   1.0687256e+02
   2.7451000e+06   1.0845947e+02
   2.7906840e+06   1.1560059e+02
   2.8307410e+06   1.0498047e+02
   3.0584230e+06   3.0212402e+01
   3.1184830e+06   9.7290039e+01
   3.3558900e+06   1.0363770e+02
   3.3559650e+06   6.9763184e+01
   3.3560410e+06   5.7128906e+01
   3.5289740e+06   1.0650635e+02
   3.5295450e+06   2.9785156e+01
   3.5296250e+06   6.5734863e+01
   3.5296410e+06   2.9357910e+01
   3.5296870e+06   3.7170410e+01
   3.6031340e+06   1.0064697e+02
   3.6032360e+06   8.4106445e+01
   3.6033230e+06   4.9865723e+01
   3.6033930e+06   2.9907227e+01
   3.6039180e+06   4.6020508e+01
   3.6502340e+06   9.7961426e+01
   3.6520930e+06   9.2041016e+01
   3.6521980e+06   7.0434570e+01
   3.6522830e+06   4.6020508e+01
   3.6523740e+06   4.3212891e+01
   3.6524860e+06   3.1127930e+01
   3.6526080e+06   2.9968262e+01
   3.6527660e+06   5.2001953e+01
   3.7083170e+06   3.1250000e+01
   3.7085450e+06   9.1186523e+01
   3.7085600e+06   2.9968262e+01
   3.7086410e+06   8.7158203e+01
   3.7087160e+06   5.6762695e+01
   3.7087960e+06   3.9184570e+01
   3.7088790e+06   3.0883789e+01
   3.7092510e+06   3.8940430e+01
   3.7094340e+06   5.4992676e+01
   3.7533340e+06   1.1523438e+02
   3.7540010e+06   9.7961426e+01
   3.7560920e+06   8.8684082e+01
   3.7562290e+06   7.2204590e+01
   3.7563430e+06   6.4941406e+01
   3.7565140e+06   5.7678223e+01
   3.8191660e+06   8.8317871e+01
   3.8201850e+06   8.4045410e+01
   3.8445640e+06   1.0504150e+02
   3.8617910e+06   9.8449707e+01
   3.8919850e+06   1.1376953e+02
   3.9143740e+06   3.7719727e+01
   3.9934820e+06   9.7290039e+01
   4.0283920e+06   8.7707520e+01
   4.2182710e+06   1.0498047e+02
   4.2183680e+06   8.1298828e+01
   4.2184640e+06   4.9377441e+01
   4.2185410e+06   2.9235840e+01
   4.2563450e+06   1.0583496e+02
   4.2565500e+06   9.0393066e+01
   4.2587900e+06   2.8991699e+01
   4.2589010e+06   8.5815430e+01
   4.2590310e+06   6.1645508e+01
   4.2592140e+06   6.9580078e+01
   4.3107710e+06   1.0888672e+02
   4.3108710e+06   8.2641602e+01
   4.3109680e+06   5.5297852e+01
   4.3110750e+06   3.5766602e+01
   4.3112010e+06   5.9265137e+01
   4.3545380e+06   1.0821533e+02
   4.3552130e+06   9.5642090e+01
   4.5309890e+06   3.0578613e+01
   4.5311230e+06   8.5021973e+01
   4.5312630e+06   7.5439453e+01
   4.5314000e+06   7.5622559e+01
   4.5315300e+06   7.0739746e+01
   4.5321680e+06   8.6120605e+01
   4.5657120e+06   3.4362793e+01
   4.5658480e+06   9.5642090e+01
   4.5659660e+06   6.9519043e+01
   4.5660890e+06   5.0109863e+01
   4.5661620e+06   3.2470703e+01
   4.5663230e+06   6.2377930e+01
   4.5665060e+06   5.9570312e+01
   4.7465080e+06   2.8991699e+01
   4.7465940e+06   8.2702637e+01
   4.7466700e+06   5.3466797e+01
   4.7971250e+06   2.9785156e+01
   4.7973710e+06   2.9479980e+01
   4.7974700e+06   8.3190918e+01
   4.7975610e+06   6.4331055e+01
   4.7976470e+06   4.6081543e+01
   4.7977580e+06   4.9194336e+01
   4.7979100e+06   4.8034668e+01
   4.9051930e+06   1.0162354e+02
   4.9052750e+06   6.8176270e+01
   4.9053560e+06   3.3020020e+01
   4.9054480e+06   3.3508301e+01
   4.9058410e+06   3.2165527e+01
   4.9060100e+06   4.4128418e+01
   4.9982690e+06   1.0467529e+02
   4.9983730e+06   3.3325195e+01
   4.9984740e+06   5.9875488e+01
   4.9985730e+06   4.2846680e+01
   4.9987010e+06   4.4860840e+01
   4.9988250e+06   4.2236328e+01
   5.0425760e+06   1.1224365e+02
   5.0427000e+06   8.2214355e+01
   5.0428230e+06   6.5246582e+01
   5.1377780e+06   9.4848633e+01
   5.1378650e+06   8.1481934e+01
   5.1379410e+06   4.9743652e+01
   5.1380370e+06   4.3334961e+01
   5.1381540e+06   4.5898438e+01
   5.1382600e+06   4.1992187e+01
   5.2715960e+06   3.1372070e+01
   5.2716930e+06   7.9406738e+01
   5.2718110e+06   6.8176270e+01
   5.2719330e+06   6.6284180e+01
   5.2720630e+06   5.4260254e+01
   5.3054480e+06   9.4421387e+01
   5.4651780e+06   2.8991699e+01
   5.5148030e+06   1.0906982e+02
   5.5149310e+06   7.7880859e+01
   5.5150380e+06   6.5734863e+01
   5.5151580e+06   4.6325684e+01
   5.5153320e+06   6.2988281e+01
   5.6255480e+06   8.7036133e+01
   5.6259300e+06   1.0144043e+02
   5.6260850e+06   3.1005859e+01
   5.6262660e+06   8.0200195e+01
   5.6264840e+06   6.6528320e+01
   5.7313690e+06   1.0968018e+02
   5.7314940e+06   8.8317871e+01
   5.7316390e+06   8.7402344e+01
   5.7317900e+06   6.2255859e+01
   5.7319600e+06   6.2072754e+01
   5.7619220e+06   2.9357910e+01
   5.8163030e+06   9.7900391e+01
   5.8183600e+06   1.1608887e+02
   5.8185110e+06   9.9853516e+01
   5.8186830e+06   8.0566406e+01
   5.8188410e+06   6.6162109e+01
   5.8194850e+06   7.4096680e+01
   5.9332930e+06   1.0375977e+02
   5.9334190e+06   9.9182129e+01
   5.9335970e+06   7.2021484e+01
   5.9337390e+06   6.6955566e+01
   5.9338660e+06   4.8095703e+01
   5.9339740e+06   3.4423828e+01
   5.9341410e+06   4.6936035e+01
   5.9343010e+06   3.8879395e+01
   6.0403350e+06   1.0644531e+02
   6.0732460e+06   9.9304199e+01
   6.1527750e+06   1.0223389e+02
   6.1528810e+06   7.8796387e+01
   6.1529720e+06   5.9814453e+01
   6.1531150e+06   6.4147949e+01
   6.3450540e+06   1.0479736e+02
   6.3458600e+06   1.0729980e+02
   6.3469860e+06   3.1188965e+01
   6.3470130e+06   9.4421387e+01
   6.3470940e+06   7.9101562e+01
   6.3471840e+06   4.4372559e+01
   6.3472740e+06   3.5461426e+01
   6.3473880e+06   4.6386719e+01
   6.9228620e+06   1.0223389e+02
   6.9231870e+06   1.0217285e+02
   6.9233010e+06   6.7077637e+01
   6.9233790e+06   3.4301758e+01
   6.9236750e+06   2.9479980e+01
   6.9388700e+06   1.0424805e+02
   6.9390260e+06   9.8266602e+01
   7.0344520e+06   9.2529297e+01
   7.0345280e+06   8.0993652e+01
   7.0346210e+06   6.1462402e+01
   7.0347240e+06   5.4016113e+01
   7.0348500e+06   6.2988281e+01
   7.0933360e+06   3.0944824e+01
   7.0934290e+06   1.0058594e+02
   7.0935280e+06   8.8317871e+01
   7.0936520e+06   6.7626953e+01
   7.0938250e+06   6.2438965e+01
   7.1359740e+06   1.1035156e+02
   7.1361010e+06   8.3740234e+01
   7.1362260e+06   7.7331543e+01
   7.1364470e+06   7.9406738e+01
   7.1842790e+06   3.2287598e+01
   7.1844320e+06   8.2702637e+01
   7.2246560e+06   3.7231445e+01
   7.2249540e+06   9.1308594e+01
   7.2252480e+06   7.2692871e+01
   7.2588280e+06   1.1682129e+02
   7.2589380e+06   9.2346191e+01
   7.2591500e+06   8.1909180e+01
   7.2595420e+06   7.9895020e+01
   7.3118330e+06   1.0955811e+02
   7.3121600e+06   9.3200684e+01
   7.3126890e+06   7.9956055e+01
   7.3616290e+06   3.5034180e+01
   7.3617480e+06   2.9541016e+01
   7.3621740e+06   9.0759277e+01
   7.3693300e+06   1.0528564e+02
   7.4340230e+06   3.1127930e+01
   7.4342940e+06   9.9914551e+01
   7.4344830e+06   9.0942383e+01
   7.4347450e+06   9.8815918e+01
   7.5159030e+06   1.0198975e+02
   7.5161760e+06   9.3078613e+01
   7.5536480e+06   9.6496582e+01
   7.5537780e+06   9.7351074e+01
   7.5545950e+06   1.1157227e+02
   7.8109060e+06   1.0937500e+02
   7.8109990e+06   9.5581055e+01
   7.8110870e+06   4.7241211e+01
   7.8111720e+06   4.2175293e+01
   7.8112680e+06   4.4921875e+01
   7.8113740e+06   3.8879395e+01
   7.8882800e+06   3.4118652e+01
   7.8897050e+06   1.0150146e+02
   7.8898300e+06   9.3566895e+01
   7.8899360e+06   6.6772461e+01
   7.8900540e+06   4.9621582e+01
   7.9479370e+06   9.8510742e+01
   8.0619150e+06   1.0034180e+02
   8.0626980e+06   9.1369629e+01
   8.0628470e+06   8.4594727e+01
   8.0629990e+06   6.8420410e+01
   8.0632030e+06   6.6223145e+01
   8.0632890e+06   3.5583496e+01
   8.0634910e+06   8.0932617e+01
   8.3034730e+06   1.1376953e+02
   8.3040670e+06   1.1413574e+02
   8.3042080e+06   8.4594727e+01
   8.3043530e+06   8.2641602e+01
   8.3045700e+06   6.5551758e+01
   8.3866950e+06   1.1254883e+02
   8.3867820e+06   8.2763672e+01
   8.3868920e+06   6.2072754e+01
   8.3869690e+06   3.9306641e+01
   8.3874300e+06   3.5095215e+01
   8.4663960e+06   8.9477539e+01
   8.4664940e+06   8.8989258e+01
   8.4666530e+06   7.1105957e+01
   8.4667790e+06   6.3842773e+01
   8.4669570e+06   6.6528320e+01
   8.4672530e+06   7.8857422e+01
   8.4673880e+06   5.6762695e+01
   8.4677180e+06   7.8125000e+01
   8.4682860e+06   9.7106934e+01
   8.5703780e+06   1.0467529e+02
   8.5704740e+06   7.9650879e+01
   8.5705590e+06   5.3161621e+01
   8.5706480e+06   5.9936523e+01
   8.5707400e+06   4.0161133e+01
   8.5708640e+06   3.5949707e+01
   8.5709860e+06   4.1992188e+01
   8.6271190e+06   1.1505127e+02
   8.6272710e+06   8.2885742e+01
   8.6273800e+06   6.6650391e+01
   8.6275260e+06   8.3923340e+01
   8.6761160e+06   2.9174805e+01
   8.6762960e+06   9.4848633e+01
   8.7217550e+06   1.0101318e+02
   8.7758240e+06   2.8747559e+01
   8.7784530e+06   1.0437012e+02
   8.8135820e+06   3.1555176e+01
   8.8141810e+06   9.4665527e+01
   8.8644090e+06   1.1621094e+02
   8.8673400e+06   1.0491943e+02
   9.0360580e+06   3.1616211e+01
   9.0977710e+06   8.9233398e+01
   9.0978690e+06   8.9599609e+01
   9.0979530e+06   5.8166504e+01
   9.0980660e+06   5.9387207e+01
   9.0981960e+06   5.4260254e+01
   9.1242080e+06   1.0766602e+02
   9.1250080e+06   3.5583496e+01
   9.1935620e+06   1.0620117e+02
   9.1936730e+06   8.0749512e+01
   9.1938190e+06   7.9589844e+01
   9.2792130e+06   1.1370850e+02
   9.2793070e+06   8.1115723e+01
   9.3426380e+06   1.2524414e+02
   9.3439420e+06   9.0393066e+01
   9.6318040e+06   9.5764160e+01
   9.6319030e+06   8.6425781e+01
   9.6319800e+06   5.6091309e+01
   9.6320760e+06   4.8461914e+01
   9.6321740e+06   3.1677246e+01
   9.6323050e+06   5.8776855e+01
   9.6653630e+06   3.0639648e+01
   9.6658690e+06   9.8388672e+01
   9.7225190e+06   2.9174805e+01
   9.8040450e+06   3.0029297e+01
   9.8041550e+06   9.2956543e+01
   9.8042450e+06   7.0312500e+01
   9.8043500e+06   7.0617676e+01
   9.8044900e+06   6.8847656e+01
   9.9271810e+06   3.2226562e+01
   1.0093004e+07   1.1059570e+02
   1.0093092e+07   8.9111328e+01
   1.0093193e+07   6.5551758e+01
   1.0093280e+07   4.4860840e+01
   1.0093426e+07   5.3100586e+01
   1.0129935e+07   1.0296631e+02
   1.0338898e+07   1.1309814e+02
   1.0339623e+07   1.0406494e+02
   1.0339635e+07   3.1250000e+01
   1.0339708e+07   7.4523926e+01
   1.0339819e+07   7.3852539e+01
   1.0339944e+07   6.5979004e+01
   1.0436175e+07   2.9663086e+01
   1.0437741e+07   1.0168457e+02
   1.0437870e+07   8.3129883e+01
   1.0437972e+07   5.9326172e+01
   1.0438121e+07   6.6772461e+01
   1.0503132e+07   1.2255859e+02
   1.0507327e+07   8.5754395e+01
   1.0779230e+07   1.0162354e+02
   1.0779320e+07   8.1604004e+01
   1.0779424e+07   6.6711426e+01
   1.0779564e+07   5.0354004e+01
   1.1141316e+07   1.0437012e+02
   1.1141465e+07   9.6862793e+01
   1.1141599e+07   6.5124512e+01
   1.1141688e+07   4.5715332e+01
   1.1141825e+07   5.1757813e+01
   1.1251270e+07   1.1077881e+02
   1.1251354e+07   7.7575684e+01
   1.1251447e+07   4.9011230e+01
   1.1251555e+07   4.9255371e+01
   1.1251662e+07   4.7851562e+01
   1.1290688e+07   1.0913086e+02
   1.1291329e+07   1.0040283e+02
   1.1398025e+07   9.8632812e+01
   1.1398132e+07   8.6853027e+01
   1.1398231e+07   5.8471680e+01
   1.1398356e+07   5.7189941e+01
   1.1398546e+07   6.8359375e+01
   1.1804524e+07   9.7961426e+01
   1.1804623e+07   8.9721680e+01
   1.1804718e+07   5.6579590e+01
   1.1804795e+07   3.7719727e+01
   1.1839120e+07   1.0528564e+02
   1.1839750e+07   3.0334473e+01
   1.1839772e+07   8.9660645e+01
   1.1839917e+07   9.4421387e+01
   1.1840700e+07   9.1064453e+01
