   1.1996000e+07   0.0000000e+00
   1.5336300e+05   1.2048340e+02
   1.8871700e+05   3.6132812e+01
   2.1354900e+05   3.3813477e+01
   2.3388200e+05   3.7170410e+01
   2.8228800e+05   3.2836914e+01
   2.8238500e+05   3.2958984e+01
   3.4739700e+05   3.5156250e+01
   3.9689200e+05   3.3081055e+01
   4.2374400e+05   3.3569336e+01
   4.4960100e+05   4.4433594e+01
   4.4982600e+05   5.0170898e+01
   4.5020000e+05   9.2712402e+01
   4.5023600e+05   1.2786865e+02
   4.5026700e+05   7.2204590e+01
   4.5028200e+05   7.8430176e+01
   4.5032300e+05   4.7424316e+01
   4.5033500e+05   6.9946289e+01
   4.5037200e+05   4.0466309e+01
   4.5041500e+05   6.0424805e+01
   4.5049700e+05   3.6560059e+01
   4.5059500e+05   3.6804199e+01
   4.5070100e+05   5.4260254e+01
   4.5086500e+05   3.5034180e+01
   4.5088200e+05   3.7353516e+01
   4.5091600e+05   4.7973633e+01
   4.5094200e+05   3.6193848e+01
   4.5098800e+05   3.3935547e+01
   4.5105300e+05   3.7658691e+01
   4.5110400e+05   3.6437988e+01
   4.5118200e+05   3.3020020e+01
   4.5122000e+05   3.7780762e+01
   4.5131700e+05   3.8146973e+01
   4.5133900e+05   3.3447266e+01
   4.5137100e+05   4.1320801e+01
   4.5152200e+05   3.5217285e+01
   4.5176500e+05   7.0434570e+01
   4.5235400e+05   7.9406738e+01
   4.5398300e+05   7.7941895e+01
   5.1226200e+05   6.9091797e+01
   5.1227800e+05   4.6325684e+01
   5.1231100e+05   5.8288574e+01
   5.1234300e+05   4.0466309e+01
   5.1235300e+05   6.5429688e+01
   5.1236300e+05   1.1468506e+02
   5.1239100e+05   4.6447754e+01
   5.1242000e+05   6.2377930e+01
   5.1245100e+05   5.0109863e+01
   5.1246300e+05   8.5510254e+01
   5.1250300e+05   4.3823242e+01
   5.1252000e+05   3.5156250e+01
   5.1256700e+05   5.2612305e+01
   5.1258300e+05   5.1330566e+01
   5.1260300e+05   5.2978516e+01
   5.1261600e+05   4.5104980e+01
   5.1272900e+05   4.4311523e+01
   5.1274800e+05   8.1909180e+01
   5.1278700e+05   3.6376953e+01
   5.1281500e+05   1.0681152e+02
   5.1294800e+05   8.3374023e+01
   5.1343100e+05   7.4096680e+01
   5.1399000e+05   7.4707031e+01
   5.1466800e+05   7.6110840e+01
   5.5466800e+05   4.0405273e+01
   5.5473200e+05   4.7302246e+01
   5.5474900e+05   6.2377930e+01
   5.5476100e+05   5.1330566e+01
   5.5481900e+05   4.0344238e+01
   5.5485100e+05   4.7668457e+01
   5.5487100e+05   4.3701172e+01
   5.5488500e+05   7.6965332e+01
   5.5491600e+05   9.0942383e+01
   5.5492700e+05   4.2480469e+01
   5.5498500e+05   5.4443359e+01
   5.5501800e+05   9.8876953e+01
   5.5504400e+05   5.3100586e+01
   5.5506100e+05   3.9550781e+01
   5.5508500e+05   6.1584473e+01
   5.5518000e+05   3.3935547e+01
   5.5519200e+05   3.9123535e+01
   5.5523300e+05   6.9580078e+01
   5.5528000e+05   3.8391113e+01
   5.5529600e+05   8.9355469e+01
   5.5532600e+05   5.4626465e+01
   5.5544200e+05   3.6621094e+01
   5.5548900e+05   8.9965820e+01
   5.5563500e+05   5.2795410e+01
   5.5584900e+05   6.6589355e+01
   5.5634800e+05   6.9702148e+01
   5.5684600e+05   6.4025879e+01
   5.6444700e+05   3.8818359e+01
   5.9613200e+05   3.4240723e+01
   5.9619300e+05   3.4851074e+01
   5.9621700e+05   7.4523926e+01
   5.9623700e+05   4.6569824e+01
   5.9629700e+05   5.4321289e+01
   5.9632200e+05   1.4239502e+02
   5.9636700e+05   7.7148438e+01
   5.9638700e+05   3.8269043e+01
   5.9643100e+05   9.1308594e+01
   5.9645500e+05   4.2053223e+01
   5.9647300e+05   4.8461914e+01
   5.9649100e+05   5.3894043e+01
   5.9654000e+05   7.3547363e+01
   5.9669800e+05   9.1918945e+01
   5.9671000e+05   5.4382324e+01
   5.9680600e+05   1.0144043e+02
   5.9682100e+05   3.5034180e+01
   5.9700200e+05   9.8754883e+01
   5.9701800e+05   3.9367676e+01
   5.9704600e+05   7.4157715e+01
   5.9758000e+05   7.1044922e+01
   5.9806200e+05   7.3974609e+01
   5.9862200e+05   7.7514648e+01
   6.0000200e+05   3.5766602e+01
   6.0169500e+05   3.5339355e+01
   6.0550400e+05   3.9062500e+01
   6.0569700e+05   3.6132812e+01
   6.0571100e+05   5.7800293e+01
   6.0596300e+05   5.2612305e+01
   6.0608100e+05   3.3142090e+01
   6.0609800e+05   3.8391113e+01
   6.0612200e+05   4.2541504e+01
   6.0614500e+05   4.8767090e+01
   6.0622500e+05   7.8918457e+01
   6.0626400e+05   6.4025879e+01
   6.0634100e+05   6.5856934e+01
   6.0635400e+05   3.8330078e+01
   6.0639700e+05   4.8278809e+01
   6.0641300e+05   5.7922363e+01
   6.0645000e+05   3.5644531e+01
   6.0667100e+05   3.9428711e+01
   6.0669900e+05   4.5532227e+01
   6.0671100e+05   8.1542969e+01
   6.0680400e+05   3.3020020e+01
   6.0709100e+05   3.3325195e+01
   6.0722300e+05   7.1594238e+01
   6.0723900e+05   3.3874512e+01
   6.0730800e+05   3.6010742e+01
   6.0740200e+05   3.7475586e+01
   6.0757600e+05   3.5400391e+01
   6.0765700e+05   6.6772461e+01
   6.0782100e+05   4.0100098e+01
   6.0808900e+05   4.8706055e+01
   6.0819800e+05   4.4189453e+01
   6.0841900e+05   3.3264160e+01
   6.0864700e+05   3.3874512e+01
   6.1352500e+05   3.3508301e+01
   6.1402900e+05   4.6752930e+01
   6.1429400e+05   4.9743652e+01
   6.1432600e+05   3.3447266e+01
   6.1456200e+05   3.4484863e+01
   6.1461900e+05   3.8940430e+01
   6.1468400e+05   5.1513672e+01
   6.1489000e+05   3.9306641e+01
   6.1490900e+05   5.4809570e+01
   6.1503000e+05   6.8420410e+01
   6.1511700e+05   4.4372559e+01
   6.1531800e+05   5.0292969e+01
   6.1535000e+05   3.7231445e+01
   6.1547400e+05   6.0058594e+01
   6.1552600e+05   3.9184570e+01
   6.1574500e+05   3.5095215e+01
   6.1587900e+05   6.1340332e+01
   6.1597600e+05   4.1442871e+01
   6.4410300e+05   3.3081055e+01
   6.6779000e+05   4.3762207e+01
   6.6789900e+05   6.4819336e+01
   6.6794200e+05   9.3139648e+01
   6.6796300e+05   4.2724609e+01
   6.6800000e+05   5.0781250e+01
   6.6804000e+05   4.1381836e+01
   6.6806900e+05   1.4660645e+02
   6.6809800e+05   3.6254883e+01
   6.6812000e+05   7.4157715e+01
   6.6815500e+05   5.4077148e+01
   6.6817100e+05   4.5898438e+01
   6.6819700e+05   8.9477539e+01
   6.6823100e+05   3.2775879e+01
   6.6830100e+05   9.8937988e+01
   6.6832000e+05   8.2519531e+01
   6.6833000e+05   3.5461426e+01
   6.6840500e+05   4.0100098e+01
   6.6841800e+05   4.0222168e+01
   6.6846900e+05   1.0015869e+02
   6.6848000e+05   9.0209961e+01
   6.6858500e+05   3.3569336e+01
   6.6874900e+05   8.6425781e+01
   6.6896500e+05   4.4311523e+01
   6.6933700e+05   8.1054688e+01
   6.6955500e+05   3.9428711e+01
   6.6960300e+05   3.4973145e+01
   6.6994800e+05   7.3364258e+01
   6.7003700e+05   3.8391113e+01
   6.7070600e+05   6.9091797e+01
   6.7141400e+05   6.1340332e+01
   6.7145100e+05   3.3020020e+01
   7.1884400e+05   3.3813477e+01
   7.1887500e+05   4.7973633e+01
   7.1901600e+05   6.8237305e+01
   7.1904200e+05   5.5541992e+01
   7.1906700e+05   4.0588379e+01
   7.1909400e+05   3.3630371e+01
   7.1911700e+05   3.2897949e+01
   7.1914600e+05   1.3055420e+02
   7.1918800e+05   7.4707031e+01
   7.1921100e+05   4.1931152e+01
   7.1922800e+05   4.3518066e+01
   7.1925400e+05   4.3334961e+01
   7.1927600e+05   3.7292480e+01
   7.1930200e+05   9.9792480e+01
   7.1934100e+05   6.8725586e+01
   7.1936500e+05   5.7617188e+01
   7.1943000e+05   3.2958984e+01
   7.1944500e+05   8.7707520e+01
   7.1950800e+05   4.0039062e+01
   7.1954400e+05   8.3557129e+01
   7.1963900e+05   4.1198730e+01
   7.1980900e+05   7.9040527e+01
   7.2016000e+05   7.3120117e+01
   7.2065300e+05   8.2153320e+01
   7.2086400e+05   3.9123535e+01
   7.2121000e+05   7.6904297e+01
   7.2166900e+05   3.4729004e+01
   7.2184800e+05   5.7983398e+01
   7.2464500e+05   3.4851074e+01
   7.2564500e+05   3.3691406e+01
   7.2586900e+05   3.4362793e+01
   7.4565600e+05   3.3813477e+01
   7.4576700e+05   6.5185547e+01
   7.4579100e+05   3.7841797e+01
   7.4582900e+05   3.9306641e+01
   7.4585700e+05   3.4729004e+01
   7.4588400e+05   5.8349609e+01
   7.4597200e+05   5.8715820e+01
   7.4603800e+05   7.2753906e+01
   7.4608800e+05   5.0537109e+01
   7.4613000e+05   4.4067383e+01
   7.4614600e+05   8.9172363e+01
   7.4616500e+05   5.4687500e+01
   7.4619100e+05   4.0649414e+01
   7.4621100e+05   4.0161133e+01
   7.4626600e+05   3.5583496e+01
   7.4633600e+05   6.8176270e+01
   7.4638400e+05   1.2615967e+02
   7.4645000e+05   3.6682129e+01
   7.4649100e+05   4.5959473e+01
   7.4663800e+05   4.9499512e+01
   7.4665400e+05   6.6589355e+01
   7.4678000e+05   3.7536621e+01
   7.4693400e+05   3.2897949e+01
   7.4714500e+05   6.9824219e+01
   7.4727600e+05   3.5095215e+01
   7.4768200e+05   6.8664551e+01
   7.4772700e+05   3.7597656e+01
   7.4813100e+05   3.7658691e+01
   7.8888300e+05   3.6926270e+01
   7.9551600e+05   5.4687500e+01
   7.9557400e+05   4.7668457e+01
   7.9561500e+05   6.3354492e+01
   7.9563900e+05   3.8146973e+01
   7.9566000e+05   3.5888672e+01
   7.9570400e+05   3.3813477e+01
   7.9571600e+05   7.7819824e+01
   7.9573900e+05   4.1625977e+01
   7.9577600e+05   3.5644531e+01
   7.9580600e+05   1.4508057e+02
   7.9581600e+05   1.1230469e+02
   7.9584600e+05   3.9062500e+01
   7.9586900e+05   4.0649414e+01
   7.9589000e+05   4.5776367e+01
   7.9593900e+05   3.6987305e+01
   7.9595300e+05   1.0021973e+02
   7.9600000e+05   6.6223145e+01
   7.9602400e+05   4.9621582e+01
   7.9606900e+05   3.8696289e+01
   7.9609200e+05   9.2712402e+01
   7.9610400e+05   3.9123535e+01
   7.9616100e+05   4.4860840e+01
   7.9620700e+05   5.5419922e+01
   7.9624900e+05   3.3569336e+01
   7.9642100e+05   3.9550781e+01
   7.9652200e+05   7.5866699e+01
   7.9695800e+05   7.5866699e+01
   7.9737500e+05   4.3273926e+01
   7.9748400e+05   7.4157715e+01
   7.9767600e+05   3.6254883e+01
   7.9824100e+05   7.0007324e+01
   7.9867200e+05   3.3386230e+01
   7.9939000e+05   3.9367676e+01
   7.9981300e+05   3.8818359e+01
   8.0046600e+05   3.4301758e+01
   8.5389900e+05   3.7658691e+01
   8.5405000e+05   6.3903809e+01
   8.5412000e+05   3.9245605e+01
   8.5415000e+05   4.7973633e+01
   8.5427500e+05   6.1645508e+01
   8.5432500e+05   5.8410645e+01
   8.5439400e+05   3.7719727e+01
   8.5443700e+05   1.2640381e+02
   8.5446600e+05   5.0109863e+01
   8.5448300e+05   6.7443848e+01
   8.5449900e+05   3.6071777e+01
   8.5454700e+05   3.6804199e+01
   8.5458700e+05   1.1169434e+02
   8.5461200e+05   4.4250488e+01
   8.5469000e+05   3.5949707e+01
   8.5470600e+05   8.2580566e+01
   8.5478600e+05   3.3935547e+01
   8.5482300e+05   1.1010742e+02
   8.5484100e+05   4.5837402e+01
   8.5488400e+05   3.6682129e+01
   8.5499600e+05   3.3203125e+01
   8.5504600e+05   6.6284180e+01
   8.5523100e+05   3.7780762e+01
   8.5561700e+05   9.2529297e+01
   8.5599800e+05   3.4729004e+01
   8.7364600e+05   3.7780762e+01
   8.7378900e+05   4.3701172e+01
   8.7386500e+05   3.6376953e+01
   8.7390200e+05   5.4077148e+01
   8.7403800e+05   4.6325684e+01
   8.7408700e+05   3.2958984e+01
   8.7412800e+05   7.6538086e+01
   8.7413900e+05   3.4667969e+01
   8.7425500e+05   5.4809570e+01
   8.7428000e+05   7.2326660e+01
   8.7435800e+05   7.4096680e+01
   8.7456100e+05   6.0241699e+01
   8.7468800e+05   3.3752441e+01
   8.7484100e+05   6.5979004e+01
   8.7537300e+05   3.9916992e+01
   8.7546300e+05   7.2021484e+01
   8.7558900e+05   3.4912109e+01
   8.7649600e+05   3.3386230e+01
   9.0989200e+05   8.7036133e+01
   9.2974100e+05   6.5917969e+01
   9.2979500e+05   3.2775879e+01
   9.2982900e+05   6.1462402e+01
   9.2985600e+05   5.1025391e+01
   9.2992600e+05   6.2316895e+01
   9.2998300e+05   6.2988281e+01
   9.3002000e+05   4.7180176e+01
   9.3004900e+05   1.0784912e+02
   9.3013900e+05   5.0903320e+01
   9.3020400e+05   5.7006836e+01
   9.3027400e+05   6.7810059e+01
   9.3031500e+05   4.1687012e+01
   9.3032800e+05   7.4401855e+01
   9.3043100e+05   4.6142578e+01
   9.3066700e+05   3.5583496e+01
   9.3079300e+05   7.1960449e+01
   9.6845600e+05   4.7119141e+01
   9.6855600e+05   5.4077148e+01
   9.6856900e+05   3.7719727e+01
   9.6871000e+05   3.3447266e+01
   9.6875700e+05   5.8105469e+01
   9.6885500e+05   3.7292480e+01
   9.6887300e+05   4.7119141e+01
   9.6892600e+05   7.0861816e+01
   9.6901500e+05   1.3732910e+02
   9.6902700e+05   6.1950684e+01
   9.6915200e+05   3.9062500e+01
   9.6920100e+05   7.3852539e+01
   9.6945100e+05   3.4606934e+01
   9.6961700e+05   4.2297363e+01
   9.7004900e+05   7.1655273e+01
   1.0077290e+06   4.1625977e+01
   1.0078160e+06   3.2775879e+01
   1.0078960e+06   6.7260742e+01
   1.0079190e+06   7.6782227e+01
   1.0079400e+06   3.9062500e+01
   1.0080330e+06   4.2663574e+01
   1.0080610e+06   7.4707031e+01
   1.0080810e+06   3.5339355e+01
   1.0081450e+06   7.4462891e+01
   1.0081660e+06   3.4851074e+01
   1.0081970e+06   1.2408447e+02
   1.0082420e+06   5.3771973e+01
   1.0083460e+06   3.3630371e+01
   1.0084340e+06   1.1346436e+02
   1.0085370e+06   3.4179688e+01
   1.0086080e+06   4.7058105e+01
   1.0087230e+06   3.8085938e+01
   1.0088760e+06   7.1960449e+01
   1.0088890e+06   4.0954590e+01
   1.0420860e+06   3.4790039e+01
   1.0421170e+06   4.7302246e+01
   1.0422150e+06   4.5898438e+01
   1.0423910e+06   4.0710449e+01
   1.0424220e+06   6.0363770e+01
   1.0425490e+06   4.7424316e+01
   1.0426130e+06   3.3203125e+01
   1.0426960e+06   5.3466797e+01
   1.0427250e+06   3.4851074e+01
   1.0427530e+06   7.4279785e+01
   1.0427700e+06   3.3813477e+01
   1.0429210e+06   4.1625977e+01
   1.0429610e+06   5.8471680e+01
   1.0431300e+06   7.5012207e+01
   1.0433210e+06   4.1809082e+01
   1.0433900e+06   3.8757324e+01
   1.0434680e+06   3.4362793e+01
   1.0436750e+06   7.6171875e+01
   1.0840980e+06   5.0354004e+01
   1.0841900e+06   4.4433594e+01
   1.0843000e+06   6.0302734e+01
   1.0843220e+06   3.7353516e+01
   1.0843650e+06   7.0556641e+01
   1.0844350e+06   5.6274414e+01
   1.0844520e+06   4.1137695e+01
   1.0844910e+06   6.7749023e+01
   1.0845080e+06   6.2866211e+01
   1.0845780e+06   4.4311523e+01
   1.0846360e+06   6.2072754e+01
   1.0846550e+06   3.7536621e+01
   1.0846950e+06   5.6274414e+01
   1.0847750e+06   5.0659180e+01
   1.0848280e+06   4.9316406e+01
   1.0849300e+06   1.3775635e+02
   1.0850130e+06   4.5959473e+01
   1.0850860e+06   5.9143066e+01
   1.0852200e+06   3.7780762e+01
   1.0852700e+06   4.7424316e+01
   1.1280940e+06   5.3161621e+01
   1.1281970e+06   3.2897949e+01
   1.1282820e+06   5.7495117e+01
   1.1283460e+06   5.4565430e+01
   1.1283580e+06   3.4118652e+01
   1.1284250e+06   4.4860840e+01
   1.1284500e+06   7.4340820e+01
   1.1284950e+06   1.1303711e+02
   1.1285100e+06   5.9143066e+01
   1.1285420e+06   3.6132812e+01
   1.1285790e+06   6.2377930e+01
   1.1286390e+06   4.6142578e+01
   1.1286800e+06   9.8083496e+01
   1.1287010e+06   3.6499023e+01
   1.1287620e+06   4.3762207e+01
   1.1287730e+06   5.4565430e+01
   1.1287980e+06   3.4240723e+01
   1.1288420e+06   5.8166504e+01
   1.1289540e+06   4.3334961e+01
   1.1289780e+06   1.0076904e+02
   1.1290420e+06   3.6315918e+01
   1.1291380e+06   4.5898438e+01
   1.1291530e+06   5.4199219e+01
   1.1292570e+06   3.2836914e+01
   1.1293030e+06   3.7841797e+01
   1.1721600e+06   3.6315918e+01
   1.1722210e+06   6.4575195e+01
   1.1723630e+06   7.1350098e+01
   1.1723840e+06   5.4260254e+01
   1.1724930e+06   5.3405762e+01
   1.1725170e+06   5.2429199e+01
   1.1725320e+06   1.2750244e+02
   1.1725850e+06   3.4545898e+01
   1.1726510e+06   4.4433594e+01
   1.1726650e+06   5.2307129e+01
   1.1726950e+06   5.9387207e+01
   1.1727090e+06   1.0241699e+02
   1.1727470e+06   4.8400879e+01
   1.1727960e+06   3.5217285e+01
   1.1728100e+06   3.3996582e+01
   1.1728490e+06   4.7790527e+01
   1.1729210e+06   3.3691406e+01
   1.1729720e+06   9.0148926e+01
   1.1729840e+06   3.6132812e+01
   1.1730580e+06   3.9001465e+01
   1.1731370e+06   3.7475586e+01
   1.1732070e+06   9.1674805e+01
   1.1732750e+06   4.0283203e+01
   1.1733110e+06   3.6010742e+01
   1.1734220e+06   3.3020020e+01
   1.1734620e+06   3.5888672e+01
   1.1737780e+06   4.6081543e+01
   1.2152080e+06   3.6621094e+01
   1.2154170e+06   3.3569336e+01
   1.2164520e+06   7.2998047e+01
   1.2165640e+06   1.0113525e+02
   1.2166260e+06   1.2280273e+02
   1.2166890e+06   4.3395996e+01
   1.2167240e+06   4.1503906e+01
   1.2167840e+06   4.7790527e+01
   1.2168700e+06   1.0412598e+02
   1.2168920e+06   4.9865723e+01
   1.2169970e+06   5.4443359e+01
   1.2175440e+06   5.8166504e+01
   1.2459390e+06   3.2897949e+01
   1.2461820e+06   4.2419434e+01
   1.2479370e+06   7.6599121e+01
   1.2480360e+06   4.6813965e+01
   1.2480490e+06   6.4453125e+01
   1.2480860e+06   3.9184570e+01
   1.2481150e+06   5.2551270e+01
   1.2481300e+06   1.1163330e+02
   1.2481920e+06   4.8461914e+01
   1.2483270e+06   8.3618164e+01
   1.2483420e+06   9.4604492e+01
   1.2483600e+06   4.8278809e+01
   1.2484610e+06   6.0546875e+01
   1.2484880e+06   4.8400879e+01
   1.2485140e+06   5.1391602e+01
   1.2485470e+06   3.3996582e+01
   1.2489300e+06   4.6875000e+01
   1.2707440e+06   3.3935547e+01
   1.2915230e+06   4.2480469e+01
   1.2916730e+06   8.8745117e+01
   1.2917710e+06   5.5236816e+01
   1.2917910e+06   8.5693359e+01
   1.2918480e+06   1.1785889e+02
   1.2918970e+06   5.7678223e+01
   1.2919580e+06   4.6264648e+01
   1.2919770e+06   3.8330078e+01
   1.2920060e+06   9.8815918e+01
   1.2920160e+06   3.3630371e+01
   1.2921310e+06   4.6936035e+01
   1.2921580e+06   4.3579102e+01
   1.2921700e+06   9.5214844e+01
   1.2922180e+06   3.3813477e+01
   1.2922710e+06   3.5949707e+01
   1.2923000e+06   3.3813477e+01
   1.2923660e+06   7.5622559e+01
   1.2924130e+06   3.3020020e+01
   1.2925890e+06   6.6223145e+01
   1.2926750e+06   3.6010742e+01
   1.2930850e+06   4.1137695e+01
   1.2931930e+06   3.8269043e+01
   1.2936250e+06   5.0903320e+01
   1.3274300e+06   3.3813477e+01
   1.3382430e+06   7.8002930e+01
   1.3383240e+06   7.6354980e+01
   1.3384390e+06   7.7575684e+01
   1.3384560e+06   5.0354004e+01
   1.3384990e+06   7.8369141e+01
   1.3385110e+06   1.1212158e+02
   1.3385350e+06   4.8156738e+01
   1.3386090e+06   4.1870117e+01
   1.3386480e+06   9.9609375e+01
   1.3386910e+06   3.7780762e+01
   1.3387170e+06   3.4912109e+01
   1.3387500e+06   3.8452148e+01
   1.3387640e+06   4.9621582e+01
   1.3388300e+06   4.0283203e+01
   1.3388470e+06   9.4421387e+01
   1.3389010e+06   4.0649414e+01
   1.3389620e+06   3.7841797e+01
   1.3390020e+06   4.2907715e+01
   1.3390180e+06   6.3720703e+01
   1.3390280e+06   4.0161133e+01
   1.3391640e+06   3.5095215e+01
   1.3391990e+06   4.9438477e+01
   1.3392760e+06   3.8818359e+01
   1.3393940e+06   3.6193848e+01
   1.3395840e+06   4.8217773e+01
   1.3396380e+06   4.3090820e+01
   1.3398010e+06   3.5766602e+01
   1.3399550e+06   4.3151855e+01
   1.3399900e+06   4.2663574e+01
   1.3401860e+06   3.3142090e+01
   1.3404840e+06   5.0598145e+01
   1.3830580e+06   6.7077637e+01
   1.3831490e+06   1.0253906e+02
   1.3831600e+06   9.0209961e+01
   1.3832660e+06   4.5959473e+01
   1.3832840e+06   4.5837402e+01
   1.3833320e+06   1.0021973e+02
   1.3833520e+06   4.6264648e+01
   1.3834090e+06   4.4067383e+01
   1.3834270e+06   3.7109375e+01
   1.3835010e+06   7.6416016e+01
   1.3835110e+06   4.8156738e+01
   1.3835950e+06   3.8818359e+01
   1.3836740e+06   3.5583496e+01
   1.3836890e+06   3.3264160e+01
   1.3838170e+06   4.1625977e+01
   1.3838590e+06   6.2133789e+01
   1.3839090e+06   3.9672852e+01
   1.3841510e+06   5.6152344e+01
   1.3842310e+06   3.3691406e+01
   1.3844210e+06   3.5705566e+01
   1.3845870e+06   4.6264648e+01
   1.3845970e+06   4.0954590e+01
   1.3848760e+06   4.5166016e+01
   1.4313980e+06   7.1533203e+01
   1.4314930e+06   8.0566406e+01
   1.4315550e+06   7.7087402e+01
   1.4315840e+06   4.0161133e+01
   1.4315970e+06   6.0363770e+01
   1.4316220e+06   3.8513184e+01
   1.4316720e+06   4.8278809e+01
   1.4317380e+06   4.3029785e+01
   1.4317500e+06   1.0699463e+02
   1.4318420e+06   3.7658691e+01
   1.4319000e+06   3.2775879e+01
   1.4319240e+06   7.9650879e+01
   1.4320220e+06   4.2663574e+01
   1.4320680e+06   4.0405273e+01
   1.4322320e+06   3.7597656e+01
   1.4323400e+06   3.5400391e+01
   1.4324630e+06   6.9213867e+01
   1.4325810e+06   3.7475586e+01
   1.4326000e+06   4.2114258e+01
   1.4326250e+06   3.2836914e+01
   1.4329380e+06   6.5612793e+01
   1.4329900e+06   4.0222168e+01
   1.4332960e+06   4.6264648e+01
   1.4633900e+06   7.0129395e+01
   1.4634300e+06   3.6437988e+01
   1.4634410e+06   5.3039551e+01
   1.4635020e+06   5.9631348e+01
   1.4635470e+06   6.0058594e+01
   1.4635830e+06   1.2658691e+02
   1.4636070e+06   3.4118652e+01
   1.4636240e+06   5.6152344e+01
   1.4636740e+06   6.5734863e+01
   1.4636920e+06   4.1625977e+01
   1.4637390e+06   8.5876465e+01
   1.4637520e+06   4.0710449e+01
   1.4637750e+06   4.8339844e+01
   1.4638190e+06   3.6804199e+01
   1.4638740e+06   5.0781250e+01
   1.4639290e+06   7.3486328e+01
   1.4639460e+06   3.3996582e+01
   1.4640020e+06   3.5766602e+01
   1.4640950e+06   3.5278320e+01
   1.4641370e+06   6.7260742e+01
   1.4642200e+06   4.1503906e+01
   1.4643630e+06   3.5461426e+01
   1.4643770e+06   4.3640137e+01
   1.4644050e+06   6.4147949e+01
   1.4644850e+06   3.6743164e+01
   1.4646250e+06   3.6499023e+01
   1.4646740e+06   3.9794922e+01
   1.4647900e+06   3.7414551e+01
   1.4650300e+06   3.7170410e+01
   1.4653560e+06   4.5471191e+01
   1.4665090e+06   3.3569336e+01
   1.4838150e+06   3.4057617e+01
   1.5051690e+06   3.2897949e+01
   1.5055630e+06   4.0893555e+01
   1.5058200e+06   6.8725586e+01
   1.5058760e+06   3.3020020e+01
   1.5058970e+06   3.3874512e+01
   1.5059160e+06   4.9072266e+01
   1.5059660e+06   5.7495117e+01
   1.5059980e+06   6.6894531e+01
   1.5060130e+06   1.3787842e+02
   1.5060470e+06   4.9316406e+01
   1.5061240e+06   5.7250977e+01
   1.5061770e+06   9.7351074e+01
   1.5062240e+06   3.5400391e+01
   1.5062400e+06   3.5278320e+01
   1.5062700e+06   4.6325684e+01
   1.5063220e+06   6.2744141e+01
   1.5063580e+06   4.0771484e+01
   1.5063770e+06   3.6010742e+01
   1.5064660e+06   3.3447266e+01
   1.5064970e+06   3.4606934e+01
   1.5065200e+06   7.3059082e+01
   1.5065550e+06   3.4179688e+01
   1.5066100e+06   3.3752441e+01
   1.5066460e+06   3.7536621e+01
   1.5067450e+06   5.7067871e+01
   1.5068050e+06   3.8696289e+01
   1.5069430e+06   3.9794922e+01
   1.5069600e+06   5.1147461e+01
   1.5070930e+06   4.6020508e+01
   1.5071500e+06   3.3386230e+01
   1.5072700e+06   8.8317871e+01
   1.5072910e+06   3.5461426e+01
   1.5073810e+06   3.5400391e+01
   1.5077610e+06   5.1513672e+01
   1.5573780e+06   3.8513184e+01
   1.5577940e+06   6.8176270e+01
   1.5578130e+06   3.4545898e+01
   1.5578300e+06   3.5156250e+01
   1.5578740e+06   4.8828125e+01
   1.5578870e+06   4.9865723e+01
   1.5579180e+06   1.2182617e+02
   1.5579350e+06   8.5144043e+01
   1.5579780e+06   7.2631836e+01
   1.5580150e+06   3.7780762e+01
   1.5580820e+06   5.3100586e+01
   1.5581210e+06   5.8837891e+01
   1.5581370e+06   9.5031738e+01
   1.5581700e+06   4.0405273e+01
   1.5581950e+06   4.1992188e+01
   1.5582410e+06   5.5236816e+01
   1.5582590e+06   4.7180176e+01
   1.5583240e+06   8.2580566e+01
   1.5583530e+06   4.4067383e+01
   1.5584290e+06   4.0771484e+01
   1.5584620e+06   3.6499023e+01
   1.5584910e+06   5.7006836e+01
   1.5585420e+06   3.2897949e+01
   1.5585910e+06   3.5827637e+01
   1.5587130e+06   6.4941406e+01
   1.5587340e+06   3.7414551e+01
   1.5587610e+06   3.3996582e+01
   1.5590030e+06   3.2836914e+01
   1.5591520e+06   5.1330566e+01
   1.5591880e+06   3.3691406e+01
   1.5593430e+06   4.9987793e+01
   1.6140100e+06   7.2875977e+01
   1.6140410e+06   6.3720703e+01
   1.6140880e+06   4.6875000e+01
   1.6141290e+06   5.3771973e+01
   1.6141430e+06   1.3043213e+02
   1.6141580e+06   1.0742188e+02
   1.6142070e+06   5.5725098e+01
   1.6142290e+06   5.3283691e+01
   1.6142510e+06   6.7077637e+01
   1.6142660e+06   5.1025391e+01
   1.6142890e+06   4.0771484e+01
   1.6143030e+06   3.4240723e+01
   1.6143650e+06   4.7119141e+01
   1.6143810e+06   9.6069336e+01
   1.6144690e+06   4.6752930e+01
   1.6145510e+06   6.6345215e+01
   1.6146550e+06   4.8645020e+01
   1.6147320e+06   4.7668457e+01
   1.6147730e+06   3.6804199e+01
   1.6148460e+06   3.5217285e+01
   1.6149140e+06   4.8034668e+01
   1.6150310e+06   4.0405273e+01
   1.6151460e+06   3.5400391e+01
   1.6152830e+06   3.3996582e+01
   1.6153160e+06   4.1809082e+01
   1.6155920e+06   5.1330566e+01
   1.6156620e+06   3.7353516e+01
   1.6159620e+06   4.0466309e+01
   1.6585120e+06   6.2011719e+01
   1.6586000e+06   3.4667969e+01
   1.6586200e+06   5.4931641e+01
   1.6587030e+06   1.2677002e+02
   1.6587220e+06   5.8349609e+01
   1.6587890e+06   4.7424316e+01
   1.6588230e+06   5.0537109e+01
   1.6588520e+06   9.0270996e+01
   1.6588640e+06   6.0668945e+01
   1.6589200e+06   4.1564941e+01
   1.6589400e+06   3.2775879e+01
   1.6590170e+06   6.2866211e+01
   1.6590500e+06   4.1320801e+01
   1.6591040e+06   3.7597656e+01
   1.6591210e+06   4.0100098e+01
   1.6591740e+06   4.1687012e+01
   1.6591840e+06   4.7790527e+01
   1.6592570e+06   3.7048340e+01
   1.6593740e+06   3.8940430e+01
   1.6593990e+06   8.1970215e+01
   1.6595590e+06   3.9916992e+01
   1.6595890e+06   4.3029785e+01
   1.6596640e+06   3.7963867e+01
   1.6597200e+06   7.2937012e+01
   1.6598770e+06   3.6682129e+01
   1.6599240e+06   7.4340820e+01
   1.6601210e+06   4.8706055e+01
   1.6604300e+06   4.2602539e+01
   1.6604680e+06   4.7058105e+01
   1.6963280e+06   3.3569336e+01
   1.7098270e+06   3.4362793e+01
   1.7100360e+06   6.6894531e+01
   1.7101750e+06   4.7912598e+01
   1.7101890e+06   6.7687988e+01
   1.7102190e+06   1.1871338e+02
   1.7102320e+06   8.0993652e+01
   1.7102900e+06   3.5705566e+01
   1.7103200e+06   4.3273926e+01
   1.7103490e+06   8.7219238e+01
   1.7104170e+06   4.6752930e+01
   1.7104780e+06   4.0466309e+01
   1.7105100e+06   4.2480469e+01
   1.7105370e+06   5.2062988e+01
   1.7105580e+06   7.6904297e+01
   1.7105740e+06   3.8024902e+01
   1.7106230e+06   4.1931152e+01
   1.7107130e+06   5.0354004e+01
   1.7107800e+06   5.1086426e+01
   1.7108960e+06   3.3996582e+01
   1.7109080e+06   5.6335449e+01
   1.7110310e+06   3.6071777e+01
   1.7110630e+06   4.4433594e+01
   1.7112480e+06   4.6325684e+01
   1.7112750e+06   4.7546387e+01
   1.7114040e+06   3.9306641e+01
   1.7115630e+06   5.5603027e+01
   1.7115930e+06   5.1452637e+01
   1.7116360e+06   3.3386230e+01
   1.7118120e+06   3.7658691e+01
   1.7118830e+06   5.0537109e+01
   1.7120580e+06   4.2236328e+01
   1.7120700e+06   5.0842285e+01
   1.7634910e+06   5.9265137e+01
   1.7636210e+06   4.3579102e+01
   1.7636690e+06   4.0771484e+01
   1.7637200e+06   1.1437988e+02
   1.7637530e+06   6.1523438e+01
   1.7638560e+06   7.6110840e+01
   1.7638680e+06   7.7331543e+01
   1.7639180e+06   4.6875000e+01
   1.7640340e+06   3.5827637e+01
   1.7640490e+06   6.3659668e+01
   1.7641630e+06   6.2255859e+01
   1.7641920e+06   3.4301758e+01
   1.7642840e+06   3.7597656e+01
   1.7642990e+06   7.7636719e+01
   1.7643470e+06   3.3630371e+01
   1.7643840e+06   3.4057617e+01
   1.7645080e+06   3.3874512e+01
   1.7645300e+06   3.3996582e+01
   1.7647070e+06   5.7312012e+01
   1.7647290e+06   3.7353516e+01
   1.7648460e+06   3.5095215e+01
   1.7649360e+06   3.3752441e+01
   1.7650340e+06   5.9997559e+01
   1.7650510e+06   5.2062988e+01
   1.7653060e+06   4.2602539e+01
   1.7653230e+06   4.7790527e+01
   1.7656610e+06   4.9133301e+01
   1.7657390e+06   3.7414551e+01
   1.7658450e+06   3.5949707e+01
   1.7659030e+06   3.8696289e+01
   1.7659410e+06   3.9916992e+01
   1.8116020e+06   3.8513184e+01
   1.8845390e+06   3.3142090e+01
   1.8845850e+06   5.6457520e+01
   1.8848720e+06   6.8237305e+01
   1.8849720e+06   5.3222656e+01
   1.8850620e+06   5.2429199e+01
   1.8850760e+06   1.0516357e+02
   1.8850960e+06   1.0119629e+02
   1.8851150e+06   4.5471191e+01
   1.8852200e+06   6.3842773e+01
   1.8852310e+06   6.9885254e+01
   1.8852590e+06   4.2541504e+01
   1.8853440e+06   4.3273926e+01
   1.8853660e+06   6.8176270e+01
   1.8854040e+06   3.4973145e+01
   1.8854230e+06   3.5522461e+01
   1.8854960e+06   3.2836914e+01
   1.8855250e+06   5.2246094e+01
   1.8856940e+06   5.4382324e+01
   1.8858740e+06   4.7790527e+01
   1.8858860e+06   4.7973633e+01
   1.8860190e+06   3.4851074e+01
   1.8860610e+06   3.7841797e+01
   1.8862180e+06   3.6499023e+01
   1.8862740e+06   3.2897949e+01
   1.8866830e+06   3.6865234e+01
   1.9115890e+06   3.7109375e+01
   1.9731490e+06   3.2775879e+01
   2.0017680e+06   3.3386230e+01
   2.0270890e+06   3.6865234e+01
   2.0873910e+06   3.9184570e+01
   2.0874480e+06   3.5461426e+01
   2.0875250e+06   3.3935547e+01
   2.0875580e+06   1.4117432e+02
   2.0875800e+06   3.5400391e+01
   2.0876260e+06   4.5776367e+01
   2.0876660e+06   1.7169189e+02
   2.0876920e+06   3.5034180e+01
   2.0877100e+06   3.9184570e+01
   2.0877470e+06   3.6621094e+01
   2.0877890e+06   4.3090820e+01
   2.0878260e+06   8.4655762e+01
   2.0879390e+06   1.2322998e+02
   2.0879490e+06   3.8269043e+01
   2.0879670e+06   8.8439941e+01
   2.0880490e+06   4.4128418e+01
   2.0880600e+06   3.3142090e+01
   2.0881690e+06   8.5266113e+01
   2.0884770e+06   7.5134277e+01
   2.0889650e+06   7.4279785e+01
   2.0894090e+06   6.5856934e+01
   2.0906920e+06   6.7749023e+01
   2.1214760e+06   4.3640137e+01
   2.1216240e+06   3.6499023e+01
   2.1216880e+06   3.5217285e+01
   2.1217310e+06   3.3752441e+01
   2.1217430e+06   1.0229492e+02
   2.1217670e+06   5.6213379e+01
   2.1218040e+06   4.1198730e+01
   2.1218140e+06   1.2561035e+02
   2.1218430e+06   6.1950684e+01
   2.1218650e+06   4.5166016e+01
   2.1218850e+06   3.6926270e+01
   2.1218990e+06   6.3964844e+01
   2.1219440e+06   6.0424805e+01
   2.1219550e+06   5.3955078e+01
   2.1220510e+06   3.5522461e+01
   2.1220650e+06   6.1523438e+01
   2.1220970e+06   8.4045410e+01
   2.1222060e+06   4.1870117e+01
   2.1222710e+06   1.0168457e+02
   2.1224080e+06   4.4311523e+01
   2.1226260e+06   6.8603516e+01
   2.1230440e+06   7.8735352e+01
   2.1236310e+06   6.5917969e+01
   2.1243200e+06   6.2622070e+01
   2.1497060e+06   4.7424316e+01
   2.1497550e+06   3.6926270e+01
   2.1498360e+06   4.6813965e+01
   2.1498550e+06   5.7312012e+01
   2.1498730e+06   5.9143066e+01
   2.1498860e+06   5.7189941e+01
   2.1499730e+06   1.3049316e+02
   2.1499830e+06   7.0312500e+01
   2.1500120e+06   5.8532715e+01
   2.1500240e+06   5.1513672e+01
   2.1500370e+06   3.3691406e+01
   2.1500600e+06   3.9245605e+01
   2.1500930e+06   5.0659180e+01
   2.1501280e+06   3.3508301e+01
   2.1501790e+06   6.4208984e+01
   2.1502040e+06   4.7424316e+01
   2.1502250e+06   3.5034180e+01
   2.1502870e+06   9.8693848e+01
   2.1503670e+06   7.2875977e+01
   2.1503960e+06   5.7495117e+01
   2.1505140e+06   3.4729004e+01
   2.1506000e+06   8.1787109e+01
   2.1506530e+06   3.8085938e+01
   2.1509830e+06   7.8308105e+01
   2.1517570e+06   7.6354980e+01
   2.1525470e+06   6.2988281e+01
   2.1804710e+06   3.4301758e+01
   2.1957080e+06   3.6865234e+01
   2.1958770e+06   3.4912109e+01
   2.1959090e+06   3.5217285e+01
   2.1959200e+06   4.0649414e+01
   2.1959530e+06   7.0800781e+01
   2.1959770e+06   3.8085938e+01
   2.1959980e+06   4.3029785e+01
   2.1960310e+06   3.6010742e+01
   2.1960510e+06   5.9265137e+01
   2.1960700e+06   3.9855957e+01
   2.1960940e+06   4.6630859e+01
   2.1961050e+06   5.3771973e+01
   2.1961300e+06   6.6772461e+01
   2.1961440e+06   3.4118652e+01
   2.1961940e+06   3.7109375e+01
   2.1962080e+06   6.3964844e+01
   2.1962960e+06   7.6721191e+01
   2.1963380e+06   1.2188721e+02
   2.1963510e+06   5.8898926e+01
   2.1963900e+06   3.7048340e+01
   2.1964680e+06   7.8186035e+01
   2.1965900e+06   3.3264160e+01
   2.1967340e+06   7.8918457e+01
   2.1970960e+06   4.1381836e+01
   2.1975480e+06   6.1218262e+01
   2.1982050e+06   6.8542480e+01
   2.2229140e+06   3.6071777e+01
   2.2401370e+06   3.3325195e+01
   2.2402490e+06   3.6743164e+01
   2.2402850e+06   6.0913086e+01
   2.2403110e+06   8.2458496e+01
   2.2403280e+06   4.2114258e+01
   2.2403780e+06   3.9855957e+01
   2.2404060e+06   1.2036133e+02
   2.2404220e+06   5.6213379e+01
   2.2404590e+06   7.1350098e+01
   2.2404690e+06   3.9916992e+01
   2.2404930e+06   3.3386230e+01
   2.2405230e+06   3.3447266e+01
   2.2405450e+06   1.0028076e+02
   2.2406240e+06   6.8542480e+01
   2.2406550e+06   5.2185059e+01
   2.2406880e+06   8.3618164e+01
   2.2407380e+06   3.3874512e+01
   2.2408050e+06   4.7912598e+01
   2.2408200e+06   9.2590332e+01
   2.2408730e+06   3.2897949e+01
   2.2410150e+06   5.2001953e+01
   2.2410730e+06   1.0668945e+02
   2.2411640e+06   6.8176270e+01
   2.2415730e+06   7.4401855e+01
   2.2420690e+06   7.1228027e+01
   2.2426350e+06   7.2998047e+01
   2.2857090e+06   3.3752441e+01
   2.2858940e+06   3.2958984e+01
   2.2859100e+06   3.4912109e+01
   2.2859420e+06   4.0588379e+01
   2.2859620e+06   4.5532227e+01
   2.2859850e+06   5.2612305e+01
   2.2860180e+06   6.7016602e+01
   2.2860320e+06   3.3081055e+01
   2.2860740e+06   6.5307617e+01
   2.2860960e+06   4.0100098e+01
   2.2861280e+06   4.3762207e+01
   2.2861390e+06   6.2866211e+01
   2.2861650e+06   3.6804199e+01
   2.2861890e+06   4.7180176e+01
   2.2862620e+06   1.0900879e+02
   2.2862960e+06   3.3752441e+01
   2.2863370e+06   7.1411133e+01
   2.2863550e+06   3.6071777e+01
   2.2864090e+06   5.1513672e+01
   2.2864210e+06   3.4851074e+01
   2.2865300e+06   8.1298828e+01
   2.2868620e+06   7.2692871e+01
   2.2873600e+06   7.5439453e+01
   2.2879550e+06   6.7016602e+01
   2.3328780e+06   4.7119141e+01
   2.3329110e+06   5.0231934e+01
   2.3329230e+06   3.4484863e+01
   2.3329490e+06   8.4838867e+01
   2.3329610e+06   4.1748047e+01
   2.3330020e+06   3.7902832e+01
   2.3330210e+06   5.8715820e+01
   2.3330510e+06   1.3458252e+02
   2.3330620e+06   5.1452637e+01
   2.3331020e+06   9.6557617e+01
   2.3331150e+06   4.9682617e+01
   2.3331690e+06   6.3781738e+01
   2.3331890e+06   7.9711914e+01
   2.3332050e+06   4.1809082e+01
   2.3332590e+06   3.4423828e+01
   2.3332820e+06   6.4514160e+01
   2.3332990e+06   4.0222168e+01
   2.3333210e+06   6.5856934e+01
   2.3334320e+06   3.3020020e+01
   2.3334630e+06   6.4331055e+01
   2.3336430e+06   3.3203125e+01
   2.3337460e+06   7.3303223e+01
   2.3341540e+06   7.1960449e+01
   2.3345910e+06   6.9641113e+01
   2.3355180e+06   6.6467285e+01
   2.3696510e+06   3.3508301e+01
   2.3697510e+06   3.4118652e+01
   2.3697700e+06   3.5644531e+01
   2.3697800e+06   4.9682617e+01
   2.3698780e+06   3.5766602e+01
   2.3699130e+06   3.2958984e+01
   2.3699290e+06   3.6010742e+01
   2.3700020e+06   3.3935547e+01
   2.3700330e+06   3.2775879e+01
   2.3700660e+06   6.6711426e+01
   2.3700800e+06   5.3649902e+01
   2.3701120e+06   1.1804199e+02
   2.3701230e+06   5.2124023e+01
   2.3701430e+06   7.7758789e+01
   2.3701850e+06   5.6945801e+01
   2.3702130e+06   7.6660156e+01
   2.3702420e+06   3.7170410e+01
   2.3702700e+06   3.5888672e+01
   2.3702910e+06   4.9011230e+01
   2.3703100e+06   3.3325195e+01
   2.3703310e+06   9.1735840e+01
   2.3704360e+06   3.5278320e+01
   2.3705510e+06   1.1523438e+02
   2.3709650e+06   7.4645996e+01
   2.3714540e+06   8.5449219e+01
   2.3722470e+06   6.6833496e+01
   2.3731140e+06   6.0180664e+01
   2.3778100e+06   3.3996582e+01
   2.3891360e+06   7.1777344e+01
   2.4048340e+06   3.6437988e+01
   2.4147310e+06   5.4565430e+01
   2.4148070e+06   3.5095215e+01
   2.4148390e+06   9.2163086e+01
   2.4148510e+06   5.9082031e+01
   2.4148800e+06   3.3508301e+01
   2.4148910e+06   3.9855957e+01
   2.4149210e+06   4.3457031e+01
   2.4149500e+06   3.4851074e+01
   2.4149610e+06   3.3874512e+01
   2.4149930e+06   1.3867188e+02
   2.4150060e+06   4.9255371e+01
   2.4150200e+06   1.2445068e+02
   2.4150330e+06   3.5949707e+01
   2.4150580e+06   4.8706055e+01
   2.4151160e+06   4.2114258e+01
   2.4151370e+06   3.8696289e+01
   2.4151690e+06   3.7841797e+01
   2.4151840e+06   8.7402344e+01
   2.4152290e+06   5.6396484e+01
   2.4152420e+06   5.7434082e+01
   2.4154320e+06   7.8857422e+01
   2.4154750e+06   3.5095215e+01
   2.4157650e+06   6.9885254e+01
   2.4161880e+06   6.7138672e+01
   2.4168280e+06   7.4645996e+01
   2.4173870e+06   7.1594238e+01
   2.4453050e+06   4.1137695e+01
   2.4454340e+06   4.0649414e+01
   2.4454910e+06   6.6223145e+01
   2.4455380e+06   3.6865234e+01
   2.4455590e+06   3.4790039e+01
   2.4456020e+06   4.8767090e+01
   2.4456940e+06   4.2419434e+01
   2.4457430e+06   4.2114258e+01
   2.4458130e+06   3.3508301e+01
   2.4458820e+06   5.3161621e+01
   2.4459350e+06   7.9528809e+01
   2.4461890e+06   7.5500488e+01
   2.4465020e+06   6.6955566e+01
   2.4470610e+06   7.0190430e+01
   2.4477870e+06   6.7321777e+01
   2.4486360e+06   7.2265625e+01
   2.4721250e+06   3.5400391e+01
   2.4961960e+06   6.2683105e+01
   2.4962820e+06   3.5888672e+01
   2.4963490e+06   5.0598145e+01
   2.4964020e+06   8.7524414e+01
   2.4964660e+06   3.3752441e+01
   2.4964760e+06   4.5410156e+01
   2.4965400e+06   3.7048340e+01
   2.4965800e+06   7.7575684e+01
   2.4966230e+06   3.7658691e+01
   2.4967560e+06   3.4057617e+01
   2.4967760e+06   6.9641113e+01
   2.4970580e+06   3.7231445e+01
   2.4970920e+06   7.8613281e+01
   2.4972880e+06   3.4790039e+01
   2.4976380e+06   7.4279785e+01
   2.4980240e+06   3.4545898e+01
   2.4982370e+06   3.6376953e+01
   2.4983650e+06   7.1228027e+01
   2.5139300e+06   3.3935547e+01
   2.5410000e+06   3.5400391e+01
   2.5433760e+06   3.6682129e+01
   2.5435750e+06   3.8635254e+01
   2.5436230e+06   4.8889160e+01
   2.5437180e+06   3.3325195e+01
   2.5437420e+06   3.8574219e+01
   2.5437540e+06   7.0922852e+01
   2.5438640e+06   3.5034180e+01
   2.5439000e+06   4.5654297e+01
   2.5439220e+06   3.4179688e+01
   2.5440330e+06   7.5805664e+01
   2.5440830e+06   5.5114746e+01
   2.5442760e+06   3.4240723e+01
   2.5443180e+06   7.2387695e+01
   2.5444450e+06   3.4301758e+01
   2.5445740e+06   3.9489746e+01
   2.5446830e+06   8.0627441e+01
   2.5447670e+06   3.7414551e+01
   2.5449960e+06   8.7585449e+01
   2.5452760e+06   3.9550781e+01
   2.5494680e+06   3.6132812e+01
   2.5844320e+06   3.3203125e+01
   2.5844610e+06   4.2724609e+01
   2.5844750e+06   4.4982910e+01
   2.5845300e+06   3.6132812e+01
   2.5845720e+06   3.4545898e+01
   2.5845920e+06   5.7800293e+01
   2.5846840e+06   3.7536621e+01
   2.5847810e+06   3.4667969e+01
   2.5848930e+06   7.9956055e+01
   2.5849380e+06   3.7170410e+01
   2.5849650e+06   4.7180176e+01
   2.5851860e+06   9.1003418e+01
   2.5852780e+06   3.5522461e+01
   2.5856410e+06   3.4545898e+01
   2.5859630e+06   7.9223633e+01
   2.6292820e+06   4.3395996e+01
   2.6294270e+06   6.2194824e+01
   2.6295350e+06   4.6020508e+01
   2.6295650e+06   4.5166016e+01
   2.6297090e+06   3.5156250e+01
   2.6297650e+06   3.5278320e+01
   2.6297880e+06   8.6547852e+01
   2.6298020e+06   3.9245605e+01
   2.6299570e+06   3.8330078e+01
   2.6301000e+06   8.2092285e+01
   2.6303450e+06   3.5522461e+01
   2.6306150e+06   3.4179688e+01
   2.6307430e+06   6.0546875e+01
   2.6734170e+06   4.2053223e+01
   2.6735520e+06   5.5175781e+01
   2.6737240e+06   5.9082031e+01
   2.6738030e+06   3.6071777e+01
   2.6738600e+06   5.7006836e+01
   2.6738760e+06   3.4484863e+01
   2.6739420e+06   7.7880859e+01
   2.6741710e+06   6.1767578e+01
   2.6742460e+06   7.1044922e+01
   2.6747730e+06   3.2775879e+01
   2.6748750e+06   7.0129395e+01
   2.6951500e+06   3.2836914e+01
   2.7108880e+06   4.1320801e+01
   2.7109740e+06   4.4006348e+01
   2.7109840e+06   3.3447266e+01
   2.7112260e+06   4.6325684e+01
   2.7113220e+06   7.8735352e+01
   2.7115470e+06   6.9885254e+01
   2.7120530e+06   3.5034180e+01
   2.7121940e+06   7.2448730e+01
   2.7441160e+06   3.3203125e+01
   2.7444540e+06   3.9367676e+01
   2.7444830e+06   4.8828125e+01
   2.7445710e+06   4.2114258e+01
   2.7447070e+06   3.3020020e+01
   2.7447360e+06   4.5043945e+01
   2.7450020e+06   3.3447266e+01
   2.7450310e+06   8.7463379e+01
   2.7451530e+06   3.4179688e+01
   2.7454540e+06   6.9458008e+01
   2.7897170e+06   3.8757324e+01
   2.7898240e+06   5.5664062e+01
   2.7900230e+06   4.0283203e+01
   2.7900840e+06   3.6560059e+01
   2.7903800e+06   8.1237793e+01
   2.7904070e+06   3.7597656e+01
   2.7910860e+06   7.7209473e+01
   2.8159050e+06   3.6437988e+01
   2.8295700e+06   3.3447266e+01
   2.8296300e+06   3.6865234e+01
   2.8297050e+06   4.3518066e+01
   2.8297620e+06   4.8828125e+01
   2.8299350e+06   4.0222168e+01
   2.8300890e+06   3.6865234e+01
   2.8302660e+06   3.3081055e+01
   2.8302840e+06   4.2236328e+01
   2.8303750e+06   7.7697754e+01
   2.8304080e+06   4.5043945e+01
   2.8307460e+06   3.5827637e+01
   2.8556890e+06   3.3081055e+01
   2.8623410e+06   3.4240723e+01
   2.8623970e+06   3.8696289e+01
   2.8624090e+06   6.4941406e+01
   2.8625780e+06   4.8461914e+01
   2.8628800e+06   3.9611816e+01
   2.8631550e+06   9.2041016e+01
   2.8636060e+06   8.1176758e+01
   2.8995060e+06   3.4667969e+01
   2.8995810e+06   3.3691406e+01
   2.8997420e+06   3.6987305e+01
   2.9000150e+06   3.6865234e+01
   2.9002620e+06   3.6193848e+01
   2.9002750e+06   4.3640137e+01
   2.9004010e+06   3.4484863e+01
   2.9005990e+06   7.7575684e+01
   2.9009220e+06   3.5583496e+01
   2.9014740e+06   8.7402344e+01
   2.9400750e+06   3.6987305e+01
   2.9406070e+06   3.3691406e+01
   2.9409340e+06   4.2724609e+01
   2.9414900e+06   4.2114258e+01
   2.9417280e+06   7.8552246e+01
   2.9718610e+06   3.8085938e+01
   2.9720880e+06   3.3996582e+01
   2.9723700e+06   3.9733887e+01
   2.9724690e+06   7.9284668e+01
   2.9726870e+06   3.4362793e+01
   2.9727540e+06   7.4462891e+01
   2.9729630e+06   3.8024902e+01
   3.0284370e+06   4.2297363e+01
   3.0287250e+06   3.3935547e+01
   3.0294270e+06   3.2592773e+01
   3.0294610e+06   3.7170410e+01
   3.0540000e+06   3.5827637e+01
   3.0544310e+06   4.0100098e+01
   3.0746180e+06   3.4484863e+01
   3.0926540e+06   3.5766602e+01
   3.0980060e+06   3.5156250e+01
   3.1152690e+06   3.6132812e+01
   3.1287500e+06   3.3569336e+01
   3.1740300e+06   3.6743164e+01
   3.2831060e+06   3.3813477e+01
   3.3007790e+06   3.3081055e+01
   3.3112530e+06   3.3508301e+01
   3.3182670e+06   3.5522461e+01
   3.3553250e+06   3.2714844e+01
   3.3557070e+06   3.5827637e+01
   3.3557210e+06   4.5227051e+01
   3.3558040e+06   7.0251465e+01
   3.3558150e+06   1.1273193e+02
   3.3558440e+06   1.3568115e+02
   3.3558720e+06   3.3996582e+01
   3.3559020e+06   6.9030762e+01
   3.3559520e+06   1.0131836e+02
   3.3560110e+06   5.2795410e+01
   3.3560510e+06   3.6560059e+01
   3.3561150e+06   9.1979980e+01
   3.3561610e+06   3.9550781e+01
   3.3561740e+06   4.3945312e+01
   3.3562750e+06   8.9355469e+01
   3.3562880e+06   4.1259766e+01
   3.3565230e+06   3.4179688e+01
   3.3565610e+06   8.3862305e+01
   3.3568970e+06   7.4951172e+01
   3.3573930e+06   8.5327148e+01
   3.3579030e+06   8.3007812e+01
   3.4127930e+06   3.3996582e+01
   3.5064390e+06   3.9367676e+01
   3.5289720e+06   5.9509277e+01
   3.5292950e+06   3.4973145e+01
   3.5293420e+06   3.2714844e+01
   3.5293930e+06   9.9548340e+01
   3.5294260e+06   4.0405273e+01
   3.5294390e+06   8.1726074e+01
   3.5294520e+06   9.4787598e+01
   3.5294920e+06   4.7119141e+01
   3.5295150e+06   7.5744629e+01
   3.5295380e+06   4.7424316e+01
   3.5295600e+06   3.6804199e+01
   3.5295840e+06   1.1193848e+02
   3.5296310e+06   5.0354004e+01
   3.5296670e+06   7.6538086e+01
   3.5296920e+06   3.3447266e+01
   3.5297230e+06   3.3508301e+01
   3.5297820e+06   4.5227051e+01
   3.5298360e+06   3.2592773e+01
   3.5298520e+06   8.6547852e+01
   3.5298900e+06   1.1871338e+02
   3.5300690e+06   8.3068848e+01
   3.5304990e+06   7.6232910e+01
   3.5309970e+06   6.3598633e+01
   3.5316150e+06   6.8969727e+01
   3.5626320e+06   3.2470703e+01
   3.5821980e+06   4.2602539e+01
   3.6028480e+06   3.6682129e+01
   3.6028770e+06   4.5349121e+01
   3.6029000e+06   3.4118652e+01
   3.6029290e+06   4.7912598e+01
   3.6029780e+06   3.5522461e+01
   3.6029920e+06   4.2541504e+01
   3.6030130e+06   8.2885742e+01
   3.6030240e+06   7.7148438e+01
   3.6030570e+06   1.3214111e+02
   3.6030670e+06   3.4179688e+01
   3.6030980e+06   3.9794922e+01
   3.6031170e+06   7.0007324e+01
   3.6031640e+06   1.1151123e+02
   3.6031840e+06   3.4667969e+01
   3.6032780e+06   5.8532715e+01
   3.6033210e+06   4.9926758e+01
   3.6033800e+06   3.5949707e+01
   3.6034910e+06   7.1166992e+01
   3.6035300e+06   6.5979004e+01
   3.6035670e+06   4.2297363e+01
   3.6036570e+06   8.2214355e+01
   3.6037250e+06   7.1228027e+01
   3.6039590e+06   6.8847656e+01
   3.6045670e+06   7.4340820e+01
   3.6051450e+06   6.8664551e+01
   3.6498650e+06   3.4790039e+01
   3.6500690e+06   4.2968750e+01
   3.6513300e+06   3.2653809e+01
   3.6513870e+06   3.5461426e+01
   3.6517270e+06   3.5217285e+01
   3.6518090e+06   4.6569824e+01
   3.6518790e+06   8.5693359e+01
   3.6518990e+06   3.9245605e+01
   3.6519520e+06   4.1137695e+01
   3.6519820e+06   4.6569824e+01
   3.6519920e+06   9.9121094e+01
   3.6520060e+06   6.6528320e+01
   3.6520380e+06   7.6782227e+01
   3.6520960e+06   7.1350098e+01
   3.6521220e+06   3.9978027e+01
   3.6521710e+06   4.1442871e+01
   3.6521990e+06   6.4025879e+01
   3.6522100e+06   5.1513672e+01
   3.6522570e+06   7.5561523e+01
   3.6522760e+06   3.6804199e+01
   3.6523280e+06   4.8522949e+01
   3.6523990e+06   6.4086914e+01
   3.6524120e+06   4.7973633e+01
   3.6524880e+06   6.7565918e+01
   3.6526860e+06   9.5825195e+01
   3.6527370e+06   7.6171875e+01
   3.6531990e+06   6.5856934e+01
   3.6535510e+06   7.6660156e+01
   3.6553960e+06   7.3425293e+01
   3.6734450e+06   3.8391113e+01
   3.6984090e+06   3.4667969e+01
   3.7082260e+06   3.5034180e+01
   3.7082760e+06   3.3508301e+01
   3.7083280e+06   3.6682129e+01
   3.7083580e+06   3.2775879e+01
   3.7083680e+06   4.6142578e+01
   3.7084420e+06   4.6020508e+01
   3.7084530e+06   1.2701416e+02
   3.7084800e+06   5.9204102e+01
   3.7084970e+06   6.8237305e+01
   3.7085120e+06   4.3884277e+01
   3.7085490e+06   3.2470703e+01
   3.7085700e+06   8.0810547e+01
   3.7086630e+06   5.4565430e+01
   3.7087030e+06   7.5744629e+01
   3.7087320e+06   3.5827637e+01
   3.7087690e+06   4.0771484e+01
   3.7088660e+06   7.9345703e+01
   3.7089510e+06   6.1645508e+01
   3.7091890e+06   7.6538086e+01
   3.7096690e+06   6.5429688e+01
   3.7108450e+06   7.6171875e+01
   3.7530840e+06   3.4667969e+01
   3.7533310e+06   3.6560059e+01
   3.7533580e+06   5.9814453e+01
   3.7536200e+06   3.6865234e+01
   3.7544230e+06   3.2775879e+01
   3.7555780e+06   3.3752441e+01
   3.7556510e+06   3.3081055e+01
   3.7556980e+06   9.1857910e+01
   3.7557290e+06   5.7250977e+01
   3.7557660e+06   9.0881348e+01
   3.7557790e+06   3.6437988e+01
   3.7558600e+06   6.1401367e+01
   3.7558920e+06   1.2573242e+02
   3.7559060e+06   7.2082520e+01
   3.7559510e+06   7.0495605e+01
   3.7559660e+06   3.6010742e+01
   3.7560090e+06   3.7536621e+01
   3.7560400e+06   4.0039062e+01
   3.7560530e+06   3.5400391e+01
   3.7560870e+06   6.2316895e+01
   3.7561070e+06   1.0839844e+02
   3.7561440e+06   3.2958984e+01
   3.7562120e+06   4.0588379e+01
   3.7562370e+06   5.1025391e+01
   3.7562780e+06   1.0174561e+02
   3.7563920e+06   5.0109863e+01
   3.7564080e+06   3.3630371e+01
   3.7565290e+06   3.4179688e+01
   3.7565810e+06   3.2836914e+01
   3.7568150e+06   6.7687988e+01
   3.7573260e+06   6.5002441e+01
   3.7877880e+06   3.4729004e+01
   3.7964340e+06   3.7902832e+01
   3.7965890e+06   3.2775879e+01
   3.7968670e+06   3.4729004e+01
   3.8003700e+06   3.2653809e+01
   3.8008830e+06   3.2775879e+01
   3.8044630e+06   3.6926270e+01
   3.8194510e+06   5.1513672e+01
   3.8440230e+06   3.3691406e+01
   3.8442920e+06   3.3569336e+01
   3.8616140e+06   3.6071777e+01
   3.8621000e+06   3.5095215e+01
   3.8755760e+06   3.4667969e+01
   3.8918040e+06   3.5705566e+01
   3.8920450e+06   3.4362793e+01
   3.8920720e+06   4.8156738e+01
   3.8922160e+06   3.3142090e+01
   3.8925360e+06   3.2531738e+01
   3.8926590e+06   3.2531738e+01
   3.9140220e+06   4.0954590e+01
   3.9143760e+06   3.5766602e+01
   3.9163690e+06   3.5339355e+01
   3.9303080e+06   3.3935547e+01
   3.9349600e+06   3.6743164e+01
   3.9471220e+06   4.9865723e+01
   3.9476280e+06   3.6560059e+01
   3.9927520e+06   3.6132812e+01
   3.9928510e+06   4.2419434e+01
   3.9932700e+06   3.7963867e+01
   4.0284830e+06   3.8085938e+01
   4.0396280e+06   3.6254883e+01
   4.0578410e+06   3.7170410e+01
   4.0650220e+06   3.9184570e+01
   4.0653590e+06   4.7119141e+01
   4.0656040e+06   3.3508301e+01
   4.0884570e+06   3.8024902e+01
   4.0895020e+06   4.0283203e+01
   4.1174450e+06   3.5705566e+01
   4.1180510e+06   3.5034180e+01
   4.1495400e+06   4.2297363e+01
   4.1510740e+06   3.7231445e+01
   4.1752230e+06   3.2958984e+01
   4.2179330e+06   3.3142090e+01
   4.2179800e+06   3.2836914e+01
   4.2180060e+06   4.0344238e+01
   4.2180500e+06   3.9428711e+01
   4.2180780e+06   6.6040039e+01
   4.2180950e+06   3.6926270e+01
   4.2181180e+06   7.7209473e+01
   4.2181520e+06   1.3751221e+02
   4.2181710e+06   6.0913086e+01
   4.2181820e+06   7.5988770e+01
   4.2182140e+06   4.6875000e+01
   4.2182740e+06   9.7473145e+01
   4.2182850e+06   3.4240723e+01
   4.2183030e+06   4.2968750e+01
   4.2183560e+06   7.3364258e+01
   4.2183760e+06   3.4057617e+01
   4.2184510e+06   1.0003662e+02
   4.2184760e+06   3.3935547e+01
   4.2185070e+06   7.6904297e+01
   4.2186330e+06   3.3813477e+01
   4.2187230e+06   8.1604004e+01
   4.2191270e+06   7.7697754e+01
   4.2198040e+06   7.6904297e+01
   4.2206850e+06   7.3364258e+01
   4.2554160e+06   4.1503906e+01
   4.2559150e+06   4.1015625e+01
   4.2583360e+06   4.3273926e+01
   4.2583580e+06   3.4484863e+01
   4.2584130e+06   3.2836914e+01
   4.2584230e+06   3.2653809e+01
   4.2584590e+06   3.2897949e+01
   4.2585090e+06   4.0588379e+01
   4.2585240e+06   4.4311523e+01
   4.2585970e+06   3.4545898e+01
   4.2586550e+06   1.2786865e+02
   4.2586710e+06   3.5644531e+01
   4.2586990e+06   3.3020020e+01
   4.2587260e+06   3.9489746e+01
   4.2587490e+06   3.9001465e+01
   4.2587620e+06   3.3935547e+01
   4.2587860e+06   4.9011230e+01
   4.2588010e+06   4.6142578e+01
   4.2588290e+06   8.5510254e+01
   4.2588650e+06   3.6682129e+01
   4.2589080e+06   4.8767090e+01
   4.2589440e+06   3.2470703e+01
   4.2589680e+06   1.0028076e+02
   4.2590080e+06   6.9580078e+01
   4.2590290e+06   3.4301758e+01
   4.2590580e+06   5.5847168e+01
   4.2592720e+06   4.9438477e+01
   4.2593020e+06   8.2214355e+01
   4.2597690e+06   7.2937012e+01
   4.2602590e+06   6.8725586e+01
   4.2833030e+06   3.3081055e+01
   4.3103060e+06   3.8146973e+01
   4.3103810e+06   3.5461426e+01
   4.3104070e+06   3.7231445e+01
   4.3104350e+06   3.3203125e+01
   4.3104700e+06   4.0100098e+01
   4.3105120e+06   3.3508301e+01
   4.3105390e+06   3.2531738e+01
   4.3105620e+06   8.6425781e+01
   4.3105840e+06   3.2714844e+01
   4.3106110e+06   3.5644531e+01
   4.3106450e+06   1.4483643e+02
   4.3106580e+06   3.6682129e+01
   4.3106930e+06   5.3039551e+01
   4.3107330e+06   4.3701172e+01
   4.3107460e+06   6.3049316e+01
   4.3107780e+06   4.2114258e+01
   4.3107930e+06   5.0170898e+01
   4.3108030e+06   1.0205078e+02
   4.3108240e+06   3.4362793e+01
   4.3108800e+06   3.2897949e+01
   4.3109110e+06   1.0363770e+02
   4.3109280e+06   4.3701172e+01
   4.3109910e+06   1.0034180e+02
   4.3110930e+06   7.6232910e+01
   4.3112350e+06   3.5888672e+01
   4.3113220e+06   7.4768066e+01
   4.3118300e+06   7.4279785e+01
   4.3124050e+06   7.1655273e+01
   4.3540650e+06   3.4973145e+01
   4.3544330e+06   3.8024902e+01
   4.3549020e+06   4.1687012e+01
   4.3552980e+06   3.3874512e+01
   4.3553190e+06   5.2551270e+01
   4.3560280e+06   8.5510254e+01
   4.4021580e+06   3.9855957e+01
   4.4023840e+06   3.8635254e+01
   4.5100730e+06   3.3630371e+01
   4.5141230e+06   4.2297363e+01
   4.5144410e+06   3.6132812e+01
   4.5304950e+06   7.2387695e+01
   4.5305690e+06   6.2316895e+01
   4.5305800e+06   1.2750244e+02
   4.5306030e+06   1.2500000e+02
   4.5306380e+06   5.5297852e+01
   4.5307000e+06   7.1777344e+01
   4.5307190e+06   7.6049805e+01
   4.5307290e+06   3.6865234e+01
   4.5307650e+06   3.5278320e+01
   4.5308210e+06   3.4301758e+01
   4.5308500e+06   4.9133301e+01
   4.5310640e+06   3.2775879e+01
   4.5311030e+06   3.4484863e+01
   4.5312180e+06   3.8940430e+01
   4.5315370e+06   3.4362793e+01
   4.5317070e+06   3.7414551e+01
   4.5318130e+06   3.5522461e+01
   4.5320050e+06   3.8330078e+01
   4.5320940e+06   4.2602539e+01
   4.5322930e+06   5.1269531e+01
   4.5326050e+06   4.3151855e+01
   4.5577060e+06   1.3830566e+02
   4.5577160e+06   3.2836914e+01
   4.5642870e+06   3.8879395e+01
   4.5649850e+06   6.7077637e+01
   4.5650850e+06   6.3720703e+01
   4.5651250e+06   1.1926270e+02
   4.5651360e+06   9.1613770e+01
   4.5651690e+06   7.0983887e+01
   4.5652540e+06   3.7963867e+01
   4.5652640e+06   9.3322754e+01
   4.5652850e+06   6.1401367e+01
   4.5653510e+06   3.9978027e+01
   4.5654140e+06   5.0720215e+01
   4.5654330e+06   8.2519531e+01
   4.5655360e+06   3.5400391e+01
   4.5655930e+06   3.8635254e+01
   4.5656300e+06   6.2988281e+01
   4.5656590e+06   3.5644531e+01
   4.5657010e+06   3.3081055e+01
   4.5658540e+06   4.9011230e+01
   4.5660120e+06   4.3151855e+01
   4.5662700e+06   3.6071777e+01
   4.5663480e+06   3.5766602e+01
   4.5664800e+06   3.7292480e+01
   4.5665840e+06   3.2958984e+01
   4.5666910e+06   3.6987305e+01
   4.5668410e+06   6.4331055e+01
   4.5669790e+06   4.5654297e+01
   4.5672980e+06   4.3884277e+01
   4.5676020e+06   5.5969238e+01
   4.7461840e+06   4.5471191e+01
   4.7462440e+06   4.7119141e+01
   4.7462760e+06   3.7231445e+01
   4.7463050e+06   7.6232910e+01
   4.7463300e+06   7.5439453e+01
   4.7463470e+06   3.4606934e+01
   4.7463720e+06   4.0344238e+01
   4.7463820e+06   4.5349121e+01
   4.7463950e+06   4.7729492e+01
   4.7464280e+06   4.1076660e+01
   4.7464540e+06   8.2153320e+01
   4.7464720e+06   8.1604004e+01
   4.7465010e+06   3.7902832e+01
   4.7465490e+06   4.6997070e+01
   4.7465980e+06   3.6010742e+01
   4.7466230e+06   8.6914062e+01
   4.7467000e+06   3.3203125e+01
   4.7467110e+06   3.3081055e+01
   4.7467710e+06   4.2663574e+01
   4.7467960e+06   1.1181641e+02
   4.7469350e+06   4.4311523e+01
   4.7469950e+06   7.7087402e+01
   4.7472970e+06   7.2265625e+01
   4.7478530e+06   7.7331543e+01
   4.7483900e+06   6.3354492e+01
   4.7498280e+06   6.9580078e+01
   4.7958650e+06   3.6499023e+01
   4.7965750e+06   3.4301758e+01
   4.7969720e+06   3.6865234e+01
   4.7970430e+06   3.3508301e+01
   4.7970690e+06   3.9367676e+01
   4.7971290e+06   3.3203125e+01
   4.7971430e+06   7.9162598e+01
   4.7971570e+06   7.2937012e+01
   4.7972080e+06   1.4282227e+02
   4.7972350e+06   4.4067383e+01
   4.7972450e+06   5.5175781e+01
   4.7972870e+06   8.5571289e+01
   4.7973140e+06   5.5175781e+01
   4.7973270e+06   6.3598633e+01
   4.7973530e+06   4.2907715e+01
   4.7974110e+06   6.0119629e+01
   4.7974590e+06   1.1676025e+02
   4.7975280e+06   3.9306641e+01
   4.7976250e+06   3.3020020e+01
   4.7976550e+06   8.6425781e+01
   4.7977730e+06   8.1787109e+01
   4.7978840e+06   4.3090820e+01
   4.7979040e+06   7.8063965e+01
   4.7980880e+06   4.8522949e+01
   4.7981910e+06   8.1176758e+01
   4.7982310e+06   4.3579102e+01
   4.7986960e+06   6.4697266e+01
   4.8110550e+06   3.8818359e+01
   4.8233410e+06   3.2592773e+01
   4.8474810e+06   4.8278809e+01
   4.9048970e+06   3.2958984e+01
   4.9049200e+06   3.2836914e+01
   4.9049410e+06   3.6926270e+01
   4.9049760e+06   4.4311523e+01
   4.9050020e+06   6.8481445e+01
   4.9050310e+06   6.5124512e+01
   4.9050460e+06   3.8574219e+01
   4.9050780e+06   1.1663818e+02
   4.9050980e+06   3.7353516e+01
   4.9051210e+06   4.1687012e+01
   4.9051660e+06   3.4118652e+01
   4.9051760e+06   9.5703125e+01
   4.9051910e+06   5.6945801e+01
   4.9052440e+06   6.1828613e+01
   4.9052950e+06   3.4912109e+01
   4.9053150e+06   3.4729004e+01
   4.9053380e+06   1.1431885e+02
   4.9054930e+06   5.2490234e+01
   4.9055140e+06   7.0068359e+01
   4.9055260e+06   6.8847656e+01
   4.9057010e+06   8.0505371e+01
   4.9059930e+06   7.5317383e+01
   4.9064520e+06   6.5856934e+01
   4.9070410e+06   6.9274902e+01
   4.9499320e+06   3.9733887e+01
   4.9831240e+06   3.5461426e+01
   4.9979720e+06   4.2419434e+01
   4.9980500e+06   5.0354004e+01
   4.9980780e+06   5.8898926e+01
   4.9980970e+06   4.3701172e+01
   4.9981270e+06   3.8818359e+01
   4.9981700e+06   3.3691406e+01
   4.9981850e+06   3.4057617e+01
   4.9982180e+06   3.8024902e+01
   4.9982300e+06   3.2531738e+01
   4.9982590e+06   8.1787109e+01
   4.9982900e+06   1.4630127e+02
   4.9983110e+06   3.3935547e+01
   4.9983470e+06   3.5888672e+01
   4.9984220e+06   1.0021973e+02
   4.9984350e+06   6.1706543e+01
   4.9985550e+06   4.2480469e+01
   4.9986170e+06   7.3547363e+01
   4.9986270e+06   4.3212891e+01
   4.9988660e+06   4.7729492e+01
   4.9990110e+06   7.3547363e+01
   4.9996410e+06   8.2641602e+01
   5.0003760e+06   6.8908691e+01
   5.0117730e+06   3.5827637e+01
   5.0420910e+06   3.8940430e+01
   5.0422040e+06   5.0537109e+01
   5.0422420e+06   6.8969727e+01
   5.0422670e+06   3.5339355e+01
   5.0423110e+06   6.2255859e+01
   5.0423310e+06   3.9550781e+01
   5.0423590e+06   1.1151123e+02
   5.0423810e+06   4.4921875e+01
   5.0423990e+06   3.8085938e+01
   5.0424580e+06   1.2280273e+02
   5.0424930e+06   1.0443115e+02
   5.0425280e+06   3.5766602e+01
   5.0425510e+06   3.7963867e+01
   5.0425820e+06   3.3996582e+01
   5.0426330e+06   1.1175537e+02
   5.0426530e+06   4.5776367e+01
   5.0426640e+06   4.1809082e+01
   5.0427780e+06   6.6955566e+01
   5.0428400e+06   8.4472656e+01
   5.0428570e+06   7.8308105e+01
   5.0429460e+06   7.1899414e+01
   5.0430980e+06   6.3537598e+01
   5.0436100e+06   7.3181152e+01
   5.0441670e+06   6.3476562e+01
   5.0819090e+06   3.3142090e+01
   5.0820650e+06   3.5644531e+01
   5.0929440e+06   3.3691406e+01
   5.1080500e+06   4.2358398e+01
   5.1196020e+06   3.6499023e+01
   5.1374790e+06   3.4240723e+01
   5.1375050e+06   3.6132812e+01
   5.1376010e+06   8.3923340e+01
   5.1376480e+06   3.2836914e+01
   5.1376700e+06   1.2170410e+02
   5.1376820e+06   3.8269043e+01
   5.1377090e+06   6.1584473e+01
   5.1377310e+06   4.0100098e+01
   5.1377800e+06   7.8002930e+01
   5.1378000e+06   1.0760498e+02
   5.1378210e+06   3.7658691e+01
   5.1378990e+06   5.8715820e+01
   5.1379320e+06   8.0993652e+01
   5.1379700e+06   7.8063965e+01
   5.1380770e+06   3.2836914e+01
   5.1381000e+06   8.4045410e+01
   5.1381490e+06   7.8430176e+01
   5.1381950e+06   3.3508301e+01
   5.1384500e+06   4.9987793e+01
   5.1384660e+06   7.4035645e+01
   5.1398170e+06   6.9519043e+01
   5.1885480e+06   3.6499023e+01
   5.2014630e+06   3.5095215e+01
   5.2711940e+06   5.8044434e+01
   5.2713000e+06   4.8706055e+01
   5.2713150e+06   5.0720215e+01
   5.2713520e+06   7.2753906e+01
   5.2713920e+06   7.2143555e+01
   5.2714140e+06   1.1785889e+02
   5.2714420e+06   4.0344238e+01
   5.2714520e+06   6.8725586e+01
   5.2714980e+06   6.2133789e+01
   5.2715160e+06   9.2163086e+01
   5.2715410e+06   9.4970703e+01
   5.2715510e+06   4.9499512e+01
   5.2715770e+06   5.5908203e+01
   5.2716520e+06   3.5278320e+01
   5.2716760e+06   6.4819336e+01
   5.2717050e+06   7.1289062e+01
   5.2719050e+06   8.2580566e+01
   5.2721810e+06   7.5073242e+01
   5.2752220e+06   7.2021484e+01
   5.3046180e+06   3.3752441e+01
   5.3047060e+06   3.2653809e+01
   5.3047370e+06   4.4860840e+01
   5.3060630e+06   3.2958984e+01
   5.3060760e+06   5.0048828e+01
   5.3487480e+06   4.0222168e+01
   5.5137720e+06   3.4790039e+01
   5.5142600e+06   5.2734375e+01
   5.5143590e+06   1.0394287e+02
   5.5144920e+06   6.4025879e+01
   5.5145230e+06   1.5997314e+02
   5.5145620e+06   3.7780762e+01
   5.5146120e+06   3.3508301e+01
   5.5146780e+06   3.6560059e+01
   5.5146940e+06   1.1395264e+02
   5.5147310e+06   3.6315918e+01
   5.5147570e+06   5.4016113e+01
   5.5147710e+06   4.6569824e+01
   5.5147860e+06   3.8269043e+01
   5.5148600e+06   3.8635254e+01
   5.5148740e+06   8.6853027e+01
   5.5148980e+06   8.0261230e+01
   5.5149130e+06   9.0576172e+01
   5.5150530e+06   5.0720215e+01
   5.5150670e+06   4.1870117e+01
   5.5151860e+06   8.0078125e+01
   5.5156340e+06   3.3508301e+01
   5.5162550e+06   7.3181152e+01
   5.6246060e+06   3.3081055e+01
   5.6246590e+06   3.4790039e+01
   5.6247680e+06   6.7382812e+01
   5.6250520e+06   4.7973633e+01
   5.6252460e+06   7.0129395e+01
   5.6253610e+06   4.8339844e+01
   5.6253750e+06   7.7026367e+01
   5.6253990e+06   1.2615967e+02
   5.6254440e+06   3.6926270e+01
   5.6254870e+06   4.0527344e+01
   5.6255150e+06   3.3813477e+01
   5.6255300e+06   1.0583496e+02
   5.6255500e+06   3.8024902e+01
   5.6256050e+06   3.6193848e+01
   5.6256450e+06   3.6743164e+01
   5.6256860e+06   4.4433594e+01
   5.6257030e+06   5.4565430e+01
   5.6257640e+06   3.9672852e+01
   5.6259140e+06   3.4667969e+01
   5.6260640e+06   4.9194336e+01
   5.6262140e+06   3.5705566e+01
   5.6263050e+06   3.9245605e+01
   5.6265540e+06   3.9001465e+01
   5.6265910e+06   4.6325684e+01
   5.6266070e+06   3.3264160e+01
   5.6266350e+06   4.3640137e+01
   5.6267870e+06   3.5461426e+01
   5.6268780e+06   3.6682129e+01
   5.6270530e+06   4.5715332e+01
   5.6272950e+06   4.2419434e+01
   5.6274300e+06   6.8542480e+01
   5.7304820e+06   3.2714844e+01
   5.7307840e+06   8.0383301e+01
   5.7308580e+06   4.1198730e+01
   5.7308770e+06   9.2834473e+01
   5.7308890e+06   3.6926270e+01
   5.7309030e+06   3.2592773e+01
   5.7309980e+06   4.0344238e+01
   5.7310090e+06   6.6345215e+01
   5.7310330e+06   3.4545898e+01
   5.7310610e+06   4.0161133e+01
   5.7311220e+06   3.8085938e+01
   5.7311640e+06   4.4921875e+01
   5.7311740e+06   3.3996582e+01
   5.7312860e+06   3.5461426e+01
   5.7315810e+06   3.4423828e+01
   5.7316240e+06   3.5583496e+01
   5.7317750e+06   3.8818359e+01
   5.7319750e+06   4.5043945e+01
   5.7321170e+06   4.1198730e+01
   5.7321700e+06   5.2978516e+01
   5.7323330e+06   4.4311523e+01
   5.7326480e+06   4.1931152e+01
   5.7326820e+06   4.8278809e+01
   5.7917080e+06   3.3569336e+01
   5.8175500e+06   3.4118652e+01
   5.8176960e+06   6.4086914e+01
   5.8177220e+06   4.1259766e+01
   5.8177750e+06   6.5612793e+01
   5.8177900e+06   4.9072266e+01
   5.8178430e+06   7.3486328e+01
   5.8178770e+06   1.2805176e+02
   5.8178940e+06   3.4240723e+01
   5.8179690e+06   5.3955078e+01
   5.8179830e+06   4.5104980e+01
   5.8179940e+06   4.5715332e+01
   5.8181170e+06   5.0598145e+01
   5.8181450e+06   4.4799805e+01
   5.8182020e+06   3.3447266e+01
   5.8182500e+06   3.6193848e+01
   5.8182640e+06   5.6945801e+01
   5.8183040e+06   4.3334961e+01
   5.8185010e+06   3.3447266e+01
   5.8186620e+06   3.4301758e+01
   5.8187380e+06   3.3630371e+01
   5.8188680e+06   3.5705566e+01
   5.8189150e+06   3.3386230e+01
   5.8190380e+06   3.4790039e+01
   5.8190740e+06   5.2978516e+01
   5.8194070e+06   4.1870117e+01
   5.8196440e+06   5.6335449e+01
   5.9322830e+06   3.9062500e+01
   5.9326850e+06   5.9387207e+01
   5.9327870e+06   4.1076660e+01
   5.9328040e+06   4.3823242e+01
   5.9328240e+06   6.8298340e+01
   5.9328640e+06   7.8857422e+01
   5.9328770e+06   4.1625977e+01
   5.9328980e+06   3.5888672e+01
   5.9329380e+06   5.9326172e+01
   5.9329770e+06   4.3212891e+01
   5.9329990e+06   4.7973633e+01
   5.9330770e+06   4.8095703e+01
   5.9330980e+06   6.0729980e+01
   5.9331080e+06   4.5898438e+01
   5.9331560e+06   3.9428711e+01
   5.9332090e+06   3.8879395e+01
   5.9333630e+06   3.4545898e+01
   5.9334530e+06   3.8269043e+01
   5.9335870e+06   3.9245605e+01
   5.9337750e+06   3.5583496e+01
   5.9341130e+06   4.2907715e+01
   5.9342810e+06   4.4128418e+01
   5.9343540e+06   5.0659180e+01
   5.9345160e+06   3.8452148e+01
   5.9348140e+06   3.3874512e+01
   6.0736710e+06   3.4606934e+01
   6.0966960e+06   3.4423828e+01
   6.1196220e+06   3.5156250e+01
   6.1524560e+06   3.3142090e+01
   6.1525120e+06   3.5095215e+01
   6.1525240e+06   3.2958984e+01
   6.1525570e+06   7.3974609e+01
   6.1525710e+06   4.1076660e+01
   6.1526110e+06   5.6152344e+01
   6.1526330e+06   1.2036133e+02
   6.1526710e+06   4.5776367e+01
   6.1526950e+06   4.3762207e+01
   6.1527320e+06   7.7758789e+01
   6.1527490e+06   7.1289062e+01
   6.1527610e+06   3.3569336e+01
   6.1528260e+06   3.2958984e+01
   6.1528710e+06   3.4118652e+01
   6.1529050e+06   8.0871582e+01
   6.1531350e+06   9.4360352e+01
   6.1535350e+06   7.6660156e+01
   6.1540120e+06   8.0261230e+01
   6.3466780e+06   4.4433594e+01
   6.3466910e+06   3.3447266e+01
   6.3467830e+06   3.7475586e+01
   6.3467970e+06   3.7658691e+01
   6.3468400e+06   7.6416016e+01
   6.3468580e+06   4.3151855e+01
   6.3468910e+06   4.4555664e+01
   6.3469490e+06   3.8024902e+01
   6.3469660e+06   8.5388184e+01
   6.3469770e+06   4.3762207e+01
   6.3470510e+06   4.8156738e+01
   6.3470670e+06   4.9865723e+01
   6.3471130e+06   5.6945801e+01
   6.3471600e+06   7.0861816e+01
   6.3472720e+06   3.9550781e+01
   6.3473910e+06   7.5622559e+01
   6.3484040e+06   8.1481934e+01
   6.9228790e+06   4.1992188e+01
   6.9229950e+06   6.0363770e+01
   6.9230140e+06   3.4057617e+01
   6.9230310e+06   5.3100586e+01
   6.9230510e+06   3.9672852e+01
   6.9230830e+06   4.0100098e+01
   6.9231050e+06   3.3325195e+01
   6.9231520e+06   1.0668945e+02
   6.9231710e+06   8.2519531e+01
   6.9232040e+06   1.0943604e+02
   6.9232470e+06   3.9001465e+01
   6.9232850e+06   6.6955566e+01
   6.9233240e+06   5.3405762e+01
   6.9233790e+06   3.5339355e+01
   6.9234610e+06   4.4250488e+01
   6.9237020e+06   7.7636719e+01
   6.9242110e+06   7.7941895e+01
   6.9247930e+06   7.1533203e+01
   6.9382040e+06   4.0039062e+01
   6.9384610e+06   3.3752441e+01
   6.9385260e+06   4.2358398e+01
   6.9386110e+06   4.6386719e+01
   6.9386210e+06   3.3386230e+01
   6.9386440e+06   3.4484863e+01
   6.9386610e+06   3.4729004e+01
   6.9387140e+06   4.0649414e+01
   6.9387530e+06   4.0283203e+01
   6.9387760e+06   3.4362793e+01
   6.9387970e+06   8.3801270e+01
   6.9388910e+06   3.3264160e+01
   6.9389350e+06   4.1137695e+01
   6.9389890e+06   7.1105957e+01
   6.9392500e+06   3.5583496e+01
   6.9393730e+06   8.2641602e+01
   6.9398650e+06   7.2937012e+01
   6.9406010e+06   6.8603516e+01
   7.0340930e+06   3.6682129e+01
   7.0341250e+06   3.5034180e+01
   7.0341690e+06   3.4667969e+01
   7.0341890e+06   4.7485352e+01
   7.0342300e+06   4.4250488e+01
   7.0342870e+06   1.1450195e+02
   7.0343010e+06   3.6560059e+01
   7.0343230e+06   3.4423828e+01
   7.0343470e+06   1.0858154e+02
   7.0343710e+06   4.4067383e+01
   7.0344220e+06   8.4228516e+01
   7.0344840e+06   8.6059570e+01
   7.0345030e+06   3.8024902e+01
   7.0345550e+06   3.2958984e+01
   7.0345930e+06   7.1166992e+01
   7.0347880e+06   7.5317383e+01
   7.0351110e+06   8.3740234e+01
   7.0356800e+06   7.2021484e+01
   7.0930730e+06   3.9001465e+01
   7.0930890e+06   3.6804199e+01
   7.0931340e+06   3.3081055e+01
   7.0931570e+06   4.1931152e+01
   7.0932170e+06   3.8208008e+01
   7.0932500e+06   4.2053223e+01
   7.0932650e+06   9.1979980e+01
   7.0932860e+06   3.7719727e+01
   7.0933800e+06   1.7260742e+02
   7.0933910e+06   3.7292480e+01
   7.0934350e+06   4.0100098e+01
   7.0934530e+06   4.2724609e+01
   7.0935180e+06   5.8593750e+01
   7.0936090e+06   7.2448730e+01
   7.0937990e+06   3.3996582e+01
   7.0938480e+06   7.6660156e+01
   7.0951220e+06   7.8979492e+01
   7.0960890e+06   6.8725586e+01
   7.1356210e+06   3.8391113e+01
   7.1356390e+06   3.5766602e+01
   7.1356810e+06   3.7597656e+01
   7.1357420e+06   4.0039062e+01
   7.1357570e+06   3.7658691e+01
   7.1357800e+06   4.0588379e+01
   7.1358070e+06   7.8735352e+01
   7.1358250e+06   5.2551270e+01
   7.1358470e+06   3.4301758e+01
   7.1359190e+06   4.2175293e+01
   7.1359500e+06   4.8156738e+01
   7.1359600e+06   3.5888672e+01
   7.1359760e+06   8.9172363e+01
   7.1360110e+06   3.4667969e+01
   7.1360910e+06   3.9428711e+01
   7.1361500e+06   7.8369141e+01
   7.1361880e+06   3.7292480e+01
   7.1363700e+06   3.8696289e+01
   7.1364630e+06   7.7087402e+01
   7.1367640e+06   8.8012695e+01
   7.1838770e+06   4.5410156e+01
   7.1838940e+06   3.9062500e+01
   7.1839760e+06   4.7973633e+01
   7.1839940e+06   4.0954590e+01
   7.1840620e+06   3.6254883e+01
   7.1841090e+06   3.5705566e+01
   7.1841190e+06   8.5998535e+01
   7.1841650e+06   4.0832520e+01
   7.1842050e+06   4.1748047e+01
   7.1842550e+06   3.6804199e+01
   7.1842810e+06   7.6843262e+01
   7.1843030e+06   3.3935547e+01
   7.1843630e+06   5.1635742e+01
   7.1844770e+06   7.4218750e+01
   7.1844980e+06   4.1870117e+01
   7.1846960e+06   7.2631836e+01
   7.1858670e+06   8.0078125e+01
   7.2244860e+06   3.7536621e+01
   7.2245240e+06   5.9143066e+01
   7.2246060e+06   4.4799805e+01
   7.2246670e+06   3.3569336e+01
   7.2246900e+06   3.6376953e+01
   7.2247180e+06   6.2805176e+01
   7.2247290e+06   3.6071777e+01
   7.2247670e+06   8.9538574e+01
   7.2248790e+06   3.4362793e+01
   7.2249290e+06   4.6142578e+01
   7.2250060e+06   8.0444336e+01
   7.2252560e+06   7.1044922e+01
   7.2586160e+06   3.3386230e+01
   7.2587040e+06   3.5522461e+01
   7.2587830e+06   3.5766602e+01
   7.2590350e+06   3.6010742e+01
   7.2590540e+06   3.8208008e+01
   7.2591990e+06   3.8024902e+01
   7.2593340e+06   3.6865234e+01
   7.2594400e+06   3.7475586e+01
   7.2599590e+06   3.2897949e+01
   7.2606000e+06   3.4118652e+01
   7.2608040e+06   4.1870117e+01
   7.2608340e+06   7.3181152e+01
   7.3118720e+06   5.2612305e+01
   7.3119010e+06   3.4545898e+01
   7.3119680e+06   3.3386230e+01
   7.3123320e+06   3.5705566e+01
   7.3126410e+06   8.3374023e+01
   7.3127090e+06   3.9184570e+01
   7.3128400e+06   3.6621094e+01
   7.3131820e+06   3.4545898e+01
   7.3133740e+06   3.5766602e+01
   7.3615350e+06   3.2958984e+01
   7.3616360e+06   5.8654785e+01
   7.3616880e+06   3.3569336e+01
   7.3617130e+06   4.7668457e+01
   7.3618400e+06   4.0832520e+01
   7.3622480e+06   4.0405273e+01
   7.3623010e+06   7.7514648e+01
   7.3693510e+06   3.5583496e+01
   7.3727320e+06   3.4606934e+01
   7.3736590e+06   3.6560059e+01
   7.4338950e+06   3.3508301e+01
   7.4339910e+06   3.8940430e+01
   7.4340160e+06   5.7617188e+01
   7.4342680e+06   3.7414551e+01
   7.4343510e+06   3.5095215e+01
   7.5155050e+06   5.0598145e+01
   7.5157990e+06   6.2377930e+01
   7.5159150e+06   3.5644531e+01
   7.5159620e+06   5.5541992e+01
   7.5162220e+06   3.5522461e+01
   7.5162920e+06   5.8288574e+01
   7.5537290e+06   3.7963867e+01
   7.5539300e+06   3.8696289e+01
   7.5541060e+06   3.3508301e+01
   7.5552470e+06   7.6538086e+01
   7.6043840e+06   3.3142090e+01
   7.8106100e+06   3.4423828e+01
   7.8106690e+06   3.3508301e+01
   7.8107000e+06   3.7780762e+01
   7.8107670e+06   3.7231445e+01
   7.8107840e+06   7.7453613e+01
   7.8108060e+06   3.8513184e+01
   7.8108250e+06   3.6010742e+01
   7.8108460e+06   1.1254883e+02
   7.8108580e+06   6.2988281e+01
   7.8108960e+06   4.4189453e+01
   7.8109100e+06   3.5278320e+01
   7.8109300e+06   3.6315918e+01
   7.8109540e+06   1.3134766e+02
   7.8109750e+06   3.8879395e+01
   7.8110340e+06   4.7058105e+01
   7.8110600e+06   5.3833008e+01
   7.8110810e+06   4.7607422e+01
   7.8111300e+06   8.1604004e+01
   7.8113380e+06   7.6904297e+01
   7.8126580e+06   8.0993652e+01
   7.8886170e+06   3.9001465e+01
   7.8892810e+06   3.3020020e+01
   7.8894130e+06   3.4912109e+01
   7.8894610e+06   3.2897949e+01
   7.8895270e+06   4.3029785e+01
   7.8895540e+06   3.9428711e+01
   7.8895970e+06   4.1137695e+01
   7.8896080e+06   8.0688477e+01
   7.8896270e+06   4.9560547e+01
   7.8896670e+06   3.6071777e+01
   7.8896980e+06   4.2419434e+01
   7.8897290e+06   5.5541992e+01
   7.8898350e+06   6.3232422e+01
   7.8898840e+06   3.6682129e+01
   7.8899160e+06   5.2185059e+01
   7.8899690e+06   3.9001465e+01
   7.8900580e+06   8.0688477e+01
   7.9247960e+06   3.3752441e+01
   7.9471540e+06   3.7231445e+01
   7.9471900e+06   6.0668945e+01
   7.9472750e+06   3.6254883e+01
   7.9472900e+06   8.0017090e+01
   7.9474710e+06   3.4851074e+01
   7.9476020e+06   3.9001465e+01
   7.9477050e+06   3.7231445e+01
   7.9477220e+06   9.5031738e+01
   7.9478070e+06   3.6865234e+01
   7.9479030e+06   1.2402344e+02
   7.9479220e+06   4.0588379e+01
   7.9479380e+06   6.0302734e+01
   7.9479890e+06   7.8063965e+01
   7.9480430e+06   3.8024902e+01
   7.9483250e+06   9.5764160e+01
   8.0614370e+06   3.5522461e+01
   8.0619280e+06   7.6354980e+01
   8.0619540e+06   7.2631836e+01
   8.0621260e+06   5.5969238e+01
   8.0621570e+06   6.7932129e+01
   8.0621990e+06   1.1816406e+02
   8.0622100e+06   3.7170410e+01
   8.0622270e+06   9.5336914e+01
   8.0623020e+06   8.5205078e+01
   8.0623420e+06   3.8269043e+01
   8.0624310e+06   3.3081055e+01
   8.0624440e+06   4.2724609e+01
   8.0624680e+06   3.5644531e+01
   8.0624940e+06   3.6071777e+01
   8.0625560e+06   4.4616699e+01
   8.0626730e+06   4.8828125e+01
   8.0628040e+06   3.3081055e+01
   8.0629280e+06   3.4606934e+01
   8.0629670e+06   3.6010742e+01
   8.0630270e+06   3.3386230e+01
   8.0631310e+06   3.7597656e+01
   8.0634890e+06   4.1137695e+01
   8.0635410e+06   5.0231934e+01
   8.0635700e+06   3.4729004e+01
   8.0637390e+06   4.1564941e+01
   8.0637790e+06   4.4128418e+01
   8.0639860e+06   4.1198730e+01
   8.2505060e+06   3.3508301e+01
   8.3015460e+06   3.3081055e+01
   8.3035710e+06   4.6020508e+01
   8.3036140e+06   6.2805176e+01
   8.3036710e+06   4.9682617e+01
   8.3037160e+06   4.4494629e+01
   8.3037260e+06   9.8144531e+01
   8.3037610e+06   6.8054199e+01
   8.3038200e+06   5.7006836e+01
   8.3038410e+06   3.3874512e+01
   8.3039110e+06   5.0292969e+01
   8.3039220e+06   3.2897949e+01
   8.3039980e+06   4.3395996e+01
   8.3041160e+06   4.0832520e+01
   8.3042000e+06   3.3325195e+01
   8.3043300e+06   3.9611816e+01
   8.3045990e+06   3.3691406e+01
   8.3052860e+06   5.1452637e+01
   8.3862290e+06   3.7353516e+01
   8.3864230e+06   3.6193848e+01
   8.3865090e+06   7.7453613e+01
   8.3865210e+06   3.3630371e+01
   8.3865650e+06   3.9733887e+01
   8.3865890e+06   1.1236572e+02
   8.3866030e+06   5.6457520e+01
   8.3866470e+06   7.2875977e+01
   8.3866690e+06   6.8176270e+01
   8.3866930e+06   4.2785645e+01
   8.3867260e+06   7.3730469e+01
   8.3867900e+06   3.2897949e+01
   8.3868440e+06   8.1054688e+01
   8.3868700e+06   4.2541504e+01
   8.3870180e+06   8.0810547e+01
   8.3871030e+06   4.4982910e+01
   8.3871200e+06   3.4851074e+01
   8.3875150e+06   8.2519531e+01
   8.3884730e+06   7.7026367e+01
   8.4652620e+06   3.6743164e+01
   8.4658030e+06   3.8940430e+01
   8.4658510e+06   5.7434082e+01
   8.4659270e+06   6.4819336e+01
   8.4659960e+06   5.2795410e+01
   8.4660280e+06   4.8339844e+01
   8.4660640e+06   9.4665527e+01
   8.4661280e+06   7.0495605e+01
   8.4661810e+06   4.7973633e+01
   8.4662580e+06   3.9001465e+01
   8.4663070e+06   4.0405273e+01
   8.4663760e+06   3.8146973e+01
   8.4664930e+06   4.1137695e+01
   8.4665770e+06   3.6621094e+01
   8.4666650e+06   3.4362793e+01
   8.4668880e+06   3.7841797e+01
   8.4669530e+06   3.6499023e+01
   8.4672270e+06   3.6315918e+01
   8.4673160e+06   3.4667969e+01
   8.4674260e+06   3.6804199e+01
   8.4676620e+06   3.6926270e+01
   8.4678560e+06   6.5734863e+01
   8.5701150e+06   3.6743164e+01
   8.5701590e+06   6.7993164e+01
   8.5702010e+06   5.0354004e+01
   8.5702210e+06   3.3691406e+01
   8.5702420e+06   4.3579102e+01
   8.5702670e+06   5.2490234e+01
   8.5702920e+06   4.0039062e+01
   8.5703390e+06   7.4340820e+01
   8.5703520e+06   3.9794922e+01
   8.5703870e+06   5.7617188e+01
   8.5704110e+06   3.4301758e+01
   8.5704440e+06   6.4819336e+01
   8.5705370e+06   9.2285156e+01
   8.5706850e+06   5.8654785e+01
   8.5707500e+06   7.9223633e+01
   8.5717110e+06   6.8359375e+01
   8.6266780e+06   3.8024902e+01
   8.6268330e+06   4.0222168e+01
   8.6268740e+06   3.8269043e+01
   8.6268880e+06   3.5156250e+01
   8.6269350e+06   3.4423828e+01
   8.6269670e+06   3.6865234e+01
   8.6269960e+06   6.8908691e+01
   8.6270150e+06   3.3020020e+01
   8.6270540e+06   4.4677734e+01
   8.6270860e+06   5.4138184e+01
   8.6271000e+06   5.3100586e+01
   8.6271280e+06   7.3547363e+01
   8.6271400e+06   3.6804199e+01
   8.6271610e+06   3.3325195e+01
   8.6272190e+06   5.7495117e+01
   8.6272350e+06   4.2968750e+01
   8.6273150e+06   8.3801270e+01
   8.6274750e+06   5.6457520e+01
   8.6274890e+06   4.1992188e+01
   8.6275450e+06   8.7280273e+01
   8.6288560e+06   8.4472656e+01
   8.6755980e+06   4.4311523e+01
   8.6757110e+06   3.4912109e+01
   8.6758000e+06   3.3203125e+01
   8.6758210e+06   7.3364258e+01
   8.6758570e+06   5.3039551e+01
   8.6758730e+06   6.0241699e+01
   8.6758960e+06   3.5705566e+01
   8.6759580e+06   1.1865234e+02
   8.6759860e+06   7.0495605e+01
   8.6760160e+06   5.8471680e+01
   8.6760340e+06   3.3264160e+01
   8.6760440e+06   3.3996582e+01
   8.6760570e+06   3.3691406e+01
   8.6760890e+06   8.6608887e+01
   8.6761140e+06   3.5583496e+01
   8.6762270e+06   8.2214355e+01
   8.6762740e+06   3.4545898e+01
   8.6763030e+06   4.4494629e+01
   8.6764780e+06   7.5927734e+01
   8.7213240e+06   3.3142090e+01
   8.7214740e+06   3.4790039e+01
   8.7218850e+06   3.5522461e+01
   8.7219990e+06   4.7851562e+01
   8.7222360e+06   6.0913086e+01
   8.7223480e+06   6.1828613e+01
   8.7224860e+06   5.6457520e+01
   8.7225050e+06   7.9406738e+01
   8.7225430e+06   6.0668945e+01
   8.7225950e+06   1.1810303e+02
   8.7226360e+06   4.2358398e+01
   8.7226580e+06   5.3894043e+01
   8.7227700e+06   5.0476074e+01
   8.7229210e+06   4.9865723e+01
   8.7783040e+06   4.9377441e+01
   8.7784020e+06   3.7780762e+01
   8.8133900e+06   3.3264160e+01
   8.8135260e+06   3.5400391e+01
   8.8139600e+06   3.6010742e+01
   8.8141030e+06   3.5400391e+01
   8.8141250e+06   3.3569336e+01
   8.8641270e+06   3.7963867e+01
   8.8642720e+06   3.3752441e+01
   8.8644130e+06   3.9306641e+01
   8.8647480e+06   4.2602539e+01
   8.8653780e+06   3.6926270e+01
   8.8660300e+06   4.0405273e+01
   9.0975020e+06   3.2592773e+01
   9.0975200e+06   4.6508789e+01
   9.0975770e+06   3.3996582e+01
   9.0976110e+06   4.8706055e+01
   9.0976790e+06   3.8085938e+01
   9.0976950e+06   9.3872070e+01
   9.0977280e+06   1.2261963e+02
   9.0977390e+06   3.6743164e+01
   9.0977790e+06   6.3293457e+01
   9.0978080e+06   3.5461426e+01
   9.0978370e+06   7.9528809e+01
   9.0978560e+06   6.2255859e+01
   9.0978790e+06   8.6975098e+01
   9.0979970e+06   8.5510254e+01
   9.0980900e+06   3.2775879e+01
   9.0982200e+06   7.8247070e+01
   9.0994760e+06   8.1359863e+01
   9.1236620e+06   4.0161133e+01
   9.1240270e+06   3.4118652e+01
   9.1241820e+06   3.3264160e+01
   9.1242830e+06   6.7687988e+01
   9.1246130e+06   4.1870117e+01
   9.1246870e+06   3.2775879e+01
   9.1248300e+06   4.0710449e+01
   9.1249290e+06   7.5073242e+01
   9.1250020e+06   3.5461426e+01
   9.1250650e+06   5.3405762e+01
   9.1253990e+06   3.6499023e+01
   9.1920900e+06   5.1452637e+01
   9.1931810e+06   4.2419434e+01
   9.1932320e+06   3.9001465e+01
   9.1932650e+06   4.1870117e+01
   9.1933600e+06   4.5593262e+01
   9.1934160e+06   4.9377441e+01
   9.1934400e+06   7.0007324e+01
   9.1934900e+06   1.1267090e+02
   9.1935190e+06   4.1564941e+01
   9.1935510e+06   6.2011719e+01
   9.1935700e+06   1.1480713e+02
   9.1935860e+06   3.2653809e+01
   9.1936520e+06   3.7231445e+01
   9.1937590e+06   7.6782227e+01
   9.1939960e+06   7.4462891e+01
   9.1946150e+06   8.8867188e+01
   9.2787270e+06   3.3935547e+01
   9.2788740e+06   3.8818359e+01
   9.2789220e+06   4.4006348e+01
   9.2790010e+06   4.1748047e+01
   9.2790380e+06   4.2785645e+01
   9.2790610e+06   7.0922852e+01
   9.2790730e+06   3.2653809e+01
   9.2791040e+06   6.3964844e+01
   9.2791140e+06   1.0833740e+02
   9.2791520e+06   3.7109375e+01
   9.2791760e+06   9.0637207e+01
   9.2792420e+06   3.3813477e+01
   9.2793420e+06   3.3325195e+01
   9.2793620e+06   5.8288574e+01
   9.2795110e+06   3.5644531e+01
   9.2796250e+06   8.4594727e+01
   9.3426630e+06   3.3020020e+01
   9.3427010e+06   3.6987305e+01
   9.3427410e+06   4.9621582e+01
   9.3429220e+06   3.3569336e+01
   9.3432340e+06   4.7607422e+01
   9.3440110e+06   3.6071777e+01
   9.4064190e+06   3.6254883e+01
   9.4064840e+06   3.3081055e+01
   9.4067160e+06   3.2653809e+01
   9.4070590e+06   3.7231445e+01
   9.4078070e+06   4.0283203e+01
   9.4078430e+06   3.6560059e+01
   9.4080260e+06   3.8146973e+01
   9.4085860e+06   3.3203125e+01
   9.4087550e+06   3.2958984e+01
   9.6317290e+06   3.5400391e+01
   9.6317830e+06   3.7902832e+01
   9.6317980e+06   3.9306641e+01
   9.6318260e+06   7.6599121e+01
   9.6318520e+06   1.0357666e+02
   9.6318810e+06   4.2541504e+01
   9.6319200e+06   3.7231445e+01
   9.6319480e+06   7.5378418e+01
   9.6319610e+06   6.0546875e+01
   9.6319850e+06   9.2102051e+01
   9.6320100e+06   4.2663574e+01
   9.6320410e+06   5.9631348e+01
   9.6320800e+06   3.6193848e+01
   9.6321480e+06   7.6904297e+01
   9.6321710e+06   3.2714844e+01
   9.6323690e+06   8.6608887e+01
   9.6327620e+06   8.4594727e+01
   9.6655370e+06   3.2897949e+01
   9.6659800e+06   3.3935547e+01
   9.6661740e+06   4.0405273e+01
   9.6662010e+06   4.8461914e+01
   9.6667070e+06   4.1198730e+01
   9.6667650e+06   3.7414551e+01
   9.6669160e+06   3.5095215e+01
   9.6669630e+06   7.6171875e+01
   9.6673500e+06   8.2519531e+01
   9.7224390e+06   4.9743652e+01
   9.7227440e+06   4.1198730e+01
   9.8038560e+06   3.3447266e+01
   9.8038660e+06   4.9804688e+01
   9.8039370e+06   3.4790039e+01
   9.8040000e+06   5.0903320e+01
   9.8040110e+06   7.1716309e+01
   9.8040900e+06   5.4199219e+01
   9.8041020e+06   3.7902832e+01
   9.8041210e+06   6.0119629e+01
   9.8041980e+06   7.7514648e+01
   9.8042350e+06   5.4992676e+01
   9.8043120e+06   3.2592773e+01
   9.8043760e+06   7.7026367e+01
   9.8064170e+06   8.2519531e+01
   9.8719780e+06   3.2958984e+01
   9.9268240e+06   3.3386230e+01
   9.9269320e+06   3.7414551e+01
   9.9271960e+06   3.2775879e+01
   9.9280210e+06   8.4777832e+01
   9.9282050e+06   3.3020020e+01
   9.9285860e+06   3.6254883e+01
   1.0092646e+07   3.6376953e+01
   1.0092738e+07   3.5583496e+01
   1.0092787e+07   3.5827637e+01
   1.0092829e+07   3.2653809e+01
   1.0092844e+07   4.1442871e+01
   1.0092905e+07   6.4208984e+01
   1.0092915e+07   9.2407227e+01
   1.0092936e+07   4.2907715e+01
   1.0092967e+07   3.7475586e+01
   1.0093000e+07   7.3852539e+01
   1.0093062e+07   3.6193848e+01
   1.0093095e+07   6.5429688e+01
   1.0093146e+07   3.9489746e+01
   1.0093178e+07   8.7646484e+01
   1.0093402e+07   8.2214355e+01
   1.0094234e+07   8.1054688e+01
   1.0129433e+07   3.8940430e+01
   1.0129974e+07   3.4545898e+01
   1.0130029e+07   3.3813477e+01
   1.0130540e+07   3.5827637e+01
   1.0130577e+07   3.4851074e+01
   1.0131074e+07   3.3630371e+01
   1.0131380e+07   4.1564941e+01
   1.0131429e+07   3.6743164e+01
   1.0330414e+07   5.5480957e+01
   1.0338380e+07   3.7658691e+01
   1.0338934e+07   3.3264160e+01
   1.0339135e+07   7.6904297e+01
   1.0339286e+07   3.6376953e+01
   1.0339332e+07   3.2836914e+01
   1.0339375e+07   4.3090820e+01
   1.0339410e+07   3.6071777e+01
   1.0339433e+07   3.8024902e+01
   1.0339451e+07   4.3457031e+01
   1.0339488e+07   4.1320801e+01
   1.0339503e+07   8.5937500e+01
   1.0339515e+07   8.1420898e+01
   1.0339536e+07   4.4555664e+01
   1.0339613e+07   6.7199707e+01
   1.0339661e+07   4.9926758e+01
   1.0339685e+07   7.8674316e+01
   1.0339768e+07   3.3935547e+01
   1.0339894e+07   7.8552246e+01
   1.0346292e+07   3.4057617e+01
   1.0372155e+07   3.3935547e+01
   1.0437137e+07   3.4301758e+01
   1.0437291e+07   3.5156250e+01
   1.0437320e+07   3.3325195e+01
   1.0437544e+07   3.3813477e+01
   1.0437564e+07   3.7048340e+01
   1.0437623e+07   5.7922363e+01
   1.0437664e+07   3.6804199e+01
   1.0437707e+07   3.6254883e+01
   1.0437721e+07   1.2567139e+02
   1.0437743e+07   6.8847656e+01
   1.0437799e+07   3.7597656e+01
   1.0437864e+07   4.2114258e+01
   1.0437925e+07   8.3557129e+01
   1.0438034e+07   4.1320801e+01
   1.0438187e+07   7.2326660e+01
   1.0502249e+07   3.2592773e+01
   1.0503152e+07   3.3264160e+01
   1.0506397e+07   4.1870117e+01
   1.0507243e+07   3.5095215e+01
   1.0507648e+07   3.3386230e+01
   1.0508006e+07   3.7719727e+01
   1.0778934e+07   3.2714844e+01
   1.0778976e+07   3.7963867e+01
   1.0779024e+07   3.8024902e+01
   1.0779061e+07   4.2602539e+01
   1.0779076e+07   4.1870117e+01
   1.0779120e+07   8.2824707e+01
   1.0779137e+07   3.3569336e+01
   1.0779160e+07   8.8623047e+01
   1.0779173e+07   4.1625977e+01
   1.0779195e+07   3.3996582e+01
   1.0779236e+07   4.6142578e+01
   1.0779258e+07   7.5866699e+01
   1.0779303e+07   9.7473145e+01
   1.0779332e+07   4.2846680e+01
   1.0779383e+07   5.1208496e+01
   1.0779413e+07   6.5368652e+01
   1.0779565e+07   3.9001465e+01
   1.0779620e+07   8.0932617e+01
   1.0780005e+07   7.4096680e+01
   1.0879421e+07   3.2897949e+01
   1.0898831e+07   3.5095215e+01
   1.1024609e+07   3.2592773e+01
   1.1140080e+07   3.9672852e+01
   1.1141094e+07   3.6376953e+01
   1.1141165e+07   4.0283203e+01
   1.1141223e+07   4.4372559e+01
   1.1141263e+07   3.2653809e+01
   1.1141309e+07   6.5917969e+01
   1.1141363e+07   4.0039062e+01
   1.1141385e+07   1.3299561e+02
   1.1141434e+07   5.3833008e+01
   1.1141451e+07   6.5063477e+01
   1.1141497e+07   3.6071777e+01
   1.1141521e+07   5.4199219e+01
   1.1141553e+07   8.6486816e+01
   1.1141584e+07   7.9284668e+01
   1.1141791e+07   8.0627441e+01
   1.1142624e+07   3.3325195e+01
   1.1189434e+07   3.4301758e+01
   1.1250945e+07   3.5156250e+01
   1.1251005e+07   3.7231445e+01
   1.1251016e+07   3.5949707e+01
   1.1251040e+07   6.7687988e+01
   1.1251140e+07   6.8847656e+01
   1.1251152e+07   1.3323975e+02
   1.1251187e+07   3.5217285e+01
   1.1251221e+07   3.2714844e+01
   1.1251240e+07   8.1726074e+01
   1.1251282e+07   6.0791016e+01
   1.1251299e+07   4.2480469e+01
   1.1251369e+07   3.3874512e+01
   1.1251424e+07   8.7890625e+01
   1.1251521e+07   3.9855957e+01
   1.1251618e+07   7.4707031e+01
   1.1290127e+07   3.7048340e+01
   1.1290471e+07   3.8330078e+01
   1.1290483e+07   4.2785645e+01
   1.1290784e+07   3.5644531e+01
   1.1291322e+07   3.7109375e+01
   1.1292022e+07   3.5339355e+01
   1.1293582e+07   3.5644531e+01
   1.1294007e+07   3.4240723e+01
   1.1397715e+07   3.3508301e+01
   1.1397758e+07   3.6132812e+01
   1.1397895e+07   9.0820312e+01
   1.1397947e+07   3.9245605e+01
   1.1397965e+07   1.2652588e+02
   1.1397978e+07   5.9692383e+01
   1.1397992e+07   4.2419434e+01
   1.1398079e+07   8.4716797e+01
   1.1398146e+07   3.4545898e+01
   1.1398170e+07   4.6020508e+01
   1.1398220e+07   3.5400391e+01
   1.1398265e+07   8.9111328e+01
   1.1398403e+07   3.6743164e+01
   1.1398536e+07   6.9885254e+01
   1.1399164e+07   6.8420410e+01
   1.1546594e+07   3.4790039e+01
   1.1803869e+07   3.4240723e+01
   1.1804193e+07   6.4208984e+01
   1.1804253e+07   4.2053223e+01
   1.1804301e+07   3.6376953e+01
   1.1804319e+07   6.3720703e+01
   1.1804366e+07   3.6804199e+01
   1.1804377e+07   3.5034180e+01
   1.1804425e+07   5.6945801e+01
   1.1804457e+07   4.7058105e+01
   1.1804487e+07   8.2458496e+01
   1.1804541e+07   3.5644531e+01
   1.1804562e+07   8.3618164e+01
   1.1804585e+07   3.2897949e+01
   1.1804610e+07   3.5461426e+01
   1.1804665e+07   3.6987305e+01
   1.1804679e+07   8.8012695e+01
   1.1804751e+07   3.3081055e+01
   1.1804891e+07   7.9833984e+01
   1.1804930e+07   3.2714844e+01
   1.1806281e+07   7.6232910e+01
   1.1839698e+07   3.8757324e+01
   1.1839756e+07   3.8085938e+01
   1.1839796e+07   4.7485352e+01
   1.1839966e+07   4.1564941e+01
   1.1840068e+07   3.2714844e+01
   1.1840084e+07   6.1828613e+01
   1.1840192e+07   3.3752441e+01
   1.1840227e+07   3.9123535e+01
   1.1840297e+07   1.0650635e+02
   1.1840325e+07   7.6904297e+01
   1.1840348e+07   3.5766602e+01
   1.1840364e+07   3.4851074e+01
   1.1840388e+07   3.2897949e+01
   1.1840478e+07   3.2775879e+01
   1.1840528e+07   4.1259766e+01
   1.1840572e+07   7.3303223e+01
   1.1840612e+07   3.9184570e+01
   1.1840630e+07   4.2968750e+01
   1.1840870e+07   3.6376953e+01
