   1.1996000e+07   0.0000000e+00
   5.0510000e+04   4.2480469e+01
   2.1454900e+05   2.2259521e+02
   3.7799900e+05   3.8330078e+01
   4.4956500e+05   4.2297363e+01
   4.4986700e+05   2.1765137e+02
   4.5002600e+05   2.0440674e+02
   4.5011000e+05   9.2407227e+01
   4.5082900e+05   1.0913086e+02
   4.5094700e+05   7.2814941e+01
   4.5105500e+05   1.7047119e+02
   5.1213600e+05   2.1215820e+02
   5.1219200e+05   9.8388672e+01
   5.1225000e+05   9.4604492e+01
   5.1226200e+05   2.0941162e+02
   5.1230700e+05   6.8786621e+01
   5.1234500e+05   1.6113281e+02
   5.1237500e+05   4.3029785e+01
   5.1243000e+05   1.0443115e+02
   5.1258300e+05   8.6303711e+01
   5.5456500e+05   1.9232178e+02
   5.5464000e+05   1.4184570e+02
   5.5469000e+05   6.7932129e+01
   5.5471400e+05   2.5244141e+02
   5.5481300e+05   1.5954590e+02
   5.5490500e+05   5.3466797e+01
   5.9606700e+05   2.0513916e+02
   5.9611700e+05   1.0931396e+02
   5.9616800e+05   2.1948242e+02
   5.9619000e+05   4.7424316e+01
   5.9622000e+05   5.5847168e+01
   5.9626200e+05   3.9794922e+01
   5.9627600e+05   2.0318604e+02
   5.9635600e+05   8.4167480e+01
   5.9653300e+05   1.6607666e+02
   6.0624500e+05   1.9390869e+02
   6.0670400e+05   4.2175293e+01
   6.6791100e+05   1.8682861e+02
   6.6798300e+05   1.3659668e+02
   6.6800200e+05   2.4279785e+02
   6.6802800e+05   5.4138184e+01
   6.6807400e+05   4.6203613e+01
   6.6810800e+05   1.7059326e+02
   6.6813500e+05   3.9733887e+01
   6.6821000e+05   5.1208496e+01
   6.6829000e+05   6.6955566e+01
   7.1874000e+05   4.1870117e+01
   7.1895200e+05   2.0452881e+02
   7.1901000e+05   1.1370850e+02
   7.1906200e+05   2.3492432e+02
   7.1908600e+05   9.3444824e+01
   7.1914400e+05   7.0678711e+01
   7.1918200e+05   1.7687988e+02
   7.1921400e+05   6.9091797e+01
   7.9540900e+05   4.0161133e+01
   7.9560500e+05   2.0642090e+02
   7.9571000e+05   1.4978027e+02
   7.9573400e+05   2.1966553e+02
   7.9578700e+05   1.1315918e+02
   8.5438100e+05   4.0466309e+01
   8.5449100e+05   2.4645996e+02
   9.2995000e+05   2.2814941e+02
   9.6847000e+05   3.8513184e+01
   1.0083190e+06   2.3809814e+02
   1.0430250e+06   2.4597168e+02
   1.0844130e+06   2.2528076e+02
   1.0845220e+06   4.0527344e+01
   1.0846700e+06   2.0544434e+02
   1.1282440e+06   2.4951172e+02
   1.1284170e+06   2.1264648e+02
   1.1285510e+06   1.5460205e+02
   1.1287250e+06   1.8121338e+02
   1.1289970e+06   1.8811035e+02
   1.1723690e+06   3.7902832e+01
   1.1724700e+06   2.4121094e+02
   1.1725830e+06   1.8206787e+02
   1.1727040e+06   1.4892578e+02
   1.1728640e+06   1.6290283e+02
   1.1731220e+06   2.0166016e+02
   1.1737000e+06   2.1697998e+02
   1.2161600e+06   2.5341797e+02
   1.2163320e+06   2.1124268e+02
   1.2165740e+06   1.9622803e+02
   1.2168930e+06   2.0281982e+02
   1.2479920e+06   2.4487305e+02
   1.2481190e+06   1.9531250e+02
   1.2483720e+06   1.7413330e+02
   1.2489340e+06   2.1081543e+02
   1.2916540e+06   2.4719238e+02
   1.2918250e+06   1.9146729e+02
   1.2919860e+06   1.5441895e+02
   1.2921620e+06   1.5740967e+02
   1.2922630e+06   7.2387695e+01
   1.2925340e+06   6.5307617e+01
   1.2926780e+06   1.1352539e+02
   1.3383830e+06   2.3040771e+02
   1.3385090e+06   1.6577148e+02
   1.3386670e+06   1.0943604e+02
   1.3387670e+06   8.0932617e+01
   1.3389540e+06   1.3903809e+02
   1.3391050e+06   6.5917969e+01
   1.3392140e+06   4.3334961e+01
   1.3393800e+06   4.0710449e+01
   1.3398420e+06   1.5307617e+02
   1.3829790e+06   2.2424316e+02
   1.3830760e+06   1.5881348e+02
   1.3832030e+06   1.4721680e+02
   1.3833390e+06   1.3476562e+02
   1.3836100e+06   1.2512207e+02
   1.3841410e+06   1.4709473e+02
   1.3844060e+06   9.3811035e+01
   1.4313810e+06   2.4456787e+02
   1.4315880e+06   1.8286133e+02
   1.4317170e+06   1.6741943e+02
   1.4318500e+06   1.2139893e+02
   1.4320110e+06   1.2481689e+02
   1.4322270e+06   1.6363525e+02
   1.4325220e+06   1.6174316e+02
   1.4327710e+06   1.6247559e+02
   1.4633500e+06   2.4395752e+02
   1.4634670e+06   1.6058350e+02
   1.4635620e+06   1.2384033e+02
   1.4636720e+06   9.7290039e+01
   1.4638430e+06   1.0839844e+02
   1.4641880e+06   1.8682861e+02
   1.4647940e+06   2.0239258e+02
   1.5058530e+06   2.1166992e+02
   1.5059560e+06   1.3922119e+02
   1.5061540e+06   1.5887451e+02
   1.5063440e+06   1.3403320e+02
   1.5065000e+06   1.3360596e+02
   1.5067100e+06   1.1370850e+02
   1.5068870e+06   1.1657715e+02
   1.5577630e+06   2.3669434e+02
   1.5579130e+06   1.8823242e+02
   1.5580630e+06   1.4935303e+02
   1.5582870e+06   1.7193604e+02
   1.5584420e+06   1.0156250e+02
   1.5586030e+06   1.5936279e+02
   1.5588750e+06   1.6265869e+02
   1.5590520e+06   1.1810303e+02
   1.6138210e+06   2.0581055e+02
   1.6140640e+06   1.7785645e+02
   1.6143100e+06   1.6479492e+02
   1.6144740e+06   1.0125732e+02
   1.6146520e+06   4.7302246e+01
   1.6149200e+06   1.7285156e+02
   1.6584200e+06   2.2985840e+02
   1.6585300e+06   1.7205811e+02
   1.6587090e+06   1.8609619e+02
   1.6588690e+06   1.7639160e+02
   1.6589680e+06   6.5490723e+01
   1.6590830e+06   4.0832520e+01
   1.6592860e+06   7.8491211e+01
   1.6596930e+06   7.1533203e+01
   1.6598500e+06   3.8574219e+01
   1.6913120e+06   3.8146973e+01
   1.7101350e+06   2.4676514e+02
   1.7102560e+06   1.7578125e+02
   1.7103450e+06   1.1669922e+02
   1.7105190e+06   1.4483643e+02
   1.7106440e+06   4.3518066e+01
   1.7111580e+06   1.5582275e+02
   1.7114080e+06   1.7376709e+02
   1.7635600e+06   2.4505615e+02
   1.7637080e+06   1.6528320e+02
   1.7638300e+06   1.2554932e+02
   1.7641130e+06   1.5093994e+02
   1.7643330e+06   1.0546875e+02
   1.7646820e+06   1.7474365e+02
   1.8848060e+06   2.5238037e+02
   1.8849370e+06   1.7993164e+02
   1.8851270e+06   1.7407227e+02
   1.8852610e+06   1.4538574e+02
   1.8853950e+06   8.2824707e+01
   1.8855060e+06   3.7597656e+01
   1.8856720e+06   6.5429688e+01
   2.0873160e+06   1.7919922e+02
   2.0873760e+06   1.1285400e+02
   2.0874410e+06   8.6120605e+01
   2.0875020e+06   6.8237305e+01
   2.0875440e+06   2.3590088e+02
   2.0875840e+06   3.9489746e+01
   2.0876200e+06   3.9428711e+01
   2.0876370e+06   1.7156982e+02
   2.1215240e+06   1.6986084e+02
   2.1215840e+06   1.1224365e+02
   2.1215990e+06   4.0649414e+01
   2.1216420e+06   6.9458008e+01
   2.1217060e+06   2.7679443e+02
   2.1218330e+06   1.8682861e+02
   2.1221550e+06   2.0812988e+02
   2.1496310e+06   2.0300293e+02
   2.1496930e+06   1.1206055e+02
   2.1497510e+06   6.9091797e+01
   2.1497990e+06   3.8513184e+01
   2.1498480e+06   2.4114990e+02
   2.1500190e+06   7.3181152e+01
   2.1503070e+06   2.0111084e+02
   2.1957680e+06   2.0288086e+02
   2.1957810e+06   4.2297363e+01
   2.1958200e+06   1.1108398e+02
   2.1958740e+06   4.1931152e+01
   2.1958970e+06   5.0292969e+01
   2.1959290e+06   3.9794922e+01
   2.1959550e+06   2.5292969e+02
   2.1960530e+06   4.3884277e+01
   2.1960960e+06   2.0495605e+02
   2.1964670e+06   4.1809082e+01
   2.2400710e+06   4.0344238e+01
   2.2401000e+06   1.7681885e+02
   2.2401660e+06   1.1804199e+02
   2.2402150e+06   4.9560547e+01
   2.2403790e+06   2.2613525e+02
   2.2404690e+06   1.6229248e+02
   2.2408550e+06   4.8522949e+01
   2.2858060e+06   1.9763184e+02
   2.2858360e+06   5.0903320e+01
   2.2858640e+06   1.0620117e+02
   2.2859190e+06   6.1706543e+01
   2.2859470e+06   3.8818359e+01
   2.2859770e+06   4.1137695e+01
   2.2860140e+06   2.5891113e+02
   2.2861230e+06   1.9152832e+02
   2.3327270e+06   1.8914795e+02
   2.3327880e+06   1.0430908e+02
   2.3328500e+06   8.3190918e+01
   2.3328670e+06   3.9978027e+01
   2.3329100e+06   5.2124023e+01
   2.3329390e+06   2.3583984e+02
   2.3330230e+06   3.9428711e+01
   2.3331320e+06   2.0660400e+02
   2.3699070e+06   1.7297363e+02
   2.3699760e+06   1.2438965e+02
   2.3700390e+06   6.1523438e+01
   2.3700960e+06   4.4860840e+01
   2.3701070e+06   2.5427246e+02
   2.3702390e+06   1.8530273e+02
   2.4146610e+06   1.6558838e+02
   2.4147310e+06   1.2420654e+02
   2.4147950e+06   6.2072754e+01
   2.4148590e+06   5.7922363e+01
   2.4149070e+06   2.1838379e+02
   2.4151940e+06   8.2031250e+01
   2.4160320e+06   3.7963867e+01
   2.4456510e+06   1.8554688e+02
   2.4457030e+06   4.0466309e+01
   2.4457300e+06   1.4068604e+02
   2.4457460e+06   3.7597656e+01
   2.4962550e+06   1.8713379e+02
   2.4965210e+06   1.6424561e+02
   2.5843170e+06   3.9855957e+01
   2.7444910e+06   4.2968750e+01
   3.0545410e+06   4.3945312e+01
   3.3555610e+06   2.0251465e+02
   3.3556270e+06   1.0272217e+02
   3.3556570e+06   4.0100098e+01
   3.3556840e+06   6.3110352e+01
   3.3557050e+06   2.2259521e+02
   3.3557220e+06   4.2419434e+01
   3.3557890e+06   1.3702393e+02
   3.3561020e+06   3.9245605e+01
   3.5292100e+06   1.6760254e+02
   3.5292620e+06   8.2824707e+01
   3.5293030e+06   2.3760986e+02
   3.5293190e+06   6.5551758e+01
   3.5293800e+06   5.1635742e+01
   3.5294380e+06   3.9794922e+01
   3.5294600e+06   1.9635010e+02
   3.5294770e+06   4.1015625e+01
   3.5295450e+06   7.8430176e+01
   3.5297540e+06   1.7065430e+02
   3.6028070e+06   1.8969727e+02
   3.6028610e+06   1.1029053e+02
   3.6029180e+06   4.6997070e+01
   3.6029440e+06   2.4871826e+02
   3.6030870e+06   2.0056152e+02
   3.6512710e+06   3.8635254e+01
   3.6516570e+06   1.7047119e+02
   3.6517250e+06   1.0937500e+02
   3.6517460e+06   4.0222168e+01
   3.6517850e+06   4.3334961e+01
   3.6518520e+06   4.8828125e+01
   3.6519840e+06   4.5776367e+01
   3.6520160e+06   2.4554443e+02
   3.7081280e+06   2.0678711e+02
   3.7082060e+06   1.2524414e+02
   3.7082710e+06   6.3476562e+01
   3.7083240e+06   4.8278809e+01
   3.7083360e+06   5.9814453e+01
   3.7084110e+06   4.4067383e+01
   3.7085030e+06   5.4748535e+01
   3.7554320e+06   1.9702148e+02
   3.7555120e+06   1.4739990e+02
   3.7556270e+06   1.0455322e+02
   3.7557900e+06   1.1730957e+02
   4.2178280e+06   1.9213867e+02
   4.2178450e+06   3.9794922e+01
   4.2179110e+06   1.3043213e+02
   4.2179760e+06   1.0919189e+02
   4.2180480e+06   8.7524414e+01
   4.2180910e+06   2.6080322e+02
   4.2181120e+06   4.7790527e+01
   4.2181800e+06   4.3884277e+01
   4.2582440e+06   1.9342041e+02
   4.2583470e+06   9.9609375e+01
   4.2584100e+06   7.3303223e+01
   4.2584840e+06   5.7250977e+01
   4.2587520e+06   2.1582031e+02
   4.3103240e+06   1.8011475e+02
   4.3104100e+06   1.4678955e+02
   4.3104290e+06   4.3518066e+01
   4.3104750e+06   6.0974121e+01
   4.3105310e+06   2.5427246e+02
   4.3105410e+06   6.9335938e+01
   4.3106090e+06   5.9082031e+01
   4.5305530e+06   2.2979736e+02
   4.5306780e+06   1.5594482e+02
   4.5307840e+06   6.2438965e+01
   4.5310260e+06   5.4748535e+01
   4.5320440e+06   1.4868164e+02
   4.5323000e+06   8.3068848e+01
   4.5651000e+06   2.1838379e+02
   4.5652120e+06   1.5124512e+02
   4.5652940e+06   6.9274902e+01
   4.5654220e+06   8.2641602e+01
   4.5656130e+06   1.2347412e+02
   4.5657640e+06   1.2103271e+02
   4.5659730e+06   3.8330078e+01
   4.5662980e+06   8.2763672e+01
   4.5666120e+06   1.5148926e+02
   4.7461230e+06   2.0056152e+02
   4.7461710e+06   8.9843750e+01
   4.7462270e+06   6.6101074e+01
   4.7462900e+06   6.3903809e+01
   4.7463060e+06   2.2351074e+02
   4.7463670e+06   4.2175293e+01
   4.7464180e+06   1.7077637e+02
   4.7466430e+06   1.9909668e+02
   4.7969170e+06   1.9683838e+02
   4.7969750e+06   9.7839355e+01
   4.7970450e+06   8.6425781e+01
   4.7971110e+06   2.9504395e+02
   4.7971360e+06   3.9245605e+01
   4.7972600e+06   1.9079590e+02
   4.7974320e+06   5.5969238e+01
   4.9047910e+06   1.9390869e+02
   4.9048400e+06   9.5153809e+01
   4.9048970e+06   7.0190430e+01
   4.9049140e+06   4.5104980e+01
   4.9049600e+06   4.4616699e+01
   4.9049890e+06   2.1997070e+02
   4.9050220e+06   3.9855957e+01
   4.9050870e+06   3.8330078e+01
   4.9051430e+06   3.9306641e+01
   4.9051700e+06   1.8969727e+02
   4.9053700e+06   8.1359863e+01
   4.9978820e+06   1.6894531e+02
   4.9979180e+06   4.5166016e+01
   4.9979350e+06   1.0961914e+02
   4.9980040e+06   7.6904297e+01
   4.9980600e+06   4.9621582e+01
   4.9980820e+06   5.0170898e+01
   4.9981190e+06   4.3762207e+01
   4.9982360e+06   5.7983398e+01
   4.9982480e+06   5.2307129e+01
   4.9982970e+06   2.4462891e+02
   4.9983560e+06   6.2255859e+01
   5.0420470e+06   1.6949463e+02
   5.0421170e+06   1.2396240e+02
   5.0422290e+06   1.1492920e+02
   5.0423050e+06   6.6223145e+01
   5.0424220e+06   8.3984375e+01
   5.1373310e+06   1.7340088e+02
   5.1374170e+06   1.2963867e+02
   5.1374790e+06   5.9204102e+01
   5.1375580e+06   7.2692871e+01
   5.1376500e+06   5.8776855e+01
   5.1380100e+06   1.5289307e+02
   5.2711030e+06   2.0825195e+02
   5.2711690e+06   1.2182617e+02
   5.2712090e+06   4.6386719e+01
   5.2712480e+06   8.8256836e+01
   5.2713050e+06   4.6020508e+01
   5.2713320e+06   2.5872803e+02
   5.2714770e+06   2.3376465e+02
   5.5141360e+06   2.2296143e+02
   5.5142460e+06   1.8450928e+02
   5.5143510e+06   1.6217041e+02
   5.5145600e+06   1.5142822e+02
   5.5147190e+06   1.3677979e+02
   5.5152290e+06   1.9744873e+02
   5.6253100e+06   2.1673584e+02
   5.6254340e+06   1.6546631e+02
   5.6255460e+06   1.5191650e+02
   5.6256910e+06   9.4238281e+01
   5.6264580e+06   4.8706055e+01
   5.6267980e+06   1.3519287e+02
   5.7307660e+06   2.4566650e+02
   5.7308730e+06   1.5472412e+02
   5.7310310e+06   1.2445068e+02
   5.7317550e+06   6.4514160e+01
   5.7319640e+06   7.5988770e+01
   5.8177940e+06   2.4780273e+02
   5.8178750e+06   1.4086914e+02
   5.8179580e+06   6.0791016e+01
   5.8180860e+06   8.0688477e+01
   5.8181830e+06   4.4982910e+01
   5.8184000e+06   5.7922363e+01
   5.8185020e+06   3.8513184e+01
   5.8187060e+06   8.9782715e+01
   5.8190480e+06   1.7352295e+02
   5.9327640e+06   2.3028564e+02
   5.9328410e+06   1.2536621e+02
   5.9329340e+06   1.0534668e+02
   5.9330600e+06   1.4331055e+02
   5.9332070e+06   7.1899414e+01
   5.9334360e+06   1.1657715e+02
   5.9335830e+06   9.0454102e+01
   5.9337730e+06   1.3061523e+02
   5.9339660e+06   1.2078857e+02
   5.9341900e+06   1.3134766e+02
   6.1523290e+06   1.7687988e+02
   6.1523920e+06   3.8818359e+01
   6.1524100e+06   1.2170410e+02
   6.1524510e+06   4.2480469e+01
   6.1524690e+06   6.9274902e+01
   6.1525310e+06   4.4372559e+01
   6.1525550e+06   2.3040771e+02
   6.3465340e+06   1.9464111e+02
   6.3466190e+06   1.3439941e+02
   6.3466980e+06   3.0859375e+02
   6.3467130e+06   4.4860840e+01
   6.3467640e+06   4.9560547e+01
   6.3468170e+06   2.0196533e+02
   6.3469120e+06   3.7231445e+01
   6.3471000e+06   3.7536621e+01
   6.9227360e+06   2.4536133e+02
   6.9228300e+06   1.7431641e+02
   6.9229000e+06   9.5458984e+01
   6.9229210e+06   2.3571777e+02
   6.9229760e+06   7.0983887e+01
   6.9230640e+06   6.6406250e+01
   6.9231140e+06   3.9611816e+01
   6.9232020e+06   8.1420898e+01
   6.9383610e+06   2.1136475e+02
   6.9384300e+06   1.2121582e+02
   6.9385180e+06   1.1810303e+02
   6.9385970e+06   9.6191406e+01
   6.9386980e+06   7.4279785e+01
   6.9388530e+06   1.0247803e+02
   7.0340240e+06   1.9140625e+02
   7.0340710e+06   9.5642090e+01
   7.0341160e+06   3.9855957e+01
   7.0341340e+06   7.6965332e+01
   7.0342010e+06   5.3161621e+01
   7.0342260e+06   2.5567627e+02
   7.0343040e+06   5.1818848e+01
   7.0343370e+06   4.3579102e+01
   7.0929860e+06   1.9628906e+02
   7.0929970e+06   4.3395996e+01
   7.0930440e+06   1.1572266e+02
   7.0931030e+06   8.8256836e+01
   7.0931620e+06   4.3029785e+01
   7.0932350e+06   4.4799805e+01
   7.0932560e+06   3.9306641e+01
   7.0932970e+06   4.3395996e+01
   7.0933180e+06   2.5158691e+02
   7.0934380e+06   7.0129395e+01
   7.1355530e+06   1.6821289e+02
   7.1356040e+06   1.0516357e+02
   7.1356720e+06   8.4289551e+01
   7.1357310e+06   4.2175293e+01
   7.1358510e+06   6.7138672e+01
   7.1358720e+06   3.8452148e+01
   7.1838050e+06   1.7639160e+02
   7.1838670e+06   1.1926270e+02
   7.1839080e+06   3.7353516e+01
   7.1839400e+06   9.4482422e+01
   7.1840220e+06   8.7951660e+01
   7.1841250e+06   7.5134277e+01
   7.1841540e+06   4.3151855e+01
   7.1842870e+06   1.2042236e+02
   7.2244090e+06   1.7242432e+02
   7.2244930e+06   1.3513184e+02
   7.2246990e+06   1.2719727e+02
   7.2247340e+06   4.3334961e+01
   7.3119210e+06   1.8640137e+02
   7.3131220e+06   3.7780762e+01
   7.3718610e+06   3.7353516e+01
   7.3725400e+06   3.7963867e+01
   7.5159560e+06   2.6654053e+02
   7.8105160e+06   1.8243408e+02
   7.8105640e+06   9.3933105e+01
   7.8106270e+06   6.3781738e+01
   7.8106900e+06   2.8454590e+02
   7.8107650e+06   4.3579102e+01
   7.8892970e+06   1.9989014e+02
   7.8893610e+06   1.3323975e+02
   7.8894240e+06   6.6040039e+01
   7.8894580e+06   2.6440430e+02
   7.8894890e+06   4.9255371e+01
   7.8895630e+06   3.7963867e+01
   7.8896380e+06   1.9232178e+02
   7.9470270e+06   3.8146973e+01
   7.9471080e+06   2.0166016e+02
   7.9472250e+06   1.8493652e+02
   7.9474610e+06   1.6064453e+02
   8.0623500e+06   2.1563721e+02
   8.0624230e+06   9.9426270e+01
   8.0625070e+06   4.0832520e+01
   8.3036280e+06   2.3858643e+02
   8.3037120e+06   1.4355469e+02
   8.3038060e+06   1.1584473e+02
   8.3863020e+06   1.7938232e+02
   8.3863840e+06   4.1503906e+01
   8.3864050e+06   4.2724609e+01
   8.3864560e+06   9.6130371e+01
   8.3865780e+06   2.3999023e+02
   8.3868340e+06   3.8146973e+01
   8.3870180e+06   2.1881104e+02
   8.4660600e+06   2.0892334e+02
   8.4661410e+06   1.0021973e+02
   8.4662240e+06   4.2175293e+01
   8.4667770e+06   7.0190430e+01
   8.4670230e+06   1.0961914e+02
   8.5699510e+06   1.9287109e+02
   8.5700150e+06   1.1083984e+02
   8.5700610e+06   4.3212891e+01
   8.5701330e+06   1.0894775e+02
   8.5702050e+06   8.2885742e+01
   8.5702180e+06   2.2198486e+02
   8.5702900e+06   6.2255859e+01
   8.5703480e+06   1.6784668e+02
   8.5703620e+06   4.7546387e+01
   8.5705360e+06   1.5521240e+02
   8.6266940e+06   1.9000244e+02
   8.6267580e+06   1.1218262e+02
   8.6267740e+06   4.1137695e+01
   8.6268320e+06   9.8083496e+01
   8.6268970e+06   6.3415527e+01
   8.6269810e+06   3.8452148e+01
   8.6270020e+06   2.2497559e+02
   8.6270490e+06   4.3762207e+01
   8.6755320e+06   1.8286133e+02
   8.6755460e+06   4.1503906e+01
   8.6756420e+06   1.4569092e+02
   8.6757240e+06   9.2346191e+01
   8.6758460e+06   1.1785889e+02
   8.6759160e+06   4.6447754e+01
   9.0974110e+06   1.8542480e+02
   9.0974660e+06   9.0270996e+01
   9.0975180e+06   5.9814453e+01
   9.0975690e+06   4.2663574e+01
   9.0976300e+06   4.5104980e+01
   9.0976790e+06   2.5329590e+02
   9.1244850e+06   1.8463135e+02
   9.1245800e+06   1.3531494e+02
   9.1247210e+06   1.1651611e+02
   9.1248750e+06   1.2622070e+02
   9.1930760e+06   2.1014404e+02
   9.1931350e+06   1.0961914e+02
   9.1931900e+06   6.6955566e+01
   9.1932620e+06   6.2011719e+01
   9.1933170e+06   4.6020508e+01
   9.1933950e+06   4.9987793e+01
   9.2787080e+06   1.7779541e+02
   9.2787700e+06   1.0992432e+02
   9.2788450e+06   9.4543457e+01
   9.2789260e+06   7.7636719e+01
   9.2789520e+06   4.1442871e+01
   9.2790180e+06   6.8664551e+01
   9.2794420e+06   1.8597412e+02
   9.4064720e+06   4.2846680e+01
   9.4069140e+06   3.7597656e+01
   9.6316640e+06   1.7248535e+02
   9.6317100e+06   3.7109375e+01
   9.6317280e+06   1.0876465e+02
   9.6317460e+06   3.7292480e+01
   9.6317880e+06   5.4565430e+01
   9.6318140e+06   2.4884033e+02
   9.6318510e+06   4.0649414e+01
   9.6664290e+06   1.8334961e+02
   9.6666100e+06   1.4208984e+02
   9.7226880e+06   3.7902832e+01
   9.8037160e+06   1.8341064e+02
   9.8037890e+06   1.1914062e+02
   9.8038640e+06   8.4533691e+01
   9.8038820e+06   4.2663574e+01
   9.8039330e+06   3.8146973e+01
   9.8039970e+06   2.3181152e+02
   9.8040520e+06   4.6813965e+01
   9.9266100e+06   3.9550781e+01
   9.9275260e+06   1.8591309e+02
   1.0092591e+07   1.7999268e+02
   1.0092659e+07   1.1242676e+02
   1.0092678e+07   4.5043945e+01
   1.0092723e+07   7.3486328e+01
   1.0092782e+07   6.9396973e+01
   1.0092821e+07   2.6184082e+02
   1.0092908e+07   4.1198730e+01
   1.0092996e+07   3.7292480e+01
   1.0338739e+07   4.0283203e+01
   1.0339000e+07   2.3901367e+02
   1.0339185e+07   1.9018555e+02
   1.0339258e+07   1.2292480e+02
   1.0339359e+07   1.1657715e+02
   1.0339539e+07   1.4105225e+02
   1.0437081e+07   3.9367676e+01
   1.0437168e+07   1.9580078e+02
   1.0437269e+07   1.5625000e+02
   1.0437403e+07   1.3598633e+02
   1.0437433e+07   2.4011230e+02
   1.0437470e+07   3.8696289e+01
   1.0437488e+07   7.1533203e+01
   1.0437666e+07   1.2689209e+02
   1.0437682e+07   2.3773193e+02
   1.0778853e+07   1.8511963e+02
   1.0778896e+07   7.6416016e+01
   1.0778948e+07   7.4157715e+01
   1.0778960e+07   4.2541504e+01
   1.0778985e+07   2.7575684e+02
   1.0779011e+07   4.4372559e+01
   1.0779079e+07   4.0222168e+01
   1.0779100e+07   1.9061279e+02
   1.1140924e+07   4.1076660e+01
   1.1140971e+07   1.7913818e+02
   1.1141024e+07   9.6496582e+01
   1.1141043e+07   4.3945312e+01
   1.1141090e+07   6.8786621e+01
   1.1141154e+07   4.3212891e+01
   1.1141164e+07   2.6348877e+02
   1.1141281e+07   7.5073242e+01
   1.1141324e+07   1.8090820e+02
   1.1141457e+07   1.0461426e+02
   1.1250677e+07   4.0527344e+01
   1.1250782e+07   3.6743164e+01
   1.1250832e+07   1.7810059e+02
   1.1250842e+07   4.1076660e+01
   1.1250900e+07   1.3037109e+02
   1.1250962e+07   7.5927734e+01
   1.1251053e+07   7.6660156e+01
   1.1251109e+07   2.1893311e+02
   1.1251185e+07   7.3120117e+01
   1.1397587e+07   1.9940186e+02
   1.1397656e+07   1.2701416e+02
   1.1397681e+07   3.9001465e+01
   1.1397727e+07   9.5031738e+01
   1.1397743e+07   4.9133301e+01
   1.1397780e+07   3.9550781e+01
   1.1397792e+07   5.1818848e+01
   1.1397885e+07   6.2927246e+01
   1.1397917e+07   2.2204590e+02
   1.1803967e+07   3.7231445e+01
   1.1804078e+07   2.3510742e+02
   1.1804177e+07   1.5759277e+02
   1.1804232e+07   1.0583496e+02
   1.1804268e+07   2.1209717e+02
   1.1804278e+07   3.7231445e+01
   1.1804293e+07   8.9355469e+01
   1.1804358e+07   5.6396484e+01
   1.1804422e+07   8.8012695e+01
   1.1804795e+07   1.9146729e+02
   1.1839140e+07   3.8696289e+01
   1.1839909e+07   2.5781250e+02
   1.1840023e+07   1.6094971e+02
   1.1840090e+07   7.9772949e+01
   1.1840134e+07   2.0111084e+02
   1.1840167e+07   5.6762695e+01
   1.1840249e+07   6.4025879e+01
   1.1840304e+07   1.1297607e+02
