   1.1996000e+07   0.0000000e+00
   5.1054000e+04   2.9113770e+01
   2.1435500e+05   2.9296875e+01
   4.5032700e+05   3.1433105e+01
   4.5040300e+05   3.2226562e+01
   4.5093600e+05   3.9611816e+01
   4.5094800e+05   7.8125000e+01
   4.5102700e+05   7.5744629e+01
   4.5107300e+05   2.9724121e+01
   4.5116400e+05   3.1005859e+01
   4.5120800e+05   3.3447266e+01
   4.5127500e+05   3.1921387e+01
   4.5152200e+05   2.9418945e+01
   4.5177600e+05   2.9357910e+01
   5.1227600e+05   3.7780762e+01
   5.1230600e+05   3.6010742e+01
   5.1233400e+05   4.2541504e+01
   5.1235300e+05   7.9223633e+01
   5.1237200e+05   3.6987305e+01
   5.1238600e+05   3.3935547e+01
   5.1240800e+05   2.9602051e+01
   5.1242500e+05   8.6975098e+01
   5.1248300e+05   3.7231445e+01
   5.1251200e+05   4.9011230e+01
   5.1253100e+05   3.3508301e+01
   5.1256900e+05   3.1433105e+01
   5.1258500e+05   3.1494141e+01
   5.1264600e+05   3.4545898e+01
   5.1267100e+05   3.1127930e+01
   5.1275600e+05   3.6193848e+01
   5.1277400e+05   3.3935547e+01
   5.1289500e+05   4.2541504e+01
   5.1302500e+05   4.6081543e+01
   5.5463100e+05   2.9602051e+01
   5.5468900e+05   3.9184570e+01
   5.5474100e+05   3.4729004e+01
   5.5476100e+05   6.7993164e+01
   5.5483000e+05   7.2021484e+01
   5.5485500e+05   3.5278320e+01
   5.5488600e+05   4.5776367e+01
   5.5495500e+05   3.0151367e+01
   5.5497400e+05   3.4545898e+01
   5.5504600e+05   3.0334473e+01
   5.5507300e+05   3.3508301e+01
   5.5519100e+05   4.0039062e+01
   5.5531000e+05   3.9916992e+01
   5.5540600e+05   3.4790039e+01
   5.5544000e+05   2.9418945e+01
   5.9621800e+05   4.2907715e+01
   5.9624400e+05   6.5307617e+01
   5.9626100e+05   3.1433105e+01
   5.9628700e+05   2.9785156e+01
   5.9632300e+05   5.9997559e+01
   5.9635800e+05   4.7912598e+01
   5.9639100e+05   5.3283691e+01
   5.9641600e+05   2.9541016e+01
   5.9644400e+05   2.9846191e+01
   5.9645700e+05   5.8776855e+01
   5.9649400e+05   3.7597656e+01
   5.9656800e+05   2.9724121e+01
   5.9661200e+05   3.0761719e+01
   5.9664400e+05   3.9367676e+01
   5.9671700e+05   2.9418945e+01
   5.9679800e+05   3.0944824e+01
   6.0096700e+05   3.1738281e+01
   6.0487900e+05   2.9602051e+01
   6.0603300e+05   3.1555176e+01
   6.0660800e+05   2.9785156e+01
   6.6801600e+05   3.3569336e+01
   6.6813300e+05   7.5561523e+01
   6.6815800e+05   3.2897949e+01
   6.6816800e+05   2.9418945e+01
   6.6821500e+05   3.1677246e+01
   6.6824000e+05   2.9907227e+01
   6.6825300e+05   6.3537598e+01
   6.6834000e+05   6.0546875e+01
   6.6840000e+05   2.9785156e+01
   6.6844000e+05   3.6010742e+01
   6.6863300e+05   5.0598145e+01
   6.6899100e+05   3.5888672e+01
   7.1905800e+05   3.6254883e+01
   7.1909800e+05   3.2958984e+01
   7.1914700e+05   4.0954590e+01
   7.1922800e+05   3.2470703e+01
   7.1924100e+05   3.4790039e+01
   7.1925500e+05   7.2265625e+01
   7.1927800e+05   3.1799316e+01
   7.1933600e+05   4.7851563e+01
   7.1941200e+05   3.0334473e+01
   7.1942900e+05   4.1748047e+01
   7.1944500e+05   3.0090332e+01
   7.1948000e+05   3.0212402e+01
   7.1949300e+05   3.5827637e+01
   7.1955700e+05   3.2531738e+01
   7.2125300e+05   3.1433105e+01
   7.2159900e+05   3.2653809e+01
   7.2410100e+05   2.9724121e+01
   7.4573800e+05   3.6804199e+01
   7.4579800e+05   3.8085938e+01
   7.4611300e+05   2.9357910e+01
   7.4641400e+05   3.1372070e+01
   7.9561900e+05   3.0639648e+01
   7.9572400e+05   3.6865234e+01
   7.9585500e+05   2.9541016e+01
   7.9590200e+05   4.6081543e+01
   7.9600600e+05   3.1433105e+01
   7.9606400e+05   4.1015625e+01
   7.9610900e+05   3.2165527e+01
   7.9771100e+05   3.0090332e+01
   7.9880500e+05   2.9418945e+01
   7.9956800e+05   2.9785156e+01
   8.5421700e+05   3.4118652e+01
   8.5440900e+05   2.9907227e+01
   8.5470400e+05   3.1433105e+01
   8.5770300e+05   2.9846191e+01
   8.7361400e+05   3.0273438e+01
   8.7374000e+05   3.0578613e+01
   8.7387100e+05   2.9357910e+01
   8.7398600e+05   3.0944824e+01
   8.7408700e+05   3.8513184e+01
   8.7443000e+05   3.1311035e+01
   8.7597200e+05   2.9357910e+01
   9.2972200e+05   3.1921387e+01
   9.2996400e+05   3.1311035e+01
   9.3009200e+05   2.9418945e+01
   9.6859000e+05   3.2104492e+01
   9.6871800e+05   2.9296875e+01
   9.6884000e+05   3.1188965e+01
   1.0084410e+06   3.0334473e+01
   1.0421080e+06   3.2104492e+01
   1.0843040e+06   3.1494141e+01
   1.1281910e+06   2.9174805e+01
   1.1284250e+06   2.9479980e+01
   1.1288130e+06   3.9794922e+01
   1.1730980e+06   3.1127930e+01
   1.1733990e+06   2.9846191e+01
   1.2154130e+06   2.9174805e+01
   1.2460270e+06   2.9479980e+01
   1.2914800e+06   3.9245605e+01
   1.3387430e+06   3.1677246e+01
   1.3389410e+06   2.9296875e+01
   1.3832910e+06   3.0822754e+01
   1.3836660e+06   4.1381836e+01
   1.4297560e+06   3.0456543e+01
   1.4332990e+06   2.8991699e+01
   1.4643310e+06   2.8930664e+01
   1.4648050e+06   2.9846191e+01
   1.5053340e+06   3.0090332e+01
   1.5062680e+06   4.2236328e+01
   1.5063570e+06   3.1738281e+01
   1.5064460e+06   3.0029297e+01
   1.5361590e+06   2.9541016e+01
   1.5575330e+06   3.1372070e+01
   1.6147680e+06   3.8024902e+01
   1.6580920e+06   3.1799316e+01
   1.6587070e+06   2.9357910e+01
   1.7105860e+06   3.1921387e+01
   1.7107360e+06   3.0273438e+01
   1.7108180e+06   3.0761719e+01
   1.7636610e+06   2.9724121e+01
   1.7638960e+06   3.0578613e+01
   1.7655290e+06   3.0395508e+01
   1.8458820e+06   3.0822754e+01
   1.8845780e+06   3.3264160e+01
   2.0271540e+06   3.0578613e+01
   2.0873950e+06   3.2104492e+01
   2.0874530e+06   3.8574219e+01
   2.0874800e+06   7.1411133e+01
   2.0874960e+06   4.0100098e+01
   2.0875450e+06   7.1166992e+01
   2.0876150e+06   5.4504395e+01
   2.0876520e+06   2.9541016e+01
   2.0877240e+06   3.5644531e+01
   2.0877710e+06   3.2653809e+01
   2.0878060e+06   3.6132812e+01
   2.0879250e+06   3.3264160e+01
   2.1216540e+06   3.0395508e+01
   2.1217400e+06   7.7575684e+01
   2.1217650e+06   3.6254883e+01
   2.1218210e+06   6.2866211e+01
   2.1218430e+06   3.1616211e+01
   2.1218920e+06   5.2307129e+01
   2.1219110e+06   3.3935547e+01
   2.1219630e+06   4.0344238e+01
   2.1219770e+06   3.7353516e+01
   2.1220400e+06   3.6865234e+01
   2.1220620e+06   2.9174805e+01
   2.1222750e+06   3.6804199e+01
   2.1224240e+06   4.0954590e+01
   2.1225940e+06   3.6865234e+01
   2.1498330e+06   3.1311035e+01
   2.1498460e+06   7.3242188e+01
   2.1498930e+06   3.4484863e+01
   2.1499270e+06   6.0180664e+01
   2.1499470e+06   4.1687012e+01
   2.1499900e+06   4.3823242e+01
   2.1500120e+06   2.9113770e+01
   2.1500400e+06   2.9907227e+01
   2.1500590e+06   3.8024902e+01
   2.1500750e+06   4.2236328e+01
   2.1958670e+06   2.9418945e+01
   2.1958980e+06   3.0944824e+01
   2.1959430e+06   3.3325195e+01
   2.1959630e+06   7.1044922e+01
   2.1959860e+06   4.3334961e+01
   2.1960070e+06   3.4606934e+01
   2.1960610e+06   7.6843262e+01
   2.1961400e+06   5.0231934e+01
   2.1961610e+06   3.9611816e+01
   2.1962170e+06   4.1625977e+01
   2.1962740e+06   3.7231445e+01
   2.1963050e+06   3.1250000e+01
   2.1964750e+06   3.2592773e+01
   2.1966660e+06   3.6865234e+01
   2.2401990e+06   3.0822754e+01
   2.2402510e+06   3.0822754e+01
   2.2402770e+06   2.9052734e+01
   2.2402910e+06   7.7697754e+01
   2.2403240e+06   3.0090332e+01
   2.2403400e+06   2.9602051e+01
   2.2403830e+06   6.3903809e+01
   2.2404190e+06   2.9968262e+01
   2.2404560e+06   4.3273926e+01
   2.2404840e+06   2.9541016e+01
   2.2405080e+06   3.4667969e+01
   2.2405260e+06   3.3203125e+01
   2.2405360e+06   3.1738281e+01
   2.2405680e+06   3.4667969e+01
   2.2408520e+06   3.4240723e+01
   2.2409820e+06   3.1311035e+01
   2.2859800e+06   3.7719727e+01
   2.2859950e+06   4.0893555e+01
   2.2860320e+06   6.7260742e+01
   2.2860770e+06   4.1687012e+01
   2.2861060e+06   5.6640625e+01
   2.2861350e+06   3.3386230e+01
   2.2861640e+06   3.7658691e+01
   2.2861850e+06   4.6020508e+01
   2.2862500e+06   3.5888672e+01
   2.2863200e+06   3.0151367e+01
   2.2863790e+06   3.8330078e+01
   2.2864520e+06   3.1555176e+01
   2.2864980e+06   2.9724121e+01
   2.2871710e+06   2.9479980e+01
   2.2884120e+06   3.1555176e+01
   2.3125010e+06   8.0078125e+01
   2.3328500e+06   3.1188965e+01
   2.3329610e+06   7.1716309e+01
   2.3329750e+06   4.3457031e+01
   2.3330400e+06   6.8603516e+01
   2.3330500e+06   2.9968262e+01
   2.3331050e+06   3.1677246e+01
   2.3331560e+06   2.9357910e+01
   2.3331870e+06   4.0954590e+01
   2.3332520e+06   3.0639648e+01
   2.3333110e+06   3.5522461e+01
   2.3333690e+06   3.1494141e+01
   2.3698410e+06   3.5156250e+01
   2.3698730e+06   3.6926270e+01
   2.3699030e+06   3.3630371e+01
   2.3699750e+06   6.7199707e+01
   2.3700160e+06   3.3691406e+01
   2.3700690e+06   4.9072266e+01
   2.3701300e+06   3.1066895e+01
   2.3701530e+06   3.7048340e+01
   2.3701770e+06   3.0822754e+01
   2.3702230e+06   3.4729004e+01
   2.3702480e+06   4.2907715e+01
   2.3703350e+06   3.3874512e+01
   2.3705620e+06   3.0090332e+01
   2.4148410e+06   2.9724121e+01
   2.4148530e+06   3.2348633e+01
   2.4148940e+06   2.9663086e+01
   2.4149170e+06   3.2836914e+01
   2.4150070e+06   7.1289062e+01
   2.4150800e+06   3.2592773e+01
   2.4150910e+06   3.0456543e+01
   2.4151330e+06   6.0363770e+01
   2.4151500e+06   2.9968262e+01
   2.4151630e+06   2.9296875e+01
   2.4152010e+06   3.9733887e+01
   2.4152400e+06   4.4860840e+01
   2.4153540e+06   4.2968750e+01
   2.4156540e+06   3.0944824e+01
   2.4169430e+06   2.9174805e+01
   2.4453040e+06   3.0334473e+01
   2.4453990e+06   3.3630371e+01
   2.4455650e+06   3.2165527e+01
   2.4456840e+06   2.9907227e+01
   2.4457560e+06   3.1677246e+01
   2.4962010e+06   3.1311035e+01
   2.4963490e+06   2.9907227e+01
   2.4964080e+06   3.0883789e+01
   2.4964770e+06   3.0944824e+01
   2.5435830e+06   2.9541016e+01
   2.5439150e+06   3.1616211e+01
   2.8307390e+06   3.1250000e+01
   3.0954210e+06   3.1188965e+01
   3.3183130e+06   2.9113770e+01
   3.3557380e+06   2.9602051e+01
   3.3557710e+06   3.0334473e+01
   3.3557820e+06   7.1838379e+01
   3.3558250e+06   3.6499023e+01
   3.3558510e+06   5.5236816e+01
   3.3558870e+06   3.2287598e+01
   3.3559290e+06   3.0395508e+01
   3.3559460e+06   5.2185059e+01
   3.3560530e+06   3.1433105e+01
   3.3560740e+06   3.2653809e+01
   3.5293200e+06   3.4179688e+01
   3.5293620e+06   2.9296875e+01
   3.5293940e+06   3.3264160e+01
   3.5294160e+06   3.1433105e+01
   3.5294270e+06   8.0627441e+01
   3.5294970e+06   3.0273438e+01
   3.5295190e+06   5.5603027e+01
   3.5295690e+06   2.9418945e+01
   3.5295910e+06   4.8034668e+01
   3.5296150e+06   2.9602051e+01
   3.5296890e+06   4.2846680e+01
   3.5301610e+06   3.0822754e+01
   3.6028690e+06   3.4484863e+01
   3.6030230e+06   7.7941895e+01
   3.6030470e+06   3.5705566e+01
   3.6030820e+06   3.3691406e+01
   3.6031080e+06   5.5603027e+01
   3.6031820e+06   3.6193848e+01
   3.6032120e+06   3.5949707e+01
   3.6032560e+06   4.5227051e+01
   3.6033080e+06   2.9113770e+01
   3.6036280e+06   4.8156738e+01
   3.6517950e+06   3.3752441e+01
   3.6519380e+06   2.8991699e+01
   3.6519840e+06   6.4392090e+01
   3.6520550e+06   3.1311035e+01
   3.6520680e+06   6.8969727e+01
   3.6521170e+06   3.4301758e+01
   3.6521490e+06   4.0161133e+01
   3.6521660e+06   3.0456543e+01
   3.6522570e+06   3.0761719e+01
   3.6522940e+06   3.3569336e+01
   3.6983100e+06   3.4973145e+01
   3.6984540e+06   2.9357910e+01
   3.7082720e+06   3.0883789e+01
   3.7083280e+06   2.9968262e+01
   3.7083730e+06   6.5795898e+01
   3.7084500e+06   3.2836914e+01
   3.7084640e+06   6.6650391e+01
   3.7084900e+06   3.1188965e+01
   3.7085500e+06   5.2551270e+01
   3.7085770e+06   3.0578613e+01
   3.7086480e+06   3.6987305e+01
   3.7556340e+06   3.1677246e+01
   3.7556560e+06   2.9174805e+01
   3.7558320e+06   2.9541016e+01
   3.7560000e+06   8.1665039e+01
   3.7560660e+06   3.1494141e+01
   3.7560800e+06   4.9804687e+01
   3.7561020e+06   3.5400391e+01
   3.7561770e+06   3.1494141e+01
   3.7562390e+06   5.0659180e+01
   3.8189520e+06   3.4606934e+01
   3.8620310e+06   3.1188965e+01
   3.8758370e+06   3.0578613e+01
   3.8762710e+06   2.9418945e+01
   3.8919140e+06   3.5644531e+01
   3.9156720e+06   2.9968262e+01
   3.9412260e+06   3.1250000e+01
   3.9928900e+06   3.7475586e+01
   4.0283670e+06   3.1311035e+01
   4.0889580e+06   2.9052734e+01
   4.2180650e+06   2.9479980e+01
   4.2181670e+06   7.2082520e+01
   4.2181870e+06   2.9357910e+01
   4.2182450e+06   3.0334473e+01
   4.2182570e+06   4.6386719e+01
   4.2182830e+06   3.0395508e+01
   4.2183510e+06   3.8208008e+01
   4.2184090e+06   3.0944824e+01
   4.2186620e+06   3.0761719e+01
   4.2556400e+06   3.3081055e+01
   4.2586220e+06   2.9907227e+01
   4.2586560e+06   6.0668945e+01
   4.2586740e+06   3.2714844e+01
   4.2586990e+06   3.0029297e+01
   4.2587340e+06   5.6823730e+01
   4.2587650e+06   3.1005859e+01
   4.2588210e+06   4.2846680e+01
   4.2588530e+06   2.9479980e+01
   4.2589320e+06   4.5898438e+01
   4.2589980e+06   3.1860352e+01
   4.2591490e+06   2.9479980e+01
   4.2592030e+06   3.3203125e+01
   4.2594130e+06   2.9052734e+01
   4.3104310e+06   2.9296875e+01
   4.3105010e+06   3.0639648e+01
   4.3105690e+06   3.0578613e+01
   4.3106210e+06   6.4514160e+01
   4.3106410e+06   3.0761719e+01
   4.3107100e+06   2.9724121e+01
   4.3107380e+06   3.2226562e+01
   4.3107650e+06   2.9174805e+01
   4.3108340e+06   5.1269531e+01
   4.3108620e+06   3.9672852e+01
   4.3109820e+06   3.1066895e+01
   4.3110660e+06   2.9907227e+01
   4.3111950e+06   2.9113770e+01
   4.5636630e+06   3.1738281e+01
   4.5662210e+06   2.9357910e+01
   4.7253520e+06   2.8991699e+01
   4.7464040e+06   3.2226562e+01
   4.7464140e+06   8.9904785e+01
   4.7464900e+06   4.1625977e+01
   4.7465000e+06   6.2072754e+01
   4.7466440e+06   6.0668945e+01
   4.7466970e+06   3.0212402e+01
   4.7472710e+06   2.9785156e+01
   4.7970540e+06   3.5217285e+01
   4.7971290e+06   3.0578613e+01
   4.7971870e+06   3.2104492e+01
   4.7972020e+06   3.2165527e+01
   4.7972290e+06   7.2021484e+01
   4.7973380e+06   6.0424805e+01
   4.7973740e+06   3.5827637e+01
   4.7974260e+06   3.2287598e+01
   4.7974650e+06   3.3691406e+01
   4.7974850e+06   2.9357910e+01
   4.7975200e+06   5.4443359e+01
   4.7976510e+06   3.0395508e+01
   4.9047310e+06   2.9418945e+01
   4.9050140e+06   2.9663086e+01
   4.9050390e+06   3.0090332e+01
   4.9050810e+06   4.8706055e+01
   4.9051650e+06   5.3344727e+01
   4.9052230e+06   3.0212402e+01
   4.9052500e+06   4.6813965e+01
   4.9052830e+06   3.1005859e+01
   4.9053280e+06   3.6071777e+01
   4.9979030e+06   2.9785156e+01
   4.9981140e+06   3.3630371e+01
   4.9981590e+06   9.3688965e+01
   4.9981700e+06   3.3996582e+01
   4.9981930e+06   2.9663086e+01
   4.9982070e+06   3.8818359e+01
   4.9982410e+06   3.1311035e+01
   4.9982610e+06   6.4086914e+01
   4.9984600e+06   3.1066895e+01
   5.0420650e+06   3.1677246e+01
   5.0424160e+06   6.5368652e+01
   5.0424570e+06   3.2287598e+01
   5.0425400e+06   4.3884277e+01
   5.0425990e+06   3.0334473e+01
   5.0426530e+06   3.4423828e+01
   5.0431100e+06   2.9479980e+01
   5.1376170e+06   6.1950684e+01
   5.1376290e+06   2.9479980e+01
   5.1377190e+06   4.0466309e+01
   5.1377480e+06   5.2795410e+01
   5.1377590e+06   3.2348633e+01
   5.2607350e+06   3.0822754e+01
   5.2712410e+06   3.4118652e+01
   5.2713140e+06   3.4240723e+01
   5.2713260e+06   3.1799316e+01
   5.2714490e+06   6.7565918e+01
   5.2715080e+06   4.4006348e+01
   5.2715370e+06   2.9052734e+01
   5.2715650e+06   7.9467773e+01
   5.2715990e+06   3.5156250e+01
   5.2716490e+06   3.0334473e+01
   5.2717390e+06   2.9602051e+01
   5.3060170e+06   3.5095215e+01
   5.5136050e+06   2.9907227e+01
   5.5146790e+06   6.1462402e+01
   5.5147590e+06   3.2714844e+01
   5.5147970e+06   7.4829102e+01
   5.5148430e+06   3.2592773e+01
   5.5150030e+06   3.6315918e+01
   5.6256550e+06   2.9724121e+01
   5.7304120e+06   2.9479980e+01
   5.7304980e+06   3.2165527e+01
   5.7319910e+06   2.9174805e+01
   5.8182290e+06   3.7719727e+01
   5.8184050e+06   2.9907227e+01
   5.8187340e+06   3.5644531e+01
   5.8193410e+06   3.2348633e+01
   5.9334410e+06   2.9357910e+01
   5.9337920e+06   2.9724121e+01
   5.9345280e+06   3.0151367e+01
   6.1237820e+06   8.8256836e+01
   6.1526060e+06   2.9663086e+01
   6.1526190e+06   7.2692871e+01
   6.1526450e+06   3.6560059e+01
   6.1526680e+06   3.2287598e+01
   6.1527000e+06   6.2133789e+01
   6.1527180e+06   3.0517578e+01
   6.1527460e+06   2.9174805e+01
   6.1527750e+06   4.0039062e+01
   6.3468400e+06   3.0090332e+01
   6.3468590e+06   3.4912109e+01
   6.3468740e+06   3.0212402e+01
   6.3469630e+06   3.0761719e+01
   6.3469890e+06   5.2429199e+01
   6.5631890e+06   3.0273438e+01
   6.9228900e+06   4.0649414e+01
   6.9230100e+06   2.8930664e+01
   6.9231160e+06   6.4941406e+01
   6.9231390e+06   4.0283203e+01
   6.9231740e+06   3.7414551e+01
   6.9232300e+06   6.7993164e+01
   6.9232570e+06   3.1372070e+01
   6.9385040e+06   3.0822754e+01
   6.9387070e+06   3.2287598e+01
   6.9387730e+06   2.9907227e+01
   6.9387910e+06   7.7331543e+01
   6.9388180e+06   3.9306641e+01
   6.9388940e+06   3.3447266e+01
   6.9389430e+06   3.0212402e+01
   6.9389540e+06   2.8991699e+01
   6.9389850e+06   3.1066895e+01
   7.0341710e+06   3.0700684e+01
   7.0343080e+06   3.2287598e+01
   7.0343190e+06   7.5866699e+01
   7.0343490e+06   3.1860352e+01
   7.0344060e+06   5.7922363e+01
   7.0345330e+06   2.8991699e+01
   7.0932010e+06   3.1921387e+01
   7.0932250e+06   3.3447266e+01
   7.0932970e+06   2.9541016e+01
   7.0933130e+06   7.9528809e+01
   7.0933640e+06   3.3203125e+01
   7.0933900e+06   3.0578613e+01
   7.0934070e+06   5.4077148e+01
   7.0934460e+06   3.0395508e+01
   7.0934800e+06   3.0517578e+01
   7.0935790e+06   5.3405762e+01
   7.1356220e+06   3.5705566e+01
   7.1357050e+06   4.8217773e+01
   7.1357950e+06   3.2409668e+01
   7.1358720e+06   2.9907227e+01
   7.1358850e+06   6.3354492e+01
   7.1361020e+06   3.0334473e+01
   7.1365660e+06   3.2897949e+01
   7.1838820e+06   3.1677246e+01
   7.1840070e+06   2.9724121e+01
   7.1842130e+06   6.9152832e+01
   7.1843410e+06   6.1889648e+01
   7.2245130e+06   3.1250000e+01
   7.2245290e+06   2.9296875e+01
   7.2246850e+06   2.9663086e+01
   7.2247490e+06   3.0456543e+01
   7.2247800e+06   3.4973145e+01
   7.2247980e+06   3.1799316e+01
   7.2248500e+06   3.3508301e+01
   7.2248920e+06   3.0273438e+01
   7.2249280e+06   8.3129883e+01
   7.2587890e+06   3.4790039e+01
   7.3119860e+06   3.1188965e+01
   7.3692880e+06   4.0100098e+01
   7.3728160e+06   2.8808594e+01
   7.3732210e+06   2.8869629e+01
   7.4341430e+06   2.9846191e+01
   7.5156740e+06   3.1250000e+01
   7.8106670e+06   3.9550781e+01
   7.8107320e+06   3.8146973e+01
   7.8107730e+06   2.9113770e+01
   7.8108010e+06   3.7048340e+01
   7.8108110e+06   2.8869629e+01
   7.8108810e+06   3.4729004e+01
   7.8108950e+06   4.4921875e+01
   7.8109190e+06   3.5095215e+01
   7.8109580e+06   2.9968262e+01
   7.8110390e+06   3.0700684e+01
   7.8111060e+06   2.8991699e+01
   7.8881720e+06   3.2287598e+01
   7.8882180e+06   3.1860352e+01
   7.8894890e+06   2.9235840e+01
   7.8896100e+06   3.6010742e+01
   7.8896550e+06   3.1555176e+01
   7.8896690e+06   3.0700684e+01
   7.8896940e+06   7.5622559e+01
   7.8897420e+06   3.0395508e+01
   7.8898330e+06   2.9846191e+01
   7.8899560e+06   2.9479980e+01
   7.8900050e+06   3.0151367e+01
   7.9473080e+06   3.1433105e+01
   7.9473850e+06   2.8808594e+01
   7.9475390e+06   2.9357910e+01
   7.9478230e+06   6.6101074e+01
   7.9478410e+06   2.9418945e+01
   8.0614550e+06   3.1677246e+01
   8.0627450e+06   2.9235840e+01
   8.0627660e+06   3.2043457e+01
   8.0630900e+06   2.8930664e+01
   8.1724600e+06   3.1127930e+01
   8.3040280e+06   3.3935547e+01
   8.3045350e+06   2.9541016e+01
   8.3865150e+06   3.0029297e+01
   8.3865870e+06   7.8735352e+01
   8.3866280e+06   2.9296875e+01
   8.3866480e+06   3.2531738e+01
   8.3866790e+06   5.2795410e+01
   8.3867000e+06   2.9235840e+01
   8.3867480e+06   2.9052734e+01
   8.3867900e+06   3.5888672e+01
   8.3869100e+06   3.1372070e+01
   8.4661030e+06   3.2409668e+01
   8.4662110e+06   3.0517578e+01
   8.5701820e+06   3.1494141e+01
   8.5701990e+06   3.3630371e+01
   8.5702260e+06   3.2348633e+01
   8.5702590e+06   7.5805664e+01
   8.5702780e+06   4.1503906e+01
   8.5703520e+06   3.6254883e+01
   8.5704020e+06   3.4240723e+01
   8.5705860e+06   3.3630371e+01
   8.6269940e+06   3.0944824e+01
   8.6270100e+06   8.3618164e+01
   8.6270440e+06   2.9479980e+01
   8.6271250e+06   5.5664062e+01
   8.6271860e+06   3.2165527e+01
   8.6274090e+06   3.2104492e+01
   8.6757260e+06   3.4057617e+01
   8.6758180e+06   3.3264160e+01
   8.6759170e+06   9.6191406e+01
   8.6759970e+06   3.8330078e+01
   8.6760450e+06   4.7180176e+01
   8.6764470e+06   3.0334473e+01
   8.6880720e+06   3.2409668e+01
   8.7782560e+06   2.8808594e+01
   8.8133880e+06   2.8930664e+01
   8.8645350e+06   3.1188965e+01
   9.0975860e+06   3.2287598e+01
   9.0976120e+06   3.0395508e+01
   9.0976570e+06   2.9113770e+01
   9.0976760e+06   4.1564941e+01
   9.0976970e+06   8.4167480e+01
   9.0977120e+06   3.0883789e+01
   9.0977760e+06   3.5156250e+01
   9.0978020e+06   6.7199707e+01
   9.0978660e+06   3.4362793e+01
   9.0981960e+06   3.0639648e+01
   9.1243670e+06   2.9846191e+01
   9.1256310e+06   3.0456543e+01
   9.1931890e+06   2.9968262e+01
   9.1933400e+06   3.2165527e+01
   9.1934040e+06   6.2622070e+01
   9.1934940e+06   7.1594238e+01
   9.1935070e+06   3.6254883e+01
   9.1936530e+06   2.8869629e+01
   9.2789340e+06   3.2714844e+01
   9.2789730e+06   3.1311035e+01
   9.2789870e+06   2.9174805e+01
   9.2790240e+06   3.8452148e+01
   9.2790570e+06   3.4667969e+01
   9.2790710e+06   7.2875977e+01
   9.2791960e+06   3.3020020e+01
   9.2792900e+06   2.9479980e+01
   9.2793050e+06   4.7241211e+01
   9.4065030e+06   3.4301758e+01
   9.4065830e+06   3.0029297e+01
   9.6272590e+06   3.6132812e+01
   9.6274780e+06   2.9663086e+01
   9.6316750e+06   2.9174805e+01
   9.6317170e+06   3.8391113e+01
   9.6317560e+06   6.1157227e+01
   9.6317710e+06   2.8991699e+01
   9.6317930e+06   2.9357910e+01
   9.6318380e+06   6.6894531e+01
   9.6318610e+06   5.0598145e+01
   9.6319200e+06   3.1860352e+01
   9.6319360e+06   3.9184570e+01
   9.6323390e+06   2.9602051e+01
   9.6653860e+06   3.0273438e+01
   9.7224120e+06   2.9296875e+01
   9.8037750e+06   2.8930664e+01
   9.8039930e+06   8.5449219e+01
   9.8040330e+06   3.2043457e+01
   9.8040890e+06   6.5185547e+01
   9.8041220e+06   3.1372070e+01
   9.8042210e+06   3.5156250e+01
   1.0092551e+07   2.9113770e+01
   1.0092735e+07   3.0822754e+01
   1.0092822e+07   3.2836914e+01
   1.0092861e+07   7.5805664e+01
   1.0092901e+07   3.2653809e+01
   1.0092942e+07   5.3710938e+01
   1.0092971e+07   3.0883789e+01
   1.0093076e+07   3.3691406e+01
   1.0093124e+07   3.6682129e+01
   1.0093136e+07   5.7128906e+01
   1.0093307e+07   2.9663086e+01
   1.0093455e+07   2.9541016e+01
   1.0130991e+07   3.5095215e+01
   1.0338908e+07   3.5888672e+01
   1.0339475e+07   4.3334961e+01
   1.0339487e+07   7.7880859e+01
   1.0339535e+07   2.9479980e+01
   1.0339562e+07   3.2470703e+01
   1.0339618e+07   6.6833496e+01
   1.0339676e+07   3.0151367e+01
   1.0437539e+07   3.0151367e+01
   1.0437575e+07   3.3752441e+01
   1.0437610e+07   2.9479980e+01
   1.0437627e+07   3.1555176e+01
   1.0437654e+07   6.9091797e+01
   1.0437672e+07   2.9541016e+01
   1.0437713e+07   3.8269043e+01
   1.0437741e+07   5.9448242e+01
   1.0437787e+07   3.9184570e+01
   1.0437857e+07   2.9785156e+01
   1.0503216e+07   3.2348633e+01
   1.0778919e+07   2.9296875e+01
   1.0779106e+07   3.4729004e+01
   1.0779120e+07   6.7138672e+01
   1.0779173e+07   3.0395508e+01
   1.0779207e+07   5.5480957e+01
   1.1141275e+07   4.3640137e+01
   1.1141291e+07   3.1433105e+01
   1.1141338e+07   3.2714844e+01
   1.1141391e+07   7.0251465e+01
   1.1141475e+07   3.0822754e+01
   1.1141487e+07   2.9418945e+01
   1.1224376e+07   3.1555176e+01
   1.1250873e+07   3.4179688e+01
   1.1251059e+07   2.8869629e+01
   1.1251096e+07   3.1127930e+01
   1.1251121e+07   3.2836914e+01
   1.1251151e+07   6.9946289e+01
   1.1251211e+07   3.9062500e+01
   1.1251239e+07   6.9641113e+01
   1.1251277e+07   2.9724121e+01
   1.1291278e+07   3.3386230e+01
   1.1292062e+07   3.0578613e+01
   1.1397741e+07   2.9785156e+01
   1.1397890e+07   3.2592773e+01
   1.1397904e+07   3.0212402e+01
   1.1397916e+07   3.7597656e+01
   1.1397995e+07   6.5795898e+01
   1.1398028e+07   3.1188965e+01
   1.1398067e+07   3.2470703e+01
   1.1398133e+07   3.4057617e+01
   1.1398147e+07   6.0119629e+01
   1.1803724e+07   2.9663086e+01
   1.1804437e+07   3.0395508e+01
   1.1804462e+07   7.5378418e+01
   1.1804480e+07   3.1005859e+01
   1.1804542e+07   3.4545898e+01
   1.1804562e+07   2.9968262e+01
   1.1804581e+07   6.3903809e+01
   1.1804719e+07   3.9062500e+01
   1.1839345e+07   2.9174805e+01
   1.1839933e+07   3.0700684e+01
   1.1840282e+07   3.0456543e+01
   1.1840440e+07   6.8664551e+01
   1.1840542e+07   3.0395508e+01
   1.1840609e+07   6.5734863e+01
