   1.1996000e+07   0.0000000e+00
   4.8280900e+05   7.3547363e+01
   4.8295300e+05   5.4443359e+01
   4.8316600e+05   6.4331055e+01
   4.8329800e+05   5.9448242e+01
   4.8336300e+05   3.6499023e+01
   4.8348000e+05   5.0292969e+01
   4.8355400e+05   3.9489746e+01
   4.8366500e+05   3.3081055e+01
   4.8380100e+05   4.3945313e+01
   4.8393300e+05   4.4799805e+01
   4.8408000e+05   4.6264648e+01
   4.8433800e+05   5.4504395e+01
   4.8452000e+05   5.2246094e+01
   4.8467800e+05   6.1584473e+01
   4.8485300e+05   4.3518066e+01
   4.8498000e+05   3.9428711e+01
   4.8517900e+05   5.1635742e+01
   4.8551600e+05   4.8522949e+01
   4.8572800e+05   5.7495117e+01
   4.8591400e+05   4.2541504e+01
   4.8621100e+05   5.1086426e+01
   4.8646700e+05   4.8767090e+01
   4.8681200e+05   5.7800293e+01
   4.8700900e+05   4.4921875e+01
   4.8817700e+05   5.4870605e+01
   4.8907100e+05   5.5541992e+01
   4.8979300e+05   5.7250977e+01
   4.9016900e+05   4.5532227e+01
   4.9105100e+05   5.2429199e+01
   4.9130500e+05   4.8706055e+01
   4.9274000e+05   5.0476074e+01
   4.9316800e+05   5.1086426e+01
   4.9349500e+05   4.5288086e+01
   4.9404200e+05   4.6936035e+01
   4.9429800e+05   4.5288086e+01
   4.9464300e+05   4.6936035e+01
   4.9495900e+05   4.8278809e+01
   4.9519500e+05   5.6457520e+01
   4.9547800e+05   4.3457031e+01
   4.9568900e+05   5.2368164e+01
   4.9603900e+05   4.6752930e+01
   4.9627100e+05   4.2480469e+01
   4.9656300e+05   4.4982910e+01
   4.9674500e+05   3.6621094e+01
   4.9708900e+05   4.9438477e+01
   4.9747700e+05   4.8278809e+01
   4.9771000e+05   5.0415039e+01
   4.9795400e+05   3.9123535e+01
   4.9815200e+05   4.0344238e+01
   4.9831100e+05   4.4189453e+01
   4.9860900e+05   4.3884277e+01
   4.9880800e+05   3.7719727e+01
   4.9911800e+05   3.9062500e+01
   4.9930800e+05   4.8828125e+01
   4.9950200e+05   4.2602539e+01
   4.9976100e+05   3.7780762e+01
   5.0007500e+05   3.9123535e+01
   5.0040500e+05   4.1992188e+01
   5.0062200e+05   4.8767090e+01
   5.0087800e+05   3.9978027e+01
   5.0109800e+05   3.6376953e+01
   5.0132400e+05   3.7475586e+01
   5.0167200e+05   4.0771484e+01
   5.0197700e+05   4.1198730e+01
   5.0227400e+05   4.3518066e+01
   5.0245100e+05   3.2836914e+01
   5.0274500e+05   4.0283203e+01
   5.0302500e+05   4.9987793e+01
   5.0327700e+05   3.7719727e+01
   5.0355700e+05   4.0710449e+01
   5.0395600e+05   4.4372559e+01
   5.0435900e+05   3.9123535e+01
   5.0473000e+05   4.4250488e+01
   5.0517800e+05   4.5715332e+01
   5.0558800e+05   5.1330566e+01
   5.0601400e+05   4.6020508e+01
   5.0678100e+05   5.3405762e+01
   5.0720800e+05   4.1992188e+01
   5.0836900e+05   4.4982910e+01
   5.0919400e+05   4.3823242e+01
   8.5863000e+05   6.8176270e+01
   8.5890700e+05   6.9091797e+01
   8.5924600e+05   6.3720703e+01
   8.5996800e+05   4.5532227e+01
   8.6056900e+05   5.6884766e+01
   8.6085600e+05   5.6884766e+01
   1.6065410e+06   6.9763184e+01
   1.6066460e+06   6.0729980e+01
   1.6071390e+06   6.6223145e+01
   1.6073460e+06   5.5541992e+01
   1.6074980e+06   5.8776855e+01
   1.6076610e+06   5.7128906e+01
   1.6078040e+06   4.7180176e+01
   1.6079670e+06   5.8654785e+01
   1.6081190e+06   5.0720215e+01
   1.6082780e+06   5.6579590e+01
   1.6084810e+06   5.0720215e+01
   1.6087290e+06   4.9011230e+01
   1.6090290e+06   5.0231934e+01
   1.6093300e+06   4.9743652e+01
   1.6099760e+06   5.1330566e+01
   1.6101700e+06   4.7851563e+01
   1.6104230e+06   4.8339844e+01
   1.6114870e+06   5.1757812e+01
   1.6120780e+06   4.6936035e+01
   1.6125260e+06   5.3649902e+01
   1.6129940e+06   5.0292969e+01
   1.6133960e+06   5.4504395e+01
   1.6141180e+06   4.8034668e+01
   1.6144300e+06   5.4321289e+01
   1.6147240e+06   4.5471191e+01
   1.6150330e+06   4.9133301e+01
   1.6156150e+06   5.3161621e+01
   1.6163150e+06   4.4372559e+01
   1.6168870e+06   4.5898438e+01
   1.6171780e+06   4.6752930e+01
   1.6174110e+06   5.4565430e+01
   1.6181550e+06   5.0659180e+01
   1.6185130e+06   4.8461914e+01
   1.6188330e+06   4.6997070e+01
   1.6190160e+06   5.2612305e+01
   1.6192940e+06   4.2297363e+01
   1.6195160e+06   4.6203613e+01
   1.6198050e+06   4.7729492e+01
   1.6201370e+06   3.7780762e+01
   1.6209560e+06   4.7058105e+01
   1.6211670e+06   4.6875000e+01
   1.6218900e+06   4.6875000e+01
   1.6223030e+06   4.9804688e+01
   1.6227120e+06   4.9072266e+01
   1.6232040e+06   4.6752930e+01
   1.6245960e+06   4.5532227e+01
   1.6250290e+06   5.2490234e+01
   1.6253820e+06   4.5471191e+01
   1.6257650e+06   4.9377441e+01
   1.6261290e+06   5.4260254e+01
   1.6265890e+06   4.7424316e+01
   1.6270450e+06   4.5654297e+01
   1.6280260e+06   3.9001465e+01
   1.6284610e+06   5.1574707e+01
   1.6291050e+06   4.6508789e+01
   1.6294580e+06   5.0415039e+01
   1.6298020e+06   5.0781250e+01
   1.6303380e+06   5.5725098e+01
   1.6308650e+06   5.4199219e+01
   1.6914940e+06   5.9631348e+01
   1.6916180e+06   6.8359375e+01
   1.6919150e+06   5.5969238e+01
   1.6921680e+06   6.3537598e+01
   1.6925550e+06   5.7983398e+01
   1.6926570e+06   4.7058105e+01
   1.6928770e+06   5.2246094e+01
   1.6936360e+06   5.2001953e+01
   1.6938430e+06   4.5715332e+01
   1.7720130e+06   6.9152832e+01
   1.7723160e+06   5.4077148e+01
   1.7725090e+06   6.7138672e+01
   1.7729170e+06   5.8410645e+01
   1.7731040e+06   5.6701660e+01
   1.7733120e+06   5.4748535e+01
   1.7734990e+06   5.2124023e+01
   2.7560040e+06   6.5856934e+01
   2.7562460e+06   6.9580078e+01
   2.7565430e+06   5.6762695e+01
   2.7570680e+06   5.5114746e+01
   2.7573340e+06   5.1940918e+01
   2.7574960e+06   5.6457520e+01
   2.7578290e+06   5.5908203e+01
   2.7580440e+06   5.6518555e+01
   2.7583130e+06   5.5725098e+01
   2.7585820e+06   4.9377441e+01
   2.7588760e+06   5.6396484e+01
   2.7597220e+06   4.9316406e+01
   2.7605580e+06   5.7373047e+01
   2.7613160e+06   5.1086426e+01
   2.7646230e+06   6.1767578e+01
   2.7649260e+06   5.0415039e+01
   2.7650970e+06   5.3771973e+01
   2.7653860e+06   6.0424805e+01
   2.7657020e+06   5.7128906e+01
   2.7660680e+06   5.5114746e+01
   2.7663700e+06   4.6264648e+01
   2.7665420e+06   5.2185059e+01
   2.7668890e+06   4.9377441e+01
   2.7671040e+06   4.8217773e+01
   2.7673170e+06   5.3405762e+01
   2.7674890e+06   2.8625488e+01
   2.7676780e+06   3.7292480e+01
   2.7678590e+06   4.4616699e+01
   2.7682140e+06   4.8156738e+01
   2.7683570e+06   3.5034180e+01
   2.7686400e+06   4.3518066e+01
   2.7688940e+06   4.4677734e+01
   2.7692210e+06   5.3039551e+01
   2.7694020e+06   4.6508789e+01
   2.7695530e+06   3.7780762e+01
   2.7697360e+06   3.8635254e+01
   2.7700110e+06   3.9428711e+01
   2.7702870e+06   4.4799805e+01
   2.7704360e+06   4.8034668e+01
   2.7706460e+06   3.4179688e+01
   2.7707910e+06   3.6437988e+01
   2.7710180e+06   4.5776367e+01
   2.7713190e+06   4.3151855e+01
   2.7715860e+06   4.2968750e+01
   2.7717870e+06   4.2663574e+01
   2.7720920e+06   3.9367676e+01
   2.7724880e+06   4.2602539e+01
   2.7727120e+06   4.2602539e+01
   2.7730700e+06   4.4677734e+01
   2.7734620e+06   4.0954590e+01
   2.7736640e+06   4.4250488e+01
   2.7739660e+06   5.1147461e+01
   2.7742900e+06   4.3518066e+01
   2.7747480e+06   4.7607422e+01
   2.7750060e+06   3.7353516e+01
   2.7752680e+06   3.8269043e+01
   2.7755040e+06   4.9743652e+01
   2.7758460e+06   2.9724121e+01
   2.7760240e+06   4.8339844e+01
   2.7762960e+06   4.2358398e+01
   2.7767310e+06   4.4067383e+01
   2.7770630e+06   4.7912598e+01
   2.7776130e+06   4.5593262e+01
   2.7779050e+06   3.9489746e+01
   2.7780950e+06   3.4179688e+01
   2.7785310e+06   4.2663574e+01
   2.7787510e+06   3.7536621e+01
   2.7791310e+06   3.3935547e+01
   2.7794880e+06   4.1320801e+01
   2.7798780e+06   4.3090820e+01
   2.7803550e+06   4.5776367e+01
   2.7807810e+06   4.4738770e+01
   2.8166250e+06   5.9753418e+01
   2.8169660e+06   6.5551758e+01
   2.8171470e+06   5.5236816e+01
   2.8173020e+06   5.5725098e+01
   2.8173960e+06   5.1269531e+01
   2.8175160e+06   4.3945313e+01
   2.8176490e+06   5.0598145e+01
   2.8177640e+06   3.9611816e+01
   2.8179320e+06   4.3029785e+01
   2.8180300e+06   2.9846191e+01
   2.8181570e+06   3.5827637e+01
   2.8182600e+06   3.4729004e+01
   2.8183560e+06   2.7221680e+01
   2.8184890e+06   3.7658691e+01
   2.8186290e+06   3.8757324e+01
   2.8188730e+06   4.5654297e+01
   2.8190400e+06   3.4179688e+01
   2.8191800e+06   3.7841797e+01
   2.8193280e+06   4.7058105e+01
   2.8195000e+06   4.2907715e+01
   2.8197490e+06   4.1748047e+01
   2.8199740e+06   4.8645020e+01
   2.8202830e+06   4.8034668e+01
   2.8210180e+06   5.2978516e+01
   2.8214760e+06   4.5227051e+01
   2.8502960e+06   6.5734863e+01
   2.8506630e+06   5.9814453e+01
   2.8508040e+06   5.6945801e+01
   2.8509810e+06   6.0852051e+01
   2.8511420e+06   5.1391602e+01
   2.8512870e+06   4.8095703e+01
   2.8515260e+06   5.1452637e+01
   2.8517430e+06   3.2531738e+01
   2.8518570e+06   3.3569336e+01
   2.8520980e+06   4.7485352e+01
   2.8522790e+06   4.8583984e+01
   2.8524460e+06   4.5410156e+01
   2.8525500e+06   3.1494141e+01
   2.8528520e+06   4.9804688e+01
   2.8531060e+06   3.8635254e+01
   2.8533210e+06   4.3457031e+01
   2.8535880e+06   3.9550781e+01
   2.8539420e+06   4.1992188e+01
   2.8542300e+06   5.1452637e+01
   3.7429940e+06   6.3598633e+01
   3.7433690e+06   6.4514160e+01
   3.7436850e+06   7.1960449e+01
   3.8733600e+06   6.9274902e+01
   3.8735150e+06   7.1228027e+01
   3.8738790e+06   6.4270020e+01
   3.8740150e+06   5.3100586e+01
   3.8744480e+06   5.5419922e+01
   3.8745400e+06   4.9011230e+01
   3.8747640e+06   5.7617188e+01
   3.8748440e+06   3.7536621e+01
   3.8750300e+06   5.2673340e+01
   3.8751730e+06   4.2236328e+01
   3.8754760e+06   5.7434082e+01
   3.8759560e+06   5.2917480e+01
   3.8762350e+06   5.1452637e+01
   3.8767090e+06   4.7302246e+01
   3.8770220e+06   4.6142578e+01
   3.8773980e+06   4.7485352e+01
   4.0254540e+06   7.0495605e+01
   4.0256000e+06   6.1279297e+01
   4.0257660e+06   5.3405762e+01
   4.0259080e+06   5.3405762e+01
   4.0260430e+06   5.8227539e+01
   4.0261740e+06   5.3588867e+01
   4.0262750e+06   3.6376953e+01
   4.0263780e+06   2.6794434e+01
   4.0264910e+06   4.1503906e+01
   4.0266510e+06   5.4687500e+01
   4.0269070e+06   5.2856445e+01
   4.0271480e+06   5.8349609e+01
   4.0277700e+06   5.2612305e+01
   4.0281960e+06   5.1757812e+01
   4.0285510e+06   5.0170898e+01
   4.1880370e+06   6.2438965e+01
   4.1882270e+06   7.0922852e+01
   4.1886370e+06   5.8410645e+01
   4.1887770e+06   5.7678223e+01
   4.1891130e+06   6.7749023e+01
   4.1893560e+06   6.2011719e+01
   4.1896240e+06   4.8889160e+01
   4.1897630e+06   5.9692383e+01
   4.1903500e+06   6.2988281e+01
   4.1908280e+06   5.7312012e+01
   4.1910880e+06   5.4992676e+01
   4.1912640e+06   5.1269531e+01
   4.1919480e+06   4.9682617e+01
   4.1924180e+06   5.3222656e+01
   4.3537620e+06   7.3486328e+01
   4.3540560e+06   7.2265625e+01
   4.3542730e+06   6.3781738e+01
   4.3543800e+06   5.0659180e+01
   4.3545290e+06   4.8583984e+01
   4.3546410e+06   5.1818848e+01
   4.3548830e+06   6.2561035e+01
   4.3549810e+06   4.0649414e+01
   4.3551980e+06   6.1340332e+01
   4.3552980e+06   4.0100098e+01
   4.3558960e+06   4.3518066e+01
   4.3561230e+06   5.4138184e+01
   4.3563240e+06   4.6264648e+01
   4.3570110e+06   6.4086914e+01
   4.3576780e+06   4.8645020e+01
   4.4592700e+06   5.8837891e+01
   4.4594400e+06   6.7443848e+01
   4.4598730e+06   5.4504395e+01
   4.4601120e+06   6.0729980e+01
   4.4610660e+06   6.3232422e+01
   4.4616110e+06   5.8654785e+01
   4.5712740e+06   7.3059082e+01
   4.5717770e+06   5.5847168e+01
   4.5719750e+06   6.0363770e+01
   4.5723370e+06   6.2072754e+01
   4.5726440e+06   5.9143066e+01
   4.5727520e+06   4.9743652e+01
   4.5732920e+06   6.2744141e+01
   4.5739330e+06   5.9692383e+01
   4.5742400e+06   5.5175781e+01
   5.4309290e+06   7.1044922e+01
   5.4311360e+06   6.2316895e+01
   5.4313780e+06   6.2316895e+01
   5.4315250e+06   6.7504883e+01
   5.7080670e+06   6.5429688e+01
   5.7081790e+06   6.2805176e+01
   5.7084280e+06   4.1137695e+01
   5.7085100e+06   4.0466309e+01
   5.7087650e+06   6.2622070e+01
   5.7089830e+06   5.2734375e+01
   5.7091480e+06   5.5725098e+01
   5.7098130e+06   5.5297852e+01
   5.7100680e+06   5.4138184e+01
   5.7103860e+06   5.3283691e+01
   5.7109010e+06   5.4809570e+01
   5.8146860e+06   6.5612793e+01
   5.8148560e+06   5.7556152e+01
   5.8153230e+06   6.9763184e+01
   5.8155290e+06   6.4086914e+01
   5.8160340e+06   6.0119629e+01
   5.8161540e+06   5.5236816e+01
   5.8163470e+06   5.9692383e+01
   5.8167980e+06   5.1391602e+01
   5.8171540e+06   5.2246094e+01
   5.8173860e+06   5.7617188e+01
   5.8179950e+06   4.2724609e+01
   5.8187150e+06   5.7067871e+01
   5.9205940e+06   7.0434570e+01
   5.9209310e+06   6.3171387e+01
   5.9218350e+06   6.6040039e+01
   6.5212630e+06   7.2021484e+01
   6.5215370e+06   8.1604004e+01
   6.5218470e+06   6.3293457e+01
   6.5225480e+06   6.2500000e+01
   6.5229860e+06   6.2133789e+01
   6.5243170e+06   6.2255859e+01
   6.5246080e+06   5.3710938e+01
   6.5255740e+06   5.5725098e+01
   6.8641690e+06   6.8908691e+01
   6.8642970e+06   6.0424805e+01
   6.8647150e+06   7.0190430e+01
   6.8650130e+06   6.4758301e+01
   6.8653510e+06   6.0729980e+01
   6.8655810e+06   6.3171387e+01
   6.8658650e+06   5.3771973e+01
   6.8660690e+06   5.2856445e+01
   6.8662220e+06   5.7189941e+01
   6.8665160e+06   5.5358887e+01
   6.8666870e+06   5.9631348e+01
   6.8671950e+06   6.1828613e+01
   6.8674550e+06   5.1513672e+01
   6.8681590e+06   5.0292969e+01
   7.0756050e+06   7.2082520e+01
   7.0758590e+06   5.6701660e+01
   7.0761090e+06   6.4819336e+01
   7.0762250e+06   5.4138184e+01
   7.0763290e+06   5.4077148e+01
   7.0764650e+06   5.8776855e+01
   7.0766470e+06   4.9621582e+01
   7.0767850e+06   5.0415039e+01
   7.0771680e+06   5.8044434e+01
   7.0773990e+06   5.7800293e+01
   7.0775560e+06   4.6691895e+01
   7.0777450e+06   5.5541992e+01
   7.0784210e+06   5.4077148e+01
   7.2312700e+06   6.9946289e+01
   7.2319820e+06   7.0068359e+01
   7.2320920e+06   6.0363770e+01
   7.2324610e+06   6.3476562e+01
   7.2329460e+06   6.0974121e+01
   7.2333580e+06   5.6335449e+01
   7.3648000e+06   7.3364258e+01
   7.3651440e+06   7.2387695e+01
   7.3653420e+06   6.4453125e+01
   7.3654570e+06   4.7058105e+01
   7.3656230e+06   5.2246094e+01
   7.3659180e+06   6.0729980e+01
   7.3661160e+06   6.0852051e+01
   7.3674180e+06   7.5317383e+01
   7.3681480e+06   6.1279297e+01
   7.7339900e+06   2.6977539e+01
   7.9078160e+06   2.6794434e+01
   8.2127320e+06   5.4382324e+01
   8.2129040e+06   6.8298340e+01
   8.2130270e+06   5.3527832e+01
   8.2131670e+06   6.2011719e+01
   8.2136840e+06   6.4025879e+01
   8.2138050e+06   5.2368164e+01
   8.2140170e+06   5.1635742e+01
   8.2142790e+06   6.2133789e+01
   8.2144820e+06   5.3466797e+01
   8.2146490e+06   5.5114746e+01
   8.2149000e+06   4.9560547e+01
   8.7263050e+06   6.6406250e+01
   8.7266960e+06   6.6162109e+01
   8.7268170e+06   6.1584473e+01
   8.7269980e+06   6.1218262e+01
   8.7271260e+06   5.8898926e+01
   8.7275940e+06   6.4392090e+01
   8.7276990e+06   5.8837891e+01
   8.7280450e+06   5.7250977e+01
   8.7281780e+06   5.1208496e+01
   8.8501960e+06   7.4523926e+01
   8.8505120e+06   6.7932129e+01
   8.8507150e+06   5.3833008e+01
   8.8508890e+06   6.4392090e+01
   8.8512600e+06   6.3903809e+01
   8.8515680e+06   5.1574707e+01
   8.8516930e+06   6.1706543e+01
   8.8519070e+06   5.4809570e+01
   8.8523870e+06   6.6711426e+01
   9.6090950e+06   2.8564453e+01
   9.6994100e+06   6.1767578e+01
   9.6995130e+06   5.3833008e+01
   9.6998850e+06   7.2021484e+01
   9.7001490e+06   6.0607910e+01
   9.7003890e+06   5.8715820e+01
   9.7006390e+06   6.0791016e+01
   9.7009450e+06   5.7739258e+01
   9.7011410e+06   5.6579590e+01
   9.7013330e+06   5.5419922e+01
   9.7016350e+06   6.2316895e+01
   9.7020880e+06   5.2001953e+01
   9.9810640e+06   7.5256348e+01
   9.9811490e+06   5.8166504e+01
   9.9823760e+06   6.3720703e+01
   9.9975380e+06   2.7770996e+01
   1.0689784e+07   6.4758301e+01
   1.0689915e+07   6.3598633e+01
   1.0690067e+07   6.3903809e+01
   1.0690277e+07   5.8349609e+01
   1.0690401e+07   5.0170898e+01
   1.0690636e+07   5.2124023e+01
   1.0690802e+07   4.6081543e+01
   1.0690921e+07   4.1320801e+01
   1.0691038e+07   4.3823242e+01
   1.0691275e+07   5.4321289e+01
   1.0691481e+07   5.4931641e+01
   1.0691629e+07   4.6936035e+01
   1.0691952e+07   5.7189941e+01
   1.0692176e+07   5.0781250e+01
   1.0692582e+07   4.6020508e+01
   1.1033080e+07   6.8176270e+01
   1.1033243e+07   7.1899414e+01
   1.1033388e+07   6.4575195e+01
   1.1033719e+07   6.0302734e+01
   1.1033961e+07   6.5002441e+01
   1.1034340e+07   5.6579590e+01
   1.1034565e+07   5.0537109e+01
   1.1034881e+07   5.5419922e+01
   1.1035132e+07   5.1025391e+01
   1.1035273e+07   4.8034668e+01
   1.1035508e+07   5.0170898e+01
   1.1035786e+07   4.6569824e+01
   1.1036368e+07   4.1137695e+01
   1.1144065e+07   7.0068359e+01
   1.1144158e+07   4.9865723e+01
   1.1144308e+07   6.7871094e+01
   1.1144462e+07   5.9265137e+01
   1.1144540e+07   3.9123535e+01
   1.1144720e+07   5.3955078e+01
   1.1144831e+07   4.9804688e+01
   1.1144977e+07   5.3588867e+01
   1.1145146e+07   4.6020508e+01
   1.1145286e+07   5.0292969e+01
   1.1145443e+07   5.1330566e+01
   1.1145628e+07   5.7861328e+01
   1.1145912e+07   5.2185059e+01
   1.1146193e+07   6.1096191e+01
   1.1146511e+07   5.5908203e+01
   1.1147131e+07   5.6030273e+01
   1.1147501e+07   5.1391602e+01
   1.1148008e+07   5.3344727e+01
   1.1148254e+07   5.4626465e+01
   1.1148986e+07   5.1757812e+01
   1.1149164e+07   5.4565430e+01
   1.1149740e+07   5.7128906e+01
   1.1153190e+07   5.5114746e+01
   1.1477645e+07   7.1350098e+01
