   1.1996000e+07   0.0000000e+00
   2.9480000e+03   2.8198242e+01
   3.1530000e+03   2.9174805e+01
   1.0546000e+04   3.1188965e+01
   1.4255000e+04   2.8320312e+01
   1.7222000e+04   2.9296875e+01
   2.1729000e+04   2.8259277e+01
   2.5165000e+04   2.8076172e+01
   3.0179000e+04   3.2104492e+01
   3.2754000e+04   2.8686523e+01
   3.6663000e+04   2.9907227e+01
   3.8522000e+04   2.8015137e+01
   4.3107000e+04   2.8564453e+01
   6.3590000e+04   2.8015137e+01
   7.7572000e+04   3.1738281e+01
   8.1298000e+04   2.8503418e+01
   8.2077000e+04   2.7954102e+01
   9.1610000e+04   3.4423828e+01
   9.5713000e+04   2.9724121e+01
   1.0746800e+05   2.9479980e+01
   1.1098500e+05   2.8259277e+01
   1.1273700e+05   2.9724121e+01
   1.1449800e+05   3.2775879e+01
   1.2067900e+05   2.8869629e+01
   1.2117600e+05   2.8015137e+01
   1.2514900e+05   2.8503418e+01
   1.3349400e+05   2.9541016e+01
   1.3679800e+05   3.1738281e+01
   1.4112200e+05   2.8930664e+01
   1.4592900e+05   2.9052734e+01
   1.5299500e+05   2.9907227e+01
   1.5703800e+05   2.8137207e+01
   1.6852600e+05   3.8146973e+01
   1.7051100e+05   2.8198242e+01
   1.7532800e+05   3.0456543e+01
   1.7917500e+05   3.6376953e+01
   1.8347300e+05   3.1494141e+01
   1.8351100e+05   3.8269043e+01
   1.8356400e+05   2.9418945e+01
   1.8415700e+05   2.8076172e+01
   1.9264600e+05   2.9846191e+01
   1.9491500e+05   3.1982422e+01
   1.9601500e+05   2.8564453e+01
   1.9868300e+05   3.2897949e+01
   2.0009700e+05   2.8564453e+01
   2.0274300e+05   2.9235840e+01
   2.0975200e+05   3.0822754e+01
   2.1146500e+05   2.9052734e+01
   2.2751300e+05   2.8564453e+01
   2.3107700e+05   2.8442383e+01
   2.3376800e+05   2.9846191e+01
   2.4190600e+05   3.9306641e+01
   2.4274000e+05   3.0334473e+01
   2.4688200e+05   3.1677246e+01
   2.7823900e+05   3.0395508e+01
   2.8093100e+05   2.9235840e+01
   2.8952100e+05   3.1188965e+01
   2.9561300e+05   2.8442383e+01
   2.9720000e+05   3.3325195e+01
   2.9955500e+05   3.2592773e+01
   3.0039600e+05   2.9235840e+01
   3.0119300e+05   2.8808594e+01
   3.0275200e+05   2.8320312e+01
   3.0346100e+05   3.1066895e+01
   3.0361300e+05   2.9602051e+01
   3.1736500e+05   2.9235840e+01
   3.2004600e+05   2.8381348e+01
   3.2191500e+05   2.8198242e+01
   3.2808100e+05   2.9846191e+01
   3.3126200e+05   2.8442383e+01
   3.3264700e+05   2.9113770e+01
   3.3330400e+05   2.8503418e+01
   3.4288700e+05   2.8869629e+01
   3.4523800e+05   2.8320312e+01
   3.5472500e+05   2.8808594e+01
   3.5786500e+05   3.0151367e+01
   3.5840000e+05   2.9113770e+01
   3.5850100e+05   2.9418945e+01
   3.6166400e+05   3.2043457e+01
   3.6206100e+05   2.8503418e+01
   3.7171200e+05   3.1982422e+01
   3.8010100e+05   2.9541016e+01
   3.9004000e+05   2.8930664e+01
   3.9054100e+05   2.7954102e+01
   3.9492900e+05   2.8747559e+01
   4.0156100e+05   2.9113770e+01
   4.0256600e+05   3.1738281e+01
   4.1968900e+05   2.8442383e+01
   4.2027100e+05   3.0029297e+01
   4.2038400e+05   3.1616211e+01
   4.2934400e+05   3.5949707e+01
   4.5373500e+05   2.9113770e+01
   4.5623400e+05   3.3081055e+01
   4.6219200e+05   3.1433105e+01
   4.6388700e+05   3.8940430e+01
   4.6653100e+05   2.8503418e+01
   4.6756600e+05   3.1677246e+01
   4.6927600e+05   3.3752441e+01
   4.6977200e+05   3.0517578e+01
   4.7370200e+05   3.1250000e+01
   4.7495800e+05   2.9602051e+01
   4.7819300e+05   3.1311035e+01
   4.7870600e+05   3.0212402e+01
   4.7975600e+05   2.9846191e+01
   4.8291900e+05   2.8747559e+01
   4.8313600e+05   2.8076172e+01
   4.8494000e+05   3.2653809e+01
   4.8561900e+05   2.7954102e+01
   4.8576900e+05   2.8198242e+01
   4.8612300e+05   3.0212402e+01
   4.8729400e+05   2.8503418e+01
   4.8743400e+05   2.8320313e+01
   4.8760500e+05   3.2592773e+01
   4.8850300e+05   2.9235840e+01
   4.8887500e+05   3.6499023e+01
   4.9141900e+05   2.8625488e+01
   4.9186200e+05   3.1799316e+01
   4.9305500e+05   2.9174805e+01
   4.9581200e+05   2.8442383e+01
   4.9745600e+05   3.0151367e+01
   5.0907900e+05   3.5278320e+01
   5.1072800e+05   2.9968262e+01
   5.1163300e+05   3.2531738e+01
   5.2231200e+05   3.4484863e+01
   5.3770900e+05   2.8076172e+01
   5.3941600e+05   2.8625488e+01
   5.4356100e+05   2.7954102e+01
   5.4415600e+05   2.9602051e+01
   5.4897000e+05   2.8198242e+01
   5.5147200e+05   3.4667969e+01
   5.5614800e+05   2.8503418e+01
   5.5804000e+05   3.2714844e+01
   5.6484400e+05   2.9052734e+01
   5.6724400e+05   3.1677246e+01
   5.6987100e+05   2.9357910e+01
   5.7031800e+05   2.8259277e+01
   5.7307400e+05   2.8076172e+01
   5.7625000e+05   3.0700684e+01
   5.7762000e+05   2.8381348e+01
   5.7857900e+05   3.2836914e+01
   5.8108700e+05   2.8259277e+01
   5.8520200e+05   2.8808594e+01
   5.8557900e+05   3.8696289e+01
   5.8628700e+05   2.7954102e+01
   5.9428800e+05   3.0883789e+01
   5.9550600e+05   2.8625488e+01
   5.9581400e+05   2.9663086e+01
   5.9885100e+05   2.9052734e+01
   5.9969500e+05   2.8259277e+01
   6.0344200e+05   2.9113770e+01
   6.1262900e+05   2.7954102e+01
   6.1351100e+05   3.2653809e+01
   6.1721100e+05   2.8869629e+01
   6.1863300e+05   3.0822754e+01
   6.2026500e+05   2.9785156e+01
   6.3246500e+05   3.0212402e+01
   6.4833200e+05   2.8869629e+01
   6.5551800e+05   3.2348633e+01
   6.6109200e+05   3.1799316e+01
   6.7029000e+05   2.8015137e+01
   6.7107600e+05   2.8015137e+01
   6.7361400e+05   3.0029297e+01
   6.8199200e+05   3.0395508e+01
   6.8287500e+05   2.9907227e+01
   6.9414300e+05   2.9174805e+01
   7.0349700e+05   3.0944824e+01
   7.0784100e+05   2.8869629e+01
   7.0903600e+05   3.3020020e+01
   7.1090200e+05   2.8564453e+01
   7.1180200e+05   2.9052734e+01
   7.1590800e+05   2.9296875e+01
   7.2849200e+05   2.8564453e+01
   7.3161700e+05   2.9663086e+01
   7.3545600e+05   2.9479980e+01
   7.4288100e+05   3.0029297e+01
   7.4590300e+05   2.8808594e+01
   7.4999700e+05   3.1372070e+01
   7.5194500e+05   2.8381348e+01
   7.5287100e+05   3.1066895e+01
   7.5645400e+05   2.8564453e+01
   7.5778000e+05   3.0517578e+01
   7.5914200e+05   3.0639648e+01
   7.6859200e+05   3.2226563e+01
   7.7052400e+05   3.0761719e+01
   7.7138600e+05   2.9907227e+01
   7.7379200e+05   2.8137207e+01
   7.9183900e+05   2.8808594e+01
   8.0259200e+05   3.4240723e+01
   8.0776400e+05   2.8564453e+01
   8.0992500e+05   3.0151367e+01
   8.1845800e+05   2.8869629e+01
   8.2569200e+05   2.8564453e+01
   8.2780000e+05   2.9724121e+01
   8.3241800e+05   2.8015137e+01
   8.3611800e+05   2.8442383e+01
   8.3727500e+05   3.2348633e+01
   8.3995500e+05   2.9357910e+01
   8.4570900e+05   3.5827637e+01
   8.4807800e+05   2.8869629e+01
   8.4946800e+05   2.8869629e+01
   8.5218200e+05   2.9174805e+01
   8.5242500e+05   3.0334473e+01
   8.5808300e+05   2.8137207e+01
   8.5866200e+05   2.8808594e+01
   8.5948400e+05   3.1372070e+01
   8.7014600e+05   3.8574219e+01
   8.7034100e+05   2.9602051e+01
   8.7902600e+05   2.9663086e+01
   8.8363300e+05   3.1921387e+01
   8.9575400e+05   2.8930664e+01
   9.0091300e+05   2.8320312e+01
   9.0747800e+05   2.8625488e+01
   9.1883200e+05   3.0944824e+01
   9.3140800e+05   3.1860352e+01
   9.3305500e+05   2.8259277e+01
   9.3517800e+05   3.1982422e+01
   9.3756600e+05   3.1188965e+01
   9.4287200e+05   2.8686523e+01
   9.4514000e+05   2.8320312e+01
   9.5189400e+05   2.9113770e+01
   9.5333400e+05   3.0090332e+01
   9.5600800e+05   2.8442383e+01
   9.5908400e+05   3.3081055e+01
   9.5914000e+05   3.2714844e+01
   9.6249600e+05   3.0517578e+01
   9.6835600e+05   2.8442383e+01
   9.7153400e+05   2.9296875e+01
   9.7526700e+05   2.8930664e+01
   9.8609400e+05   3.7414551e+01
   9.8981000e+05   3.0029297e+01
   9.9571700e+05   3.1982422e+01
   9.9832400e+05   2.8442383e+01
   1.0184640e+06   2.8686523e+01
   1.0191620e+06   2.8137207e+01
   1.0237310e+06   2.8442383e+01
   1.0258030e+06   2.9968262e+01
   1.0274400e+06   2.8137207e+01
   1.0417190e+06   2.9174805e+01
   1.0509160e+06   2.9113770e+01
   1.0521990e+06   3.1433105e+01
   1.0584900e+06   3.1616211e+01
   1.0770840e+06   2.8808594e+01
   1.0803060e+06   2.8442383e+01
   1.0844720e+06   2.8625488e+01
   1.0894880e+06   3.3386230e+01
   1.0898950e+06   2.9846191e+01
   1.0984610e+06   2.9418945e+01
   1.1028900e+06   2.9235840e+01
   1.1030270e+06   2.9724121e+01
   1.1051860e+06   2.8808594e+01
   1.1077570e+06   2.9052734e+01
   1.1109710e+06   3.0639648e+01
   1.1195920e+06   3.0639648e+01
   1.1238540e+06   3.1860352e+01
   1.1352120e+06   3.1921387e+01
   1.1375170e+06   3.1494141e+01
   1.1395790e+06   2.9663086e+01
   1.1402940e+06   3.0151367e+01
   1.1437010e+06   2.8015137e+01
   1.1646610e+06   3.0944824e+01
   1.1654740e+06   2.8869629e+01
   1.1671540e+06   3.0212402e+01
   1.1672400e+06   3.0822754e+01
   1.1731580e+06   3.1005859e+01
   1.1751130e+06   3.0090332e+01
   1.1775880e+06   2.8320313e+01
   1.1830820e+06   2.9663086e+01
   1.1926780e+06   2.9968262e+01
   1.1978870e+06   2.8564453e+01
   1.2119480e+06   2.8198242e+01
   1.2198070e+06   3.2409668e+01
   1.2220420e+06   3.0029297e+01
   1.2228790e+06   2.9052734e+01
   1.2235870e+06   2.9724121e+01
   1.2242010e+06   2.8198242e+01
   1.2296590e+06   2.8137207e+01
   1.2322130e+06   2.9602051e+01
   1.2384390e+06   3.0029297e+01
   1.2436910e+06   2.8503418e+01
   1.2599910e+06   3.5339355e+01
   1.2683830e+06   3.8818359e+01
   1.2806940e+06   2.9479980e+01
   1.2818760e+06   2.8747559e+01
   1.2907770e+06   2.8259277e+01
   1.2954930e+06   2.9968262e+01
   1.2955140e+06   3.1188965e+01
   1.3007100e+06   3.1066895e+01
   1.3016380e+06   2.8076172e+01
   1.3032810e+06   3.2409668e+01
   1.3058530e+06   2.8930664e+01
   1.3062300e+06   2.8808594e+01
   1.3168930e+06   2.9296875e+01
   1.3182760e+06   2.9052734e+01
   1.3228880e+06   2.8442383e+01
   1.3317240e+06   2.8198242e+01
   1.3367570e+06   3.0334473e+01
   1.3459210e+06   3.0273438e+01
   1.3459410e+06   2.8503418e+01
   1.3488360e+06   2.9907227e+01
   1.3492240e+06   3.0883789e+01
   1.3499950e+06   2.8259277e+01
   1.3545710e+06   3.2409668e+01
   1.3592690e+06   3.4851074e+01
   1.3595340e+06   2.8076172e+01
   1.3643240e+06   2.9296875e+01
   1.3664190e+06   2.8564453e+01
   1.3679470e+06   2.8442383e+01
   1.3683640e+06   3.0334473e+01
   1.3692420e+06   3.1921387e+01
   1.3700390e+06   2.8503418e+01
   1.3708320e+06   2.8442383e+01
   1.4038200e+06   2.8991699e+01
   1.4091090e+06   3.1921387e+01
   1.4135720e+06   2.8320313e+01
   1.4143060e+06   3.1494141e+01
   1.4253660e+06   2.9052734e+01
   1.4289680e+06   2.9602051e+01
   1.4332560e+06   2.9418945e+01
   1.4356700e+06   2.9174805e+01
   1.4377610e+06   3.0334473e+01
   1.4398260e+06   3.0456543e+01
   1.4428900e+06   3.0578613e+01
   1.4495050e+06   2.9418945e+01
   1.4541380e+06   3.2226562e+01
   1.4549150e+06   3.0517578e+01
   1.4816230e+06   2.8625488e+01
   1.4888840e+06   2.9785156e+01
   1.4914990e+06   3.2409668e+01
   1.5021860e+06   3.1005859e+01
   1.5031250e+06   2.8259277e+01
   1.5067080e+06   3.0212402e+01
   1.5230010e+06   3.0273438e+01
   1.5255740e+06   2.8198242e+01
   1.5262940e+06   2.8137207e+01
   1.5273920e+06   3.2104492e+01
   1.5281820e+06   2.9846191e+01
   1.5315010e+06   2.8564453e+01
   1.5364800e+06   3.1616211e+01
   1.5467030e+06   2.9296875e+01
   1.5476040e+06   3.0029297e+01
   1.5522660e+06   2.8198242e+01
   1.5570360e+06   2.9663086e+01
   1.5646150e+06   2.9724121e+01
   1.5652620e+06   3.0944824e+01
   1.5728550e+06   3.0151367e+01
   1.5730620e+06   2.9296875e+01
   1.5750160e+06   2.8381348e+01
   1.6072760e+06   2.8015137e+01
   1.6084390e+06   3.3447266e+01
   1.6087870e+06   2.8442383e+01
   1.6094840e+06   3.2226563e+01
   1.6097720e+06   2.8137207e+01
   1.6102710e+06   2.9418945e+01
   1.6122300e+06   3.6621094e+01
   1.6131850e+06   2.9052734e+01
   1.6189700e+06   2.8076172e+01
   1.6204390e+06   2.8137207e+01
   1.6213260e+06   2.8869629e+01
   1.6492460e+06   3.0151367e+01
   1.6584000e+06   3.2775879e+01
   1.6660580e+06   2.8747559e+01
   1.6822080e+06   2.8686523e+01
   1.6841980e+06   3.1494141e+01
   1.6849350e+06   2.8808594e+01
   1.6916480e+06   2.8015137e+01
   1.6924480e+06   2.9846191e+01
   1.6927270e+06   2.9602051e+01
   1.6931680e+06   2.8381348e+01
   1.6931980e+06   3.2958984e+01
   1.6938350e+06   2.9663086e+01
   1.6947770e+06   2.7954102e+01
   1.7019760e+06   2.9113770e+01
   1.7076070e+06   2.9052734e+01
   1.7085920e+06   2.8015137e+01
   1.7096420e+06   2.8991699e+01
   1.7239940e+06   2.8320313e+01
   1.7366100e+06   2.8686523e+01
   1.7368750e+06   2.8564453e+01
   1.7480420e+06   2.9724121e+01
   1.7531290e+06   2.9113770e+01
   1.7543060e+06   2.9602051e+01
   1.7543660e+06   3.1860352e+01
   1.7687020e+06   2.9174805e+01
   1.7723720e+06   2.9602051e+01
   1.7726130e+06   2.9724121e+01
   1.7738170e+06   3.1005859e+01
   1.7747660e+06   2.8137207e+01
   1.7754580e+06   2.8991699e+01
   1.7822750e+06   2.8259277e+01
   1.7878000e+06   2.8747559e+01
   1.7884110e+06   2.8564453e+01
   1.7904270e+06   2.9174805e+01
   1.7983650e+06   2.9663086e+01
   1.8098670e+06   2.9357910e+01
   1.8158310e+06   2.8564453e+01
   1.8383500e+06   2.8381348e+01
   1.8413970e+06   2.9907227e+01
   1.8478070e+06   2.8259277e+01
   1.8485910e+06   3.0761719e+01
   1.8491010e+06   2.8198242e+01
   1.8514370e+06   3.0029297e+01
   1.8552760e+06   2.8198242e+01
   1.8619900e+06   2.8747559e+01
   1.8624470e+06   2.8198242e+01
   1.8624780e+06   2.8564453e+01
   1.8625100e+06   3.6804199e+01
   1.8672910e+06   2.8625488e+01
   1.8734070e+06   3.4057617e+01
   1.8789410e+06   2.9541016e+01
   1.8826870e+06   2.8686523e+01
   1.8839450e+06   2.8259277e+01
   1.8862770e+06   2.8259277e+01
   1.8898140e+06   3.5339355e+01
   1.8925500e+06   2.9907227e+01
   1.8971780e+06   3.0883789e+01
   1.9028070e+06   2.8198242e+01
   1.9075760e+06   3.0334473e+01
   1.9098040e+06   2.8137207e+01
   1.9151330e+06   3.0151367e+01
   1.9166730e+06   2.9907227e+01
   1.9188340e+06   3.1188965e+01
   1.9220550e+06   2.9418945e+01
   1.9327190e+06   3.3325195e+01
   1.9339370e+06   2.7954102e+01
   1.9388720e+06   2.8991699e+01
   1.9416900e+06   2.9846191e+01
   1.9417010e+06   2.8015137e+01
   1.9420590e+06   2.8564453e+01
   1.9493340e+06   3.2775879e+01
   1.9600420e+06   2.8747559e+01
   1.9640790e+06   2.8442383e+01
   1.9887660e+06   2.9113770e+01
   1.9913620e+06   2.7954102e+01
   1.9974120e+06   2.8625488e+01
   2.0090880e+06   2.8747559e+01
   2.0103340e+06   2.9357910e+01
   2.0162390e+06   2.8259277e+01
   2.0351290e+06   2.8137207e+01
   2.0508950e+06   2.7954102e+01
   2.0531480e+06   2.9663086e+01
   2.0592320e+06   2.8137207e+01
   2.0642360e+06   2.8686523e+01
   2.0778790e+06   3.2653809e+01
   2.0783620e+06   2.8503418e+01
   2.0860700e+06   2.9235840e+01
   2.0878330e+06   2.9846191e+01
   2.0882790e+06   2.9663086e+01
   2.0921350e+06   2.9724121e+01
   2.0941520e+06   2.8564453e+01
   2.1017000e+06   2.8076172e+01
   2.1097420e+06   2.8625488e+01
   2.1193950e+06   3.3142090e+01
   2.1223930e+06   2.8869629e+01
   2.1235580e+06   3.2531738e+01
   2.1368990e+06   3.0456543e+01
   2.1399840e+06   3.0639648e+01
   2.1412060e+06   3.1921387e+01
   2.1427850e+06   2.9235840e+01
   2.1448460e+06   2.8076172e+01
   2.1468760e+06   2.9846191e+01
   2.1687270e+06   2.7954102e+01
   2.1702590e+06   2.8198242e+01
   2.1757240e+06   3.0578613e+01
   2.1818370e+06   2.8503418e+01
   2.1880110e+06   2.8381348e+01
   2.1941960e+06   3.0273438e+01
   2.2034380e+06   3.0090332e+01
   2.2148200e+06   2.8747559e+01
   2.2201460e+06   3.1066895e+01
   2.2227700e+06   3.0456543e+01
   2.2230820e+06   2.9357910e+01
   2.2243440e+06   3.0395508e+01
   2.2302510e+06   2.8564453e+01
   2.2389180e+06   2.8442383e+01
   2.2527490e+06   2.8015137e+01
   2.2549920e+06   3.2348633e+01
   2.2761890e+06   3.1921387e+01
   2.2780660e+06   2.9479980e+01
   2.2790640e+06   3.4240723e+01
   2.2842680e+06   2.8808594e+01
   2.2958320e+06   2.8991699e+01
   2.3078630e+06   3.1127930e+01
   2.3111130e+06   3.7170410e+01
   2.3124970e+06   4.1625977e+01
   2.3169520e+06   2.8869629e+01
   2.3205410e+06   2.9663086e+01
   2.3320620e+06   2.9846191e+01
   2.3366420e+06   2.7954102e+01
   2.3416610e+06   2.8930664e+01
   2.3454710e+06   2.9174805e+01
   2.3465510e+06   3.2348633e+01
   2.3477630e+06   2.8320312e+01
   2.3500370e+06   2.9663086e+01
   2.3500900e+06   3.4667969e+01
   2.3507630e+06   3.1555176e+01
   2.3529680e+06   3.0395508e+01
   2.3535740e+06   3.0456543e+01
   2.3597560e+06   2.8808594e+01
   2.3604900e+06   2.8015137e+01
   2.3613240e+06   2.7954102e+01
   2.3975260e+06   2.9968262e+01
   2.4260920e+06   2.9296875e+01
   2.4542610e+06   2.8808594e+01
   2.4651510e+06   2.8076172e+01
   2.4681970e+06   2.8076172e+01
   2.4703080e+06   2.8259277e+01
   2.4832150e+06   3.0639648e+01
   2.4867870e+06   3.1311035e+01
   2.4992380e+06   2.8137207e+01
   2.5023770e+06   2.8442383e+01
   2.5138490e+06   3.0517578e+01
   2.5346320e+06   2.8320313e+01
   2.5354530e+06   2.9235840e+01
   2.5390180e+06   3.2043457e+01
   2.5401690e+06   2.9418945e+01
   2.5541330e+06   2.8442383e+01
   2.5581180e+06   2.8076172e+01
   2.5770900e+06   2.8808594e+01
   2.5800740e+06   2.8198242e+01
   2.5808110e+06   2.8808594e+01
   2.5842490e+06   2.8259277e+01
   2.6006550e+06   3.2531738e+01
   2.6032220e+06   3.0151367e+01
   2.6234230e+06   2.8015137e+01
   2.6292020e+06   2.9602051e+01
   2.6414630e+06   2.8198242e+01
   2.6495960e+06   2.7954102e+01
   2.6505140e+06   3.0456543e+01
   2.6506830e+06   2.8198242e+01
   2.6539730e+06   2.8076172e+01
   2.6543150e+06   2.9785156e+01
   2.6551910e+06   3.0029297e+01
   2.6697630e+06   3.1127930e+01
   2.6820610e+06   3.2165527e+01
   2.6874140e+06   2.8076172e+01
   2.6875110e+06   3.0090332e+01
   2.6919810e+06   2.8381348e+01
   2.6970690e+06   2.8015137e+01
   2.7056630e+06   2.8625488e+01
   2.7105660e+06   2.9052734e+01
   2.7114720e+06   2.8808594e+01
   2.7124550e+06   3.0883789e+01
   2.7163500e+06   2.8747559e+01
   2.7175910e+06   3.1921387e+01
   2.7207740e+06   2.9663086e+01
   2.7208950e+06   2.9479980e+01
   2.7226800e+06   2.8137207e+01
   2.7335170e+06   3.0944824e+01
   2.7390870e+06   3.1005859e+01
   2.7476750e+06   3.2165527e+01
   2.7494620e+06   3.2470703e+01
   2.7515950e+06   2.8686523e+01
   2.7534660e+06   2.8442383e+01
   2.7543960e+06   2.8625488e+01
   2.7546210e+06   3.0639648e+01
   2.7548490e+06   2.8686523e+01
   2.7558240e+06   2.9296875e+01
   2.7558670e+06   2.8076172e+01
   2.7561080e+06   2.8198242e+01
   2.7565570e+06   2.8442383e+01
   2.7568440e+06   3.3569336e+01
   2.7582600e+06   2.8564453e+01
   2.7589550e+06   2.8076172e+01
   2.7602320e+06   3.2104492e+01
   2.7606880e+06   2.8625488e+01
   2.7612330e+06   2.9724121e+01
   2.7624660e+06   2.9052734e+01
   2.7628860e+06   2.8930664e+01
   2.7629240e+06   3.7597656e+01
   2.7634360e+06   2.8625488e+01
   2.7637170e+06   2.8198242e+01
   2.7652370e+06   2.8442383e+01
   2.7660780e+06   2.8503418e+01
   2.7663390e+06   2.8930664e+01
   2.7668790e+06   3.2226562e+01
   2.7690080e+06   3.0273438e+01
   2.7709720e+06   3.1250000e+01
   2.7722520e+06   2.9235840e+01
   2.7865060e+06   3.0273438e+01
   2.7961450e+06   3.4179688e+01
   2.7989870e+06   2.8259277e+01
   2.8072880e+06   2.8198242e+01
   2.8127830e+06   3.2165527e+01
   2.8168200e+06   2.8320312e+01
   2.8173030e+06   2.8320313e+01
   2.8175690e+06   3.3691406e+01
   2.8201120e+06   3.1433105e+01
   2.8441330e+06   2.8564453e+01
   2.8505770e+06   3.0456543e+01
   2.8517840e+06   3.1433105e+01
   2.8623990e+06   2.9479980e+01
   2.8686250e+06   2.9357910e+01
   2.8868720e+06   2.8686523e+01
   2.8979230e+06   3.2958984e+01
   2.9031300e+06   2.8198242e+01
   2.9120330e+06   3.0822754e+01
   2.9222420e+06   2.8320313e+01
   2.9264260e+06   2.8076172e+01
   2.9272500e+06   2.8137207e+01
   2.9332120e+06   3.1860352e+01
   2.9415570e+06   2.8625488e+01
   2.9527270e+06   2.8137207e+01
   2.9528780e+06   2.8747559e+01
   2.9553390e+06   3.1982422e+01
   2.9685860e+06   2.8259277e+01
   2.9724500e+06   2.8747559e+01
   2.9832400e+06   2.9602051e+01
   3.0013880e+06   3.2226562e+01
   3.0026660e+06   2.8320312e+01
   3.0158420e+06   2.8198242e+01
   3.0164160e+06   3.3142090e+01
   3.0176080e+06   3.5400391e+01
   3.0277370e+06   2.8991699e+01
   3.0335290e+06   2.7709961e+01
   3.0373300e+06   2.8137207e+01
   3.0430420e+06   3.1005859e+01
   3.0592630e+06   3.0151367e+01
   3.0663880e+06   2.8869629e+01
   3.0756640e+06   2.7893066e+01
   3.0829630e+06   2.8259277e+01
   3.0834400e+06   3.1677246e+01
   3.0836780e+06   2.8015137e+01
   3.0856990e+06   2.8564453e+01
   3.0864750e+06   3.0883789e+01
   3.1140900e+06   2.8686523e+01
   3.1240390e+06   2.8869629e+01
   3.1282880e+06   2.9602051e+01
   3.1324830e+06   2.9357910e+01
   3.1406510e+06   2.8442383e+01
   3.1553460e+06   2.9724121e+01
   3.1626570e+06   3.1311035e+01
   3.1632130e+06   2.8442383e+01
   3.1666880e+06   2.9663086e+01
   3.1823430e+06   2.9357910e+01
   3.1879670e+06   3.0029297e+01
   3.1929970e+06   3.0029297e+01
   3.1990520e+06   2.8930664e+01
   3.1997200e+06   2.9113770e+01
   3.2033090e+06   2.8747559e+01
   3.2042030e+06   2.9174805e+01
   3.2097040e+06   3.0456543e+01
   3.2309440e+06   2.9357910e+01
   3.2320320e+06   2.9846191e+01
   3.2342050e+06   2.9602051e+01
   3.2394350e+06   2.8198242e+01
   3.2419150e+06   2.8137207e+01
   3.2484690e+06   2.7770996e+01
   3.2617230e+06   3.1982422e+01
   3.2651030e+06   2.8198242e+01
   3.2655500e+06   2.8564453e+01
   3.2688940e+06   2.8076172e+01
   3.2750080e+06   3.2653809e+01
   3.2791290e+06   3.1311035e+01
   3.3010180e+06   2.9296875e+01
   3.3029490e+06   2.9846191e+01
   3.3159080e+06   2.7954102e+01
   3.3305310e+06   3.1005859e+01
   3.3366790e+06   2.8442383e+01
   3.3448510e+06   2.7954102e+01
   3.3480180e+06   2.8808594e+01
   3.3576310e+06   2.8930664e+01
   3.3648470e+06   2.7770996e+01
   3.3668890e+06   2.8564453e+01
   3.3748480e+06   2.9724121e+01
   3.3749110e+06   2.8564453e+01
   3.3805110e+06   2.9968262e+01
   3.3906170e+06   2.8137207e+01
   3.4022620e+06   2.7832031e+01
   3.4042470e+06   3.2836914e+01
   3.4102210e+06   2.7893066e+01
   3.4117830e+06   3.1372070e+01
   3.4165440e+06   2.9724121e+01
   3.4220150e+06   2.8747559e+01
   3.4289080e+06   2.8625488e+01
   3.4300180e+06   2.8503418e+01
   3.4328280e+06   3.0700684e+01
   3.4527150e+06   2.8808594e+01
   3.4588240e+06   2.7709961e+01
   3.4673410e+06   3.7109375e+01
   3.4723840e+06   2.7893066e+01
   3.4809080e+06   2.8137207e+01
   3.4870560e+06   2.8503418e+01
   3.4898230e+06   2.8686523e+01
   3.5069100e+06   3.2775879e+01
   3.5135200e+06   3.1494141e+01
   3.5173000e+06   3.0212402e+01
   3.5215260e+06   2.8259277e+01
   3.5296280e+06   2.8442383e+01
   3.5513660e+06   2.7770996e+01
   3.5571720e+06   2.8259277e+01
   3.5650730e+06   3.1921387e+01
   3.5685070e+06   2.7832031e+01
   3.5739290e+06   3.1433105e+01
   3.5783430e+06   3.1372070e+01
   3.6033310e+06   2.7770996e+01
   3.6034010e+06   2.9724121e+01
   3.6117570e+06   2.8137207e+01
   3.6160470e+06   2.8198242e+01
   3.6178850e+06   2.9357910e+01
   3.6256140e+06   2.9052734e+01
   3.6402180e+06   2.8320312e+01
   3.6421970e+06   2.7709961e+01
   3.6469330e+06   3.0822754e+01
   3.6531810e+06   2.8381348e+01
   3.6540780e+06   2.8198242e+01
   3.6571080e+06   3.0578613e+01
   3.6599800e+06   2.8442383e+01
   3.6628170e+06   3.0578613e+01
   3.6696390e+06   3.0761719e+01
   3.6834190e+06   2.7770996e+01
   3.6903050e+06   2.8259277e+01
   3.6908950e+06   2.9663086e+01
   3.7088130e+06   2.7893066e+01
   3.7096630e+06   2.9174805e+01
   3.7195670e+06   2.8076172e+01
   3.7241760e+06   2.9968262e+01
   3.7248470e+06   2.8015137e+01
   3.7322100e+06   3.1066895e+01
   3.7355430e+06   2.8503418e+01
   3.7376550e+06   2.8930664e+01
   3.7398220e+06   2.8320312e+01
   3.7409700e+06   2.9846191e+01
   3.7430970e+06   3.3203125e+01
   3.7434800e+06   2.8198242e+01
   3.7439110e+06   2.8015137e+01
   3.7458870e+06   2.8442383e+01
   3.7497350e+06   2.7770996e+01
   3.7503980e+06   3.4057617e+01
   3.7685260e+06   3.3874512e+01
   3.7741310e+06   2.7893066e+01
   3.7762500e+06   2.9296875e+01
   3.7885300e+06   3.1066895e+01
   3.7968020e+06   3.2775879e+01
   3.8067400e+06   2.7709961e+01
   3.8186170e+06   2.9052734e+01
   3.8273300e+06   2.9479980e+01
   3.8419320e+06   2.9541016e+01
   3.8433320e+06   2.8564453e+01
   3.8451700e+06   3.5522461e+01
   3.8514900e+06   2.9052734e+01
   3.8555230e+06   3.0944824e+01
   3.8682870e+06   2.8625488e+01
   3.8741810e+06   3.3081055e+01
   3.8749390e+06   3.3691406e+01
   3.8757750e+06   2.8686523e+01
   3.8775200e+06   2.8381348e+01
   3.8955870e+06   3.3752441e+01
   3.9060640e+06   2.8320312e+01
   3.9199260e+06   3.0944824e+01
   3.9204300e+06   2.8137207e+01
   3.9219520e+06   3.0517578e+01
   3.9228870e+06   2.8015137e+01
   3.9232370e+06   2.9663086e+01
   3.9312180e+06   3.2226562e+01
   3.9343860e+06   2.8747559e+01
   3.9365310e+06   2.9602051e+01
   3.9373000e+06   3.4912109e+01
   3.9388060e+06   2.7832031e+01
   3.9451390e+06   2.8259277e+01
   3.9462300e+06   3.0395508e+01
   3.9500800e+06   2.8137207e+01
   3.9524500e+06   2.9357910e+01
   3.9574700e+06   2.9724121e+01
   3.9608790e+06   2.9663086e+01
   3.9682810e+06   2.8930664e+01
   3.9689900e+06   3.1494141e+01
   3.9704060e+06   3.0029297e+01
   3.9807450e+06   2.8991699e+01
   4.0049910e+06   2.7770996e+01
   4.0083840e+06   3.2104492e+01
   4.0089940e+06   2.8381348e+01
   4.0090900e+06   3.2348633e+01
   4.0096860e+06   2.7832031e+01
   4.0184550e+06   2.7709961e+01
   4.0249690e+06   2.9663086e+01
   4.0264990e+06   2.8991699e+01
   4.0269440e+06   2.9724121e+01
   4.0292710e+06   2.9846191e+01
   4.0295310e+06   3.7231445e+01
   4.0385780e+06   3.1982422e+01
   4.0390740e+06   3.1188965e+01
   4.0703620e+06   2.8381348e+01
   4.0837100e+06   2.8259277e+01
   4.0854260e+06   2.9479980e+01
   4.0859660e+06   2.9541016e+01
   4.0912760e+06   2.9541016e+01
   4.0933020e+06   3.0334473e+01
   4.1067590e+06   3.1616211e+01
   4.1228310e+06   2.8137207e+01
   4.1228700e+06   3.2775879e+01
   4.1369100e+06   2.8137207e+01
   4.1445660e+06   2.8259277e+01
   4.1522890e+06   2.7709961e+01
   4.1547780e+06   3.0578613e+01
   4.1635910e+06   2.8503418e+01
   4.1737550e+06   2.8686523e+01
   4.1754840e+06   2.8198242e+01
   4.1759500e+06   3.3264160e+01
   4.1779300e+06   3.1250000e+01
   4.1842420e+06   2.7770996e+01
   4.1872990e+06   2.9052734e+01
   4.1875800e+06   3.0395508e+01
   4.1888120e+06   2.8381348e+01
   4.1902480e+06   3.2531738e+01
   4.1988280e+06   3.3935547e+01
   4.2015580e+06   3.1921387e+01
   4.2291040e+06   2.8137207e+01
   4.2352400e+06   2.8198242e+01
   4.2561630e+06   2.8259277e+01
   4.2596070e+06   2.9479980e+01
   4.2596860e+06   2.9296875e+01
   4.2602190e+06   3.2165527e+01
   4.2670070e+06   2.8076172e+01
   4.2752850e+06   2.8564453e+01
   4.2843650e+06   2.8503418e+01
   4.2933990e+06   2.7954102e+01
   4.2974310e+06   3.1616211e+01
   4.3016810e+06   2.9113770e+01
   4.3047280e+06   3.1555176e+01
   4.3057860e+06   3.0700684e+01
   4.3068890e+06   2.8930664e+01
   4.3123890e+06   2.8198242e+01
   4.3167470e+06   2.8015137e+01
   4.3239280e+06   3.0578613e+01
   4.3289400e+06   2.7954102e+01
   4.3300090e+06   3.7231445e+01
   4.3311290e+06   2.7770996e+01
   4.3365270e+06   2.9479980e+01
   4.3475850e+06   3.0212402e+01
   4.3538260e+06   3.1372070e+01
   4.3549850e+06   2.7893066e+01
   4.3637100e+06   2.8015137e+01
   4.3796430e+06   2.8503418e+01
   4.3842970e+06   2.8259277e+01
   4.3993670e+06   2.8320312e+01
   4.4043500e+06   2.8991699e+01
   4.4088790e+06   3.5949707e+01
   4.4310500e+06   2.7709961e+01
   4.4343410e+06   2.8747559e+01
   4.4464630e+06   2.9052734e+01
   4.4541470e+06   2.8564453e+01
   4.4622030e+06   3.0639648e+01
   4.4677190e+06   3.0456543e+01
   4.4710510e+06   2.7709961e+01
   4.4765120e+06   2.8015137e+01
   4.4800870e+06   3.8635254e+01
   4.4827190e+06   2.8076172e+01
   4.4893500e+06   3.0151367e+01
   4.4911230e+06   2.9052734e+01
   4.5085140e+06   2.8381348e+01
   4.5297270e+06   2.8076172e+01
   4.5375980e+06   3.1616211e+01
   4.5379850e+06   2.8259277e+01
   4.5429000e+06   2.8442383e+01
   4.5456030e+06   3.1127930e+01
   4.5711060e+06   2.7709961e+01
   4.5712980e+06   3.0212402e+01
   4.5717030e+06   2.9663086e+01
   4.5724130e+06   2.8198242e+01
   4.5773520e+06   3.5095215e+01
   4.5809500e+06   2.7893066e+01
   4.5823090e+06   2.9663086e+01
   4.5845180e+06   2.9724121e+01
   4.5908630e+06   2.8442383e+01
   4.5953700e+06   2.9724121e+01
   4.6014210e+06   3.0151367e+01
   4.6109820e+06   2.8259277e+01
   4.6135440e+06   2.7709961e+01
   4.6143530e+06   2.7832031e+01
   4.6338870e+06   2.8869629e+01
   4.6358670e+06   2.9907227e+01
   4.6378920e+06   2.9052734e+01
   4.6562530e+06   2.9968262e+01
   4.6599110e+06   2.8747559e+01
   4.6652760e+06   2.9418945e+01
   4.6710940e+06   2.8320312e+01
   4.6813680e+06   2.9235840e+01
   4.6828030e+06   3.0456543e+01
   4.6837230e+06   2.8198242e+01
   4.6852700e+06   2.8259277e+01
   4.6989440e+06   3.2775879e+01
   4.7182870e+06   3.0273438e+01
   4.7190760e+06   2.9785156e+01
   4.7219520e+06   2.9052734e+01
   4.7237340e+06   2.9602051e+01
   4.7280160e+06   2.8625488e+01
   4.7292710e+06   2.7832031e+01
   4.7302510e+06   2.9113770e+01
   4.7339120e+06   2.8320312e+01
   4.7369860e+06   3.1005859e+01
   4.7465390e+06   3.8574219e+01
   4.7485330e+06   2.8564453e+01
   4.7504020e+06   2.9174805e+01
   4.7523900e+06   3.0151367e+01
   4.7601160e+06   2.7893066e+01
   4.7758040e+06   2.8625488e+01
   4.7785540e+06   2.8015137e+01
   4.7914130e+06   2.8015137e+01
   4.7944470e+06   2.9113770e+01
   4.7971740e+06   3.4301758e+01
   4.8052040e+06   2.8808594e+01
   4.8088210e+06   2.7709961e+01
   4.8186100e+06   2.8991699e+01
   4.8221530e+06   3.2531738e+01
   4.8236010e+06   2.8869629e+01
   4.8337800e+06   2.8991699e+01
   4.8368610e+06   2.9785156e+01
   4.8432110e+06   3.5766602e+01
   4.8441070e+06   2.7709961e+01
   4.8449880e+06   2.9052734e+01
   4.8457010e+06   3.3081055e+01
   4.8457670e+06   2.8320313e+01
   4.8470390e+06   3.0639648e+01
   4.8489190e+06   3.0273438e+01
   4.8495090e+06   2.9357910e+01
   4.8538400e+06   2.8808594e+01
   4.8583960e+06   3.4851074e+01
   4.8629370e+06   3.0090332e+01
   4.8644430e+06   3.0395508e+01
   4.8654430e+06   3.2043457e+01
   4.8856410e+06   2.8198242e+01
   4.8893270e+06   2.9296875e+01
   4.8955720e+06   2.8930664e+01
   4.9052870e+06   2.8015137e+01
   4.9193890e+06   2.7832031e+01
   4.9213410e+06   3.1433105e+01
   4.9297370e+06   2.8442383e+01
   4.9324260e+06   3.4240723e+01
   4.9333110e+06   2.9479980e+01
   4.9376650e+06   2.8930664e+01
   4.9724870e+06   3.1616211e+01
   4.9739460e+06   2.8503418e+01
   4.9792860e+06   2.7709961e+01
   4.9811510e+06   3.1677246e+01
   4.9829750e+06   2.8808594e+01
   4.9853150e+06   2.9357910e+01
   4.9934930e+06   2.8564453e+01
   5.0014800e+06   2.8015137e+01
   5.0077630e+06   2.9846191e+01
   5.0149110e+06   2.8442383e+01
   5.0395060e+06   2.8076172e+01
   5.0747380e+06   2.8442383e+01
   5.0820930e+06   2.7770996e+01
   5.0979110e+06   3.2104492e+01
   5.0995380e+06   2.8869629e+01
   5.1073500e+06   3.1860352e+01
   5.1230820e+06   2.7770996e+01
   5.1431160e+06   2.7832031e+01
   5.1511190e+06   2.8320312e+01
   5.1526400e+06   2.9785156e+01
   5.1744640e+06   2.8808594e+01
   5.1904130e+06   2.8137207e+01
   5.1966200e+06   2.8320312e+01
   5.2059920e+06   2.8137207e+01
   5.2078710e+06   2.8198242e+01
   5.2269500e+06   2.8076172e+01
   5.2275690e+06   3.3203125e+01
   5.2276420e+06   2.7954102e+01
   5.2405990e+06   2.7832031e+01
   5.2456510e+06   2.8015137e+01
   5.2569590e+06   2.7709961e+01
   5.2782540e+06   2.9418945e+01
   5.2801560e+06   2.8808594e+01
   5.2832460e+06   3.0639648e+01
   5.2920720e+06   3.0090332e+01
   5.2967290e+06   2.9174805e+01
   5.3022800e+06   2.9907227e+01
   5.3133380e+06   2.8564453e+01
   5.3235660e+06   3.1799316e+01
   5.3263660e+06   2.8259277e+01
   5.3273420e+06   3.0090332e+01
   5.3353880e+06   2.7893066e+01
   5.3399110e+06   2.7709961e+01
   5.3505200e+06   2.8930664e+01
   5.3596890e+06   3.0517578e+01
   5.4004190e+06   3.9733887e+01
   5.4013070e+06   2.8198242e+01
   5.4088630e+06   2.8198242e+01
   5.4166180e+06   2.8991699e+01
   5.4294500e+06   2.7832031e+01
   5.4309130e+06   3.2409668e+01
   5.4326350e+06   2.9357910e+01
   5.4327670e+06   2.7832031e+01
   5.4338590e+06   4.3884277e+01
   5.4339950e+06   2.8991699e+01
   5.4347330e+06   2.8564453e+01
   5.4363550e+06   2.8625488e+01
   5.4425970e+06   2.9846191e+01
   5.4440510e+06   3.0151367e+01
   5.4488650e+06   2.8137207e+01
   5.4545930e+06   2.8015137e+01
   5.4600370e+06   2.8076172e+01
   5.4697320e+06   2.7770996e+01
   5.4735260e+06   2.8137207e+01
   5.4791910e+06   2.9785156e+01
   5.4838620e+06   3.1188965e+01
   5.5034040e+06   3.0456543e+01
   5.5078390e+06   2.7770996e+01
   5.5132260e+06   3.0395508e+01
   5.5141830e+06   2.8564453e+01
   5.5193030e+06   2.7954102e+01
   5.5202040e+06   2.7954102e+01
   5.5415490e+06   2.9418945e+01
   5.5445770e+06   2.8991699e+01
   5.5481100e+06   2.8381348e+01
   5.5604460e+06   3.0212402e+01
   5.5640260e+06   2.8503418e+01
   5.5646790e+06   2.7770996e+01
   5.5944190e+06   3.1372070e+01
   5.6000080e+06   2.7954102e+01
   5.6015080e+06   2.9174805e+01
   5.6057290e+06   2.8991699e+01
   5.6124870e+06   2.8564453e+01
   5.6389960e+06   2.8808594e+01
   5.6411930e+06   2.8930664e+01
   5.6448700e+06   2.9296875e+01
   5.6503410e+06   3.1433105e+01
   5.6505610e+06   3.2043457e+01
   5.6594920e+06   2.7893066e+01
   5.6605280e+06   2.7770996e+01
   5.6700020e+06   3.0456543e+01
   5.6726400e+06   2.8320312e+01
   5.6845800e+06   2.8259277e+01
   5.6878600e+06   3.0639648e+01
   5.6989000e+06   3.4240723e+01
   5.7083860e+06   2.9174805e+01
   5.7091970e+06   2.9663086e+01
   5.7134640e+06   2.8076172e+01
   5.7332500e+06   2.8930664e+01
   5.7361120e+06   3.9916992e+01
   5.7444570e+06   2.8442383e+01
   5.7489530e+06   2.7709961e+01
   5.7546930e+06   2.9785156e+01
   5.7562150e+06   2.7893066e+01
   5.7823590e+06   2.9663086e+01
   5.7998380e+06   3.0029297e+01
   5.8062460e+06   3.0456543e+01
   5.8147570e+06   2.9541016e+01
   5.8193520e+06   2.8869629e+01
   5.8455170e+06   2.8442383e+01
   5.8616950e+06   2.9113770e+01
   5.8694080e+06   2.8808594e+01
   5.8700870e+06   2.9479980e+01
   5.8706290e+06   2.7893066e+01
   5.8718580e+06   3.1066895e+01
   5.9016690e+06   3.1250000e+01
   5.9057200e+06   3.1677246e+01
   5.9111880e+06   2.9052734e+01
   5.9126460e+06   2.8442383e+01
   5.9211200e+06   3.1799316e+01
   5.9269260e+06   2.8869629e+01
   5.9366450e+06   2.8076172e+01
   5.9469100e+06   2.9663086e+01
   5.9525090e+06   2.8869629e+01
   5.9590500e+06   2.8076172e+01
   5.9674540e+06   2.8076172e+01
   5.9703250e+06   2.8930664e+01
   5.9961340e+06   2.9174805e+01
   5.9973130e+06   3.0944824e+01
   6.0003300e+06   2.8320312e+01
   6.0043680e+06   2.8076172e+01
   6.0112780e+06   2.8869629e+01
   6.0315070e+06   2.8747559e+01
   6.0317350e+06   2.8259277e+01
   6.0562680e+06   2.8442383e+01
   6.0608310e+06   2.8137207e+01
   6.0647430e+06   3.4484863e+01
   6.0704960e+06   2.9785156e+01
   6.0821020e+06   2.9724121e+01
   6.0821170e+06   2.8137207e+01
   6.0843010e+06   2.9174805e+01
   6.0985140e+06   3.1188965e+01
   6.1089050e+06   2.9296875e+01
   6.1205650e+06   2.8015137e+01
   6.1275590e+06   2.8320313e+01
   6.1356180e+06   2.9174805e+01
   6.1372400e+06   3.7841797e+01
   6.1506250e+06   2.9907227e+01
   6.1536970e+06   2.8564453e+01
   6.1565830e+06   2.8930664e+01
   6.1588170e+06   3.0456543e+01
   6.1684300e+06   2.9541016e+01
   6.1790320e+06   2.8381348e+01
   6.1845610e+06   2.9174805e+01
   6.1980830e+06   2.8930664e+01
   6.2039410e+06   2.9907227e+01
   6.2107400e+06   3.0151367e+01
   6.2181630e+06   3.0273438e+01
   6.2199330e+06   2.8625488e+01
   6.2211940e+06   2.9479980e+01
   6.2223630e+06   2.8991699e+01
   6.2332750e+06   2.8015137e+01
   6.2497800e+06   2.8564453e+01
   6.2576810e+06   2.8747559e+01
   6.2652640e+06   2.7954102e+01
   6.2690420e+06   3.1066895e+01
   6.2840510e+06   2.8625488e+01
   6.2846940e+06   2.9174805e+01
   6.2862200e+06   3.5461426e+01
   6.3212120e+06   2.8076172e+01
   6.3248460e+06   2.8808594e+01
   6.3370660e+06   2.9113770e+01
   6.3389540e+06   2.9907227e+01
   6.3537570e+06   2.8869629e+01
   6.3699860e+06   2.7954102e+01
   6.3763740e+06   3.0029297e+01
   6.3881150e+06   2.9235840e+01
   6.4171430e+06   2.9479980e+01
   6.4241250e+06   3.3447266e+01
   6.4417630e+06   2.8686523e+01
   6.4465390e+06   2.9235840e+01
   6.4583100e+06   2.8381348e+01
   6.4725640e+06   3.0151367e+01
   6.4731550e+06   2.9541016e+01
   6.4746480e+06   2.8564453e+01
   6.4811360e+06   2.9846191e+01
   6.4831080e+06   3.1372070e+01
   6.5064880e+06   2.8747559e+01
   6.5210480e+06   2.8747559e+01
   6.5218260e+06   2.8015137e+01
   6.5219870e+06   2.8625488e+01
   6.5224060e+06   3.0822754e+01
   6.5237730e+06   2.8808594e+01
   6.5238350e+06   2.8198242e+01
   6.5254040e+06   4.3884277e+01
   6.5267910e+06   2.8015137e+01
   6.5268830e+06   2.8808594e+01
   6.5275090e+06   3.0883789e+01
   6.5278890e+06   3.0029297e+01
   6.5765600e+06   2.8503418e+01
   6.6013990e+06   3.2348633e+01
   6.6089010e+06   2.8137207e+01
   6.6583380e+06   2.8991699e+01
   6.6745120e+06   2.7954102e+01
   6.6786940e+06   3.0822754e+01
   6.6849880e+06   2.8076172e+01
   6.6879100e+06   2.8076172e+01
   6.6975360e+06   3.5156250e+01
   6.7180620e+06   2.9479980e+01
   6.7233640e+06   2.8991699e+01
   6.7341940e+06   3.0639648e+01
   6.7509700e+06   3.0151367e+01
   6.7530090e+06   2.8503418e+01
   6.7639880e+06   3.2592773e+01
   6.7872040e+06   3.2470703e+01
   6.7900140e+06   2.8137207e+01
   6.7959500e+06   2.9235840e+01
   6.8003400e+06   3.3935547e+01
   6.8036570e+06   2.9052734e+01
   6.8446310e+06   2.9174805e+01
   6.8461290e+06   2.8808594e+01
   6.8500400e+06   3.0822754e+01
   6.8511720e+06   2.8686523e+01
   6.8537190e+06   2.8320312e+01
   6.8554480e+06   2.9113770e+01
   6.8650060e+06   2.8442383e+01
   6.8653960e+06   2.8991699e+01
   6.8672670e+06   3.2043457e+01
   6.8673660e+06   3.5583496e+01
   6.8721400e+06   2.9296875e+01
   6.8789070e+06   3.2226562e+01
   6.8917230e+06   3.1494141e+01
   6.9102590e+06   3.0273437e+01
   6.9113380e+06   3.0090332e+01
   6.9429730e+06   2.8381348e+01
   6.9494330e+06   2.9663086e+01
   6.9698010e+06   3.0944824e+01
   6.9739750e+06   2.8564453e+01
   6.9779500e+06   2.8320313e+01
   6.9969820e+06   2.8808594e+01
   7.0096210e+06   2.9113770e+01
   7.0251710e+06   2.8991699e+01
   7.0266660e+06   2.9357910e+01
   7.0277460e+06   3.0273438e+01
   7.0399530e+06   2.8320312e+01
   7.0463120e+06   2.8564453e+01
   7.0486420e+06   3.0029297e+01
   7.0533350e+06   2.8320312e+01
   7.0728950e+06   2.9479980e+01
   7.0751650e+06   2.8442383e+01
   7.0764570e+06   3.0578613e+01
   7.0771540e+06   3.1738281e+01
   7.0780310e+06   2.9174805e+01
   7.0802280e+06   2.8381348e+01
   7.0895640e+06   2.9541016e+01
   7.0932000e+06   2.8015137e+01
   7.1031510e+06   2.9907227e+01
   7.1047700e+06   2.9968262e+01
   7.1075210e+06   2.8381348e+01
   7.1241100e+06   3.1860352e+01
   7.1341470e+06   2.8564453e+01
   7.1382990e+06   2.8137207e+01
   7.1406580e+06   2.9724121e+01
   7.1413320e+06   2.9113770e+01
   7.1436830e+06   2.8015137e+01
   7.1479520e+06   3.0700684e+01
   7.1596450e+06   2.9174805e+01
   7.1663920e+06   2.9602051e+01
   7.1677390e+06   2.9479980e+01
   7.1700110e+06   2.8442383e+01
   7.1754610e+06   3.0090332e+01
   7.1838480e+06   3.0212402e+01
   7.1938260e+06   3.2836914e+01
   7.1953830e+06   2.9418945e+01
   7.2228540e+06   2.9235840e+01
   7.2234400e+06   3.1372070e+01
   7.2276300e+06   3.0822754e+01
   7.2312530e+06   3.0029297e+01
   7.2322440e+06   2.8198242e+01
   7.2324460e+06   2.9296875e+01
   7.2330790e+06   2.8686523e+01
   7.2383110e+06   2.7954102e+01
   7.2413660e+06   3.0456543e+01
   7.2531260e+06   2.8442383e+01
   7.2601620e+06   3.1311035e+01
   7.2771610e+06   2.8503418e+01
   7.2788510e+06   3.0883789e+01
   7.2908590e+06   2.9968262e+01
   7.3020150e+06   3.1677246e+01
   7.3265740e+06   3.0090332e+01
   7.3440420e+06   3.0151367e+01
   7.3559330e+06   3.3630371e+01
   7.3597320e+06   2.9174805e+01
   7.3611010e+06   2.9602051e+01
   7.3643140e+06   3.2226562e+01
   7.3648200e+06   2.8076172e+01
   7.3650260e+06   3.1188965e+01
   7.3785900e+06   2.9357910e+01
   7.3786750e+06   2.8747559e+01
   7.3889780e+06   2.8625488e+01
   7.3953910e+06   2.8564453e+01
   7.4004680e+06   3.1250000e+01
   7.4134220e+06   3.0761719e+01
   7.4143700e+06   2.8198242e+01
   7.4374560e+06   2.9907227e+01
   7.4408330e+06   2.9418945e+01
   7.4529790e+06   2.9602051e+01
   7.4565360e+06   2.9663086e+01
   7.4642370e+06   2.8869629e+01
   7.4863250e+06   2.9418945e+01
   7.4932990e+06   2.9052734e+01
   7.4951880e+06   3.0639648e+01
   7.4958430e+06   2.8625488e+01
   7.4964400e+06   3.1982422e+01
   7.4972650e+06   3.0761719e+01
   7.4991790e+06   2.8625488e+01
   7.5086370e+06   2.8076172e+01
   7.5221580e+06   2.8991699e+01
   7.5257360e+06   2.8808594e+01
   7.5284870e+06   3.0517578e+01
   7.5293020e+06   2.9663086e+01
   7.5323030e+06   2.8930664e+01
   7.5600260e+06   2.8747559e+01
   7.5678600e+06   2.8930664e+01
   7.5805620e+06   3.0822754e+01
   7.5850870e+06   2.9479980e+01
   7.5962000e+06   2.8503418e+01
   7.6000190e+06   3.0395508e+01
   7.6009670e+06   2.8259277e+01
   7.6079150e+06   2.8564453e+01
   7.6260910e+06   2.8625488e+01
   7.6276990e+06   2.8015137e+01
   7.6378060e+06   3.1311035e+01
   7.6384220e+06   2.8930664e+01
   7.6434070e+06   2.8991699e+01
   7.6569740e+06   2.9663086e+01
   7.6617700e+06   3.2714844e+01
   7.6683030e+06   3.4057617e+01
   7.6704980e+06   3.0334473e+01
   7.6730240e+06   2.8625488e+01
   7.6833010e+06   2.8381348e+01
   7.6840830e+06   2.9479980e+01
   7.6883650e+06   3.0212402e+01
   7.6945290e+06   3.0273438e+01
   7.6947260e+06   3.1677246e+01
   7.6985840e+06   3.0395508e+01
   7.7058460e+06   2.8686523e+01
   7.7079150e+06   2.7954102e+01
   7.7178240e+06   3.0639648e+01
   7.7216300e+06   3.7719727e+01
   7.7242410e+06   2.8625488e+01
   7.7371800e+06   2.8198242e+01
   7.7506570e+06   3.4057617e+01
   7.7547390e+06   2.8564453e+01
   7.7893160e+06   2.8503418e+01
   7.7944610e+06   4.0039062e+01
   7.8008920e+06   3.0395508e+01
   7.8237690e+06   2.8747559e+01
   7.8340230e+06   2.9357910e+01
   7.8641940e+06   3.0334473e+01
   7.8681030e+06   2.9052734e+01
   7.8791390e+06   3.4973145e+01
   7.8840670e+06   3.1860352e+01
   7.8865090e+06   2.8259277e+01
   7.8967820e+06   2.8442383e+01
   7.8980240e+06   3.3325195e+01
   7.8981590e+06   2.8564453e+01
   7.8990150e+06   2.9296875e+01
   7.8992470e+06   2.9479980e+01
   7.9011010e+06   2.8259277e+01
   7.9127140e+06   2.8930664e+01
   7.9137730e+06   2.8381348e+01
   7.9141840e+06   3.2897949e+01
   7.9249700e+06   2.9479980e+01
   7.9426950e+06   2.9235840e+01
   7.9528950e+06   2.9113770e+01
   7.9695800e+06   3.2714844e+01
   7.9706160e+06   2.9296875e+01
   8.0127870e+06   2.8320312e+01
   8.0162800e+06   2.9052734e+01
   8.0267880e+06   4.1625977e+01
   8.0271110e+06   2.8503418e+01
   8.0334390e+06   2.9052734e+01
   8.0360700e+06   2.9235840e+01
   8.0377920e+06   2.8991699e+01
   8.0430960e+06   3.1677246e+01
   8.0487140e+06   3.4240723e+01
   8.0510040e+06   2.8015137e+01
   8.0544370e+06   2.8503418e+01
   8.0674380e+06   2.7954102e+01
   8.0771150e+06   2.8259277e+01
   8.0808400e+06   3.0761719e+01
   8.0923680e+06   3.0090332e+01
   8.0952460e+06   2.7954102e+01
   8.1006830e+06   2.8137207e+01
   8.1027170e+06   3.3752441e+01
   8.1103230e+06   2.8015137e+01
   8.1111760e+06   3.0639648e+01
   8.1328230e+06   3.0517578e+01
   8.1495170e+06   2.8503418e+01
   8.1551700e+06   2.7954102e+01
   8.1567680e+06   2.8442383e+01
   8.1666670e+06   2.9174805e+01
   8.1804770e+06   2.8076172e+01
   8.2002530e+06   2.7954102e+01
   8.2043940e+06   2.9174805e+01
   8.2100980e+06   2.8564453e+01
   8.2115900e+06   2.8564453e+01
   8.2128570e+06   2.8381348e+01
   8.2130500e+06   3.0212402e+01
   8.2137670e+06   3.1982422e+01
   8.2138770e+06   2.8686523e+01
   8.2144690e+06   3.0029297e+01
   8.2238680e+06   2.8137207e+01
   8.2419530e+06   3.1799316e+01
   8.2471620e+06   2.9846191e+01
   8.2550000e+06   2.8015137e+01
   8.2570210e+06   2.8930664e+01
   8.2787160e+06   2.9174805e+01
   8.2833660e+06   3.1799316e+01
   8.2887240e+06   2.8564453e+01
   8.3013260e+06   3.0578613e+01
   8.3033520e+06   3.1005859e+01
   8.3141980e+06   2.7954102e+01
   8.3383370e+06   3.0944824e+01
   8.3403250e+06   3.1005859e+01
   8.3410670e+06   2.9052734e+01
   8.3734040e+06   2.9052734e+01
   8.3840260e+06   3.2592773e+01
   8.3881240e+06   2.8442383e+01
   8.4072120e+06   3.0212402e+01
   8.4208380e+06   2.8320312e+01
   8.4248580e+06   2.8930664e+01
   8.4391800e+06   2.9479980e+01
   8.4562300e+06   2.7954102e+01
   8.4747810e+06   2.9724121e+01
   8.4836800e+06   2.9602051e+01
   8.4928100e+06   2.9296875e+01
   8.5059350e+06   3.2043457e+01
   8.5130570e+06   3.0517578e+01
   8.5152950e+06   3.0883789e+01
   8.5343310e+06   2.8869629e+01
   8.5418590e+06   2.8015137e+01
   8.5598690e+06   2.8076172e+01
   8.5929550e+06   2.8503418e+01
   8.6174260e+06   2.8930664e+01
   8.6211350e+06   2.8625488e+01
   8.6236410e+06   3.0944824e+01
   8.6263980e+06   3.1066895e+01
   8.6371810e+06   2.8320312e+01
   8.6396590e+06   2.8686523e+01
   8.6448080e+06   2.8198242e+01
   8.6502040e+06   2.8442383e+01
   8.6587250e+06   2.8259277e+01
   8.6730140e+06   2.8198242e+01
   8.6823710e+06   2.8869629e+01
   8.6848020e+06   3.3691406e+01
   8.6858950e+06   2.8015137e+01
   8.7074830e+06   2.9052734e+01
   8.7089680e+06   2.8015137e+01
   8.7281470e+06   3.2836914e+01
   8.7290770e+06   2.9418945e+01
   8.7292640e+06   2.9602051e+01
   8.7294200e+06   2.8564453e+01
   8.7367490e+06   2.7954102e+01
   8.7617000e+06   3.1311035e+01
   8.7669180e+06   3.2043457e+01
   8.7767600e+06   2.8015137e+01
   8.7889660e+06   2.8747559e+01
   8.8013730e+06   2.8625488e+01
   8.8063090e+06   3.1738281e+01
   8.8183590e+06   2.9479980e+01
   8.8253210e+06   3.1860352e+01
   8.8287810e+06   3.2409668e+01
   8.8386750e+06   3.0151367e+01
   8.8473160e+06   2.8625488e+01
   8.8504750e+06   3.0395508e+01
   8.8513730e+06   2.9479980e+01
   8.8526540e+06   2.8991699e+01
   8.8530120e+06   2.8808594e+01
   8.8554780e+06   3.2592773e+01
   8.8583560e+06   2.9724121e+01
   8.8590340e+06   3.7658691e+01
   8.8744710e+06   2.9357910e+01
   8.8916890e+06   2.8259277e+01
   8.9080680e+06   3.0761719e+01
   8.9116270e+06   3.0151367e+01
   8.9169120e+06   2.8320312e+01
   8.9294820e+06   3.1127930e+01
   8.9408030e+06   2.8076172e+01
   8.9649470e+06   2.8808594e+01
   8.9925560e+06   2.8564453e+01
   9.0054310e+06   2.8137207e+01
   9.0091150e+06   2.8869629e+01
   9.0207940e+06   3.0273438e+01
   9.0342010e+06   2.9541016e+01
   9.0406980e+06   2.9235840e+01
   9.0504300e+06   2.7893066e+01
   9.0550140e+06   2.9479980e+01
   9.0572930e+06   2.9846191e+01
   9.0628740e+06   2.7954102e+01
   9.0642300e+06   2.8381348e+01
   9.0668780e+06   2.7893066e+01
   9.0759510e+06   2.7648926e+01
   9.0947690e+06   3.4851074e+01
   9.1042770e+06   2.7954102e+01
   9.1308800e+06   2.9724121e+01
   9.1408640e+06   2.8320312e+01
   9.1434680e+06   2.9724121e+01
   9.1594040e+06   2.8808594e+01
   9.1641890e+06   2.8625488e+01
   9.1781760e+06   2.8564453e+01
   9.1874990e+06   2.7954102e+01
   9.1912280e+06   2.8625488e+01
   9.1972100e+06   2.7648926e+01
   9.2301460e+06   2.8198242e+01
   9.2432030e+06   2.7709961e+01
   9.2590870e+06   3.2836914e+01
   9.2793720e+06   3.0151367e+01
   9.2859010e+06   2.7709961e+01
   9.2900820e+06   2.8137207e+01
   9.2918720e+06   3.1738281e+01
   9.2946700e+06   2.8625488e+01
   9.2952340e+06   3.1738281e+01
   9.2962730e+06   2.9785156e+01
   9.3010030e+06   2.7587891e+01
   9.3061280e+06   2.8198242e+01
   9.3166250e+06   2.9113770e+01
   9.3380980e+06   2.8625488e+01
   9.3400750e+06   2.9602051e+01
   9.3710640e+06   3.2897949e+01
   9.3718060e+06   2.8320313e+01
   9.3970690e+06   3.2043457e+01
   9.4196500e+06   3.0151367e+01
   9.4326710e+06   2.8686523e+01
   9.4391800e+06   2.8076172e+01
   9.4422830e+06   2.8320312e+01
   9.4436740e+06   2.8076172e+01
   9.4440130e+06   3.2287598e+01
   9.4968570e+06   2.9541016e+01
   9.5026370e+06   3.3386230e+01
   9.5133130e+06   2.7648926e+01
   9.5151270e+06   2.8503418e+01
   9.5202250e+06   3.5644531e+01
   9.5211070e+06   2.8625488e+01
   9.5224430e+06   2.7709961e+01
   9.5251590e+06   2.7832031e+01
   9.5330830e+06   3.0395508e+01
   9.5386620e+06   2.9418945e+01
   9.5444020e+06   2.8869629e+01
   9.5630110e+06   2.8625488e+01
   9.5677120e+06   2.8381348e+01
   9.5903960e+06   3.2226562e+01
   9.5940440e+06   2.7709961e+01
   9.5966780e+06   2.8015137e+01
   9.5975790e+06   2.7770996e+01
   9.5984090e+06   2.9052734e+01
   9.6010050e+06   3.1005859e+01
   9.6042370e+06   3.4240723e+01
   9.6065560e+06   3.0639648e+01
   9.6228500e+06   3.0700684e+01
   9.6414580e+06   2.8869629e+01
   9.6485360e+06   2.8991699e+01
   9.6918990e+06   2.7832031e+01
   9.6926430e+06   2.7709961e+01
   9.6928470e+06   2.7587891e+01
   9.6970480e+06   2.8381348e+01
   9.6991160e+06   2.8381348e+01
   9.7013980e+06   2.7709961e+01
   9.7026430e+06   3.2897949e+01
   9.7034990e+06   2.9663086e+01
   9.7044790e+06   2.8076172e+01
   9.7048660e+06   2.9357910e+01
   9.7055150e+06   2.7587891e+01
   9.7074290e+06   3.1555176e+01
   9.7321620e+06   2.9724121e+01
   9.7514780e+06   2.8686523e+01
   9.7772190e+06   2.7954102e+01
   9.7895870e+06   2.8503418e+01
   9.7981860e+06   3.4423828e+01
   9.8025280e+06   2.7648926e+01
   9.8119740e+06   2.7648926e+01
   9.8192510e+06   2.7648926e+01
   9.8211390e+06   2.8137207e+01
   9.8234970e+06   2.8625488e+01
   9.8276040e+06   2.7954102e+01
   9.8323780e+06   3.0700684e+01
   9.8484040e+06   2.8442383e+01
   9.8673990e+06   2.8625488e+01
   9.8739460e+06   3.0761719e+01
   9.8786820e+06   2.8320312e+01
   9.8806060e+06   2.7587891e+01
   9.8817120e+06   2.8747559e+01
   9.8824550e+06   3.0334473e+01
   9.8913650e+06   2.8076172e+01
   9.8956670e+06   3.0395508e+01
   9.9070420e+06   2.8198242e+01
   9.9118530e+06   2.8137207e+01
   9.9363240e+06   2.8930664e+01
   9.9401200e+06   2.9052734e+01
   9.9403290e+06   2.9541016e+01
   9.9460340e+06   2.9235840e+01
   9.9552560e+06   2.9541016e+01
   9.9669790e+06   2.7893066e+01
   9.9759410e+06   2.7893066e+01
   9.9844500e+06   2.9418945e+01
   9.9964400e+06   2.8381348e+01
   9.9978350e+06   2.8259277e+01
   1.0004894e+07   2.8198242e+01
   1.0007418e+07   3.3691406e+01
   1.0012441e+07   3.0273438e+01
   1.0013444e+07   2.8869629e+01
   1.0031322e+07   2.7893066e+01
   1.0049417e+07   3.1250000e+01
   1.0077821e+07   3.1127930e+01
   1.0088192e+07   3.0883789e+01
   1.0091937e+07   2.8259277e+01
   1.0092147e+07   2.7709961e+01
   1.0096674e+07   3.0700684e+01
   1.0115475e+07   3.0334473e+01
   1.0130797e+07   2.8381348e+01
   1.0141720e+07   2.9785156e+01
   1.0144023e+07   2.9113770e+01
   1.0168608e+07   2.9785156e+01
   1.0188628e+07   2.9418945e+01
   1.0195249e+07   2.8991699e+01
   1.0206715e+07   2.8320312e+01
   1.0214395e+07   2.8442383e+01
   1.0218528e+07   3.2043457e+01
   1.0222630e+07   2.8808594e+01
   1.0235299e+07   2.7893066e+01
   1.0243114e+07   2.7648926e+01
   1.0253671e+07   3.1494141e+01
   1.0254735e+07   2.8259277e+01
   1.0261436e+07   2.8808594e+01
   1.0270934e+07   2.9846191e+01
   1.0277203e+07   2.7587891e+01
   1.0290322e+07   2.8503418e+01
   1.0294470e+07   2.7832031e+01
   1.0301500e+07   2.9968262e+01
   1.0304667e+07   2.9479980e+01
   1.0309270e+07   2.7709961e+01
   1.0310286e+07   2.9785156e+01
   1.0312461e+07   2.7587891e+01
   1.0314540e+07   2.8259277e+01
   1.0316731e+07   2.8625488e+01
   1.0323738e+07   2.7587891e+01
   1.0326306e+07   2.8808594e+01
   1.0329733e+07   2.8015137e+01
   1.0331161e+07   3.1311035e+01
   1.0344201e+07   2.7893066e+01
   1.0348315e+07   2.8381348e+01
   1.0351122e+07   2.7893066e+01
   1.0372984e+07   3.0883789e+01
   1.0379489e+07   2.7587891e+01
   1.0399932e+07   2.8564453e+01
   1.0400943e+07   2.7770996e+01
   1.0409020e+07   2.8198242e+01
   1.0412334e+07   2.8564453e+01
   1.0415730e+07   2.8686523e+01
   1.0419072e+07   2.7832031e+01
   1.0431423e+07   3.0212402e+01
   1.0431531e+07   2.8015137e+01
   1.0449888e+07   2.9785156e+01
   1.0450332e+07   2.8259277e+01
   1.0452754e+07   3.1860352e+01
   1.0459446e+07   2.8686523e+01
   1.0469712e+07   2.7587891e+01
   1.0470562e+07   2.9174805e+01
   1.0472652e+07   2.8015137e+01
   1.0475654e+07   2.9846191e+01
   1.0481313e+07   3.2226562e+01
   1.0509592e+07   3.0944824e+01
   1.0518148e+07   2.9052734e+01
   1.0530251e+07   2.7648926e+01
   1.0535804e+07   3.1066895e+01
   1.0540682e+07   2.7954102e+01
   1.0544354e+07   3.3081055e+01
   1.0549950e+07   2.9724121e+01
   1.0572631e+07   2.8747559e+01
   1.0606201e+07   3.0822754e+01
   1.0614114e+07   2.8442383e+01
   1.0617284e+07   3.1982422e+01
   1.0621646e+07   2.8137207e+01
   1.0622914e+07   2.9357910e+01
   1.0628082e+07   3.0395508e+01
   1.0647905e+07   2.9785156e+01
   1.0654651e+07   3.2531738e+01
   1.0655336e+07   2.9968262e+01
   1.0659433e+07   2.7770996e+01
   1.0661684e+07   2.8015137e+01
   1.0669137e+07   3.1188965e+01
   1.0685264e+07   2.8381348e+01
   1.0688429e+07   3.1494141e+01
   1.0690110e+07   3.1677246e+01
   1.0690707e+07   3.2714844e+01
   1.0690745e+07   3.0029297e+01
   1.0691136e+07   2.8381348e+01
   1.0692107e+07   2.9541016e+01
   1.0692343e+07   3.0273438e+01
   1.0700467e+07   2.8198242e+01
   1.0706811e+07   2.8320313e+01
   1.0744577e+07   3.0578613e+01
   1.0773793e+07   3.0822754e+01
   1.0788182e+07   2.9663086e+01
   1.0794734e+07   2.7954102e+01
   1.0800160e+07   2.8991699e+01
   1.0825987e+07   2.9479980e+01
   1.0841606e+07   2.9052734e+01
   1.0857053e+07   2.8015137e+01
   1.0859535e+07   2.7709961e+01
   1.0878942e+07   2.8320312e+01
   1.0896412e+07   2.8991699e+01
   1.0898109e+07   2.8015137e+01
   1.0908569e+07   2.8381348e+01
   1.0926580e+07   2.8625488e+01
   1.0932556e+07   3.1860352e+01
   1.0934231e+07   2.8259277e+01
   1.0938098e+07   2.8015137e+01
   1.0939217e+07   3.0639648e+01
   1.0941949e+07   2.7832031e+01
   1.0943945e+07   2.9968262e+01
   1.0951658e+07   3.0822754e+01
   1.0957261e+07   2.8076172e+01
   1.0971155e+07   3.1677246e+01
   1.0971872e+07   2.8198242e+01
   1.0981033e+07   2.9174805e+01
   1.0982342e+07   3.3813477e+01
   1.0982352e+07   2.8747559e+01
   1.0982456e+07   2.8381348e+01
   1.0985393e+07   2.8808594e+01
   1.0996567e+07   2.9418945e+01
   1.1014372e+07   2.7770996e+01
   1.1016076e+07   2.9479980e+01
   1.1018573e+07   2.8198242e+01
   1.1024057e+07   3.1005859e+01
   1.1033125e+07   3.0456543e+01
   1.1034132e+07   2.8503418e+01
   1.1036127e+07   2.8381348e+01
   1.1037396e+07   2.9296875e+01
   1.1045378e+07   2.8686523e+01
   1.1051144e+07   2.9602051e+01
   1.1067421e+07   2.9724121e+01
   1.1072072e+07   2.7832031e+01
   1.1091918e+07   2.8198242e+01
   1.1094661e+07   2.9174805e+01
   1.1104911e+07   2.8381348e+01
   1.1118690e+07   2.8381348e+01
   1.1136769e+07   2.8503418e+01
   1.1137540e+07   2.8076172e+01
   1.1139599e+07   3.3264160e+01
   1.1140295e+07   2.8137207e+01
   1.1145111e+07   2.9418945e+01
   1.1145637e+07   2.8686523e+01
   1.1145744e+07   2.7770996e+01
   1.1146179e+07   3.0700684e+01
   1.1146631e+07   2.8991699e+01
   1.1147814e+07   2.8076172e+01
   1.1148344e+07   3.0212402e+01
   1.1148931e+07   2.9846191e+01
   1.1156526e+07   3.0639648e+01
   1.1160149e+07   2.8808594e+01
   1.1168773e+07   3.1494141e+01
   1.1214516e+07   2.8015137e+01
   1.1216995e+07   2.7832031e+01
   1.1224434e+07   3.0395508e+01
   1.1235731e+07   2.8808594e+01
   1.1236967e+07   3.0944824e+01
   1.1241884e+07   3.0883789e+01
   1.1250491e+07   2.9357910e+01
   1.1258298e+07   2.7770996e+01
   1.1259957e+07   2.9846191e+01
   1.1274617e+07   2.7770996e+01
   1.1285243e+07   3.6010742e+01
   1.1296321e+07   2.7954102e+01
   1.1305638e+07   2.8503418e+01
   1.1314292e+07   2.8381348e+01
   1.1322376e+07   2.9235840e+01
   1.1323416e+07   2.7648926e+01
   1.1329667e+07   3.2531738e+01
   1.1334252e+07   2.8869629e+01
   1.1339904e+07   2.7770996e+01
   1.1361238e+07   3.0212402e+01
   1.1365535e+07   2.7832031e+01
   1.1370929e+07   2.8259277e+01
   1.1378348e+07   3.1921387e+01
   1.1413878e+07   2.9052734e+01
   1.1414004e+07   2.9418945e+01
   1.1414480e+07   2.7648926e+01
   1.1423607e+07   2.7648926e+01
   1.1439294e+07   2.8564453e+01
   1.1447567e+07   3.0822754e+01
   1.1451689e+07   3.2592773e+01
   1.1451740e+07   2.7832031e+01
   1.1457420e+07   2.8686523e+01
   1.1459184e+07   2.8198242e+01
   1.1466168e+07   2.7648926e+01
   1.1467077e+07   3.0151367e+01
   1.1469019e+07   2.8564453e+01
   1.1476887e+07   3.0273438e+01
   1.1477253e+07   3.0944824e+01
   1.1477554e+07   2.7832031e+01
   1.1478391e+07   3.1799316e+01
   1.1486305e+07   3.0944824e+01
   1.1498365e+07   2.9724121e+01
   1.1501015e+07   2.7709961e+01
   1.1505264e+07   3.0395508e+01
   1.1506732e+07   2.8930664e+01
   1.1509659e+07   2.8198242e+01
   1.1511523e+07   2.8015137e+01
   1.1529036e+07   2.9357910e+01
   1.1540585e+07   2.8137207e+01
   1.1544357e+07   2.8259277e+01
   1.1545967e+07   2.8137207e+01
   1.1550657e+07   2.8564453e+01
   1.1562367e+07   2.9052734e+01
   1.1571734e+07   2.8625488e+01
   1.1584021e+07   2.9235840e+01
   1.1596317e+07   2.8381348e+01
   1.1597615e+07   2.9479980e+01
   1.1603450e+07   2.8808594e+01
   1.1603888e+07   2.7770996e+01
   1.1603948e+07   2.8015137e+01
   1.1611053e+07   2.8259277e+01
   1.1625823e+07   2.7954102e+01
   1.1627892e+07   3.2714844e+01
   1.1638577e+07   3.1188965e+01
   1.1642983e+07   3.3203125e+01
   1.1644486e+07   2.7893066e+01
   1.1646731e+07   2.8625488e+01
   1.1650429e+07   2.8259277e+01
   1.1665282e+07   2.7709961e+01
   1.1668873e+07   2.7648926e+01
   1.1674283e+07   2.9479980e+01
   1.1679404e+07   2.7648926e+01
   1.1689453e+07   2.7893066e+01
   1.1692874e+07   3.2287598e+01
   1.1702827e+07   2.9174805e+01
   1.1703746e+07   2.8320312e+01
   1.1704640e+07   2.8381348e+01
   1.1715707e+07   2.7770996e+01
   1.1747749e+07   2.7587891e+01
   1.1749985e+07   2.8015137e+01
   1.1798262e+07   2.9846191e+01
   1.1827889e+07   2.8808594e+01
   1.1830025e+07   3.0395508e+01
   1.1846580e+07   2.7893066e+01
   1.1853875e+07   3.0151367e+01
   1.1870348e+07   2.8991699e+01
   1.1891692e+07   2.8747559e+01
   1.1896705e+07   2.8747559e+01
   1.1898526e+07   2.8442383e+01
   1.1936699e+07   3.3020020e+01
   1.1941658e+07   3.1433105e+01
   1.1944216e+07   3.1188965e+01
   1.1955696e+07   2.9052734e+01
   1.1967209e+07   2.8015137e+01
   1.1984509e+07   2.9846191e+01
