   1.1996000e+07   0.0000000e+00
   3.4728000e+04   3.8757324e+01
   3.5671000e+04   4.1809082e+01
   1.8858100e+05   5.6884766e+01
   1.9817300e+05   4.1076660e+01
   2.5015400e+05   4.9926758e+01
   2.5942900e+05   4.1625977e+01
   4.6148000e+05   4.4067383e+01
   7.4492400e+05   5.1696777e+01
   1.1640490e+06   4.6386719e+01
   1.2176940e+06   4.4921875e+01
   1.2748430e+06   3.5644531e+01
   1.2748950e+06   3.7292480e+01
   1.2861550e+06   3.8024902e+01
   1.2861970e+06   7.3547363e+01
   1.4260640e+06   3.9062500e+01
   1.4418320e+06   4.2724609e+01
   1.4418580e+06   6.4025879e+01
   1.6250660e+06   4.4982910e+01
   1.6250950e+06   7.0983887e+01
   1.7066660e+06   4.0100098e+01
   1.7067130e+06   7.2875977e+01
   1.7376010e+06   3.4606934e+01
   2.0538230e+06   3.4912109e+01
   2.0538640e+06   5.1269531e+01
   2.3167620e+06   3.9123535e+01
   2.4661120e+06   3.9978027e+01
   2.5230340e+06   8.9233398e+01
   2.5438920e+06   3.4606934e+01
   2.6004290e+06   4.7790527e+01
   2.6141350e+06   5.5236816e+01
   2.6951590e+06   6.6833496e+01
   2.6967510e+06   4.1503906e+01
   2.6968080e+06   7.5256348e+01
   3.0275860e+06   3.9123535e+01
   3.2279750e+06   4.2419434e+01
   3.3711530e+06   4.1442871e+01
   3.4887910e+06   4.0283203e+01
   3.4888490e+06   7.5683594e+01
   3.5900670e+06   3.5156250e+01
   3.8373350e+06   3.5522461e+01
   3.9277600e+06   4.7729492e+01
   4.0767380e+06   4.6813965e+01
   4.0777560e+06   3.8757324e+01
   4.2628750e+06   4.9804688e+01
   4.5018230e+06   4.8828125e+01
   5.1487090e+06   3.8146973e+01
   5.2834910e+06   3.7292480e+01
   5.6089660e+06   4.0405273e+01
   5.7775670e+06   3.7658691e+01
   5.8139370e+06   4.4921875e+01
   5.8140010e+06   6.2377930e+01
   6.0401940e+06   5.5969238e+01
   6.0517410e+06   3.9306641e+01
   6.0518960e+06   3.6865234e+01
   6.0639510e+06   3.5400391e+01
   6.0686290e+06   3.7475586e+01
   6.3692390e+06   4.5654297e+01
   6.4363030e+06   4.6569824e+01
   6.7526320e+06   3.5949707e+01
   6.7796560e+06   4.5837402e+01
   7.0228450e+06   4.0161133e+01
   7.1033580e+06   3.7841797e+01
   7.1145540e+06   4.7485352e+01
   7.3759970e+06   4.1931152e+01
   7.4786370e+06   3.4790039e+01
   7.5978270e+06   3.9367676e+01
   7.5978630e+06   6.7504883e+01
   7.6113200e+06   3.5766602e+01
   7.7408690e+06   4.2053223e+01
   8.1120630e+06   4.0771484e+01
   8.1238740e+06   4.3518066e+01
   8.2281050e+06   5.7495117e+01
   8.3667140e+06   3.6254883e+01
   8.3759450e+06   3.5583496e+01
   8.4601740e+06   3.6071777e+01
   8.6037290e+06   4.4372559e+01
   8.7247630e+06   3.9733887e+01
   8.9322030e+06   3.5583496e+01
   8.9322460e+06   4.4372559e+01
   9.2909980e+06   4.1137695e+01
   9.4379430e+06   3.7109375e+01
   9.6697040e+06   4.3029785e+01
   1.0311171e+07   4.0100098e+01
   1.0744752e+07   3.6682129e+01
   1.0975014e+07   5.2612305e+01
   1.0983194e+07   4.7302246e+01
   1.0983475e+07   3.9184570e+01
   1.1026593e+07   4.7363281e+01
   1.1522503e+07   3.9184570e+01
   1.1522543e+07   7.3974609e+01
   1.1749292e+07   4.6325684e+01
   1.1749331e+07   6.8786621e+01
