   1.1996000e+07   0.0000000e+00
   1.6127000e+04   4.1320801e+01
   2.9081000e+04   4.9926758e+01
   3.1764000e+04   4.3762207e+01
   3.5092000e+04   4.3457031e+01
   4.0451000e+04   4.1137695e+01
   5.1455000e+04   4.2602539e+01
   5.8077000e+04   4.1992188e+01
   6.3203000e+04   4.2846680e+01
   7.2654000e+04   4.1870117e+01
   9.5544000e+04   4.2053223e+01
   1.0178200e+05   4.1381836e+01
   1.2971400e+05   4.5288086e+01
   1.3505200e+05   4.3273926e+01
   1.3509900e+05   4.0954590e+01
   1.9301000e+05   4.1503906e+01
   1.9621500e+05   4.1381836e+01
   2.1027900e+05   4.2480469e+01
   2.1747900e+05   4.3579102e+01
   2.2156500e+05   4.2175293e+01
   2.2497200e+05   4.6508789e+01
   2.2508500e+05   4.6691895e+01
   2.3650200e+05   4.2480469e+01
   2.4427900e+05   4.4555664e+01
   2.7228800e+05   4.4006348e+01
   2.7238900e+05   4.2297363e+01
   2.8227300e+05   4.2297363e+01
   2.8517000e+05   4.1442871e+01
   2.9404100e+05   4.6813965e+01
   3.1205000e+05   4.4250488e+01
   3.1480500e+05   4.2663574e+01
   3.4532800e+05   4.1442871e+01
   3.5557500e+05   4.6203613e+01
   3.6350000e+05   4.1198730e+01
   3.7886100e+05   4.6508789e+01
   3.9853400e+05   4.1625977e+01
   4.0099600e+05   4.3823242e+01
   4.3102900e+05   4.2602539e+01
   4.4187000e+05   4.2846680e+01
   4.4962100e+05   4.5349121e+01
   4.4966800e+05   4.3395996e+01
   4.6612800e+05   4.7668457e+01
   4.7141700e+05   4.1198730e+01
   4.7146300e+05   4.3823242e+01
   4.8432200e+05   4.3029785e+01
   4.8442800e+05   4.0954590e+01
   5.2624600e+05   4.1015625e+01
   5.2970000e+05   4.1076660e+01
   5.3887400e+05   4.1992188e+01
   5.6008100e+05   4.1625977e+01
   5.6234200e+05   4.2236328e+01
   5.7445400e+05   4.1870117e+01
   5.9577900e+05   4.5837402e+01
   6.1688300e+05   4.1992188e+01
   6.2045300e+05   4.1503906e+01
   6.2315100e+05   4.1870117e+01
   6.2849500e+05   4.4677734e+01
   6.3616700e+05   4.9072266e+01
   6.4499400e+05   4.4799805e+01
   6.5456000e+05   4.3640137e+01
   6.7920800e+05   4.2053223e+01
   7.1825900e+05   4.1748047e+01
   7.6446300e+05   4.9804688e+01
   7.7454300e+05   4.5288086e+01
   7.8682600e+05   4.1137695e+01
   8.1416600e+05   4.2480469e+01
   8.3641200e+05   4.3090820e+01
   8.3870600e+05   4.1015625e+01
   8.4466500e+05   4.6142578e+01
   8.5078100e+05   4.3701172e+01
   8.5082900e+05   4.3640137e+01
   8.6002100e+05   4.2846680e+01
   8.7788000e+05   4.1015625e+01
   8.7792800e+05   4.2175293e+01
   8.8334100e+05   4.1320801e+01
   8.8810200e+05   4.2663574e+01
   8.9549600e+05   4.7790527e+01
   8.9743600e+05   4.4372559e+01
   9.3105600e+05   4.6752930e+01
   9.3716800e+05   4.1809082e+01
   9.4515900e+05   4.2907715e+01
   9.4939900e+05   4.3823242e+01
   1.0343040e+06   4.1687012e+01
   1.0393670e+06   4.2785645e+01
   1.0424260e+06   4.1564941e+01
   1.0563060e+06   4.4128418e+01
   1.0730620e+06   4.3273926e+01
   1.1057190e+06   4.1992188e+01
   1.1518710e+06   4.1198730e+01
   1.2242380e+06   4.1687012e+01
   1.2274990e+06   4.1381836e+01
   1.2390080e+06   4.2663574e+01
   1.2639400e+06   4.2053223e+01
   1.2823930e+06   4.1748047e+01
   1.2905930e+06   4.1748047e+01
   1.3044490e+06   4.2419434e+01
   1.3239340e+06   4.3151855e+01
   1.3270030e+06   4.2541504e+01
   1.3489620e+06   4.4311523e+01
   1.3513510e+06   4.4372559e+01
   1.3604970e+06   4.3457031e+01
   1.3635040e+06   4.1015625e+01
   1.3843100e+06   4.1687012e+01
   1.4084280e+06   4.3395996e+01
   1.4221710e+06   4.2846680e+01
   1.4340850e+06   4.3273926e+01
   1.4411330e+06   4.9316406e+01
   1.4490200e+06   4.2907715e+01
   1.4537920e+06   4.3273926e+01
   1.4815750e+06   4.2602539e+01
   1.4946760e+06   4.1809082e+01
   1.5108500e+06   4.2663574e+01
   1.5289210e+06   4.1992188e+01
   1.5313200e+06   4.5471191e+01
   1.5494710e+06   4.1687012e+01
   1.6036440e+06   4.3518066e+01
   1.6036930e+06   4.1687012e+01
   1.6162780e+06   4.2358398e+01
   1.6405470e+06   4.4006348e+01
   1.6626900e+06   4.1809082e+01
   1.6823150e+06   4.1442871e+01
   1.6890730e+06   4.1076660e+01
   1.6972490e+06   4.1259766e+01
   1.7004940e+06   4.2602539e+01
   1.7067530e+06   4.2297363e+01
   1.7104190e+06   4.9499512e+01
   1.7105220e+06   4.1931152e+01
   1.7145000e+06   4.4982910e+01
   1.7185910e+06   4.6203613e+01
   1.7509880e+06   4.4250488e+01
   1.7532760e+06   5.3955078e+01
   1.7940180e+06   4.8645020e+01
   1.8015660e+06   4.4189453e+01
   1.8167210e+06   4.5532227e+01
   1.8280240e+06   4.4372559e+01
   1.8465240e+06   4.5898438e+01
   1.8529290e+06   4.4006348e+01
   1.8612570e+06   4.5166016e+01
   1.8638890e+06   4.7668457e+01
   1.8826360e+06   4.1015625e+01
   1.9005100e+06   4.1748047e+01
   1.9057540e+06   4.2419434e+01
   1.9143390e+06   4.3457031e+01
   1.9207560e+06   4.1137695e+01
   1.9326310e+06   4.2297363e+01
   1.9772800e+06   4.4067383e+01
   2.0243730e+06   4.8645020e+01
   2.0444610e+06   4.1015625e+01
   2.0602920e+06   4.4860840e+01
   2.0672750e+06   4.0954590e+01
   2.0930000e+06   4.6875000e+01
   2.1026830e+06   4.1687012e+01
   2.1262340e+06   4.3090820e+01
   2.1318640e+06   4.2480469e+01
   2.1581920e+06   4.2541504e+01
   2.1709180e+06   4.5349121e+01
   2.1945540e+06   4.0954590e+01
   2.2399200e+06   4.1015625e+01
   2.2465030e+06   4.1503906e+01
   2.2597810e+06   4.2724609e+01
   2.2736710e+06   4.8156738e+01
   2.2824920e+06   4.1809082e+01
   2.3755450e+06   4.5166016e+01
   2.3973260e+06   4.3395996e+01
   2.3973720e+06   4.1931152e+01
   2.3977120e+06   4.2053223e+01
   2.4343310e+06   4.2297363e+01
   2.4525260e+06   4.4616699e+01
   2.4760500e+06   4.2602539e+01
   2.4864680e+06   4.3090820e+01
   2.5296170e+06   4.1687012e+01
   2.5948330e+06   4.1015625e+01
   2.6118250e+06   4.6813965e+01
   2.6322170e+06   4.3273926e+01
   2.6657900e+06   4.3457031e+01
   2.7127040e+06   4.8339844e+01
   2.7261140e+06   4.6142578e+01
   2.7307890e+06   4.3395996e+01
   2.7395720e+06   4.3212891e+01
   2.7572250e+06   4.3090820e+01
   2.8779120e+06   4.1870117e+01
   2.8824440e+06   4.2968750e+01
   2.9174230e+06   4.1809082e+01
   2.9432110e+06   4.1015625e+01
   3.0055400e+06   4.0771484e+01
   3.0256750e+06   4.1870117e+01
   3.0257230e+06   4.3457031e+01
   3.0590330e+06   4.2907715e+01
   3.0632770e+06   4.2968750e+01
   3.1176030e+06   4.2724609e+01
   3.1412760e+06   4.1625977e+01
   3.1705630e+06   4.1076660e+01
   3.2067530e+06   4.2236328e+01
   3.2244550e+06   4.1503906e+01
   3.2423030e+06   4.3090820e+01
   3.3274350e+06   4.2175293e+01
   3.3494140e+06   4.4738770e+01
   3.3851060e+06   4.1809082e+01
   3.4039800e+06   4.4128418e+01
   3.4067390e+06   4.1870117e+01
   3.4371720e+06   4.0893555e+01
   3.4455760e+06   4.4799805e+01
   3.4548760e+06   4.2175293e+01
   3.5357290e+06   4.4433594e+01
   3.5381500e+06   4.2175293e+01
   3.5416880e+06   4.5654297e+01
   3.5533430e+06   4.3518066e+01
   3.6241720e+06   4.3334961e+01
   3.6880330e+06   4.1442871e+01
   3.7003940e+06   4.0954590e+01
   3.7141990e+06   4.4738770e+01
   3.7656400e+06   4.2968750e+01
   3.7695850e+06   4.7302246e+01
   3.7803880e+06   4.6325684e+01
   3.8143290e+06   4.0954590e+01
   3.8371430e+06   4.2297363e+01
   3.8634280e+06   4.5410156e+01
   3.8635240e+06   4.1137695e+01
   3.8676190e+06   4.4799805e+01
   3.9052900e+06   4.5349121e+01
   3.9316640e+06   4.1259766e+01
   3.9484240e+06   4.8400879e+01
   3.9687350e+06   4.2175293e+01
   4.0108420e+06   4.1015625e+01
   4.0168410e+06   4.1442871e+01
   4.0311120e+06   4.1564941e+01
   4.0427710e+06   4.1381836e+01
   4.0700120e+06   4.1381836e+01
   4.0858610e+06   4.3945312e+01
   4.1227380e+06   4.1320801e+01
   4.1418290e+06   4.8706055e+01
   4.1446990e+06   4.3212891e+01
   4.1620910e+06   4.1259766e+01
   4.1683160e+06   4.4311523e+01
   4.2006720e+06   4.1625977e+01
   4.2043300e+06   4.1503906e+01
   4.2075300e+06   4.4006348e+01
   4.2392710e+06   4.1198730e+01
   4.2761830e+06   4.2358398e+01
   4.2854070e+06   4.3334961e+01
   4.2928890e+06   4.1320801e+01
   4.3012860e+06   4.0771484e+01
   4.3139060e+06   4.2724609e+01
   4.3391840e+06   4.2602539e+01
   4.3419510e+06   4.1809082e+01
   4.3590180e+06   4.1076660e+01
   4.3645140e+06   4.4250488e+01
   4.3697490e+06   4.3029785e+01
   4.3976180e+06   4.1503906e+01
   4.4032690e+06   4.2541504e+01
   4.4207330e+06   4.1442871e+01
   4.4485340e+06   4.4006348e+01
   4.4605230e+06   4.4128418e+01
   4.4645500e+06   4.9133301e+01
   4.4719980e+06   4.2114258e+01
   4.4914980e+06   4.0954590e+01
   4.5070210e+06   4.2358398e+01
   4.5302410e+06   4.0771484e+01
   4.5382320e+06   4.1931152e+01
   4.5578690e+06   4.4189453e+01
   4.5723470e+06   4.1137695e+01
   4.5782530e+06   4.1137695e+01
   4.6137040e+06   4.1259766e+01
   4.6289950e+06   4.2053223e+01
   4.6584840e+06   4.1748047e+01
   4.7078670e+06   4.1503906e+01
   4.7121330e+06   4.1198730e+01
   4.7247780e+06   4.3029785e+01
   4.8143730e+06   4.4555664e+01
   4.8185630e+06   4.1931152e+01
   4.8448820e+06   4.0954590e+01
   4.8515880e+06   4.4738770e+01
   4.8728120e+06   4.0893555e+01
   4.9347280e+06   4.4067383e+01
   4.9389600e+06   4.2358398e+01
   4.9540040e+06   4.0893555e+01
   4.9831080e+06   4.6569824e+01
   4.9944820e+06   4.2114258e+01
   5.0004160e+06   4.3029785e+01
   5.0099630e+06   4.2602539e+01
   5.0179970e+06   4.4860840e+01
   5.0602350e+06   4.4677734e+01
   5.0632720e+06   4.0710449e+01
   5.0770800e+06   4.1564941e+01
   5.1436250e+06   4.1076660e+01
   5.1575910e+06   4.0771484e+01
   5.1737240e+06   4.4433594e+01
   5.2357330e+06   4.0710449e+01
   5.2687340e+06   4.9377441e+01
   5.2730170e+06   4.3395996e+01
   5.2824970e+06   4.1992188e+01
   5.2994440e+06   4.3518066e+01
   5.3092510e+06   4.0832520e+01
   5.3121140e+06   4.5593262e+01
   5.3285150e+06   4.2480469e+01
   5.3440680e+06   4.7546387e+01
   5.3669570e+06   4.0771484e+01
   5.3938390e+06   4.1015625e+01
   5.4071920e+06   4.8034668e+01
   5.4190210e+06   4.0771484e+01
   5.4352540e+06   4.3212891e+01
   5.5249890e+06   4.5349121e+01
   5.5519220e+06   4.1931152e+01
   5.5735170e+06   4.5043945e+01
   5.5786070e+06   4.0710449e+01
   5.6309710e+06   4.1076660e+01
   5.6826660e+06   4.1625977e+01
   5.6924700e+06   4.1503906e+01
   5.7146340e+06   4.1320801e+01
   5.7219300e+06   4.0832520e+01
   5.7340400e+06   4.1320801e+01
   5.7388400e+06   4.7363281e+01
   5.7966620e+06   4.1381836e+01
   5.8080160e+06   4.2175293e+01
   5.8704590e+06   4.1931152e+01
   5.8810590e+06   4.1442871e+01
   5.8829650e+06   4.4799805e+01
   5.9151590e+06   4.4372559e+01
   5.9282410e+06   4.1381836e+01
   5.9628620e+06   4.4555664e+01
   5.9696070e+06   4.4494629e+01
   6.1434780e+06   4.2663574e+01
   6.1799040e+06   4.0954590e+01
   6.2284940e+06   4.6325684e+01
   6.2357120e+06   4.1076660e+01
   6.2375210e+06   4.1503906e+01
   6.2417000e+06   4.4738770e+01
   6.2832230e+06   4.5104980e+01
   6.2884340e+06   4.3395996e+01
   6.2957510e+06   4.1809082e+01
   6.3060090e+06   4.1809082e+01
   6.3259530e+06   4.2724609e+01
   6.3609410e+06   4.2846680e+01
   6.3644680e+06   4.1748047e+01
   6.3932330e+06   4.5104980e+01
   6.4478300e+06   4.2480469e+01
   6.4478770e+06   4.0954590e+01
   6.4530600e+06   4.5288086e+01
   6.4573710e+06   4.1564941e+01
   6.4593830e+06   4.3701172e+01
   6.4899880e+06   4.4677734e+01
   6.5583360e+06   4.1076660e+01
   6.6510400e+06   4.3334961e+01
   6.7058490e+06   4.1503906e+01
   6.7077900e+06   4.1381836e+01
   6.7105500e+06   4.1442871e+01
   6.7144470e+06   4.1137695e+01
   6.7251170e+06   4.3945312e+01
   6.7310580e+06   4.2602539e+01
   6.7538130e+06   4.3701172e+01
   6.7678850e+06   4.1137695e+01
   6.7854480e+06   4.1992188e+01
   6.7972360e+06   4.5166016e+01
   6.8439620e+06   4.2236328e+01
   6.8757350e+06   4.3701172e+01
   6.8757850e+06   4.4189453e+01
   6.9067810e+06   4.1320801e+01
   6.9623350e+06   4.1442871e+01
   7.0335540e+06   4.1381836e+01
   7.0558780e+06   4.4311523e+01
   7.0724070e+06   4.2541504e+01
   7.0865820e+06   4.3579102e+01
   7.0866280e+06   4.2175293e+01
   7.1749450e+06   4.3701172e+01
   7.1870110e+06   4.4982910e+01
   7.2600200e+06   4.1503906e+01
   7.3050300e+06   4.5104980e+01
   7.3089270e+06   4.1381836e+01
   7.3166580e+06   4.1076660e+01
   7.3250060e+06   4.2907715e+01
   7.3281320e+06   4.1137695e+01
   7.3315080e+06   4.4006348e+01
   7.3394630e+06   4.1381836e+01
   7.3927590e+06   4.5532227e+01
   7.3944920e+06   4.2297363e+01
   7.4021680e+06   4.6630859e+01
   7.5076590e+06   4.1259766e+01
   7.6088930e+06   4.6997070e+01
   7.6757330e+06   4.4921875e+01
   7.7673990e+06   4.2480469e+01
   7.7909800e+06   4.1198730e+01
   7.7940230e+06   4.4677734e+01
   7.8439180e+06   4.2785645e+01
   7.9053510e+06   4.1625977e+01
   7.9459720e+06   4.4189453e+01
   7.9506300e+06   4.1259766e+01
   7.9507700e+06   4.2114258e+01
   8.0075170e+06   4.2480469e+01
   8.0962710e+06   4.4555664e+01
   8.1201170e+06   4.1198730e+01
   8.1289980e+06   4.2358398e+01
   8.1806720e+06   4.2175293e+01
   8.1828850e+06   4.1931152e+01
   8.2033360e+06   4.3151855e+01
   8.2172090e+06   4.2602539e+01
   8.2406890e+06   4.1503906e+01
   8.3599040e+06   4.2297363e+01
   8.3783720e+06   4.2968750e+01
   8.3855270e+06   4.3090820e+01
   8.3890970e+06   4.1381836e+01
   8.4037250e+06   4.2846680e+01
   8.5273960e+06   4.2297363e+01
   8.5320890e+06   4.3945312e+01
   8.5647880e+06   4.2602539e+01
   8.6036650e+06   4.1748047e+01
   8.6037150e+06   4.4494629e+01
   8.6189650e+06   4.1198730e+01
   8.6209870e+06   4.5349121e+01
   8.6365060e+06   4.4128418e+01
   8.6558380e+06   4.3273926e+01
   8.6803030e+06   4.3334961e+01
   8.6931420e+06   4.0954590e+01
   8.6973550e+06   4.6081543e+01
   8.7338810e+06   4.2236328e+01
   8.7412920e+06   4.1625977e+01
   8.7477730e+06   4.1564941e+01
   8.7536050e+06   4.5898438e+01
   8.8163080e+06   4.0954590e+01
   8.8335570e+06   4.1748047e+01
   8.8525280e+06   4.3457031e+01
   8.8543710e+06   4.1137695e+01
   8.8544970e+06   4.1076660e+01
   8.8703200e+06   4.3457031e+01
   8.9343530e+06   4.3029785e+01
   8.9434870e+06   4.2541504e+01
   8.9500170e+06   4.7241211e+01
   8.9594140e+06   4.1076660e+01
   8.9885460e+06   4.3945312e+01
   8.9899680e+06   4.6508789e+01
   9.0352500e+06   4.0954590e+01
   9.0761120e+06   4.3945312e+01
   9.1592270e+06   4.1381836e+01
   9.1813240e+06   4.1137695e+01
   9.1849010e+06   4.0832520e+01
   9.1894830e+06   4.1076660e+01
   9.2007120e+06   4.2541504e+01
   9.2030850e+06   4.2907715e+01
   9.2387840e+06   4.1015625e+01
   9.3289300e+06   4.1015625e+01
   9.3338440e+06   4.1198730e+01
   9.3599860e+06   4.9133301e+01
   9.4087440e+06   4.1625977e+01
   9.5272290e+06   4.2419434e+01
   9.5319030e+06   4.2175293e+01
   9.5711610e+06   4.0832520e+01
   9.5853730e+06   4.2846680e+01
   9.5929680e+06   4.2663574e+01
   9.6034080e+06   4.0954590e+01
   9.6358330e+06   4.1320801e+01
   9.6453650e+06   4.1320801e+01
   9.6838340e+06   4.3212891e+01
   9.6873230e+06   4.0832520e+01
   9.7008210e+06   4.4006348e+01
   9.7020560e+06   4.4616699e+01
   9.7244910e+06   4.1625977e+01
   9.7382950e+06   4.2114258e+01
   9.7401880e+06   4.2663574e+01
   9.7560990e+06   4.7912598e+01
   9.7594900e+06   4.1259766e+01
   9.7624780e+06   4.3395996e+01
   9.7674260e+06   4.3518066e+01
   9.7912190e+06   4.2175293e+01
   9.7974660e+06   4.6264648e+01
   9.8104950e+06   4.2480469e+01
   9.8207010e+06   4.3457031e+01
   9.8365600e+06   4.4128418e+01
   9.8816970e+06   4.2968750e+01
   9.9225900e+06   4.1320801e+01
   9.9342170e+06   4.0771484e+01
   9.9778800e+06   4.2236328e+01
   9.9794000e+06   4.1198730e+01
   9.9819080e+06   4.8706055e+01
   9.9876400e+06   4.1809082e+01
   1.0005095e+07   4.2236328e+01
   1.0044981e+07   4.4738770e+01
   1.0064849e+07   4.2907715e+01
   1.0116539e+07   4.3029785e+01
   1.0126565e+07   4.5898438e+01
   1.0131087e+07   4.1748047e+01
   1.0160533e+07   4.3090820e+01
   1.0163466e+07   4.4006348e+01
   1.0163689e+07   4.2419434e+01
   1.0173216e+07   4.1503906e+01
   1.0210972e+07   5.0109863e+01
   1.0286423e+07   4.3823242e+01
   1.0304620e+07   4.5288086e+01
   1.0326499e+07   4.0893555e+01
   1.0326547e+07   4.8645020e+01
   1.0332864e+07   4.3884277e+01
   1.0336660e+07   4.1748047e+01
   1.0352532e+07   4.0954590e+01
   1.0364156e+07   4.7241211e+01
   1.0415398e+07   4.4799805e+01
   1.0459094e+07   4.4616699e+01
   1.0475553e+07   4.1320801e+01
   1.0511168e+07   4.4494629e+01
   1.0514464e+07   4.3212891e+01
   1.0526373e+07   4.1015625e+01
   1.0586940e+07   4.1381836e+01
   1.0617961e+07   4.2114258e+01
   1.0661122e+07   4.3273926e+01
   1.0712319e+07   4.0893555e+01
   1.0729680e+07   4.1687012e+01
   1.0736856e+07   4.1076660e+01
   1.0775626e+07   4.4372559e+01
   1.0787319e+07   4.5715332e+01
   1.0787391e+07   4.0771484e+01
   1.0803191e+07   4.1809082e+01
   1.0838895e+07   4.7424316e+01
   1.0840422e+07   4.1809082e+01
   1.0925119e+07   4.5349121e+01
   1.0948720e+07   4.5043945e+01
   1.0964769e+07   4.2236328e+01
   1.1039367e+07   4.1076660e+01
   1.1046827e+07   4.2297363e+01
   1.1059550e+07   4.2480469e+01
   1.1075172e+07   4.7973633e+01
   1.1095485e+07   4.0832520e+01
   1.1164240e+07   4.1625977e+01
   1.1164337e+07   4.1381836e+01
   1.1185143e+07   4.0893555e+01
   1.1241067e+07   4.3457031e+01
   1.1281597e+07   4.4189453e+01
   1.1285170e+07   4.7729492e+01
   1.1296933e+07   4.2602539e+01
   1.1301673e+07   4.3640137e+01
   1.1303054e+07   4.1625977e+01
   1.1315326e+07   4.8828125e+01
   1.1348434e+07   4.4555664e+01
   1.1361530e+07   4.1503906e+01
   1.1383526e+07   4.2297363e+01
   1.1390091e+07   4.2236328e+01
   1.1410742e+07   4.6447754e+01
   1.1436241e+07   4.2358398e+01
   1.1504592e+07   4.2602539e+01
   1.1510159e+07   4.4128418e+01
   1.1539568e+07   4.1137695e+01
   1.1547661e+07   4.1809082e+01
   1.1565929e+07   4.2785645e+01
   1.1573584e+07   4.5043945e+01
   1.1592389e+07   4.4372559e+01
   1.1612881e+07   4.2297363e+01
   1.1633899e+07   4.4738770e+01
   1.1641099e+07   4.2724609e+01
   1.1650452e+07   4.3212891e+01
   1.1671374e+07   4.1809082e+01
   1.1691846e+07   4.2663574e+01
   1.1708232e+07   4.5959473e+01
   1.1723533e+07   4.2846680e+01
   1.1731924e+07   4.8034668e+01
   1.1746914e+07   4.3457031e+01
   1.1795665e+07   4.1931152e+01
   1.1804196e+07   4.1931152e+01
   1.1852172e+07   4.2114258e+01
   1.1853550e+07   4.1748047e+01
   1.1867435e+07   4.1259766e+01
   1.1881246e+07   4.2602539e+01
   1.1924414e+07   4.2541504e+01
   1.1958983e+07   4.1870117e+01
   1.1959149e+07   4.1137695e+01
   1.1964544e+07   4.2358398e+01
