   1.1996000e+07   0.0000000e+00
   1.8796000e+04   1.2738037e+02
   1.8937000e+04   8.6608887e+01
   3.4709000e+04   6.2316895e+01
   3.4723000e+04   4.2236328e+01
   3.4756000e+04   2.1624756e+02
   3.4777000e+04   9.5520020e+01
   3.4879000e+04   5.8166504e+01
   3.5688000e+04   1.2127686e+02
   3.5731000e+04   6.9824219e+01
   5.9885000e+04   1.1059570e+02
   6.0164000e+04   3.7353516e+01
   6.6933000e+04   5.7495117e+01
   6.6948000e+04   1.3684082e+02
   6.7021000e+04   9.0881348e+01
   6.7050000e+04   6.7138672e+01
   8.3877000e+04   1.1297607e+02
   8.4034000e+04   6.6467285e+01
   1.2088600e+05   4.0954590e+01
   1.8847900e+05   4.1870117e+01
   1.8852000e+05   1.2225342e+02
   1.8857800e+05   1.0528564e+02
   1.8860300e+05   2.0703125e+02
   1.8866700e+05   4.3762207e+01
   1.8867700e+05   8.2763672e+01
   1.8877300e+05   4.0649414e+01
   1.9814000e+05   4.1320801e+01
   1.9822300e+05   1.1437988e+02
   1.9825700e+05   3.9916992e+01
   2.4101300e+05   8.6608887e+01
   2.5928300e+05   3.7597656e+01
   2.5936000e+05   1.1260986e+02
   2.5947500e+05   1.5447998e+02
   2.5948900e+05   1.7089844e+02
   2.5957100e+05   3.7170410e+01
   3.1608100e+05   1.2152100e+02
   3.6828600e+05   7.3547363e+01
   3.6837400e+05   1.1132812e+02
   4.0133800e+05   4.1870117e+01
   4.6149100e+05   1.4862061e+02
   4.6151500e+05   7.4096680e+01
   4.6153400e+05   1.9036865e+02
   4.6157600e+05   1.6192627e+02
   5.0277300e+05   9.7351074e+01
   5.0289000e+05   8.3251953e+01
   5.9010500e+05   1.0705566e+02
   6.3668500e+05   3.8208008e+01
   6.4390600e+05   1.3311768e+02
   6.6992900e+05   1.2579346e+02
   6.9894700e+05   4.1381836e+01
   7.0183900e+05   3.9428711e+01
   7.3748000e+05   1.3928223e+02
   7.4492100e+05   1.3806152e+02
   7.4494300e+05   7.1289062e+01
   7.4497700e+05   8.9416504e+01
   7.4502800e+05   3.7048340e+01
   7.4506400e+05   7.3364258e+01
   8.0217800e+05   3.7231445e+01
   8.1034200e+05   1.1138916e+02
   8.1049200e+05   6.4147949e+01
   8.3025800e+05   8.1176758e+01
   8.3027100e+05   1.0858154e+02
   9.0312000e+05   1.0516357e+02
   9.1538400e+05   4.0649414e+01
   9.3363200e+05   1.0540771e+02
   9.3576200e+05   1.1566162e+02
   9.3577700e+05   4.1748047e+01
   9.3589000e+05   5.7861328e+01
   9.5418700e+05   8.5571289e+01
   9.5736000e+05   7.9162598e+01
   9.5737100e+05   3.8085938e+01
   9.7483500e+05   1.3812256e+02
   9.7484500e+05   3.9794922e+01
   9.7983300e+05   3.7780762e+01
   9.8370700e+05   4.5776367e+01
   1.0118870e+06   3.7048340e+01
   1.0330490e+06   1.0083008e+02
   1.0330590e+06   4.1870117e+01
   1.0487310e+06   1.0729980e+02
   1.0902080e+06   8.5632324e+01
   1.0904480e+06   1.0510254e+02
   1.0904590e+06   3.7841797e+01
   1.1028230e+06   9.4116211e+01
   1.1029720e+06   6.2866211e+01
   1.1031050e+06   4.6997070e+01
   1.1321790e+06   4.0466309e+01
   1.1419200e+06   1.1291504e+02
   1.1421200e+06   8.2031250e+01
   1.1441100e+06   7.0678711e+01
   1.1442570e+06   5.5480957e+01
   1.1640300e+06   3.8024902e+01
   1.1640560e+06   3.9428711e+01
   1.1640690e+06   1.1541748e+02
   1.1641170e+06   7.4096680e+01
   1.1641360e+06   1.2121582e+02
   1.1641730e+06   4.1748047e+01
   1.1643290e+06   3.8269043e+01
   1.1643760e+06   5.4931641e+01
   1.1643970e+06   3.9001465e+01
   1.1644240e+06   7.3791504e+01
   1.1645170e+06   5.1147461e+01
   1.1645440e+06   1.2902832e+02
   1.1646500e+06   1.7004395e+02
   1.2035940e+06   3.7597656e+01
   1.2176410e+06   4.2663574e+01
   1.2383400e+06   9.5581055e+01
   1.2385030e+06   5.7922363e+01
   1.2386970e+06   6.6101074e+01
   1.2446220e+06   1.0614014e+02
   1.2447160e+06   4.1442871e+01
   1.2447290e+06   5.5175781e+01
   1.2448140e+06   6.2866211e+01
   1.2747840e+06   1.1169434e+02
   1.2748310e+06   7.9345703e+01
   1.2748460e+06   6.8420410e+01
   1.2748750e+06   3.8146973e+01
   1.2749550e+06   6.0791016e+01
   1.2749880e+06   1.1102295e+02
   1.2861370e+06   1.2182617e+02
   1.2861760e+06   1.8395996e+02
   1.2861920e+06   6.8420410e+01
   1.2862300e+06   1.0119629e+02
   1.2862740e+06   4.6508789e+01
   1.3263660e+06   3.9367676e+01
   1.3328030e+06   1.2567139e+02
   1.3441760e+06   8.8500977e+01
   1.3578690e+06   8.8256836e+01
   1.3578800e+06   3.8818359e+01
   1.3748180e+06   1.2060547e+02
   1.3749330e+06   5.7006836e+01
   1.3772830e+06   1.1346436e+02
   1.3775090e+06   8.5388184e+01
   1.3959010e+06   8.9599609e+01
   1.3981500e+06   8.8439941e+01
   1.4004370e+06   8.4411621e+01
   1.4006280e+06   4.8645020e+01
   1.4189180e+06   1.0253906e+02
   1.4260580e+06   1.2896729e+02
   1.4260870e+06   7.9101562e+01
   1.4261510e+06   1.0510254e+02
   1.4262030e+06   8.8867188e+01
   1.4417750e+06   4.3457031e+01
   1.4418170e+06   4.1748047e+01
   1.4418320e+06   1.3476562e+02
   1.4418510e+06   6.2133789e+01
   1.4418850e+06   3.9367676e+01
   1.4419350e+06   1.3452148e+02
   1.4761390e+06   9.4543457e+01
   1.4784530e+06   3.8635254e+01
   1.5033370e+06   9.0698242e+01
   1.5375380e+06   3.7231445e+01
   1.5383000e+06   1.0607910e+02
   1.5383100e+06   4.2175293e+01
   1.5500580e+06   7.9650879e+01
   1.5815910e+06   1.2408447e+02
   1.6159350e+06   1.0675049e+02
   1.6250630e+06   1.1425781e+02
   1.6250850e+06   6.4270020e+01
   1.6251190e+06   8.3679199e+01
   1.6251440e+06   5.0598145e+01
   1.6251790e+06   1.1663818e+02
   1.6674570e+06   1.2255859e+02
   1.6675120e+06   4.0710449e+01
   1.6801310e+06   1.1737061e+02
   1.6802640e+06   5.9265137e+01
   1.6844210e+06   1.1541748e+02
   1.6877850e+06   1.1212158e+02
   1.6996280e+06   1.0070801e+02
   1.7020680e+06   1.2042236e+02
   1.7066640e+06   1.3342285e+02
   1.7066920e+06   1.6503906e+02
   1.7067080e+06   3.8574219e+01
   1.7067510e+06   1.4599609e+02
   1.7068750e+06   7.7392578e+01
   1.7506660e+06   1.3671875e+02
   1.7508400e+06   6.1584473e+01
   1.7559170e+06   1.0247803e+02
   1.7643020e+06   1.2127686e+02
   1.7705030e+06   1.0235596e+02
   1.7959300e+06   1.2103271e+02
   1.8046540e+06   9.9853516e+01
   1.8198820e+06   7.6721191e+01
   1.8221040e+06   9.1491699e+01
   1.8222700e+06   5.2124023e+01
   1.8251320e+06   8.1054688e+01
   1.8266880e+06   8.1665039e+01
   1.8292140e+06   6.5124512e+01
   1.8457980e+06   9.8266602e+01
   1.8681880e+06   9.3261719e+01
   1.8852470e+06   9.5275879e+01
   1.8854310e+06   6.9396973e+01
   1.9060630e+06   3.8330078e+01
   1.9060800e+06   1.1267090e+02
   1.9060900e+06   3.9184570e+01
   1.9062960e+06   3.8696289e+01
   1.9120530e+06   1.0375977e+02
   1.9120690e+06   4.1381836e+01
   1.9142900e+06   7.9650879e+01
   1.9144610e+06   5.2429199e+01
   1.9192850e+06   1.0845947e+02
   1.9250600e+06   1.0382080e+02
   1.9323610e+06   8.8134766e+01
   1.9351270e+06   9.2651367e+01
   1.9392470e+06   1.0345459e+02
   1.9507580e+06   1.2145996e+02
   1.9584740e+06   3.9794922e+01
   1.9649450e+06   9.0637207e+01
   1.9748500e+06   8.6914062e+01
   1.9870170e+06   1.1663818e+02
   2.0041990e+06   3.8391113e+01
   2.0284440e+06   9.8693848e+01
   2.0466270e+06   1.1608887e+02
   2.0466380e+06   4.0588379e+01
   2.0538730e+06   1.4111328e+02
   2.0538900e+06   4.8950195e+01
   2.0539100e+06   6.6589355e+01
   2.0539240e+06   1.7828369e+02
   2.0539630e+06   9.2407227e+01
   2.0540350e+06   3.8452148e+01
   2.0540920e+06   9.7229004e+01
   2.0868350e+06   9.9182129e+01
   2.0900440e+06   9.0881348e+01
   2.1162610e+06   3.7902832e+01
   2.1199670e+06   1.2750244e+02
   2.1202850e+06   8.4655762e+01
   2.1389870e+06   9.1064453e+01
   2.1484160e+06   1.0266113e+02
   2.1512710e+06   1.1407471e+02
   2.1512850e+06   6.4331055e+01
   2.1513460e+06   4.1442871e+01
   2.1513740e+06   1.0369873e+02
   2.1515320e+06   8.8745117e+01
   2.1823190e+06   1.2811279e+02
   2.1825980e+06   1.0314941e+02
   2.2136640e+06   1.0119629e+02
   2.2248430e+06   1.1486816e+02
   2.2248540e+06   3.6926270e+01
   2.2250490e+06   1.0101318e+02
   2.2279030e+06   9.4238281e+01
   2.2306510e+06   7.3974609e+01
   2.2308620e+06   7.5317383e+01
   2.2334690e+06   8.8195801e+01
   2.2337530e+06   7.7026367e+01
   2.2422680e+06   9.7290039e+01
   2.2484470e+06   8.5632324e+01
   2.2510500e+06   9.8205566e+01
   2.2610390e+06   8.8562012e+01
   2.2614750e+06   9.0698242e+01
   2.2635830e+06   1.1486816e+02
   2.2637900e+06   6.0913086e+01
   2.2640790e+06   7.3791504e+01
   2.2883960e+06   3.9489746e+01
   2.2969510e+06   8.1420898e+01
   2.2969620e+06   3.9489746e+01
   2.2970070e+06   4.8217773e+01
   2.3139140e+06   1.0412598e+02
   2.3168140e+06   1.1968994e+02
   2.3168570e+06   3.7231445e+01
   2.3168860e+06   1.1590576e+02
   2.3169000e+06   5.1940918e+01
   2.3169230e+06   4.1748047e+01
   2.3169830e+06   1.0589600e+02
   2.3170440e+06   1.6424561e+02
   2.3477540e+06   8.9233398e+01
   2.3553110e+06   4.0588379e+01
   2.3621760e+06   1.0650635e+02
   2.3690150e+06   7.6538086e+01
   2.3772070e+06   1.0205078e+02
   2.3928280e+06   9.1369629e+01
   2.3930570e+06   7.5317383e+01
   2.4065840e+06   1.2561035e+02
   2.4185780e+06   4.2907715e+01
   2.4196710e+06   1.0723877e+02
   2.4303110e+06   9.3811035e+01
   2.4318580e+06   8.7707520e+01
   2.4416860e+06   8.0566406e+01
   2.4418840e+06   5.8288574e+01
   2.4485340e+06   1.1291504e+02
   2.4487830e+06   7.3791504e+01
   2.4504270e+06   7.6049805e+01
   2.4504590e+06   4.1625977e+01
   2.4526120e+06   1.0412598e+02
   2.4526220e+06   3.9672852e+01
   2.4556420e+06   7.8491211e+01
   2.4583670e+06   9.7717285e+01
   2.4661000e+06   3.8085938e+01
   2.4661640e+06   1.1651611e+02
   2.4913200e+06   6.7504883e+01
   2.4914130e+06   4.8217773e+01
   2.5045790e+06   9.5764160e+01
   2.5065490e+06   1.1181641e+02
   2.5069080e+06   7.0678711e+01
   2.5089190e+06   9.9060059e+01
   2.5229970e+06   1.1785889e+02
   2.5230300e+06   5.7006836e+01
   2.5230470e+06   1.3714600e+02
   2.5230890e+06   1.1956787e+02
   2.5231220e+06   9.2529297e+01
   2.5231830e+06   1.0583496e+02
   2.5232060e+06   7.8125000e+01
   2.5233360e+06   4.2053223e+01
   2.5438540e+06   3.7841797e+01
   2.5439630e+06   6.4941406e+01
   2.5761230e+06   1.2048340e+02
   2.5762680e+06   6.8725586e+01
   2.5794270e+06   9.4238281e+01
   2.5958840e+06   1.3305664e+02
   2.5992620e+06   9.9060059e+01
   2.6003880e+06   3.8879395e+01
   2.6004300e+06   1.1981201e+02
   2.6004780e+06   4.2724609e+01
   2.6005040e+06   1.0968018e+02
   2.6006040e+06   8.1665039e+01
   2.6007710e+06   6.7199707e+01
   2.6012890e+06   1.1370850e+02
   2.6013970e+06   8.6059570e+01
   2.6141270e+06   4.5471191e+01
   2.6141610e+06   4.1320801e+01
   2.6141830e+06   1.2097168e+02
   2.6142430e+06   5.2429199e+01
   2.6142600e+06   1.0504150e+02
   2.6143750e+06   9.6191406e+01
   2.6387140e+06   1.1621094e+02
   2.6655760e+06   1.0028076e+02
   2.6657790e+06   7.4462891e+01
   2.6685910e+06   1.1987305e+02
   2.6830700e+06   1.3916016e+02
   2.6849150e+06   8.4899902e+01
   2.6849260e+06   4.2480469e+01
   2.6870970e+06   8.6730957e+01
   2.6951040e+06   4.7851562e+01
   2.6951200e+06   1.4080811e+02
   2.6951440e+06   4.6081543e+01
   2.6951670e+06   2.4023438e+02
   2.6952230e+06   6.3110352e+01
   2.6952460e+06   1.1682129e+02
   2.6952820e+06   9.8632813e+01
   2.6967280e+06   1.1614990e+02
   2.6967470e+06   4.8217773e+01
   2.6967690e+06   7.2753906e+01
   2.6967820e+06   1.8383789e+02
   2.7258650e+06   1.0064697e+02
   2.7479830e+06   1.0052490e+02
   2.7479940e+06   3.8269043e+01
   2.7590020e+06   1.0937500e+02
   2.7627150e+06   9.4787598e+01
   2.7645080e+06   9.8083496e+01
   2.7710050e+06   8.0444336e+01
   2.7875970e+06   1.3262939e+02
   2.8197950e+06   4.5715332e+01
   2.8282170e+06   1.0400391e+02
   2.8282270e+06   4.5654297e+01
   2.8310240e+06   8.7768555e+01
   2.8339550e+06   9.6130371e+01
   2.8341470e+06   8.1176758e+01
   2.8363590e+06   8.1237793e+01
   2.8406870e+06   9.5764160e+01
   2.8436330e+06   7.6843262e+01
   2.8438100e+06   6.1950684e+01
   2.8567520e+06   1.1676025e+02
   2.8790960e+06   1.1730957e+02
   2.8855700e+06   1.0363770e+02
   2.8943660e+06   8.3923340e+01
   2.9084200e+06   9.5275879e+01
   2.9096790e+06   3.7963867e+01
   2.9130910e+06   7.6232910e+01
   2.9147090e+06   8.6914062e+01
   2.9149830e+06   6.1462402e+01
   2.9229460e+06   7.8796387e+01
   2.9273110e+06   7.6049805e+01
   2.9294110e+06   3.8391113e+01
   2.9299830e+06   8.4533691e+01
   2.9299950e+06   3.8146973e+01
   2.9302810e+06   8.7890625e+01
   2.9364690e+06   1.0858154e+02
   3.0043550e+06   9.7595215e+01
   3.0187580e+06   1.0577393e+02
   3.0275760e+06   5.6762695e+01
   3.0275870e+06   1.1077881e+02
   3.0276130e+06   7.6599121e+01
   3.0276680e+06   1.2438965e+02
   3.0276790e+06   3.8269043e+01
   3.0410220e+06   8.3801270e+01
   3.0412860e+06   8.0139160e+01
   3.0465480e+06   8.8684082e+01
   3.0467760e+06   7.7148438e+01
   3.0489260e+06   6.8847656e+01
   3.0491340e+06   6.2622070e+01
   3.0531600e+06   9.0148926e+01
   3.0548110e+06   8.0322266e+01
   3.0624670e+06   7.8674316e+01
   3.0659690e+06   8.2458496e+01
   3.0708330e+06   9.2590332e+01
   3.0922700e+06   1.1199951e+02
   3.0944470e+06   7.1350098e+01
   3.1076540e+06   1.0583496e+02
   3.1076650e+06   3.8757324e+01
   3.1124830e+06   1.1346436e+02
   3.1153910e+06   9.5703125e+01
   3.1280900e+06   8.3618164e+01
   3.1300280e+06   1.1639404e+02
   3.1647960e+06   8.7646484e+01
   3.1648070e+06   4.3579102e+01
   3.1679710e+06   9.2529297e+01
   3.1680020e+06   3.9672852e+01
   3.1739010e+06   9.2468262e+01
   3.1822230e+06   1.1010742e+02
   3.1865660e+06   1.0876465e+02
   3.1923780e+06   8.6914062e+01
   3.1956600e+06   1.0235596e+02
   3.2166430e+06   9.0759277e+01
   3.2277820e+06   3.7170410e+01
   3.2279070e+06   1.4984131e+02
   3.2279180e+06   6.0302734e+01
   3.2279650e+06   7.8430176e+01
   3.2279880e+06   1.5679932e+02
   3.2557180e+06   9.0209961e+01
   3.2609430e+06   1.1614990e+02
   3.2633410e+06   7.7270508e+01
   3.2700610e+06   9.4299316e+01
   3.2700720e+06   3.9611816e+01
   3.2739360e+06   1.2133789e+02
   3.2824590e+06   9.2346191e+01
   3.2868440e+06   4.0100098e+01
   3.2871330e+06   3.7475586e+01
   3.2901560e+06   9.1369629e+01
   3.2930470e+06   8.9050293e+01
   3.3087250e+06   1.1273193e+02
   3.3122820e+06   1.0449219e+02
   3.3143440e+06   9.5581055e+01
   3.3143620e+06   3.9123535e+01
   3.3145030e+06   6.4086914e+01
   3.3174050e+06   7.7270508e+01
   3.3181700e+06   6.5795898e+01
   3.3222510e+06   8.4045410e+01
   3.3369380e+06   1.0235596e+02
   3.3403170e+06   1.0968018e+02
   3.3403310e+06   4.1503906e+01
   3.3558810e+06   3.8391113e+01
   3.3601660e+06   7.9101563e+01
   3.3708650e+06   9.3505859e+01
   3.3712070e+06   1.2255859e+02
   3.3712970e+06   1.1700439e+02
   3.3713140e+06   1.1413574e+02
   3.4059770e+06   8.6730957e+01
   3.4073010e+06   1.0961914e+02
   3.4073620e+06   1.6302490e+02
   3.4074020e+06   1.0412598e+02
   3.4074390e+06   5.0781250e+01
   3.4225500e+06   1.2487793e+02
   3.4267470e+06   1.1413574e+02
   3.4299550e+06   8.5693359e+01
   3.4342580e+06   8.7280273e+01
   3.4465380e+06   9.9060059e+01
   3.4538550e+06   1.0137939e+02
   3.4573150e+06   3.7170410e+01
   3.4582060e+06   1.0589600e+02
   3.4597860e+06   4.1931152e+01
   3.4601040e+06   6.8664551e+01
   3.4601200e+06   3.7048340e+01
   3.4626770e+06   8.4106445e+01
   3.4656080e+06   8.7402344e+01
   3.4659160e+06   9.2651367e+01
   3.4681410e+06   8.4716797e+01
   3.4684150e+06   5.4199219e+01
   3.4722840e+06   1.0888672e+02
   3.4776520e+06   1.1511230e+02
   3.4827590e+06   1.1602783e+02
   3.4854610e+06   9.3566895e+01
   3.4888010e+06   3.7475586e+01
   3.4888110e+06   1.0028076e+02
   3.4888380e+06   4.3762207e+01
   3.4888530e+06   1.9836426e+02
   3.4889050e+06   9.4055176e+01
   3.5064160e+06   9.1735840e+01
   3.5097890e+06   1.2615967e+02
   3.5237030e+06   1.1499023e+02
   3.5257590e+06   8.3251953e+01
   3.5430650e+06   3.8879395e+01
   3.5978750e+06   8.6059570e+01
   3.6000530e+06   1.0162354e+02
   3.6065560e+06   1.0119629e+02
   3.6092280e+06   8.8317871e+01
   3.6095720e+06   6.3781738e+01
   3.6170030e+06   3.7048340e+01
   3.6242560e+06   1.3281250e+02
   3.6289110e+06   1.2963867e+02
   3.6381280e+06   8.0078125e+01
   3.6446160e+06   1.0968018e+02
   3.6677090e+06   1.3256836e+02
   3.6734630e+06   8.2824707e+01
   3.6880790e+06   1.0821533e+02
   3.6908760e+06   1.2402344e+02
   3.6931990e+06   8.9477539e+01
   3.6952190e+06   8.4838867e+01
   3.6968140e+06   9.9426270e+01
   3.7036580e+06   1.0369873e+02
   3.7069350e+06   3.8146973e+01
   3.7083450e+06   1.2060547e+02
   3.7085520e+06   6.2438965e+01
   3.7087860e+06   5.9448242e+01
   3.7108020e+06   8.0322266e+01
   3.7134540e+06   9.8693848e+01
   3.7208670e+06   1.1260986e+02
   3.7259470e+06   9.9243164e+01
   3.7505900e+06   1.1694336e+02
   3.7549900e+06   9.0026855e+01
   3.7604170e+06   1.2139893e+02
   3.7625260e+06   1.0784912e+02
   3.7660110e+06   8.2458496e+01
   3.7694170e+06   9.9243164e+01
   3.7985030e+06   9.8693848e+01
   3.8076060e+06   8.8439941e+01
   3.8123110e+06   8.8745117e+01
   3.8141110e+06   7.8857422e+01
   3.8143200e+06   5.5236816e+01
   3.8163350e+06   8.1604004e+01
   3.8165110e+06   4.8156738e+01
   3.8166810e+06   5.6030273e+01
   3.8192770e+06   8.3984375e+01
   3.8195700e+06   6.6955566e+01
   3.8219540e+06   8.0322266e+01
   3.8278310e+06   9.9609375e+01
   3.8314000e+06   1.0302734e+02
   3.8373000e+06   3.9245605e+01
   3.8667390e+06   8.2702637e+01
   3.8692810e+06   1.2249756e+02
   3.8807590e+06   9.3261719e+01
   3.8827890e+06   8.4594727e+01
   3.8856230e+06   8.5327148e+01
   3.8858040e+06   5.6091309e+01
   3.8902740e+06   8.1542969e+01
   3.9125400e+06   8.8867188e+01
   3.9276060e+06   6.1218262e+01
   3.9276810e+06   1.0845947e+02
   3.9277580e+06   5.4565430e+01
   3.9287010e+06   5.6884766e+01
   3.9289160e+06   4.5288086e+01
   3.9289680e+06   9.8083496e+01
   3.9290460e+06   1.6552734e+02
   3.9290590e+06   3.9184570e+01
   3.9505400e+06   8.0139160e+01
   3.9675840e+06   8.3618164e+01
   3.9677200e+06   5.8410645e+01
   3.9707700e+06   8.9843750e+01
   3.9733680e+06   9.7167969e+01
   3.9736120e+06   6.2438965e+01
   3.9868910e+06   9.4665527e+01
   3.9887440e+06   1.1169434e+02
   3.9891100e+06   6.9519043e+01
   3.9949960e+06   8.0322266e+01
   3.9969100e+06   8.6120605e+01
   4.0059590e+06   1.1932373e+02
   4.0093090e+06   8.4289551e+01
   4.0124950e+06   8.8928223e+01
   4.0148200e+06   6.9763184e+01
   4.0148360e+06   3.7048340e+01
   4.0255370e+06   7.4157715e+01
   4.0278670e+06   1.0742188e+02
   4.0281060e+06   6.1828613e+01
   4.0469130e+06   3.7414551e+01
   4.0509120e+06   1.0052490e+02
   4.0552940e+06   1.1114502e+02
   4.0574710e+06   4.4128418e+01
   4.0714050e+06   1.2567139e+02
   4.0734800e+06   1.0870361e+02
   4.0766980e+06   3.8085938e+01
   4.0767250e+06   1.1547852e+02
   4.0767760e+06   1.8188477e+02
   4.0768450e+06   7.9040527e+01
   4.0777510e+06   1.2591553e+02
   4.0777790e+06   2.0465088e+02
   4.0778250e+06   3.7109375e+01
   4.0778920e+06   8.7890625e+01
   4.0779020e+06   5.4260254e+01
   4.0779450e+06   6.5734863e+01
   4.0780010e+06   7.8491211e+01
   4.0780490e+06   8.6914063e+01
   4.0781870e+06   7.1044922e+01
   4.0782000e+06   3.7841797e+01
   4.0833590e+06   3.8391113e+01
   4.1157690e+06   1.0235596e+02
   4.1234480e+06   7.5988770e+01
   4.1261830e+06   7.8613281e+01
   4.1420740e+06   1.2707520e+02
   4.1625970e+06   1.0064697e+02
   4.1779560e+06   8.6486816e+01
   4.1781450e+06   7.2814941e+01
   4.2026920e+06   8.2397461e+01
   4.2047620e+06   7.7270508e+01
   4.2068290e+06   9.4787598e+01
   4.2084100e+06   8.1970215e+01
   4.2086860e+06   6.5185547e+01
   4.2106770e+06   8.1604004e+01
   4.2167200e+06   1.0699463e+02
   4.2206390e+06   1.1212158e+02
   4.2253070e+06   9.8754883e+01
   4.2293350e+06   9.0637207e+01
   4.2318300e+06   1.0589600e+02
   4.2408580e+06   4.0527344e+01
   4.2464650e+06   1.1077881e+02
   4.2490250e+06   1.0894775e+02
   4.2492880e+06   8.9965820e+01
   4.2629050e+06   1.2548828e+02
   4.2629260e+06   6.5673828e+01
   4.2629380e+06   1.7553711e+02
   4.2629720e+06   1.0406494e+02
   4.2629870e+06   1.5734863e+02
   4.2630800e+06   7.0373535e+01
   4.2630920e+06   4.8645020e+01
   4.2631960e+06   6.2622070e+01
   4.2632070e+06   4.4433594e+01
   4.2633950e+06   5.0659180e+01
   4.3019330e+06   9.1369629e+01
   4.3093120e+06   7.8125000e+01
   4.3125700e+06   8.6547852e+01
   4.3147720e+06   1.1065674e+02
   4.3168820e+06   9.2773438e+01
   4.3170550e+06   5.2734375e+01
   4.3205110e+06   7.7941895e+01
   4.3207080e+06   5.4138184e+01
   4.3345250e+06   1.0424805e+02
   4.3370080e+06   8.5754395e+01
   4.3372830e+06   6.5612793e+01
   4.3467540e+06   9.6740723e+01
   4.3503950e+06   9.3017578e+01
   4.3875940e+06   1.3568115e+02
   4.3969560e+06   1.0137939e+02
   4.3972950e+06   3.7353516e+01
   4.4374200e+06   1.0485840e+02
   4.4391220e+06   9.2102051e+01
   4.4411650e+06   1.0412598e+02
   4.4507760e+06   9.4970703e+01
   4.4539170e+06   1.0827637e+02
   4.4635820e+06   1.2042236e+02
   4.4638330e+06   8.8806152e+01
   4.4751250e+06   5.4931641e+01
   4.4924280e+06   1.2561035e+02
   4.4927050e+06   7.3059082e+01
   4.4949740e+06   1.1309814e+02
   4.4981480e+06   1.1090088e+02
   4.5014310e+06   5.8776855e+01
   4.5017760e+06   3.7048340e+01
   4.5018040e+06   1.2756348e+02
   4.5019220e+06   1.0406494e+02
   4.5019380e+06   4.0832520e+01
   4.5019720e+06   4.0527344e+01
   4.5427330e+06   1.2609863e+02
   4.5525640e+06   1.0211182e+02
   4.5640380e+06   9.3811035e+01
   4.5743000e+06   8.3251953e+01
   4.5757500e+06   1.1602783e+02
   4.5757640e+06   3.7231445e+01
   4.5816160e+06   8.8745117e+01
   4.5818820e+06   6.3415527e+01
   4.5840380e+06   1.0748291e+02
   4.5869190e+06   1.0070801e+02
   4.5880080e+06   3.8696289e+01
   4.5888800e+06   8.7890625e+01
   4.5906170e+06   8.5632324e+01
   4.5973760e+06   1.2152100e+02
   4.5998760e+06   6.0607910e+01
   4.6105940e+06   8.4472656e+01
   4.6133140e+06   1.0083008e+02
   4.6157850e+06   6.6711426e+01
   4.6160820e+06   6.0119629e+01
   4.6201420e+06   8.4716797e+01
   4.6346380e+06   8.5937500e+01
   4.6439070e+06   1.0943604e+02
   4.6462770e+06   8.0139160e+01
   4.6485220e+06   8.5327148e+01
   4.6531260e+06   1.2109375e+02
   4.6531360e+06   3.7780762e+01
   4.6599220e+06   1.1553955e+02
   4.6628010e+06   9.6496582e+01
   4.6676530e+06   9.4482422e+01
   4.6728740e+06   8.8317871e+01
   4.6769990e+06   7.9528809e+01
   4.6869090e+06   9.9609375e+01
   4.7052940e+06   3.7353516e+01
   4.7238320e+06   8.5327148e+01
   4.7239710e+06   6.0791016e+01
   4.7285450e+06   1.0113525e+02
   4.7314310e+06   8.6486816e+01
   4.7334910e+06   3.7231445e+01
   4.7439040e+06   1.1517334e+02
   4.7467920e+06   8.4838867e+01
   4.7507640e+06   1.0705566e+02
   4.7526300e+06   9.6069336e+01
   4.7545030e+06   7.1777344e+01
   4.7613900e+06   8.9416504e+01
   4.7636430e+06   8.3129883e+01
   4.7689560e+06   9.1064453e+01
   4.7749360e+06   9.5275879e+01
   4.7784300e+06   1.0809326e+02
   4.7813690e+06   8.4106445e+01
   4.7974980e+06   1.0186768e+02
   4.8019210e+06   8.2275391e+01
   4.8041670e+06   7.6232910e+01
   4.8163660e+06   1.0229492e+02
   4.8184540e+06   7.9895020e+01
   4.8287450e+06   6.7504883e+01
   4.8314580e+06   1.1511230e+02
   4.8343580e+06   1.1492920e+02
   4.8398110e+06   9.6618652e+01
   4.8485300e+06   3.9672852e+01
   4.8529220e+06   9.4482422e+01
   4.8545040e+06   8.7219238e+01
   4.8586000e+06   8.8623047e+01
   4.8626780e+06   8.2946777e+01
   4.8704500e+06   9.4909668e+01
   4.8726510e+06   1.2377930e+02
   4.8742490e+06   1.1193848e+02
   4.8763540e+06   8.0627441e+01
   4.8837240e+06   8.5388184e+01
   4.8839780e+06   6.5124512e+01
   4.8859040e+06   7.6599121e+01
   4.8915820e+06   1.0595703e+02
   4.8967950e+06   1.0736084e+02
   4.8987630e+06   7.2692871e+01
   4.8989730e+06   5.4992676e+01
   4.9010170e+06   7.7575684e+01
   4.9011860e+06   4.1992187e+01
   4.9016210e+06   6.3293457e+01
   4.9054650e+06   1.0253906e+02
   4.9208800e+06   3.8085938e+01
   4.9275430e+06   1.0931396e+02
   4.9642630e+06   8.5021973e+01
   4.9674150e+06   8.9721680e+01
   4.9695100e+06   1.1712646e+02
   4.9697460e+06   6.0302734e+01
   4.9701660e+06   5.9143066e+01
   4.9763460e+06   1.1944580e+02
   4.9792170e+06   7.2753906e+01
   4.9839810e+06   8.9782715e+01
   4.9861380e+06   8.4167480e+01
   4.9863740e+06   6.4697266e+01
   4.9881290e+06   7.6110840e+01
   4.9901570e+06   1.1035156e+02
   4.9920520e+06   7.0129395e+01
   4.9922130e+06   3.7048340e+01
   4.9964030e+06   1.0980225e+02
   4.9989180e+06   8.3068848e+01
   5.0003870e+06   1.0437012e+02
   5.0008870e+06   7.7392578e+01
   5.0024550e+06   9.6008301e+01
   5.0060910e+06   8.1054688e+01
   5.0088060e+06   1.1889648e+02
   5.0145810e+06   9.3933105e+01
   5.0198550e+06   9.0393066e+01
   5.0393950e+06   1.0455322e+02
   5.0425880e+06   1.0498047e+02
   5.0442340e+06   3.9245605e+01
   5.0447870e+06   3.8757324e+01
   5.0454580e+06   6.3476562e+01
   5.0520240e+06   1.0565186e+02
   5.0635820e+06   1.0607910e+02
   5.0671830e+06   1.2304688e+02
   5.0703830e+06   8.4411621e+01
   5.0725680e+06   1.0717773e+02
   5.0803000e+06   9.5031738e+01
   5.0828670e+06   7.6721191e+01
   5.0855190e+06   8.4472656e+01
   5.0971310e+06   1.1090088e+02
   5.1003870e+06   1.0064697e+02
   5.1097980e+06   7.9406738e+01
   5.1121480e+06   3.9428711e+01
   5.1138310e+06   7.6843262e+01
   5.1256370e+06   9.4726563e+01
   5.1302940e+06   8.1298828e+01
   5.1486900e+06   1.1651611e+02
   5.1487260e+06   6.9519043e+01
   5.1487720e+06   9.6679688e+01
   5.1488260e+06   6.0485840e+01
   5.1733310e+06   9.9365234e+01
   5.1944430e+06   9.1003418e+01
   5.2018880e+06   1.2121582e+02
   5.2039260e+06   1.1364746e+02
   5.2039390e+06   3.8940430e+01
   5.2094090e+06   8.1665039e+01
   5.2468570e+06   1.2329102e+02
   5.2576230e+06   1.1352539e+02
   5.2629450e+06   1.1956787e+02
   5.2662380e+06   9.8449707e+01
   5.2734810e+06   1.2194824e+02
   5.2762480e+06   8.2763672e+01
   5.2764970e+06   7.2753906e+01
   5.2834890e+06   7.5378418e+01
   5.2835050e+06   3.8391113e+01
   5.2836180e+06   4.5776367e+01
   5.3037560e+06   3.9855957e+01
   5.3165710e+06   1.1279297e+02
   5.3334710e+06   1.3262939e+02
   5.3353240e+06   7.9589844e+01
   5.3353350e+06   4.0100098e+01
   5.3355020e+06   8.0627441e+01
   5.3380240e+06   1.1737061e+02
   5.3382520e+06   7.5927734e+01
   5.3414750e+06   8.0932617e+01
   5.3418470e+06   4.9804688e+01
   5.3492810e+06   1.0339355e+02
   5.3565000e+06   9.3627930e+01
   5.3751960e+06   1.2225342e+02
   5.4018400e+06   1.1145020e+02
   5.4048050e+06   8.6364746e+01
   5.4104340e+06   9.3200684e+01
   5.4131470e+06   8.7341309e+01
   5.4269510e+06   1.0791016e+02
   5.4385330e+06   1.0479736e+02
   5.4471940e+06   1.0870361e+02
   5.4472040e+06   3.8757324e+01
   5.4541650e+06   1.3098145e+02
   5.4544790e+06   9.4482422e+01
   5.4589160e+06   1.1553955e+02
   5.4589330e+06   3.7536621e+01
   5.4659610e+06   1.2597656e+02
   5.4659720e+06   3.8085938e+01
   5.4697490e+06   9.1369629e+01
   5.4732050e+06   8.2702637e+01
   5.4734990e+06   6.2500000e+01
   5.4791470e+06   7.3608398e+01
   5.4883350e+06   1.0375977e+02
   5.4954060e+06   1.0760498e+02
   5.5016270e+06   8.0688477e+01
   5.5043720e+06   9.0576172e+01
   5.5043830e+06   4.1137695e+01
   5.5098370e+06   1.1541748e+02
   5.5136930e+06   1.0992432e+02
   5.5165360e+06   8.2885742e+01
   5.5263300e+06   1.0766602e+02
   5.5263410e+06   3.9367676e+01
   5.5287840e+06   8.6730957e+01
   5.5315710e+06   8.0200195e+01
   5.5432830e+06   1.0156250e+02
   5.5452350e+06   8.0993652e+01
   5.5454650e+06   8.8378906e+01
   5.5472960e+06   1.0314941e+02
   5.5475760e+06   6.6345215e+01
   5.5495260e+06   7.6599121e+01
   5.5548610e+06   1.0101318e+02
   5.5590510e+06   1.0906982e+02
   5.5640450e+06   7.9101563e+01
   5.5740540e+06   8.0078125e+01
   5.5772140e+06   1.1773682e+02
   5.5888020e+06   8.6364746e+01
   5.5950430e+06   8.8928223e+01
   5.5981850e+06   8.4777832e+01
   5.6089430e+06   8.4899902e+01
   5.6089550e+06   1.1553955e+02
   5.6089700e+06   1.8878174e+02
   5.6090580e+06   5.9936523e+01
   5.6490000e+06   1.2145996e+02
   5.6493050e+06   1.0461426e+02
   5.6516270e+06   1.1987305e+02
   5.6517860e+06   5.7678223e+01
   5.6542650e+06   7.3669434e+01
   5.6567080e+06   7.5439453e+01
   5.6640190e+06   9.3078613e+01
   5.6652390e+06   4.2602539e+01
   5.6665790e+06   8.2580566e+01
   5.6702760e+06   1.0375977e+02
   5.6773050e+06   9.6008301e+01
   5.6821880e+06   1.4117432e+02
   5.6841140e+06   5.4016113e+01
   5.6941610e+06   1.4038086e+02
   5.7028820e+06   1.1291504e+02
   5.7053560e+06   1.0400391e+02
   5.7082760e+06   8.1726074e+01
   5.7153720e+06   9.0454102e+01
   5.7171990e+06   8.8806152e+01
   5.7207460e+06   9.1064453e+01
   5.7373750e+06   9.6374512e+01
   5.7458310e+06   8.5754395e+01
   5.7525050e+06   1.1358643e+02
   5.7558910e+06   1.0345459e+02
   5.7619410e+06   8.2763672e+01
   5.7640540e+06   9.2102051e+01
   5.7643600e+06   6.6406250e+01
   5.7665090e+06   8.5876465e+01
   5.7690380e+06   9.2224121e+01
   5.7692320e+06   6.2561035e+01
   5.7741840e+06   1.1029053e+02
   5.7775230e+06   1.1682129e+02
   5.7775960e+06   4.6752930e+01
   5.7776150e+06   9.8449707e+01
   5.7891680e+06   9.8999023e+01
   5.7971280e+06   1.1169434e+02
   5.8023450e+06   8.3557129e+01
   5.8053200e+06   1.1773682e+02
   5.8053500e+06   3.8696289e+01
   5.8066000e+06   7.1105957e+01
   5.8101770e+06   7.7026367e+01
   5.8139460e+06   1.3995361e+02
   5.8139890e+06   7.3730469e+01
   5.8140070e+06   8.1115723e+01
   5.8140340e+06   4.3090820e+01
   5.8140580e+06   8.5815430e+01
   5.8140720e+06   5.9204102e+01
   5.8141820e+06   7.6904297e+01
   5.8141930e+06   5.7434082e+01
   5.8294070e+06   1.2609863e+02
   5.8332740e+06   8.4594727e+01
   5.8413660e+06   1.0162354e+02
   5.8504510e+06   9.3261719e+01
   5.8526600e+06   8.5754395e+01
   5.8654750e+06   1.0351563e+02
   5.8708170e+06   1.2640381e+02
   5.8733980e+06   7.9162598e+01
   5.8814690e+06   9.7229004e+01
   5.8904540e+06   1.2396240e+02
   5.8922420e+06   7.7941895e+01
   5.8951030e+06   8.6669922e+01
   5.8993160e+06   1.0076904e+02
   5.9053340e+06   9.3566895e+01
   5.9125390e+06   8.7646484e+01
   5.9152690e+06   8.9050293e+01
   5.9154550e+06   6.0424805e+01
   5.9300920e+06   9.0515137e+01
   5.9341880e+06   9.5947266e+01
   5.9376610e+06   9.5153809e+01
   5.9408910e+06   8.3374023e+01
   5.9433710e+06   1.1315918e+02
   5.9467550e+06   3.7048340e+01
   5.9471450e+06   3.8940430e+01
   5.9607310e+06   8.3190918e+01
   5.9657910e+06   8.5937500e+01
   5.9676250e+06   8.8012695e+01
   5.9701130e+06   7.4829102e+01
   5.9704180e+06   6.5551758e+01
   5.9760170e+06   8.8806152e+01
   5.9800570e+06   9.7167969e+01
   5.9823690e+06   7.8857422e+01
   5.9851360e+06   1.0900879e+02
   6.0005360e+06   9.9609375e+01
   6.0034120e+06   9.3933105e+01
   6.0120190e+06   1.1926270e+02
   6.0139530e+06   9.1186523e+01
   6.0158190e+06   7.2937012e+01
   6.0172250e+06   9.8449707e+01
   6.0173870e+06   5.4626465e+01
   6.0176970e+06   5.8227539e+01
   6.0202980e+06   8.0993652e+01
   6.0205530e+06   9.1430664e+01
   6.0320030e+06   8.6425781e+01
   6.0354540e+06   9.3566895e+01
   6.0391500e+06   9.0759277e+01
   6.0402070e+06   1.1383057e+02
   6.0402480e+06   6.9885254e+01
   6.0403130e+06   1.0821533e+02
   6.0403270e+06   5.1940918e+01
   6.0403900e+06   8.6791992e+01
   6.0404120e+06   7.5561523e+01
   6.0405220e+06   5.5786133e+01
   6.0407000e+06   4.9133301e+01
   6.0407180e+06   9.7229004e+01
   6.0408220e+06   7.6965332e+01
   6.0408400e+06   4.0405273e+01
   6.0517950e+06   1.7144775e+02
   6.0518150e+06   1.1810303e+02
   6.0518760e+06   3.9672852e+01
   6.0519000e+06   1.0522461e+02
   6.0519410e+06   1.4709473e+02
   6.0520120e+06   3.7597656e+01
   6.0642180e+06   6.6101074e+01
   6.0680220e+06   3.7658691e+01
   6.0686310e+06   4.6508789e+01
   6.0686490e+06   1.3787842e+02
   6.0687070e+06   4.9682617e+01
   6.0687310e+06   2.6824951e+02
   6.0687420e+06   6.7077637e+01
   6.0687600e+06   3.7780762e+01
   6.0688520e+06   7.5805664e+01
   6.0688910e+06   5.9082031e+01
   6.0919300e+06   9.4238281e+01
   6.0946560e+06   8.3740234e+01
   6.0986440e+06   8.7890625e+01
   6.0986580e+06   3.7536621e+01
   6.1240800e+06   9.3994141e+01
   6.1629520e+06   8.1726074e+01
   6.1658250e+06   1.1041260e+02
   6.1660990e+06   8.8073730e+01
   6.1691400e+06   1.1279297e+02
   6.1721670e+06   1.0211182e+02
   6.1746850e+06   1.1840820e+02
   6.1756360e+06   7.3852539e+01
   6.1758590e+06   5.7373047e+01
   6.1794230e+06   9.1308594e+01
   6.1845120e+06   5.5053711e+01
   6.1910880e+06   7.5439453e+01
   6.1919710e+06   4.3029785e+01
   6.1947670e+06   1.1560059e+02
   6.2000080e+06   8.6486816e+01
   6.2055290e+06   9.5520020e+01
   6.2082730e+06   8.6059570e+01
   6.2121810e+06   6.6772461e+01
   6.2149870e+06   1.1755371e+02
   6.2177860e+06   1.1376953e+02
   6.2205430e+06   1.1395264e+02
   6.2207850e+06   6.5124512e+01
   6.2267120e+06   1.0693359e+02
   6.2330030e+06   9.7473145e+01
   6.2349880e+06   8.7036133e+01
   6.2430000e+06   9.4421387e+01
   6.2454570e+06   3.9978027e+01
   6.2477180e+06   9.7778320e+01
   6.2520210e+06   9.7656250e+01
   6.2520330e+06   3.7231445e+01
   6.2554120e+06   1.0974121e+02
   6.2661430e+06   1.0821533e+02
   6.2732700e+06   9.9609375e+01
   6.2773340e+06   1.2622070e+02
   6.2861880e+06   1.2078857e+02
   6.2898610e+06   8.5632324e+01
   6.2997070e+06   1.1285400e+02
   6.3018720e+06   8.2763672e+01
   6.3130650e+06   9.2529297e+01
   6.3179380e+06   9.3811035e+01
   6.3205450e+06   1.1462402e+02
   6.3235000e+06   8.3251953e+01
   6.3517820e+06   1.0296631e+02
   6.3535960e+06   8.4350586e+01
   6.3677640e+06   7.9711914e+01
   6.3692510e+06   1.2384033e+02
   6.3692650e+06   6.8908691e+01
   6.3693410e+06   4.6386719e+01
   6.4065410e+06   4.3884277e+01
   6.4158390e+06   8.7951660e+01
   6.4198600e+06   1.1700439e+02
   6.4220510e+06   1.0375977e+02
   6.4282020e+06   1.2420654e+02
   6.4333820e+06   7.8186035e+01
   6.4336960e+06   7.7392578e+01
   6.4362900e+06   4.5776367e+01
   6.4363300e+06   1.2207031e+02
   6.4363540e+06   6.8664551e+01
   6.4364010e+06   1.1785889e+02
   6.4364130e+06   3.7170410e+01
   6.4364700e+06   5.7922363e+01
   6.4365030e+06   1.0565186e+02
   6.4367110e+06   9.2224121e+01
   6.4368130e+06   7.8918457e+01
   6.4612620e+06   9.2468262e+01
   6.4615150e+06   7.0861816e+01
   6.4651990e+06   9.7229004e+01
   6.4656180e+06   6.2866211e+01
   6.4667430e+06   4.4006348e+01
   6.4687770e+06   1.1114502e+02
   6.4785740e+06   8.0139160e+01
   6.4808960e+06   9.7167969e+01
   6.4812370e+06   9.1125488e+01
   6.4844570e+06   8.2458496e+01
   6.4917930e+06   1.2182617e+02
   6.4937380e+06   3.7353516e+01
   6.4959120e+06   8.2519531e+01
   6.5068150e+06   1.0992432e+02
   6.5090550e+06   1.1047363e+02
   6.5128460e+06   1.0986328e+02
   6.5260140e+06   1.2182617e+02
   6.5309020e+06   9.9914551e+01
   6.5336160e+06   1.1401367e+02
   6.5360420e+06   8.9721680e+01
   6.5363480e+06   6.5856934e+01
   6.5388550e+06   7.9162598e+01
   6.5420890e+06   8.4350586e+01
   6.5454550e+06   9.2468262e+01
   6.5506380e+06   9.1247559e+01
   6.5527780e+06   4.2419434e+01
   6.5535750e+06   9.7900391e+01
   6.5567070e+06   8.5815430e+01
   6.5569890e+06   5.5480957e+01
   6.5755240e+06   9.4421387e+01
   6.5805860e+06   1.2054443e+02
   6.5809100e+06   7.1105957e+01
   6.5852640e+06   9.9121094e+01
   6.5855050e+06   7.1838379e+01
   6.5896780e+06   4.1076660e+01
   6.5902560e+06   3.8269043e+01
   6.5920110e+06   1.2023926e+02
   6.5942230e+06   8.6608887e+01
   6.6021780e+06   9.4543457e+01
   6.6051420e+06   8.4533691e+01
   6.6072410e+06   7.4707031e+01
   6.6137560e+06   9.3566895e+01
   6.6137720e+06   3.7231445e+01
   6.6159290e+06   7.2570801e+01
   6.6233680e+06   1.1645508e+02
   6.6257810e+06   9.0515137e+01
   6.6286100e+06   7.1350098e+01
   6.6311610e+06   7.4340820e+01
   6.6347910e+06   1.2445068e+02
   6.6369600e+06   8.5388184e+01
   6.6388920e+06   6.9763184e+01
   6.6470870e+06   1.3464355e+02
   6.6492250e+06   8.2580566e+01
   6.6521100e+06   1.1480713e+02
   6.6551510e+06   1.2066650e+02
   6.6631440e+06   8.5388184e+01
   6.6649650e+06   7.7331543e+01
   6.6674710e+06   8.6547852e+01
   6.6782560e+06   1.0595703e+02
   6.6811840e+06   9.6862793e+01
   6.6844610e+06   9.6435547e+01
   6.6877630e+06   8.0810547e+01
   6.7233730e+06   1.2084961e+02
   6.7236190e+06   9.0820312e+01
   6.7259430e+06   1.0400391e+02
   6.7259600e+06   4.0893555e+01
   6.7261050e+06   6.3171387e+01
   6.7286740e+06   7.8918457e+01
   6.7337600e+06   8.6914063e+01
   6.7361350e+06   4.2602539e+01
   6.7379230e+06   9.1857910e+01
   6.7396570e+06   1.0284424e+02
   6.7397520e+06   3.9733887e+01
   6.7416260e+06   8.4899902e+01
   6.7448950e+06   8.3251953e+01
   6.7517170e+06   7.8857422e+01
   6.7555120e+06   1.0369873e+02
   6.7584080e+06   8.3679199e+01
   6.7615170e+06   8.5510254e+01
   6.7640840e+06   9.1491699e+01
   6.7659030e+06   7.4340820e+01
   6.7696390e+06   1.0510254e+02
   6.7724330e+06   8.1848145e+01
   6.7785700e+06   8.2702637e+01
   6.7796730e+06   1.1163330e+02
   6.7796900e+06   1.0186768e+02
   6.7797270e+06   8.5876465e+01
   6.7797680e+06   9.3200684e+01
   6.7798740e+06   7.2143555e+01
   6.7798840e+06   4.7607422e+01
   6.7799180e+06   1.1621094e+02
   6.7799300e+06   4.8034668e+01
   6.7801620e+06   8.2153320e+01
   6.8168200e+06   9.7167969e+01
   6.8185950e+06   9.2590332e+01
   6.8205150e+06   1.1328125e+02
   6.8290160e+06   8.7829590e+01
   6.8316050e+06   9.7045898e+01
   6.8339830e+06   9.5031738e+01
   6.8439910e+06   8.8317871e+01
   6.8467250e+06   1.2145996e+02
   6.8500300e+06   8.9538574e+01
   6.8528710e+06   8.2702637e+01
   6.8556590e+06   9.4360352e+01
   6.8600020e+06   1.0662842e+02
   6.8602610e+06   6.7871094e+01
   6.8618510e+06   7.3791504e+01
   6.8620880e+06   6.0729980e+01
   6.8654850e+06   7.6599121e+01
   6.8680390e+06   7.7331543e+01
   6.8680560e+06   3.7597656e+01
   6.8707640e+06   7.1533203e+01
   6.8736630e+06   9.0026855e+01
   6.8796680e+06   4.0527344e+01
   6.8882790e+06   1.1224365e+02
   6.8993800e+06   9.9121094e+01
   6.9015350e+06   8.0566406e+01
   6.9031760e+06   3.9245605e+01
   6.9048900e+06   7.3486328e+01
   6.9131960e+06   1.0461426e+02
   6.9164640e+06   1.2109375e+02
   6.9182110e+06   8.1604004e+01
   6.9209300e+06   8.4228516e+01
   6.9304630e+06   7.6477051e+01
   6.9322180e+06   1.0144043e+02
   6.9337660e+06   9.6740723e+01
   6.9376890e+06   7.9223633e+01
   6.9451570e+06   1.1090088e+02
   6.9557320e+06   8.8012695e+01
   6.9584040e+06   1.0284424e+02
   6.9604610e+06   8.3190918e+01
   6.9672000e+06   9.8510742e+01
   6.9695170e+06   1.0852051e+02
   6.9714440e+06   1.0131836e+02
   6.9763010e+06   1.2384033e+02
   6.9840450e+06   1.1206055e+02
   6.9876810e+06   1.2023926e+02
   7.0110370e+06   3.8940430e+01
   7.0114460e+06   1.4672852e+02
   7.0150960e+06   4.5654297e+01
   7.0218120e+06   9.1918945e+01
   7.0227310e+06   1.1035156e+02
   7.0228090e+06   8.0383301e+01
   7.0228470e+06   9.7961426e+01
   7.0228760e+06   4.2236328e+01
   7.0477320e+06   1.2329102e+02
   7.0589940e+06   3.8269043e+01
   7.0613000e+06   1.1248779e+02
   7.0627700e+06   1.1041260e+02
   7.0667990e+06   8.3435059e+01
   7.0714610e+06   9.7412109e+01
   7.0714790e+06   3.9855957e+01
   7.0774790e+06   8.9965820e+01
   7.0782030e+06   4.0283203e+01
   7.0844240e+06   1.0766602e+02
   7.0983750e+06   9.2834473e+01
   7.1001570e+06   1.0974121e+02
   7.1015160e+06   1.0473633e+02
   7.1033420e+06   5.7800293e+01
   7.1033560e+06   1.1901855e+02
   7.1033790e+06   7.9528809e+01
   7.1034150e+06   1.7309570e+02
   7.1034500e+06   1.2310791e+02
   7.1035230e+06   9.6008301e+01
   7.1145740e+06   1.0290527e+02
   7.1146250e+06   4.3518066e+01
   7.1146640e+06   1.2634277e+02
   7.1146740e+06   3.7719727e+01
   7.1147660e+06   3.7292480e+01
   7.1147890e+06   9.9975586e+01
   7.1148500e+06   6.0546875e+01
   7.1326740e+06   9.4970703e+01
   7.1352960e+06   9.2590332e+01
   7.1373000e+06   8.1604004e+01
   7.1483220e+06   1.2170410e+02
   7.1504050e+06   9.0087891e+01
   7.1522510e+06   1.0992432e+02
   7.1541500e+06   1.0327148e+02
   7.1560200e+06   8.4106445e+01
   7.1564760e+06   6.1584473e+01
   7.1605450e+06   3.8269043e+01
   7.1650590e+06   8.4533691e+01
   7.1694670e+06   8.9782715e+01
   7.1725780e+06   9.0270996e+01
   7.1749230e+06   8.9904785e+01
   7.1809600e+06   6.7260742e+01
   7.1832230e+06   1.0406494e+02
   7.1882960e+06   1.1822510e+02
   7.1924670e+06   1.1639404e+02
   7.1961380e+06   1.0650635e+02
   7.1984200e+06   9.1613770e+01
   7.2081750e+06   1.2377930e+02
   7.2140990e+06   8.5693359e+01
   7.2272700e+06   9.5092773e+01
   7.2305420e+06   3.9001465e+01
   7.2309030e+06   1.1303711e+02
   7.2309470e+06   6.2561035e+01
   7.2309570e+06   5.2856445e+01
   7.2310190e+06   1.3092041e+02
   7.2312190e+06   4.3579102e+01
   7.2434580e+06   1.1712646e+02
   7.2530210e+06   4.6569824e+01
   7.2548920e+06   8.3496094e+01
   7.2595580e+06   9.1796875e+01
   7.2641680e+06   1.1364746e+02
   7.2747290e+06   7.8918457e+01
   7.2780960e+06   8.7646484e+01
   7.2870600e+06   7.7575684e+01
   7.2898760e+06   8.6486816e+01
   7.2921750e+06   1.1431885e+02
   7.3127330e+06   8.6425781e+01
   7.3153620e+06   1.2872314e+02
   7.3231760e+06   1.0241699e+02
   7.3261030e+06   9.5764160e+01
   7.3281990e+06   8.7646484e+01
   7.3346480e+06   9.9243164e+01
   7.3375280e+06   8.5388184e+01
   7.3409400e+06   1.2268066e+02
   7.3459820e+06   8.7097168e+01
   7.3510320e+06   9.3872070e+01
   7.3510420e+06   3.7719727e+01
   7.3524460e+06   9.6862793e+01
   7.3550780e+06   9.0026855e+01
   7.3571400e+06   9.1369629e+01
   7.3594530e+06   6.6528320e+01
   7.3635080e+06   7.4035645e+01
   7.3658270e+06   8.6853027e+01
   7.3674400e+06   9.2651367e+01
   7.3688900e+06   6.0485840e+01
   7.3712830e+06   7.9101563e+01
   7.3737260e+06   1.0388184e+02
   7.3759770e+06   1.0119629e+02
   7.3760010e+06   1.0906982e+02
   7.3760130e+06   5.9020996e+01
   7.3760530e+06   9.4787598e+01
   7.3760760e+06   3.7170410e+01
   7.3761090e+06   3.7963867e+01
   7.3761190e+06   1.1523438e+02
   7.3761310e+06   3.7170410e+01
   7.3761810e+06   1.0430908e+02
   7.3762020e+06   3.8574219e+01
   7.3763990e+06   1.0388184e+02
   7.3764180e+06   4.3701172e+01
   7.3765840e+06   7.8186035e+01
   7.4087450e+06   8.1054688e+01
   7.4131970e+06   8.5083008e+01
   7.4205750e+06   8.9233398e+01
   7.4226910e+06   1.0748291e+02
   7.4294140e+06   1.0455322e+02
   7.4358920e+06   9.7167969e+01
   7.4385030e+06   8.2275391e+01
   7.4426520e+06   8.3862305e+01
   7.4451720e+06   1.1322021e+02
   7.4582630e+06   7.4584961e+01
   7.4610740e+06   8.6425781e+01
   7.4641770e+06   7.7514648e+01
   7.4690360e+06   9.1064453e+01
   7.4782150e+06   8.6425781e+01
   7.4787690e+06   7.6232910e+01
   7.4889170e+06   8.8134766e+01
   7.4944650e+06   9.0820312e+01
   7.5007680e+06   9.7717285e+01
   7.5034500e+06   9.3078613e+01
   7.5097790e+06   4.1687012e+01
   7.5121630e+06   1.1242676e+02
   7.5153240e+06   4.0466309e+01
   7.5207930e+06   1.3647461e+02
   7.5231070e+06   8.6730957e+01
   7.5257830e+06   8.8073730e+01
   7.5324710e+06   1.0119629e+02
   7.5349620e+06   6.5185547e+01
   7.5371900e+06   1.1486816e+02
   7.5372630e+06   5.4199219e+01
   7.5456010e+06   1.1846924e+02
   7.5482360e+06   8.1787109e+01
   7.5512200e+06   9.9975586e+01
   7.5548410e+06   9.4360352e+01
   7.5619870e+06   5.1757812e+01
   7.5639370e+06   8.2031250e+01
   7.5652210e+06   7.9528809e+01
   7.5665400e+06   7.3425293e+01
   7.5682780e+06   7.2204590e+01
   7.5738620e+06   1.0125732e+02
   7.5766830e+06   1.0046387e+02
   7.5817870e+06   1.0400391e+02
   7.5834040e+06   3.7597656e+01
   7.5842750e+06   4.3395996e+01
   7.5897970e+06   8.9050293e+01
   7.5925930e+06   7.8918457e+01
   7.5945340e+06   9.9304199e+01
   7.5978450e+06   1.1480713e+02
   7.5979050e+06   4.4494629e+01
   7.5979210e+06   4.6203613e+01
   7.5980180e+06   4.1442871e+01
   7.5980330e+06   8.0566406e+01
   7.5981500e+06   7.3364258e+01
   7.5981820e+06   1.2579346e+02
   7.5982000e+06   3.8879395e+01
   7.6114280e+06   6.0913086e+01
   7.6116140e+06   5.3588867e+01
   7.6116790e+06   1.2860107e+02
   7.6117660e+06   6.1462402e+01
   7.6329510e+06   1.0760498e+02
   7.6354120e+06   7.8247070e+01
   7.6376300e+06   8.5571289e+01
   7.6406650e+06   9.1918945e+01
   7.6470160e+06   9.5520020e+01
   7.6490120e+06   8.2946777e+01
   7.6520530e+06   9.7045898e+01
   7.6550560e+06   8.7585449e+01
   7.6598120e+06   1.0614014e+02
   7.6700510e+06   8.8378906e+01
   7.6814950e+06   9.8754883e+01
   7.6835950e+06   9.1552734e+01
   7.6849700e+06   1.0058594e+02
   7.6890880e+06   8.5327148e+01
   7.6912310e+06   8.3190918e+01
   7.6936990e+06   1.1016846e+02
   7.6944780e+06   3.9184570e+01
   7.6948850e+06   8.1359863e+01
   7.6979330e+06   6.9824219e+01
   7.7002440e+06   1.0290527e+02
   7.7032750e+06   8.4533691e+01
   7.7054430e+06   7.2875977e+01
   7.7073250e+06   1.0302734e+02
   7.7077340e+06   8.8195801e+01
   7.7102370e+06   9.0820312e+01
   7.7155000e+06   1.0028076e+02
   7.7209030e+06   9.4543457e+01
   7.7235000e+06   9.6130371e+01
   7.7307400e+06   1.2731934e+02
   7.7349820e+06   1.0461426e+02
   7.7369650e+06   8.1970215e+01
   7.7394120e+06   9.9609375e+01
   7.7408690e+06   4.5776367e+01
   7.7408890e+06   5.7922363e+01
   7.7409160e+06   3.9367676e+01
   7.7409650e+06   1.0351562e+02
   7.7409870e+06   7.4096680e+01
   7.7410510e+06   7.6843262e+01
   7.7410630e+06   4.2114258e+01
   7.7411590e+06   7.3242188e+01
   7.7411700e+06   4.2358398e+01
   7.7412570e+06   3.8818359e+01
   7.7413840e+06   9.6923828e+01
   7.7653800e+06   8.5937500e+01
   7.7685520e+06   1.1206055e+02
   7.7766620e+06   1.2658691e+02
   7.7812060e+06   1.1517334e+02
   7.7836030e+06   6.8115234e+01
   7.7859370e+06   8.6730957e+01
   7.7885050e+06   1.0339355e+02
   7.7940910e+06   1.1859131e+02
   7.8018040e+06   9.3750000e+01
   7.8029510e+06   4.0039062e+01
   7.8029940e+06   4.4128418e+01
   7.8053020e+06   1.1712646e+02
   7.8074290e+06   8.2336426e+01
   7.8101030e+06   9.6496582e+01
   7.8120010e+06   8.5693359e+01
   7.8143820e+06   8.9172363e+01
   7.8169110e+06   9.9548340e+01
   7.8255820e+06   3.9489746e+01
   7.8255920e+06   3.8024902e+01
   7.8297050e+06   9.0759277e+01
   7.8325700e+06   1.2023926e+02
   7.8354270e+06   8.0627441e+01
   7.8387580e+06   6.6528320e+01
   7.8450800e+06   9.4604492e+01
   7.8492230e+06   9.0270996e+01
   7.8524490e+06   9.6557617e+01
   7.8583500e+06   8.5754395e+01
   7.8648820e+06   9.4238281e+01
   7.8670160e+06   8.2946777e+01
   7.8698140e+06   8.7097168e+01
   7.8733960e+06   7.6293945e+01
   7.8759790e+06   7.8186035e+01
   7.8799490e+06   1.1175537e+02
   7.8823400e+06   9.2895508e+01
   7.8850830e+06   8.4533691e+01
   7.8880450e+06   9.8815918e+01
   7.8910700e+06   8.6975098e+01
   7.8941650e+06   1.0723877e+02
   7.8960680e+06   7.8613281e+01
   7.9027230e+06   9.3811035e+01
   7.9085240e+06   8.6425781e+01
   7.9110870e+06   1.0211182e+02
   7.9135820e+06   7.4890137e+01
   7.9189160e+06   9.7900391e+01
   7.9233860e+06   1.2426758e+02
   7.9299460e+06   8.7341309e+01
   7.9347560e+06   1.1132812e+02
   7.9372200e+06   8.8562012e+01
   7.9417760e+06   8.2519531e+01
   7.9444280e+06   7.6843262e+01
   7.9461300e+06   1.0437012e+02
   7.9479930e+06   9.0820312e+01
   7.9512390e+06   8.6608887e+01
   7.9556550e+06   7.6965332e+01
   7.9579640e+06   9.5886230e+01
   7.9599230e+06   8.2885742e+01
   7.9630230e+06   1.0675049e+02
   7.9662410e+06   1.0516357e+02
   7.9680550e+06   7.8186035e+01
   7.9706460e+06   8.0444336e+01
   7.9723450e+06   8.3923340e+01
   7.9766240e+06   9.5825195e+01
   7.9798270e+06   8.9599609e+01
   7.9823630e+06   8.9843750e+01
   7.9845490e+06   8.6242676e+01
   7.9888390e+06   8.6669922e+01
   7.9919400e+06   7.7453613e+01
   7.9939850e+06   7.7148438e+01
   7.9954350e+06   7.5561523e+01
   7.9978750e+06   1.1004639e+02
   8.0064810e+06   1.0021973e+02
   8.0085220e+06   8.1359863e+01
   8.0114480e+06   8.5754395e+01
   8.0131290e+06   8.0139160e+01
   8.0167260e+06   8.5571289e+01
   8.0193480e+06   1.1035156e+02
   8.0222620e+06   7.4645996e+01
   8.0239870e+06   8.5998535e+01
   8.0258590e+06   1.0461426e+02
   8.0280420e+06   6.7993164e+01
   8.0296320e+06   1.0021973e+02
   8.0314050e+06   1.0992432e+02
   8.0344020e+06   8.4472656e+01
   8.0385780e+06   6.9702148e+01
   8.0773580e+06   1.3128662e+02
   8.0810450e+06   8.1787109e+01
   8.0827180e+06   8.3068848e+01
   8.0884250e+06   9.5520020e+01
   8.0932550e+06   1.2683105e+02
   8.0946990e+06   7.8063965e+01
   8.0967210e+06   1.0717773e+02
   8.0982350e+06   7.2265625e+01
   8.1002610e+06   6.8603516e+01
   8.1041490e+06   7.7514648e+01
   8.1077730e+06   9.2102051e+01
   8.1116210e+06   8.2336426e+01
   8.1120580e+06   1.2097168e+02
   8.1120840e+06   7.7087402e+01
   8.1121120e+06   1.8688965e+02
   8.1121670e+06   1.0784912e+02
   8.1121850e+06   1.1798096e+02
   8.1122480e+06   5.4748535e+01
   8.1122590e+06   6.8420410e+01
   8.1123430e+06   6.5490723e+01
   8.1125650e+06   9.7290039e+01
   8.1126990e+06   4.9621582e+01
   8.1128570e+06   3.9062500e+01
   8.1129880e+06   8.8439941e+01
   8.1238360e+06   3.9550781e+01
   8.1238460e+06   5.7067871e+01
   8.1238980e+06   1.0955811e+02
   8.1240180e+06   6.1096191e+01
   8.1381620e+06   9.7351074e+01
   8.1481650e+06   1.1932373e+02
   8.1500060e+06   1.1621094e+02
   8.1508880e+06   1.0565186e+02
   8.1548080e+06   8.4167480e+01
   8.1576750e+06   9.2163086e+01
   8.1580350e+06   6.9580078e+01
   8.1601840e+06   8.0505371e+01
   8.1613670e+06   3.8879395e+01
   8.1629370e+06   9.1735840e+01
   8.1648180e+06   1.1431885e+02
   8.1668240e+06   7.8735352e+01
   8.1713530e+06   8.2824707e+01
   8.1781830e+06   8.9355469e+01
   8.1831930e+06   4.4677734e+01
   8.1880560e+06   3.7963867e+01
   8.2157230e+06   1.2744141e+02
   8.2254200e+06   8.3984375e+01
   8.2281110e+06   4.1564941e+01
   8.2281290e+06   5.9509277e+01
   8.2281720e+06   9.1308594e+01
   8.2281990e+06   3.9184570e+01
   8.2282100e+06   1.0308838e+02
   8.2283270e+06   9.3688965e+01
   8.2286810e+06   4.8522949e+01
   8.2461390e+06   1.2066650e+02
   8.2532850e+06   1.0040283e+02
   8.2569400e+06   9.0393066e+01
   8.2601730e+06   8.7707520e+01
   8.2631460e+06   1.0546875e+02
   8.2646680e+06   7.8002930e+01
   8.2689400e+06   1.0369873e+02
   8.2712710e+06   8.2824707e+01
   8.2771430e+06   1.1138916e+02
   8.2812840e+06   1.2231445e+02
   8.2816320e+06   7.0434570e+01
   8.2832520e+06   7.9406738e+01
   8.2854750e+06   7.6049805e+01
   8.2892060e+06   8.5449219e+01
   8.2906940e+06   7.9162598e+01
   8.2931370e+06   8.2397461e+01
   8.2954340e+06   8.5876465e+01
   8.2957080e+06   7.6354980e+01
   8.2971380e+06   7.8918457e+01
   8.2988490e+06   4.7546387e+01
   8.3008240e+06   8.9538574e+01
   8.3025750e+06   8.0688477e+01
   8.3056900e+06   8.3496094e+01
   8.3091140e+06   1.0461426e+02
   8.3193790e+06   1.1151123e+02
   8.3282130e+06   9.0820312e+01
   8.3344360e+06   9.6313477e+01
   8.3385970e+06   9.2041016e+01
   8.3428400e+06   8.6853027e+01
   8.3461380e+06   1.1907959e+02
   8.3492080e+06   9.8754883e+01
   8.3519530e+06   1.0534668e+02
   8.3554470e+06   7.8430176e+01
   8.3591330e+06   1.2829590e+02
   8.3626340e+06   1.1260986e+02
   8.3646900e+06   7.7087402e+01
   8.3695520e+06   1.0314941e+02
   8.3730990e+06   1.2646484e+02
   8.3758300e+06   9.1125488e+01
   8.3828950e+06   1.1566162e+02
   8.3852640e+06   7.6660156e+01
   8.3968160e+06   1.2194824e+02
   8.3999350e+06   1.0742188e+02
   8.4013330e+06   8.5388184e+01
   8.4073710e+06   1.1828613e+02
   8.4089090e+06   1.0601807e+02
   8.4118380e+06   9.4665527e+01
   8.4141990e+06   7.9956055e+01
   8.4159560e+06   6.4208984e+01
   8.4193860e+06   8.3251953e+01
   8.4232960e+06   9.5397949e+01
   8.4271340e+06   1.2207031e+02
   8.4299500e+06   8.5937500e+01
   8.4327740e+06   8.6669922e+01
   8.4346570e+06   7.8430176e+01
   8.4398380e+06   1.0614014e+02
   8.4454790e+06   1.1334229e+02
   8.4492260e+06   1.1645508e+02
   8.4516820e+06   3.9672852e+01
   8.4516940e+06   3.8269043e+01
   8.4517140e+06   1.1968994e+02
   8.4517490e+06   5.2673340e+01
   8.4518000e+06   9.7045898e+01
   8.4518600e+06   5.7250977e+01
   8.4518950e+06   9.4848633e+01
   8.4519940e+06   6.4331055e+01
   8.4601710e+06   5.0964355e+01
   8.4601910e+06   5.1940918e+01
   8.4602580e+06   9.7656250e+01
   8.4603060e+06   6.2194824e+01
   8.4606340e+06   5.2062988e+01
   8.4631490e+06   3.7231445e+01
   8.4763870e+06   9.3994141e+01
   8.4820390e+06   9.6618652e+01
   8.4837230e+06   1.0717773e+02
   8.4876990e+06   1.2005615e+02
   8.4898430e+06   8.4411621e+01
   8.4981720e+06   9.2041016e+01
   8.4982030e+06   3.7231445e+01
   8.5004350e+06   9.3627930e+01
   8.5025870e+06   8.8500977e+01
   8.5077310e+06   8.7280273e+01
   8.5131340e+06   1.0583496e+02
   8.5150720e+06   7.6416016e+01
   8.5170390e+06   8.6425781e+01
   8.5195110e+06   1.1706543e+02
   8.5211630e+06   9.7473145e+01
   8.5226660e+06   6.6467285e+01
   8.5273350e+06   8.5327148e+01
   8.5293550e+06   1.0040283e+02
   8.5343740e+06   1.1340332e+02
   8.5363770e+06   7.3608398e+01
   8.5385740e+06   8.6364746e+01
   8.5412670e+06   7.8674316e+01
   8.5426950e+06   7.4707031e+01
   8.5458020e+06   1.1212158e+02
   8.5480630e+06   8.1787109e+01
   8.5520340e+06   9.5886230e+01
   8.5567640e+06   8.7036133e+01
   8.5567760e+06   3.9489746e+01
   8.5580530e+06   3.7475586e+01
   8.5606150e+06   9.2529297e+01
   8.5633550e+06   8.6486816e+01
   8.5661480e+06   1.0205078e+02
   8.5682620e+06   7.2692871e+01
   8.5707290e+06   9.0332031e+01
   8.5723950e+06   7.7148438e+01
   8.5741390e+06   7.0922852e+01
   8.5775870e+06   1.0809326e+02
   8.5794720e+06   9.7412109e+01
   8.5875540e+06   1.0864258e+02
   8.5899700e+06   8.1420898e+01
   8.5925530e+06   8.0932617e+01
   8.5985960e+06   7.3547363e+01
   8.6008040e+06   1.0522461e+02
   8.6025840e+06   1.0729980e+02
   8.6037490e+06   1.1645508e+02
   8.6037780e+06   3.8452148e+01
   8.6038400e+06   1.7834473e+02
   8.6038700e+06   4.4433594e+01
   8.6043210e+06   1.0198975e+02
   8.6358090e+06   1.2127686e+02
   8.6382790e+06   9.4055176e+01
   8.6428800e+06   1.0614014e+02
   8.6449820e+06   1.1175537e+02
   8.6449950e+06   4.2236328e+01
   8.6477140e+06   9.1186523e+01
   8.6492930e+06   7.2326660e+01
   8.6513520e+06   1.0742188e+02
   8.6530970e+06   8.4228516e+01
   8.6604510e+06   1.0083008e+02
   8.6619900e+06   7.6721191e+01
   8.6672130e+06   8.1970215e+01
   8.6700950e+06   8.5937500e+01
   8.6701240e+06   3.9550781e+01
   8.6745590e+06   1.0986328e+02
   8.6781100e+06   1.1328125e+02
   8.6813180e+06   1.1547852e+02
   8.6833800e+06   7.2753906e+01
   8.6853830e+06   1.1065674e+02
   8.6920700e+06   9.9548340e+01
   8.6968070e+06   7.5317383e+01
   8.6997790e+06   1.2261963e+02
   8.7020790e+06   1.0833740e+02
   8.7044020e+06   8.7097168e+01
   8.7065990e+06   7.9711914e+01
   8.7126610e+06   1.2585449e+02
   8.7162780e+06   8.5632324e+01
   8.7208590e+06   1.1480713e+02
   8.7228810e+06   9.1979980e+01
   8.7247660e+06   5.2307129e+01
   8.7248530e+06   9.3078613e+01
   8.7248690e+06   5.3039551e+01
   8.7373220e+06   4.2236328e+01
   8.7373560e+06   7.3730469e+01
   8.7375760e+06   7.0373535e+01
   8.7529720e+06   9.8388672e+01
   8.7548650e+06   8.4777832e+01
   8.7581800e+06   8.5632324e+01
   8.7613940e+06   1.1590576e+02
   8.7633040e+06   1.1676025e+02
   8.7653070e+06   9.1918945e+01
   8.7695370e+06   9.0087891e+01
   8.7718960e+06   9.1613770e+01
   8.7751950e+06   1.1322021e+02
   8.7798770e+06   9.5153809e+01
   8.7832220e+06   1.0681152e+02
   8.7872410e+06   6.9519043e+01
   8.7890770e+06   7.6538086e+01
   8.7928020e+06   1.1236572e+02
   8.7949130e+06   9.2102051e+01
   8.7987360e+06   7.6477051e+01
   8.7999070e+06   6.9030762e+01
   8.8020370e+06   1.2512207e+02
   8.8034290e+06   8.3984375e+01
   8.8037510e+06   8.9294434e+01
   8.8075030e+06   8.2031250e+01
   8.8119370e+06   1.1157227e+02
   8.8144440e+06   9.4909668e+01
   8.8166980e+06   8.8317871e+01
   8.8236290e+06   9.7961426e+01
   8.8290610e+06   1.1968994e+02
   8.8331770e+06   9.6679688e+01
   8.8355700e+06   7.5927734e+01
   8.8376550e+06   8.1542969e+01
   8.8413950e+06   1.1456299e+02
   8.8474400e+06   7.4829102e+01
   8.8511040e+06   8.5266113e+01
   8.8542230e+06   8.0078125e+01
   8.8576810e+06   1.1810303e+02
   8.8621550e+06   1.1383057e+02
   8.8639890e+06   8.4167480e+01
   8.8660760e+06   6.9396973e+01
   8.8681030e+06   8.7951660e+01
   8.8702490e+06   8.6364746e+01
   8.8727710e+06   6.9763184e+01
   8.8784280e+06   8.1054688e+01
   8.8799450e+06   1.1145020e+02
   8.8823090e+06   7.1166992e+01
   8.8864800e+06   8.5571289e+01
   8.8902070e+06   9.6862793e+01
   8.8941340e+06   9.1613770e+01
   8.8962310e+06   8.2702637e+01
   8.8990440e+06   8.8500977e+01
   8.9061370e+06   4.2541504e+01
   8.9095180e+06   9.7045898e+01
   8.9114280e+06   7.9101562e+01
   8.9129700e+06   1.0766602e+02
   8.9144600e+06   8.1054688e+01
   8.9158620e+06   7.2509766e+01
   8.9180320e+06   8.1359863e+01
   8.9276090e+06   3.7170410e+01
   8.9281980e+06   1.0290527e+02
   8.9306830e+06   1.0626221e+02
   8.9322250e+06   4.1198730e+01
   8.9548680e+06   8.3190918e+01
   8.9637910e+06   9.7167969e+01
   8.9670270e+06   7.8186035e+01
   8.9704080e+06   9.5336914e+01
   8.9741920e+06   9.0270996e+01
   8.9780670e+06   1.2237549e+02
   8.9819240e+06   4.1992188e+01
   8.9832590e+06   8.3007812e+01
   8.9856050e+06   8.0810547e+01
   8.9907710e+06   8.9111328e+01
   8.9947210e+06   8.2641602e+01
   8.9963830e+06   9.1552734e+01
   9.0002430e+06   9.2407227e+01
   9.0025360e+06   1.1755371e+02
   9.0045530e+06   9.4238281e+01
   9.0126170e+06   1.1230469e+02
   9.0159050e+06   1.0070801e+02
   9.0204180e+06   9.7656250e+01
   9.0238790e+06   9.5031738e+01
   9.0253610e+06   6.8298340e+01
   9.0296390e+06   8.5632324e+01
   9.0326170e+06   8.9538574e+01
   9.0347130e+06   8.1665039e+01
   9.0383400e+06   8.4655762e+01
   9.0393750e+06   7.5073242e+01
   9.0416650e+06   8.9721680e+01
   9.0436460e+06   7.4401855e+01
   9.0452210e+06   8.3557129e+01
   9.0496110e+06   4.1442871e+01
   9.0512340e+06   1.1743164e+02
   9.0512470e+06   4.3762207e+01
   9.0512630e+06   5.4016113e+01
   9.0512920e+06   8.6914062e+01
   9.0513900e+06   5.6091309e+01
   9.0741420e+06   1.1206055e+02
   9.0825950e+06   8.1176758e+01
   9.0846970e+06   7.8674316e+01
   9.0867470e+06   7.9284668e+01
   9.0885570e+06   5.1330566e+01
   9.0916680e+06   7.9284668e+01
   9.0932500e+06   9.0209961e+01
   9.0952070e+06   8.2153320e+01
   9.0990420e+06   9.6801758e+01
   9.1013260e+06   1.0778809e+02
   9.1016820e+06   5.7617188e+01
   9.1053810e+06   9.8632812e+01
   9.1072870e+06   7.0556641e+01
   9.1096020e+06   1.0845947e+02
   9.1113650e+06   8.5998535e+01
   9.1148080e+06   1.2609863e+02
   9.1167230e+06   1.1480713e+02
   9.1202400e+06   7.6110840e+01
   9.1227130e+06   9.6191406e+01
   9.1250730e+06   1.0540771e+02
   9.1282720e+06   9.2529297e+01
   9.1307190e+06   6.2316895e+01
   9.1331230e+06   6.8725586e+01
   9.1345850e+06   8.3435059e+01
   9.1359750e+06   9.3750000e+01
   9.1404700e+06   8.8195801e+01
   9.1433700e+06   9.1613770e+01
   9.1466410e+06   8.6547852e+01
   9.1511140e+06   8.3068848e+01
   9.1542980e+06   8.4350586e+01
   9.1563050e+06   8.3312988e+01
   9.1583170e+06   7.1472168e+01
   9.1605370e+06   1.1132812e+02
   9.1623410e+06   8.8256836e+01
   9.1636790e+06   7.2265625e+01
   9.1669430e+06   9.7351074e+01
   9.1692050e+06   1.0253906e+02
   9.1710140e+06   9.3261719e+01
   9.1754240e+06   8.1176758e+01
   9.1789280e+06   3.8513184e+01
   9.1819600e+06   1.0260010e+02
   9.1862210e+06   7.6782227e+01
   9.1886100e+06   9.0759277e+01
   9.1906310e+06   9.1247559e+01
   9.1939000e+06   8.6303711e+01
   9.1956380e+06   8.1237793e+01
   9.1981620e+06   1.0028076e+02
   9.2009040e+06   1.0253906e+02
   9.2046580e+06   9.6069336e+01
   9.2070380e+06   1.1621094e+02
   9.2098060e+06   7.6416016e+01
   9.2125580e+06   8.8989258e+01
   9.2134480e+06   3.8452148e+01
   9.2162700e+06   1.1791992e+02
   9.2190560e+06   7.9040527e+01
   9.2224850e+06   8.0017090e+01
   9.2252940e+06   6.6955566e+01
   9.2275120e+06   1.0040283e+02
   9.2300710e+06   8.0566406e+01
   9.2344980e+06   9.0942383e+01
   9.2372620e+06   8.1604004e+01
   9.2412840e+06   8.5388184e+01
   9.2436040e+06   1.1108398e+02
   9.2462560e+06   8.2641602e+01
   9.2482640e+06   9.5703125e+01
   9.2503750e+06   8.6853027e+01
   9.2507730e+06   1.0076904e+02
   9.2601270e+06   4.0100098e+01
   9.2626550e+06   9.3261719e+01
   9.2909990e+06   6.1401367e+01
   9.2910660e+06   1.1297607e+02
   9.2910760e+06   8.1359863e+01
   9.2911860e+06   8.6303711e+01
   9.2913090e+06   6.3598633e+01
   9.2977040e+06   3.7841797e+01
   9.2978520e+06   3.9428711e+01
   9.2983520e+06   3.7353516e+01
   9.3054090e+06   9.6862793e+01
   9.3084820e+06   9.1613770e+01
   9.3159530e+06   9.7412109e+01
   9.3159630e+06   4.6936035e+01
   9.3184830e+06   1.1126709e+02
   9.3202970e+06   7.6843262e+01
   9.3221340e+06   1.0223389e+02
   9.3240940e+06   9.4421387e+01
   9.3245930e+06   7.1960449e+01
   9.3298130e+06   8.1604004e+01
   9.3318380e+06   6.9152832e+01
   9.3329740e+06   8.2275391e+01
   9.3333790e+06   8.3068848e+01
   9.3339050e+06   6.8237305e+01
   9.3368950e+06   1.2005615e+02
   9.3387740e+06   9.7595215e+01
   9.3397600e+06   7.6538086e+01
   9.3467050e+06   1.1938477e+02
   9.3495100e+06   8.6425781e+01
   9.3511170e+06   8.5632324e+01
   9.3527640e+06   7.2204590e+01
   9.3575010e+06   1.0565186e+02
   9.3601840e+06   1.1206055e+02
   9.3625980e+06   8.2519531e+01
   9.3647260e+06   8.1542969e+01
   9.3688990e+06   1.0375977e+02
   9.3708640e+06   8.8012695e+01
   9.3734460e+06   7.9589844e+01
   9.3764260e+06   9.0820312e+01
   9.3796720e+06   1.0552979e+02
   9.3984030e+06   9.8388672e+01
   9.4017510e+06   1.0742188e+02
   9.4017620e+06   4.2724609e+01
   9.4067850e+06   1.0253906e+02
   9.4088290e+06   7.7087402e+01
   9.4112880e+06   7.9406738e+01
   9.4138770e+06   1.1535645e+02
   9.4160600e+06   8.6853027e+01
   9.4185290e+06   8.0566406e+01
   9.4208750e+06   8.7829590e+01
   9.4223920e+06   6.9580078e+01
   9.4230690e+06   7.5744629e+01
   9.4255340e+06   8.0017090e+01
   9.4285850e+06   8.3312988e+01
   9.4304320e+06   8.7829590e+01
   9.4332090e+06   8.4899902e+01
   9.4353250e+06   6.8115234e+01
   9.4379430e+06   1.2316895e+02
   9.4380580e+06   5.8471680e+01
   9.4520750e+06   9.1491699e+01
   9.4541780e+06   1.0021973e+02
   9.4585000e+06   9.8999023e+01
   9.4628080e+06   7.3547363e+01
   9.4645110e+06   7.3425293e+01
   9.4663520e+06   7.5927734e+01
   9.4663640e+06   3.7658691e+01
   9.4682080e+06   9.9914551e+01
   9.4774200e+06   9.5581055e+01
   9.4797600e+06   8.1481934e+01
   9.4815580e+06   9.4116211e+01
   9.4850470e+06   9.8999023e+01
   9.4871710e+06   8.3007812e+01
   9.5017290e+06   8.0322266e+01
   9.5059920e+06   8.0749512e+01
   9.5105950e+06   8.1787109e+01
   9.5134880e+06   1.0491943e+02
   9.5160260e+06   8.5144043e+01
   9.5184760e+06   9.9670410e+01
   9.5208650e+06   8.6364746e+01
   9.5224700e+06   7.4096680e+01
   9.5274860e+06   1.1541748e+02
   9.5292490e+06   7.0190430e+01
   9.5315520e+06   8.5571289e+01
   9.5330490e+06   7.8491211e+01
   9.5359110e+06   9.3872070e+01
   9.5385140e+06   8.2031250e+01
   9.5420670e+06   8.3068848e+01
   9.5454490e+06   8.8500977e+01
   9.5468460e+06   7.5439453e+01
   9.5551270e+06   1.2457275e+02
   9.5575600e+06   1.0498047e+02
   9.5606550e+06   1.0540771e+02
   9.5606700e+06   3.8208008e+01
   9.5635720e+06   8.9660645e+01
   9.5666420e+06   7.9406738e+01
   9.5681530e+06   6.9824219e+01
   9.5705440e+06   7.2326660e+01
   9.5720870e+06   8.7219238e+01
   9.5779780e+06   1.1041260e+02
   9.5799940e+06   1.0461426e+02
   9.5813230e+06   7.7392578e+01
   9.5835780e+06   6.3720703e+01
   9.5861060e+06   8.6242676e+01
   9.5880270e+06   8.5571289e+01
   9.5897160e+06   7.0007324e+01
   9.6010150e+06   8.3557129e+01
   9.6048240e+06   8.9904785e+01
   9.6089880e+06   7.7575684e+01
   9.6139450e+06   1.1041260e+02
   9.6164150e+06   9.3811035e+01
   9.6185600e+06   8.5815430e+01
   9.6209660e+06   8.7158203e+01
   9.6250980e+06   9.5031738e+01
   9.6276950e+06   7.4157715e+01
   9.6304510e+06   1.0278320e+02
   9.6335880e+06   1.0699463e+02
   9.6343230e+06   1.0034180e+02
   9.6363130e+06   1.0760498e+02
   9.6388200e+06   1.1865234e+02
   9.6419180e+06   9.2102051e+01
   9.6467470e+06   9.7045898e+01
   9.6491000e+06   9.2956543e+01
   9.6523000e+06   9.0698242e+01
   9.6587580e+06   1.2054443e+02
   9.6614800e+06   9.0087891e+01
   9.6640760e+06   9.3505859e+01
   9.6661520e+06   7.3059082e+01
   9.6696850e+06   3.9428711e+01
   9.6696950e+06   1.4501953e+02
   9.6697100e+06   5.6152344e+01
   9.6697840e+06   1.6931152e+02
   9.6697960e+06   6.0607910e+01
   9.6698840e+06   1.4343262e+02
   9.6698970e+06   4.5410156e+01
   9.6699860e+06   7.4218750e+01
   9.6703070e+06   1.0485840e+02
   9.6873080e+06   3.8940430e+01
   9.7076360e+06   8.6914062e+01
   9.7093500e+06   8.3618164e+01
   9.7133870e+06   8.0261230e+01
   9.7155320e+06   1.0253906e+02
   9.7175450e+06   9.9304199e+01
   9.7214490e+06   8.0505371e+01
   9.7238740e+06   1.0607910e+02
   9.7279640e+06   7.8979492e+01
   9.7311910e+06   7.7087402e+01
   9.7331930e+06   9.0087891e+01
   9.7369520e+06   1.0418701e+02
   9.7456240e+06   1.1669922e+02
   9.7484560e+06   8.0322266e+01
   9.7507100e+06   8.0749512e+01
   9.7529320e+06   8.3923340e+01
   9.7547800e+06   8.3984375e+01
   9.7567400e+06   9.0393066e+01
   9.7584240e+06   7.5500488e+01
   9.7624110e+06   8.3435059e+01
   9.7655180e+06   1.2445068e+02
   9.7655320e+06   3.7902832e+01
   9.7685220e+06   1.0321045e+02
   9.7728590e+06   8.2824707e+01
   9.7766470e+06   8.7158203e+01
   9.7784720e+06   7.8613281e+01
   9.7814110e+06   8.3496094e+01
   9.7834620e+06   7.6721191e+01
   9.7918860e+06   4.0344238e+01
   9.7927760e+06   8.0871582e+01
   9.7947860e+06   7.8674316e+01
   9.7976150e+06   1.1877441e+02
   9.8000000e+06   9.9731445e+01
   9.8024270e+06   7.4890137e+01
   9.8065830e+06   9.6557617e+01
   9.8082330e+06   1.1022949e+02
   9.8102110e+06   7.1594238e+01
   9.8122810e+06   9.2468262e+01
   9.8122920e+06   3.8024902e+01
   9.8146550e+06   7.4707031e+01
   9.8183650e+06   8.7585449e+01
   9.8220990e+06   9.8999023e+01
   9.8252860e+06   7.7697754e+01
   9.8268710e+06   8.8012695e+01
   9.8293440e+06   7.9772949e+01
   9.8348600e+06   8.7097168e+01
   9.8554720e+06   1.2347412e+02
   9.8621690e+06   1.1779785e+02
   9.8679680e+06   1.1242676e+02
   9.8701720e+06   8.0261230e+01
   9.8724580e+06   8.1481934e+01
   9.8772070e+06   1.1834717e+02
   9.8804530e+06   9.7961426e+01
   9.8840960e+06   9.0515137e+01
   9.8861240e+06   1.0711670e+02
   9.8902250e+06   7.6232910e+01
   9.8918510e+06   9.3322754e+01
   9.8922000e+06   7.9040527e+01
   9.8945590e+06   7.6354980e+01
   9.8966510e+06   7.9772949e+01
   9.9003360e+06   1.0491943e+02
   9.9035980e+06   9.1308594e+01
   9.9081790e+06   9.0270996e+01
   9.9100200e+06   8.0078125e+01
   9.9101170e+06   3.8696289e+01
   9.9130310e+06   1.1981201e+02
   9.9148410e+06   8.3068848e+01
   9.9175250e+06   8.7219238e+01
   9.9204740e+06   9.2895508e+01
   9.9265880e+06   7.7514648e+01
   9.9289860e+06   6.8054199e+01
   9.9311530e+06   1.0131836e+02
   9.9360630e+06   8.5510254e+01
   9.9384860e+06   9.1064453e+01
   9.9454520e+06   8.8806152e+01
   9.9484150e+06   7.6782227e+01
   9.9516380e+06   8.3740234e+01
   9.9534580e+06   7.7026367e+01
   9.9612410e+06   9.4482422e+01
   9.9631680e+06   1.0980225e+02
   9.9631840e+06   3.7658691e+01
   9.9650530e+06   7.3303223e+01
   9.9670930e+06   1.0882568e+02
   9.9687330e+06   1.0369873e+02
   9.9725680e+06   9.2712402e+01
   9.9741050e+06   7.2631836e+01
   9.9757150e+06   8.1665039e+01
   9.9801580e+06   9.8937988e+01
   9.9801750e+06   3.7536621e+01
   9.9826270e+06   9.1186523e+01
   9.9861040e+06   7.6965332e+01
   9.9895380e+06   1.1010742e+02
   9.9941470e+06   1.0388184e+02
   9.9972070e+06   7.0922852e+01
   1.0002171e+07   1.0266113e+02
   1.0003841e+07   7.8979492e+01
   1.0006233e+07   8.3862305e+01
   1.0008403e+07   1.0968018e+02
   1.0010909e+07   7.7453613e+01
   1.0015242e+07   8.8134766e+01
   1.0021861e+07   1.1419678e+02
   1.0024498e+07   8.3862305e+01
   1.0032345e+07   1.1181641e+02
   1.0033566e+07   1.0888672e+02
   1.0035366e+07   9.8266602e+01
   1.0037822e+07   8.1604004e+01
   1.0038203e+07   8.1359863e+01
   1.0040338e+07   6.6040039e+01
   1.0042581e+07   9.4299316e+01
   1.0044982e+07   8.0383301e+01
   1.0046721e+07   7.8918457e+01
   1.0048293e+07   7.3425293e+01
   1.0057767e+07   9.1064453e+01
   1.0060651e+07   8.4472656e+01
   1.0063951e+07   7.6904297e+01
   1.0065444e+07   6.8054199e+01
   1.0066947e+07   1.0705566e+02
   1.0070310e+07   6.9030762e+01
   1.0077158e+07   1.0424805e+02
   1.0079954e+07   1.0119629e+02
   1.0091956e+07   3.9550781e+01
   1.0094313e+07   1.1511230e+02
   1.0096715e+07   9.0515137e+01
   1.0131162e+07   1.0595703e+02
   1.0133992e+07   9.8205566e+01
   1.0136536e+07   8.0871582e+01
   1.0139796e+07   8.2824707e+01
   1.0142336e+07   1.0076904e+02
   1.0144497e+07   7.6538086e+01
   1.0146925e+07   8.3679199e+01
   1.0149799e+07   8.6486816e+01
   1.0152783e+07   1.0058594e+02
   1.0155099e+07   7.4584961e+01
   1.0157103e+07   7.5683594e+01
   1.0160619e+07   9.3261719e+01
   1.0163849e+07   8.0688477e+01
   1.0168220e+07   1.1077881e+02
   1.0172416e+07   8.7219238e+01
   1.0174215e+07   8.3435059e+01
   1.0176419e+07   8.1604004e+01
   1.0180483e+07   7.5378418e+01
   1.0184855e+07   1.1865234e+02
   1.0194028e+07   1.1834717e+02
   1.0196256e+07   1.1468506e+02
   1.0196266e+07   3.7963867e+01
   1.0205783e+07   7.9345703e+01
   1.0208304e+07   8.6669922e+01
   1.0210752e+07   1.0107422e+02
   1.0212226e+07   7.1289062e+01
   1.0214608e+07   8.6853027e+01
   1.0218712e+07   7.7453613e+01
   1.0221448e+07   8.6975098e+01
   1.0223456e+07   6.8054199e+01
   1.0224854e+07   7.5622559e+01
   1.0227090e+07   8.0505371e+01
   1.0229322e+07   8.2519531e+01
   1.0232210e+07   7.5195312e+01
   1.0239633e+07   9.6435547e+01
   1.0242510e+07   8.3435059e+01
   1.0245853e+07   8.1054688e+01
   1.0250252e+07   1.0131836e+02
   1.0260323e+07   7.0800781e+01
   1.0264468e+07   7.9406738e+01
   1.0268262e+07   8.9172363e+01
   1.0272916e+07   8.6914062e+01
   1.0275583e+07   7.9833984e+01
   1.0277256e+07   8.9294434e+01
   1.0277267e+07   3.6987305e+01
   1.0287260e+07   9.4543457e+01
   1.0289720e+07   9.8205566e+01
   1.0291231e+07   9.4543457e+01
   1.0292513e+07   9.8632812e+01
   1.0295759e+07   8.2275391e+01
   1.0299806e+07   7.9467773e+01
   1.0301584e+07   8.7402344e+01
   1.0304120e+07   9.3750000e+01
   1.0309503e+07   1.1523438e+02
   1.0311154e+07   8.0688477e+01
   1.0311175e+07   6.1279297e+01
   1.0311197e+07   1.8365479e+02
   1.0311215e+07   7.6660156e+01
   1.0311239e+07   4.4677734e+01
   1.0311255e+07   3.7292480e+01
   1.0311283e+07   7.0007324e+01
   1.0311360e+07   6.2316895e+01
   1.0311390e+07   7.8613281e+01
   1.0311474e+07   5.9570313e+01
   1.0311491e+07   4.0466309e+01
   1.0311640e+07   9.1735840e+01
   1.0311651e+07   5.2490234e+01
   1.0323506e+07   4.0222168e+01
   1.0336686e+07   9.7167969e+01
   1.0339077e+07   1.0742188e+02
   1.0340530e+07   1.1083984e+02
   1.0344607e+07   9.4848633e+01
   1.0352274e+07   9.1308594e+01
   1.0355593e+07   1.0247803e+02
   1.0359161e+07   1.1267090e+02
   1.0361919e+07   8.2336426e+01
   1.0363771e+07   7.5805664e+01
   1.0366288e+07   9.1613770e+01
   1.0366299e+07   3.9184570e+01
   1.0368689e+07   1.0070801e+02
   1.0370874e+07   9.8266602e+01
   1.0373010e+07   6.6345215e+01
   1.0377187e+07   7.7331543e+01
   1.0381389e+07   1.0064697e+02
   1.0383096e+07   1.0906982e+02
   1.0386200e+07   7.6904297e+01
   1.0389975e+07   7.7026367e+01
   1.0392246e+07   1.0144043e+02
   1.0396317e+07   7.2570801e+01
   1.0399291e+07   7.7148438e+01
   1.0401187e+07   8.4594727e+01
   1.0405537e+07   9.1125488e+01
   1.0407756e+07   8.8439941e+01
   1.0411972e+07   8.6059570e+01
   1.0414399e+07   7.3852539e+01
   1.0417082e+07   8.8134766e+01
   1.0419286e+07   1.0479736e+02
   1.0422111e+07   9.5764160e+01
   1.0424880e+07   8.0688477e+01
   1.0425370e+07   9.8083496e+01
   1.0443095e+07   8.4472656e+01
   1.0454484e+07   9.6496582e+01
   1.0458396e+07   9.0881348e+01
   1.0460687e+07   8.5754395e+01
   1.0460698e+07   3.7231445e+01
   1.0462263e+07   8.9599609e+01
   1.0464617e+07   1.1639404e+02
   1.0466844e+07   8.3129883e+01
   1.0468359e+07   7.8796387e+01
   1.0469078e+07   6.3476563e+01
   1.0473546e+07   8.0505371e+01
   1.0475959e+07   9.4909668e+01
   1.0478967e+07   6.8542480e+01
   1.0480633e+07   8.1787109e+01
   1.0484967e+07   1.0266113e+02
   1.0487583e+07   8.6669922e+01
   1.0490637e+07   9.4360352e+01
   1.0493055e+07   9.0332031e+01
   1.0495336e+07   8.6425781e+01
   1.0498818e+07   9.1308594e+01
   1.0502204e+07   1.1010742e+02
   1.0504539e+07   8.0566406e+01
   1.0507494e+07   4.1259766e+01
   1.0513279e+07   1.0833740e+02
   1.0515472e+07   7.7209473e+01
   1.0520205e+07   1.1584473e+02
   1.0522361e+07   1.0205078e+02
   1.0524629e+07   9.8388672e+01
   1.0528145e+07   8.9599609e+01
   1.0532946e+07   8.0688477e+01
   1.0535504e+07   8.3557129e+01
   1.0539157e+07   9.4360352e+01
   1.0541383e+07   8.0017090e+01
   1.0546579e+07   8.5632324e+01
   1.0548970e+07   7.6660156e+01
   1.0555411e+07   9.1857910e+01
   1.0557270e+07   8.4411621e+01
   1.0559930e+07   1.0504150e+02
   1.0562642e+07   7.0312500e+01
   1.0565398e+07   9.7656250e+01
   1.0567325e+07   8.8134766e+01
   1.0575129e+07   9.6496582e+01
   1.0577154e+07   9.6862793e+01
   1.0580381e+07   1.0913086e+02
   1.0582889e+07   7.6293945e+01
   1.0587256e+07   8.9965820e+01
   1.0594117e+07   7.4584961e+01
   1.0594127e+07   3.7902832e+01
   1.0596501e+07   8.9111328e+01
   1.0598428e+07   8.1542969e+01
   1.0600482e+07   9.9487305e+01
   1.0603447e+07   9.9792480e+01
   1.0605357e+07   3.7292480e+01
   1.0606132e+07   9.8022461e+01
   1.0609010e+07   1.0290527e+02
   1.0611007e+07   9.4787598e+01
   1.0613315e+07   8.1420898e+01
   1.0616109e+07   8.6486816e+01
   1.0632110e+07   9.0820313e+01
   1.0634320e+07   7.4890137e+01
   1.0636930e+07   7.9101562e+01
   1.0643330e+07   1.2231445e+02
   1.0645070e+07   7.8613281e+01
   1.0647638e+07   9.7473145e+01
   1.0649200e+07   7.2692871e+01
   1.0652925e+07   7.8674316e+01
   1.0655133e+07   7.6904297e+01
   1.0661089e+07   7.3852539e+01
   1.0663733e+07   7.9284668e+01
   1.0667212e+07   1.1029053e+02
   1.0669543e+07   1.0095215e+02
   1.0671468e+07   1.0650635e+02
   1.0677667e+07   8.5388184e+01
   1.0680473e+07   9.2041016e+01
   1.0681986e+07   1.0076904e+02
   1.0684180e+07   1.1376953e+02
   1.0686050e+07   9.1491699e+01
   1.0689227e+07   9.5825195e+01
   1.0691756e+07   7.9040527e+01
   1.0696300e+07   8.4838867e+01
   1.0699023e+07   8.8806152e+01
   1.0701245e+07   6.5917969e+01
   1.0710439e+07   8.6059570e+01
   1.0713132e+07   1.0723877e+02
   1.0716470e+07   9.0026855e+01
   1.0720919e+07   9.1308594e+01
   1.0722686e+07   8.9111328e+01
   1.0727200e+07   8.1298828e+01
   1.0729410e+07   7.3852539e+01
   1.0732203e+07   8.1481934e+01
   1.0734223e+07   7.9406738e+01
   1.0735465e+07   9.8022461e+01
   1.0736747e+07   6.9702148e+01
   1.0738620e+07   8.1054688e+01
   1.0741350e+07   8.7890625e+01
   1.0744758e+07   1.2689209e+02
   1.0744848e+07   1.0388184e+02
   1.0744920e+07   5.4809570e+01
   1.0770167e+07   1.0491943e+02
   1.0776125e+07   7.3913574e+01
   1.0777837e+07   7.7453613e+01
   1.0779349e+07   9.8266602e+01
   1.0781166e+07   9.0698242e+01
   1.0783635e+07   9.8266602e+01
   1.0785910e+07   8.9355469e+01
   1.0786904e+07   6.3476563e+01
   1.0792811e+07   8.8073730e+01
   1.0795115e+07   8.3801270e+01
   1.0797140e+07   7.5683594e+01
   1.0800978e+07   7.2570801e+01
   1.0803172e+07   9.1369629e+01
   1.0806520e+07   9.1308594e+01
   1.0810009e+07   8.7768555e+01
   1.0812041e+07   9.1552734e+01
   1.0814072e+07   7.8308105e+01
   1.0815794e+07   7.0068359e+01
   1.0816775e+07   6.8725586e+01
   1.0818145e+07   9.1064453e+01
   1.0820570e+07   7.9650879e+01
   1.0822423e+07   7.6293945e+01
   1.0823783e+07   6.8969727e+01
   1.0824270e+07   5.7495117e+01
   1.0826475e+07   6.9030762e+01
   1.0828618e+07   8.8317871e+01
   1.0833972e+07   8.0749512e+01
   1.0836023e+07   8.2397461e+01
   1.0839191e+07   9.3200684e+01
   1.0841045e+07   9.5397949e+01
   1.0844526e+07   8.8623047e+01
   1.0848016e+07   1.1541748e+02
   1.0850327e+07   8.0017090e+01
   1.0854403e+07   1.0980225e+02
   1.0858595e+07   6.8481445e+01
   1.0861225e+07   8.3068848e+01
   1.0863083e+07   7.2631836e+01
   1.0864719e+07   1.0076904e+02
   1.0867667e+07   1.0485840e+02
   1.0873927e+07   1.1309814e+02
   1.0877391e+07   1.1212158e+02
   1.0880167e+07   1.0766602e+02
   1.0881858e+07   6.8176270e+01
   1.0883640e+07   8.0932617e+01
   1.0886399e+07   8.8012695e+01
   1.0889028e+07   9.3383789e+01
   1.0892136e+07   9.4543457e+01
   1.0894921e+07   7.3669434e+01
   1.0897065e+07   8.5083008e+01
   1.0898695e+07   8.6730957e+01
   1.0904543e+07   9.6618652e+01
   1.0907399e+07   9.2834473e+01
   1.0909737e+07   7.7880859e+01
   1.0911843e+07   9.0148926e+01
   1.0914542e+07   1.1126709e+02
   1.0916259e+07   7.5317383e+01
   1.0918149e+07   1.0766602e+02
   1.0922333e+07   9.1125488e+01
   1.0924075e+07   6.9458008e+01
   1.0926209e+07   7.8674316e+01
   1.0927933e+07   1.0968018e+02
   1.0931854e+07   7.4401855e+01
   1.0934332e+07   8.3740234e+01
   1.0936063e+07   8.0444336e+01
   1.0937970e+07   8.2214355e+01
   1.0939602e+07   6.8176270e+01
   1.0944296e+07   9.2590332e+01
   1.0947621e+07   8.2336426e+01
   1.0949363e+07   6.6284180e+01
   1.0950814e+07   5.5908203e+01
   1.0953271e+07   7.7636719e+01
   1.0956095e+07   8.6914063e+01
   1.0957132e+07   1.0601807e+02
   1.0959179e+07   1.0339355e+02
   1.0959997e+07   9.9609375e+01
   1.0962192e+07   1.0351562e+02
   1.0965063e+07   7.6660156e+01
   1.0966571e+07   1.0150146e+02
   1.0968606e+07   1.0278320e+02
   1.0971144e+07   7.3730469e+01
   1.0972753e+07   8.5815430e+01
   1.0975035e+07   5.8410645e+01
   1.0975063e+07   1.4630127e+02
   1.0975101e+07   4.8400879e+01
   1.0983500e+07   1.5234375e+02
   1.0983518e+07   5.4321289e+01
   1.0983538e+07   4.4128418e+01
   1.0983561e+07   9.9487305e+01
   1.0983633e+07   1.4465332e+02
   1.0983672e+07   8.4655762e+01
   1.0983798e+07   7.3486328e+01
   1.1001662e+07   8.4411621e+01
   1.1004123e+07   8.1787109e+01
   1.1006101e+07   9.2773438e+01
   1.1008375e+07   1.2023926e+02
   1.1017281e+07   9.4238281e+01
   1.1019463e+07   7.9467773e+01
   1.1021249e+07   1.0290527e+02
   1.1023592e+07   7.8125000e+01
   1.1026616e+07   1.1645508e+02
   1.1026676e+07   4.5715332e+01
   1.1026700e+07   1.0711670e+02
   1.1026714e+07   9.7839355e+01
   1.1026766e+07   4.2114258e+01
   1.1026824e+07   8.2763672e+01
   1.1027134e+07   4.2358398e+01
   1.1047811e+07   9.4299316e+01
   1.1050341e+07   1.0833740e+02
   1.1054043e+07   9.6130371e+01
   1.1060380e+07   8.8012695e+01
   1.1062818e+07   1.0736084e+02
   1.1067390e+07   8.4289551e+01
   1.1069364e+07   7.9650879e+01
   1.1071412e+07   7.5134277e+01
   1.1074832e+07   8.4350586e+01
   1.1077264e+07   1.0321045e+02
   1.1081307e+07   8.6486816e+01
   1.1083422e+07   8.3068848e+01
   1.1086375e+07   8.3679199e+01
   1.1088175e+07   1.0321045e+02
   1.1091999e+07   3.9367676e+01
   1.1093219e+07   3.9794922e+01
   1.1097916e+07   8.9355469e+01
   1.1112892e+07   1.0644531e+02
   1.1122464e+07   8.6975098e+01
   1.1128882e+07   9.2773438e+01
   1.1140934e+07   8.7280273e+01
   1.1143605e+07   1.0876465e+02
   1.1143618e+07   3.7658691e+01
   1.1156232e+07   1.0235596e+02
   1.1159942e+07   7.5073242e+01
   1.1162522e+07   8.8684082e+01
   1.1165652e+07   1.1425781e+02
   1.1165936e+07   7.2448730e+01
   1.1170130e+07   8.2153320e+01
   1.1174229e+07   1.0076904e+02
   1.1178914e+07   8.9599609e+01
   1.1180707e+07   1.1260986e+02
   1.1183644e+07   9.7778320e+01
   1.1185817e+07   8.1420898e+01
   1.1191327e+07   8.3923340e+01
   1.1193494e+07   8.3740234e+01
   1.1195070e+07   9.7351074e+01
   1.1199025e+07   8.0871582e+01
   1.1202179e+07   3.7353516e+01
   1.1237209e+07   7.9467773e+01
   1.1237219e+07   3.7048340e+01
   1.1240972e+07   1.0931396e+02
   1.1243055e+07   7.8125000e+01
   1.1246825e+07   1.1297607e+02
   1.1249218e+07   3.8696289e+01
   1.1250964e+07   7.6721191e+01
   1.1253224e+07   9.8632812e+01
   1.1255057e+07   7.5561523e+01
   1.1256999e+07   8.9721680e+01
   1.1258703e+07   9.9487305e+01
   1.1260595e+07   8.3312988e+01
   1.1262519e+07   1.0382080e+02
   1.1266732e+07   9.8327637e+01
   1.1274418e+07   1.2707520e+02
   1.1277342e+07   1.0076904e+02
   1.1279009e+07   1.1688232e+02
   1.1281236e+07   7.8491211e+01
   1.1284347e+07   8.0566406e+01
   1.1290998e+07   8.2397461e+01
   1.1293541e+07   8.5998535e+01
   1.1295489e+07   1.0046387e+02
   1.1299283e+07   8.5083008e+01
   1.1301742e+07   8.9538574e+01
   1.1305654e+07   7.3364258e+01
   1.1309647e+07   8.6181641e+01
   1.1313463e+07   8.3984375e+01
   1.1315212e+07   7.5805664e+01
   1.1318553e+07   9.5031738e+01
   1.1320487e+07   7.8918457e+01
   1.1323083e+07   8.6120605e+01
   1.1324411e+07   9.5336914e+01
   1.1326151e+07   7.7453613e+01
   1.1327649e+07   8.5510254e+01
   1.1329720e+07   9.5275879e+01
   1.1331426e+07   8.6425781e+01
   1.1333792e+07   7.5805664e+01
   1.1336618e+07   8.2702637e+01
   1.1339793e+07   8.5876465e+01
   1.1341893e+07   8.6853027e+01
   1.1345589e+07   8.8012695e+01
   1.1347821e+07   1.0180664e+02
   1.1350114e+07   6.5795898e+01
   1.1351741e+07   7.1838379e+01
   1.1354400e+07   8.6120605e+01
   1.1357677e+07   8.3496094e+01
   1.1363544e+07   6.8481445e+01
   1.1367992e+07   8.9050293e+01
   1.1370058e+07   9.9304199e+01
   1.1373513e+07   8.0627441e+01
   1.1378156e+07   7.8552246e+01
   1.1380415e+07   8.9538574e+01
   1.1386594e+07   8.3496094e+01
   1.1388276e+07   8.7219238e+01
   1.1389767e+07   6.7871094e+01
   1.1390321e+07   8.0993652e+01
   1.1398471e+07   8.1176758e+01
   1.1400567e+07   9.8754883e+01
   1.1407928e+07   1.0888672e+02
   1.1438367e+07   1.0418701e+02
   1.1440714e+07   9.8327637e+01
   1.1442910e+07   9.2590332e+01
   1.1445163e+07   8.3374023e+01
   1.1448237e+07   7.8308105e+01
   1.1450276e+07   8.3740234e+01
   1.1452032e+07   7.9772949e+01
   1.1454485e+07   7.8735352e+01
   1.1457164e+07   7.8002930e+01
   1.1460897e+07   9.3688965e+01
   1.1465465e+07   8.4899902e+01
   1.1468904e+07   8.4106445e+01
   1.1472696e+07   8.5937500e+01
   1.1476663e+07   8.0810547e+01
   1.1479563e+07   8.3007812e+01
   1.1481978e+07   7.7575684e+01
   1.1481994e+07   3.7292480e+01
   1.1483007e+07   8.3374023e+01
   1.1484590e+07   7.7697754e+01
   1.1486368e+07   7.1166992e+01
   1.1489287e+07   8.0017090e+01
   1.1491748e+07   8.2702637e+01
   1.1493641e+07   8.3007812e+01
   1.1494345e+07   7.3791504e+01
   1.1496038e+07   9.5092773e+01
   1.1497905e+07   6.9030762e+01
   1.1498151e+07   6.7016602e+01
   1.1501512e+07   8.6608887e+01
   1.1503734e+07   9.2102051e+01
   1.1505877e+07   1.0815430e+02
   1.1507667e+07   8.1970215e+01
   1.1510307e+07   7.1594238e+01
   1.1513192e+07   1.0748291e+02
   1.1516817e+07   8.3618164e+01
   1.1518249e+07   8.3740234e+01
   1.1520283e+07   7.3791504e+01
   1.1522490e+07   5.8593750e+01
   1.1522501e+07   4.9804688e+01
   1.1522520e+07   7.1411133e+01
   1.1522561e+07   8.5632324e+01
   1.1522601e+07   7.8247070e+01
   1.1522626e+07   5.1208496e+01
   1.1543250e+07   1.2805176e+02
   1.1550211e+07   8.6486816e+01
   1.1552718e+07   8.1359863e+01
   1.1555424e+07   7.0861816e+01
   1.1558003e+07   1.0998535e+02
   1.1560485e+07   8.5266113e+01
   1.1562302e+07   1.0223389e+02
   1.1565531e+07   1.1187744e+02
   1.1566946e+07   7.8674316e+01
   1.1569402e+07   7.5561523e+01
   1.1571659e+07   8.6608887e+01
   1.1573558e+07   1.0430908e+02
   1.1575948e+07   1.1090088e+02
   1.1577486e+07   9.3872070e+01
   1.1579601e+07   1.0552979e+02
   1.1581234e+07   7.0434570e+01
   1.1583861e+07   1.0601807e+02
   1.1585889e+07   8.3435059e+01
   1.1589507e+07   8.3862305e+01
   1.1592094e+07   8.2519531e+01
   1.1594545e+07   1.0119629e+02
   1.1596539e+07   1.0791016e+02
   1.1598761e+07   7.4401855e+01
   1.1601185e+07   9.7656250e+01
   1.1603388e+07   7.1716309e+01
   1.1606653e+07   8.5327148e+01
   1.1609972e+07   8.2397461e+01
   1.1612211e+07   1.0052490e+02
   1.1614215e+07   3.8879395e+01
   1.1616755e+07   1.1138916e+02
   1.1620506e+07   8.5632324e+01
   1.1625775e+07   1.0876465e+02
   1.1627358e+07   8.9172363e+01
   1.1629398e+07   7.3181152e+01
   1.1631377e+07   7.9895020e+01
   1.1633133e+07   8.5937500e+01
   1.1639801e+07   1.1633301e+02
   1.1643399e+07   1.1621094e+02
   1.1645077e+07   4.2297363e+01
   1.1647183e+07   7.8918457e+01
   1.1648754e+07   6.5673828e+01
   1.1650803e+07   9.8632813e+01
   1.1653154e+07   7.6599121e+01
   1.1655718e+07   9.2346191e+01
   1.1657266e+07   6.5795898e+01
   1.1659075e+07   7.8369141e+01
   1.1660901e+07   7.0922852e+01
   1.1662734e+07   7.9040527e+01
   1.1665624e+07   8.2092285e+01
   1.1667279e+07   1.0186768e+02
   1.1669532e+07   9.6557617e+01
   1.1670592e+07   7.2570801e+01
   1.1672983e+07   9.3750000e+01
   1.1675457e+07   6.8176270e+01
   1.1677380e+07   7.7575684e+01
   1.1680947e+07   1.1102295e+02
   1.1683107e+07   8.0200195e+01
   1.1686675e+07   1.0485840e+02
   1.1688808e+07   7.7453613e+01
   1.1691563e+07   7.4279785e+01
   1.1693752e+07   9.1125488e+01
   1.1702530e+07   9.0148926e+01
   1.1704058e+07   3.7109375e+01
   1.1706252e+07   1.0491943e+02
   1.1708344e+07   8.2031250e+01
   1.1710088e+07   7.8125000e+01
   1.1713357e+07   8.4106445e+01
   1.1715837e+07   1.0760498e+02
   1.1717965e+07   9.1064453e+01
   1.1720740e+07   8.2214355e+01
   1.1725029e+07   1.0614014e+02
   1.1728267e+07   1.0333252e+02
   1.1730321e+07   7.4340820e+01
   1.1734207e+07   1.0607910e+02
   1.1736511e+07   8.1542969e+01
   1.1739273e+07   1.0681152e+02
   1.1741183e+07   8.0932617e+01
   1.1745372e+07   8.5876465e+01
   1.1747733e+07   7.6293945e+01
   1.1749296e+07   1.2408447e+02
   1.1749325e+07   5.5480957e+01
   1.1749339e+07   8.7646484e+01
   1.1749367e+07   5.5419922e+01
   1.1749383e+07   8.3251953e+01
   1.1749485e+07   1.0290527e+02
   1.1749499e+07   4.6569824e+01
   1.1749546e+07   3.8330078e+01
   1.1772252e+07   9.6801758e+01
   1.1774015e+07   7.5622559e+01
   1.1775770e+07   8.7585449e+01
   1.1779066e+07   8.9965820e+01
   1.1781492e+07   8.1298828e+01
   1.1783489e+07   1.0620117e+02
   1.1785190e+07   9.9182129e+01
   1.1786379e+07   6.2500000e+01
   1.1788133e+07   7.8063965e+01
   1.1790672e+07   9.7412109e+01
   1.1793501e+07   6.3354492e+01
   1.1795166e+07   7.6354980e+01
   1.1796648e+07   9.3994141e+01
   1.1800196e+07   1.0668945e+02
   1.1802483e+07   8.4777832e+01
   1.1805494e+07   1.1035156e+02
   1.1807347e+07   9.5153809e+01
   1.1810409e+07   7.0739746e+01
   1.1812194e+07   8.0810547e+01
   1.1813762e+07   1.0668945e+02
   1.1815254e+07   9.8999023e+01
   1.1817113e+07   1.1437988e+02
   1.1818642e+07   1.0461426e+02
   1.1821840e+07   8.4716797e+01
   1.1824485e+07   8.1726074e+01
   1.1826595e+07   8.3740234e+01
   1.1829275e+07   7.3608398e+01
   1.1833291e+07   1.1047363e+02
   1.1835067e+07   1.0559082e+02
   1.1837950e+07   7.4035645e+01
   1.1841697e+07   8.4716797e+01
   1.1843940e+07   1.1663818e+02
   1.1845663e+07   7.4584961e+01
   1.1847677e+07   1.0339355e+02
   1.1849659e+07   9.9487305e+01
   1.1853134e+07   8.7829590e+01
   1.1856564e+07   8.7524414e+01
   1.1858686e+07   7.5744629e+01
   1.1860396e+07   8.0932617e+01
   1.1865310e+07   1.1126709e+02
   1.1867603e+07   9.6557617e+01
   1.1869453e+07   7.6904297e+01
   1.1871157e+07   7.8308105e+01
   1.1872710e+07   6.6101074e+01
   1.1876055e+07   1.0296631e+02
   1.1878358e+07   7.6110840e+01
   1.1880849e+07   1.0668945e+02
   1.1885740e+07   9.3750000e+01
   1.1888095e+07   8.4960938e+01
   1.1890540e+07   9.5153809e+01
   1.1892628e+07   9.0026855e+01
   1.1894579e+07   6.5856934e+01
   1.1900556e+07   9.6496582e+01
   1.1902321e+07   1.0498047e+02
   1.1904038e+07   8.7951660e+01
   1.1905626e+07   7.8247070e+01
   1.1907818e+07   8.2458496e+01
   1.1910368e+07   1.1199951e+02
   1.1913076e+07   1.0131836e+02
   1.1916755e+07   8.0078125e+01
   1.1918479e+07   8.3618164e+01
   1.1919815e+07   7.3486328e+01
   1.1921929e+07   8.0505371e+01
   1.1921943e+07   3.8330078e+01
   1.1923948e+07   7.6843262e+01
   1.1925927e+07   1.0589600e+02
   1.1927840e+07   8.7768555e+01
   1.1927852e+07   3.7048340e+01
   1.1929312e+07   3.7292480e+01
   1.1929951e+07   7.8979492e+01
   1.1932985e+07   6.7321777e+01
   1.1935002e+07   8.2275391e+01
   1.1937475e+07   7.5988770e+01
   1.1939376e+07   7.1594238e+01
   1.1941738e+07   7.9467773e+01
   1.1944888e+07   1.0925293e+02
   1.1947491e+07   6.8420410e+01
   1.1949860e+07   8.2397461e+01
   1.1952495e+07   9.8083496e+01
   1.1954543e+07   1.0614014e+02
   1.1969693e+07   9.1674805e+01
   1.1978225e+07   9.6679688e+01
   1.1983127e+07   1.1248779e+02
   1.1988277e+07   8.3129883e+01
   1.1990857e+07   1.0510254e+02
   1.1993088e+07   8.0322266e+01
   1.1995614e+07   8.2885742e+01
