   1.1996000e+07   0.0000000e+00
   3.3624000e+04   3.3813477e+01
   3.3725000e+04   3.7963867e+01
   3.4668000e+04   4.3029785e+01
   3.5063000e+04   3.6621094e+01
   6.6907000e+04   3.5888672e+01
   1.8857600e+05   3.9367676e+01
   1.9815600e+05   3.8879395e+01
   2.5911700e+05   4.2602539e+01
   2.5925600e+05   3.6193848e+01
   3.6704500e+05   3.2653809e+01
   4.6149400e+05   4.0405273e+01
   5.0316800e+05   3.3447266e+01
   6.0283000e+05   3.4851074e+01
   6.3491800e+05   3.2836914e+01
   7.1495000e+05   3.2897949e+01
   8.2991800e+05   3.7292480e+01
   8.2993800e+05   3.3142090e+01
   1.0588690e+06   3.7475586e+01
   1.1640260e+06   3.5461426e+01
   1.1640690e+06   3.8146973e+01
   1.1641700e+06   3.2836914e+01
   1.1645290e+06   3.2958984e+01
   1.2177670e+06   3.6804199e+01
   1.2748230e+06   3.3508301e+01
   1.2748370e+06   3.5888672e+01
   1.2861120e+06   3.7719727e+01
   1.2861440e+06   3.3813477e+01
   1.2861620e+06   3.9733887e+01
   1.4260270e+06   3.6254883e+01
   1.4260730e+06   5.0659180e+01
   1.4417960e+06   3.3264160e+01
   1.4418060e+06   3.5034180e+01
   1.4418210e+06   3.6193848e+01
   1.6249940e+06   3.2958984e+01
   1.6250260e+06   4.1137695e+01
   1.7066810e+06   3.8574219e+01
   1.7067000e+06   3.3752441e+01
   2.0538830e+06   3.4545898e+01
   2.0539580e+06   3.5522461e+01
   2.0736820e+06   3.4790039e+01
   2.1512860e+06   4.0954590e+01
   2.1513930e+06   3.3691406e+01
   2.3167550e+06   3.4301758e+01
   2.4661700e+06   3.5034180e+01
   2.4913460e+06   3.3325195e+01
   2.5230490e+06   3.9062500e+01
   2.5438540e+06   4.0527344e+01
   2.6003930e+06   3.3203125e+01
   2.6004610e+06   3.5156250e+01
   2.6004880e+06   3.6560059e+01
   2.6140920e+06   3.2653809e+01
   2.6141500e+06   3.4240723e+01
   2.6142310e+06   3.3508301e+01
   2.6583310e+06   3.3874512e+01
   3.0275370e+06   3.3569336e+01
   3.2278830e+06   3.3569336e+01
   3.2279040e+06   3.3874512e+01
   3.3709810e+06   3.8574219e+01
   3.4887810e+06   3.6010742e+01
   3.4888200e+06   3.7292480e+01
   3.4888680e+06   4.1137695e+01
   3.4889760e+06   3.4790039e+01
   3.5432780e+06   3.3447266e+01
   3.9280970e+06   4.2358398e+01
   3.9285480e+06   4.2541504e+01
   4.0767500e+06   3.5095215e+01
   4.5020020e+06   3.3081055e+01
   5.0550020e+06   3.7841797e+01
   5.2833860e+06   3.3569336e+01
   5.2834470e+06   4.3090820e+01
   5.5272930e+06   3.3935547e+01
   5.7774600e+06   3.5522461e+01
   5.7775020e+06   3.7841797e+01
   5.8139660e+06   3.3325195e+01
   5.9433650e+06   3.2897949e+01
   6.0084550e+06   3.2775879e+01
   6.0402190e+06   3.3203125e+01
   6.0402460e+06   3.2775879e+01
   6.0516400e+06   3.6315918e+01
   6.0639810e+06   3.6315918e+01
   6.0686520e+06   3.7231445e+01
   6.0687050e+06   4.1320801e+01
   6.1646160e+06   3.5705566e+01
   6.3274670e+06   4.0588379e+01
   6.3274820e+06   3.4912109e+01
   6.4363290e+06   3.6804199e+01
   6.4363500e+06   3.2165527e+01
   6.5278880e+06   3.4729004e+01
   6.5673770e+06   4.5227051e+01
   6.5673910e+06   3.4729004e+01
   6.7796450e+06   3.3081055e+01
   7.0223420e+06   3.2775879e+01
   7.1033110e+06   3.2775879e+01
   7.1033590e+06   3.4240723e+01
   7.1145690e+06   3.4912109e+01
   7.1870390e+06   3.5095215e+01
   7.1876430e+06   3.3874512e+01
   7.2309690e+06   3.8757324e+01
   7.3759960e+06   3.2653809e+01
   7.3760790e+06   3.2104492e+01
   7.4784180e+06   4.1015625e+01
   7.5978510e+06   3.3691406e+01
   7.7408130e+06   3.6193848e+01
   7.7408870e+06   3.4729004e+01
   7.7905060e+06   3.5644531e+01
   8.1121610e+06   3.5217285e+01
   8.1238820e+06   3.2836914e+01
   8.2280560e+06   4.1687012e+01
   8.2281280e+06   3.6071777e+01
   8.2281920e+06   3.1921387e+01
   8.3228730e+06   3.4118652e+01
   8.3229160e+06   3.6560059e+01
   8.4516640e+06   3.2714844e+01
   8.4517060e+06   3.8391113e+01
   8.4601360e+06   3.3569336e+01
   8.4601650e+06   3.6010742e+01
   8.4605750e+06   3.2714844e+01
   8.4606690e+06   3.5095215e+01
   8.6037420e+06   3.2897949e+01
   8.7247310e+06   3.1860352e+01
   8.7373320e+06   3.8635254e+01
   8.9144280e+06   3.3569336e+01
   9.0190430e+06   3.2409668e+01
   9.2910120e+06   3.2653809e+01
   9.4379570e+06   3.9428711e+01
   9.6697390e+06   3.3447266e+01
   1.0053032e+07   3.6315918e+01
   1.0311153e+07   3.2836914e+01
   1.0428880e+07   3.3203125e+01
   1.0428915e+07   4.1259766e+01
   1.0704085e+07   3.3203125e+01
   1.0704122e+07   3.2165527e+01
   1.0735622e+07   3.3142090e+01
   1.0975113e+07   3.4484863e+01
   1.0982578e+07   3.6010742e+01
   1.0982600e+07   3.3874512e+01
   1.0982615e+07   3.3691406e+01
   1.1522495e+07   3.3264160e+01
   1.1749268e+07   3.2165527e+01
   1.1749287e+07   3.7414551e+01
