   1.1996000e+07   0.0000000e+00
   3.3574000e+04   4.3334961e+01
   3.3617000e+04   3.7048340e+01
   3.3649000e+04   3.8452148e+01
   3.4612000e+04   3.7292480e+01
   3.4635000e+04   3.4912109e+01
   3.4690000e+04   3.6315918e+01
   3.4719000e+04   3.6132812e+01
   3.4776000e+04   3.6560059e+01
   3.4800000e+04   4.6508789e+01
   3.4825000e+04   4.3884277e+01
   3.5061000e+04   5.3466797e+01
   3.5077000e+04   3.6315918e+01
   3.5102000e+04   4.4860840e+01
   3.5172000e+04   4.7180176e+01
   6.0603000e+04   5.6274414e+01
   6.0721000e+04   3.7292480e+01
   6.6926000e+04   4.9804688e+01
   6.7017000e+04   4.4799805e+01
   6.7163000e+04   3.9611816e+01
   6.7252000e+04   3.8879395e+01
   9.7643000e+04   3.8757324e+01
   1.0460500e+05   3.5217285e+01
   1.0923800e+05   3.6865234e+01
   1.3567100e+05   4.5471191e+01
   1.3586400e+05   4.5104980e+01
   1.4169600e+05   3.6376953e+01
   1.4179100e+05   3.6743164e+01
   1.8853300e+05   3.8146973e+01
   1.8856700e+05   4.0100098e+01
   1.8858300e+05   5.5053711e+01
   1.8860400e+05   4.4128418e+01
   1.8868000e+05   4.5959473e+01
   1.8869900e+05   6.3598633e+01
   1.8872500e+05   3.8330078e+01
   1.9822600e+05   3.5644531e+01
   2.3469500e+05   3.9489746e+01
   2.3479600e+05   4.4494629e+01
   2.3906900e+05   4.2175293e+01
   2.4453200e+05   4.3884277e+01
   2.5015700e+05   4.4982910e+01
   2.5018600e+05   4.2846680e+01
   2.5019800e+05   4.1381836e+01
   2.5908800e+05   4.1320801e+01
   2.5912200e+05   4.0222168e+01
   2.5914200e+05   4.1809082e+01
   2.5916500e+05   3.6254883e+01
   2.5923400e+05   4.4494629e+01
   2.5924400e+05   3.5949707e+01
   2.5926400e+05   3.6376953e+01
   3.1602700e+05   3.5034180e+01
   3.1610800e+05   3.8696289e+01
   3.6698400e+05   3.6804199e+01
   3.6700900e+05   4.4372559e+01
   3.6704600e+05   5.9753418e+01
   3.6706000e+05   6.7626953e+01
   3.6752800e+05   4.4616699e+01
   3.6754600e+05   4.5776367e+01
   3.6758400e+05   4.6020508e+01
   3.6759900e+05   4.9133301e+01
   3.6800100e+05   3.9855957e+01
   3.6806600e+05   3.5583496e+01
   3.6813500e+05   3.6560059e+01
   3.6814600e+05   3.6682129e+01
   3.6824100e+05   4.3334961e+01
   4.6148900e+05   5.0964355e+01
   4.6151500e+05   4.2846680e+01
   4.6154600e+05   5.3283691e+01
   4.6158500e+05   4.4494629e+01
   5.7984100e+05   3.8940430e+01
   5.8005600e+05   4.1259766e+01
   5.8515400e+05   4.7607422e+01
   5.9327800e+05   4.5837402e+01
   5.9342800e+05   4.1931152e+01
   6.6446800e+05   3.5644531e+01
   6.6910200e+05   5.9143066e+01
   7.1486500e+05   4.0954590e+01
   7.1490800e+05   4.5776367e+01
   7.1494600e+05   3.6804199e+01
   7.1496400e+05   4.0405273e+01
   7.1497800e+05   5.7800293e+01
   7.3367500e+05   4.7485352e+01
   7.3377800e+05   3.7414551e+01
   7.4479500e+05   4.5593262e+01
   7.4481100e+05   3.9367676e+01
   7.4484400e+05   3.6621094e+01
   7.4487300e+05   3.6865234e+01
   7.4490700e+05   6.0668945e+01
   7.4491700e+05   3.9672852e+01
   7.4501200e+05   7.1350098e+01
   7.4504700e+05   4.7485352e+01
   8.2989500e+05   4.9255371e+01
   8.2995100e+05   4.5776367e+01
   8.2997700e+05   4.2846680e+01
   8.6612800e+05   4.4677734e+01
   9.1570400e+05   5.0109863e+01
   9.1587800e+05   4.6447754e+01
   9.1592400e+05   3.5278320e+01
   1.0587880e+06   4.1992188e+01
   1.0588670e+06   3.7109375e+01
   1.0589160e+06   3.5339355e+01
   1.1511070e+06   5.7067871e+01
   1.1640440e+06   3.4851074e+01
   1.1640720e+06   4.0405273e+01
   1.1640990e+06   5.3710938e+01
   1.1641270e+06   5.3344727e+01
   1.1641400e+06   5.4565430e+01
   1.1644670e+06   3.8146973e+01
   1.1644940e+06   4.0405273e+01
   1.1645040e+06   3.6437988e+01
   1.1645200e+06   4.7424316e+01
   1.1645660e+06   3.6071777e+01
   1.1645780e+06   6.2744141e+01
   1.1649120e+06   4.3273926e+01
   1.2177240e+06   4.5532227e+01
   1.2178130e+06   3.7109375e+01
   1.2178430e+06   4.9987793e+01
   1.2748230e+06   4.2358398e+01
   1.2748580e+06   3.7414551e+01
   1.2748770e+06   5.2062988e+01
   1.2749040e+06   7.4584961e+01
   1.2749370e+06   4.3762207e+01
   1.2750070e+06   4.2114258e+01
   1.2860750e+06   4.9804688e+01
   1.2861430e+06   4.9072266e+01
   1.2861640e+06   8.0505371e+01
   1.2861890e+06   8.3984375e+01
   1.2862320e+06   4.8339844e+01
   1.3172090e+06   4.2236328e+01
   1.4260530e+06   3.6376953e+01
   1.4260710e+06   4.3884277e+01
   1.4260830e+06   6.0424805e+01
   1.4261170e+06   4.7668457e+01
   1.4417890e+06   4.3518066e+01
   1.4418190e+06   4.3457031e+01
   1.4418430e+06   5.7434082e+01
   1.4418740e+06   4.4433594e+01
   1.4418840e+06   4.0649414e+01
   1.4419160e+06   3.7841797e+01
   1.4419630e+06   3.5949707e+01
   1.4802250e+06   4.2602539e+01
   1.5812330e+06   3.4973145e+01
   1.6249930e+06   4.3151855e+01
   1.6250050e+06   4.0893555e+01
   1.6250190e+06   5.6640625e+01
   1.6250470e+06   3.8452148e+01
   1.6250700e+06   6.2255859e+01
   1.6250860e+06   5.0170898e+01
   1.6251020e+06   4.4494629e+01
   1.6251140e+06   5.8959961e+01
   1.6251580e+06   3.6010742e+01
   1.6252010e+06   3.6376953e+01
   1.6253220e+06   4.0771484e+01
   1.6768570e+06   4.7241211e+01
   1.6769660e+06   4.3579102e+01
   1.7066580e+06   4.2175293e+01
   1.7066710e+06   4.0161133e+01
   1.7066950e+06   5.9020996e+01
   1.7067180e+06   4.4555664e+01
   1.7067330e+06   3.6926270e+01
   1.7067950e+06   3.6865234e+01
   1.7068470e+06   4.6264648e+01
   1.8043950e+06   3.8879395e+01
   1.8336680e+06   4.1687012e+01
   1.8343140e+06   3.5339355e+01
   1.8344060e+06   3.7109375e+01
   1.8344750e+06   3.7902832e+01
   1.8350190e+06   3.5644531e+01
   1.8350840e+06   3.9550781e+01
   1.8350980e+06   6.8603516e+01
   1.8351770e+06   4.3518066e+01
   1.9108210e+06   3.9978027e+01
   2.0538660e+06   4.8156738e+01
   2.0538820e+06   4.2297363e+01
   2.0539120e+06   5.3894043e+01
   2.0539460e+06   8.9721680e+01
   2.0544140e+06   3.6376953e+01
   2.0544500e+06   5.0476074e+01
   2.0544690e+06   4.1381836e+01
   2.0544790e+06   4.0832520e+01
   2.0545050e+06   4.9133301e+01
   2.0545270e+06   4.4738770e+01
   2.0545470e+06   4.4006348e+01
   2.0546000e+06   3.6315918e+01
   2.0794250e+06   3.4912109e+01
   2.0967570e+06   4.4677734e+01
   2.0968440e+06   3.9978027e+01
   2.0969900e+06   3.5156250e+01
   2.1088490e+06   3.5583496e+01
   2.1510420e+06   4.6875000e+01
   2.1512690e+06   3.4973145e+01
   2.1512890e+06   3.6743164e+01
   2.1513350e+06   4.5104980e+01
   2.1513600e+06   4.1809082e+01
   2.1513980e+06   5.1147461e+01
   2.1514160e+06   4.2175293e+01
   2.2173170e+06   3.9428711e+01
   2.3162150e+06   4.2480469e+01
   2.3162500e+06   4.4616699e+01
   2.3162650e+06   3.9855957e+01
   2.3163080e+06   4.4128418e+01
   2.3166960e+06   4.1015625e+01
   2.3167080e+06   6.1950684e+01
   2.3167660e+06   6.5063477e+01
   2.3168100e+06   3.6682129e+01
   2.3168800e+06   4.4616699e+01
   2.3528810e+06   3.6010742e+01
   2.3967670e+06   4.2480469e+01
   2.4661390e+06   3.9062500e+01
   2.4661720e+06   4.2236328e+01
   2.4662090e+06   4.2419434e+01
   2.4662220e+06   4.1137695e+01
   2.4662530e+06   4.3945312e+01
   2.4663680e+06   5.2795410e+01
   2.4663800e+06   3.7658691e+01
   2.4664430e+06   3.7048340e+01
   2.4913680e+06   4.2480469e+01
   2.4915360e+06   4.1442871e+01
   2.4981200e+06   3.6499023e+01
   2.4987190e+06   3.6376953e+01
   2.4987320e+06   5.8654785e+01
   2.4987670e+06   4.7607422e+01
   2.4987840e+06   4.3334961e+01
   2.5230300e+06   4.6569824e+01
   2.5230410e+06   3.9428711e+01
   2.5230540e+06   6.2500000e+01
   2.5230800e+06   8.7158203e+01
   2.5231230e+06   5.2978516e+01
   2.5231460e+06   4.2785645e+01
   2.5231560e+06   4.9133301e+01
   2.5232040e+06   3.8208008e+01
   2.5438370e+06   4.5837402e+01
   2.5438800e+06   3.6071777e+01
   2.5439090e+06   3.4729004e+01
   2.5620720e+06   3.7597656e+01
   2.5622470e+06   4.0161133e+01
   2.6003850e+06   3.5705566e+01
   2.6003970e+06   7.6721191e+01
   2.6004380e+06   5.4016113e+01
   2.6004500e+06   6.8176270e+01
   2.6004650e+06   6.0913086e+01
   2.6004820e+06   4.4250488e+01
   2.6007140e+06   3.8696289e+01
   2.6011990e+06   3.5156250e+01
   2.6012720e+06   3.6865234e+01
   2.6012940e+06   5.9753418e+01
   2.6141260e+06   3.7658691e+01
   2.6141810e+06   6.4025879e+01
   2.6142020e+06   4.6752930e+01
   2.6142190e+06   3.4729004e+01
   2.6142440e+06   6.6650391e+01
   2.6186490e+06   3.7353516e+01
   2.6583360e+06   4.0344238e+01
   2.6583500e+06   3.6926270e+01
   2.6583860e+06   3.7780762e+01
   2.6584100e+06   4.3701172e+01
   2.6584430e+06   3.5644531e+01
   2.6585660e+06   4.7241211e+01
   2.6951210e+06   3.9184570e+01
   2.6951650e+06   3.7414551e+01
   2.6952130e+06   3.5278320e+01
   2.6952620e+06   3.8696289e+01
   2.6953200e+06   5.0598145e+01
   2.6957670e+06   4.4433594e+01
   2.6967580e+06   4.6203613e+01
   2.6967910e+06   4.2480469e+01
   2.6969010e+06   5.6030273e+01
   2.6969150e+06   3.5644531e+01
   3.0275470e+06   4.0954590e+01
   3.0275640e+06   4.1931152e+01
   3.0276010e+06   3.6987305e+01
   3.0276170e+06   3.7597656e+01
   3.0277740e+06   3.5644531e+01
   3.0277970e+06   3.5949707e+01
   3.0278280e+06   4.5227051e+01
   3.0725360e+06   3.5949707e+01
   3.0727750e+06   3.8879395e+01
   3.0729450e+06   4.3579102e+01
   3.0733390e+06   4.5104980e+01
   3.2277860e+06   3.7109375e+01
   3.2277960e+06   3.5034180e+01
   3.2278310e+06   3.7475586e+01
   3.2278550e+06   6.3049316e+01
   3.2278750e+06   4.3823242e+01
   3.2279060e+06   7.0983887e+01
   3.2279210e+06   4.3212891e+01
   3.2279540e+06   4.3884277e+01
   3.2281620e+06   3.9978027e+01
   3.2282460e+06   3.8208008e+01
   3.2723330e+06   3.6376953e+01
   3.3708750e+06   3.9306641e+01
   3.3709410e+06   3.5583496e+01
   3.3709710e+06   5.0598145e+01
   3.3712300e+06   3.6499023e+01
   3.3712810e+06   3.9306641e+01
   3.3713300e+06   3.8269043e+01
   3.4072030e+06   3.6132812e+01
   3.4073870e+06   5.4626465e+01
   3.4626040e+06   3.7841797e+01
   3.4887940e+06   4.4433594e+01
   3.4888210e+06   5.5419922e+01
   3.4888350e+06   5.7373047e+01
   3.4888570e+06   4.7973633e+01
   3.4888720e+06   5.5725098e+01
   3.4888920e+06   4.5776367e+01
   3.4889060e+06   3.8757324e+01
   3.4889340e+06   5.6274414e+01
   3.4889590e+06   4.3884277e+01
   3.4889790e+06   4.8645020e+01
   3.5432730e+06   6.7138672e+01
   3.5433690e+06   4.9865723e+01
   3.5434120e+06   3.6682129e+01
   3.6006140e+06   4.0832520e+01
   3.6114850e+06   3.7109375e+01
   3.8374200e+06   3.6987305e+01
   3.8465210e+06   3.4606934e+01
   3.9275030e+06   3.8635254e+01
   3.9276150e+06   3.7475586e+01
   3.9277550e+06   3.6132812e+01
   3.9280580e+06   4.6264648e+01
   3.9280880e+06   3.6743164e+01
   3.9281120e+06   4.6813965e+01
   3.9281240e+06   3.5095215e+01
   3.9281580e+06   3.5217285e+01
   3.9281820e+06   5.8959961e+01
   3.9284550e+06   3.8635254e+01
   3.9285200e+06   4.2846680e+01
   3.9285450e+06   3.7292480e+01
   3.9285600e+06   5.9814453e+01
   4.0447870e+06   4.8950195e+01
   4.0767340e+06   3.6926270e+01
   4.0768010e+06   4.6203613e+01
   4.0768320e+06   4.5959473e+01
   4.0768440e+06   4.0466309e+01
   4.0768900e+06   3.6987305e+01
   4.0772560e+06   4.5471191e+01
   4.0772820e+06   4.5532227e+01
   4.0772990e+06   5.5541992e+01
   4.0773160e+06   4.6813965e+01
   4.0773480e+06   3.5156250e+01
   4.0776710e+06   4.7912598e+01
   4.0777330e+06   5.3466797e+01
   4.0777930e+06   4.5043945e+01
   4.0779420e+06   5.0781250e+01
   4.0779610e+06   4.1259766e+01
   4.0780520e+06   4.3762207e+01
   4.2628730e+06   4.3823242e+01
   4.2628860e+06   4.5410156e+01
   4.2629100e+06   7.1960449e+01
   4.2629360e+06   8.1237793e+01
   4.2629500e+06   9.0026855e+01
   4.2629710e+06   5.1086426e+01
   4.2629910e+06   4.1442871e+01
   4.2630070e+06   4.7302246e+01
   4.2630350e+06   3.7292480e+01
   4.2630970e+06   3.7353516e+01
   4.2634320e+06   3.9855957e+01
   4.2944990e+06   3.9733887e+01
   4.2945550e+06   3.6926270e+01
   4.4754950e+06   4.7485352e+01
   4.5015390e+06   4.7058105e+01
   4.5018800e+06   4.8645020e+01
   4.5018970e+06   4.1931152e+01
   4.5019260e+06   4.4860840e+01
   4.5019730e+06   4.3518066e+01
   4.5289450e+06   4.2785645e+01
   4.5372670e+06   4.4677734e+01
   4.5925960e+06   4.5288086e+01
   4.6399570e+06   3.4545898e+01
   4.6557740e+06   4.4067383e+01
   4.7867560e+06   3.6621094e+01
   4.8268160e+06   3.5278320e+01
   4.9276050e+06   3.4973145e+01
   5.0549320e+06   5.3527832e+01
   5.0549500e+06   3.8696289e+01
   5.0553000e+06   3.9855957e+01
   5.1488200e+06   3.5583496e+01
   5.1488730e+06   5.1818848e+01
   5.1489620e+06   4.5959473e+01
   5.1490170e+06   4.0039062e+01
   5.1490360e+06   4.6936035e+01
   5.2833960e+06   3.7658691e+01
   5.2834140e+06   4.0405273e+01
   5.2835250e+06   3.9855957e+01
   5.2835470e+06   3.8024902e+01
   5.2835860e+06   3.9916992e+01
   5.2836500e+06   4.2114258e+01
   5.2836630e+06   4.1687012e+01
   5.4169020e+06   4.6875000e+01
   5.5276250e+06   3.5034180e+01
   5.5671350e+06   4.1931152e+01
   5.5671520e+06   4.7302246e+01
   5.5671900e+06   3.5095215e+01
   5.5672160e+06   3.5888672e+01
   5.5673040e+06   4.4128418e+01
   5.6089310e+06   4.6875000e+01
   5.7774850e+06   7.6171875e+01
   5.7775670e+06   3.6621094e+01
   5.7776380e+06   4.3212891e+01
   5.8139600e+06   5.1635742e+01
   5.8139840e+06   3.6621094e+01
   5.8139980e+06   8.5937500e+01
   5.8140260e+06   4.3273926e+01
   5.8140480e+06   5.6884766e+01
   5.8140790e+06   4.2846680e+01
   5.8141110e+06   4.8706055e+01
   5.9432910e+06   3.5278320e+01
   5.9433060e+06   4.7851562e+01
   5.9434400e+06   4.5898438e+01
   6.0232490e+06   4.3334961e+01
   6.0399410e+06   3.4606934e+01
   6.0399580e+06   4.5715332e+01
   6.0400430e+06   4.9133301e+01
   6.0402170e+06   4.1381836e+01
   6.0402400e+06   4.6997070e+01
   6.0402500e+06   3.9306641e+01
   6.0402850e+06   4.7119141e+01
   6.0403170e+06   4.5227051e+01
   6.0408800e+06   3.9794922e+01
   6.0516040e+06   3.5461426e+01
   6.0516270e+06   3.5522461e+01
   6.0516440e+06   4.3212891e+01
   6.0517440e+06   3.4973145e+01
   6.0518000e+06   4.1687012e+01
   6.0518160e+06   5.1391602e+01
   6.0639830e+06   3.7170410e+01
   6.0641500e+06   3.7902832e+01
   6.0686760e+06   5.5786133e+01
   6.0687040e+06   5.0842285e+01
   6.0687390e+06   6.5979004e+01
   6.0688120e+06   4.7180176e+01
   6.0688370e+06   4.1809082e+01
   6.2629190e+06   4.6936035e+01
   6.3274340e+06   4.6325684e+01
   6.3274760e+06   3.6254883e+01
   6.3274940e+06   5.0415039e+01
   6.3275230e+06   5.1208496e+01
   6.3275640e+06   4.4555664e+01
   6.3692510e+06   4.6325684e+01
   6.3692630e+06   3.9916992e+01
   6.3693200e+06   3.7780762e+01
   6.3694920e+06   4.9438477e+01
   6.4363120e+06   3.9794922e+01
   6.4363400e+06   3.9550781e+01
   6.4363640e+06   9.9609375e+01
   6.4363780e+06   5.8837891e+01
   6.4363950e+06   6.9213867e+01
   6.4364100e+06   4.5410156e+01
   6.4364300e+06   3.8879395e+01
   6.4364900e+06   4.4189453e+01
   6.4365160e+06   5.0842285e+01
   6.5673250e+06   4.7058105e+01
   6.5673990e+06   3.5034180e+01
   6.5674250e+06   3.5217285e+01
   6.7135810e+06   3.6376953e+01
   6.7796540e+06   5.3710938e+01
   6.7796810e+06   4.1564941e+01
   6.7796910e+06   4.1870117e+01
   6.7797240e+06   8.5449219e+01
   6.7797550e+06   3.5034180e+01
   6.7797740e+06   3.5217285e+01
   6.7798330e+06   4.7485352e+01
   6.7798500e+06   4.1076660e+01
   6.7799470e+06   3.9306641e+01
   6.7800100e+06   3.5522461e+01
   6.7800930e+06   4.1503906e+01
   6.9192940e+06   3.6254883e+01
   6.9505150e+06   3.6560059e+01
   6.9949200e+06   4.1931152e+01
   7.0222780e+06   3.7963867e+01
   7.0223380e+06   5.6457520e+01
   7.0227250e+06   3.8513184e+01
   7.0228090e+06   4.1381836e+01
   7.0228450e+06   4.9804688e+01
   7.0228550e+06   7.2326660e+01
   7.0231460e+06   3.8269043e+01
   7.0232670e+06   3.4973145e+01
   7.1033090e+06   3.4240723e+01
   7.1033240e+06   4.1564941e+01
   7.1033830e+06   3.6193848e+01
   7.1145120e+06   4.1625977e+01
   7.1145460e+06   3.5522461e+01
   7.1145750e+06   3.7963867e+01
   7.1145880e+06   5.2429199e+01
   7.1146080e+06   4.3457031e+01
   7.1146280e+06   6.0729980e+01
   7.1147080e+06   6.4453125e+01
   7.1147280e+06   4.4738770e+01
   7.1148010e+06   3.7292480e+01
   7.2308980e+06   3.9611816e+01
   7.2309400e+06   5.2368164e+01
   7.2309700e+06   6.9946289e+01
   7.2310980e+06   4.2114258e+01
   7.2543290e+06   3.4545898e+01
   7.3417820e+06   3.4912109e+01
   7.3759190e+06   4.5593262e+01
   7.3759410e+06   4.1748047e+01
   7.3759730e+06   3.6560059e+01
   7.3759840e+06   3.4179688e+01
   7.3760100e+06   5.1513672e+01
   7.3760250e+06   5.2368164e+01
   7.3760500e+06   3.5766602e+01
   7.3760680e+06   3.8818359e+01
   7.3760780e+06   7.9284668e+01
   7.3761010e+06   3.4484863e+01
   7.3761290e+06   5.1757812e+01
   7.3766090e+06   3.6682129e+01
   7.4784220e+06   3.4423828e+01
   7.4784540e+06   6.2438965e+01
   7.4784690e+06   3.8574219e+01
   7.4786600e+06   4.0100098e+01
   7.4787000e+06   4.1137695e+01
   7.5978320e+06   7.3425293e+01
   7.5978480e+06   4.4433594e+01
   7.5978660e+06   5.1330566e+01
   7.5978950e+06   3.8330078e+01
   7.5979180e+06   5.0964355e+01
   7.5979390e+06   4.0893555e+01
   7.5980400e+06   3.5095215e+01
   7.5981710e+06   4.1320801e+01
   7.6113300e+06   5.2307129e+01
   7.6113500e+06   4.0832520e+01
   7.6113890e+06   3.5949707e+01
   7.6114000e+06   3.6376953e+01
   7.6116440e+06   4.8156738e+01
   7.6521050e+06   3.4912109e+01
   7.7408050e+06   5.4382324e+01
   7.7408220e+06   3.7170410e+01
   7.7408490e+06   3.6560059e+01
   7.7408620e+06   6.4758301e+01
   7.7408980e+06   5.1879883e+01
   7.7409100e+06   4.6020508e+01
   7.7409250e+06   5.0170898e+01
   7.7409550e+06   5.0964355e+01
   7.7409670e+06   3.8818359e+01
   7.7410040e+06   3.4240723e+01
   7.7410140e+06   3.4362793e+01
   7.7411310e+06   3.7353516e+01
   7.7922110e+06   3.5766602e+01
   7.8442770e+06   3.5522461e+01
   7.9302670e+06   3.9062500e+01
   7.9615410e+06   3.4362793e+01
   8.0107030e+06   4.2053223e+01
   8.1120730e+06   3.9367676e+01
   8.1121060e+06   5.3527832e+01
   8.1121220e+06   6.2500000e+01
   8.1121650e+06   4.8461914e+01
   8.1121940e+06   3.4423828e+01
   8.1122240e+06   5.7006836e+01
   8.1122600e+06   3.4667969e+01
   8.1123070e+06   3.5217285e+01
   8.1238450e+06   4.4128418e+01
   8.1238840e+06   4.5654297e+01
   8.1238950e+06   3.9794922e+01
   8.1792570e+06   4.6386719e+01
   8.1832590e+06   3.5766602e+01
   8.1964590e+06   4.3579102e+01
   8.2003870e+06   3.4179688e+01
   8.2280570e+06   4.0161133e+01
   8.2280740e+06   3.6865234e+01
   8.2281200e+06   3.8269043e+01
   8.2281450e+06   4.1198730e+01
   8.2281930e+06   4.2724609e+01
   8.2282100e+06   4.4067383e+01
   8.2282290e+06   4.4616699e+01
   8.2282630e+06   3.4484863e+01
   8.2282810e+06   4.8767090e+01
   8.2282940e+06   3.6437988e+01
   8.2380940e+06   3.7902832e+01
   8.3228430e+06   3.7963867e+01
   8.3228690e+06   4.9865723e+01
   8.3228940e+06   4.2175293e+01
   8.3229150e+06   7.3547363e+01
   8.3229290e+06   4.8339844e+01
   8.3521700e+06   4.2724609e+01
   8.4380820e+06   3.4179688e+01
   8.4517010e+06   4.5043945e+01
   8.4517190e+06   5.9753418e+01
   8.4517410e+06   3.7841797e+01
   8.4517590e+06   3.7841797e+01
   8.4517750e+06   6.3232422e+01
   8.4517870e+06   6.7687988e+01
   8.4518050e+06   5.8898926e+01
   8.4518400e+06   3.4423828e+01
   8.4518880e+06   3.5095215e+01
   8.4519870e+06   3.4362793e+01
   8.4601420e+06   3.8085938e+01
   8.4601690e+06   4.5043945e+01
   8.4602240e+06   5.6762695e+01
   8.4602790e+06   3.4545898e+01
   8.4603410e+06   3.8452148e+01
   8.4605450e+06   4.1564941e+01
   8.4605590e+06   4.2785645e+01
   8.4605920e+06   3.4973145e+01
   8.4606880e+06   4.8583984e+01
   8.4607130e+06   3.5461426e+01
   8.4607370e+06   3.8330078e+01
   8.6037540e+06   3.7109375e+01
   8.6038240e+06   4.3212891e+01
   8.6038580e+06   3.5400391e+01
   8.6039210e+06   4.7119141e+01
   8.6175210e+06   4.3029785e+01
   8.6175940e+06   3.4362793e+01
   8.6177050e+06   4.1625977e+01
   8.7247560e+06   4.1809082e+01
   8.7247760e+06   5.2307129e+01
   8.7248060e+06   5.5053711e+01
   8.7248350e+06   4.2419434e+01
   8.7248470e+06   3.5217285e+01
   8.7250490e+06   3.8208008e+01
   8.7373050e+06   4.3945312e+01
   8.7373590e+06   3.8940430e+01
   8.7525090e+06   5.2612305e+01
   8.9320720e+06   3.5217285e+01
   8.9322290e+06   3.5034180e+01
   8.9322550e+06   3.6499023e+01
   8.9322780e+06   3.8696289e+01
   8.9323550e+06   3.6376953e+01
   9.0512230e+06   4.7058105e+01
   9.0512370e+06   4.8950195e+01
   9.2907880e+06   3.7658691e+01
   9.2908860e+06   3.7841797e+01
   9.2909310e+06   3.5034180e+01
   9.2910820e+06   4.8217773e+01
   9.2911100e+06   4.0039062e+01
   9.4376160e+06   4.9133301e+01
   9.4380160e+06   3.7841797e+01
   9.6693960e+06   3.5888672e+01
   9.6694590e+06   3.8391113e+01
   9.6696760e+06   3.7902832e+01
   9.6697140e+06   3.7780762e+01
   9.6697700e+06   3.5278320e+01
   9.6698570e+06   3.5705566e+01
   9.6699450e+06   3.9978027e+01
   9.6701600e+06   3.7170410e+01
   9.6702350e+06   3.5949707e+01
   9.6702740e+06   3.6010742e+01
   9.6702960e+06   3.5095215e+01
   1.0103004e+07   3.8208008e+01
   1.0103306e+07   3.7658691e+01
   1.0139311e+07   4.3273926e+01
   1.0311097e+07   3.8635254e+01
   1.0311123e+07   4.8706055e+01
   1.0311137e+07   3.4973145e+01
   1.0311178e+07   5.1879883e+01
   1.0311206e+07   4.3029785e+01
   1.0311216e+07   5.0903320e+01
   1.0311250e+07   4.5410156e+01
   1.0311322e+07   3.5827637e+01
   1.0311343e+07   4.8461914e+01
   1.0311440e+07   3.7292480e+01
   1.0311495e+07   3.5888672e+01
   1.0311562e+07   4.1870117e+01
   1.0311585e+07   3.7841797e+01
   1.0311608e+07   3.9733887e+01
   1.0312077e+07   3.6682129e+01
   1.0428870e+07   3.7231445e+01
   1.0435993e+07   3.5522461e+01
   1.0436024e+07   4.8278809e+01
   1.0704037e+07   4.3518066e+01
   1.0704094e+07   4.2541504e+01
   1.0704121e+07   3.5339355e+01
   1.0704286e+07   4.7119141e+01
   1.0744790e+07   4.7546387e+01
   1.0744943e+07   4.9438477e+01
   1.0974973e+07   3.4973145e+01
   1.0975057e+07   4.6264648e+01
   1.0975090e+07   3.7536621e+01
   1.0975104e+07   4.1076660e+01
   1.0975133e+07   4.5532227e+01
   1.0975150e+07   3.9184570e+01
   1.0975168e+07   3.6071777e+01
   1.0975201e+07   3.9245605e+01
   1.0975400e+07   3.8085938e+01
   1.0975498e+07   3.5461426e+01
   1.0975598e+07   3.9306641e+01
   1.0982536e+07   3.8940430e+01
   1.0982576e+07   4.3579102e+01
   1.0982596e+07   6.5979004e+01
   1.0982610e+07   6.0546875e+01
   1.0982660e+07   4.3518066e+01
   1.0983075e+07   3.5522461e+01
   1.0983100e+07   3.5461426e+01
   1.0983343e+07   3.7841797e+01
   1.0983450e+07   4.1076660e+01
   1.0983477e+07   4.5837402e+01
   1.0983489e+07   3.6560059e+01
   1.1026342e+07   3.9855957e+01
   1.1026621e+07   3.5949707e+01
   1.1026639e+07   4.5104980e+01
   1.1026700e+07   3.6132812e+01
   1.1026762e+07   4.3518066e+01
   1.1027281e+07   3.4790039e+01
   1.1027684e+07   4.5654297e+01
   1.1027830e+07   3.6926270e+01
   1.1027956e+07   4.1809082e+01
   1.1028051e+07   6.3049316e+01
   1.1028614e+07   3.4790039e+01
   1.1028640e+07   3.8513184e+01
   1.1188201e+07   3.6743164e+01
   1.1275811e+07   3.5095215e+01
   1.1522496e+07   3.8208008e+01
   1.1522544e+07   3.9428711e+01
   1.1522570e+07   5.7373047e+01
   1.1522678e+07   3.9672852e+01
   1.1749271e+07   3.4912109e+01
   1.1749286e+07   5.3833008e+01
   1.1749307e+07   4.1748047e+01
   1.1749328e+07   3.7475586e+01
   1.1749354e+07   8.0566406e+01
   1.1749388e+07   6.0302734e+01
   1.1749403e+07   3.9978027e+01
   1.1749439e+07   3.9245605e+01
   1.1749582e+07   3.8452148e+01
   1.1954641e+07   4.5471191e+01
   1.1954668e+07   4.9621582e+01
   1.1954700e+07   4.2053223e+01
   1.1954748e+07   6.1279297e+01
