   1.1996000e+07   0.0000000e+00
   9.3070000e+03   3.3508301e+01
   3.5636000e+04   3.3325195e+01
   1.1584900e+05   3.4545898e+01
   1.1620800e+05   3.7597656e+01
   1.1627500e+05   3.2897949e+01
   1.1631000e+05   3.3935547e+01
   1.1634500e+05   3.6071777e+01
   1.1689200e+05   3.4423828e+01
   1.1707600e+05   3.3752441e+01
   1.1728900e+05   3.3203125e+01
   1.1735800e+05   3.2958984e+01
   1.1780700e+05   3.3996582e+01
   1.1831400e+05   3.7597656e+01
   1.1871800e+05   3.5888672e+01
   1.2107600e+05   3.3020020e+01
   1.2821600e+05   3.2165527e+01
   1.7433700e+05   3.2775879e+01
   2.0306700e+05   3.4240723e+01
   2.0387700e+05   3.5522461e+01
   2.0532900e+05   3.4545898e+01
   2.0562100e+05   3.8024902e+01
   2.0568600e+05   3.2592773e+01
   2.0686300e+05   3.8940430e+01
   2.0734700e+05   3.4057617e+01
   2.2389700e+05   3.3142090e+01
   2.3092200e+05   3.2470703e+01
   2.3154600e+05   3.2897949e+01
   2.6733600e+05   3.5095215e+01
   2.8709600e+05   3.2470703e+01
   3.1493100e+05   3.2165527e+01
   3.2708200e+05   3.4118652e+01
   3.4029600e+05   3.3142090e+01
   3.4196600e+05   3.9001465e+01
   3.4224800e+05   3.4912109e+01
   3.4241200e+05   3.2226562e+01
   3.4258300e+05   3.2470703e+01
   3.4265200e+05   4.0649414e+01
   3.4283000e+05   3.4790039e+01
   3.4299400e+05   3.5278320e+01
   3.4309900e+05   3.3203125e+01
   3.4318000e+05   3.5156250e+01
   3.4495900e+05   3.2775879e+01
   3.5483300e+05   3.2165527e+01
   4.0228400e+05   3.5156250e+01
   4.1177800e+05   3.3569336e+01
   4.8682300e+05   3.5095215e+01
   4.9378600e+05   3.2836914e+01
   5.3190000e+05   3.5156250e+01
   5.6455300e+05   3.4118652e+01
   5.6502600e+05   3.3081055e+01
   5.6523700e+05   3.8330078e+01
   5.6617000e+05   3.3935547e+01
   5.6639000e+05   3.2226562e+01
   5.6684100e+05   3.3264160e+01
   5.6730700e+05   3.3203125e+01
   5.9384000e+05   3.4667969e+01
   6.3299700e+05   3.2775879e+01
   6.3641500e+05   3.3447266e+01
   6.4767000e+05   3.6499023e+01
   6.6678500e+05   3.2165527e+01
   6.8401800e+05   3.3996582e+01
   7.5481500e+05   4.4616699e+01
   7.5492800e+05   3.6499023e+01
   7.5499900e+05   3.4240723e+01
   7.5518200e+05   3.3081055e+01
   7.5591700e+05   3.5034180e+01
   7.5618100e+05   3.4301758e+01
   7.5660800e+05   3.3203125e+01
   7.5669400e+05   3.5278320e+01
   7.7558500e+05   3.2409668e+01
   7.7728900e+05   3.3020020e+01
   8.2942000e+05   3.7902832e+01
   8.3612200e+05   3.3569336e+01
   8.3629800e+05   3.6315918e+01
   8.3642400e+05   3.3874512e+01
   8.3668000e+05   3.8452148e+01
   8.3716900e+05   3.3020020e+01
   8.9517200e+05   3.3447266e+01
   9.0922800e+05   4.6020508e+01
   9.1990900e+05   3.9062500e+01
   9.2067500e+05   3.3874512e+01
   9.2122700e+05   3.3874512e+01
   9.2140200e+05   3.4362793e+01
   9.3382000e+05   3.5339355e+01
   9.3902000e+05   3.2409668e+01
   9.4967200e+05   3.6804199e+01
   1.0305330e+06   3.5949707e+01
   1.0734680e+06   3.9550781e+01
   1.1132930e+06   3.2470703e+01
   1.1821660e+06   3.2470703e+01
   1.1938010e+06   3.3264160e+01
   1.2257080e+06   3.6987305e+01
   1.2258680e+06   3.2714844e+01
   1.2259180e+06   3.3142090e+01
   1.2259810e+06   3.2775879e+01
   1.2266880e+06   3.8208008e+01
   1.2268140e+06   3.9123535e+01
   1.2311990e+06   3.4667969e+01
   1.2550580e+06   3.9062500e+01
   1.2938460e+06   3.5583496e+01
   1.3263890e+06   3.3325195e+01
   1.3409970e+06   3.3264160e+01
   1.3463420e+06   3.3264160e+01
   1.3464050e+06   3.2653809e+01
   1.3467910e+06   3.7231445e+01
   1.3475940e+06   3.5644531e+01
   1.3479190e+06   3.6865234e+01
   1.3834370e+06   3.2409668e+01
   1.4232890e+06   3.3447266e+01
   1.4280710e+06   3.3081055e+01
   1.4343610e+06   3.2531738e+01
   1.4407080e+06   3.5827637e+01
   1.4408970e+06   3.6926270e+01
   1.4410760e+06   3.3569336e+01
   1.4411840e+06   3.2470703e+01
   1.4414400e+06   3.3325195e+01
   1.4416290e+06   3.2409668e+01
   1.4572040e+06   3.4973145e+01
   1.4790320e+06   3.6132812e+01
   1.4883350e+06   3.5888672e+01
   1.4940690e+06   3.8818359e+01
   1.5119170e+06   3.2409668e+01
   1.6244890e+06   4.0405273e+01
   1.6486600e+06   3.4118652e+01
   1.6489490e+06   4.2175293e+01
   1.6491580e+06   3.3996582e+01
   1.6492060e+06   3.4118652e+01
   1.6492660e+06   3.6315918e+01
   1.6494300e+06   3.7414551e+01
   1.6496450e+06   3.3325195e+01
   1.6779260e+06   3.4729004e+01
   1.6780140e+06   3.5644531e+01
   1.6790990e+06   3.2775879e+01
   1.6887460e+06   3.4790039e+01
   1.7099780e+06   3.3935547e+01
   1.7671970e+06   3.5522461e+01
   1.7823910e+06   3.3203125e+01
   1.8319770e+06   3.4729004e+01
   1.8477160e+06   3.2287598e+01
   1.8534800e+06   3.3569336e+01
   1.8535430e+06   3.6804199e+01
   1.8536380e+06   3.2897949e+01
   1.8537850e+06   3.2958984e+01
   1.8539580e+06   3.2592773e+01
   1.8541030e+06   3.4423828e+01
   1.8543710e+06   3.2714844e+01
   1.8566610e+06   3.4973145e+01
   1.8637090e+06   3.4851074e+01
   1.8706490e+06   3.7414551e+01
   1.9011880e+06   4.0161133e+01
   1.9234010e+06   4.0527344e+01
   1.9796960e+06   3.2958984e+01
   1.9804800e+06   3.2775879e+01
   1.9805060e+06   3.2287598e+01
   1.9805920e+06   3.3508301e+01
   1.9810150e+06   3.5339355e+01
   1.9888540e+06   3.2348633e+01
   2.0010600e+06   3.3569336e+01
   2.0201760e+06   3.2165527e+01
   2.0446870e+06   3.4423828e+01
   2.0492480e+06   3.2714844e+01
   2.0496760e+06   3.2714844e+01
   2.0505070e+06   3.3020020e+01
   2.0505420e+06   3.2348633e+01
   2.0507100e+06   3.2653809e+01
   2.0507740e+06   3.2287598e+01
   2.0509440e+06   3.3691406e+01
   2.0510060e+06   3.3203125e+01
   2.0514050e+06   3.7292480e+01
   2.0630480e+06   3.3203125e+01
   2.0781020e+06   3.3447266e+01
   2.1110930e+06   3.3020020e+01
   2.1143760e+06   3.2714844e+01
   2.1465090e+06   3.5766602e+01
   2.2091430e+06   3.2592773e+01
   2.2492370e+06   3.2287598e+01
   2.2513700e+06   3.4301758e+01
   2.2936880e+06   3.4729004e+01
   2.2967430e+06   3.6010742e+01
   2.2972860e+06   3.3325195e+01
   2.2972990e+06   3.3569336e+01
   2.2973630e+06   3.2958984e+01
   2.2974040e+06   4.0466309e+01
   2.2976290e+06   3.2714844e+01
   2.3092800e+06   3.3264160e+01
   2.3883790e+06   3.2897949e+01
   2.3902330e+06   3.3020020e+01
   2.3903600e+06   4.2663574e+01
   2.3905480e+06   3.3020020e+01
   2.3910860e+06   4.0527344e+01
   2.3915990e+06   3.4790039e+01
   2.3929440e+06   3.3813477e+01
   2.3940840e+06   3.4423828e+01
   2.4543080e+06   3.4362793e+01
   2.4550470e+06   3.7963867e+01
   2.4552060e+06   3.2348633e+01
   2.4554960e+06   3.3447266e+01
   2.4556660e+06   3.3813477e+01
   2.4768630e+06   3.7902832e+01
   2.4879150e+06   3.4301758e+01
   2.4915490e+06   3.7719727e+01
   2.5077290e+06   3.3447266e+01
   2.5111530e+06   3.8574219e+01
   2.6056210e+06   3.2409668e+01
   2.6057490e+06   3.3508301e+01
   2.6059220e+06   3.2653809e+01
   2.6059630e+06   4.0100098e+01
   2.6067060e+06   3.6560059e+01
   2.6068780e+06   3.5949707e+01
   2.6079670e+06   3.6437988e+01
   2.6096190e+06   3.7658691e+01
   2.6262050e+06   3.4301758e+01
   2.7335880e+06   3.2653809e+01
   2.7339500e+06   3.5888672e+01
   2.7341280e+06   3.6376953e+01
   2.7344460e+06   3.5949707e+01
   2.7345120e+06   3.8085938e+01
   2.7348660e+06   3.2287598e+01
   2.7351910e+06   3.4606934e+01
   2.7453660e+06   3.4179688e+01
   2.7459780e+06   3.2165527e+01
   2.7636870e+06   3.3691406e+01
   2.8112690e+06   3.3020020e+01
   2.8112980e+06   3.9001465e+01
   2.8115940e+06   4.0771484e+01
   2.8116870e+06   3.3630371e+01
   2.8250880e+06   3.4729004e+01
   2.8821880e+06   4.0405273e+01
   2.9050750e+06   3.5339355e+01
   2.9247040e+06   3.6865234e+01
   2.9416250e+06   3.2958984e+01
   2.9497470e+06   3.2287598e+01
   2.9826390e+06   3.4790039e+01
   3.0550720e+06   3.4545898e+01
   3.0588360e+06   3.4729004e+01
   3.0703800e+06   3.5583496e+01
   3.0867770e+06   3.5522461e+01
   3.0965210e+06   3.2409668e+01
   3.1158820e+06   3.4851074e+01
   3.1160140e+06   3.2592773e+01
   3.1161160e+06   3.3203125e+01
   3.1162090e+06   3.3203125e+01
   3.1163870e+06   4.1381836e+01
   3.1164520e+06   3.6804199e+01
   3.1165260e+06   3.5095215e+01
   3.1166280e+06   3.5766602e+01
   3.1170030e+06   3.2592773e+01
   3.1178740e+06   3.2470703e+01
   3.1257160e+06   3.3813477e+01
   3.1267780e+06   3.3020020e+01
   3.1276090e+06   3.5400391e+01
   3.1278580e+06   3.2714844e+01
   3.1287490e+06   3.8635254e+01
   3.1439570e+06   3.5827637e+01
   3.1457920e+06   3.5217285e+01
   3.2222600e+06   3.3996582e+01
   3.2335440e+06   3.6682129e+01
   3.2338730e+06   3.5278320e+01
   3.2346980e+06   3.5766602e+01
   3.2982730e+06   3.9916992e+01
   3.2984680e+06   3.6193848e+01
   3.2987100e+06   3.2470703e+01
   3.2988880e+06   3.2531738e+01
   3.2989950e+06   3.3935547e+01
   3.2990190e+06   3.5095215e+01
   3.3013740e+06   3.7597656e+01
   3.3108690e+06   3.4179688e+01
   3.3110490e+06   3.2653809e+01
   3.3112100e+06   3.2409668e+01
   3.3449100e+06   3.2775879e+01
   3.3462170e+06   3.3081055e+01
   3.3465730e+06   3.2531738e+01
   3.3465930e+06   3.3447266e+01
   3.3575940e+06   3.3935547e+01
   3.3672170e+06   3.2958984e+01
   3.3776630e+06   3.2653809e+01
   3.3885980e+06   3.4423828e+01
   3.4009510e+06   3.4729004e+01
   3.4011200e+06   3.3630371e+01
   3.4011620e+06   3.4545898e+01
   3.4012290e+06   3.4729004e+01
   3.4012490e+06   3.7902832e+01
   3.4015040e+06   3.2714844e+01
   3.4016870e+06   3.4362793e+01
   3.4221200e+06   3.3264160e+01
   3.4357580e+06   3.8452148e+01
   3.4538280e+06   3.3386230e+01
   3.4539130e+06   3.3264160e+01
   3.4540500e+06   3.8879395e+01
   3.4737330e+06   3.6437988e+01
   3.5073500e+06   4.0161133e+01
   3.5074640e+06   4.4250488e+01
   3.5075290e+06   3.2897949e+01
   3.5075670e+06   3.2714844e+01
   3.5076340e+06   3.5339355e+01
   3.5077510e+06   3.6926270e+01
   3.5085970e+06   3.2348633e+01
   3.5110970e+06   3.4362793e+01
   3.5250610e+06   3.2470703e+01
   3.5263390e+06   3.4973145e+01
   3.5270810e+06   3.3142090e+01
   3.5384710e+06   3.3996582e+01
   3.5389260e+06   3.4362793e+01
   3.5666540e+06   3.2714844e+01
   3.5667360e+06   3.2470703e+01
   3.5669840e+06   3.3935547e+01
   3.5670700e+06   3.2592773e+01
   3.5672010e+06   3.6010742e+01
   3.5678850e+06   3.3386230e+01
   3.5841930e+06   3.3447266e+01
   3.5970950e+06   3.2409668e+01
   3.5975720e+06   3.4484863e+01
   3.6347960e+06   3.2592773e+01
   3.6351750e+06   3.6621094e+01
   3.6352470e+06   3.5949707e+01
   3.6519760e+06   3.2897949e+01
   3.6656180e+06   3.3569336e+01
   3.6672110e+06   3.2531738e+01
   3.7336620e+06   3.7597656e+01
   3.7338440e+06   3.5400391e+01
   3.7339530e+06   3.2348633e+01
   3.7341220e+06   3.2409668e+01
   3.7342440e+06   3.8391113e+01
   3.7475280e+06   3.3325195e+01
   3.7482720e+06   3.3996582e+01
   3.7796300e+06   3.5095215e+01
   3.8410310e+06   3.5034180e+01
   3.8520420e+06   3.3569336e+01
   3.8521340e+06   3.5766602e+01
   3.8524300e+06   3.3752441e+01
   3.8526500e+06   3.2836914e+01
   3.8527030e+06   3.6132812e+01
   3.8550980e+06   3.6010742e+01
   3.9091220e+06   3.2348633e+01
   3.9162150e+06   3.2958984e+01
   3.9507120e+06   3.7048340e+01
   3.9540490e+06   3.3020020e+01
   4.0380950e+06   3.3630371e+01
   4.0410860e+06   3.4179688e+01
   4.0414090e+06   3.5766602e+01
   4.0418840e+06   4.1442871e+01
   4.0419330e+06   3.2653809e+01
   4.0421110e+06   3.3508301e+01
   4.0423100e+06   3.9611816e+01
   4.0427510e+06   3.3142090e+01
   4.1167890e+06   3.2348633e+01
   4.1253090e+06   3.2470703e+01
   4.1321340e+06   4.1564941e+01
   4.1326590e+06   3.4179688e+01
   4.1330760e+06   3.7048340e+01
   4.1333030e+06   3.5888672e+01
   4.1755960e+06   3.3447266e+01
   4.2270150e+06   3.2348633e+01
   4.2444200e+06   3.2470703e+01
   4.2800180e+06   3.2592773e+01
   4.3088850e+06   3.3447266e+01
   4.3136610e+06   3.5888672e+01
   4.3330990e+06   3.6193848e+01
   4.3905530e+06   3.2409668e+01
   4.3993150e+06   3.2409668e+01
   4.4024170e+06   4.0100098e+01
   4.4032420e+06   3.7841797e+01
   4.4032970e+06   3.6010742e+01
   4.4035360e+06   3.2409668e+01
   4.4037430e+06   3.3020020e+01
   4.4331530e+06   3.2531738e+01
   4.4586650e+06   3.5339355e+01
   4.5631960e+06   3.2958984e+01
   4.5632550e+06   3.2592773e+01
   4.5633270e+06   3.3996582e+01
   4.5638420e+06   3.8085938e+01
   4.5640340e+06   4.2968750e+01
   4.5640570e+06   3.6193848e+01
   4.5641990e+06   3.6926270e+01
   4.5644410e+06   3.9489746e+01
   4.5998370e+06   3.4667969e+01
   4.6308290e+06   3.6193848e+01
   4.6378310e+06   3.3203125e+01
   4.6379570e+06   3.6804199e+01
   4.6380870e+06   3.3264160e+01
   4.6382200e+06   3.3325195e+01
   4.6382900e+06   3.3508301e+01
   4.6388200e+06   3.3569336e+01
   4.6475220e+06   3.2958984e+01
   4.6480410e+06   3.5156250e+01
   4.6638240e+06   3.2531738e+01
   4.7226570e+06   3.2409668e+01
   4.7290740e+06   4.0039062e+01
   4.7292020e+06   3.5339355e+01
   4.7294300e+06   3.4667969e+01
   4.7298390e+06   3.6621094e+01
   4.7557920e+06   3.2958984e+01
   4.7995610e+06   4.0283203e+01
   4.8014250e+06   3.2409668e+01
   4.8024110e+06   4.0588379e+01
   4.8126830e+06   3.2714844e+01
   4.8177050e+06   3.3935547e+01
   4.8603790e+06   3.4606934e+01
   4.8914740e+06   3.2653809e+01
   4.8916390e+06   3.2653809e+01
   4.8917270e+06   3.3569336e+01
   4.8919880e+06   3.5705566e+01
   4.8920010e+06   3.2409668e+01
   4.8920420e+06   3.6193848e+01
   4.8962390e+06   3.3630371e+01
   4.9338400e+06   3.8879395e+01
   5.0400490e+06   3.7658691e+01
   5.0404510e+06   3.3996582e+01
   5.0602240e+06   3.4301758e+01
   5.0758970e+06   3.3386230e+01
   5.0765580e+06   3.4423828e+01
   5.0790360e+06   3.2714844e+01
   5.1195280e+06   3.4667969e+01
   5.1997150e+06   3.3752441e+01
   5.2002510e+06   3.2653809e+01
   5.2004340e+06   3.8696289e+01
   5.2005900e+06   3.5339355e+01
   5.2172860e+06   3.4301758e+01
   5.3312950e+06   3.3752441e+01
   5.3862410e+06   3.7170410e+01
   5.3864550e+06   3.2714844e+01
   5.3866440e+06   3.6499023e+01
   5.3867100e+06   3.4057617e+01
   5.3867670e+06   4.2297363e+01
   5.3869500e+06   3.5827637e+01
   5.3876040e+06   3.5278320e+01
   5.3895390e+06   3.2897949e+01
   5.4068750e+06   3.4362793e+01
   5.4565010e+06   3.5644531e+01
   5.4567230e+06   3.4851074e+01
   5.4575600e+06   3.2714844e+01
   5.4590830e+06   3.2653809e+01
   5.5021280e+06   3.2653809e+01
   5.5266460e+06   3.5705566e+01
   5.5667800e+06   3.2897949e+01
   5.5687700e+06   3.6804199e+01
   5.5689420e+06   3.4118652e+01
   5.5690080e+06   3.6987305e+01
   5.5691040e+06   3.4423828e+01
   5.5691280e+06   3.4301758e+01
   5.5691630e+06   3.9123535e+01
   5.5895810e+06   3.3813477e+01
   5.6077690e+06   3.3203125e+01
   5.6519160e+06   3.3874512e+01
   5.6669600e+06   3.3081055e+01
   5.7384090e+06   3.2531738e+01
   5.7634660e+06   3.2836914e+01
   5.7636970e+06   3.2348633e+01
   5.7637450e+06   3.4423828e+01
   5.7638030e+06   3.2592773e+01
   5.7639730e+06   3.4118652e+01
   5.7640780e+06   3.5278320e+01
   5.7641490e+06   3.3935547e+01
   5.7641630e+06   3.2531738e+01
   5.7643050e+06   3.8757324e+01
   5.7644350e+06   3.5156250e+01
   5.7645220e+06   3.3508301e+01
   5.7728920e+06   3.4057617e+01
   5.7802430e+06   3.5461426e+01
   5.7915290e+06   3.3142090e+01
   5.8215440e+06   3.7597656e+01
   5.8684770e+06   3.2958984e+01
   5.8712370e+06   3.5888672e+01
   5.9271990e+06   3.6254883e+01
   5.9273660e+06   3.4057617e+01
   5.9275640e+06   3.4423828e+01
   5.9277010e+06   3.4973145e+01
   5.9278070e+06   3.2653809e+01
   5.9294520e+06   3.2592773e+01
   5.9294760e+06   3.2470703e+01
   5.9305560e+06   3.6987305e+01
   5.9474040e+06   3.2592773e+01
   6.0302190e+06   3.3508301e+01
   6.0303680e+06   3.2348633e+01
   6.0304670e+06   3.4851074e+01
   6.0305660e+06   3.6499023e+01
   6.0307190e+06   3.5278320e+01
   6.0308920e+06   3.3020020e+01
   6.0311400e+06   3.3447266e+01
   6.0491490e+06   3.4912109e+01
   6.1321790e+06   4.2297363e+01
   6.1322010e+06   3.5583496e+01
   6.1322740e+06   3.9367676e+01
   6.1327170e+06   3.3264160e+01
   6.1327350e+06   3.4423828e+01
   6.1330100e+06   3.3142090e+01
   6.1346690e+06   3.4790039e+01
   6.1435430e+06   3.2714844e+01
   6.1439240e+06   3.3203125e+01
   6.1441520e+06   3.2531738e+01
   6.1660250e+06   3.4240723e+01
   6.2061700e+06   3.2775879e+01
   6.2065670e+06   3.4057617e+01
   6.2066660e+06   3.2409668e+01
   6.2067640e+06   3.9672852e+01
   6.2368960e+06   3.2958984e+01
   6.2370890e+06   3.2714844e+01
   6.2373830e+06   4.0710449e+01
   6.2766910e+06   3.3264160e+01
   6.3422180e+06   3.3020020e+01
   6.3424290e+06   3.2836914e+01
   6.3425170e+06   3.2531738e+01
   6.3427830e+06   3.2714844e+01
   6.3428020e+06   3.3020020e+01
   6.3430650e+06   3.4851074e+01
   6.3432020e+06   3.2897949e+01
   6.3434370e+06   3.2409668e+01
   6.3439380e+06   3.2653809e+01
   6.3446780e+06   4.1076660e+01
   6.3457540e+06   3.2714844e+01
   6.3661510e+06   3.3325195e+01
   6.3940420e+06   3.2958984e+01
   6.3947660e+06   3.2714844e+01
   6.4103600e+06   3.2470703e+01
   6.4119460e+06   3.3264160e+01
   6.4204830e+06   3.2470703e+01
   6.4207320e+06   3.4667969e+01
   6.4861790e+06   3.4667969e+01
   6.4865280e+06   3.5095215e+01
   6.4866490e+06   3.6865234e+01
   6.4868430e+06   3.2043457e+01
   6.4874160e+06   3.9123535e+01
   6.4879220e+06   3.2592773e+01
   6.5098270e+06   3.4301758e+01
   6.5317560e+06   3.4057617e+01
   6.5394520e+06   3.3691406e+01
   6.5395940e+06   3.2104492e+01
   6.5396170e+06   4.2358398e+01
   6.5398120e+06   3.2653809e+01
   6.5401840e+06   3.5766602e+01
   6.5406300e+06   3.2226562e+01
   6.5414300e+06   3.3874512e+01
   6.5495530e+06   3.4179688e+01
   6.5497360e+06   3.2470703e+01
   6.5838650e+06   3.2470703e+01
   6.6355900e+06   3.3386230e+01
   6.6377420e+06   3.3081055e+01
   6.6377890e+06   4.5654297e+01
   6.6381270e+06   3.5522461e+01
   6.6384440e+06   3.3447266e+01
   6.6387090e+06   3.4851074e+01
   6.6388180e+06   3.3020020e+01
   6.6388980e+06   3.6315918e+01
   6.6392910e+06   3.6621094e+01
   6.6394030e+06   3.5888672e+01
   6.6402860e+06   3.6621094e+01
   6.6404120e+06   3.4790039e+01
   6.6814190e+06   3.2287598e+01
   6.6927880e+06   3.4240723e+01
   6.7158870e+06   3.3081055e+01
   6.7163650e+06   3.5766602e+01
   6.7164810e+06   3.2104492e+01
   6.7165510e+06   3.9550781e+01
   6.7165740e+06   3.5400391e+01
   6.7167580e+06   3.4973145e+01
   6.8261030e+06   3.2836914e+01
   6.8261460e+06   3.5522461e+01
   6.8262320e+06   3.9794922e+01
   6.8263250e+06   3.2226562e+01
   6.8264410e+06   3.5522461e+01
   6.8268740e+06   3.3386230e+01
   6.8269830e+06   3.3752441e+01
   6.8706910e+06   3.5705566e+01
   7.0033700e+06   3.4179688e+01
   7.0035410e+06   3.3630371e+01
   7.0035800e+06   3.6682129e+01
   7.0036380e+06   4.2602539e+01
   7.0037150e+06   3.2104492e+01
   7.0037290e+06   3.5461426e+01
   7.0037580e+06   3.2836914e+01
   7.0038990e+06   3.5766602e+01
   7.0040080e+06   3.3874512e+01
   7.0044530e+06   3.5583496e+01
   7.0049570e+06   3.3142090e+01
   7.0051460e+06   3.3508301e+01
   7.0058200e+06   3.2592773e+01
   7.0071760e+06   3.4606934e+01
   7.1011460e+06   3.7231445e+01
   7.1146870e+06   3.5888672e+01
   7.1948210e+06   3.2775879e+01
   7.2350620e+06   3.3569336e+01
   7.2535300e+06   3.9245605e+01
   7.2536910e+06   3.7658691e+01
   7.2537530e+06   3.3813477e+01
   7.2538740e+06   3.4912109e+01
   7.2540340e+06   3.5522461e+01
   7.2540610e+06   3.2226562e+01
   7.2541230e+06   3.2653809e+01
   7.2546050e+06   3.8940430e+01
   7.2548000e+06   3.5217285e+01
   7.2575540e+06   3.2470703e+01
   7.2594580e+06   3.2348633e+01
   7.2647410e+06   3.6193848e+01
   7.3790120e+06   3.2165527e+01
   7.4790470e+06   3.3630371e+01
   7.4792700e+06   3.5766602e+01
   7.4793780e+06   4.4250488e+01
   7.4800810e+06   3.2958984e+01
   7.5010190e+06   3.6926270e+01
   7.5049060e+06   3.4606934e+01
   7.5412460e+06   3.4179688e+01
   7.5986180e+06   3.3386230e+01
   7.6035090e+06   3.2714844e+01
   7.6042590e+06   3.2775879e+01
   7.6043280e+06   3.2226562e+01
   7.6043600e+06   3.3081055e+01
   7.6044980e+06   3.2836914e+01
   7.6045580e+06   3.2409668e+01
   7.6145380e+06   3.2409668e+01
   7.6293730e+06   3.3691406e+01
   7.6325690e+06   3.3325195e+01
   7.6443210e+06   3.2409668e+01
   7.6968590e+06   3.3508301e+01
   7.7005030e+06   3.2592773e+01
   7.7186580e+06   3.3020020e+01
   7.7189710e+06   3.3813477e+01
   7.7189840e+06   4.2297363e+01
   7.7192550e+06   3.3142090e+01
   7.7192900e+06   3.4118652e+01
   7.7201650e+06   3.4057617e+01
   7.7218550e+06   3.2470703e+01
   7.7275840e+06   3.5034180e+01
   7.7309890e+06   3.6804199e+01
   7.7526060e+06   3.3691406e+01
   7.7845280e+06   3.7963867e+01
   7.8198690e+06   3.3691406e+01
   7.8570230e+06   3.4423828e+01
   7.8671720e+06   3.5095215e+01
   7.8673980e+06   3.2104492e+01
   7.8675400e+06   3.3935547e+01
   7.8677020e+06   3.7170410e+01
   7.8678310e+06   3.3874512e+01
   7.8685540e+06   3.3142090e+01
   7.8690040e+06   3.4301758e+01
   7.8934930e+06   3.6193848e+01
   7.9149510e+06   3.6560059e+01
   7.9210680e+06   3.2714844e+01
   7.9873330e+06   3.5278320e+01
   7.9873470e+06   3.4912109e+01
   7.9880030e+06   3.2958984e+01
   7.9882700e+06   3.2958984e+01
   7.9902790e+06   3.2226562e+01
   8.0079060e+06   3.2104492e+01
   8.0271030e+06   3.2470703e+01
   8.0333010e+06   3.2714844e+01
   8.0352690e+06   3.2165527e+01
   8.0763790e+06   3.4851074e+01
   8.1182420e+06   3.7597656e+01
   8.1185850e+06   3.6804199e+01
   8.1186080e+06   3.5583496e+01
   8.1186240e+06   3.5766602e+01
   8.1187780e+06   3.3691406e+01
   8.1188510e+06   3.3508301e+01
   8.1192750e+06   3.3081055e+01
   8.1196030e+06   3.3386230e+01
   8.1218010e+06   3.2531738e+01
   8.1437020e+06   3.3386230e+01
   8.2005280e+06   3.2165527e+01
   8.2142600e+06   3.3813477e+01
   8.2434380e+06   3.2531738e+01
   8.2435900e+06   3.2104492e+01
   8.2436860e+06   3.2897949e+01
   8.2438700e+06   3.8146973e+01
   8.2439430e+06   3.3935547e+01
   8.2441260e+06   3.3691406e+01
   8.2446710e+06   3.2897949e+01
   8.2579670e+06   3.6682129e+01
   8.2586210e+06   3.2714844e+01
   8.3161990e+06   3.5827637e+01
   8.3346680e+06   3.2104492e+01
   8.3718920e+06   3.7841797e+01
   8.3722670e+06   3.3081055e+01
   8.3723360e+06   3.2226562e+01
   8.3724790e+06   3.5217285e+01
   8.3726890e+06   3.2348633e+01
   8.3728100e+06   3.4973145e+01
   8.3728810e+06   3.5339355e+01
   8.3734810e+06   3.7353516e+01
   8.4074900e+06   3.5644531e+01
   8.4417840e+06   3.3142090e+01
   8.4418530e+06   3.4301758e+01
   8.4418880e+06   3.5034180e+01
   8.4421050e+06   3.3935547e+01
   8.4423090e+06   3.2653809e+01
   8.4433570e+06   3.3325195e+01
   8.4437430e+06   3.2775879e+01
   8.4568820e+06   3.3996582e+01
   8.5444620e+06   3.3386230e+01
   8.5991520e+06   3.2958984e+01
   8.5991890e+06   3.3264160e+01
   8.5991990e+06   3.3264160e+01
   8.5993500e+06   3.6621094e+01
   8.6000310e+06   3.4729004e+01
   8.6021920e+06   4.2236328e+01
   8.6191820e+06   3.2348633e+01
   8.6320700e+06   3.2043457e+01
   8.6944130e+06   3.5034180e+01
   8.7874970e+06   3.5217285e+01
   8.8221280e+06   3.5400391e+01
   8.8222310e+06   3.6560059e+01
   8.8223330e+06   3.3325195e+01
   8.8223910e+06   3.4240723e+01
   8.8225360e+06   3.4851074e+01
   8.8539730e+06   3.3142090e+01
   8.9945260e+06   3.6621094e+01
   8.9945880e+06   3.5217285e+01
   8.9949980e+06   3.2958984e+01
   8.9953060e+06   3.8696289e+01
   8.9964060e+06   3.3386230e+01
   8.9983010e+06   3.7597656e+01
   8.9991520e+06   3.3386230e+01
   9.0419570e+06   3.1738281e+01
   9.0667910e+06   3.6376953e+01
   9.1129150e+06   3.3691406e+01
   9.1828900e+06   3.2592773e+01
   9.2320060e+06   3.2226562e+01
   9.2323020e+06   3.5278320e+01
   9.2323410e+06   3.6621094e+01
   9.2323880e+06   3.3630371e+01
   9.2325070e+06   3.5095215e+01
   9.2325410e+06   3.7231445e+01
   9.2326950e+06   3.1616211e+01
   9.2778680e+06   3.2592773e+01
   9.2821860e+06   3.2409668e+01
   9.2948640e+06   3.3081055e+01
   9.3078910e+06   3.3508301e+01
   9.3193270e+06   3.4301758e+01
   9.3320300e+06   3.2287598e+01
   9.3383410e+06   3.2653809e+01
   9.4461360e+06   3.2470703e+01
   9.4463100e+06   3.3569336e+01
   9.4464120e+06   3.3874512e+01
   9.4466610e+06   3.3630371e+01
   9.4501610e+06   3.1799316e+01
   9.4742900e+06   3.4362793e+01
   9.5424360e+06   3.4423828e+01
   9.5470870e+06   3.6132812e+01
   9.5936420e+06   3.8085938e+01
   9.5939410e+06   3.2836914e+01
   9.5940220e+06   3.4606934e+01
   9.5940520e+06   3.5339355e+01
   9.5941600e+06   3.3935547e+01
   9.5942260e+06   4.0527344e+01
   9.5953980e+06   3.9428711e+01
   9.5959020e+06   3.6865234e+01
   9.6336850e+06   3.3203125e+01
   9.6619430e+06   3.4912109e+01
   9.6970330e+06   3.1921387e+01
   9.7009690e+06   3.5644531e+01
   9.7686540e+06   3.2104492e+01
   9.7718940e+06   3.2592773e+01
   9.7900270e+06   3.1921387e+01
   9.7902500e+06   3.3447266e+01
   9.7904150e+06   3.8391113e+01
   9.7904640e+06   3.1921387e+01
   9.7905670e+06   3.5522461e+01
   9.7906010e+06   3.4729004e+01
   9.7910190e+06   3.2958984e+01
   9.7920030e+06   3.3203125e+01
   9.7929080e+06   3.1860352e+01
   9.7939180e+06   3.1616211e+01
   9.9049100e+06   3.3386230e+01
   9.9375640e+06   3.4484863e+01
   9.9473540e+06   3.3752441e+01
   9.9474490e+06   3.3081055e+01
   9.9475010e+06   3.5156250e+01
   9.9476250e+06   3.3630371e+01
   9.9476410e+06   3.1677246e+01
   9.9477460e+06   3.1921387e+01
   9.9477760e+06   3.3264160e+01
   9.9480230e+06   4.3090820e+01
   9.9481320e+06   3.2897949e+01
   9.9498170e+06   3.8940430e+01
   9.9501090e+06   3.4912109e+01
   9.9584540e+06   3.6682129e+01
   9.9908830e+06   3.1982422e+01
   1.0016078e+07   3.1860352e+01
   1.0026082e+07   3.6804199e+01
   1.0048487e+07   3.1494141e+01
   1.0058018e+07   3.2775879e+01
   1.0069973e+07   3.1555176e+01
   1.0165539e+07   3.2226562e+01
   1.0239259e+07   3.4301758e+01
   1.0252039e+07   3.2958984e+01
   1.0252146e+07   3.2897949e+01
   1.0252165e+07   3.3386230e+01
   1.0252365e+07   3.2287598e+01
   1.0252412e+07   3.1982422e+01
   1.0252583e+07   3.3447266e+01
   1.0253725e+07   3.1616211e+01
   1.0268011e+07   3.1555176e+01
   1.0271854e+07   3.2836914e+01
   1.0287575e+07   3.1677246e+01
   1.0362731e+07   3.4118652e+01
   1.0462864e+07   3.2043457e+01
   1.0477182e+07   3.2592773e+01
   1.0484633e+07   3.9611816e+01
   1.0484805e+07   3.2897949e+01
   1.0485098e+07   3.1555176e+01
   1.0485170e+07   3.3508301e+01
   1.0485983e+07   3.4240723e+01
   1.0486793e+07   3.7109375e+01
   1.0509444e+07   3.2592773e+01
   1.0537100e+07   3.4545898e+01
   1.0561656e+07   3.4606934e+01
   1.0607137e+07   3.1555176e+01
   1.0607266e+07   3.2348633e+01
   1.0607438e+07   3.1555176e+01
   1.0607590e+07   3.1982422e+01
   1.0607657e+07   3.4484863e+01
   1.0607806e+07   4.0771484e+01
   1.0607935e+07   3.2043457e+01
   1.0608102e+07   3.2958984e+01
   1.0608710e+07   3.4973145e+01
   1.0636995e+07   3.3935547e+01
   1.0663229e+07   3.4851074e+01
   1.0686905e+07   3.4606934e+01
   1.0690898e+07   3.1738281e+01
   1.0718843e+07   3.6987305e+01
   1.0718890e+07   3.2653809e+01
   1.0718936e+07   3.1738281e+01
   1.0718986e+07   3.2775879e+01
   1.0719148e+07   3.4240723e+01
   1.0719208e+07   3.2165527e+01
   1.0719279e+07   4.1687012e+01
   1.0719436e+07   3.3203125e+01
   1.0719726e+07   3.3813477e+01
   1.0720162e+07   3.4423828e+01
   1.0757653e+07   3.2287598e+01
   1.0764709e+07   3.1982422e+01
   1.0821833e+07   3.5705566e+01
   1.0822116e+07   3.1616211e+01
   1.0822143e+07   3.3813477e+01
   1.0822418e+07   3.6010742e+01
   1.0822502e+07   3.3691406e+01
   1.0822702e+07   3.2531738e+01
   1.0822843e+07   3.1982422e+01
   1.0825135e+07   3.1738281e+01
   1.0853238e+07   3.3142090e+01
   1.0882904e+07   3.3630371e+01
   1.0937262e+07   3.1982422e+01
   1.0943381e+07   3.1738281e+01
   1.0943584e+07   3.3081055e+01
   1.0943661e+07   3.5034180e+01
   1.0943756e+07   3.4240723e+01
   1.0944770e+07   3.1616211e+01
   1.0945770e+07   3.2592773e+01
   1.0975845e+07   3.4057617e+01
   1.1044947e+07   3.3935547e+01
   1.1071672e+07   3.3569336e+01
   1.1071697e+07   3.6926270e+01
   1.1071787e+07   3.3935547e+01
   1.1071849e+07   3.2897949e+01
   1.1071935e+07   3.8085938e+01
   1.1074673e+07   3.3447266e+01
   1.1105526e+07   3.4912109e+01
   1.1213231e+07   3.3264160e+01
   1.1213375e+07   3.3203125e+01
   1.1213475e+07   3.3386230e+01
   1.1213861e+07   3.7109375e+01
   1.1213897e+07   3.1921387e+01
   1.1214035e+07   3.2226562e+01
   1.1217054e+07   3.1677246e+01
   1.1221063e+07   4.0222168e+01
   1.1231438e+07   3.2043457e+01
   1.1322638e+07   3.2043457e+01
   1.1322782e+07   3.2592773e+01
   1.1323338e+07   3.3630371e+01
   1.1323394e+07   3.3386230e+01
   1.1323670e+07   3.3203125e+01
   1.1323749e+07   3.1982422e+01
   1.1323943e+07   3.3020020e+01
   1.1324199e+07   3.4790039e+01
   1.1343115e+07   3.3996582e+01
   1.1383958e+07   3.2043457e+01
   1.1452611e+07   3.8635254e+01
   1.1452764e+07   3.4973145e+01
   1.1452871e+07   3.1616211e+01
   1.1453022e+07   3.8391113e+01
   1.1631316e+07   3.2409668e+01
   1.1721647e+07   3.8391113e+01
   1.1721756e+07   3.3203125e+01
   1.1721854e+07   3.3264160e+01
   1.1721892e+07   3.3935547e+01
   1.1721993e+07   3.2043457e+01
   1.1722060e+07   3.6804199e+01
   1.1722481e+07   3.3264160e+01
   1.1735231e+07   3.2836914e+01
   1.1742174e+07   3.6376953e+01
   1.1746268e+07   3.1677246e+01
   1.1747472e+07   3.7536621e+01
   1.1757232e+07   3.2226562e+01
   1.1792131e+07   3.1555176e+01
   1.1825778e+07   3.2592773e+01
   1.1841323e+07   3.1616211e+01
   1.1844630e+07   3.3386230e+01
   1.1853448e+07   3.7719727e+01
   1.1873096e+07   3.5400391e+01
   1.1873182e+07   3.1860352e+01
   1.1873645e+07   3.4301758e+01
   1.1873713e+07   3.5705566e+01
   1.1875176e+07   3.5949707e+01
   1.1875684e+07   4.1503906e+01
   1.1902678e+07   3.2043457e+01
   1.1913793e+07   3.3630371e+01
   1.1928536e+07   3.3020020e+01
   1.1933710e+07   3.2348633e+01
   1.1935744e+07   3.5095215e+01
