   1.1996000e+07   0.0000000e+00
   1.1693000e+05   6.3293457e+01
   1.1696100e+05   3.1860352e+01
   1.1699100e+05   3.4362793e+01
   1.1702200e+05   4.8522949e+01
   1.1706100e+05   3.5095215e+01
   1.1707700e+05   3.5583496e+01
   1.1710900e+05   3.1677246e+01
   1.1714000e+05   7.0373535e+01
   1.1715500e+05   3.2531738e+01
   1.1717900e+05   3.4729004e+01
   1.1719300e+05   2.8869629e+01
   1.1722900e+05   2.8259277e+01
   1.1725400e+05   4.0649414e+01
   1.1726900e+05   3.0029297e+01
   1.1730700e+05   4.4250488e+01
   1.1733100e+05   3.3691406e+01
   1.1737700e+05   3.5034180e+01
   1.1741400e+05   3.2043457e+01
   1.1742800e+05   2.9357910e+01
   1.1747000e+05   2.8015137e+01
   1.1748200e+05   3.2897949e+01
   1.1759100e+05   2.8686523e+01
   1.1760900e+05   2.8381348e+01
   1.1764100e+05   2.9479980e+01
   1.1774900e+05   2.8198242e+01
   1.1794400e+05   2.8503418e+01
   1.1805200e+05   3.0090332e+01
   1.1818000e+05   2.8869629e+01
   1.1832900e+05   3.7780762e+01
   1.1836300e+05   2.9052734e+01
   1.1839400e+05   2.9113770e+01
   1.1842000e+05   3.2104492e+01
   1.1860500e+05   3.0151367e+01
   1.1863200e+05   4.6020508e+01
   1.1866300e+05   2.8137207e+01
   1.1869200e+05   2.8808594e+01
   1.1887100e+05   3.0578613e+01
   1.1889500e+05   4.9011230e+01
   1.1906500e+05   2.9052734e+01
   1.1931900e+05   5.2307129e+01
   1.2109100e+05   2.9785156e+01
   1.2414400e+05   2.8991699e+01
   1.8148400e+05   2.8137207e+01
   2.0477300e+05   6.6162109e+01
   2.0500500e+05   3.2592773e+01
   2.0503300e+05   3.1433105e+01
   2.0510400e+05   3.2470703e+01
   2.0514700e+05   4.9865723e+01
   2.0519700e+05   3.5705566e+01
   2.0522600e+05   3.1738281e+01
   2.0527500e+05   2.9602051e+01
   2.0528900e+05   5.1330566e+01
   2.0532000e+05   3.6437988e+01
   2.0533400e+05   3.8696289e+01
   2.0535700e+05   2.8747559e+01
   2.0539600e+05   3.2836914e+01
   2.0542400e+05   3.3203125e+01
   2.0543900e+05   3.4912109e+01
   2.0549300e+05   3.2531738e+01
   2.0552500e+05   3.5461426e+01
   2.0559700e+05   2.8137207e+01
   2.0566400e+05   3.5095215e+01
   2.0569200e+05   2.8625488e+01
   2.0572900e+05   3.2226562e+01
   2.0578000e+05   2.8381348e+01
   2.0586400e+05   2.8869629e+01
   2.0588900e+05   2.8564453e+01
   2.0597500e+05   2.8625488e+01
   2.0603000e+05   3.2836914e+01
   2.0640900e+05   2.8137207e+01
   2.0650800e+05   3.5583496e+01
   2.0668600e+05   4.0710449e+01
   2.0676500e+05   3.7963867e+01
   2.0685400e+05   3.1677246e+01
   2.0696000e+05   3.2043457e+01
   2.0722600e+05   3.8574219e+01
   2.0724200e+05   2.8015137e+01
   2.0737300e+05   3.5949707e+01
   2.0758600e+05   3.0151367e+01
   2.0759800e+05   4.2358398e+01
   2.0787900e+05   2.8625488e+01
   2.0792100e+05   3.0273438e+01
   2.9483100e+05   2.8808594e+01
   3.0187400e+05   2.8930664e+01
   3.3541900e+05   3.0456543e+01
   3.4301000e+05   5.5236816e+01
   3.4303000e+05   3.8696289e+01
   3.4305000e+05   3.5278320e+01
   3.4307900e+05   3.6682129e+01
   3.4311000e+05   3.8269043e+01
   3.4313400e+05   7.1411133e+01
   3.4314900e+05   2.9907227e+01
   3.4316100e+05   2.9724121e+01
   3.4319200e+05   5.6152344e+01
   3.4325700e+05   3.4301758e+01
   3.4327300e+05   5.5297852e+01
   3.4330800e+05   3.5827637e+01
   3.4334300e+05   2.9602051e+01
   3.4336100e+05   2.9235840e+01
   3.4340700e+05   4.4006348e+01
   3.4344400e+05   3.3935547e+01
   3.4348000e+05   3.9794922e+01
   3.4352000e+05   3.5644531e+01
   3.4355700e+05   3.2897949e+01
   3.4359300e+05   2.8625488e+01
   3.4361300e+05   3.0822754e+01
   3.4365100e+05   3.2836914e+01
   3.4368200e+05   3.3935547e+01
   3.4372000e+05   3.3691406e+01
   3.4391600e+05   2.8564453e+01
   3.4407700e+05   2.9541016e+01
   3.4456500e+05   2.8442383e+01
   3.4484400e+05   3.0578613e+01
   3.4489900e+05   2.9174805e+01
   3.4494100e+05   3.7475586e+01
   3.4513600e+05   3.0578613e+01
   3.4529100e+05   3.5400391e+01
   3.4536800e+05   5.4382324e+01
   3.4602900e+05   3.0212402e+01
   3.4609700e+05   2.8991699e+01
   3.4643900e+05   3.1433105e+01
   4.3318700e+05   2.8991699e+01
   5.6398600e+05   3.6865234e+01
   5.6403300e+05   2.9296875e+01
   5.6404700e+05   6.8115234e+01
   5.6407700e+05   2.9174805e+01
   5.6410500e+05   2.9785156e+01
   5.6415300e+05   4.5043945e+01
   5.6416400e+05   4.0222168e+01
   5.6421800e+05   2.8015137e+01
   5.6427800e+05   5.0842285e+01
   5.6432000e+05   3.0456543e+01
   5.6436400e+05   2.8686523e+01
   5.6438500e+05   4.2419434e+01
   5.6442200e+05   3.0822754e+01
   5.6447000e+05   2.8320312e+01
   5.6450900e+05   3.8696289e+01
   5.6454100e+05   2.9724121e+01
   5.6469600e+05   2.9724121e+01
   5.6471000e+05   2.9357910e+01
   5.6487800e+05   2.8198242e+01
   5.6559900e+05   3.3508301e+01
   5.6585900e+05   5.4809570e+01
   5.6622600e+05   3.3752441e+01
   5.6623900e+05   3.5461426e+01
   5.6629800e+05   3.6987305e+01
   5.6635800e+05   3.9062500e+01
   5.6642000e+05   2.9663086e+01
   5.6643500e+05   3.3142090e+01
   5.6669700e+05   2.8564453e+01
   5.6685800e+05   3.5156250e+01
   5.6690500e+05   2.8381348e+01
   5.6695800e+05   3.1982422e+01
   5.7187500e+05   3.1188965e+01
   7.3541200e+05   2.9174805e+01
   7.5424200e+05   2.8686523e+01
   7.5432000e+05   3.1738281e+01
   7.5442100e+05   5.8837891e+01
   7.5444300e+05   3.5949707e+01
   7.5446000e+05   5.4199219e+01
   7.5447600e+05   4.3945312e+01
   7.5450300e+05   3.3996582e+01
   7.5453000e+05   3.2897949e+01
   7.5454200e+05   3.7353516e+01
   7.5456700e+05   5.2062988e+01
   7.5459400e+05   3.0944824e+01
   7.5469100e+05   4.2053223e+01
   7.5470100e+05   3.9062500e+01
   7.5471800e+05   5.1025391e+01
   7.5475300e+05   3.5705566e+01
   7.5483200e+05   2.9479980e+01
   7.5484200e+05   3.1982422e+01
   7.5486000e+05   2.8869629e+01
   7.5489700e+05   4.6875000e+01
   7.5491700e+05   2.8015137e+01
   7.5494600e+05   2.8137207e+01
   7.5506500e+05   3.5766602e+01
   7.5509300e+05   3.2531738e+01
   7.5517100e+05   3.5766602e+01
   7.5546000e+05   2.9235840e+01
   7.5550400e+05   3.7475586e+01
   7.5632200e+05   3.6865234e+01
   7.5649300e+05   2.8686523e+01
   7.5660200e+05   4.0283203e+01
   7.5674700e+05   2.8991699e+01
   7.5690100e+05   3.3447266e+01
   7.5702700e+05   3.1250000e+01
   7.5708100e+05   3.4729004e+01
   7.5763200e+05   2.8686523e+01
   7.5775200e+05   2.8503418e+01
   7.5782100e+05   3.1127930e+01
   7.5799400e+05   2.9174805e+01
   7.5842800e+05   3.5644531e+01
   7.8167300e+05   2.8686523e+01
   8.2473500e+05   2.9846191e+01
   8.3574500e+05   2.9113770e+01
   8.3577900e+05   2.8137207e+01
   8.3580700e+05   3.5278320e+01
   8.3583800e+05   3.5156250e+01
   8.3591900e+05   5.9875488e+01
   8.3600100e+05   4.2907715e+01
   8.3607500e+05   3.3874512e+01
   8.3614000e+05   3.8635254e+01
   8.3615700e+05   3.0883789e+01
   8.3625100e+05   3.1799316e+01
   8.3627700e+05   5.2490234e+01
   8.3639900e+05   3.9489746e+01
   8.3644900e+05   3.0456543e+01
   8.3650100e+05   3.0578613e+01
   8.3654600e+05   3.1677246e+01
   8.3659400e+05   3.0517578e+01
   8.3663400e+05   2.9113770e+01
   8.3669700e+05   2.8869629e+01
   8.3674400e+05   3.5705566e+01
   8.3685000e+05   3.4851074e+01
   8.3688100e+05   2.9846191e+01
   8.3692500e+05   3.0395508e+01
   8.3698300e+05   2.8381348e+01
   8.3713100e+05   2.8137207e+01
   8.3725000e+05   3.1494141e+01
   8.3765100e+05   2.9541016e+01
   8.3769500e+05   2.8625488e+01
   8.3776300e+05   2.9907227e+01
   8.3793600e+05   3.1311035e+01
   8.3842000e+05   2.8503418e+01
   8.3866200e+05   2.8137207e+01
   8.3867800e+05   2.8076172e+01
   8.3875700e+05   4.1381836e+01
   8.3977400e+05   3.0090332e+01
   9.1410600e+05   2.8076172e+01
   9.2103100e+05   3.0273438e+01
   9.2105200e+05   5.9692383e+01
   9.2109700e+05   3.3996582e+01
   9.2115300e+05   5.6823730e+01
   9.2117700e+05   3.3203125e+01
   9.2119500e+05   2.8930664e+01
   9.2121300e+05   3.4912109e+01
   9.2124200e+05   3.8024902e+01
   9.2127200e+05   5.4565430e+01
   9.2133000e+05   2.8503418e+01
   9.2136900e+05   3.5217285e+01
   9.2140400e+05   2.8503418e+01
   9.2141500e+05   4.4189453e+01
   9.2150500e+05   4.0771484e+01
   9.2157600e+05   2.9174805e+01
   9.2166100e+05   2.8259277e+01
   9.2179800e+05   3.1005859e+01
   9.2186200e+05   3.4790039e+01
   9.2192000e+05   3.2287598e+01
   9.2201400e+05   3.4301758e+01
   9.2210900e+05   3.6437988e+01
   9.2221200e+05   2.9541016e+01
   9.2260000e+05   3.3874512e+01
   9.2312900e+05   4.1137695e+01
   9.2320800e+05   2.8686523e+01
   9.2334800e+05   3.0456543e+01
   9.2340300e+05   3.1677246e+01
   9.2360000e+05   3.9184570e+01
   9.2379500e+05   3.4057617e+01
   9.2425600e+05   3.4179688e+01
   9.2450600e+05   2.9846191e+01
   9.2472700e+05   4.5288086e+01
   9.2478900e+05   2.9357910e+01
   9.3588000e+05   2.8137207e+01
   9.4452800e+05   2.8320312e+01
   9.7602300e+05   3.1738281e+01
   1.0257300e+06   2.8991699e+01
   1.0534230e+06   2.9846191e+01
   1.1179660e+06   3.2165527e+01
   1.1267160e+06   2.8991699e+01
   1.1298950e+06   2.8747559e+01
   1.1504800e+06   2.8625488e+01
   1.2264560e+06   4.3212891e+01
   1.2264780e+06   5.7678223e+01
   1.2265390e+06   6.9580078e+01
   1.2265870e+06   2.9052734e+01
   1.2266040e+06   2.9418945e+01
   1.2266430e+06   3.9733887e+01
   1.2267110e+06   3.0029297e+01
   1.2267480e+06   3.6621094e+01
   1.2267780e+06   4.2114258e+01
   1.2268340e+06   3.3020020e+01
   1.2268700e+06   3.0517578e+01
   1.2268820e+06   3.0883789e+01
   1.2269100e+06   3.1311035e+01
   1.2269330e+06   3.1250000e+01
   1.2270020e+06   2.8137207e+01
   1.2270720e+06   2.9235840e+01
   1.2271250e+06   2.8320312e+01
   1.2271860e+06   2.9052734e+01
   1.2275220e+06   2.8137207e+01
   1.2279620e+06   2.9602051e+01
   1.2279730e+06   2.8747559e+01
   1.2281040e+06   2.8198242e+01
   1.2283160e+06   2.8259277e+01
   1.2284130e+06   3.6499023e+01
   1.2284280e+06   2.9907227e+01
   1.2284830e+06   3.1005859e+01
   1.2285510e+06   2.8869629e+01
   1.2286920e+06   3.2409668e+01
   1.2287140e+06   2.9907227e+01
   1.2288880e+06   3.2958984e+01
   1.2290910e+06   3.0639648e+01
   1.2292000e+06   3.9978027e+01
   1.2294460e+06   3.1616211e+01
   1.2313860e+06   2.8198242e+01
   1.2724280e+06   2.8503418e+01
   1.3173180e+06   2.8564453e+01
   1.3280420e+06   2.9785156e+01
   1.3432040e+06   2.9113770e+01
   1.3471580e+06   4.3090820e+01
   1.3472080e+06   5.7189941e+01
   1.3472460e+06   2.8686523e+01
   1.3472850e+06   4.1015625e+01
   1.3473080e+06   5.0354004e+01
   1.3473590e+06   4.6630859e+01
   1.3474000e+06   3.6804199e+01
   1.3474280e+06   3.6621094e+01
   1.3474630e+06   3.6010742e+01
   1.3475060e+06   3.0334473e+01
   1.3475200e+06   3.4545898e+01
   1.3475960e+06   4.7485352e+01
   1.3476080e+06   3.8574219e+01
   1.3476320e+06   2.9296875e+01
   1.3476880e+06   3.1188965e+01
   1.3477040e+06   3.1616211e+01
   1.3477400e+06   4.3212891e+01
   1.3477620e+06   2.9846191e+01
   1.3478090e+06   2.9724121e+01
   1.3478590e+06   2.9113770e+01
   1.3478960e+06   2.8259277e+01
   1.3479810e+06   3.2348633e+01
   1.3480770e+06   2.9113770e+01
   1.3483590e+06   3.5888672e+01
   1.3484750e+06   2.9785156e+01
   1.3484920e+06   3.0700684e+01
   1.3487280e+06   3.2226562e+01
   1.3490100e+06   3.2470703e+01
   1.3490200e+06   3.0273438e+01
   1.3491140e+06   2.9357910e+01
   1.3492900e+06   2.8991699e+01
   1.3494720e+06   3.3813477e+01
   1.3496200e+06   3.1677246e+01
   1.3497750e+06   3.5217285e+01
   1.3498050e+06   2.9541016e+01
   1.3499650e+06   2.8808594e+01
   1.3504540e+06   2.9052734e+01
   1.3506380e+06   3.4301758e+01
   1.3512850e+06   4.8461914e+01
   1.3535550e+06   2.9113770e+01
   1.4415740e+06   2.8381348e+01
   1.4416500e+06   6.8054199e+01
   1.4416720e+06   2.9724121e+01
   1.4417150e+06   5.9875488e+01
   1.4417260e+06   2.8747559e+01
   1.4417710e+06   3.3203125e+01
   1.4418060e+06   3.8879395e+01
   1.4418370e+06   2.9724121e+01
   1.4418520e+06   3.4423828e+01
   1.4418880e+06   3.0273438e+01
   1.4419250e+06   5.2978516e+01
   1.4419960e+06   5.1086426e+01
   1.4420120e+06   4.1076660e+01
   1.4420960e+06   4.1381836e+01
   1.4421060e+06   3.6376953e+01
   1.4421420e+06   2.8076172e+01
   1.4421780e+06   2.8320312e+01
   1.4422950e+06   3.0395508e+01
   1.4423410e+06   3.0883789e+01
   1.4423820e+06   3.2836914e+01
   1.4424340e+06   4.0710449e+01
   1.4425740e+06   3.4545898e+01
   1.4426040e+06   3.0212402e+01
   1.4426440e+06   3.0395508e+01
   1.4427460e+06   2.8930664e+01
   1.4429830e+06   3.0944824e+01
   1.4433010e+06   3.9306641e+01
   1.4433240e+06   3.2592773e+01
   1.4433570e+06   2.8076172e+01
   1.4436110e+06   4.0466309e+01
   1.4440480e+06   2.9113770e+01
   1.4441780e+06   3.0639648e+01
   1.4444090e+06   2.9541016e+01
   1.4447210e+06   2.9174805e+01
   1.4449670e+06   2.9113770e+01
   1.4452600e+06   3.2348633e+01
   1.4454620e+06   3.4667969e+01
   1.4457010e+06   3.0212402e+01
   1.4468360e+06   3.1250000e+01
   1.4666530e+06   2.8198242e+01
   1.5134880e+06   2.8076172e+01
   1.5780090e+06   2.9907227e+01
   1.6494450e+06   6.0180664e+01
   1.6495130e+06   5.9509277e+01
   1.6495550e+06   4.5837402e+01
   1.6495710e+06   4.0283203e+01
   1.6495960e+06   3.2409668e+01
   1.6496060e+06   4.0893555e+01
   1.6496510e+06   3.3264160e+01
   1.6497090e+06   3.0273438e+01
   1.6497200e+06   6.1157227e+01
   1.6497510e+06   4.6508789e+01
   1.6497720e+06   2.9785156e+01
   1.6497880e+06   4.3395996e+01
   1.6497980e+06   3.1738281e+01
   1.6498650e+06   3.9001465e+01
   1.6498850e+06   3.5461426e+01
   1.6499270e+06   4.4860840e+01
   1.6499660e+06   3.0151367e+01
   1.6500120e+06   3.3813477e+01
   1.6500800e+06   2.9174805e+01
   1.6501550e+06   2.9052734e+01
   1.6502270e+06   2.8991699e+01
   1.6508200e+06   2.8198242e+01
   1.6509090e+06   3.4667969e+01
   1.6510370e+06   2.9602051e+01
   1.6510610e+06   4.3212891e+01
   1.6512290e+06   2.8869629e+01
   1.6514130e+06   5.7189941e+01
   1.6515130e+06   2.8259277e+01
   1.6515890e+06   2.8381348e+01
   1.6516240e+06   2.8015137e+01
   1.6516490e+06   3.1372070e+01
   1.6517250e+06   3.1250000e+01
   1.6517770e+06   2.8198242e+01
   1.6518140e+06   3.6010742e+01
   1.6519800e+06   2.8503418e+01
   1.6520720e+06   4.3579102e+01
   1.6521430e+06   2.9479980e+01
   1.6524360e+06   2.8015137e+01
   1.6528500e+06   3.2958984e+01
   1.6535600e+06   2.8564453e+01
   1.6775360e+06   4.8461914e+01
   1.6776740e+06   3.1311035e+01
   1.6777610e+06   4.8217773e+01
   1.6778020e+06   3.4667969e+01
   1.6778240e+06   3.4606934e+01
   1.6778580e+06   4.0039063e+01
   1.6779400e+06   2.9846191e+01
   1.6779550e+06   3.3325195e+01
   1.6780030e+06   6.1706543e+01
   1.6780150e+06   2.8503418e+01
   1.6780620e+06   3.0090332e+01
   1.6781180e+06   2.8564453e+01
   1.6781290e+06   3.1738281e+01
   1.6781650e+06   3.0334473e+01
   1.6781940e+06   2.8991699e+01
   1.6782160e+06   3.6499023e+01
   1.6783430e+06   3.3447266e+01
   1.6783740e+06   4.5898438e+01
   1.6784130e+06   3.1188965e+01
   1.6784780e+06   3.7719727e+01
   1.6784920e+06   2.8503418e+01
   1.6785240e+06   3.3325195e+01
   1.6785490e+06   3.0639648e+01
   1.6786040e+06   2.8747559e+01
   1.6786820e+06   3.1127930e+01
   1.6789810e+06   3.1982422e+01
   1.6792430e+06   3.1250000e+01
   1.6795290e+06   2.9479980e+01
   1.6799660e+06   3.3813477e+01
   1.6799850e+06   3.1127930e+01
   1.6802830e+06   3.4851074e+01
   1.6805250e+06   3.0822754e+01
   1.6813750e+06   2.8381348e+01
   1.7373630e+06   3.2714844e+01
   1.8036840e+06   2.9785156e+01
   1.8059910e+06   3.1066895e+01
   1.8223450e+06   2.9418945e+01
   1.8539200e+06   7.3120117e+01
   1.8539520e+06   2.8503418e+01
   1.8539850e+06   6.0852051e+01
   1.8540190e+06   2.8259277e+01
   1.8540440e+06   3.6682129e+01
   1.8540800e+06   4.7119141e+01
   1.8541480e+06   5.4260254e+01
   1.8541660e+06   3.8330078e+01
   1.8541920e+06   4.8400879e+01
   1.8542440e+06   3.2836914e+01
   1.8543220e+06   6.7993164e+01
   1.8543470e+06   3.2409668e+01
   1.8544170e+06   2.9357910e+01
   1.8544340e+06   3.2043457e+01
   1.8544890e+06   2.8137207e+01
   1.8555320e+06   3.0395508e+01
   1.8555490e+06   3.5888672e+01
   1.8558870e+06   3.9794922e+01
   1.8561060e+06   3.0700684e+01
   1.8563560e+06   3.0761719e+01
   1.8566150e+06   2.8991699e+01
   1.8567730e+06   3.2653809e+01
   1.8571610e+06   3.3935547e+01
   1.8574950e+06   3.0761719e+01
   1.9686710e+06   2.8076172e+01
   1.9734760e+06   3.1005859e+01
   1.9805190e+06   5.3649902e+01
   1.9805300e+06   4.3029785e+01
   1.9805980e+06   7.0312500e+01
   1.9806470e+06   2.8259277e+01
   1.9807040e+06   2.8442383e+01
   1.9807400e+06   6.8847656e+01
   1.9807510e+06   6.1523438e+01
   1.9807750e+06   5.4138184e+01
   1.9808040e+06   3.9916992e+01
   1.9808170e+06   2.9663086e+01
   1.9808450e+06   3.3203125e+01
   1.9808970e+06   4.0832520e+01
   1.9809150e+06   3.1372070e+01
   1.9810240e+06   3.6010742e+01
   1.9810480e+06   3.1250000e+01
   1.9810750e+06   3.1005859e+01
   1.9811450e+06   2.9357910e+01
   1.9812150e+06   3.2287598e+01
   1.9812980e+06   3.2897949e+01
   1.9813230e+06   2.8381348e+01
   1.9815860e+06   2.8320312e+01
   1.9820540e+06   2.9479980e+01
   1.9822120e+06   4.5776367e+01
   1.9822760e+06   2.8198242e+01
   1.9824130e+06   2.8198242e+01
   1.9824710e+06   4.0283203e+01
   1.9826300e+06   2.9418945e+01
   1.9826970e+06   3.0944824e+01
   1.9827280e+06   4.2419434e+01
   1.9832550e+06   3.4606934e+01
   1.9833730e+06   3.2775879e+01
   1.9837880e+06   2.8686523e+01
   1.9841080e+06   2.8503418e+01
   1.9842160e+06   3.3081055e+01
   1.9846580e+06   2.8137207e+01
   1.9868240e+06   2.8930664e+01
   2.0171910e+06   2.8625488e+01
   2.0407300e+06   2.8625488e+01
   2.0506890e+06   2.9785156e+01
   2.0507580e+06   3.6499023e+01
   2.0507760e+06   6.0302734e+01
   2.0508320e+06   4.1442871e+01
   2.0508720e+06   4.4860840e+01
   2.0509030e+06   4.0710449e+01
   2.0509130e+06   3.3020020e+01
   2.0509610e+06   3.4545898e+01
   2.0509820e+06   2.8625488e+01
   2.0510120e+06   3.0395508e+01
   2.0510440e+06   3.0883789e+01
   2.0510730e+06   3.0517578e+01
   2.0511030e+06   3.0761719e+01
   2.0511380e+06   3.1921387e+01
   2.0511640e+06   2.9541016e+01
   2.0511850e+06   3.0029297e+01
   2.0512760e+06   3.2775879e+01
   2.0513460e+06   3.8635254e+01
   2.0513720e+06   3.0761719e+01
   2.0514870e+06   4.1015625e+01
   2.0515680e+06   3.1372070e+01
   2.0516010e+06   3.1677246e+01
   2.0516560e+06   3.2165527e+01
   2.0518160e+06   3.0029297e+01
   2.0519140e+06   2.8442383e+01
   2.0522610e+06   3.5400391e+01
   2.0523200e+06   3.0578613e+01
   2.0525040e+06   3.1127930e+01
   2.0526370e+06   2.8869629e+01
   2.0528530e+06   3.1127930e+01
   2.0529280e+06   3.1127930e+01
   2.0531540e+06   3.4790039e+01
   2.0533350e+06   2.8259277e+01
   2.0536330e+06   2.9174805e+01
   2.0538070e+06   3.2165527e+01
   2.0542110e+06   3.1738281e+01
   2.0545180e+06   3.6437988e+01
   2.0547110e+06   2.9113770e+01
   2.0549000e+06   2.8198242e+01
   2.0549230e+06   2.8564453e+01
   2.0550780e+06   2.8259277e+01
   2.1017450e+06   2.8320312e+01
   2.1751190e+06   2.8137207e+01
   2.2148710e+06   2.8625488e+01
   2.2973160e+06   3.5949707e+01
   2.2973260e+06   3.9855957e+01
   2.2973810e+06   2.8320313e+01
   2.2974300e+06   3.0029297e+01
   2.2974580e+06   3.2104492e+01
   2.2974740e+06   3.1799316e+01
   2.2974970e+06   2.8869629e+01
   2.2975360e+06   3.0639648e+01
   2.2975510e+06   7.2021484e+01
   2.2975850e+06   4.0344238e+01
   2.2975990e+06   3.9733887e+01
   2.2976530e+06   3.3020020e+01
   2.2977000e+06   3.0029297e+01
   2.2977340e+06   5.1208496e+01
   2.2977600e+06   3.2470703e+01
   2.2978350e+06   3.1005859e+01
   2.2978750e+06   2.8503418e+01
   2.2980570e+06   2.9602051e+01
   2.2982820e+06   2.9602051e+01
   2.2983480e+06   2.8808594e+01
   2.2988440e+06   2.9907227e+01
   2.2988740e+06   4.5654297e+01
   2.2990540e+06   3.0700684e+01
   2.2993040e+06   2.8808594e+01
   2.2993490e+06   4.6081543e+01
   2.2993810e+06   2.9663086e+01
   2.2996620e+06   2.9418945e+01
   2.2997300e+06   4.4982910e+01
   2.3003310e+06   2.8930664e+01
   2.3006060e+06   2.9052734e+01
   2.3009330e+06   2.9602051e+01
   2.3047730e+06   3.7353516e+01
   2.3262190e+06   2.8442383e+01
   2.3910060e+06   4.3212891e+01
   2.3910400e+06   3.2348633e+01
   2.3910710e+06   6.1645508e+01
   2.3910970e+06   3.9001465e+01
   2.3911850e+06   4.8461914e+01
   2.3911950e+06   4.0161133e+01
   2.3912050e+06   4.7180176e+01
   2.3912210e+06   3.2775879e+01
   2.3912390e+06   2.9296875e+01
   2.3912760e+06   2.9479980e+01
   2.3913030e+06   2.9174805e+01
   2.3913180e+06   3.5278320e+01
   2.3913500e+06   3.6865234e+01
   2.3914770e+06   3.1250000e+01
   2.3915030e+06   3.4362793e+01
   2.3915370e+06   3.0151367e+01
   2.3915740e+06   3.3996582e+01
   2.3916750e+06   3.1738281e+01
   2.3917470e+06   2.9174805e+01
   2.3918500e+06   3.2226562e+01
   2.3920090e+06   2.8442383e+01
   2.3922630e+06   2.9174805e+01
   2.3923910e+06   2.9052734e+01
   2.3925810e+06   3.2958984e+01
   2.3926160e+06   2.8015137e+01
   2.3927380e+06   3.4423828e+01
   2.3929140e+06   2.9907227e+01
   2.3929780e+06   3.3386230e+01
   2.3930240e+06   3.2775879e+01
   2.3932000e+06   2.8198242e+01
   2.3933920e+06   2.8503418e+01
   2.3936590e+06   3.1127930e+01
   2.3936780e+06   3.2165527e+01
   2.3937840e+06   3.0273438e+01
   2.3941840e+06   3.3447266e+01
   2.3942500e+06   2.9113770e+01
   2.3945540e+06   3.5278320e+01
   2.3947960e+06   2.9907227e+01
   2.3955260e+06   2.9418945e+01
   2.3961050e+06   2.9418945e+01
   2.4551050e+06   6.3415527e+01
   2.4551560e+06   3.1066895e+01
   2.4552210e+06   5.9082031e+01
   2.4552440e+06   3.8391113e+01
   2.4553010e+06   2.8991699e+01
   2.4553180e+06   4.3518066e+01
   2.4553330e+06   5.6396484e+01
   2.4553970e+06   3.0090332e+01
   2.4554240e+06   3.1066895e+01
   2.4554390e+06   4.1687012e+01
   2.4554500e+06   5.2307129e+01
   2.4555150e+06   3.0944824e+01
   2.4555470e+06   2.8381348e+01
   2.4555840e+06   3.2470703e+01
   2.4556000e+06   2.9663086e+01
   2.4556760e+06   3.2165527e+01
   2.4557300e+06   3.0212402e+01
   2.4557760e+06   3.1066895e+01
   2.4557960e+06   2.8869629e+01
   2.4558600e+06   4.0466309e+01
   2.4558900e+06   3.3203125e+01
   2.4559100e+06   2.9846191e+01
   2.4559720e+06   3.0334473e+01
   2.4559970e+06   3.0395508e+01
   2.4560620e+06   2.8808594e+01
   2.4561010e+06   2.9174805e+01
   2.4562300e+06   3.3386230e+01
   2.4562520e+06   2.8503418e+01
   2.4563360e+06   3.5522461e+01
   2.4565410e+06   2.9846191e+01
   2.4572800e+06   2.8442383e+01
   2.4578010e+06   3.3874512e+01
   2.4579620e+06   2.8808594e+01
   2.4580290e+06   3.1005859e+01
   2.4583040e+06   3.0090332e+01
   2.4589310e+06   4.2907715e+01
   2.4593910e+06   3.0090332e+01
   2.5534150e+06   2.8564453e+01
   2.6054380e+06   2.9357910e+01
   2.6055720e+06   4.7546387e+01
   2.6056300e+06   2.8869629e+01
   2.6056560e+06   6.3842773e+01
   2.6056870e+06   4.2785645e+01
   2.6057030e+06   7.5744629e+01
   2.6058050e+06   2.8259277e+01
   2.6058540e+06   5.9509277e+01
   2.6058720e+06   3.5156250e+01
   2.6059100e+06   2.8137207e+01
   2.6060060e+06   3.6499023e+01
   2.6060250e+06   2.8991699e+01
   2.6060380e+06   3.0090332e+01
   2.6060490e+06   3.0151367e+01
   2.6060960e+06   2.8991699e+01
   2.6061090e+06   4.6325684e+01
   2.6061310e+06   3.0822754e+01
   2.6061620e+06   2.9541016e+01
   2.6061840e+06   2.9357910e+01
   2.6062460e+06   3.8085938e+01
   2.6064190e+06   3.1188965e+01
   2.6065230e+06   2.8381348e+01
   2.6066900e+06   3.0029297e+01
   2.6070960e+06   4.0222168e+01
   2.6074840e+06   2.9663086e+01
   2.6076180e+06   4.8156738e+01
   2.6078830e+06   3.6071777e+01
   2.6079780e+06   3.0151367e+01
   2.6080020e+06   2.9846191e+01
   2.6082570e+06   3.1494141e+01
   2.6089030e+06   2.8503418e+01
   2.6094610e+06   3.1066895e+01
   2.6097060e+06   2.9418945e+01
   2.7346540e+06   5.4626465e+01
   2.7347000e+06   4.2175293e+01
   2.7347220e+06   3.4179688e+01
   2.7347730e+06   5.7373047e+01
   2.7347880e+06   3.5400391e+01
   2.7348160e+06   5.4687500e+01
   2.7348440e+06   3.8940430e+01
   2.7349020e+06   4.7729492e+01
   2.7349250e+06   3.9306641e+01
   2.7349590e+06   4.2114258e+01
   2.7349700e+06   4.9926758e+01
   2.7350220e+06   2.8625488e+01
   2.7350350e+06   3.4118652e+01
   2.7350600e+06   3.1188965e+01
   2.7350850e+06   3.7414551e+01
   2.7351400e+06   3.1127930e+01
   2.7352450e+06   3.1433105e+01
   2.7352720e+06   2.8076172e+01
   2.7353290e+06   3.3935547e+01
   2.7354180e+06   2.8808594e+01
   2.7355440e+06   3.1555176e+01
   2.7356120e+06   2.9785156e+01
   2.7356880e+06   2.9235840e+01
   2.7360930e+06   3.0761719e+01
   2.7362910e+06   2.8015137e+01
   2.7363460e+06   4.0588379e+01
   2.7364340e+06   2.9418945e+01
   2.7366140e+06   2.8259277e+01
   2.7366240e+06   2.9479980e+01
   2.7366420e+06   2.8564453e+01
   2.7367030e+06   3.3386230e+01
   2.7369280e+06   3.9672852e+01
   2.7373190e+06   4.5410156e+01
   2.7373690e+06   2.8930664e+01
   2.7374180e+06   3.0517578e+01
   2.7377510e+06   4.0039062e+01
   2.7384350e+06   2.8198242e+01
   2.7384900e+06   3.1921387e+01
   2.7827730e+06   2.8503418e+01
   2.7903150e+06   3.1127930e+01
   2.8108190e+06   5.5175781e+01
   2.8108870e+06   3.2104492e+01
   2.8109880e+06   5.3833008e+01
   2.8109980e+06   4.3212891e+01
   2.8110170e+06   3.8208008e+01
   2.8110310e+06   4.4494629e+01
   2.8110780e+06   3.3447266e+01
   2.8111290e+06   2.9846191e+01
   2.8111970e+06   5.2551270e+01
   2.8112270e+06   4.5837402e+01
   2.8112410e+06   3.5217285e+01
   2.8113720e+06   4.1687012e+01
   2.8114070e+06   4.4677734e+01
   2.8114460e+06   2.9479980e+01
   2.8114710e+06   2.9113770e+01
   2.8114990e+06   2.9846191e+01
   2.8116240e+06   3.3935547e+01
   2.8116690e+06   2.8381348e+01
   2.8117070e+06   2.8015137e+01
   2.8117760e+06   2.9052734e+01
   2.8117980e+06   2.8076172e+01
   2.8118230e+06   2.9174805e+01
   2.8119030e+06   3.8635254e+01
   2.8120480e+06   2.9663086e+01
   2.8121470e+06   3.4912109e+01
   2.8126560e+06   2.9357910e+01
   2.8128010e+06   2.9479980e+01
   2.8129000e+06   3.2043457e+01
   2.8132690e+06   5.7067871e+01
   2.8133330e+06   3.1982422e+01
   2.8134850e+06   2.9357910e+01
   2.8137160e+06   2.9235840e+01
   2.8144780e+06   2.9663086e+01
   2.9252280e+06   5.2246094e+01
   2.9252510e+06   3.6865234e+01
   2.9252620e+06   2.9113770e+01
   2.9253190e+06   4.6813965e+01
   2.9253510e+06   3.4057617e+01
   2.9253710e+06   3.5766602e+01
   2.9254050e+06   2.9541016e+01
   2.9254150e+06   4.7729492e+01
   2.9254370e+06   2.8015137e+01
   2.9254780e+06   5.2856445e+01
   2.9255020e+06   4.1137695e+01
   2.9255210e+06   4.5898438e+01
   2.9255410e+06   3.1433105e+01
   2.9256120e+06   3.5461426e+01
   2.9256990e+06   3.2531738e+01
   2.9257770e+06   3.1677246e+01
   2.9258830e+06   2.9357910e+01
   2.9259460e+06   2.8686523e+01
   2.9260080e+06   3.3020020e+01
   2.9260220e+06   3.3386230e+01
   2.9262050e+06   2.9907227e+01
   2.9262660e+06   3.0273438e+01
   2.9263410e+06   2.9357910e+01
   2.9265620e+06   2.8686523e+01
   2.9267800e+06   3.8879395e+01
   2.9269370e+06   3.2226562e+01
   2.9269890e+06   4.0466309e+01
   2.9271780e+06   4.1625977e+01
   2.9274340e+06   4.0771484e+01
   2.9276980e+06   3.6865234e+01
   2.9277610e+06   2.8686523e+01
   2.9282000e+06   2.8137207e+01
   2.9282660e+06   2.8259277e+01
   3.0024480e+06   2.8503418e+01
   3.1157470e+06   6.6894531e+01
   3.1157810e+06   2.8442383e+01
   3.1158400e+06   3.7902832e+01
   3.1158530e+06   1.1010742e+02
   3.1159120e+06   3.2775879e+01
   3.1159840e+06   3.4362793e+01
   3.1160200e+06   2.9968262e+01
   3.1160890e+06   4.9133301e+01
   3.1161280e+06   3.5949707e+01
   3.1161520e+06   3.2104492e+01
   3.1162100e+06   3.7536621e+01
   3.1162450e+06   3.8024902e+01
   3.1163140e+06   3.5949707e+01
   3.1163920e+06   3.6621094e+01
   3.1166540e+06   3.0334473e+01
   3.1167320e+06   3.3447266e+01
   3.1171450e+06   3.6437988e+01
   3.1177480e+06   4.2053223e+01
   3.1180150e+06   2.9479980e+01
   3.1180810e+06   3.5827637e+01
   3.1182840e+06   3.0151367e+01
   3.1185210e+06   2.8320313e+01
   3.1185590e+06   2.8503418e+01
   3.1279140e+06   3.6804199e+01
   3.1282890e+06   4.0283203e+01
   3.1287430e+06   4.5715332e+01
   3.1287590e+06   3.2836914e+01
   3.1287820e+06   3.4240723e+01
   3.1287980e+06   2.9907227e+01
   3.1288140e+06   3.3447266e+01
   3.1288610e+06   3.5034180e+01
   3.1290850e+06   3.1616211e+01
   3.1292710e+06   2.9174805e+01
   3.1292950e+06   2.8564453e+01
   3.1295480e+06   3.0395508e+01
   3.1302410e+06   3.1188965e+01
   3.2230230e+06   5.8715820e+01
   3.2230540e+06   3.0395508e+01
   3.2230830e+06   3.4545898e+01
   3.2230990e+06   3.2287598e+01
   3.2231490e+06   2.9296875e+01
   3.2231720e+06   2.9846191e+01
   3.2231850e+06   4.7119141e+01
   3.2232060e+06   3.8940430e+01
   3.2232760e+06   3.0090332e+01
   3.2233240e+06   3.5461426e+01
   3.2233400e+06   3.4118652e+01
   3.2234560e+06   4.2053223e+01
   3.2234690e+06   3.5156250e+01
   3.2234970e+06   3.6315918e+01
   3.2235700e+06   3.0822754e+01
   3.2236220e+06   3.2165527e+01
   3.2236670e+06   3.4179688e+01
   3.2237440e+06   3.1311035e+01
   3.2238030e+06   3.2714844e+01
   3.2239330e+06   3.0700684e+01
   3.2240890e+06   2.8686523e+01
   3.2247410e+06   3.5339355e+01
   3.2249330e+06   3.5034180e+01
   3.2249530e+06   4.8645020e+01
   3.2250270e+06   3.0273438e+01
   3.2251670e+06   4.2663574e+01
   3.2251860e+06   2.9235840e+01
   3.2253640e+06   3.3813477e+01
   3.2255630e+06   3.0151367e+01
   3.2256560e+06   3.4851074e+01
   3.2259020e+06   4.0649414e+01
   3.2259780e+06   2.8503418e+01
   3.2268230e+06   2.9113770e+01
   3.2270690e+06   3.0639648e+01
   3.2285180e+06   3.3203125e+01
   3.2482730e+06   2.9663086e+01
   3.2974830e+06   4.9438477e+01
   3.2977270e+06   4.0649414e+01
   3.2977810e+06   3.1677246e+01
   3.2978460e+06   3.4973145e+01
   3.2979020e+06   2.8991699e+01
   3.2979920e+06   3.3874512e+01
   3.2980080e+06   6.3903809e+01
   3.2980620e+06   2.8869629e+01
   3.2981830e+06   3.1250000e+01
   3.2982090e+06   4.7912598e+01
   3.2982360e+06   3.0822754e+01
   3.2982640e+06   3.1433105e+01
   3.2983740e+06   3.7231445e+01
   3.2984340e+06   4.8217773e+01
   3.2985300e+06   3.5400391e+01
   3.2985720e+06   3.1860352e+01
   3.2986130e+06   3.0700684e+01
   3.2986650e+06   3.0029297e+01
   3.2991370e+06   3.7597656e+01
   3.2992250e+06   2.8686523e+01
   3.2995940e+06   3.4301758e+01
   3.2997820e+06   2.9907227e+01
   3.3000200e+06   4.1564941e+01
   3.3000620e+06   3.0578613e+01
   3.3006430e+06   5.2612305e+01
   3.3237460e+06   2.8930664e+01
   3.3387810e+06   2.9113770e+01
   3.3395150e+06   3.0456543e+01
   3.3458280e+06   5.0964355e+01
   3.3460250e+06   3.1066895e+01
   3.3460760e+06   3.7658691e+01
   3.3461030e+06   6.4758301e+01
   3.3461300e+06   3.2653809e+01
   3.3461760e+06   2.9785156e+01
   3.3461990e+06   2.9663086e+01
   3.3462410e+06   3.1005859e+01
   3.3462690e+06   4.4555664e+01
   3.3463030e+06   4.0588379e+01
   3.3463740e+06   3.0456543e+01
   3.3464020e+06   3.0151367e+01
   3.3464120e+06   3.9367676e+01
   3.3464410e+06   2.8503418e+01
   3.3464750e+06   4.4250488e+01
   3.3464850e+06   4.0100098e+01
   3.3465350e+06   3.4851074e+01
   3.3465480e+06   3.3630371e+01
   3.3466810e+06   3.6254883e+01
   3.3467020e+06   3.8757324e+01
   3.3467160e+06   3.0517578e+01
   3.3468170e+06   3.1311035e+01
   3.3468650e+06   3.6193848e+01
   3.3470180e+06   3.4545898e+01
   3.3471400e+06   3.8635254e+01
   3.3471910e+06   2.9296875e+01
   3.3473130e+06   3.0883789e+01
   3.3473530e+06   2.9357910e+01
   3.3474450e+06   3.0090332e+01
   3.3475080e+06   2.9541016e+01
   3.3477160e+06   3.9855957e+01
   3.3482570e+06   2.8442383e+01
   3.3485610e+06   2.8686523e+01
   3.3486940e+06   2.8808594e+01
   3.3491080e+06   2.9052734e+01
   3.3496470e+06   2.9052734e+01
   3.3839090e+06   2.8381348e+01
   3.4000020e+06   5.6518555e+01
   3.4002490e+06   2.9357910e+01
   3.4003090e+06   5.1208496e+01
   3.4004220e+06   3.1799316e+01
   3.4004620e+06   2.9907227e+01
   3.4005550e+06   2.8808594e+01
   3.4006800e+06   3.7231445e+01
   3.4008200e+06   2.9602051e+01
   3.4009140e+06   5.2551270e+01
   3.4009930e+06   2.8625488e+01
   3.4010410e+06   3.2897949e+01
   3.4011600e+06   4.6020508e+01
   3.4012770e+06   3.3020020e+01
   3.4013090e+06   3.0395508e+01
   3.4014980e+06   4.1992188e+01
   3.4015200e+06   3.4118652e+01
   3.4015990e+06   5.1147461e+01
   3.4018490e+06   2.9907227e+01
   3.4019080e+06   3.3264160e+01
   3.4034410e+06   2.9846191e+01
   3.4035250e+06   3.4484863e+01
   3.4355560e+06   2.8381348e+01
   3.4526770e+06   4.6325684e+01
   3.4530320e+06   4.7851562e+01
   3.4531950e+06   2.9968262e+01
   3.4532490e+06   2.9907227e+01
   3.4534000e+06   3.2043457e+01
   3.4534890e+06   2.9907227e+01
   3.4535840e+06   3.7170410e+01
   3.4536620e+06   3.7597656e+01
   3.4537740e+06   4.9194336e+01
   3.4538170e+06   5.6335449e+01
   3.4539360e+06   3.6865234e+01
   3.4539830e+06   2.9357910e+01
   3.4540130e+06   3.3752441e+01
   3.4542330e+06   3.4484863e+01
   3.4543570e+06   2.9418945e+01
   3.4545390e+06   2.8808594e+01
   3.4551890e+06   3.0334473e+01
   3.4555510e+06   2.9235840e+01
   3.4752650e+06   2.8625488e+01
   3.5075670e+06   4.9194336e+01
   3.5077170e+06   2.9235840e+01
   3.5077770e+06   3.5583496e+01
   3.5077890e+06   4.6569824e+01
   3.5078530e+06   4.2053223e+01
   3.5079460e+06   3.0578613e+01
   3.5079770e+06   2.9968262e+01
   3.5079990e+06   8.5449219e+01
   3.5080340e+06   3.3142090e+01
   3.5081880e+06   3.5827637e+01
   3.5082210e+06   4.6997070e+01
   3.5082410e+06   3.1372070e+01
   3.5082550e+06   2.8991699e+01
   3.5082740e+06   3.5461426e+01
   3.5083240e+06   2.8747559e+01
   3.5083850e+06   3.0212402e+01
   3.5084420e+06   2.9724121e+01
   3.5085110e+06   5.1879883e+01
   3.5088100e+06   4.9011230e+01
   3.5088410e+06   3.0944824e+01
   3.5098440e+06   2.8747559e+01
   3.5654860e+06   4.0954590e+01
   3.5662160e+06   4.6203613e+01
   3.5666700e+06   3.9672852e+01
   3.5669990e+06   4.0527344e+01
   3.5671430e+06   3.0944824e+01
   3.5671580e+06   4.3640137e+01
   3.5671990e+06   3.0822754e+01
   3.5672410e+06   3.1738281e+01
   3.5672880e+06   2.9296875e+01
   3.5673520e+06   3.4057617e+01
   3.5673860e+06   2.8320312e+01
   3.5674630e+06   2.8930664e+01
   3.5675240e+06   3.0761719e+01
   3.5676810e+06   3.1677246e+01
   3.5677420e+06   2.8564453e+01
   3.5681750e+06   2.8381348e+01
   3.5682110e+06   2.9357910e+01
   3.5684870e+06   2.9174805e+01
   3.5689140e+06   2.8808594e+01
   3.5692350e+06   2.8686523e+01
   3.6359600e+06   5.4870605e+01
   3.6360330e+06   3.8757324e+01
   3.6361490e+06   6.0668945e+01
   3.6361630e+06   3.2531738e+01
   3.6362070e+06   2.9846191e+01
   3.6362410e+06   2.9418945e+01
   3.6363010e+06   5.4443359e+01
   3.6363410e+06   5.4199219e+01
   3.6363750e+06   4.3701172e+01
   3.6364690e+06   4.6508789e+01
   3.6364820e+06   3.0883789e+01
   3.6364990e+06   3.0883789e+01
   3.6365100e+06   3.1555176e+01
   3.6365480e+06   3.0212402e+01
   3.6365590e+06   3.0456543e+01
   3.6366100e+06   3.1372070e+01
   3.6366870e+06   5.5358887e+01
   3.6367330e+06   3.0029297e+01
   3.6367640e+06   2.8320312e+01
   3.6369390e+06   3.0578613e+01
   3.6369610e+06   4.5837402e+01
   3.6373230e+06   2.9785156e+01
   3.6376350e+06   3.1555176e+01
   3.6387340e+06   2.9296875e+01
   3.6390000e+06   2.8320312e+01
   3.6398920e+06   3.0700684e+01
   3.6667610e+06   4.6569824e+01
   3.6671450e+06   4.0466309e+01
   3.6672800e+06   3.7658691e+01
   3.6673390e+06   3.0883789e+01
   3.6674620e+06   3.0700684e+01
   3.6675110e+06   3.1494141e+01
   3.6675780e+06   3.0090332e+01
   3.6676760e+06   5.5969238e+01
   3.6677590e+06   2.9968262e+01
   3.6678020e+06   3.1127930e+01
   3.6678410e+06   4.0588379e+01
   3.6679790e+06   2.9174805e+01
   3.6682920e+06   3.5034180e+01
   3.7329110e+06   6.2866211e+01
   3.7332080e+06   3.1005859e+01
   3.7333070e+06   3.4240723e+01
   3.7333250e+06   3.0822754e+01
   3.7333990e+06   2.9846191e+01
   3.7334410e+06   4.4372559e+01
   3.7337300e+06   3.4667969e+01
   3.7338110e+06   3.3630371e+01
   3.7338410e+06   3.1311035e+01
   3.7338990e+06   3.4057617e+01
   3.7339310e+06   3.2409668e+01
   3.7340020e+06   5.0781250e+01
   3.7340390e+06   3.9184570e+01
   3.7340840e+06   3.8269043e+01
   3.7341280e+06   3.0822754e+01
   3.7341660e+06   2.8503418e+01
   3.7341850e+06   3.2287598e+01
   3.7342250e+06   3.0029297e+01
   3.7343110e+06   2.9602051e+01
   3.7344470e+06   2.8442383e+01
   3.7347730e+06   3.0090332e+01
   3.7348750e+06   3.2348633e+01
   3.7359450e+06   2.9174805e+01
   3.7360270e+06   2.9785156e+01
   3.7373940e+06   3.2836914e+01
   3.8313300e+06   2.8869629e+01
   3.8524830e+06   6.6955566e+01
   3.8525270e+06   3.7597656e+01
   3.8525600e+06   5.9509277e+01
   3.8526460e+06   3.5583496e+01
   3.8526680e+06   4.2602539e+01
   3.8526850e+06   3.6560059e+01
   3.8527750e+06   2.9541016e+01
   3.8527940e+06   4.7546387e+01
   3.8528260e+06   3.5034180e+01
   3.8528500e+06   3.2958984e+01
   3.8528680e+06   6.1279297e+01
   3.8529230e+06   2.9724121e+01
   3.8529950e+06   4.4006348e+01
   3.8530470e+06   3.4606934e+01
   3.8531390e+06   2.8442383e+01
   3.8532120e+06   3.3325195e+01
   3.8532530e+06   4.4250488e+01
   3.8534140e+06   3.2592773e+01
   3.8534320e+06   3.1799316e+01
   3.8535620e+06   3.2104492e+01
   3.8537690e+06   4.7241211e+01
   3.8545740e+06   3.1311035e+01
   3.8555140e+06   3.1555176e+01
   3.8556770e+06   2.9968262e+01
   4.0351120e+06   3.0883789e+01
   4.0420080e+06   3.0212402e+01
   4.0420410e+06   2.9357910e+01
   4.0420680e+06   3.3569336e+01
   4.0421400e+06   2.9724121e+01
   4.0421650e+06   4.3029785e+01
   4.0421800e+06   3.2531738e+01
   4.0422150e+06   3.1555176e+01
   4.0422650e+06   3.3691406e+01
   4.0422940e+06   5.0537109e+01
   4.0423040e+06   4.4311523e+01
   4.0423230e+06   4.1015625e+01
   4.0423550e+06   3.1799316e+01
   4.0423650e+06   3.1311035e+01
   4.0423880e+06   3.0395508e+01
   4.0424380e+06   3.1921387e+01
   4.0424950e+06   4.2175293e+01
   4.0426010e+06   3.0700684e+01
   4.0426600e+06   3.0700684e+01
   4.0427120e+06   2.8442383e+01
   4.0428000e+06   3.4545898e+01
   4.0429710e+06   3.8696289e+01
   4.0432140e+06   3.4973145e+01
   4.0433890e+06   4.6386719e+01
   4.0436780e+06   2.8625488e+01
   4.0437410e+06   3.3874512e+01
   4.0439770e+06   2.8686523e+01
   4.0441130e+06   2.9785156e+01
   4.0443430e+06   4.2480469e+01
   4.0443800e+06   3.0151367e+01
   4.0445750e+06   2.8930664e+01
   4.0452000e+06   2.8930664e+01
   4.0453890e+06   3.2897949e+01
   4.1326780e+06   2.8869629e+01
   4.1328540e+06   6.3110352e+01
   4.1329390e+06   6.5185547e+01
   4.1329920e+06   2.8625488e+01
   4.1330280e+06   3.9062500e+01
   4.1330730e+06   2.8564453e+01
   4.1331090e+06   5.1025391e+01
   4.1331410e+06   4.3823242e+01
   4.1331690e+06   3.0334473e+01
   4.1332050e+06   3.5034180e+01
   4.1332300e+06   2.9907227e+01
   4.1333000e+06   3.6132812e+01
   4.1333450e+06   3.2836914e+01
   4.1333650e+06   3.6193848e+01
   4.1333850e+06   2.8869629e+01
   4.1334410e+06   4.1992188e+01
   4.1335100e+06   2.9235840e+01
   4.1336020e+06   3.5888672e+01
   4.1336860e+06   3.7231445e+01
   4.1338060e+06   3.0029297e+01
   4.1340430e+06   3.2470703e+01
   4.1345140e+06   3.3691406e+01
   4.1347310e+06   2.9052734e+01
   4.1348530e+06   3.2043457e+01
   4.1351610e+06   3.0883789e+01
   4.1356340e+06   3.0151367e+01
   4.1366520e+06   3.1311035e+01
   4.1390980e+06   3.3752441e+01
   4.1476040e+06   3.0517578e+01
   4.2269260e+06   5.3222656e+01
   4.2269620e+06   3.7292480e+01
   4.2269990e+06   5.0476074e+01
   4.2270960e+06   5.9143066e+01
   4.2271240e+06   3.1555176e+01
   4.2271560e+06   3.0090332e+01
   4.2271820e+06   5.5541992e+01
   4.2272120e+06   4.2724609e+01
   4.2272540e+06   2.8930664e+01
   4.2272960e+06   3.2470703e+01
   4.2273350e+06   4.3151855e+01
   4.2273660e+06   6.5185547e+01
   4.2274190e+06   3.0151367e+01
   4.2274860e+06   3.3264160e+01
   4.2275690e+06   3.6926270e+01
   4.2276090e+06   3.0578613e+01
   4.2277610e+06   3.1738281e+01
   4.2278630e+06   2.8564453e+01
   4.2279130e+06   3.8757324e+01
   4.2280620e+06   2.9235840e+01
   4.2285670e+06   3.7231445e+01
   4.2286470e+06   4.5349121e+01
   4.2289010e+06   3.1860352e+01
   4.2290360e+06   3.1860352e+01
   4.2294430e+06   3.0395508e+01
   4.2295120e+06   3.1921387e+01
   4.2295770e+06   2.9235840e+01
   4.2298360e+06   3.4301758e+01
   4.2301470e+06   3.1066895e+01
   4.2306390e+06   3.4790039e+01
   4.2334490e+06   2.8381348e+01
   4.2899240e+06   2.8442383e+01
   4.3535430e+06   2.8930664e+01
   4.4030960e+06   4.8889160e+01
   4.4031230e+06   5.4016113e+01
   4.4031700e+06   5.3283691e+01
   4.4031870e+06   3.3752441e+01
   4.4032830e+06   5.6518555e+01
   4.4033160e+06   3.1738281e+01
   4.4033460e+06   5.0415039e+01
   4.4033660e+06   3.0334473e+01
   4.4033920e+06   3.1921387e+01
   4.4034050e+06   5.1147461e+01
   4.4034690e+06   3.1250000e+01
   4.4034850e+06   4.6020508e+01
   4.4035410e+06   3.2409668e+01
   4.4035610e+06   3.4118652e+01
   4.4036450e+06   3.8452148e+01
   4.4036950e+06   3.1616211e+01
   4.4037450e+06   3.3081055e+01
   4.4037960e+06   3.1982422e+01
   4.4038460e+06   3.0883789e+01
   4.4039320e+06   2.9357910e+01
   4.4044090e+06   3.2592773e+01
   4.4046880e+06   2.9479980e+01
   4.4047740e+06   3.7780762e+01
   4.4050030e+06   3.3264160e+01
   4.4051030e+06   3.0639648e+01
   4.4052030e+06   4.0893555e+01
   4.4053270e+06   3.4790039e+01
   4.4054710e+06   2.9785156e+01
   4.4056930e+06   3.1494141e+01
   4.4058490e+06   2.8686523e+01
   4.4058740e+06   2.9174805e+01
   4.4060220e+06   2.8869629e+01
   4.4065410e+06   2.8442383e+01
   4.4085150e+06   3.1066895e+01
   4.4346190e+06   2.8320312e+01
   4.5636830e+06   3.0700684e+01
   4.5637330e+06   3.1860352e+01
   4.5637660e+06   2.9357910e+01
   4.5638180e+06   5.5236816e+01
   4.5638400e+06   2.9785156e+01
   4.5639390e+06   4.6264648e+01
   4.5639740e+06   8.2885742e+01
   4.5639870e+06   3.8024902e+01
   4.5640180e+06   3.0822754e+01
   4.5640830e+06   3.3020020e+01
   4.5641490e+06   4.9560547e+01
   4.5641640e+06   2.8442383e+01
   4.5642110e+06   3.3020020e+01
   4.5642400e+06   2.8930664e+01
   4.5642520e+06   2.8320312e+01
   4.5643440e+06   3.5278320e+01
   4.5643990e+06   2.8503418e+01
   4.5646250e+06   2.9724121e+01
   4.5649070e+06   3.0700684e+01
   4.5650330e+06   3.1127930e+01
   4.5652700e+06   5.4870605e+01
   4.5655050e+06   2.9541016e+01
   4.5655560e+06   3.8879395e+01
   4.5658070e+06   3.2470703e+01
   4.5658690e+06   4.1503906e+01
   4.5660220e+06   3.1188965e+01
   4.5661810e+06   4.3151855e+01
   4.5661990e+06   2.9968262e+01
   4.6384360e+06   5.9265137e+01
   4.6384610e+06   3.3813477e+01
   4.6384710e+06   6.7626953e+01
   4.6385760e+06   5.9265137e+01
   4.6386000e+06   2.9663086e+01
   4.6386800e+06   5.8715820e+01
   4.6387200e+06   4.5471191e+01
   4.6387630e+06   3.2104492e+01
   4.6387930e+06   3.4057617e+01
   4.6388210e+06   3.6499023e+01
   4.6388780e+06   3.9306641e+01
   4.6388930e+06   3.0151367e+01
   4.6389180e+06   3.0761719e+01
   4.6389350e+06   2.9357910e+01
   4.6390150e+06   3.6254883e+01
   4.6394300e+06   3.4606934e+01
   4.6399290e+06   2.8442383e+01
   4.6405970e+06   3.0273438e+01
   4.6407610e+06   3.3203125e+01
   4.6410190e+06   2.9174805e+01
   4.6412290e+06   2.9663086e+01
   4.6416450e+06   3.2897949e+01
   4.6419100e+06   3.3081055e+01
   4.6420450e+06   3.0883789e+01
   4.6422550e+06   3.3813477e+01
   4.6572400e+06   2.8991699e+01
   4.6723110e+06   2.8320312e+01
   4.6728740e+06   3.0578613e+01
   4.7297210e+06   6.6406250e+01
   4.7297860e+06   3.8574219e+01
   4.7298160e+06   5.1757812e+01
   4.7298640e+06   3.2592773e+01
   4.7298900e+06   3.5034180e+01
   4.7299290e+06   4.6569824e+01
   4.7299410e+06   2.8869629e+01
   4.7300040e+06   3.0090332e+01
   4.7300800e+06   4.0222168e+01
   4.7301090e+06   4.2053223e+01
   4.7301230e+06   3.4362793e+01
   4.7301340e+06   5.9020996e+01
   4.7301550e+06   2.9846191e+01
   4.7302200e+06   2.9235840e+01
   4.7302330e+06   2.8503418e+01
   4.7302730e+06   2.8564453e+01
   4.7303560e+06   3.1799316e+01
   4.7304300e+06   3.7048340e+01
   4.7304670e+06   3.2226562e+01
   4.7305870e+06   3.0883789e+01
   4.7306430e+06   3.0395508e+01
   4.7307840e+06   2.9785156e+01
   4.7308000e+06   3.1250000e+01
   4.7309590e+06   3.0456543e+01
   4.7313960e+06   2.8991699e+01
   4.7314440e+06   3.3752441e+01
   4.7315970e+06   3.0578613e+01
   4.7316420e+06   3.3874512e+01
   4.7318450e+06   2.9113770e+01
   4.7318610e+06   2.9174805e+01
   4.7321060e+06   3.3508301e+01
   4.7323730e+06   3.6071777e+01
   4.7327160e+06   2.8869629e+01
   4.7328330e+06   3.8757324e+01
   4.7330620e+06   2.8320312e+01
   4.7342310e+06   3.1311035e+01
   4.8006860e+06   5.5847168e+01
   4.8007750e+06   3.6804199e+01
   4.8008170e+06   5.7983398e+01
   4.8008870e+06   6.4514160e+01
   4.8009170e+06   7.1838379e+01
   4.8009790e+06   3.6437988e+01
   4.8010080e+06   3.0212402e+01
   4.8010520e+06   4.0710449e+01
   4.8010800e+06   5.0231934e+01
   4.8011010e+06   3.1738281e+01
   4.8011310e+06   3.1738281e+01
   4.8012150e+06   3.3325195e+01
   4.8012360e+06   4.5104980e+01
   4.8012950e+06   3.8879395e+01
   4.8013500e+06   2.8747559e+01
   4.8014410e+06   4.0893555e+01
   4.8015430e+06   3.3935547e+01
   4.8015710e+06   3.4606934e+01
   4.8015870e+06   3.2714844e+01
   4.8016980e+06   3.0273438e+01
   4.8017990e+06   3.0151367e+01
   4.8020330e+06   2.9357910e+01
   4.8020730e+06   3.0273438e+01
   4.8022760e+06   3.4790039e+01
   4.8025740e+06   3.4973145e+01
   4.8028430e+06   3.3203125e+01
   4.8029450e+06   2.9602051e+01
   4.8030050e+06   3.3020020e+01
   4.8033990e+06   3.1250000e+01
   4.8073630e+06   3.6621094e+01
   4.8919090e+06   3.0456543e+01
   4.8919370e+06   3.0029297e+01
   4.8920020e+06   4.5471191e+01
   4.8920440e+06   3.3264160e+01
   4.8920750e+06   3.8574219e+01
   4.8920910e+06   3.1616211e+01
   4.8921320e+06   4.6020508e+01
   4.8922180e+06   3.0029297e+01
   4.8922610e+06   4.1564941e+01
   4.8922770e+06   3.8696289e+01
   4.8923690e+06   3.2592773e+01
   4.8923950e+06   3.3203125e+01
   4.8924130e+06   3.1433105e+01
   4.8924440e+06   4.1259766e+01
   4.8924660e+06   3.2531738e+01
   4.8925590e+06   4.3029785e+01
   4.8926030e+06   4.2541504e+01
   4.8927160e+06   3.4912109e+01
   4.8928110e+06   2.8564453e+01
   4.8928410e+06   3.6193848e+01
   4.8930940e+06   3.8208008e+01
   4.8932360e+06   2.8686523e+01
   4.8933040e+06   2.8808594e+01
   4.8936770e+06   3.4484863e+01
   4.8937830e+06   2.8381348e+01
   4.8938960e+06   5.3955078e+01
   4.8940230e+06   3.4423828e+01
   4.8941130e+06   3.2775879e+01
   4.8959830e+06   2.8747559e+01
   4.8979170e+06   2.8381348e+01
   4.8988970e+06   3.0944824e+01
   5.0136180e+06   2.9052734e+01
   5.0398620e+06   5.2307129e+01
   5.0399070e+06   2.9418945e+01
   5.0399480e+06   6.2011719e+01
   5.0400490e+06   3.4423828e+01
   5.0400590e+06   2.9846191e+01
   5.0400870e+06   4.1687012e+01
   5.0401280e+06   3.4362793e+01
   5.0402050e+06   3.4912109e+01
   5.0402160e+06   4.1870117e+01
   5.0402270e+06   5.1757812e+01
   5.0402960e+06   2.9174805e+01
   5.0403320e+06   2.8381348e+01
   5.0404140e+06   4.9682617e+01
   5.0404670e+06   3.1433105e+01
   5.0405130e+06   2.9357910e+01
   5.0405590e+06   3.6315918e+01
   5.0406260e+06   3.2531738e+01
   5.0408330e+06   3.2470703e+01
   5.0409660e+06   3.5034180e+01
   5.0410630e+06   2.8320312e+01
   5.0413480e+06   3.2043457e+01
   5.0413840e+06   3.9916992e+01
   5.0416330e+06   3.2470703e+01
   5.0416440e+06   2.9296875e+01
   5.0418290e+06   3.2592773e+01
   5.0423780e+06   2.8442383e+01
   5.0424400e+06   2.9052734e+01
   5.0440140e+06   2.8442383e+01
   5.0784020e+06   5.3344727e+01
   5.0786610e+06   5.2795410e+01
   5.0787130e+06   6.1828613e+01
   5.0788780e+06   3.1188965e+01
   5.0789130e+06   3.5095215e+01
   5.0789310e+06   3.0517578e+01
   5.0789830e+06   2.8564453e+01
   5.0791110e+06   3.0517578e+01
   5.0791850e+06   6.0607910e+01
   5.0793810e+06   5.4382324e+01
   5.0794080e+06   4.1931152e+01
   5.0794660e+06   3.1555176e+01
   5.0795550e+06   3.0029297e+01
   5.0796790e+06   3.1738281e+01
   5.0797850e+06   2.8625488e+01
   5.0798560e+06   4.3212891e+01
   5.0800920e+06   2.9907227e+01
   5.0805080e+06   4.4799805e+01
   5.0918210e+06   2.8442383e+01
   5.2004680e+06   5.3771973e+01
   5.2005000e+06   8.5327148e+01
   5.2006020e+06   3.2775879e+01
   5.2006350e+06   3.3142090e+01
   5.2006610e+06   3.3813477e+01
   5.2006930e+06   2.9235840e+01
   5.2007090e+06   3.3203125e+01
   5.2007370e+06   3.1127930e+01
   5.2007970e+06   4.6569824e+01
   5.2008080e+06   5.4809570e+01
   5.2008410e+06   3.4057617e+01
   5.2009250e+06   3.7414551e+01
   5.2009360e+06   5.3466797e+01
   5.2009810e+06   3.1677246e+01
   5.2011180e+06   3.1311035e+01
   5.2011690e+06   2.9357910e+01
   5.2012240e+06   3.3874512e+01
   5.2012420e+06   2.9418945e+01
   5.2012680e+06   3.7780762e+01
   5.2014380e+06   3.9428711e+01
   5.2015360e+06   3.1738281e+01
   5.2015640e+06   3.2226562e+01
   5.2019130e+06   2.9174805e+01
   5.2020420e+06   2.9846191e+01
   5.2020820e+06   2.8320313e+01
   5.2023880e+06   2.8503418e+01
   5.2024460e+06   2.9052734e+01
   5.2026100e+06   2.8564453e+01
   5.2026760e+06   5.4016113e+01
   5.2218380e+06   2.8320312e+01
   5.3245830e+06   2.9541016e+01
   5.3549220e+06   2.8625488e+01
   5.3814030e+06   2.8991699e+01
   5.3866690e+06   2.9296875e+01
   5.3867330e+06   4.9804688e+01
   5.3867580e+06   2.9724121e+01
   5.3868290e+06   3.4118652e+01
   5.3868580e+06   5.1452637e+01
   5.3868840e+06   2.8564453e+01
   5.3869180e+06   4.2358398e+01
   5.3869840e+06   3.7597656e+01
   5.3870000e+06   3.2958984e+01
   5.3870480e+06   3.1127930e+01
   5.3870980e+06   4.3701172e+01
   5.3871370e+06   3.9184570e+01
   5.3871490e+06   3.2653809e+01
   5.3872370e+06   3.4667969e+01
   5.3872650e+06   3.2104492e+01
   5.3872870e+06   3.5461426e+01
   5.3873090e+06   3.1982422e+01
   5.3874000e+06   3.1921387e+01
   5.3874150e+06   2.8503418e+01
   5.3874900e+06   3.4240723e+01
   5.3879080e+06   4.4006348e+01
   5.3879670e+06   2.9785156e+01
   5.3883040e+06   3.1860352e+01
   5.3884600e+06   4.0771484e+01
   5.3887080e+06   3.9672852e+01
   5.3890050e+06   3.0334473e+01
   5.3944020e+06   3.2897949e+01
   5.4577600e+06   5.1818848e+01
   5.4578920e+06   3.1433105e+01
   5.4579270e+06   3.2348633e+01
   5.4579720e+06   5.5908203e+01
   5.4580230e+06   5.3894043e+01
   5.4580500e+06   4.0771484e+01
   5.4580650e+06   3.6743164e+01
   5.4581020e+06   3.1677246e+01
   5.4581930e+06   3.3386230e+01
   5.4582150e+06   4.4433594e+01
   5.4582770e+06   3.2836914e+01
   5.4583410e+06   3.4545898e+01
   5.4584010e+06   2.8442383e+01
   5.4584450e+06   3.0517578e+01
   5.4585200e+06   3.2653809e+01
   5.4585760e+06   3.0090332e+01
   5.4586710e+06   2.9113770e+01
   5.4588970e+06   3.1982422e+01
   5.4589580e+06   2.9235840e+01
   5.4591840e+06   3.1127930e+01
   5.4599540e+06   2.8320312e+01
   5.4604160e+06   2.8442383e+01
   5.4616860e+06   2.8686523e+01
   5.5673140e+06   2.9541016e+01
   5.5689570e+06   5.0720215e+01
   5.5689700e+06   3.6560059e+01
   5.5690330e+06   3.2592773e+01
   5.5690490e+06   3.3508301e+01
   5.5690690e+06   7.3791504e+01
   5.5690930e+06   5.6640625e+01
   5.5691540e+06   3.0883789e+01
   5.5692060e+06   3.5522461e+01
   5.5692210e+06   4.2968750e+01
   5.5693290e+06   3.6071777e+01
   5.5693550e+06   3.5278320e+01
   5.5694050e+06   3.3752441e+01
   5.5694830e+06   3.8940430e+01
   5.5695040e+06   3.7658691e+01
   5.5695710e+06   3.5278320e+01
   5.5696160e+06   2.9602051e+01
   5.5696440e+06   3.8635254e+01
   5.5697270e+06   3.4545898e+01
   5.5698250e+06   3.1555176e+01
   5.5700220e+06   2.9968262e+01
   5.5704740e+06   6.3232422e+01
   5.5706760e+06   3.4851074e+01
   5.5711470e+06   3.5705566e+01
   5.5711670e+06   2.8564453e+01
   5.6562500e+06   3.1738281e+01
   5.6922120e+06   2.8320312e+01
   5.7634630e+06   3.0334473e+01
   5.7634880e+06   3.1494141e+01
   5.7635180e+06   6.0791016e+01
   5.7635800e+06   4.8461914e+01
   5.7636140e+06   3.6743164e+01
   5.7636730e+06   4.9316406e+01
   5.7637340e+06   3.2043457e+01
   5.7637770e+06   3.8146973e+01
   5.7637900e+06   3.0822754e+01
   5.7638030e+06   3.8757324e+01
   5.7638560e+06   3.7719727e+01
   5.7638750e+06   3.2958984e+01
   5.7639000e+06   4.0405273e+01
   5.7639740e+06   3.6987305e+01
   5.7640300e+06   3.0822754e+01
   5.7640570e+06   3.5339355e+01
   5.7641610e+06   2.9663086e+01
   5.7641830e+06   3.8879395e+01
   5.7641980e+06   4.6264648e+01
   5.7644800e+06   2.8930664e+01
   5.7649010e+06   4.5532227e+01
   5.7656640e+06   3.3081055e+01
   5.7657890e+06   4.3457031e+01
   5.7658280e+06   2.8808594e+01
   5.8216140e+06   5.3833008e+01
   5.8217270e+06   2.8930664e+01
   5.8217600e+06   5.3161621e+01
   5.8218120e+06   5.2246094e+01
   5.8218480e+06   3.8208008e+01
   5.8219490e+06   3.1921387e+01
   5.8219790e+06   4.1748047e+01
   5.8219910e+06   3.8391113e+01
   5.8220180e+06   3.0029297e+01
   5.8220760e+06   3.6499023e+01
   5.8221030e+06   3.1738281e+01
   5.8221530e+06   4.6569824e+01
   5.8221750e+06   2.8747559e+01
   5.8221940e+06   3.0883789e+01
   5.8222080e+06   3.4484863e+01
   5.8222320e+06   2.8503418e+01
   5.8223040e+06   3.1494141e+01
   5.8224720e+06   2.9357910e+01
   5.8225830e+06   5.1513672e+01
   5.8227550e+06   2.9785156e+01
   5.8229010e+06   2.9174805e+01
   5.8231410e+06   2.8564453e+01
   5.8231560e+06   3.3447266e+01
   5.8233460e+06   4.1809082e+01
   5.8234050e+06   2.9174805e+01
   5.8235880e+06   2.8625488e+01
   5.8237770e+06   4.6020508e+01
   5.8239920e+06   4.0527344e+01
   5.8243120e+06   3.0273438e+01
   5.8246150e+06   3.1188965e+01
   5.8255760e+06   2.8991699e+01
   5.9277380e+06   6.6955566e+01
   5.9278430e+06   5.6640625e+01
   5.9278880e+06   6.0241699e+01
   5.9279220e+06   3.1494141e+01
   5.9279450e+06   2.9541016e+01
   5.9279770e+06   4.9682617e+01
   5.9280260e+06   3.4667969e+01
   5.9280830e+06   3.2714844e+01
   5.9281110e+06   3.1982422e+01
   5.9281480e+06   4.3640137e+01
   5.9281710e+06   3.0761719e+01
   5.9281860e+06   3.1372070e+01
   5.9283040e+06   4.0283203e+01
   5.9283460e+06   4.5776367e+01
   5.9283910e+06   3.3386230e+01
   5.9284850e+06   3.0273438e+01
   5.9285270e+06   2.8625488e+01
   5.9286220e+06   3.0883789e+01
   5.9287570e+06   3.4179688e+01
   5.9287870e+06   3.1066895e+01
   5.9288260e+06   3.0029297e+01
   5.9292620e+06   5.1818848e+01
   5.9292750e+06   2.8442383e+01
   5.9294540e+06   3.2409668e+01
   5.9298880e+06   3.0273438e+01
   5.9300240e+06   3.3081055e+01
   5.9343120e+06   2.9602051e+01
   5.9447230e+06   2.8503418e+01
   6.0303380e+06   5.8410645e+01
   6.0304450e+06   3.0639648e+01
   6.0304700e+06   3.5095215e+01
   6.0304890e+06   2.9663086e+01
   6.0305100e+06   3.0822754e+01
   6.0305270e+06   5.9570312e+01
   6.0305650e+06   4.8034668e+01
   6.0305860e+06   3.6621094e+01
   6.0306810e+06   2.9113770e+01
   6.0306940e+06   3.6254883e+01
   6.0308220e+06   7.2326660e+01
   6.0308470e+06   3.5339355e+01
   6.0309840e+06   3.0456543e+01
   6.0310230e+06   3.9123535e+01
   6.0311310e+06   4.4128418e+01
   6.0311720e+06   2.9479980e+01
   6.0311850e+06   3.1066895e+01
   6.0314620e+06   3.0639648e+01
   6.0314980e+06   4.4067383e+01
   6.0318320e+06   3.8085938e+01
   6.0320090e+06   2.8930664e+01
   6.0322990e+06   3.6254883e+01
   6.0327110e+06   3.2226562e+01
   6.0335090e+06   3.1250000e+01
   6.0370560e+06   3.3264160e+01
   6.1049000e+06   2.8686523e+01
   6.1327080e+06   3.3142090e+01
   6.1327270e+06   5.9875488e+01
   6.1328410e+06   6.6345215e+01
   6.1328780e+06   3.0700684e+01
   6.1328910e+06   2.9785156e+01
   6.1329240e+06   3.8146973e+01
   6.1329580e+06   3.4362793e+01
   6.1330570e+06   3.8208008e+01
   6.1330790e+06   3.5034180e+01
   6.1330900e+06   4.4860840e+01
   6.1331410e+06   2.9541016e+01
   6.1331610e+06   3.3142090e+01
   6.1332270e+06   3.3813477e+01
   6.1332850e+06   3.4790039e+01
   6.1333010e+06   4.3518066e+01
   6.1333630e+06   3.0456543e+01
   6.1334270e+06   2.9357910e+01
   6.1334420e+06   3.5156250e+01
   6.1335870e+06   4.6325684e+01
   6.1337470e+06   2.9785156e+01
   6.1338990e+06   3.3691406e+01
   6.1340640e+06   2.9846191e+01
   6.1342330e+06   4.7180176e+01
   6.1343630e+06   2.9357910e+01
   6.1346690e+06   5.0781250e+01
   6.1367750e+06   2.9174805e+01
   6.2069110e+06   4.5898438e+01
   6.2070130e+06   3.0029297e+01
   6.2070790e+06   2.9418945e+01
   6.2070900e+06   2.9907227e+01
   6.2071030e+06   5.1696777e+01
   6.2072320e+06   3.3691406e+01
   6.2072570e+06   3.1677246e+01
   6.2073060e+06   2.8747559e+01
   6.2073640e+06   4.0588379e+01
   6.2074040e+06   2.9663086e+01
   6.2074140e+06   6.2622070e+01
   6.2074540e+06   3.6376953e+01
   6.2074680e+06   3.7658691e+01
   6.2076100e+06   2.8869629e+01
   6.2076290e+06   3.3691406e+01
   6.2076930e+06   4.7058105e+01
   6.2079030e+06   3.0517578e+01
   6.2080020e+06   5.6701660e+01
   6.2083570e+06   3.9489746e+01
   6.2084490e+06   3.3203125e+01
   6.2085380e+06   3.1127930e+01
   6.2088150e+06   2.9602051e+01
   6.2089340e+06   4.5166016e+01
   6.2095710e+06   3.0334473e+01
   6.2352790e+06   2.8747559e+01
   6.2354180e+06   4.0466309e+01
   6.2361700e+06   4.6203613e+01
   6.2365490e+06   4.2236328e+01
   6.2370070e+06   3.0395508e+01
   6.2370490e+06   3.2897949e+01
   6.2372510e+06   3.9672852e+01
   6.2372620e+06   2.9602051e+01
   6.2373950e+06   3.1433105e+01
   6.2374500e+06   3.4484863e+01
   6.2375310e+06   3.6437988e+01
   6.2376110e+06   3.0822754e+01
   6.2378480e+06   4.1625977e+01
   6.2385630e+06   2.9785156e+01
   6.3199460e+06   5.8105469e+01
   6.3429070e+06   5.5114746e+01
   6.3430290e+06   7.3059082e+01
   6.3430490e+06   3.6315918e+01
   6.3430750e+06   4.9072266e+01
   6.3431370e+06   3.2043457e+01
   6.3431500e+06   2.9602051e+01
   6.3432010e+06   2.9113770e+01
   6.3432310e+06   3.1860352e+01
   6.3432580e+06   6.3537598e+01
   6.3433790e+06   4.2846680e+01
   6.3434430e+06   3.1005859e+01
   6.3434740e+06   3.4973145e+01
   6.3435040e+06   3.4790039e+01
   6.3435700e+06   6.2683105e+01
   6.3435940e+06   2.9357910e+01
   6.3436930e+06   3.0700684e+01
   6.3437950e+06   3.4484863e+01
   6.3439430e+06   3.6437988e+01
   6.3443610e+06   3.1066895e+01
   6.3444440e+06   3.0639648e+01
   6.3445370e+06   3.0090332e+01
   6.3445860e+06   2.9907227e+01
   6.3452820e+06   3.3081055e+01
   6.3453670e+06   3.0456543e+01
   6.3454010e+06   3.3630371e+01
   6.3456280e+06   3.3752441e+01
   6.3458920e+06   2.9602051e+01
   6.3944080e+06   5.2978516e+01
   6.3944770e+06   4.7546387e+01
   6.3945900e+06   3.5522461e+01
   6.3946550e+06   3.7597656e+01
   6.3947760e+06   6.2805176e+01
   6.3947980e+06   4.5043945e+01
   6.3948490e+06   3.1188965e+01
   6.3948870e+06   3.3569336e+01
   6.3949080e+06   3.1433105e+01
   6.3949320e+06   3.7536621e+01
   6.3950860e+06   3.9855957e+01
   6.3951800e+06   3.3386230e+01
   6.3952110e+06   3.1616211e+01
   6.3952840e+06   4.0283203e+01
   6.3953040e+06   4.7668457e+01
   6.3953480e+06   3.0700684e+01
   6.3954370e+06   2.9785156e+01
   6.3959660e+06   3.1250000e+01
   6.3960890e+06   2.9724121e+01
   6.4870270e+06   6.7565918e+01
   6.4870930e+06   3.2165527e+01
   6.4871190e+06   3.5827637e+01
   6.4871850e+06   6.8542480e+01
   6.4872070e+06   3.5034180e+01
   6.4872230e+06   2.9479980e+01
   6.4872330e+06   2.9968262e+01
   6.4873350e+06   3.9611816e+01
   6.4873740e+06   3.9001465e+01
   6.4874090e+06   4.9377441e+01
   6.4874560e+06   3.2714844e+01
   6.4874760e+06   3.3752441e+01
   6.4875180e+06   6.8542480e+01
   6.4875930e+06   3.1372070e+01
   6.4876360e+06   3.3142090e+01
   6.4876810e+06   3.3630371e+01
   6.4877610e+06   2.8686523e+01
   6.4877810e+06   4.7241211e+01
   6.4878220e+06   3.5583496e+01
   6.4881500e+06   2.9541016e+01
   6.4883780e+06   3.3020020e+01
   6.4902250e+06   2.8930664e+01
   6.4908020e+06   3.7353516e+01
   6.4915610e+06   2.8808594e+01
   6.5399130e+06   4.8278809e+01
   6.5400300e+06   4.5349121e+01
   6.5400880e+06   4.9011230e+01
   6.5400980e+06   3.8696289e+01
   6.5401410e+06   5.9753418e+01
   6.5402520e+06   2.9846191e+01
   6.5402820e+06   4.2236328e+01
   6.5403020e+06   3.1494141e+01
   6.5403800e+06   3.8085938e+01
   6.5404130e+06   5.8410645e+01
   6.5405710e+06   2.9479980e+01
   6.5405870e+06   3.2165527e+01
   6.5406350e+06   3.2287598e+01
   6.5406840e+06   4.0893555e+01
   6.5407060e+06   3.0761719e+01
   6.5407420e+06   3.3020020e+01
   6.5408020e+06   2.9418945e+01
   6.5408300e+06   3.1921387e+01
   6.5408740e+06   3.0517578e+01
   6.5410310e+06   5.2856445e+01
   6.5410640e+06   3.3630371e+01
   6.5412380e+06   3.4179688e+01
   6.5427070e+06   3.1555176e+01
   6.6382350e+06   5.7617188e+01
   6.6382540e+06   4.0466309e+01
   6.6383120e+06   6.1767578e+01
   6.6383250e+06   2.9602051e+01
   6.6383850e+06   3.4301758e+01
   6.6384080e+06   3.4790039e+01
   6.6384390e+06   4.4616699e+01
   6.6384960e+06   3.6315918e+01
   6.6385390e+06   2.9357910e+01
   6.6385750e+06   4.1809082e+01
   6.6386020e+06   3.0944824e+01
   6.6386180e+06   5.4565430e+01
   6.6386460e+06   4.1931152e+01
   6.6386990e+06   3.0273438e+01
   6.6387220e+06   3.3813477e+01
   6.6387440e+06   3.5156250e+01
   6.6388100e+06   3.3264160e+01
   6.6388540e+06   3.1250000e+01
   6.6388690e+06   4.0954590e+01
   6.6389280e+06   3.0090332e+01
   6.6389390e+06   4.9560547e+01
   6.6391930e+06   3.3447266e+01
   6.6392100e+06   3.0456543e+01
   6.6393520e+06   4.1748047e+01
   6.6393620e+06   4.0283203e+01
   6.6395110e+06   2.8869629e+01
   6.6406280e+06   3.0700684e+01
   6.6410880e+06   3.0700684e+01
   6.6417760e+06   2.9418945e+01
   6.6437670e+06   2.9663086e+01
   6.7165490e+06   4.9133301e+01
   6.7165860e+06   3.3203125e+01
   6.7166850e+06   3.7963867e+01
   6.7167260e+06   3.1982422e+01
   6.7167410e+06   3.2287598e+01
   6.7167630e+06   3.3508301e+01
   6.7168350e+06   3.6987305e+01
   6.7168790e+06   7.7087402e+01
   6.7169710e+06   3.4118652e+01
   6.7170010e+06   2.9663086e+01
   6.7170520e+06   3.7231445e+01
   6.7170930e+06   2.9052734e+01
   6.7171270e+06   4.7912598e+01
   6.7172690e+06   3.2836914e+01
   6.7172890e+06   3.9184570e+01
   6.7173520e+06   3.2409668e+01
   6.7174790e+06   3.0334473e+01
   6.7174950e+06   3.0212402e+01
   6.7176960e+06   4.5898438e+01
   6.7179240e+06   2.8869629e+01
   6.7181360e+06   4.0405273e+01
   6.7205810e+06   3.1799316e+01
   6.7595880e+06   3.1921387e+01
   6.7607860e+06   3.2165527e+01
   6.8265540e+06   5.1086426e+01
   6.8265890e+06   3.0029297e+01
   6.8267160e+06   4.1931152e+01
   6.8267660e+06   3.4973145e+01
   6.8268030e+06   4.0039062e+01
   6.8268410e+06   5.6213379e+01
   6.8268680e+06   3.3020020e+01
   6.8269080e+06   3.1372070e+01
   6.8269720e+06   2.9602051e+01
   6.8269980e+06   3.2958984e+01
   6.8270190e+06   5.4931641e+01
   6.8270310e+06   3.2836914e+01
   6.8270750e+06   3.0273438e+01
   6.8271110e+06   3.0944824e+01
   6.8271380e+06   3.7170410e+01
   6.8272100e+06   4.2663574e+01
   6.8272350e+06   3.0639648e+01
   6.8273010e+06   3.1066895e+01
   6.8274190e+06   3.1494141e+01
   6.8274450e+06   4.5288086e+01
   6.8275450e+06   2.9479980e+01
   6.8276150e+06   3.6987305e+01
   6.8278320e+06   3.2897949e+01
   6.8281650e+06   2.8686523e+01
   6.8285370e+06   2.8747559e+01
   6.8288030e+06   3.0151367e+01
   6.8289820e+06   3.7719727e+01
   6.8329540e+06   3.0273438e+01
   6.9143260e+06   3.4729004e+01
   6.9498370e+06   3.1799316e+01
   7.0039770e+06   2.9663086e+01
   7.0040100e+06   3.5827637e+01
   7.0040660e+06   6.0729980e+01
   7.0040900e+06   3.9672852e+01
   7.0041210e+06   3.1188965e+01
   7.0042060e+06   4.7424316e+01
   7.0043650e+06   2.8808594e+01
   7.0043960e+06   4.8522949e+01
   7.0044320e+06   3.3752441e+01
   7.0044880e+06   2.8991699e+01
   7.0045310e+06   3.4606934e+01
   7.0045800e+06   3.6865234e+01
   7.0046130e+06   2.9907227e+01
   7.0047560e+06   5.5480957e+01
   7.0048280e+06   3.8391113e+01
   7.0050050e+06   5.3039551e+01
   7.0052530e+06   4.4616699e+01
   7.0057190e+06   3.0822754e+01
   7.0060810e+06   2.9174805e+01
   7.0063220e+06   3.0273438e+01
   7.0074220e+06   3.0578613e+01
   7.1548730e+06   2.9113770e+01
   7.1930410e+06   2.9296875e+01
   7.2535880e+06   2.9479980e+01
   7.2536240e+06   3.6071777e+01
   7.2537080e+06   6.5368652e+01
   7.2537430e+06   3.7780762e+01
   7.2537620e+06   3.2836914e+01
   7.2537930e+06   3.5034180e+01
   7.2538190e+06   2.9846191e+01
   7.2538550e+06   3.1372070e+01
   7.2539200e+06   5.5419922e+01
   7.2539440e+06   5.1208496e+01
   7.2540020e+06   3.1250000e+01
   7.2541140e+06   3.0090332e+01
   7.2541480e+06   5.0048828e+01
   7.2542290e+06   2.9602051e+01
   7.2542630e+06   3.1555176e+01
   7.2542890e+06   3.5217285e+01
   7.2543310e+06   2.9235840e+01
   7.2545040e+06   2.8808594e+01
   7.2551570e+06   3.2714844e+01
   7.2553500e+06   3.1921387e+01
   7.2554860e+06   3.0761719e+01
   7.2556070e+06   3.0395508e+01
   7.2557620e+06   3.6254883e+01
   7.2558970e+06   2.9052734e+01
   7.2560700e+06   3.4484863e+01
   7.2563090e+06   3.2653809e+01
   7.2564950e+06   3.0151367e+01
   7.2565210e+06   2.9541016e+01
   7.2566970e+06   2.8747559e+01
   7.2571360e+06   3.8391113e+01
   7.2574200e+06   3.7292480e+01
   7.3468840e+06   2.8991699e+01
   7.4039730e+06   3.3203125e+01
   7.4536160e+06   3.0456543e+01
   7.4793650e+06   3.1188965e+01
   7.4793990e+06   5.7739258e+01
   7.4794370e+06   5.8166504e+01
   7.4794570e+06   3.1494141e+01
   7.4795020e+06   3.2470703e+01
   7.4795280e+06   3.3142090e+01
   7.4795940e+06   2.8869629e+01
   7.4796080e+06   2.8869629e+01
   7.4796380e+06   3.4179688e+01
   7.4796560e+06   4.5959473e+01
   7.4796740e+06   4.1076660e+01
   7.4797750e+06   3.7536621e+01
   7.4798230e+06   3.0456543e+01
   7.4798870e+06   3.0761719e+01
   7.4799300e+06   3.5034180e+01
   7.4799960e+06   2.8808594e+01
   7.4802860e+06   3.4179688e+01
   7.4806330e+06   3.0822754e+01
   7.4810030e+06   3.3264160e+01
   7.4811970e+06   2.9418945e+01
   7.4813380e+06   3.1066895e+01
   7.4814170e+06   2.9663086e+01
   7.4814300e+06   4.9499512e+01
   7.4816080e+06   4.1564941e+01
   7.4817530e+06   3.0151367e+01
   7.4818310e+06   3.1555176e+01
   7.4829140e+06   2.8991699e+01
   7.4857480e+06   2.9357910e+01
   7.5551380e+06   2.9113770e+01
   7.6042670e+06   5.7312012e+01
   7.6043400e+06   6.2255859e+01
   7.6043810e+06   3.0212402e+01
   7.6044040e+06   3.4301758e+01
   7.6044470e+06   6.9641113e+01
   7.6044910e+06   3.9916992e+01
   7.6045640e+06   5.2429199e+01
   7.6046440e+06   2.9907227e+01
   7.6046960e+06   3.1982422e+01
   7.6047350e+06   3.6499023e+01
   7.6048000e+06   3.0517578e+01
   7.6048460e+06   3.9367676e+01
   7.6049490e+06   3.9794922e+01
   7.6049730e+06   3.2470703e+01
   7.6050240e+06   3.0212402e+01
   7.6051170e+06   3.5095215e+01
   7.6051860e+06   3.3447266e+01
   7.6052490e+06   3.1616211e+01
   7.6055040e+06   3.5522461e+01
   7.6056340e+06   2.9052734e+01
   7.6056870e+06   3.8024902e+01
   7.6059200e+06   3.5766602e+01
   7.6059530e+06   3.0456543e+01
   7.6061290e+06   2.9113770e+01
   7.6061670e+06   3.5583496e+01
   7.6063300e+06   3.5156250e+01
   7.6065120e+06   2.8747559e+01
   7.6067510e+06   3.0456543e+01
   7.6067810e+06   3.1799316e+01
   7.6068380e+06   2.8930664e+01
   7.6072510e+06   3.0883789e+01
   7.6077660e+06   3.3325195e+01
   7.6280050e+06   3.0456543e+01
   7.7191290e+06   3.7475586e+01
   7.7191530e+06   3.4912109e+01
   7.7191640e+06   5.6701660e+01
   7.7192450e+06   4.7668457e+01
   7.7192600e+06   3.0517578e+01
   7.7193090e+06   3.2165527e+01
   7.7193390e+06   5.5236816e+01
   7.7193880e+06   3.4118652e+01
   7.7194000e+06   3.0273438e+01
   7.7194150e+06   3.7536621e+01
   7.7194670e+06   3.2470703e+01
   7.7194950e+06   3.0822754e+01
   7.7195050e+06   3.1677246e+01
   7.7195550e+06   3.8635254e+01
   7.7196690e+06   3.0761719e+01
   7.7196970e+06   3.0456543e+01
   7.7197450e+06   3.0578613e+01
   7.7198310e+06   3.3508301e+01
   7.7198580e+06   2.9602051e+01
   7.7200200e+06   2.8869629e+01
   7.7200690e+06   2.9602051e+01
   7.7202050e+06   3.5644531e+01
   7.7202220e+06   3.7353516e+01
   7.7203920e+06   3.0151367e+01
   7.7204240e+06   3.3325195e+01
   7.7204720e+06   3.3325195e+01
   7.7205750e+06   3.0517578e+01
   7.7207430e+06   3.1494141e+01
   7.7209540e+06   3.2409668e+01
   7.7209670e+06   4.2175293e+01
   7.7211990e+06   3.1311035e+01
   7.7213520e+06   2.9907227e+01
   7.7213770e+06   3.3264160e+01
   7.7214780e+06   2.8869629e+01
   7.7218340e+06   3.5339355e+01
   7.7220170e+06   3.1921387e+01
   7.7232740e+06   2.9357910e+01
   7.8674920e+06   3.1372070e+01
   7.8675080e+06   3.0883789e+01
   7.8675300e+06   4.7912598e+01
   7.8676190e+06   6.5429688e+01
   7.8676430e+06   3.4667969e+01
   7.8676640e+06   2.9113770e+01
   7.8677070e+06   3.3325195e+01
   7.8677620e+06   3.0090332e+01
   7.8677960e+06   2.9418945e+01
   7.8678160e+06   3.1066895e+01
   7.8678330e+06   3.4729004e+01
   7.8678770e+06   4.0039062e+01
   7.8679140e+06   3.3508301e+01
   7.8679850e+06   3.5461426e+01
   7.8680010e+06   3.2897949e+01
   7.8680370e+06   2.8930664e+01
   7.8681470e+06   5.0903320e+01
   7.8682090e+06   3.0090332e+01
   7.8683050e+06   2.9724121e+01
   7.8684520e+06   3.2897949e+01
   7.8685680e+06   3.0456543e+01
   7.8686310e+06   3.0578613e+01
   7.8687060e+06   4.2663574e+01
   7.8689070e+06   3.0578613e+01
   7.8689360e+06   3.7658691e+01
   7.8691440e+06   3.2104492e+01
   7.8694600e+06   3.8574219e+01
   7.8695290e+06   3.4057617e+01
   7.8695830e+06   2.9724121e+01
   7.8697570e+06   4.7119141e+01
   7.8702860e+06   4.0039062e+01
   7.8712060e+06   3.1738281e+01
   7.8717910e+06   2.8808594e+01
   7.9459580e+06   2.9785156e+01
   7.9577860e+06   3.0761719e+01
   7.9875930e+06   3.6132812e+01
   7.9876310e+06   4.9316406e+01
   7.9877220e+06   5.4931641e+01
   7.9877350e+06   3.0029297e+01
   7.9877480e+06   2.9907227e+01
   7.9877750e+06   5.8654785e+01
   7.9878860e+06   5.0964355e+01
   7.9879060e+06   2.9357910e+01
   7.9879310e+06   4.0161133e+01
   7.9880070e+06   2.9541016e+01
   7.9881200e+06   3.2409668e+01
   7.9881570e+06   3.9001465e+01
   7.9882830e+06   2.9541016e+01
   7.9883470e+06   2.9968262e+01
   7.9884730e+06   3.0944824e+01
   7.9885620e+06   3.6010742e+01
   7.9885850e+06   3.1616211e+01
   7.9888600e+06   3.3264160e+01
   7.9890570e+06   3.5278320e+01
   7.9891580e+06   3.0151367e+01
   7.9892910e+06   4.3579102e+01
   7.9894240e+06   3.0456543e+01
   7.9895630e+06   4.7241211e+01
   7.9898390e+06   4.5837402e+01
   7.9899990e+06   3.2409668e+01
   7.9900550e+06   2.9907227e+01
   7.9902940e+06   3.8024902e+01
   7.9905070e+06   3.8208008e+01
   7.9906680e+06   2.9907227e+01
   7.9907470e+06   3.6193848e+01
   7.9909400e+06   3.1188965e+01
   7.9916240e+06   3.2165527e+01
   7.9917330e+06   3.1127930e+01
   8.0683470e+06   3.4179688e+01
   8.1186680e+06   3.8452148e+01
   8.1186860e+06   6.0546875e+01
   8.1187690e+06   5.1147461e+01
   8.1187930e+06   3.6499023e+01
   8.1188120e+06   2.9296875e+01
   8.1188630e+06   3.2287598e+01
   8.1189020e+06   3.2775879e+01
   8.1189170e+06   3.6865234e+01
   8.1189500e+06   4.8950195e+01
   8.1189860e+06   3.4240723e+01
   8.1190100e+06   3.3203125e+01
   8.1190360e+06   3.3142090e+01
   8.1190860e+06   4.4128418e+01
   8.1191340e+06   3.0700684e+01
   8.1191730e+06   2.8808594e+01
   8.1192010e+06   3.1250000e+01
   8.1192570e+06   3.1921387e+01
   8.1194210e+06   3.2043457e+01
   8.1194930e+06   2.9357910e+01
   8.1195950e+06   3.0334473e+01
   8.1198580e+06   3.0944824e+01
   8.1200740e+06   3.3874512e+01
   8.1201490e+06   3.9733887e+01
   8.1204890e+06   3.2104492e+01
   8.1205300e+06   2.8747559e+01
   8.1206040e+06   3.6560059e+01
   8.1209000e+06   3.9794922e+01
   8.1209740e+06   2.9907227e+01
   8.1211610e+06   4.7180176e+01
   8.1213180e+06   3.3874512e+01
   8.1214830e+06   3.1372070e+01
   8.1219920e+06   3.5400391e+01
   8.1397600e+06   3.3203125e+01
   8.2310060e+06   3.0395508e+01
   8.2362230e+06   2.9357910e+01
   8.2437790e+06   5.7739258e+01
   8.2438290e+06   2.9602051e+01
   8.2438870e+06   6.3293457e+01
   8.2439230e+06   3.3203125e+01
   8.2439460e+06   4.4799805e+01
   8.2439560e+06   3.3264160e+01
   8.2439720e+06   3.1860352e+01
   8.2439970e+06   3.0151367e+01
   8.2440070e+06   3.8330078e+01
   8.2440790e+06   5.0109863e+01
   8.2440910e+06   3.7170410e+01
   8.2441470e+06   3.2897949e+01
   8.2441940e+06   3.4240723e+01
   8.2442140e+06   3.7292480e+01
   8.2442710e+06   3.5949707e+01
   8.2444200e+06   3.1799316e+01
   8.2444380e+06   4.0893555e+01
   8.2445490e+06   3.1188965e+01
   8.2445600e+06   3.2165527e+01
   8.2447170e+06   3.8452148e+01
   8.2449090e+06   3.5522461e+01
   8.2451920e+06   5.6335449e+01
   8.2452930e+06   2.9479980e+01
   8.3144200e+06   3.4057617e+01
   8.3723630e+06   3.4667969e+01
   8.3724060e+06   3.0761719e+01
   8.3724490e+06   3.9611816e+01
   8.3725200e+06   3.6560059e+01
   8.3725350e+06   6.4270020e+01
   8.3725820e+06   4.9743652e+01
   8.3726310e+06   3.2043457e+01
   8.3726590e+06   3.3386230e+01
   8.3726820e+06   4.8034668e+01
   8.3727190e+06   3.5339355e+01
   8.3727420e+06   2.8808594e+01
   8.3728220e+06   3.8574219e+01
   8.3729130e+06   3.1372070e+01
   8.3729870e+06   3.3081055e+01
   8.3730090e+06   4.8278809e+01
   8.3730840e+06   2.9357910e+01
   8.3731870e+06   4.5288086e+01
   8.3733750e+06   3.1738281e+01
   8.3734510e+06   2.8991699e+01
   8.3736330e+06   5.1513672e+01
   8.3741650e+06   2.8930664e+01
   8.3743260e+06   3.4240723e+01
   8.3743560e+06   3.3447266e+01
   8.3744190e+06   2.9846191e+01
   8.3747490e+06   2.9724121e+01
   8.4414270e+06   4.8706055e+01
   8.4414920e+06   3.1616211e+01
   8.4415230e+06   3.4606934e+01
   8.4416220e+06   3.0639648e+01
   8.4416600e+06   3.8818359e+01
   8.4417160e+06   5.7373047e+01
   8.4418220e+06   3.9001465e+01
   8.4418770e+06   2.8747559e+01
   8.4418980e+06   6.2866211e+01
   8.4419210e+06   2.9479980e+01
   8.4419460e+06   3.1738281e+01
   8.4420050e+06   2.9113770e+01
   8.4420940e+06   2.9174805e+01
   8.4421280e+06   3.0273438e+01
   8.4421780e+06   3.9123535e+01
   8.4421890e+06   3.7780762e+01
   8.4422040e+06   3.3325195e+01
   8.4422320e+06   2.9296875e+01
   8.4422760e+06   3.0273438e+01
   8.4423910e+06   4.0832520e+01
   8.4424510e+06   3.4057617e+01
   8.4424970e+06   3.4667969e+01
   8.4425240e+06   2.9052734e+01
   8.4429980e+06   4.6020508e+01
   8.4430480e+06   3.0273438e+01
   8.4433800e+06   3.4667969e+01
   8.4438180e+06   2.9785156e+01
   8.4440200e+06   3.3081055e+01
   8.4443110e+06   2.9418945e+01
   8.4449360e+06   2.9235840e+01
   8.5993920e+06   3.2592773e+01
   8.5994360e+06   5.7800293e+01
   8.5994590e+06   6.4636230e+01
   8.5995790e+06   2.9052734e+01
   8.5995900e+06   3.8269043e+01
   8.5996780e+06   4.1320801e+01
   8.5997290e+06   3.0212402e+01
   8.5997510e+06   3.0761719e+01
   8.5998030e+06   4.8156738e+01
   8.5998340e+06   3.0334473e+01
   8.5998760e+06   3.0883789e+01
   8.5999250e+06   3.8879395e+01
   8.5999490e+06   3.0029297e+01
   8.5999790e+06   3.3203125e+01
   8.6000380e+06   3.2409668e+01
   8.6002610e+06   4.9377441e+01
   8.6004020e+06   3.1494141e+01
   8.6006650e+06   3.5522461e+01
   8.6007450e+06   3.0273438e+01
   8.6011670e+06   3.5705566e+01
   8.6024480e+06   3.1005859e+01
   8.6026590e+06   2.9052734e+01
   8.6674350e+06   2.9663086e+01
   8.7442730e+06   3.2897949e+01
   8.8224790e+06   3.4912109e+01
   8.8225150e+06   3.0212402e+01
   8.8225390e+06   5.9143066e+01
   8.8225640e+06   3.3264160e+01
   8.8226440e+06   4.6752930e+01
   8.8226570e+06   2.8930664e+01
   8.8226910e+06   3.0090332e+01
   8.8227140e+06   5.0842285e+01
   8.8228300e+06   3.7780762e+01
   8.8228560e+06   2.9602051e+01
   8.8228720e+06   5.3771973e+01
   8.8229480e+06   4.4860840e+01
   8.8229770e+06   4.2724609e+01
   8.8230330e+06   3.0944824e+01
   8.8230880e+06   3.0273438e+01
   8.8231760e+06   3.6315918e+01
   8.8232590e+06   4.0283203e+01
   8.8232990e+06   3.4667969e+01
   8.8233820e+06   3.3752441e+01
   8.8237050e+06   3.2165527e+01
   8.8237290e+06   2.9541016e+01
   8.8239300e+06   5.1391602e+01
   8.8255310e+06   3.3447266e+01
   8.8258980e+06   2.9602051e+01
   8.8263560e+06   3.6804199e+01
   8.9951840e+06   5.7312012e+01
   8.9952280e+06   2.9663086e+01
   8.9952390e+06   5.0598145e+01
   8.9952660e+06   4.0039062e+01
   8.9952980e+06   3.7902832e+01
   8.9953190e+06   6.6345215e+01
   8.9953560e+06   5.7617188e+01
   8.9954240e+06   3.5034180e+01
   8.9955080e+06   5.1757812e+01
   8.9955340e+06   3.0517578e+01
   8.9956560e+06   5.5541992e+01
   8.9956970e+06   4.0649414e+01
   8.9957670e+06   3.5705566e+01
   8.9958080e+06   3.1677246e+01
   8.9963610e+06   2.9174805e+01
   8.9965880e+06   4.0893555e+01
   8.9970540e+06   4.4677734e+01
   8.9971450e+06   3.2714844e+01
   8.9973060e+06   4.0649414e+01
   8.9975900e+06   4.4067383e+01
   8.9976830e+06   2.9602051e+01
   8.9979020e+06   4.3457031e+01
   8.9981430e+06   3.0578613e+01
   9.1866060e+06   3.0090332e+01
   9.2323160e+06   3.3142090e+01
   9.2323390e+06   3.0700684e+01
   9.2323970e+06   6.2622070e+01
   9.2324150e+06   3.1311035e+01
   9.2324620e+06   3.1982422e+01
   9.2324800e+06   2.8930664e+01
   9.2325220e+06   3.4545898e+01
   9.2325660e+06   2.9663086e+01
   9.2326070e+06   3.0944824e+01
   9.2326250e+06   2.9541016e+01
   9.2326490e+06   2.9357910e+01
   9.2326730e+06   2.8930664e+01
   9.2327250e+06   2.9602051e+01
   9.2327440e+06   2.9418945e+01
   9.2327610e+06   2.8930664e+01
   9.2328400e+06   4.3090820e+01
   9.2328770e+06   2.9113770e+01
   9.2329340e+06   3.1860352e+01
   9.2329450e+06   2.9724121e+01
   9.2330010e+06   2.9174805e+01
   9.2336340e+06   4.2480469e+01
   9.2336710e+06   2.9663086e+01
   9.2339010e+06   3.9245605e+01
   9.2340830e+06   2.9479980e+01
   9.2341750e+06   5.6518555e+01
   9.2342670e+06   3.1921387e+01
   9.2344540e+06   5.2490234e+01
   9.2345560e+06   3.3691406e+01
   9.2346260e+06   2.9907227e+01
   9.2346660e+06   4.2419434e+01
   9.2350010e+06   5.0964355e+01
   9.2352690e+06   3.0456543e+01
   9.2355330e+06   4.2236328e+01
   9.2363730e+06   3.0334473e+01
   9.3007360e+06   3.2653809e+01
   9.3591160e+06   2.9541016e+01
   9.4464790e+06   5.2185059e+01
   9.4465670e+06   5.4199219e+01
   9.4465950e+06   3.3264160e+01
   9.4466460e+06   3.9123535e+01
   9.4466830e+06   2.9235840e+01
   9.4466990e+06   5.8532715e+01
   9.4467260e+06   5.4931641e+01
   9.4468110e+06   3.9184570e+01
   9.4468650e+06   2.9724121e+01
   9.4468810e+06   4.7912598e+01
   9.4469230e+06   3.3020020e+01
   9.4469950e+06   3.0212402e+01
   9.4470650e+06   3.7292480e+01
   9.4471260e+06   2.8503418e+01
   9.4471880e+06   3.2775879e+01
   9.4472190e+06   3.5766602e+01
   9.4473130e+06   2.8747559e+01
   9.4477980e+06   4.2785645e+01
   9.4478430e+06   2.8808594e+01
   9.4481330e+06   4.5166016e+01
   9.4482600e+06   3.2958984e+01
   9.4483510e+06   2.9602051e+01
   9.4484060e+06   3.0090332e+01
   9.4487530e+06   2.9296875e+01
   9.4487800e+06   3.8513184e+01
   9.4492170e+06   4.5776367e+01
   9.4492600e+06   2.9724121e+01
   9.4494180e+06   4.2907715e+01
   9.4497530e+06   4.0100098e+01
   9.4500680e+06   4.0893555e+01
   9.4503400e+06   3.2653809e+01
   9.4534290e+06   2.8503418e+01
   9.5938380e+06   3.0273438e+01
   9.5938550e+06   6.7260742e+01
   9.5939600e+06   4.4860840e+01
   9.5939700e+06   5.3344727e+01
   9.5940110e+06   3.1433105e+01
   9.5940860e+06   4.8339844e+01
   9.5941110e+06   5.3588867e+01
   9.5942180e+06   3.5095215e+01
   9.5942760e+06   5.5786133e+01
   9.5943040e+06   3.7414551e+01
   9.5943290e+06   4.2968750e+01
   9.5943570e+06   3.4301758e+01
   9.5944100e+06   3.4973145e+01
   9.5944390e+06   3.1799316e+01
   9.5944540e+06   2.9846191e+01
   9.5945590e+06   3.4790039e+01
   9.5946050e+06   2.9602051e+01
   9.5947130e+06   3.2531738e+01
   9.5948910e+06   3.1799316e+01
   9.5949250e+06   3.0212402e+01
   9.5950420e+06   4.3273926e+01
   9.5952300e+06   3.2470703e+01
   9.5952810e+06   3.0395508e+01
   9.5954160e+06   4.1198730e+01
   9.5955230e+06   3.7658691e+01
   9.5956550e+06   3.0151367e+01
   9.5957140e+06   3.1066895e+01
   9.5960110e+06   4.5898438e+01
   9.5961570e+06   2.8625488e+01
   9.5963150e+06   2.9174805e+01
   9.5965000e+06   3.6071777e+01
   9.5968530e+06   2.8686523e+01
   9.5970390e+06   3.8513184e+01
   9.6005070e+06   2.9052734e+01
   9.7903960e+06   3.0578613e+01
   9.7904180e+06   5.2490234e+01
   9.7904510e+06   5.9570312e+01
   9.7904900e+06   2.9174805e+01
   9.7905430e+06   4.8950195e+01
   9.7905790e+06   5.6152344e+01
   9.7906110e+06   2.8808594e+01
   9.7906570e+06   2.8747559e+01
   9.7906820e+06   4.2480469e+01
   9.7907040e+06   4.1320801e+01
   9.7907690e+06   2.9663086e+01
   9.7908050e+06   4.3579102e+01
   9.7908230e+06   4.0344238e+01
   9.7908490e+06   3.4729004e+01
   9.7909080e+06   2.9785156e+01
   9.7909530e+06   3.2470703e+01
   9.7909850e+06   3.2470703e+01
   9.7910090e+06   4.5532227e+01
   9.7910480e+06   2.9968262e+01
   9.7910740e+06   2.9357910e+01
   9.7912270e+06   3.0944824e+01
   9.7913720e+06   3.1738281e+01
   9.7916180e+06   2.9907227e+01
   9.7916610e+06   3.0456543e+01
   9.7918110e+06   3.0517578e+01
   9.7918540e+06   3.6315918e+01
   9.7922260e+06   4.6264648e+01
   9.7923360e+06   2.9357910e+01
   9.7924330e+06   3.1127930e+01
   9.7924860e+06   2.9479980e+01
   9.7925180e+06   3.6865234e+01
   9.7926160e+06   2.9663086e+01
   9.7927640e+06   2.9846191e+01
   9.7928230e+06   4.4982910e+01
   9.7929200e+06   2.8686523e+01
   9.7929760e+06   3.5400391e+01
   9.7934120e+06   4.1137695e+01
   9.7981880e+06   2.9052734e+01
   9.9480250e+06   3.0639648e+01
   9.9480380e+06   3.3752441e+01
   9.9480700e+06   3.6499023e+01
   9.9481350e+06   6.1157227e+01
   9.9481660e+06   4.4372559e+01
   9.9481930e+06   3.3752441e+01
   9.9482060e+06   4.6691895e+01
   9.9482370e+06   4.6447754e+01
   9.9482490e+06   3.9245605e+01
   9.9483330e+06   2.8686523e+01
   9.9484110e+06   4.5837402e+01
   9.9484410e+06   4.0100098e+01
   9.9485040e+06   3.0700684e+01
   9.9485460e+06   3.3813477e+01
   9.9486380e+06   5.4077148e+01
   9.9487390e+06   2.8686523e+01
   9.9487940e+06   2.9357910e+01
   9.9488400e+06   4.8034668e+01
   9.9488790e+06   3.3203125e+01
   9.9490980e+06   3.9611816e+01
   9.9493530e+06   2.9785156e+01
   9.9495330e+06   3.0639648e+01
   9.9495920e+06   2.9907227e+01
   9.9496310e+06   4.2114258e+01
   9.9499090e+06   2.9541016e+01
   9.9500170e+06   5.4809570e+01
   9.9504310e+06   3.2287598e+01
   9.9505480e+06   2.8808594e+01
   9.9507310e+06   3.1921387e+01
   9.9511280e+06   2.9724121e+01
   9.9547350e+06   2.9479980e+01
   1.0047276e+07   2.8869629e+01
   1.0075038e+07   2.8503418e+01
   1.0080822e+07   2.8869629e+01
   1.0252209e+07   2.8747559e+01
   1.0252247e+07   3.1738281e+01
   1.0252273e+07   6.3598633e+01
   1.0252303e+07   6.0607910e+01
   1.0252356e+07   3.2836914e+01
   1.0252381e+07   2.9846191e+01
   1.0252407e+07   3.2043457e+01
   1.0252440e+07   4.0954590e+01
   1.0252469e+07   4.4311523e+01
   1.0252487e+07   3.7780762e+01
   1.0252520e+07   4.7119141e+01
   1.0252553e+07   4.0954590e+01
   1.0252610e+07   2.8869629e+01
   1.0252635e+07   4.8461914e+01
   1.0252688e+07   3.4057617e+01
   1.0252713e+07   3.4240723e+01
   1.0252745e+07   2.8808594e+01
   1.0252755e+07   3.2348633e+01
   1.0252810e+07   2.8747559e+01
   1.0252824e+07   2.9663086e+01
   1.0252887e+07   3.1372070e+01
   1.0252925e+07   3.2409668e+01
   1.0252986e+07   2.8930664e+01
   1.0253256e+07   3.2836914e+01
   1.0253583e+07   3.1311035e+01
   1.0253669e+07   4.5593262e+01
   1.0253980e+07   3.1066895e+01
   1.0254134e+07   3.0456543e+01
   1.0254240e+07   3.6376953e+01
   1.0254309e+07   2.8564453e+01
   1.0254633e+07   3.6804199e+01
   1.0254735e+07   3.0334473e+01
   1.0254886e+07   2.9052734e+01
   1.0255306e+07   3.8635254e+01
   1.0255754e+07   3.6193848e+01
   1.0363955e+07   2.8808594e+01
   1.0411810e+07   2.8747559e+01
   1.0484741e+07   3.1372070e+01
   1.0484757e+07   6.4025879e+01
   1.0484810e+07   6.6955566e+01
   1.0484855e+07   3.3691406e+01
   1.0484866e+07   4.1625977e+01
   1.0484897e+07   4.2236328e+01
   1.0484928e+07   4.3457031e+01
   1.0484965e+07   2.9724121e+01
   1.0484979e+07   3.5827637e+01
   1.0484989e+07   2.9113770e+01
   1.0485038e+07   3.1433105e+01
   1.0485058e+07   3.6743164e+01
   1.0485078e+07   3.9123535e+01
   1.0485097e+07   3.5766602e+01
   1.0485119e+07   3.0517578e+01
   1.0485147e+07   3.3264160e+01
   1.0485208e+07   3.5827637e+01
   1.0485234e+07   3.1372070e+01
   1.0485275e+07   3.3325195e+01
   1.0485350e+07   3.4729004e+01
   1.0485458e+07   2.9296875e+01
   1.0485742e+07   3.6376953e+01
   1.0485968e+07   4.1137695e+01
   1.0486256e+07   5.3161621e+01
   1.0486543e+07   3.5400391e+01
   1.0486584e+07   3.1616211e+01
   1.0486611e+07   4.1748047e+01
   1.0486809e+07   3.4362793e+01
   1.0487007e+07   3.9672852e+01
   1.0487196e+07   4.4921875e+01
   1.0487332e+07   3.6376953e+01
   1.0487404e+07   3.3935547e+01
   1.0487661e+07   3.0578613e+01
   1.0487714e+07   4.0588379e+01
   1.0487878e+07   2.8991699e+01
   1.0487914e+07   2.9357910e+01
   1.0488163e+07   3.2531738e+01
   1.0488441e+07   3.0761719e+01
   1.0515255e+07   3.1372070e+01
   1.0607620e+07   3.0151367e+01
   1.0607677e+07   3.4729004e+01
   1.0607724e+07   7.1533203e+01
   1.0607740e+07   3.4545898e+01
   1.0607770e+07   4.3579102e+01
   1.0607782e+07   2.8869629e+01
   1.0607818e+07   3.0212402e+01
   1.0607853e+07   2.9541016e+01
   1.0607884e+07   3.1677246e+01
   1.0607910e+07   2.9602051e+01
   1.0607943e+07   4.1870117e+01
   1.0607982e+07   5.2856445e+01
   1.0608000e+07   4.3884277e+01
   1.0608085e+07   4.0527344e+01
   1.0608139e+07   6.3781738e+01
   1.0608175e+07   3.0090332e+01
   1.0608266e+07   2.9663086e+01
   1.0608450e+07   2.8869629e+01
   1.0608475e+07   3.0090332e+01
   1.0608521e+07   5.4382324e+01
   1.0608763e+07   4.2907715e+01
   1.0608948e+07   3.0395508e+01
   1.0609008e+07   3.0578613e+01
   1.0609138e+07   2.9479980e+01
   1.0609217e+07   2.8564453e+01
   1.0609236e+07   4.6813965e+01
   1.0609526e+07   4.2480469e+01
   1.0609702e+07   2.9968262e+01
   1.0609770e+07   3.6254883e+01
   1.0609951e+07   3.2653809e+01
   1.0610208e+07   2.9907227e+01
   1.0610793e+07   2.9663086e+01
   1.0610818e+07   2.9602051e+01
   1.0611080e+07   3.1494141e+01
   1.0615718e+07   2.9357910e+01
   1.0719093e+07   6.4941406e+01
   1.0719119e+07   2.9418945e+01
   1.0719175e+07   5.5725098e+01
   1.0719185e+07   3.9001465e+01
   1.0719215e+07   4.0771484e+01
   1.0719282e+07   2.9174805e+01
   1.0719328e+07   3.3691406e+01
   1.0719347e+07   2.8625488e+01
   1.0719375e+07   5.9936523e+01
   1.0719461e+07   3.7963867e+01
   1.0719491e+07   2.9785156e+01
   1.0719504e+07   3.3935547e+01
   1.0719555e+07   3.1066895e+01
   1.0719592e+07   3.6437988e+01
   1.0719615e+07   2.8808594e+01
   1.0719789e+07   5.0415039e+01
   1.0719810e+07   2.8808594e+01
   1.0719955e+07   2.9602051e+01
   1.0720094e+07   4.3029785e+01
   1.0720237e+07   2.9541016e+01
   1.0720680e+07   4.0954590e+01
   1.0720967e+07   2.8930664e+01
   1.0721112e+07   4.1320801e+01
   1.0721307e+07   3.0578613e+01
   1.0721393e+07   4.5166016e+01
   1.0721622e+07   3.5339355e+01
   1.0721966e+07   3.0883789e+01
   1.0722182e+07   3.0029297e+01
   1.0722479e+07   3.8391113e+01
   1.0722521e+07   2.9052734e+01
   1.0786505e+07   3.0456543e+01
   1.0822211e+07   5.1147461e+01
   1.0822241e+07   3.3691406e+01
   1.0822355e+07   6.5917969e+01
   1.0822395e+07   3.1677246e+01
   1.0822449e+07   3.6682129e+01
   1.0822490e+07   4.6936035e+01
   1.0822564e+07   5.4138184e+01
   1.0822591e+07   2.9479980e+01
   1.0822709e+07   2.9113770e+01
   1.0822727e+07   4.9682617e+01
   1.0822790e+07   3.2531738e+01
   1.0822963e+07   4.3029785e+01
   1.0822976e+07   3.3752441e+01
   1.0823032e+07   3.1066895e+01
   1.0823147e+07   2.9235840e+01
   1.0823204e+07   3.7414551e+01
   1.0823558e+07   4.8095703e+01
   1.0823817e+07   4.4982910e+01
   1.0823845e+07   2.8564453e+01
   1.0824130e+07   4.0466309e+01
   1.0824447e+07   3.4545898e+01
   1.0824649e+07   3.7353516e+01
   1.0824863e+07   3.0151367e+01
   1.0824914e+07   3.5949707e+01
   1.0825162e+07   3.4118652e+01
   1.0825302e+07   2.9663086e+01
   1.0825324e+07   2.9663086e+01
   1.0825557e+07   3.5827637e+01
   1.0827115e+07   2.8686523e+01
   1.0943654e+07   3.1066895e+01
   1.0943672e+07   5.5664062e+01
   1.0943706e+07   2.9174805e+01
   1.0943736e+07   3.0944824e+01
   1.0943760e+07   8.1115723e+01
   1.0943794e+07   3.1188965e+01
   1.0943862e+07   4.1931152e+01
   1.0943883e+07   3.0395508e+01
   1.0943933e+07   3.3935547e+01
   1.0944018e+07   6.1950684e+01
   1.0944043e+07   4.1198730e+01
   1.0944175e+07   3.0395508e+01
   1.0944258e+07   3.4973145e+01
   1.0944320e+07   2.9296875e+01
   1.0944349e+07   4.3518066e+01
   1.0944431e+07   3.0456543e+01
   1.0944719e+07   4.3701172e+01
   1.0944906e+07   3.2043457e+01
   1.0944960e+07   3.0578613e+01
   1.0945318e+07   4.9865723e+01
   1.0945663e+07   5.3771973e+01
   1.0945988e+07   4.4982910e+01
   1.0946014e+07   2.9602051e+01
   1.0946115e+07   2.8930664e+01
   1.0946490e+07   3.2165527e+01
   1.0948114e+07   3.2470703e+01
   1.0949923e+07   2.8869629e+01
   1.0951761e+07   3.0395508e+01
   1.1071763e+07   3.0395508e+01
   1.1071774e+07   6.0485840e+01
   1.1071812e+07   2.9479980e+01
   1.1071854e+07   3.0883789e+01
   1.1071896e+07   3.1555176e+01
   1.1071935e+07   3.0273438e+01
   1.1071967e+07   2.9235840e+01
   1.1072004e+07   3.2592773e+01
   1.1072019e+07   2.9235840e+01
   1.1072082e+07   3.7841797e+01
   1.1072095e+07   3.8818359e+01
   1.1072168e+07   3.1738281e+01
   1.1072220e+07   3.6376953e+01
   1.1072239e+07   3.0456543e+01
   1.1072292e+07   4.5166016e+01
   1.1072404e+07   3.2409668e+01
   1.1072429e+07   3.4667969e+01
   1.1072448e+07   3.5949707e+01
   1.1072872e+07   4.4494629e+01
   1.1073031e+07   2.8503418e+01
   1.1073452e+07   4.4616699e+01
   1.1074238e+07   3.1494141e+01
   1.1074278e+07   3.1677246e+01
   1.1074805e+07   3.0090332e+01
   1.1142528e+07   2.8503418e+01
   1.1213507e+07   4.0832520e+01
   1.1213528e+07   2.8564453e+01
   1.1213548e+07   2.8625488e+01
   1.1213608e+07   3.0090332e+01
   1.1213634e+07   6.7077637e+01
   1.1213664e+07   3.8146973e+01
   1.1213750e+07   3.1433105e+01
   1.1213782e+07   3.1982422e+01
   1.1213811e+07   4.2785645e+01
   1.1213935e+07   2.8930664e+01
   1.1214002e+07   6.4147949e+01
   1.1214078e+07   3.2165527e+01
   1.1214192e+07   5.0292969e+01
   1.1214221e+07   3.2836914e+01
   1.1214456e+07   3.0761719e+01
   1.1214641e+07   3.1372070e+01
   1.1214700e+07   3.1127930e+01
   1.1215289e+07   2.9479980e+01
   1.1215459e+07   2.9479980e+01
   1.1216132e+07   3.0761719e+01
   1.1216321e+07   3.0395508e+01
   1.1257066e+07   2.8930664e+01
   1.1267923e+07   3.0212402e+01
   1.1323394e+07   5.0415039e+01
   1.1323422e+07   3.1677246e+01
   1.1323499e+07   2.8930664e+01
   1.1323514e+07   5.4565430e+01
   1.1323547e+07   2.8625488e+01
   1.1323576e+07   3.5095215e+01
   1.1323606e+07   3.3081055e+01
   1.1323618e+07   3.3142090e+01
   1.1323654e+07   3.2409668e+01
   1.1323696e+07   3.7719727e+01
   1.1323758e+07   3.1738281e+01
   1.1323773e+07   3.5400391e+01
   1.1323834e+07   3.8879395e+01
   1.1324038e+07   3.7353516e+01
   1.1324256e+07   3.2165527e+01
   1.1324321e+07   5.3649902e+01
   1.1324437e+07   3.0883789e+01
   1.1324560e+07   3.6132813e+01
   1.1324696e+07   3.3386230e+01
   1.1324785e+07   4.2480469e+01
   1.1325160e+07   3.5156250e+01
   1.1325219e+07   2.8503418e+01
   1.1325407e+07   4.5593262e+01
   1.1325717e+07   2.9052734e+01
   1.1325876e+07   3.2226562e+01
   1.1326375e+07   3.1311035e+01
   1.1326557e+07   2.9907227e+01
   1.1326597e+07   2.8625488e+01
   1.1326844e+07   4.1748047e+01
   1.1327040e+07   3.1616211e+01
   1.1327705e+07   2.8930664e+01
   1.1330071e+07   2.8564453e+01
   1.1432013e+07   2.9357910e+01
   1.1452793e+07   6.1889648e+01
   1.1452808e+07   3.9916992e+01
   1.1452894e+07   4.5349121e+01
   1.1452922e+07   4.1259766e+01
   1.1452993e+07   3.8208008e+01
   1.1453052e+07   4.4250488e+01
   1.1453092e+07   3.4606934e+01
   1.1453120e+07   6.0363770e+01
   1.1453228e+07   3.6560059e+01
   1.1453332e+07   3.2775879e+01
   1.1453345e+07   6.1584473e+01
   1.1453513e+07   3.7597656e+01
   1.1453523e+07   3.2775879e+01
   1.1453649e+07   2.9052734e+01
   1.1453743e+07   5.2673340e+01
   1.1454121e+07   3.7292480e+01
   1.1454442e+07   3.6315918e+01
   1.1454524e+07   3.0517578e+01
   1.1454669e+07   3.7414551e+01
   1.1454889e+07   4.4616699e+01
   1.1455048e+07   3.2836914e+01
   1.1455155e+07   2.8503418e+01
   1.1455259e+07   3.0090332e+01
   1.1455374e+07   2.9357910e+01
   1.1455937e+07   4.0771484e+01
   1.1456183e+07   2.8503418e+01
   1.1456402e+07   2.9357910e+01
   1.1456501e+07   3.2287598e+01
   1.1456639e+07   3.1005859e+01
   1.1456650e+07   3.2104492e+01
   1.1456865e+07   3.3264160e+01
   1.1721851e+07   2.9296875e+01
   1.1721883e+07   5.8471680e+01
   1.1721895e+07   3.0334473e+01
   1.1721935e+07   5.7373047e+01
   1.1721964e+07   2.9785156e+01
   1.1721982e+07   3.4118652e+01
   1.1722018e+07   3.1738281e+01
   1.1722047e+07   3.9550781e+01
   1.1722125e+07   2.9846191e+01
   1.1722151e+07   3.5766602e+01
   1.1722175e+07   6.4208984e+01
   1.1722246e+07   3.1860352e+01
   1.1722282e+07   2.9785156e+01
   1.1722363e+07   4.2053223e+01
   1.1722401e+07   3.0273438e+01
   1.1722461e+07   4.2480469e+01
   1.1722587e+07   3.1372070e+01
   1.1722601e+07   3.0761719e+01
   1.1722664e+07   3.0273438e+01
   1.1723156e+07   3.3508301e+01
   1.1723370e+07   3.0822754e+01
   1.1723474e+07   3.6804199e+01
   1.1723824e+07   4.1503906e+01
   1.1724077e+07   3.3447266e+01
   1.1724475e+07   2.9602051e+01
   1.1725635e+07   2.8808594e+01
   1.1799688e+07   3.0578613e+01
   1.1873246e+07   3.0883789e+01
   1.1873267e+07   7.8552246e+01
   1.1873319e+07   6.2866211e+01
   1.1873369e+07   4.4128418e+01
   1.1873387e+07   4.7241211e+01
   1.1873408e+07   3.3935547e+01
   1.1873456e+07   2.9602051e+01
   1.1873474e+07   4.8095703e+01
   1.1873490e+07   4.0527344e+01
   1.1873515e+07   3.9916992e+01
   1.1873532e+07   3.6193848e+01
   1.1873582e+07   5.1391602e+01
   1.1873639e+07   2.8686523e+01
   1.1873655e+07   3.0883789e+01
   1.1873681e+07   3.0639648e+01
   1.1873713e+07   3.2775879e+01
   1.1873750e+07   3.9001465e+01
   1.1873823e+07   2.9785156e+01
   1.1873913e+07   3.9672852e+01
   1.1873973e+07   3.6499023e+01
   1.1874017e+07   3.1555176e+01
   1.1874089e+07   3.7719727e+01
   1.1874190e+07   2.8808594e+01
   1.1874244e+07   2.8503418e+01
   1.1874283e+07   5.0292969e+01
   1.1874472e+07   3.0456543e+01
   1.1874510e+07   3.0639648e+01
   1.1874723e+07   2.8564453e+01
   1.1874947e+07   2.9846191e+01
   1.1875132e+07   2.9724121e+01
   1.1875148e+07   2.9357910e+01
   1.1875401e+07   3.1738281e+01
   1.1875599e+07   4.5288086e+01
   1.1876275e+07   3.2287598e+01
