   1.1999000e+07   0.0000000e+00
   4.7338000e+04   3.6804199e+01
   7.5417000e+04   3.8818359e+01
   9.0478000e+04   3.8452148e+01
   9.0933000e+04   3.7353516e+01
   9.0969000e+04   3.8085938e+01
   9.1103000e+04   3.7048340e+01
   9.1151000e+04   3.6743164e+01
   9.1231000e+04   5.1330566e+01
   9.1271000e+04   3.7109375e+01
   9.1290000e+04   3.6560059e+01
   9.1329000e+04   4.0527344e+01
   9.1492000e+04   3.7231445e+01
   9.1744000e+04   3.6315918e+01
   9.1850000e+04   4.1442871e+01
   9.2014000e+04   3.6499023e+01
   1.0805100e+05   3.7231445e+01
   1.0830400e+05   3.7109375e+01
   1.0838300e+05   4.6691895e+01
   1.0852400e+05   3.6865234e+01
   1.0877800e+05   4.2358398e+01
   1.0879000e+05   3.8818359e+01
   1.0882200e+05   5.8471680e+01
   1.0887100e+05   4.2053223e+01
   1.0890800e+05   3.6315918e+01
   1.0909700e+05   4.4982910e+01
   1.0912400e+05   3.8757324e+01
   1.0938500e+05   4.0283203e+01
   1.0949500e+05   3.7231445e+01
   1.0958800e+05   3.8330078e+01
   1.2355500e+05   3.9916992e+01
   1.2367500e+05   3.8085938e+01
   1.2371300e+05   4.1076660e+01
   1.2373600e+05   3.6376953e+01
   1.2388700e+05   4.4250488e+01
   1.2392000e+05   4.7058105e+01
   1.2394600e+05   3.8513184e+01
   1.2401400e+05   3.9184570e+01
   1.2402600e+05   4.0710449e+01
   1.2421700e+05   4.8583984e+01
   1.2431800e+05   3.6743164e+01
   1.2445300e+05   4.3640137e+01
   1.2502000e+05   3.6743164e+01
   1.4943800e+05   4.0100098e+01
   1.5004400e+05   4.2114258e+01
   1.5012600e+05   3.6193848e+01
   1.5017800e+05   3.7475586e+01
   1.5038200e+05   3.9978027e+01
   1.5053000e+05   4.2297363e+01
   1.5086400e+05   4.0222168e+01
   1.5114900e+05   3.8330078e+01
   1.5130900e+05   3.6315918e+01
   1.6518400e+05   4.0771484e+01
   1.6542000e+05   3.9123535e+01
   1.6564300e+05   4.1503906e+01
   1.6577800e+05   4.2602539e+01
   1.6584600e+05   3.6804199e+01
   1.6586500e+05   3.8452148e+01
   1.6592900e+05   4.6203613e+01
   1.6595300e+05   3.9978027e+01
   1.6600100e+05   3.6193848e+01
   1.6612100e+05   3.8818359e+01
   1.6628900e+05   3.8208008e+01
   1.7846600e+05   4.1809082e+01
   1.7868900e+05   3.7841797e+01
   1.7882400e+05   3.7841797e+01
   1.7953600e+05   4.1137695e+01
   1.9336500e+05   3.6560059e+01
   1.9408600e+05   3.8085938e+01
   1.9421000e+05   3.7353516e+01
   1.9425600e+05   3.9306641e+01
   1.9461400e+05   3.6010742e+01
   1.9472400e+05   3.8391113e+01
   2.0797000e+05   3.9062500e+01
   2.0800300e+05   3.9001465e+01
   2.0841300e+05   5.0842285e+01
   2.0856800e+05   4.2846680e+01
   2.0864600e+05   3.8574219e+01
   2.0881900e+05   3.8269043e+01
   2.0885800e+05   3.6987305e+01
   2.0917200e+05   4.2175293e+01
   2.0921300e+05   4.2907715e+01
   2.0956900e+05   3.6987305e+01
   2.2704500e+05   3.9062500e+01
   2.2708400e+05   3.6499023e+01
   2.2712100e+05   4.0100098e+01
   2.2729400e+05   3.6499023e+01
   2.2738000e+05   4.7546387e+01
   2.2742000e+05   3.6926270e+01
   2.2746800e+05   3.6560059e+01
   2.2750400e+05   3.6193848e+01
   2.2774100e+05   3.7109375e+01
   2.2788000e+05   3.7780762e+01
   2.2790200e+05   3.8696289e+01
   2.2823100e+05   3.8452148e+01
   2.2829400e+05   3.9916992e+01
   2.2881000e+05   4.0283203e+01
   2.4352700e+05   5.4565430e+01
   2.4369000e+05   3.8269043e+01
   2.4386800e+05   4.2236328e+01
   2.4418300e+05   3.6071777e+01
   2.4523600e+05   3.6987305e+01
   2.6067300e+05   4.2968750e+01
   2.6098100e+05   3.9611816e+01
   2.6196100e+05   3.6987305e+01
   2.6251300e+05   3.7597656e+01
   2.8064800e+05   3.8024902e+01
   2.8067100e+05   4.2236328e+01
   2.8085600e+05   3.7048340e+01
   2.8097300e+05   3.6682129e+01
   2.8101300e+05   4.2175293e+01
   2.8104400e+05   4.1076660e+01
   2.8125200e+05   3.7658691e+01
   2.8151200e+05   3.6010742e+01
   2.8173900e+05   3.8085938e+01
   2.8184800e+05   3.8452148e+01
   3.0378200e+05   3.7048340e+01
   3.0382000e+05   3.8330078e+01
   3.0395500e+05   4.5654297e+01
   3.0397900e+05   3.7963867e+01
   3.0399900e+05   4.0283203e+01
   3.0404300e+05   3.8269043e+01
   3.0409700e+05   4.9438477e+01
   3.0416000e+05   4.2846680e+01
   3.0434900e+05   3.6010742e+01
   3.0439900e+05   3.7292480e+01
   3.0459100e+05   4.2358398e+01
   3.0466100e+05   4.0405273e+01
   3.0497600e+05   3.7780762e+01
   5.8125300e+05   3.7658691e+01
   5.8227300e+05   3.6010742e+01
   5.8229100e+05   3.7231445e+01
   5.8250000e+05   3.8330078e+01
   5.8283800e+05   3.8818359e+01
   5.8289400e+05   3.7292480e+01
   5.8563500e+05   3.6987305e+01
   5.8647900e+05   3.6682129e+01
   5.8651800e+05   3.7414551e+01
   5.8674100e+05   3.7536621e+01
   5.8732900e+05   3.7231445e+01
   5.8802800e+05   3.6499023e+01
   5.8827400e+05   3.8757324e+01
   5.8835000e+05   3.7597656e+01
   5.8895100e+05   3.7902832e+01
   5.8972200e+05   3.6560059e+01
   5.9001700e+05   3.7963867e+01
   5.9008900e+05   3.7109375e+01
   5.9016400e+05   2.9541016e+02
   6.2649800e+05   4.4433594e+01
   6.2652800e+05   3.8146973e+01
   6.2667600e+05   3.7902832e+01
   6.2668900e+05   4.3212891e+01
   6.2671700e+05   3.7231445e+01
   6.2676300e+05   4.2297363e+01
   6.2677900e+05   3.8330078e+01
   6.2692300e+05   4.5654297e+01
   6.2696400e+05   3.7353516e+01
   6.2697600e+05   4.2907715e+01
   6.2705400e+05   4.9011230e+01
   6.2710300e+05   4.1564941e+01
   6.2719900e+05   3.7597656e+01
   6.2765500e+05   4.3823242e+01
   6.2789900e+05   3.8085938e+01
   6.2816400e+05   3.6682129e+01
   6.2819600e+05   4.4372559e+01
   6.2827300e+05   3.6621094e+01
   6.2829900e+05   3.6010742e+01
   6.2847300e+05   3.9733887e+01
   6.2854900e+05   3.7536621e+01
   6.2861100e+05   3.6315918e+01
   6.2884300e+05   4.0466309e+01
   6.4314600e+05   3.6926270e+01
   6.4319200e+05   4.7119141e+01
   6.4333900e+05   4.0161133e+01
   6.4342400e+05   4.2358398e+01
   6.4372000e+05   3.6010742e+01
   6.4390900e+05   4.1870117e+01
   6.4393100e+05   3.7048340e+01
   6.4406700e+05   4.7302246e+01
   6.4411100e+05   3.6254883e+01
   6.4417400e+05   3.8330078e+01
   6.4441500e+05   3.9062500e+01
   6.4453100e+05   3.8085938e+01
   6.4517600e+05   4.1442871e+01
   8.1138300e+05   3.7963867e+01
   8.1141500e+05   5.1330566e+01
   8.1143700e+05   5.4870605e+01
   8.1146200e+05   5.2246094e+01
   8.1149100e+05   3.8818359e+01
   8.1151100e+05   4.2358398e+01
   8.1156000e+05   4.4250488e+01
   8.1164400e+05   3.7292480e+01
   8.1169100e+05   4.6325684e+01
   8.1174800e+05   4.0222168e+01
   8.1177700e+05   4.8645020e+01
   8.1181100e+05   3.6987305e+01
   8.1207900e+05   4.1931152e+01
   8.1224900e+05   3.6254883e+01
   8.1271700e+05   3.6682129e+01
   8.1398300e+05   3.9306641e+01
   8.1408200e+05   4.4616699e+01
   8.2995200e+05   3.8208008e+01
   8.3028600e+05   4.2907715e+01
   8.3034300e+05   3.6132812e+01
   8.3039200e+05   4.3579102e+01
   8.3044600e+05   4.7119141e+01
   8.3051000e+05   4.0344238e+01
   8.3069200e+05   3.6315918e+01
   8.3091800e+05   4.1564941e+01
   8.3095400e+05   4.0710449e+01
   8.3097400e+05   3.6376953e+01
   8.3103600e+05   3.8085938e+01
   8.3130900e+05   3.9245605e+01
   8.3167100e+05   4.7058105e+01
   8.3212100e+05   3.8574219e+01
   8.3254100e+05   3.9001465e+01
   8.5229200e+05   3.6376953e+01
   8.5244100e+05   3.6437988e+01
   8.5264300e+05   3.8513184e+01
   8.5268500e+05   3.5949707e+01
   8.5283300e+05   3.7719727e+01
   8.5285600e+05   3.7841797e+01
   8.5287800e+05   4.7851563e+01
   8.5290300e+05   3.5949707e+01
   8.5302700e+05   3.9001465e+01
   8.5304200e+05   3.8085938e+01
   8.5310100e+05   4.2297363e+01
   8.5313200e+05   3.9428711e+01
   8.5321400e+05   3.8085938e+01
   8.5328000e+05   4.2541504e+01
   8.5336600e+05   4.6936035e+01
   8.5344800e+05   3.6437988e+01
   8.5349300e+05   3.7414551e+01
   8.5357000e+05   3.6743164e+01
   8.5362200e+05   3.9367676e+01
   8.5374800e+05   6.3354492e+01
   8.5391000e+05   3.6376953e+01
   8.5410000e+05   3.6682129e+01
   8.5470900e+05   3.7170410e+01
   8.9424600e+05   3.9062500e+01
   8.9430200e+05   3.9062500e+01
   8.9435900e+05   3.9123535e+01
   8.9442200e+05   3.8146973e+01
   8.9445700e+05   3.6437988e+01
   8.9448200e+05   4.0222168e+01
   8.9451900e+05   4.5471191e+01
   8.9466500e+05   3.6010742e+01
   8.9478400e+05   3.8818359e+01
   8.9487200e+05   3.6254883e+01
   8.9488700e+05   3.8208008e+01
   8.9492300e+05   4.5349121e+01
   8.9507000e+05   3.6743164e+01
   8.9523800e+05   3.9794922e+01
   8.9548900e+05   4.1076660e+01
   8.9550100e+05   3.8635254e+01
   8.9566800e+05   4.0893555e+01
   8.9592100e+05   4.2114258e+01
   8.9600400e+05   3.6437988e+01
   9.1354400e+05   3.6071777e+01
   9.1358500e+05   4.9682617e+01
   9.1363300e+05   3.8574219e+01
   9.1367100e+05   3.9001465e+01
   9.1373500e+05   3.5949707e+01
   9.1379100e+05   4.8706055e+01
   9.1394100e+05   3.7902832e+01
   9.1406800e+05   4.7668457e+01
   9.1420200e+05   3.7414551e+01
   9.1428200e+05   4.3701172e+01
   9.1431200e+05   3.7658691e+01
   9.1447100e+05   3.6865234e+01
   9.1453500e+05   3.8024902e+01
   9.1469400e+05   3.9794922e+01
   9.1471200e+05   4.1931152e+01
   9.1530800e+05   3.7109375e+01
   9.1548100e+05   4.1198730e+01
   9.2949100e+05   3.9184570e+01
   9.2974100e+05   3.8146973e+01
   9.2976700e+05   3.9611816e+01
   9.2985900e+05   4.2419434e+01
   9.2992600e+05   3.6804199e+01
   9.2994200e+05   3.9367676e+01
   9.3022300e+05   4.2846680e+01
   9.3073100e+05   3.6437988e+01
   9.3080700e+05   3.7292480e+01
   9.4331300e+05   3.7658691e+01
   9.4336100e+05   3.9123535e+01
   9.4382200e+05   4.1137695e+01
   9.4386900e+05   3.8574219e+01
   9.4394600e+05   4.1442871e+01
   9.4399300e+05   5.0598145e+01
   9.4404800e+05   3.8940430e+01
   9.4413200e+05   3.9001465e+01
   9.4421300e+05   3.9367676e+01
   9.4441800e+05   3.6560059e+01
   9.5538700e+05   3.6376953e+01
   9.5576400e+05   4.0405273e+01
   9.5609000e+05   3.6010742e+01
   9.5616100e+05   3.6743164e+01
   9.5644300e+05   4.0405273e+01
   9.5651100e+05   3.7536621e+01
   9.5677100e+05   3.6621094e+01
   9.6715400e+05   3.9306641e+01
   9.6739300e+05   3.7780762e+01
   9.7886000e+05   3.6437988e+01
   9.7929700e+05   3.6743164e+01
   9.7945800e+05   3.6804199e+01
   9.9031700e+05   3.7353516e+01
   9.9042900e+05   4.0893555e+01
   9.9047000e+05   3.6315918e+01
   9.9059800e+05   3.6071777e+01
   9.9074800e+05   3.6682129e+01
   9.9083000e+05   3.9855957e+01
   9.9138900e+05   3.6193848e+01
   1.0016130e+06   3.6132812e+01
   1.0016730e+06   3.7536621e+01
   1.0024230e+06   3.7170410e+01
   1.0024970e+06   3.8330078e+01
   1.0138740e+06   4.1015625e+01
   1.0140180e+06   4.0588379e+01
   1.0142850e+06   3.7170410e+01
   1.0268550e+06   3.6437988e+01
   1.0370000e+06   4.0710449e+01
   1.0370190e+06   3.6254883e+01
   1.0370560e+06   4.5898438e+01
   1.0371040e+06   3.6743164e+01
   1.0374780e+06   3.9428711e+01
   1.0378530e+06   3.8635254e+01
   1.0380360e+06   4.0161133e+01
   1.0489960e+06   3.7841797e+01
   1.0492510e+06   3.9367676e+01
   1.0499030e+06   4.0039062e+01
   1.0500870e+06   4.3579102e+01
   1.0501090e+06   4.1259766e+01
   1.0612200e+06   3.9550781e+01
   1.0613810e+06   3.6376953e+01
   1.0618910e+06   3.5949707e+01
   1.0621730e+06   4.2175293e+01
   1.0623770e+06   4.3273926e+01
   1.0733280e+06   3.6560059e+01
   1.0737230e+06   3.6621094e+01
   1.0739000e+06   4.5104980e+01
   1.0744730e+06   4.0039062e+01
   1.0857360e+06   3.7719727e+01
   1.0857910e+06   3.6499023e+01
   1.0860180e+06   3.6132812e+01
   1.0860970e+06   4.1687012e+01
   1.0866550e+06   3.7231445e+01
   1.0991020e+06   3.9978027e+01
   1.0991850e+06   3.6499023e+01
   1.1128920e+06   3.6193848e+01
   1.1260850e+06   3.8574219e+01
   1.1265650e+06   3.9306641e+01
   1.1406560e+06   3.7902832e+01
   1.1407110e+06   4.0771484e+01
   1.1408630e+06   3.7841797e+01
   1.1533880e+06   3.6315918e+01
   1.1541340e+06   3.8635254e+01
   1.1542620e+06   3.6376953e+01
   1.1546410e+06   3.6437988e+01
   1.1691320e+06   4.1687012e+01
   1.1693540e+06   4.1076660e+01
   1.1694370e+06   3.7353516e+01
   1.1700820e+06   4.2846680e+01
   1.1854970e+06   3.7170410e+01
   1.2007510e+06   3.7658691e+01
   1.2181820e+06   4.7302246e+01
   1.2185430e+06   3.8513184e+01
   1.2368970e+06   4.0527344e+01
   1.2563370e+06   3.6132812e+01
   1.2563590e+06   3.6376953e+01
   1.2564970e+06   3.8208008e+01
   1.2945840e+06   5.0842285e+01
   1.2946230e+06   4.4860840e+01
   1.2947560e+06   3.8513184e+01
   1.2948380e+06   3.8635254e+01
   1.2949580e+06   3.6682129e+01
   1.2949920e+06   3.6010742e+01
   1.2958340e+06   4.5288086e+01
   1.2958920e+06   3.6743164e+01
   1.2961360e+06   3.6560059e+01
   1.2962360e+06   3.9062500e+01
   1.3283820e+06   3.6437988e+01
   1.3284140e+06   4.3151855e+01
   1.3285230e+06   3.7658691e+01
   1.3285940e+06   4.3029785e+01
   1.3286460e+06   3.8024902e+01
   1.3288430e+06   3.9916992e+01
   1.3290940e+06   4.0344238e+01
   1.3291520e+06   3.8024902e+01
   1.5971960e+06   3.7902832e+01
   1.5972710e+06   3.8879395e+01
   1.5973420e+06   4.4555664e+01
   1.5973740e+06   3.7658691e+01
   1.5974190e+06   3.9245605e+01
   1.5974720e+06   4.0649414e+01
   1.5975180e+06   3.9672852e+01
   1.5975620e+06   3.6743164e+01
   1.5977480e+06   4.5471191e+01
   1.5978640e+06   3.9855957e+01
   1.5979660e+06   3.6376953e+01
   1.5982180e+06   3.6621094e+01
   1.5987370e+06   3.6254883e+01
   1.5994940e+06   3.9611816e+01
   1.6342090e+06   4.1625977e+01
   1.6343390e+06   3.7292480e+01
   1.6343870e+06   4.3701172e+01
   1.6344990e+06   4.6691895e+01
   1.6345390e+06   4.0893555e+01
   1.6345560e+06   3.8085938e+01
   1.6346170e+06   5.0415039e+01
   1.6346430e+06   4.3640137e+01
   1.6346970e+06   3.6376953e+01
   1.6347630e+06   3.6804199e+01
   1.6350800e+06   3.7170410e+01
   1.6351690e+06   3.8574219e+01
   1.6352050e+06   3.7109375e+01
   1.6355990e+06   4.0466309e+01
   1.6359640e+06   4.1564941e+01
   1.6665660e+06   4.4555664e+01
   1.6667950e+06   4.1259766e+01
   1.6668730e+06   4.4006348e+01
   1.6668940e+06   3.6376953e+01
   1.6669360e+06   3.7597656e+01
   1.6671540e+06   3.6621094e+01
   1.6673110e+06   3.6010742e+01
   1.6673820e+06   4.3945312e+01
   1.6675220e+06   4.0893555e+01
   1.6677050e+06   3.6437988e+01
   1.6677550e+06   3.6682129e+01
   1.6680420e+06   3.6132812e+01
   1.6681630e+06   3.9306641e+01
   1.6914970e+06   4.4250488e+01
   1.6915350e+06   3.8024902e+01
   1.6915700e+06   4.2236328e+01
   1.6915870e+06   3.8208008e+01
   1.6916240e+06   3.8146973e+01
   1.6917480e+06   3.7353516e+01
   1.6919480e+06   3.9489746e+01
   1.6920140e+06   4.4189453e+01
   1.6922020e+06   3.7414551e+01
   1.6922210e+06   4.2114258e+01
   1.6926140e+06   3.8635254e+01
   1.7172180e+06   4.2968750e+01
   1.7172470e+06   3.6193848e+01
   1.7172750e+06   4.2114258e+01
   1.7173650e+06   3.8818359e+01
   1.7174190e+06   3.9916992e+01
   1.7174710e+06   3.6376953e+01
   1.7175220e+06   4.0344238e+01
   1.7175810e+06   4.3273926e+01
   1.7176140e+06   3.6926270e+01
   1.7176590e+06   3.6437988e+01
   1.7177710e+06   4.5593262e+01
   1.7179890e+06   4.4128418e+01
   1.7182700e+06   3.6743164e+01
   1.7183620e+06   3.6254883e+01
   1.7183840e+06   3.8330078e+01
   1.7184090e+06   3.7353516e+01
   1.7185250e+06   3.7658691e+01
   1.7186010e+06   3.8513184e+01
   1.7509080e+06   3.9978027e+01
   1.7510190e+06   4.5166016e+01
   1.7512850e+06   4.2297363e+01
   1.7514050e+06   3.6193848e+01
   1.7515020e+06   4.7973633e+01
   1.7516200e+06   3.6010742e+01
   1.7517680e+06   3.6437988e+01
   1.7518490e+06   3.6437988e+01
   1.7518670e+06   4.1137695e+01
   1.7519280e+06   3.7963867e+01
   1.7520340e+06   3.6010742e+01
   1.7524140e+06   3.6315918e+01
   1.7530470e+06   4.1259766e+01
   1.7767280e+06   3.6315918e+01
   1.7769150e+06   3.9611816e+01
   1.7769470e+06   3.7048340e+01
   1.7771110e+06   3.8208008e+01
   1.7771520e+06   4.4006348e+01
   1.7773820e+06   3.7353516e+01
   1.7774390e+06   4.1687012e+01
   1.7776020e+06   4.0649414e+01
   1.7777700e+06   3.7292480e+01
   1.7778170e+06   4.0161133e+01
   1.7780620e+06   3.7475586e+01
   1.7781030e+06   4.1870117e+01
   1.7975060e+06   4.0100098e+01
   1.7975280e+06   3.7170410e+01
   1.7976730e+06   3.8635254e+01
   1.7977210e+06   4.7973633e+01
   1.7977770e+06   3.6560059e+01
   1.7979930e+06   3.6743164e+01
   1.7980740e+06   3.6010742e+01
   1.7988870e+06   4.4311523e+01
   1.8167390e+06   4.2907715e+01
   1.8169050e+06   3.6376953e+01
   1.8171480e+06   3.5949707e+01
   1.8172790e+06   4.3579102e+01
   1.8174200e+06   4.1381836e+01
   1.8174710e+06   3.7353516e+01
   1.8176360e+06   3.6682129e+01
   1.8178060e+06   3.6376953e+01
   1.8178420e+06   4.0649414e+01
   1.8340110e+06   3.6010742e+01
   1.8346430e+06   4.2114258e+01
   1.8350230e+06   4.2236328e+01
   1.8355840e+06   3.5949707e+01
   1.8493910e+06   3.6743164e+01
   1.8498750e+06   3.8818359e+01
   1.8499360e+06   3.6437988e+01
   1.8501220e+06   4.3029785e+01
   1.8502940e+06   3.7597656e+01
   1.8507220e+06   3.6315918e+01
   1.8509500e+06   3.7231445e+01
   1.8638970e+06   3.8940430e+01
   1.8640620e+06   3.9672852e+01
   1.8774340e+06   3.8208008e+01
   1.8901530e+06   3.8513184e+01
   1.8901830e+06   3.6376953e+01
   1.9031420e+06   4.1076660e+01
   1.9160870e+06   3.6193848e+01
   1.9295390e+06   3.6499023e+01
   1.9430370e+06   4.1137695e+01
   1.9854840e+06   4.0161133e+01
   1.9855060e+06   3.8757324e+01
   1.9863880e+06   3.6743164e+01
   2.0023900e+06   3.8818359e+01
   2.0182620e+06   3.7292480e+01
   2.0341670e+06   4.4250488e+01
   2.0342110e+06   4.1320801e+01
   2.0517550e+06   3.9001465e+01
   2.0715150e+06   3.8208008e+01
   2.4805720e+06   4.7485352e+01
   2.4806790e+06   4.5227051e+01
   2.4807730e+06   5.2185059e+01
   2.4808110e+06   4.2297363e+01
   2.4808560e+06   3.6865234e+01
   2.4808940e+06   3.8024902e+01
   2.4809140e+06   4.8706055e+01
   2.4809780e+06   5.2917480e+01
   2.4809970e+06   3.7841797e+01
   2.4810780e+06   3.9306641e+01
   2.4813750e+06   4.0344238e+01
   2.4828030e+06   4.0100098e+01
   2.4829490e+06   3.6621094e+01
   2.4830930e+06   3.6865234e+01
   2.4839150e+06   3.6560059e+01
   2.5212590e+06   4.0100098e+01
   2.5212690e+06   3.7780762e+01
   2.5214140e+06   3.7963867e+01
   2.5214530e+06   4.0649414e+01
   2.5216500e+06   3.6010742e+01
   2.5216770e+06   4.7424316e+01
   2.5217430e+06   3.8085938e+01
   2.5218850e+06   3.7780762e+01
   2.5219090e+06   4.0832520e+01
   2.5219700e+06   4.5166016e+01
   2.5220050e+06   3.7597656e+01
   2.5226010e+06   3.8269043e+01
   2.5229020e+06   3.7109375e+01
   2.5230860e+06   4.0100098e+01
   2.5509300e+06   4.0832520e+01
   2.5509950e+06   3.6010742e+01
   2.5510060e+06   3.6560059e+01
   2.5510370e+06   4.2053223e+01
   2.5510870e+06   4.0222168e+01
   2.5511450e+06   4.3640137e+01
   2.5511760e+06   3.6437988e+01
   2.5512180e+06   3.9062500e+01
   2.5512420e+06   5.4748535e+01
   2.5512870e+06   4.0588379e+01
   2.5513780e+06   3.7231445e+01
   2.5514010e+06   5.0415039e+01
   2.5514620e+06   4.2358398e+01
   2.5514920e+06   4.3823242e+01
   2.5515050e+06   4.7302246e+01
   2.5515740e+06   3.6071777e+01
   2.5516230e+06   3.9367676e+01
   2.5519360e+06   3.6010742e+01
   2.5522430e+06   3.7719727e+01
   2.5770950e+06   3.7048340e+01
   2.5771380e+06   4.1564941e+01
   2.5774640e+06   3.6682129e+01
   2.5774800e+06   3.7536621e+01
   2.5775340e+06   3.9367676e+01
   2.5776040e+06   4.5410156e+01
   2.5777700e+06   4.0344238e+01
   2.5779640e+06   3.7841797e+01
   2.5782110e+06   4.0283203e+01
   2.5782960e+06   3.8146973e+01
   2.5784440e+06   3.6010742e+01
   2.5788500e+06   4.1809082e+01
   2.5792840e+06   3.7963867e+01
   2.6008680e+06   3.7719727e+01
   2.6009000e+06   4.4616699e+01
   2.6009680e+06   4.0466309e+01
   2.6010660e+06   3.7780762e+01
   2.6012160e+06   4.2053223e+01
   2.6012930e+06   3.9306641e+01
   2.6014090e+06   3.8085938e+01
   2.6015370e+06   4.1015625e+01
   2.6016040e+06   3.7963867e+01
   2.6016300e+06   3.6071777e+01
   2.6017540e+06   3.7719727e+01
   2.6020300e+06   3.8757324e+01
   2.6026020e+06   3.9123535e+01
   2.6243870e+06   4.2358398e+01
   2.6246370e+06   3.6437988e+01
   2.6247420e+06   3.6071777e+01
   2.6249940e+06   3.6437988e+01
   2.6250550e+06   4.2541504e+01
   2.6250860e+06   3.9001465e+01
   2.6251680e+06   4.2114258e+01
   2.6253280e+06   3.8269043e+01
   2.6254940e+06   3.8208008e+01
   2.6255110e+06   3.5949707e+01
   2.6443640e+06   4.2846680e+01
   2.6443950e+06   3.7353516e+01
   2.6445680e+06   4.1625977e+01
   2.6445850e+06   3.8940430e+01
   2.6449040e+06   4.1870117e+01
   2.6451830e+06   3.7109375e+01
   2.6622650e+06   4.0832520e+01
   2.6624250e+06   3.6987305e+01
   2.6625290e+06   3.7658691e+01
   2.6627610e+06   4.6936035e+01
   2.6628240e+06   4.6203613e+01
   2.6629800e+06   4.7180176e+01
   2.6632340e+06   4.0527344e+01
   2.6635990e+06   4.2480469e+01
   2.6637870e+06   3.7719727e+01
   2.6806050e+06   4.0039062e+01
   2.6808300e+06   3.8024902e+01
   2.6976200e+06   3.6132812e+01
   2.6977120e+06   3.6193848e+01
   2.6977620e+06   3.9672852e+01
   2.6979740e+06   4.5104980e+01
   2.6980690e+06   3.8452148e+01
   2.6981890e+06   3.8940430e+01
   2.6986090e+06   3.6254883e+01
   2.6988200e+06   4.0771484e+01
   2.6990510e+06   3.8757324e+01
   2.7144980e+06   4.0710449e+01
   2.7145650e+06   3.6376953e+01
   2.7148260e+06   3.7536621e+01
   2.7315200e+06   5.0842285e+01
   2.7318050e+06   4.2297363e+01
   2.7321530e+06   4.0649414e+01
   2.7323640e+06   3.6560059e+01
   2.7328360e+06   4.2358398e+01
   2.7498130e+06   3.8940430e+01
   2.7503810e+06   3.6865234e+01
   2.7506430e+06   3.6926270e+01
   2.7698810e+06   4.0405273e+01
   2.7700850e+06   3.7231445e+01
   2.7896250e+06   4.1564941e+01
   2.7896590e+06   3.7109375e+01
   2.7897240e+06   3.6193848e+01
   2.7898230e+06   3.7353516e+01
   2.7899990e+06   3.9001465e+01
   2.7900200e+06   4.2480469e+01
   2.7905160e+06   3.9306641e+01
   2.8112240e+06   3.8269043e+01
   3.0278960e+06   4.0832520e+01
   3.0279270e+06   3.6010742e+01
   3.0279910e+06   3.7597656e+01
   3.0281260e+06   3.7109375e+01
   3.0282320e+06   3.6743164e+01
   3.0284070e+06   4.6508789e+01
   3.0778970e+06   3.5949707e+01
   3.0781790e+06   4.2175293e+01
   3.0782190e+06   3.6437988e+01
   3.0782810e+06   3.7841797e+01
   3.0785610e+06   3.9367676e+01
   3.0787730e+06   3.6682129e+01
   3.1173200e+06   3.5949707e+01
   3.1173990e+06   4.5593262e+01
   3.1175010e+06   3.6560059e+01
   3.1177010e+06   3.7963867e+01
   3.1177720e+06   3.6804199e+01
   3.1178960e+06   4.8950195e+01
   3.1183900e+06   3.6437988e+01
   3.1185170e+06   3.9855957e+01
   3.1576980e+06   3.9916992e+01
   3.1577250e+06   4.2724609e+01
   3.1577730e+06   3.7231445e+01
   3.1578230e+06   3.7536621e+01
   3.1579040e+06   3.9123535e+01
   3.1579630e+06   3.6804199e+01
   3.1580260e+06   3.6376953e+01
   3.1581670e+06   3.9428711e+01
   3.1582510e+06   4.2175293e+01
   3.1583970e+06   3.9306641e+01
   3.1906300e+06   4.2541504e+01
   3.1910420e+06   3.9245605e+01
   3.2448740e+06   3.6071777e+01
   3.2450050e+06   3.9428711e+01
   3.2454070e+06   3.9306641e+01
   3.2455870e+06   3.5949707e+01
   3.2456570e+06   3.8146973e+01
   3.2461000e+06   3.9123535e+01
   3.2461850e+06   3.7841797e+01
   3.2468000e+06   4.4372559e+01
   3.2906470e+06   4.0527344e+01
   3.2908470e+06   3.6987305e+01
   3.2910660e+06   3.9245605e+01
   3.2916320e+06   3.7048340e+01
   3.2916800e+06   4.1992188e+01
   3.2917340e+06   3.8757324e+01
   3.2921870e+06   3.7170410e+01
   3.3291740e+06   3.9855957e+01
   3.3302130e+06   3.8635254e+01
   3.3310010e+06   3.7780762e+01
   3.3311900e+06   3.7292480e+01
   3.3881360e+06   4.3090820e+01
   3.3893870e+06   4.0649414e+01
   3.3897220e+06   3.9855957e+01
   3.4333750e+06   3.9794922e+01
   3.4336130e+06   4.1931152e+01
   3.4341700e+06   3.7170410e+01
   3.4563050e+06   3.6682129e+01
   3.4569310e+06   3.6987305e+01
   3.4570980e+06   3.6132812e+01
   3.4867640e+06   3.6071777e+01
   3.4873380e+06   4.1015625e+01
   3.4874850e+06   3.8330078e+01
   3.4876950e+06   4.7119141e+01
   3.4880420e+06   3.7536621e+01
   3.4884310e+06   3.6621094e+01
   3.4886370e+06   4.0466309e+01
   3.5342870e+06   3.7536621e+01
   3.5347670e+06   3.6010742e+01
   3.5348590e+06   4.1809082e+01
   3.5351190e+06   3.7170410e+01
   3.5353570e+06   4.0527344e+01
   3.5353970e+06   4.8034668e+01
   3.5361270e+06   3.9672852e+01
   3.5363070e+06   3.6254883e+01
   3.5629780e+06   3.6254883e+01
   3.9043540e+06   4.1870117e+01
   3.9044460e+06   5.0903320e+01
   3.9044650e+06   3.6010742e+01
   3.9044990e+06   3.9672852e+01
   3.9045230e+06   4.9316406e+01
   3.9045790e+06   3.9062500e+01
   3.9047470e+06   4.1625977e+01
   3.9047730e+06   4.0710449e+01
   3.9048360e+06   4.0832520e+01
   3.9048550e+06   3.8513184e+01
   3.9049750e+06   4.4799805e+01
   3.9070050e+06   3.7963867e+01
   3.9467280e+06   3.6804199e+01
   3.9467590e+06   4.0649414e+01
   3.9467740e+06   3.8391113e+01
   3.9469610e+06   3.5949707e+01
   3.9472280e+06   4.2480469e+01
   3.9472950e+06   3.9245605e+01
   3.9473850e+06   3.6743164e+01
   3.9474330e+06   4.3884277e+01
   3.9474790e+06   3.7841797e+01
   3.9479870e+06   3.7536621e+01
   3.9484250e+06   3.6987305e+01
   3.9485760e+06   3.6743164e+01
   3.9848040e+06   3.9550781e+01
   3.9849670e+06   4.4311523e+01
   3.9852400e+06   3.6315918e+01
   3.9852640e+06   4.1564941e+01
   3.9852850e+06   4.1992188e+01
   3.9853790e+06   4.0466309e+01
   3.9854680e+06   3.5949707e+01
   3.9855190e+06   4.7485352e+01
   3.9856460e+06   3.5949707e+01
   3.9857060e+06   3.8940430e+01
   3.9862710e+06   3.8330078e+01
   3.9865060e+06   3.8513184e+01
   3.9868530e+06   3.6071777e+01
   3.9868770e+06   3.9001465e+01
   4.0081930e+06   4.6447754e+01
   4.0083430e+06   3.8940430e+01
   4.0083860e+06   3.7658691e+01
   4.0085690e+06   4.4311523e+01
   4.0086540e+06   3.8879395e+01
   4.0087030e+06   4.3640137e+01
   4.0087270e+06   3.6437988e+01
   4.0088700e+06   4.1748047e+01
   4.0089150e+06   4.1503906e+01
   4.0090050e+06   3.8818359e+01
   4.0090720e+06   3.9916992e+01
   4.0092590e+06   4.0161133e+01
   4.0093560e+06   3.8208008e+01
   4.0094350e+06   3.6254883e+01
   4.0405640e+06   3.6132812e+01
   4.0406530e+06   3.5949707e+01
   4.0407270e+06   3.6865234e+01
   4.0407780e+06   3.7170410e+01
   4.0408570e+06   3.8269043e+01
   4.0410510e+06   4.1259766e+01
   4.0411860e+06   3.7048340e+01
   4.0412660e+06   4.1625977e+01
   4.0414440e+06   4.0161133e+01
   4.0415730e+06   3.8330078e+01
   4.0577100e+06   3.6987305e+01
   4.0580090e+06   4.1564941e+01
   4.0582830e+06   4.1259766e+01
   4.0586000e+06   3.8513184e+01
   4.0740220e+06   3.5949707e+01
   4.0744040e+06   3.6254883e+01
   4.0749980e+06   3.7902832e+01
   4.0903440e+06   3.6865234e+01
   4.0904650e+06   3.7231445e+01
   4.0910730e+06   3.7231445e+01
   4.0915010e+06   3.7780762e+01
   4.0919340e+06   3.6376953e+01
   4.1053920e+06   3.6621094e+01
   4.1062290e+06   3.7536621e+01
   4.1066720e+06   3.6926270e+01
   4.1068200e+06   3.6743164e+01
   4.1217350e+06   4.1259766e+01
   4.1218540e+06   4.7058105e+01
   4.1221600e+06   3.7231445e+01
   4.1378320e+06   3.7353516e+01
   4.1522800e+06   4.1076660e+01
   4.1531620e+06   4.4433594e+01
   4.1679600e+06   3.7536621e+01
   4.1684780e+06   3.6132812e+01
   4.2009530e+06   3.7658691e+01
   4.2208500e+06   4.9011230e+01
   4.2219960e+06   3.7353516e+01
   4.2514460e+06   3.6132812e+01
   4.2519740e+06   3.8696289e+01
   4.2520540e+06   3.8085938e+01
   4.2770600e+06   3.9245605e+01
   4.2770880e+06   4.2602539e+01
   4.2773490e+06   3.6010742e+01
   4.2774980e+06   3.8330078e+01
   4.2779500e+06   4.2114258e+01
   4.3048530e+06   4.0649414e+01
   4.3051720e+06   4.3029785e+01
   4.3054030e+06   4.9255371e+01
   4.3059270e+06   3.8208008e+01
   4.3060960e+06   3.8146973e+01
   4.6354780e+06   3.7719727e+01
   4.6356970e+06   4.0588379e+01
   4.6357470e+06   3.6010742e+01
   4.6358030e+06   3.6071777e+01
   4.6358440e+06   3.6254883e+01
   4.6359250e+06   3.9550781e+01
   4.6359660e+06   3.8146973e+01
   4.6359950e+06   3.7963867e+01
   4.6360430e+06   3.8452148e+01
   4.6361050e+06   3.6376953e+01
   4.6363880e+06   3.6132812e+01
   4.6368350e+06   3.6071777e+01
   4.6665730e+06   3.6071777e+01
   4.6667780e+06   3.8879395e+01
   4.6668650e+06   4.3518066e+01
   4.6669430e+06   4.1442871e+01
   4.6670080e+06   3.8330078e+01
   4.6671960e+06   3.9978027e+01
   4.6672330e+06   3.6804199e+01
   4.6672530e+06   4.3151855e+01
   4.6672630e+06   3.6010742e+01
   4.6673080e+06   4.4189453e+01
   4.6673960e+06   4.1809082e+01
   4.6675770e+06   3.9916992e+01
   4.6676010e+06   3.7231445e+01
   4.6677830e+06   3.6865234e+01
   4.6678250e+06   3.7292480e+01
   4.6679200e+06   3.7475586e+01
   4.6682090e+06   3.5949707e+01
   4.6964860e+06   3.7963867e+01
   4.6967450e+06   3.9245605e+01
   4.6969490e+06   4.3762207e+01
   4.6970640e+06   3.6254883e+01
   4.6971560e+06   3.6071777e+01
   4.6972290e+06   4.0222168e+01
   4.6972780e+06   3.9611816e+01
   4.6976030e+06   4.2419434e+01
   4.6980410e+06   3.6987305e+01
   4.6981970e+06   3.8146973e+01
   4.6982970e+06   3.8635254e+01
   4.7296970e+06   4.0954590e+01
   4.7298060e+06   3.9062500e+01
   4.7304010e+06   3.6376953e+01
   4.7307540e+06   4.1748047e+01
   4.7512760e+06   4.2480469e+01
   4.7512890e+06   4.1259766e+01
   4.7514220e+06   3.6926270e+01
   4.7725500e+06   3.9062500e+01
   4.7728120e+06   4.1687012e+01
   4.7729000e+06   3.6499023e+01
   4.7729680e+06   4.0405273e+01
   4.7735350e+06   3.6621094e+01
   4.7738220e+06   3.7353516e+01
   4.7739780e+06   3.6499023e+01
   4.7932540e+06   3.6376953e+01
   4.7935620e+06   3.6926270e+01
   4.7941180e+06   4.2358398e+01
   4.7941460e+06   3.6376953e+01
   4.8117010e+06   3.8574219e+01
   4.8120220e+06   3.6071777e+01
   4.8122040e+06   4.0405273e+01
   4.8123990e+06   3.7414551e+01
   4.8129290e+06   4.0222168e+01
   4.8319680e+06   4.0710449e+01
   4.8324910e+06   3.6132812e+01
   4.8326220e+06   4.7180176e+01
   4.8506830e+06   3.6254883e+01
   4.8509180e+06   3.6682129e+01
   4.8509480e+06   4.3212891e+01
   4.8517760e+06   3.9550781e+01
   4.8699260e+06   4.0222168e+01
   4.8914490e+06   4.0100098e+01
   4.8920830e+06   3.6560059e+01
   4.9129770e+06   3.6865234e+01
   4.9136430e+06   4.5532227e+01
   4.9138250e+06   3.8146973e+01
   4.9140800e+06   3.6132812e+01
   4.9374790e+06   3.7170410e+01
   4.9380890e+06   3.6193848e+01
   4.9383550e+06   3.7414551e+01
   5.0013440e+06   3.7658691e+01
   5.0016080e+06   3.7658691e+01
   5.0019770e+06   3.8085938e+01
   5.2758840e+06   4.5227051e+01
   5.2760210e+06   3.9001465e+01
   5.2760500e+06   4.8034668e+01
   5.2761150e+06   4.4128418e+01
   5.2762340e+06   4.1076660e+01
   5.2762570e+06   4.4921875e+01
   5.2763570e+06   3.9062500e+01
   5.2764130e+06   4.7607422e+01
   5.2768520e+06   3.6376953e+01
   5.3295350e+06   4.4433594e+01
   5.3296470e+06   3.7597656e+01
   5.3296950e+06   3.9428711e+01
   5.3297720e+06   3.7231445e+01
   5.3298790e+06   3.9062500e+01
   5.3299390e+06   4.7302246e+01
   5.3300960e+06   3.7719727e+01
   5.3301090e+06   3.8940430e+01
   5.3302330e+06   3.6987305e+01
   5.3306480e+06   3.6315918e+01
   5.3314340e+06   3.7414551e+01
   5.3635220e+06   3.9978027e+01
   5.3636290e+06   3.8513184e+01
   5.3636790e+06   3.6743164e+01
   5.3640620e+06   4.3457031e+01
   5.3646230e+06   3.6804199e+01
   5.3855820e+06   4.0222168e+01
   5.3858480e+06   4.1320801e+01
   5.3860200e+06   3.8146973e+01
   5.3860930e+06   3.7658691e+01
   5.3862180e+06   3.9428711e+01
   5.3863130e+06   3.9733887e+01
   5.3864980e+06   4.0954590e+01
   5.3869980e+06   3.9550781e+01
   5.3870700e+06   4.0466309e+01
   5.3874770e+06   4.0161133e+01
   5.4114950e+06   3.6865234e+01
   5.4117270e+06   3.8635254e+01
   5.4118550e+06   3.9978027e+01
   5.4122520e+06   3.9001465e+01
   5.4127120e+06   3.6804199e+01
   5.4127320e+06   4.2114258e+01
   5.4127770e+06   4.0771484e+01
   5.4131600e+06   3.6193848e+01
   5.4132000e+06   3.5949707e+01
   5.4132310e+06   3.9550781e+01
   5.4550940e+06   4.1076660e+01
   5.4559870e+06   3.7536621e+01
   5.4720510e+06   4.4006348e+01
   5.4723480e+06   4.0893555e+01
   5.4725440e+06   3.7963867e+01
   5.4728020e+06   3.6071777e+01
   5.4912090e+06   3.9916992e+01
   5.4912950e+06   3.6437988e+01
   5.4916520e+06   3.6865234e+01
   5.4922380e+06   3.7475586e+01
   5.5105290e+06   4.1137695e+01
   5.5279220e+06   3.7292480e+01
   5.5280060e+06   3.7536621e+01
   5.5292730e+06   3.9794922e+01
   5.5456910e+06   3.7231445e+01
   5.5468250e+06   3.6437988e+01
   5.5648420e+06   3.7292480e+01
   5.5650710e+06   3.7353516e+01
   5.5820570e+06   3.9306641e+01
   5.6026320e+06   3.6865234e+01
   5.6291100e+06   3.7170410e+01
   5.6299350e+06   3.6804199e+01
   5.6299860e+06   3.6560059e+01
   5.6300630e+06   3.7597656e+01
   5.6305720e+06   4.0649414e+01
   5.6549670e+06   3.7963867e+01
   5.6855920e+06   3.9062500e+01
   5.6856090e+06   3.8452148e+01
   5.6860530e+06   4.6081543e+01
   5.6861650e+06   3.5949707e+01
   5.6861860e+06   3.8452148e+01
   5.6862340e+06   3.6132812e+01
   5.6865250e+06   3.8696289e+01
   5.6867050e+06   3.6071777e+01
   5.6868160e+06   3.8269043e+01
   5.7286540e+06   3.6621094e+01
   5.7288160e+06   4.4616699e+01
   5.7702750e+06   3.6560059e+01
   5.7703080e+06   3.7292480e+01
   5.7704110e+06   3.6132812e+01
   5.7706440e+06   4.1809082e+01
   5.7708200e+06   3.7414551e+01
   5.8200830e+06   3.6315918e+01
   5.8204720e+06   4.0466309e+01
   5.8210680e+06   3.5949707e+01
   5.8574930e+06   3.7597656e+01
   5.8586300e+06   3.9306641e+01
   5.8590240e+06   3.7658691e+01
   5.8596850e+06   3.6132812e+01
   6.0652990e+06   3.8635254e+01
   6.0653440e+06   3.6193848e+01
   6.0653710e+06   4.0039062e+01
   6.0656650e+06   3.6376953e+01
   6.0657770e+06   3.6193848e+01
   6.0664030e+06   3.5949707e+01
   6.1022530e+06   3.6499023e+01
   6.1023170e+06   3.9672852e+01
   6.1024600e+06   4.3457031e+01
   6.1025030e+06   3.9489746e+01
   6.1025290e+06   3.7231445e+01
   6.1026300e+06   3.7414551e+01
   6.1027160e+06   3.6682129e+01
   6.1028230e+06   4.7668457e+01
   6.1030930e+06   3.6804199e+01
   6.1033490e+06   3.8085938e+01
   6.1035830e+06   3.7658691e+01
   6.1038700e+06   4.1687012e+01
   6.1043930e+06   3.8879395e+01
   6.1299050e+06   3.6865234e+01
   6.1300110e+06   3.5949707e+01
   6.1300230e+06   3.7414551e+01
   6.1303230e+06   4.0405273e+01
   6.1306070e+06   3.8635254e+01
   6.1307570e+06   3.8757324e+01
   6.1309590e+06   3.7170410e+01
   6.1311850e+06   3.6743164e+01
   6.1318760e+06   3.9001465e+01
   6.1559190e+06   4.1137695e+01
   6.1560720e+06   3.8513184e+01
   6.1561790e+06   4.1198730e+01
   6.1565260e+06   3.6560059e+01
   6.1566460e+06   4.4921875e+01
   6.1568380e+06   3.9672852e+01
   6.1570770e+06   3.6682129e+01
   6.1572190e+06   3.6743164e+01
   6.1780720e+06   4.5410156e+01
   6.1785900e+06   3.7353516e+01
   6.1788790e+06   3.8940430e+01
   6.1791450e+06   4.0161133e+01
   6.1798270e+06   3.7963867e+01
   6.1993110e+06   4.1809082e+01
   6.2003770e+06   4.4311523e+01
   6.2212790e+06   3.6865234e+01
   6.2216780e+06   3.9001465e+01
   6.2400270e+06   3.6926270e+01
   6.2608920e+06   3.6560059e+01
   6.4560740e+06   3.6193848e+01
   6.8728360e+06   3.7292480e+01
   6.8731530e+06   4.8706055e+01
   6.8733500e+06   3.8208008e+01
   6.8735240e+06   3.9245605e+01
   6.8735970e+06   3.6132812e+01
   6.8737990e+06   3.8269043e+01
   6.9105120e+06   3.7353516e+01
   6.9106870e+06   4.0466309e+01
   6.9108670e+06   4.2297363e+01
   6.9109610e+06   4.3334961e+01
   6.9109710e+06   4.5166016e+01
   6.9109950e+06   3.9672852e+01
   6.9111130e+06   3.6315918e+01
   6.9112270e+06   3.7292480e+01
   6.9112920e+06   3.9550781e+01
   6.9113070e+06   3.8879395e+01
   6.9113500e+06   4.1870117e+01
   6.9475860e+06   3.7536621e+01
   6.9478160e+06   3.6560059e+01
   6.9479160e+06   4.1076660e+01
   6.9481650e+06   3.7475586e+01
   6.9481870e+06   4.6203613e+01
   6.9482460e+06   3.7719727e+01
   6.9486650e+06   3.7231445e+01
   6.9488470e+06   3.8330078e+01
   6.9500440e+06   3.6315918e+01
   6.9858970e+06   3.7048340e+01
   6.9861720e+06   3.7048340e+01
   6.9862740e+06   3.9245605e+01
   6.9864630e+06   4.0283203e+01
   6.9865970e+06   4.3640137e+01
   6.9866730e+06   3.6926270e+01
   6.9868070e+06   4.2541504e+01
   6.9868700e+06   4.4067383e+01
   6.9871750e+06   3.6682129e+01
   6.9880410e+06   3.7963867e+01
   7.0120470e+06   3.6254883e+01
   7.0191680e+06   3.6560059e+01
   7.0194520e+06   3.7109375e+01
   7.0195050e+06   3.9794922e+01
   7.0195740e+06   3.8757324e+01
   7.0195900e+06   4.3029785e+01
   7.0199350e+06   4.3701172e+01
   7.0199690e+06   3.9550781e+01
   7.0200590e+06   4.5776367e+01
   7.0201510e+06   3.7292480e+01
   7.0538820e+06   3.6804199e+01
   7.0538990e+06   4.7424316e+01
   7.0539260e+06   4.1748047e+01
   7.0542200e+06   4.0283203e+01
   7.0542980e+06   3.8818359e+01
   7.0543430e+06   3.9489746e+01
   7.0544160e+06   5.3405762e+01
   7.0546250e+06   3.6010742e+01
   7.0546410e+06   4.3273926e+01
   7.0547210e+06   3.8879395e+01
   7.0549170e+06   4.5471191e+01
   7.0914600e+06   5.1025391e+01
   7.0914850e+06   4.2480469e+01
   7.0918340e+06   3.8452148e+01
   7.0918970e+06   4.0588379e+01
   7.0919640e+06   3.9184570e+01
   7.1290230e+06   3.6071777e+01
   7.1290630e+06   3.6743164e+01
   7.1291570e+06   3.6010742e+01
   7.1292080e+06   3.8024902e+01
   7.1295670e+06   4.4677734e+01
   7.1296660e+06   3.8513184e+01
   7.1298000e+06   3.8330078e+01
   7.1299360e+06   3.8085938e+01
   7.1301190e+06   3.8208008e+01
   7.1301860e+06   3.7475586e+01
   7.1303030e+06   3.7109375e+01
   7.1666330e+06   4.2297363e+01
   7.1681620e+06   3.8208008e+01
   7.1684200e+06   3.9367676e+01
   7.1964300e+06   3.9916992e+01
   7.1967520e+06   3.6499023e+01
   7.1971140e+06   3.6560059e+01
   7.1971520e+06   3.9916992e+01
   7.1974130e+06   3.9184570e+01
   7.1974500e+06   3.6926270e+01
   7.1977270e+06   4.3273926e+01
   7.1982320e+06   3.6132812e+01
   7.2281550e+06   4.4433594e+01
   7.2285880e+06   3.6132812e+01
   7.2290210e+06   3.8452148e+01
   7.2291840e+06   3.8757324e+01
   7.2295730e+06   3.7292480e+01
   7.2300510e+06   3.6926270e+01
   7.2622510e+06   4.0893555e+01
   7.2623030e+06   3.7597656e+01
   7.2623320e+06   4.3151855e+01
   7.2626130e+06   4.1381836e+01
   7.2628960e+06   3.6865234e+01
   7.2629580e+06   4.5043945e+01
   7.2630130e+06   3.8635254e+01
   7.2637040e+06   3.6376953e+01
   7.6003110e+06   3.6071777e+01
   7.6003400e+06   4.0954590e+01
   7.6004440e+06   3.9184570e+01
   7.6004940e+06   4.8400879e+01
   7.6005850e+06   4.0222168e+01
   7.6006290e+06   4.1809082e+01
   7.6014320e+06   3.6987305e+01
   7.6332920e+06   3.7170410e+01
   7.6333290e+06   4.1503906e+01
   7.6333470e+06   3.7902832e+01
   7.6333730e+06   4.4616699e+01
   7.6333830e+06   3.6987305e+01
   7.6334140e+06   4.1931152e+01
   7.6335940e+06   3.7353516e+01
   7.6336890e+06   3.7658691e+01
   7.6337120e+06   3.9184570e+01
   7.6338010e+06   4.0344238e+01
   7.6338480e+06   3.7292480e+01
   7.6339250e+06   3.9306641e+01
   7.6339410e+06   3.9978027e+01
   7.6340070e+06   3.9855957e+01
   7.6344450e+06   3.7048340e+01
   7.6345380e+06   3.6071777e+01
   7.6566430e+06   3.7109375e+01
   7.6567470e+06   3.6193848e+01
   7.6567980e+06   3.6682129e+01
   7.6568400e+06   4.1320801e+01
   7.6568670e+06   3.8574219e+01
   7.6570070e+06   3.8757324e+01
   7.6570780e+06   4.4189453e+01
   7.6571390e+06   3.6865234e+01
   7.6572120e+06   3.9245605e+01
   7.6577460e+06   3.6254883e+01
   7.6578040e+06   3.8574219e+01
   7.6580640e+06   4.2053223e+01
   7.6784940e+06   3.7475586e+01
   7.6786970e+06   3.6987305e+01
   7.6789630e+06   4.4128418e+01
   7.6791900e+06   3.6926270e+01
   7.6792650e+06   3.7170410e+01
   7.6799260e+06   3.6437988e+01
   7.6800810e+06   3.9978027e+01
   7.6802250e+06   3.6865234e+01
   7.6807810e+06   3.6315918e+01
   7.7001120e+06   4.0832520e+01
   7.7001360e+06   3.6193848e+01
   7.7005400e+06   3.8757324e+01
   7.7006580e+06   3.5949707e+01
   7.7012720e+06   3.6865234e+01
   7.7016600e+06   3.8818359e+01
   7.7200230e+06   4.0832520e+01
   7.7206180e+06   3.9489746e+01
   7.7221290e+06   4.3151855e+01
   7.7390140e+06   3.7536621e+01
   7.7391190e+06   4.0710449e+01
   7.7398260e+06   4.0649414e+01
   7.7400920e+06   3.9672852e+01
   7.7403620e+06   3.8269043e+01
   7.7406480e+06   3.8146973e+01
   7.7575010e+06   3.7048340e+01
   7.7579770e+06   4.2175293e+01
   7.7582380e+06   3.8269043e+01
   7.7584150e+06   3.7109375e+01
   7.7584580e+06   3.9733887e+01
   7.7584830e+06   3.6315918e+01
   7.7585760e+06   3.6437988e+01
   7.7587800e+06   3.6437988e+01
   7.7765240e+06   3.6926270e+01
   7.7769490e+06   4.0649414e+01
   7.7772990e+06   3.9855957e+01
   7.7776780e+06   3.6254883e+01
   7.7962880e+06   5.4748535e+01
   7.7963380e+06   3.6437988e+01
   7.7964730e+06   3.7353516e+01
   7.7966680e+06   3.6315918e+01
   7.8154330e+06   3.6560059e+01
   7.8158020e+06   3.7231445e+01
   7.8158500e+06   3.6560059e+01
   7.8158700e+06   4.0100098e+01
   7.8162410e+06   4.2663574e+01
   7.8164260e+06   3.8574219e+01
   7.8562080e+06   4.1320801e+01
   7.8565820e+06   4.5349121e+01
   7.8568890e+06   3.6499023e+01
   7.8573210e+06   3.7292480e+01
   7.8575910e+06   3.7475586e+01
   7.8580470e+06   4.2297363e+01
   7.8790530e+06   3.6865234e+01
   7.8794730e+06   3.6071777e+01
   7.9039220e+06   3.7170410e+01
   8.1656890e+06   3.6376953e+01
   8.1657880e+06   4.5959473e+01
   8.1658380e+06   3.6193848e+01
   8.1658920e+06   3.7109375e+01
   8.1659510e+06   4.7668457e+01
   8.1659610e+06   3.7536621e+01
   8.1661800e+06   4.3273926e+01
   8.1669410e+06   3.9978027e+01
   8.1958770e+06   3.7231445e+01
   8.1959690e+06   3.6804199e+01
   8.1961030e+06   4.0588379e+01
   8.1961500e+06   4.0161133e+01
   8.1968730e+06   3.5949707e+01
   8.1975510e+06   4.1381836e+01
   8.1978320e+06   3.7902832e+01
   8.2235300e+06   3.6071777e+01
   8.2238180e+06   3.7963867e+01
   8.2241100e+06   3.8391113e+01
   8.2241670e+06   3.6132812e+01
   8.2243180e+06   3.6743164e+01
   8.2245670e+06   4.4067383e+01
   8.2250780e+06   3.6804199e+01
   8.2257920e+06   3.7475586e+01
   8.2465940e+06   4.2846680e+01
   8.2470610e+06   3.8635254e+01
   8.2473230e+06   4.1687012e+01
   8.2476280e+06   4.5959473e+01
   8.2477270e+06   4.4372559e+01
   8.2478260e+06   3.6010742e+01
   8.2481560e+06   3.7719727e+01
   8.2684250e+06   3.7963867e+01
   8.2696050e+06   3.7597656e+01
   8.2705960e+06   3.6926270e+01
   8.3085130e+06   3.6315918e+01
   8.3088730e+06   3.6804199e+01
   8.3089920e+06   4.1442871e+01
   8.3091100e+06   3.9672852e+01
   8.3095780e+06   4.6203613e+01
   8.3434940e+06   3.6682129e+01
   8.3439340e+06   3.7292480e+01
   8.3440460e+06   4.5715332e+01
   8.3447250e+06   3.6987305e+01
   8.3795850e+06   3.8391113e+01
   8.3825720e+06   3.9855957e+01
   8.4169660e+06   3.8513184e+01
   8.4170000e+06   3.9794922e+01
   8.4172060e+06   3.6865234e+01
   8.4173820e+06   4.1320801e+01
   8.4174210e+06   3.9855957e+01
   8.4844700e+06   4.1564941e+01
   8.4845940e+06   3.7597656e+01
   8.4854580e+06   4.0527344e+01
   8.8057540e+06   3.7231445e+01
   9.2730000e+06   3.6743164e+01
   9.2731300e+06   3.6071777e+01
   9.2731720e+06   3.6865234e+01
   9.2731850e+06   4.3762207e+01
   9.2732190e+06   4.6508789e+01
   9.2733170e+06   3.9245605e+01
   9.2734000e+06   3.8635254e+01
   9.2734770e+06   3.6743164e+01
   9.2736480e+06   3.6987305e+01
   9.2740280e+06   3.7719727e+01
   9.2751580e+06   3.6132812e+01
   9.3059700e+06   3.6804199e+01
   9.3060200e+06   4.1320801e+01
   9.3062020e+06   4.6081543e+01
   9.3063280e+06   4.2297363e+01
   9.3064280e+06   3.8452148e+01
   9.3064950e+06   3.9672852e+01
   9.3065180e+06   3.6254883e+01
   9.3066040e+06   3.6071777e+01
   9.3067350e+06   4.9560547e+01
   9.3067650e+06   4.6386719e+01
   9.3068890e+06   3.6254883e+01
   9.3328780e+06   3.6682129e+01
   9.3330040e+06   3.6926270e+01
   9.3334290e+06   3.5949707e+01
   9.3336280e+06   4.9499512e+01
   9.3339370e+06   3.8452148e+01
   9.3340550e+06   3.6804199e+01
   9.3342390e+06   3.6804199e+01
   9.3349270e+06   3.9184570e+01
   9.3594360e+06   3.9001465e+01
   9.3597970e+06   3.6376953e+01
   9.3598770e+06   4.3212891e+01
   9.3599670e+06   3.8269043e+01
   9.3600750e+06   3.6437988e+01
   9.3604060e+06   3.7292480e+01
   9.3606710e+06   3.7170410e+01
   9.3608270e+06   3.7109375e+01
   9.3608950e+06   3.8940430e+01
   9.3610960e+06   3.6132812e+01
   9.3879590e+06   3.6682129e+01
   9.3880140e+06   3.8513184e+01
   9.3881790e+06   5.3833008e+01
   9.3881930e+06   4.2846680e+01
   9.3882310e+06   4.3640137e+01
   9.3883110e+06   4.1503906e+01
   9.3883440e+06   3.7231445e+01
   9.3884050e+06   3.6254883e+01
   9.3885690e+06   4.3457031e+01
   9.3886860e+06   4.4006348e+01
   9.3888870e+06   4.9011230e+01
   9.3892590e+06   3.7475586e+01
   9.3893210e+06   3.6560059e+01
   9.3893540e+06   4.2663574e+01
   9.4145250e+06   3.6254883e+01
   9.4146740e+06   3.9672852e+01
   9.4151010e+06   3.7475586e+01
   9.4151940e+06   3.7048340e+01
   9.4153100e+06   3.8574219e+01
   9.4154440e+06   3.8208008e+01
   9.4163830e+06   3.9306641e+01
   9.4438440e+06   3.7353516e+01
   9.4440920e+06   3.8879395e+01
   9.4441280e+06   3.8146973e+01
   9.4444510e+06   3.6804199e+01
   9.4445130e+06   3.9367676e+01
   9.4446270e+06   3.7414551e+01
   9.4447190e+06   3.6987305e+01
   9.4447380e+06   3.6499023e+01
   9.4451500e+06   3.6376953e+01
   9.5257020e+06   3.7353516e+01
   9.5257190e+06   4.4799805e+01
   9.5258220e+06   3.9428711e+01
   9.5259660e+06   3.6193848e+01
   9.5260350e+06   3.7048340e+01
   9.5261230e+06   3.7353516e+01
   9.5265470e+06   4.8156738e+01
   9.5268840e+06   3.6315918e+01
   9.5584840e+06   3.7109375e+01
   9.5592150e+06   3.5949707e+01
   9.5592970e+06   3.7170410e+01
   9.5595180e+06   4.0588379e+01
   9.5596470e+06   3.8024902e+01
   9.5597050e+06   3.9916992e+01
   9.5598110e+06   3.7109375e+01
   9.5602120e+06   3.6071777e+01
   9.5914540e+06   3.9184570e+01
   9.5925670e+06   3.6132812e+01
   9.5926620e+06   3.6254883e+01
   1.0057877e+07   3.8146973e+01
   1.0057957e+07   3.6010742e+01
   1.0058038e+07   4.6325684e+01
   1.0058092e+07   3.6132812e+01
   1.0058187e+07   3.9367676e+01
   1.0058215e+07   4.7790527e+01
   1.0058403e+07   4.2724609e+01
   1.0058906e+07   3.6682129e+01
   1.0059180e+07   3.6743164e+01
   1.0059285e+07   3.6376953e+01
   1.0079601e+07   3.6865234e+01
   1.0079765e+07   3.9245605e+01
   1.0079926e+07   4.0161133e+01
   1.0080070e+07   3.6071777e+01
   1.0080083e+07   3.9428711e+01
   1.0080164e+07   3.6560059e+01
   1.0080384e+07   4.1564941e+01
   1.0080588e+07   3.7109375e+01
   1.0080659e+07   3.6865234e+01
   1.0081021e+07   4.4738770e+01
   1.0081957e+07   3.7841797e+01
   1.0099832e+07   4.0283203e+01
   1.0100159e+07   3.7414551e+01
   1.0100350e+07   3.9550781e+01
   1.0100397e+07   3.6499023e+01
   1.0100475e+07   3.7841797e+01
   1.0100572e+07   4.4738770e+01
   1.0100665e+07   4.4677734e+01
   1.0100744e+07   3.6254883e+01
   1.0100788e+07   3.8696289e+01
   1.0100837e+07   3.8452148e+01
   1.0100873e+07   3.6926270e+01
   1.0100917e+07   4.2907715e+01
   1.0101152e+07   3.8024902e+01
   1.0119221e+07   3.7048340e+01
   1.0119710e+07   3.7109375e+01
   1.0119924e+07   4.0161133e+01
   1.0120061e+07   3.7597656e+01
   1.0120191e+07   4.0893555e+01
   1.0138137e+07   4.0832520e+01
   1.0138214e+07   3.6376953e+01
   1.0139200e+07   3.8269043e+01
   1.0155656e+07   3.6010742e+01
   1.0155983e+07   3.9855957e+01
   1.0156319e+07   3.8208008e+01
   1.0156682e+07   3.7231445e+01
   1.0157166e+07   3.6193848e+01
   1.0175254e+07   3.8330078e+01
   1.0175377e+07   3.7353516e+01
   1.0175686e+07   3.7780762e+01
   1.0175911e+07   3.6193848e+01
   1.0175975e+07   3.6987305e+01
   1.0176313e+07   4.0954590e+01
   1.0176371e+07   3.8146973e+01
   1.0207500e+07   3.6865234e+01
   1.0207578e+07   3.6743164e+01
   1.0207641e+07   3.6560059e+01
   1.0207737e+07   3.6987305e+01
   1.0207776e+07   3.6254883e+01
   1.0207832e+07   4.0954590e+01
   1.0208157e+07   3.7048340e+01
   1.0209019e+07   3.6376953e+01
   1.0236912e+07   4.0100098e+01
   1.0237099e+07   4.7729492e+01
   1.0237149e+07   3.6132812e+01
   1.0237827e+07   3.9916992e+01
   1.0237885e+07   3.9672852e+01
   1.0237944e+07   3.6560059e+01
   1.0266306e+07   3.7231445e+01
   1.0266921e+07   3.6132812e+01
   1.0296315e+07   3.6437988e+01
   1.0296547e+07   4.3640137e+01
   1.0296601e+07   3.6437988e+01
   1.0297174e+07   3.6071777e+01
   1.0297365e+07   4.2114258e+01
   1.0297607e+07   3.9062500e+01
   1.0297737e+07   3.7902832e+01
   1.0297788e+07   4.1931152e+01
   1.0297945e+07   3.7475586e+01
   1.0329314e+07   3.6010742e+01
   1.0330271e+07   3.8146973e+01
   1.0330299e+07   3.8024902e+01
   1.0719107e+07   4.0893555e+01
   1.0719287e+07   4.6875000e+01
   1.0719368e+07   3.5949707e+01
   1.0719437e+07   4.4372559e+01
   1.0719528e+07   3.7658691e+01
   1.0719550e+07   4.3029785e+01
   1.0719583e+07   3.8269043e+01
   1.0719606e+07   3.9611816e+01
   1.0719689e+07   4.7607422e+01
   1.0719753e+07   3.7780762e+01
   1.0719769e+07   3.7292480e+01
   1.0741658e+07   3.7414551e+01
   1.0742130e+07   3.7902832e+01
   1.0742334e+07   3.8757324e+01
   1.0742677e+07   3.7231445e+01
   1.0743102e+07   3.7658691e+01
   1.0743200e+07   4.1076660e+01
   1.0743218e+07   3.7719727e+01
   1.0762637e+07   3.8146973e+01
   1.0762894e+07   5.0231934e+01
   1.0762933e+07   3.6987305e+01
   1.0763172e+07   3.6865234e+01
   1.0763548e+07   3.6437988e+01
   1.0763726e+07   4.3579102e+01
   1.0764221e+07   3.8269043e+01
   1.0782937e+07   3.6499023e+01
   1.0783906e+07   3.6315918e+01
   1.0784070e+07   4.2907715e+01
   1.0784224e+07   4.0771484e+01
   1.0784416e+07   4.7973633e+01
   1.0784700e+07   4.2968750e+01
   1.0784914e+07   3.6010742e+01
   1.0785412e+07   3.6499023e+01
   1.0785810e+07   3.9306641e+01
   1.0823062e+07   3.8879395e+01
   1.0823454e+07   3.5949707e+01
   1.0860425e+07   3.8696289e+01
   1.0860568e+07   3.6193848e+01
   1.0860756e+07   3.6499023e+01
   1.0860810e+07   3.7170410e+01
   1.0861001e+07   4.0344238e+01
   1.0861088e+07   4.4128418e+01
   1.0861126e+07   4.5104980e+01
   1.0861197e+07   3.7048340e+01
   1.0862086e+07   3.7780762e+01
   1.0895888e+07   4.2175293e+01
   1.0896300e+07   3.6376953e+01
   1.0896636e+07   3.6560059e+01
   1.0896696e+07   3.6987305e+01
   1.0898753e+07   3.7475586e+01
   1.0925933e+07   3.6926270e+01
   1.0926430e+07   3.6437988e+01
   1.0926771e+07   4.4494629e+01
   1.0970301e+07   3.8391113e+01
   1.0971026e+07   4.6020508e+01
   1.1027347e+07   3.6254883e+01
   1.1027425e+07   4.0039062e+01
   1.1027763e+07   3.6437988e+01
   1.1028186e+07   4.0832520e+01
   1.1028650e+07   3.9978027e+01
   1.1028699e+07   4.2053223e+01
   1.1028993e+07   3.6376953e+01
   1.1349328e+07   3.6193848e+01
   1.1349368e+07   3.6376953e+01
   1.1349441e+07   3.7658691e+01
   1.1349498e+07   3.7719727e+01
   1.1349519e+07   4.1442871e+01
   1.1349550e+07   3.6560059e+01
   1.1349587e+07   3.8330078e+01
   1.1349646e+07   4.3457031e+01
   1.1349860e+07   3.8330078e+01
   1.1349990e+07   3.6193848e+01
   1.1373754e+07   3.8146973e+01
   1.1373800e+07   4.1809082e+01
   1.1373893e+07   3.7841797e+01
   1.1374237e+07   4.3334961e+01
   1.1374976e+07   3.8146973e+01
   1.1395023e+07   4.8889160e+01
   1.1395432e+07   3.8330078e+01
   1.1396370e+07   3.6499023e+01
   1.1435445e+07   4.0039062e+01
   1.1435526e+07   3.6621094e+01
   1.1435826e+07   3.6926270e+01
   1.1435924e+07   3.6254883e+01
   1.1435975e+07   3.6071777e+01
   1.1436327e+07   3.6682129e+01
   1.1437649e+07   4.0527344e+01
   1.1464013e+07   3.7902832e+01
   1.1464649e+07   3.6865234e+01
   1.1464730e+07   4.2480469e+01
   1.1464926e+07   3.7353516e+01
   1.1464958e+07   4.4433594e+01
   1.1464988e+07   3.6926270e+01
   1.1465060e+07   3.7902832e+01
   1.1465108e+07   3.9550781e+01
   1.1465502e+07   3.8635254e+01
   1.1465715e+07   4.1015625e+01
   1.1465744e+07   3.8574219e+01
   1.1493142e+07   4.0100098e+01
   1.1493709e+07   3.6743164e+01
   1.1493801e+07   3.8574219e+01
   1.1494067e+07   3.7902832e+01
   1.1494271e+07   3.6499023e+01
   1.1494797e+07   3.6010742e+01
   1.1495015e+07   3.7231445e+01
   1.1524422e+07   3.8513184e+01
   1.1525111e+07   3.6926270e+01
   1.1525594e+07   3.8330078e+01
   1.1526553e+07   3.7780762e+01
   1.1526582e+07   3.8146973e+01
   1.1554804e+07   3.6437988e+01
   1.1555012e+07   4.0771484e+01
   1.1555655e+07   4.1931152e+01
   1.1809666e+07   4.4067383e+01
   1.1810010e+07   4.2114258e+01
   1.1810087e+07   3.7841797e+01
   1.1810211e+07   4.4006348e+01
   1.1810366e+07   3.9306641e+01
   1.1810379e+07   4.0527344e+01
   1.1810479e+07   3.6926270e+01
   1.1810589e+07   3.8024902e+01
   1.1810781e+07   3.6499023e+01
   1.1811278e+07   3.7658691e+01
   1.1811879e+07   3.6193848e+01
   1.1850923e+07   3.6804199e+01
   1.1851172e+07   3.6987305e+01
   1.1851305e+07   3.6499023e+01
   1.1851416e+07   4.9865723e+01
   1.1851561e+07   4.4189453e+01
   1.1852488e+07   3.6254883e+01
   1.1894090e+07   3.8208008e+01
   1.1894386e+07   3.6865234e+01
   1.1894949e+07   3.6560059e+01
   1.1895361e+07   3.6010742e+01
   1.1895955e+07   3.6132812e+01
   1.1929628e+07   4.3884277e+01
   1.1929864e+07   4.3151855e+01
   1.1930123e+07   3.8208008e+01
   1.1930514e+07   3.6926270e+01
   1.1930758e+07   3.8330078e+01
   1.1931378e+07   4.0161133e+01
   1.1932039e+07   3.8879395e+01
   1.1960410e+07   3.7658691e+01
   1.1960789e+07   3.6682129e+01
   1.1960990e+07   3.6132812e+01
   1.1961082e+07   4.2419434e+01
   1.1991357e+07   3.7536621e+01
   1.1991829e+07   3.7902832e+01
   1.1991977e+07   3.7048340e+01
   1.1992098e+07   3.7536621e+01
   1.1992710e+07   3.8146973e+01
   1.1993149e+07   3.8269043e+01
