   1.1999000e+07   0.0000000e+00
   2.9980000e+03   4.4677734e+01
   1.6344000e+04   4.6569824e+01
   3.1197000e+04   4.3090820e+01
   4.5871000e+04   4.3212891e+01
   8.9824000e+04   5.4626465e+01
   9.0158000e+04   4.8645020e+01
   9.0854000e+04   4.2663574e+01
   9.1128000e+04   5.3771973e+01
   9.1663000e+04   4.2724609e+01
   1.0752100e+05   4.8950195e+01
   1.0803600e+05   4.6020508e+01
   1.0880300e+05   4.6997070e+01
   1.0890100e+05   4.8583984e+01
   1.2393000e+05   4.6936035e+01
   1.4986300e+05   4.4494629e+01
   1.5028200e+05   4.8278809e+01
   1.6473900e+05   5.8898926e+01
   1.6540900e+05   4.5410156e+01
   1.6570600e+05   4.4555664e+01
   1.7877900e+05   4.5898438e+01
   1.9296100e+05   4.3334961e+01
   1.9341300e+05   4.6447754e+01
   2.0731600e+05   5.1452637e+01
   2.0761300e+05   4.4372559e+01
   2.2639700e+05   4.3640137e+01
   2.4302900e+05   4.5593262e+01
   2.4362200e+05   4.8095703e+01
   2.8104600e+05   4.7851562e+01
   2.9729600e+05   4.6142578e+01
   3.0220100e+05   4.2724609e+01
   3.0333300e+05   5.2673340e+01
   3.0353900e+05   4.7424316e+01
   3.0375000e+05   4.5227051e+01
   4.8497400e+05   4.5288086e+01
   5.4815100e+05   4.4921875e+01
   5.9248300e+05   4.3701172e+01
   5.9451100e+05   4.3823242e+01
   6.2684700e+05   4.9865723e+01
   6.2688300e+05   4.2663574e+01
   6.2745000e+05   4.3334961e+01
   6.2806900e+05   4.4494629e+01
   6.4286800e+05   4.3945312e+01
   6.4311100e+05   4.8889160e+01
   6.4371500e+05   4.6569824e+01
   6.5918300e+05   4.2785645e+01
   6.6382000e+05   4.4372559e+01
   7.4159700e+05   4.4250488e+01
   7.4924600e+05   4.4006348e+01
   7.5393300e+05   4.3029785e+01
   8.0814100e+05   4.2846680e+01
   8.1029700e+05   4.3945312e+01
   8.1144900e+05   4.2663574e+01
   8.1153100e+05   5.2124023e+01
   8.1174700e+05   5.2124023e+01
   8.3052200e+05   4.4738770e+01
   8.3069700e+05   4.3518066e+01
   8.3081400e+05   4.9377441e+01
   8.5264400e+05   4.3701172e+01
   8.5292000e+05   5.1025391e+01
   8.5294000e+05   4.4921875e+01
   8.5336200e+05   4.6447754e+01
   8.9423300e+05   4.7485352e+01
   8.9433400e+05   4.6447754e+01
   8.9443400e+05   4.6020508e+01
   8.9461500e+05   4.8583984e+01
   9.0571800e+05   4.5043945e+01
   9.1264100e+05   4.4738770e+01
   9.1362800e+05   4.3823242e+01
   9.1374400e+05   4.7973633e+01
   9.1456200e+05   4.6081543e+01
   9.2960100e+05   4.3762207e+01
   9.2992000e+05   4.3945312e+01
   9.4319300e+05   4.5166016e+01
   9.4335700e+05   4.2846680e+01
   9.4393100e+05   4.2785645e+01
   9.5561400e+05   4.5593262e+01
   9.6729100e+05   4.8706055e+01
   9.6761000e+05   4.5776367e+01
   9.7861100e+05   4.5471191e+01
   9.9037200e+05   4.2724609e+01
   1.0016560e+06   4.8339844e+01
   1.0018650e+06   4.9987793e+01
   1.0020730e+06   4.4494629e+01
   1.0139300e+06   4.2907715e+01
   1.0141940e+06   5.7067871e+01
   1.0144140e+06   4.3945312e+01
   1.0246990e+06   4.3334961e+01
   1.0262270e+06   4.3395996e+01
   1.0371460e+06   4.2968750e+01
   1.0377160e+06   4.3273926e+01
   1.0379030e+06   4.8400879e+01
   1.0455590e+06   4.3090820e+01
   1.0494370e+06   4.4555664e+01
   1.0503160e+06   4.8339844e+01
   1.0572680e+06   4.6325684e+01
   1.0732060e+06   4.6813965e+01
   1.0736570e+06   4.5349121e+01
   1.0855340e+06   4.6325684e+01
   1.0974230e+06   4.9987793e+01
   1.1119280e+06   4.3151855e+01
   1.1128270e+06   4.2907715e+01
   1.1406140e+06   4.8339844e+01
   1.1533350e+06   4.3151855e+01
   1.1689110e+06   4.9377441e+01
   1.1860950e+06   4.3273926e+01
   1.2000180e+06   4.5898438e+01
   1.2183820e+06   4.6081543e+01
   1.2942460e+06   4.4799805e+01
   1.2949750e+06   4.3579102e+01
   1.3281810e+06   4.5166016e+01
   1.3283880e+06   4.3212891e+01
   1.4071350e+06   4.2907715e+01
   1.4163350e+06   4.3640137e+01
   1.4185080e+06   5.2185059e+01
   1.4668730e+06   4.6752930e+01
   1.5460160e+06   4.8767090e+01
   1.5971590e+06   5.2612305e+01
   1.5975740e+06   4.3579102e+01
   1.5976660e+06   4.3884277e+01
   1.6337020e+06   5.2612305e+01
   1.6337320e+06   4.3823242e+01
   1.6343650e+06   4.5410156e+01
   1.6346710e+06   4.2907715e+01
   1.6356580e+06   4.3395996e+01
   1.6657910e+06   4.4860840e+01
   1.6659970e+06   4.4738770e+01
   1.6676990e+06   4.5043945e+01
   1.6909840e+06   4.6264648e+01
   1.6916650e+06   4.3151855e+01
   1.6917080e+06   4.6325684e+01
   1.7079350e+06   4.3762207e+01
   1.7164370e+06   4.6081543e+01
   1.7169440e+06   4.4372559e+01
   1.7170750e+06   4.8339844e+01
   1.7171350e+06   4.4982910e+01
   1.7173180e+06   4.3701172e+01
   1.7174610e+06   4.4067383e+01
   1.7509620e+06   4.8645020e+01
   1.7511510e+06   4.2724609e+01
   1.7521360e+06   4.4372559e+01
   1.7978280e+06   4.3395996e+01
   1.8164760e+06   4.4372559e+01
   1.8169210e+06   4.3518066e+01
   1.8345160e+06   4.7058105e+01
   1.8768480e+06   4.3029785e+01
   1.8774460e+06   4.7241211e+01
   1.8888840e+06   4.3945312e+01
   1.9000620e+06   4.3273926e+01
   1.9025280e+06   4.5349121e+01
   1.9705750e+06   4.6813965e+01
   1.9843750e+06   4.4128418e+01
   2.0700520e+06   4.4250488e+01
   2.1144920e+06   4.3334961e+01
   2.3337510e+06   4.5227051e+01
   2.4303080e+06   4.9316406e+01
   2.4795770e+06   4.7546387e+01
   2.4806210e+06   5.6823730e+01
   2.5021370e+06   4.5227051e+01
   2.5199960e+06   4.4616699e+01
   2.5210310e+06   4.8156738e+01
   2.5224410e+06   4.3518066e+01
   2.5225860e+06   4.3395996e+01
   2.5364400e+06   4.3151855e+01
   2.5500430e+06   4.6875000e+01
   2.5503590e+06   4.5166016e+01
   2.5506030e+06   4.4616699e+01
   2.5511840e+06   4.3945312e+01
   2.5511960e+06   4.4921875e+01
   2.5518380e+06   5.1330566e+01
   2.5763310e+06   4.6203613e+01
   2.5927900e+06   4.4494629e+01
   2.6001300e+06   4.3640137e+01
   2.6006970e+06   4.4555664e+01
   2.6009140e+06   4.5104980e+01
   2.6244320e+06   4.4006348e+01
   2.6252120e+06   4.4250488e+01
   2.6433190e+06   4.3151855e+01
   2.6435460e+06   4.4372559e+01
   2.6439360e+06   4.5898438e+01
   2.6443370e+06   4.9133301e+01
   2.6539650e+06   5.2551270e+01
   2.6621220e+06   4.4433594e+01
   2.6626680e+06   4.3640137e+01
   2.6639930e+06   4.3701172e+01
   2.6727650e+06   4.4189453e+01
   2.6795380e+06   4.6508789e+01
   2.6804880e+06   4.6569824e+01
   2.6975670e+06   4.5471191e+01
   2.6976220e+06   4.3151855e+01
   2.7142020e+06   4.2968750e+01
   2.7143000e+06   4.2785645e+01
   2.7145130e+06   4.3273926e+01
   2.7151180e+06   4.3457031e+01
   2.7163260e+06   5.1269531e+01
   2.7315020e+06   4.3090820e+01
   2.7319500e+06   4.7607422e+01
   2.7690980e+06   5.0354004e+01
   2.7898490e+06   4.2663574e+01
   2.8113080e+06   4.3151855e+01
   2.8115370e+06   4.5104980e+01
   2.9875830e+06   4.4067383e+01
   3.0269640e+06   4.9133301e+01
   3.0275500e+06   4.7546387e+01
   3.0278940e+06   4.4555664e+01
   3.0412180e+06   4.3090820e+01
   3.0778000e+06   4.3518066e+01
   3.1167790e+06   4.5043945e+01
   3.1170710e+06   4.3823242e+01
   3.1171550e+06   4.4433594e+01
   3.1581450e+06   4.5776367e+01
   3.1896850e+06   4.4738770e+01
   3.2126960e+06   4.5898438e+01
   3.2420380e+06   4.4372559e+01
   3.2461120e+06   5.0292969e+01
   3.2891540e+06   4.3823242e+01
   3.2897570e+06   4.3090820e+01
   3.3868720e+06   4.3701172e+01
   3.4323310e+06   4.2968750e+01
   3.4329070e+06   4.5715332e+01
   3.4862280e+06   4.4311523e+01
   3.4866240e+06   4.8706055e+01
   3.4868020e+06   4.6203613e+01
   3.4880250e+06   4.3457031e+01
   3.5338200e+06   4.4921875e+01
   3.5339450e+06   4.2724609e+01
   3.5344920e+06   4.7668457e+01
   3.5349910e+06   4.9072266e+01
   3.5624560e+06   4.3457031e+01
   3.6000280e+06   4.3640137e+01
   3.6700050e+06   4.5715332e+01
   3.9038860e+06   4.6691895e+01
   3.9044660e+06   4.2663574e+01
   3.9462060e+06   4.7912598e+01
   3.9464980e+06   4.2663574e+01
   3.9466040e+06   4.4311523e+01
   3.9468460e+06   4.4494629e+01
   3.9475070e+06   4.2724609e+01
   3.9476700e+06   4.6386719e+01
   3.9478600e+06   4.3090820e+01
   3.9541070e+06   4.2968750e+01
   3.9839570e+06   4.9560547e+01
   3.9846960e+06   4.4738770e+01
   3.9852370e+06   4.4250488e+01
   3.9853770e+06   4.5532227e+01
   4.0399470e+06   4.3151855e+01
   4.0572740e+06   5.7434082e+01
   4.0574990e+06   4.4494629e+01
   4.0744510e+06   4.4433594e+01
   4.0902540e+06   4.5776367e+01
   4.0912310e+06   4.4189453e+01
   4.1057730e+06   5.3222656e+01
   4.1058490e+06   5.0537109e+01
   4.1213650e+06   4.4677734e+01
   4.1219230e+06   4.6569824e+01
   4.1364060e+06   4.4433594e+01
   4.1518790e+06   4.3640137e+01
   4.1833110e+06   4.6447754e+01
   4.2004920e+06   4.6508789e+01
   4.2008120e+06   4.3090820e+01
   4.2200790e+06   4.9255371e+01
   4.2203090e+06   4.2968750e+01
   4.2208530e+06   4.4677734e+01
   4.2208920e+06   4.5471191e+01
   4.2519760e+06   4.4982910e+01
   4.2648930e+06   4.3212891e+01
   4.2766190e+06   4.5837402e+01
   4.4008330e+06   4.2663574e+01
   4.4318640e+06   4.6142578e+01
   4.5815900e+06   4.7119141e+01
   4.6338450e+06   4.3884277e+01
   4.6349220e+06   4.2907715e+01
   4.6351300e+06   4.6203613e+01
   4.6657480e+06   4.9621582e+01
   4.6663240e+06   4.4677734e+01
   4.6665380e+06   4.6203613e+01
   4.6667800e+06   4.4677734e+01
   4.6962970e+06   4.2785645e+01
   4.6970660e+06   4.3029785e+01
   4.7273290e+06   4.5349121e+01
   4.7293740e+06   4.4372559e+01
   4.7738190e+06   4.5776367e+01
   4.7921130e+06   4.2907715e+01
   4.7923030e+06   4.3151855e+01
   4.8111760e+06   4.4860840e+01
   4.8321740e+06   4.9499512e+01
   4.8504040e+06   4.2907715e+01
   4.8508670e+06   4.8034668e+01
   4.8518270e+06   4.5715332e+01
   4.8521020e+06   4.9438477e+01
   4.9124650e+06   4.5288086e+01
   4.9134550e+06   4.2968750e+01
   4.9366710e+06   4.4494629e+01
   5.0005540e+06   4.6203613e+01
   5.1000990e+06   4.7485352e+01
   5.1618160e+06   4.2785645e+01
   5.3300160e+06   4.3823242e+01
   5.3842530e+06   4.7485352e+01
   5.3845300e+06   4.4921875e+01
   5.3852410e+06   4.2663574e+01
   5.3855880e+06   4.7363281e+01
   5.4114250e+06   4.3457031e+01
   5.4118790e+06   4.2968750e+01
   5.4121220e+06   4.3090820e+01
   5.4122500e+06   4.3029785e+01
   5.4122700e+06   4.3395996e+01
   5.4335730e+06   4.3334961e+01
   5.4343100e+06   4.3884277e+01
   5.4549190e+06   4.3823242e+01
   5.4914190e+06   4.6203613e+01
   5.5285130e+06   4.3884277e+01
   5.5469000e+06   4.3273926e+01
   5.5998010e+06   5.1696777e+01
   5.6001940e+06   4.8034668e+01
   5.6534440e+06   4.3823242e+01
   5.6839780e+06   4.2724609e+01
   5.6843290e+06   4.6508789e+01
   5.6848120e+06   4.7302246e+01
   5.6851010e+06   4.3701172e+01
   5.6857410e+06   4.2663574e+01
   5.6865250e+06   4.3029785e+01
   5.7278990e+06   4.5166016e+01
   5.7414300e+06   4.4189453e+01
   5.7694900e+06   4.3701172e+01
   5.8196330e+06   4.5166016e+01
   5.8564080e+06   4.7851562e+01
   5.8590550e+06   4.6936035e+01
   5.8595260e+06   4.6630859e+01
   6.0624020e+06   4.3518066e+01
   6.0643030e+06   4.4799805e+01
   6.1016940e+06   5.6091309e+01
   6.1022550e+06   4.4433594e+01
   6.1301500e+06   5.1086426e+01
   6.1562750e+06   4.8156738e+01
   6.1578230e+06   4.4128418e+01
   6.1702270e+06   4.8217773e+01
   6.1770160e+06   4.8461914e+01
   6.1786160e+06   4.3334961e+01
   6.2389010e+06   4.3334961e+01
   6.2404410e+06   4.4067383e+01
   6.3017870e+06   4.3212891e+01
   6.3021520e+06   4.5959473e+01
   6.3248350e+06   4.3579102e+01
   6.3905080e+06   4.3518066e+01
   6.3914330e+06   4.5349121e+01
   6.6143880e+06   5.6091309e+01
   6.6314310e+06   4.2968750e+01
   6.8713640e+06   5.0842285e+01
   6.8728120e+06   4.6264648e+01
   6.9453940e+06   4.5715332e+01
   6.9462550e+06   5.9265137e+01
   6.9864830e+06   4.4189453e+01
   7.0189580e+06   4.5715332e+01
   7.0909600e+06   4.3273926e+01
   7.0918870e+06   4.4982910e+01
   7.1281830e+06   4.8095703e+01
   7.1286150e+06   4.3090820e+01
   7.1662460e+06   4.4677734e+01
   7.1957290e+06   4.5288086e+01
   7.1965850e+06   4.5471191e+01
   7.1968910e+06   4.8095703e+01
   7.1978980e+06   4.3457031e+01
   7.2276610e+06   4.6203613e+01
   7.2284100e+06   4.3395996e+01
   7.2284830e+06   4.6142578e+01
   7.2619890e+06   4.4189453e+01
   7.6243990e+06   4.2907715e+01
   7.6322840e+06   4.6936035e+01
   7.6333870e+06   4.2663574e+01
   7.6571230e+06   4.3212891e+01
   7.6989920e+06   4.5837402e+01
   7.6997940e+06   4.3945313e+01
   7.7002650e+06   4.4921875e+01
   7.7388720e+06   4.6875000e+01
   7.7392440e+06   4.3273926e+01
   7.7766150e+06   5.0292969e+01
   7.8165830e+06   5.0109863e+01
   7.8781400e+06   4.7485352e+01
   7.8796240e+06   4.4982910e+01
   7.8796540e+06   4.5349121e+01
   7.9018940e+06   4.5166016e+01
   8.0967640e+06   4.3395996e+01
   8.1925320e+06   4.2663574e+01
   8.2451800e+06   4.3457031e+01
   8.2677010e+06   4.7058105e+01
   8.2692050e+06   4.7912598e+01
   8.3070460e+06   4.5593262e+01
   8.3080520e+06   5.1147461e+01
   8.3436590e+06   4.4494629e+01
   8.4845410e+06   4.2663574e+01
   8.5107070e+06   4.8339844e+01
   8.5296150e+06   4.2968750e+01
   8.6074340e+06   4.6264648e+01
   8.6326880e+06   4.4311523e+01
   9.2015630e+06   4.3151855e+01
   9.2726500e+06   4.3212891e+01
   9.3595690e+06   4.2907715e+01
   9.3598190e+06   4.4189453e+01
   9.5259520e+06   4.3395996e+01
   9.5587110e+06   4.5043945e+01
   9.5595020e+06   4.5898438e+01
   9.5923390e+06   5.5114746e+01
   9.9441040e+06   4.2663574e+01
   1.0057997e+07   4.3212891e+01
   1.0078890e+07   4.8950195e+01
   1.0100908e+07   4.3884277e+01
   1.0154453e+07   4.5104980e+01
   1.0155749e+07   4.3762207e+01
   1.0155840e+07   4.5715332e+01
   1.0156287e+07   4.5654297e+01
   1.0237087e+07   4.2724609e+01
   1.0237097e+07   5.5603027e+01
   1.0238981e+07   4.2907715e+01
   1.0266746e+07   4.3945312e+01
   1.0296610e+07   4.8889160e+01
   1.0328718e+07   4.3090820e+01
   1.0697688e+07   5.0354004e+01
   1.0718772e+07   5.4809570e+01
   1.0719445e+07   4.4189453e+01
   1.0719627e+07   4.4555664e+01
   1.0719706e+07   4.4921875e+01
   1.0720174e+07   4.4616699e+01
   1.0742306e+07   5.0659180e+01
   1.0761551e+07   4.2907715e+01
   1.0782457e+07   4.3457031e+01
   1.0782828e+07   4.5532227e+01
   1.0784182e+07   4.3823242e+01
   1.0784366e+07   4.4921875e+01
   1.0822431e+07   4.2785645e+01
   1.0896118e+07   4.6508789e+01
   1.0970780e+07   4.3579102e+01
   1.1026592e+07   4.3701172e+01
   1.1027193e+07   4.4982910e+01
   1.1202158e+07   4.5715332e+01
   1.1326663e+07   5.1940918e+01
   1.1349013e+07   4.3273926e+01
   1.1349622e+07   4.7607422e+01
   1.1434936e+07   4.6997070e+01
   1.1463375e+07   4.3212891e+01
   1.1492099e+07   4.3334961e+01
   1.1492453e+07   4.3334961e+01
   1.1493142e+07   4.4860840e+01
   1.1524604e+07   4.2907715e+01
   1.1554983e+07   4.8156738e+01
   1.1809939e+07   4.2663574e+01
   1.1809960e+07   4.5654297e+01
   1.1851073e+07   4.7302246e+01
   1.1851141e+07   4.7119141e+01
   1.1873050e+07   4.4982910e+01
   1.1992610e+07   4.5654297e+01
