   8.9990000e+06   0.0000000e+00
   3.5300000e+03   2.9541016e+01
   3.8330000e+03   2.5573730e+01
   7.3730000e+03   2.6184082e+01
   1.1132000e+04   2.3620605e+01
   1.1454000e+04   2.2949219e+01
   1.5526000e+04   2.6611328e+01
   1.5784000e+04   2.3254395e+01
   1.6188000e+04   2.3193359e+01
   1.6344000e+04   2.3742676e+01
   1.9913000e+04   2.2888184e+01
   2.0079000e+04   2.2216797e+01
   2.0281000e+04   2.2094727e+01
   2.3657000e+04   2.7465820e+01
   2.4960000e+04   2.2888184e+01
   2.5166000e+04   2.6428223e+01
   2.9223000e+04   2.3742676e+01
   2.9476000e+04   2.4169922e+01
   2.9564000e+04   2.3254395e+01
   3.3495000e+04   2.5085449e+01
   3.6807000e+04   3.1738281e+01
   3.6939000e+04   2.2583008e+01
   4.1658000e+04   2.3132324e+01
   4.1898000e+04   2.2277832e+01
   4.5272000e+04   2.5512695e+01
   4.9164000e+04   2.3986816e+01
   4.9620000e+04   2.4230957e+01
   5.2867000e+04   2.7099609e+01
   5.6788000e+04   2.2338867e+01
   5.9898000e+04   2.4780273e+01
   6.0183000e+04   2.5817871e+01
   6.4455000e+04   2.3803711e+01
   6.4827000e+04   2.3620605e+01
   6.8052000e+04   2.4963379e+01
   7.2254000e+04   2.6062012e+01
   7.6146000e+04   2.2888184e+01
   7.6277000e+04   2.8869629e+01
   7.9739000e+04   2.2277832e+01
   8.4036000e+04   2.7282715e+01
   8.4125000e+04   2.3986816e+01
   8.4174000e+04   2.6916504e+01
   8.4217000e+04   2.3742676e+01
   8.7967000e+04   2.4902344e+01
   8.8374000e+04   2.2155762e+01
   9.1444000e+04   2.4658203e+01
   9.1608000e+04   2.3986816e+01
   9.5007000e+04   2.6062012e+01
   9.5965000e+04   2.3254395e+01
   1.0042100e+05   2.2399902e+01
   1.0521000e+05   2.5878906e+01
   1.0563600e+05   2.2949219e+01
   1.0887000e+05   2.4963379e+01
   1.0950000e+05   2.2399902e+01
   1.0993300e+05   2.3376465e+01
   1.1434000e+05   2.4414062e+01
   1.1803700e+05   2.5085449e+01
   1.2325700e+05   2.2766113e+01
   1.2705200e+05   2.3315430e+01
   1.3002800e+05   2.7954102e+01
   1.3597100e+05   2.2766113e+01
   1.3772500e+05   2.6672363e+01
   1.4092300e+05   2.2888184e+01
   1.4338200e+05   2.5024414e+01
   1.4417500e+05   2.9296875e+01
   1.4976000e+05   2.6245117e+01
   1.5295300e+05   2.7221680e+01
   1.5307300e+05   2.4169922e+01
   1.5636100e+05   2.8137207e+01
   1.5684700e+05   2.5085449e+01
   1.5707000e+05   2.7038574e+01
   1.6146200e+05   2.8137207e+01
   1.6245100e+05   2.3681641e+01
   1.6276500e+05   2.2949219e+01
   1.6640800e+05   2.7160645e+01
   1.6710200e+05   2.7099609e+01
   1.7108200e+05   2.3742676e+01
   1.7551200e+05   2.2277832e+01
   1.8101400e+05   2.4047852e+01
   1.8127900e+05   2.5268555e+01
   1.8496000e+05   2.3254395e+01
   1.8559200e+05   2.9113770e+01
   1.8569000e+05   2.3071289e+01
   1.8940500e+05   2.6062012e+01
   1.8972900e+05   3.2104492e+01
   1.9311700e+05   2.2094727e+01
   1.9332600e+05   2.2521973e+01
   1.9796900e+05   2.3681641e+01
   2.0189500e+05   2.3071289e+01
   2.0229600e+05   2.6611328e+01
   2.0712000e+05   2.3498535e+01
   2.0731800e+05   2.3559570e+01
   2.1186200e+05   2.2155762e+01
   2.1226500e+05   2.3071289e+01
   2.1363900e+05   2.3498535e+01
   2.1379200e+05   2.8015137e+01
   2.1429700e+05   2.4047852e+01
   2.1667900e+05   2.4536133e+01
   2.1980000e+05   2.2644043e+01
   2.2025800e+05   2.2277832e+01
   2.2073500e+05   2.3193359e+01
   2.2669300e+05   2.5451660e+01
   2.2678100e+05   2.2949219e+01
   2.3267300e+05   2.6855469e+01
   2.3279500e+05   2.3803711e+01
   2.3638900e+05   2.3376465e+01
   2.3751100e+05   2.2277832e+01
   2.3762800e+05   2.5573730e+01
   2.4079700e+05   2.8381348e+01
   2.4160200e+05   2.2338867e+01
   2.4491600e+05   2.6184082e+01
   2.4513900e+05   2.3132324e+01
   2.4752500e+05   2.2644043e+01
   2.4763400e+05   2.2399902e+01
   2.5226600e+05   3.1921387e+01
   2.5242400e+05   2.5024414e+01
   2.5284800e+05   2.3803711e+01
   2.5865600e+05   2.2277832e+01
   2.5881800e+05   2.2827148e+01
   2.5902900e+05   2.2766113e+01
   2.6227400e+05   2.2949219e+01
   2.6312800e+05   2.3437500e+01
   2.6933300e+05   2.5512695e+01
   2.7522200e+05   2.4780273e+01
   2.7881300e+05   2.5390625e+01
   2.7919000e+05   2.6062012e+01
   2.7932900e+05   2.2644043e+01
   2.8287400e+05   2.3986816e+01
   2.8365600e+05   2.3315430e+01
   2.8537100e+05   3.1616211e+01
   2.8552400e+05   2.2399902e+01
   2.9239500e+05   2.2705078e+01
   2.9250400e+05   2.3376465e+01
   2.9326100e+05   2.3742676e+01
   2.9799000e+05   2.2827148e+01
   2.9809100e+05   2.4291992e+01
   3.0204900e+05   2.4353027e+01
   3.0233300e+05   2.5817871e+01
   3.0256700e+05   2.3315430e+01
   3.0670800e+05   2.9785156e+01
   3.0680400e+05   2.3254395e+01
   3.1139600e+05   2.3437500e+01
   3.1151200e+05   2.3620605e+01
   3.1479800e+05   2.3437500e+01
   3.1532400e+05   2.2155762e+01
   3.1880000e+05   2.3315430e+01
   3.1904700e+05   2.4291992e+01
   3.1924600e+05   2.4780273e+01
   3.2315000e+05   2.7893066e+01
   3.2338200e+05   2.4169922e+01
   3.2752800e+05   2.3986816e+01
   3.2768700e+05   2.5695801e+01
   3.3938100e+05   2.9418945e+01
   3.3961700e+05   2.2155762e+01
   3.3970600e+05   2.4230957e+01
   3.4005900e+05   2.8320312e+01
   3.4452300e+05   2.3681641e+01
   3.4869300e+05   2.6000977e+01
   3.5269200e+05   3.1921387e+01
   3.5807300e+05   2.8198242e+01
   3.5834900e+05   2.2521973e+01
   3.6240000e+05   2.8747559e+01
   3.6616000e+05   2.2277832e+01
   3.6624300e+05   2.3010254e+01
   3.6640600e+05   2.2827148e+01
   3.7092500e+05   2.9602051e+01
   3.7106700e+05   2.5268555e+01
   3.7108300e+05   2.6794434e+01
   3.7441200e+05   2.5939941e+01
   3.8159500e+05   2.3132324e+01
   3.8262700e+05   2.6184082e+01
   3.8601900e+05   2.4841309e+01
   3.8646900e+05   2.3254395e+01
   3.9177000e+05   2.2949219e+01
   3.9195900e+05   2.6306152e+01
   3.9599500e+05   2.6000977e+01
   3.9633600e+05   2.2766113e+01
   3.9650500e+05   2.7465820e+01
   3.9686600e+05   2.4475098e+01
   4.0039900e+05   2.4047852e+01
   4.0057100e+05   2.2949219e+01
   4.0342100e+05   2.4047852e+01
   4.0356800e+05   2.3254395e+01
   4.0405400e+05   2.3132324e+01
   4.0704900e+05   2.3010254e+01
   4.0722500e+05   2.4536133e+01
   4.0929800e+05   2.2949219e+01
   4.0957200e+05   2.3132324e+01
   4.1245500e+05   2.5268555e+01
   4.1267700e+05   2.2094727e+01
   4.1898800e+05   2.3071289e+01
   4.1940800e+05   2.2338867e+01
   4.2833600e+05   2.2094727e+01
   4.2844300e+05   2.3254395e+01
   4.3218800e+05   2.3620605e+01
   4.3632000e+05   2.3315430e+01
   4.3671000e+05   2.6794434e+01
   4.4043200e+05   2.2583008e+01
   4.4579900e+05   2.2155762e+01
   4.5153700e+05   2.5207520e+01
   4.5184300e+05   2.4353027e+01
   4.5617100e+05   2.9907227e+01
   4.6039300e+05   2.4902344e+01
   4.6602200e+05   2.2705078e+01
   4.6618700e+05   2.3071289e+01
   4.7128100e+05   2.9113770e+01
   4.7555600e+05   2.8259277e+01
   4.7606200e+05   2.4230957e+01
   4.7993500e+05   2.4108887e+01
   4.8037400e+05   2.2338867e+01
   4.8047200e+05   2.4353027e+01
   4.8141300e+05   2.3315430e+01
   4.8454300e+05   2.6611328e+01
   4.8487600e+05   2.2949219e+01
   4.8496500e+05   2.6977539e+01
   4.8811800e+05   2.2338867e+01
   4.8873400e+05   2.3925781e+01
   4.9206000e+05   2.5085449e+01
   4.9606400e+05   2.5146484e+01
   4.9702700e+05   2.2888184e+01
   4.9715300e+05   2.2521973e+01
   5.0010200e+05   2.6611328e+01
   5.0050400e+05   2.8442383e+01
   5.0508600e+05   2.2705078e+01
   5.0530000e+05   2.2155762e+01
   5.0576700e+05   2.2338867e+01
   5.0887500e+05   2.3986816e+01
   5.1210000e+05   2.2094727e+01
   5.1517000e+05   2.3681641e+01
   5.1593700e+05   2.3254395e+01
   5.1908600e+05   2.3376465e+01
   5.1924700e+05   2.4353027e+01
   5.2353500e+05   2.4780273e+01
   5.2634900e+05   2.4108887e+01
   5.2949900e+05   2.2460938e+01
   5.2986300e+05   2.3010254e+01
   5.2996300e+05   2.3742676e+01
   5.3314800e+05   2.3071289e+01
   5.3328900e+05   2.3864746e+01
   5.3650100e+05   2.5085449e+01
   5.3666300e+05   2.2644043e+01
   5.3698400e+05   2.6855469e+01
   5.3744500e+05   2.7526855e+01
   5.4062300e+05   2.5085449e+01
   5.4381900e+05   2.5634766e+01
   5.4410000e+05   2.2155762e+01
   5.4706000e+05   2.8625488e+01
   5.5004000e+05   2.4230957e+01
   5.5387400e+05   2.5390625e+01
   5.5976100e+05   2.2949219e+01
   5.6043700e+05   2.4658203e+01
   5.6383800e+05   2.3071289e+01
   5.6389400e+05   2.5939941e+01
   5.6716300e+05   3.0395508e+01
   5.7101800e+05   2.7160645e+01
   5.7420500e+05   2.8991699e+01
   5.7432500e+05   2.2644043e+01
   5.7789100e+05   2.3010254e+01
   5.8468200e+05   2.4719238e+01
   5.8965300e+05   2.4230957e+01
   5.8995300e+05   2.3315430e+01
   5.9421900e+05   2.5085449e+01
   5.9756400e+05   2.3742676e+01
   5.9762200e+05   2.4475098e+01
   6.0189900e+05   2.3132324e+01
   6.0564900e+05   2.7770996e+01
   6.0576500e+05   2.2521973e+01
   6.0674200e+05   2.3742676e+01
   6.0705500e+05   2.6794434e+01
   6.1329300e+05   2.9052734e+01
   6.1657300e+05   2.5634766e+01
   6.1737800e+05   2.3803711e+01
   6.2451300e+05   2.4902344e+01
   6.2722600e+05   2.2277832e+01
   6.2746400e+05   2.2644043e+01
   6.2879700e+05   2.6611328e+01
   6.2891800e+05   2.8076172e+01
   6.3244800e+05   2.5878906e+01
   6.3254000e+05   2.2583008e+01
   6.3593700e+05   2.3986816e+01
   6.3638900e+05   2.3132324e+01
   6.3995000e+05   2.2766113e+01
   6.4041500e+05   2.4536133e+01
   6.4404100e+05   2.5085449e+01
   6.4426600e+05   2.7526855e+01
   6.4448800e+05   2.4291992e+01
   6.4776100e+05   2.4963379e+01
   6.5132200e+05   2.4902344e+01
   6.5143400e+05   2.3498535e+01
   6.5149200e+05   2.2460938e+01
   6.5151100e+05   2.3010254e+01
   6.5506400e+05   2.5146484e+01
   6.5911600e+05   2.6062012e+01
   6.6249300e+05   2.3376465e+01
   6.6371500e+05   2.6672363e+01
   6.6708600e+05   2.3254395e+01
   6.6761200e+05   2.3193359e+01
   6.7049600e+05   2.7587891e+01
   6.7091400e+05   2.4658203e+01
   6.7353100e+05   2.6062012e+01
   6.7452100e+05   2.4475098e+01
   6.7690800e+05   2.3193359e+01
   6.7706200e+05   2.3010254e+01
   6.7960500e+05   2.6550293e+01
   6.8333800e+05   2.3559570e+01
   6.8341900e+05   2.2705078e+01
   6.8343900e+05   2.2888184e+01
   6.8407800e+05   2.4902344e+01
   6.9058200e+05   2.3925781e+01
   6.9083300e+05   2.2094727e+01
   6.9100400e+05   2.5573730e+01
   6.9126800e+05   2.3376465e+01
   6.9465400e+05   2.7587891e+01
   6.9740300e+05   2.4230957e+01
   6.9759700e+05   2.3376465e+01
   6.9795400e+05   2.2277832e+01
   7.0132200e+05   2.5878906e+01
   7.0157300e+05   2.3864746e+01
   7.0518500e+05   2.4719238e+01
   7.0831800e+05   2.3620605e+01
   7.0842600e+05   2.2399902e+01
   7.0875100e+05   2.6794434e+01
   7.0891200e+05   2.2705078e+01
   7.1182900e+05   2.9296875e+01
   7.1530300e+05   2.3376465e+01
   7.1544200e+05   2.4841309e+01
   7.1547800e+05   2.2338867e+01
   7.1921600e+05   2.2827148e+01
   7.1924600e+05   2.3071289e+01
   7.2472000e+05   2.3254395e+01
   7.2493800e+05   2.4475098e+01
   7.2696200e+05   2.4353027e+01
   7.2787100e+05   2.5329590e+01
   7.2973800e+05   2.3193359e+01
   7.2984200e+05   2.6855469e+01
   7.2993500e+05   2.4475098e+01
   7.3349500e+05   2.8381348e+01
   7.3972500e+05   2.3376465e+01
   7.3999200e+05   2.2338867e+01
   7.4018200e+05   2.3071289e+01
   7.4404300e+05   2.2888184e+01
   7.4872600e+05   2.6184082e+01
   7.4901100e+05   2.3498535e+01
   7.5593500e+05   2.3376465e+01
   7.5613300e+05   2.4291992e+01
   7.6015100e+05   2.7526855e+01
   7.6519000e+05   2.2766113e+01
   7.6773900e+05   2.6062012e+01
   7.7060900e+05   2.3254395e+01
   7.7205300e+05   2.3071289e+01
   7.7490800e+05   2.6489258e+01
   7.7507000e+05   2.6489258e+01
   7.7854900e+05   2.6000977e+01
   7.7871600e+05   2.4047852e+01
   7.8151400e+05   3.3569336e+01
   7.8173600e+05   2.4719238e+01
   7.8511500e+05   2.7465820e+01
   7.8708700e+05   2.3254395e+01
   7.8723600e+05   2.2888184e+01
   7.8910200e+05   2.2338867e+01
   7.9332000e+05   2.2460938e+01
   7.9356100e+05   2.3681641e+01
   7.9685500e+05   2.3559570e+01
   7.9778500e+05   2.4108887e+01
   7.9903300e+05   2.3010254e+01
   8.0232100e+05   2.4475098e+01
   8.0250500e+05   2.2216797e+01
   8.0654200e+05   2.4780273e+01
   8.0731700e+05   2.2521973e+01
   8.1226700e+05   2.9907227e+01
   8.1279000e+05   2.2766113e+01
   8.1542400e+05   2.4963379e+01
   8.1801700e+05   2.7526855e+01
   8.1855800e+05   2.4780273e+01
   8.2145000e+05   2.3010254e+01
   8.2158500e+05   2.7954102e+01
   8.2179300e+05   2.2888184e+01
   8.2204200e+05   2.2094727e+01
   8.2494900e+05   2.5512695e+01
   8.2507800e+05   2.3803711e+01
   8.2540600e+05   2.3071289e+01
   8.2558400e+05   2.3681641e+01
   8.3265600e+05   2.7343750e+01
   8.3513700e+05   2.4719238e+01
   8.3559600e+05   2.3742676e+01
   8.3884700e+05   2.2094727e+01
   8.3948300e+05   2.3193359e+01
   8.4219700e+05   2.2766113e+01
   8.4532600e+05   2.2644043e+01
   8.4544900e+05   2.2583008e+01
   8.4788500e+05   2.4963379e+01
   8.4804200e+05   2.3071289e+01
   8.4810500e+05   2.2216797e+01
   8.5096300e+05   2.5512695e+01
   8.5373100e+05   2.2766113e+01
   8.5385300e+05   2.2094727e+01
   8.5712100e+05   2.4902344e+01
   8.5760800e+05   2.5085449e+01
   8.5763400e+05   2.3925781e+01
   8.6024600e+05   2.4841309e+01
   8.6044400e+05   2.6733398e+01
   8.6358100e+05   2.3925781e+01
   8.6380300e+05   2.2766113e+01
   8.6397800e+05   2.8564453e+01
   8.6960300e+05   2.7954102e+01
   8.6996000e+05   2.2094727e+01
   8.7075400e+05   2.3132324e+01
   8.7333700e+05   2.3986816e+01
   8.7631200e+05   2.3681641e+01
   8.7645100e+05   2.4963379e+01
   8.8264200e+05   2.2399902e+01
   8.8611600e+05   2.2277832e+01
   8.8693700e+05   2.6672363e+01
   8.9236100e+05   2.6977539e+01
   8.9511700e+05   2.3376465e+01
   8.9519600e+05   2.8015137e+01
   8.9748600e+05   2.2460938e+01
   8.9757300e+05   2.2338867e+01
   8.9799100e+05   2.3071289e+01
   9.0069100e+05   2.3559570e+01
   9.0376900e+05   2.5390625e+01
   9.0607900e+05   2.7893066e+01
   9.0686800e+05   2.3864746e+01
   9.0928100e+05   2.6367188e+01
   9.1232300e+05   2.2827148e+01
   9.1526500e+05   2.3071289e+01
   9.1802600e+05   2.3498535e+01
   9.1881300e+05   2.3803711e+01
   9.1896500e+05   2.4230957e+01
   9.2100200e+05   2.2705078e+01
   9.2107400e+05   3.4240723e+01
   9.2734900e+05   2.8320312e+01
   9.2743800e+05   2.2827148e+01
   9.2747400e+05   2.4230957e+01
   9.2766400e+05   2.2705078e+01
   9.3330100e+05   2.6550293e+01
   9.3644700e+05   2.3132324e+01
   9.4002500e+05   2.7160645e+01
   9.4013900e+05   2.9663086e+01
   9.4159000e+05   2.3803711e+01
   9.4172200e+05   2.3376465e+01
   9.4180600e+05   2.3132324e+01
   9.4439700e+05   2.2766113e+01
   9.4968000e+05   2.5817871e+01
   9.4976300e+05   2.6794434e+01
   9.5021400e+05   2.6000977e+01
   9.5370900e+05   3.0578613e+01
   9.5684700e+05   2.5878906e+01
   9.6010100e+05   2.2155762e+01
   9.6489300e+05   2.2521973e+01
   9.6503000e+05   2.2338867e+01
   9.6933200e+05   2.6306152e+01
   9.6994700e+05   2.3437500e+01
   9.7383300e+05   2.2521973e+01
   9.7396200e+05   2.2766113e+01
   9.7698000e+05   2.2766113e+01
   9.8087200e+05   2.4780273e+01
   9.8099000e+05   2.4841309e+01
   9.8422900e+05   2.4353027e+01
   9.8495400e+05   2.3132324e+01
   9.8815500e+05   2.6489258e+01
   9.8834000e+05   2.3376465e+01
   9.8867800e+05   2.3376465e+01
   9.9141800e+05   2.3681641e+01
   9.9152900e+05   2.2155762e+01
   9.9175300e+05   2.2216797e+01
   9.9444200e+05   2.4780273e+01
   1.0010560e+06   2.7893066e+01
   1.0080730e+06   2.3315430e+01
   1.0118370e+06   2.4169922e+01
   1.0182960e+06   2.3437500e+01
   1.0187230e+06   2.2583008e+01
   1.0188040e+06   2.7282715e+01
   1.0211940e+06   2.5268555e+01
   1.0241260e+06   2.3132324e+01
   1.0245090e+06   2.5634766e+01
   1.0245740e+06   2.3437500e+01
   1.0280010e+06   2.2888184e+01
   1.0284730e+06   2.2338867e+01
   1.0365700e+06   2.3193359e+01
   1.0407570e+06   2.8808594e+01
   1.0410490e+06   2.2277832e+01
   1.0412120e+06   2.2277832e+01
   1.0441570e+06   2.2338867e+01
   1.0475410e+06   2.4353027e+01
   1.0504150e+06   2.3010254e+01
   1.0531710e+06   2.4475098e+01
   1.0536790e+06   2.3132324e+01
   1.0572400e+06   2.4780273e+01
   1.0623700e+06   2.3071289e+01
   1.0626700e+06   2.8381348e+01
   1.0656450e+06   2.2094727e+01
   1.0658610e+06   2.2399902e+01
   1.0663030e+06   2.4597168e+01
   1.0690990e+06   2.4902344e+01
   1.0715380e+06   2.2705078e+01
   1.0718300e+06   2.3864746e+01
   1.0722380e+06   2.3620605e+01
   1.0752750e+06   2.2460938e+01
   1.0764260e+06   2.2827148e+01
   1.0792480e+06   2.6184082e+01
   1.0824570e+06   2.2644043e+01
   1.0831890e+06   2.2277832e+01
   1.0864750e+06   2.3986816e+01
   1.0867760e+06   2.2949219e+01
   1.0892040e+06   2.4169922e+01
   1.0929010e+06   2.5329590e+01
   1.0932210e+06   2.2583008e+01
   1.0948730e+06   2.2705078e+01
   1.0972790e+06   2.3315430e+01
   1.1016030e+06   2.4780273e+01
   1.1017270e+06   2.6245117e+01
   1.1017750e+06   2.3071289e+01
   1.1048400e+06   2.2216797e+01
   1.1049420e+06   2.3254395e+01
   1.1050340e+06   2.3315430e+01
   1.1078210e+06   2.5085449e+01
   1.1106760e+06   2.5390625e+01
   1.1139380e+06   2.6428223e+01
   1.1169990e+06   2.4353027e+01
   1.1205310e+06   2.2399902e+01
   1.1227130e+06   2.3315430e+01
   1.1299490e+06   2.4353027e+01
   1.1301080e+06   2.3742676e+01
   1.1303220e+06   2.3559570e+01
   1.1331980e+06   2.3498535e+01
   1.1333190e+06   2.2827148e+01
   1.1343280e+06   2.4414062e+01
   1.1409220e+06   2.4475098e+01
   1.1411230e+06   2.3620605e+01
   1.1427550e+06   4.0771484e+01
   1.1443420e+06   2.3071289e+01
   1.1445240e+06   2.6000977e+01
   1.1474750e+06   2.3498535e+01
   1.1508330e+06   2.9052734e+01
   1.1512050e+06   2.2521973e+01
   1.1519460e+06   2.3010254e+01
   1.1521420e+06   2.2888184e+01
   1.1546250e+06   2.2888184e+01
   1.1555630e+06   2.3132324e+01
   1.1651760e+06   2.2583008e+01
   1.1656410e+06   2.4719238e+01
   1.1683650e+06   2.3254395e+01
   1.1684210e+06   2.2521973e+01
   1.1716680e+06   2.3742676e+01
   1.1749710e+06   2.3010254e+01
   1.1749820e+06   2.5512695e+01
   1.1750860e+06   3.0517578e+01
   1.1753370e+06   2.4475098e+01
   1.1786560e+06   2.4353027e+01
   1.1806760e+06   2.2827148e+01
   1.1812400e+06   2.2277832e+01
   1.1837710e+06   2.4475098e+01
   1.1845240e+06   2.3742676e+01
   1.1869480e+06   2.3681641e+01
   1.1902940e+06   2.7038574e+01
   1.1945010e+06   2.7160645e+01
   1.1976870e+06   2.3559570e+01
   1.2042280e+06   2.3132324e+01
   1.2045340e+06   2.2338867e+01
   1.2073320e+06   2.7160645e+01
   1.2075310e+06   2.3376465e+01
   1.2076600e+06   2.3559570e+01
   1.2110400e+06   2.6977539e+01
   1.2133790e+06   2.3864746e+01
   1.2167030e+06   2.3498535e+01
   1.2214090e+06   2.8747559e+01
   1.2249110e+06   2.3376465e+01
   1.2252710e+06   2.5390625e+01
   1.2255260e+06   2.5939941e+01
   1.2290000e+06   2.4475098e+01
   1.2290700e+06   2.2277832e+01
   1.2334570e+06   2.2460938e+01
   1.2336990e+06   2.2827148e+01
   1.2363140e+06   2.9479980e+01
   1.2389110e+06   2.2216797e+01
   1.2419600e+06   2.4230957e+01
   1.2467390e+06   2.2155762e+01
   1.2497740e+06   2.2949219e+01
   1.2532570e+06   2.2827148e+01
   1.2561950e+06   2.2583008e+01
   1.2568290e+06   2.5268555e+01
   1.2569430e+06   2.5939941e+01
   1.2603640e+06   2.2521973e+01
   1.2604640e+06   2.2338867e+01
   1.2649580e+06   2.2705078e+01
   1.2650510e+06   2.2827148e+01
   1.2653060e+06   2.2277832e+01
   1.2653750e+06   2.2216797e+01
   1.2700140e+06   2.2766113e+01
   1.2709560e+06   2.5695801e+01
   1.2738640e+06   2.2705078e+01
   1.2763890e+06   2.2888184e+01
   1.2774800e+06   2.2216797e+01
   1.2775540e+06   2.2521973e+01
   1.2849310e+06   2.8198242e+01
   1.2857560e+06   2.2949219e+01
   1.2916500e+06   2.5939941e+01
   1.2945560e+06   3.3447266e+01
   1.2980150e+06   2.5695801e+01
   1.2982140e+06   2.2827148e+01
   1.3009340e+06   2.2338867e+01
   1.3079880e+06   2.5634766e+01
   1.3113050e+06   2.6367188e+01
   1.3213900e+06   2.2766113e+01
   1.3275320e+06   2.7709961e+01
   1.3280410e+06   2.4658203e+01
   1.3281370e+06   2.4963379e+01
   1.3311050e+06   2.4291992e+01
   1.3343240e+06   2.4353027e+01
   1.3411380e+06   2.7893066e+01
   1.3415100e+06   2.4719238e+01
   1.3437250e+06   2.4536133e+01
   1.3437450e+06   2.3132324e+01
   1.3438210e+06   2.2216797e+01
   1.3468180e+06   2.4230957e+01
   1.3472010e+06   2.2644043e+01
   1.3496620e+06   2.4658203e+01
   1.3497540e+06   2.4414062e+01
   1.3501410e+06   2.2338867e+01
   1.3522400e+06   2.4169922e+01
   1.3575410e+06   2.2705078e+01
   1.3606480e+06   2.2888184e+01
   1.3612570e+06   2.3193359e+01
   1.3645070e+06   2.2644043e+01
   1.3682760e+06   2.3986816e+01
   1.3683640e+06   2.3742676e+01
   1.3708550e+06   2.3132324e+01
   1.3714520e+06   2.2338867e+01
   1.3715670e+06   2.4291992e+01
   1.3794160e+06   2.3010254e+01
   1.3794910e+06   2.4230957e+01
   1.3795670e+06   2.3437500e+01
   1.3823180e+06   2.3681641e+01
   1.3824370e+06   2.2888184e+01
   1.3825870e+06   2.7099609e+01
   1.3850960e+06   2.2766113e+01
   1.3865570e+06   2.3193359e+01
   1.3906690e+06   2.2888184e+01
   1.3907410e+06   2.5634766e+01
   1.3936930e+06   2.4475098e+01
   1.3968930e+06   2.2583008e+01
   1.4009100e+06   2.3803711e+01
   1.4013810e+06   2.3864746e+01
   1.4070700e+06   2.4108887e+01
   1.4099500e+06   2.5085449e+01
   1.4103200e+06   2.5817871e+01
   1.4104470e+06   2.4719238e+01
   1.4165870e+06   2.4291992e+01
   1.4180190e+06   2.4353027e+01
   1.4185350e+06   2.2888184e+01
   1.4220450e+06   2.5146484e+01
   1.4222120e+06   2.2216797e+01
   1.4253980e+06   2.2521973e+01
   1.4261430e+06   2.3620605e+01
   1.4286040e+06   2.6428223e+01
   1.4320690e+06   2.5634766e+01
   1.4323430e+06   2.3437500e+01
   1.4351540e+06   2.8015137e+01
   1.4388930e+06   2.3010254e+01
   1.4488170e+06   2.2094727e+01
   1.4529360e+06   2.3132324e+01
   1.4531900e+06   2.3437500e+01
   1.4557610e+06   2.3315430e+01
   1.4559410e+06   2.4536133e+01
   1.4586840e+06   2.2766113e+01
   1.4589530e+06   2.2399902e+01
   1.4607560e+06   2.4475098e+01
   1.4640500e+06   2.4230957e+01
   1.4647780e+06   2.3620605e+01
   1.4670220e+06   2.2216797e+01
   1.4672580e+06   2.3071289e+01
   1.4735920e+06   2.4841309e+01
   1.4737550e+06   2.2766113e+01
   1.4762860e+06   2.2399902e+01
   1.4766040e+06   2.2766113e+01
   1.4792440e+06   2.4230957e+01
   1.4805590e+06   3.2653809e+01
   1.4837810e+06   2.4841309e+01
   1.4865680e+06   2.4719238e+01
   1.4949780e+06   2.2399902e+01
   1.5013680e+06   2.5817871e+01
   1.5043200e+06   2.3681641e+01
   1.5084010e+06   2.3254395e+01
   1.5125430e+06   2.4291992e+01
   1.5155490e+06   2.5939941e+01
   1.5188090e+06   2.4169922e+01
   1.5189740e+06   2.2460938e+01
   1.5190720e+06   2.3010254e+01
   1.5224220e+06   2.3803711e+01
   1.5256330e+06   2.3559570e+01
   1.5290020e+06   2.2277832e+01
   1.5325520e+06   2.3132324e+01
   1.5325950e+06   2.2155762e+01
   1.5326230e+06   2.3986816e+01
   1.5332120e+06   2.2827148e+01
   1.5393550e+06   2.9479980e+01
   1.5432600e+06   2.2338867e+01
   1.5463630e+06   2.3681641e+01
   1.5507460e+06   2.6245117e+01
   1.5518400e+06   2.2644043e+01
   1.5538840e+06   3.7475586e+01
   1.5627660e+06   2.3193359e+01
   1.5635590e+06   2.3498535e+01
   1.5636260e+06   2.2399902e+01
   1.5663190e+06   2.3498535e+01
   1.5698140e+06   2.6855469e+01
   1.5723820e+06   2.4780273e+01
   1.5747940e+06   2.2583008e+01
   1.5789530e+06   2.2583008e+01
   1.5793930e+06   2.2338867e+01
   1.5795360e+06   2.3437500e+01
   1.5796480e+06   2.3071289e+01
   1.5821210e+06   2.2338867e+01
   1.5858300e+06   2.6428223e+01
   1.5950300e+06   2.3437500e+01
   1.5977800e+06   2.6428223e+01
   1.5978620e+06   2.4963379e+01
   1.6012920e+06   2.4780273e+01
   1.6013560e+06   2.4719238e+01
   1.6036110e+06   2.5329590e+01
   1.6095350e+06   2.3742676e+01
   1.6105470e+06   2.2888184e+01
   1.6168220e+06   2.2827148e+01
   1.6170020e+06   2.3315430e+01
   1.6194220e+06   2.3803711e+01
   1.6224510e+06   2.3559570e+01
   1.6226740e+06   2.4658203e+01
   1.6294350e+06   3.0273438e+01
   1.6295100e+06   2.3376465e+01
   1.6296480e+06   2.2094727e+01
   1.6323870e+06   2.7282715e+01
   1.6329340e+06   2.2216797e+01
   1.6372850e+06   2.4230957e+01
   1.6375370e+06   2.2583008e+01
   1.6379150e+06   2.8076172e+01
   1.6401580e+06   2.2521973e+01
   1.6430470e+06   2.3620605e+01
   1.6466600e+06   2.3315430e+01
   1.6577870e+06   2.2827148e+01
   1.6578690e+06   2.3315430e+01
   1.6607410e+06   2.5695801e+01
   1.6615040e+06   2.5085449e+01
   1.6641820e+06   2.4230957e+01
   1.6676670e+06   2.4047852e+01
   1.6687060e+06   2.4841309e+01
   1.6763470e+06   2.3376465e+01
   1.6777030e+06   2.3681641e+01
   1.6806630e+06   2.3193359e+01
   1.6883610e+06   2.5512695e+01
   1.6891630e+06   2.2155762e+01
   1.6895010e+06   2.3071289e+01
   1.6918770e+06   2.3742676e+01
   1.6920660e+06   2.2155762e+01
   1.6948320e+06   2.3742676e+01
   1.6949900e+06   2.3071289e+01
   1.6976240e+06   2.3071289e+01
   1.7008680e+06   2.3315430e+01
   1.7011550e+06   2.2949219e+01
   1.7048130e+06   2.4658203e+01
   1.7172710e+06   3.0151367e+01
   1.7179780e+06   2.3010254e+01
   1.7206100e+06   2.4414062e+01
   1.7232810e+06   2.2155762e+01
   1.7261810e+06   2.6184082e+01
   1.7293440e+06   2.3132324e+01
   1.7294100e+06   2.3864746e+01
   1.7354270e+06   2.3498535e+01
   1.7377150e+06   2.3986816e+01
   1.7383430e+06   2.4291992e+01
   1.7453120e+06   2.2216797e+01
   1.7454660e+06   2.3498535e+01
   1.7483720e+06   2.2460938e+01
   1.7487370e+06   2.3681641e+01
   1.7511460e+06   2.4291992e+01
   1.7541310e+06   2.2705078e+01
   1.7577510e+06   2.4291992e+01
   1.7580570e+06   2.3986816e+01
   1.7611980e+06   2.3376465e+01
   1.7648330e+06   2.3986816e+01
   1.7651000e+06   2.2583008e+01
   1.7688450e+06   2.8991699e+01
   1.7689820e+06   2.8686523e+01
   1.7717860e+06   2.4353027e+01
   1.7748660e+06   2.6428223e+01
   1.7750850e+06   2.2949219e+01
   1.7791260e+06   2.2399902e+01
   1.7812440e+06   2.4963379e+01
   1.7840730e+06   2.4353027e+01
   1.7841620e+06   2.3254395e+01
   1.7870560e+06   2.2644043e+01
   1.7875150e+06   2.7099609e+01
   1.7900370e+06   2.3193359e+01
   1.7906990e+06   2.3681641e+01
   1.7936710e+06   2.2521973e+01
   1.7964530e+06   2.2521973e+01
   1.7994120e+06   2.3315430e+01
   1.7994880e+06   2.2460938e+01
   1.7996740e+06   2.3498535e+01
   1.8023980e+06   2.3559570e+01
   1.8028620e+06   2.5146484e+01
   1.8040530e+06   2.4108887e+01
   1.8071270e+06   2.2094727e+01
   1.8078070e+06   2.2949219e+01
   1.8110640e+06   2.2155762e+01
   1.8161770e+06   2.2338867e+01
   1.8164330e+06   2.4108887e+01
   1.8186370e+06   2.6123047e+01
   1.8188580e+06   2.2399902e+01
   1.8197250e+06   2.8747559e+01
   1.8227890e+06   2.2583008e+01
   1.8229220e+06   2.2460938e+01
   1.8255530e+06   2.3925781e+01
   1.8290590e+06   2.2094727e+01
   1.8297280e+06   2.4230957e+01
   1.8321150e+06   2.3437500e+01
   1.8321990e+06   2.2766113e+01
   1.8328520e+06   2.2460938e+01
   1.8331100e+06   2.3010254e+01
   1.8357560e+06   2.3620605e+01
   1.8365830e+06   2.2155762e+01
   1.8420240e+06   2.5268555e+01
   1.8452760e+06   2.2155762e+01
   1.8486670e+06   2.3681641e+01
   1.8492190e+06   2.3498535e+01
   1.8548620e+06   2.2338867e+01
   1.8557240e+06   2.2216797e+01
   1.8604000e+06   2.2216797e+01
   1.8612620e+06   2.2338867e+01
   1.8638540e+06   2.2155762e+01
   1.8674840e+06   2.5268555e+01
   1.8704100e+06   2.2827148e+01
   1.8706260e+06   2.2827148e+01
   1.8707760e+06   2.3132324e+01
   1.8734300e+06   3.0212402e+01
   1.8737320e+06   2.2216797e+01
   1.8769100e+06   2.4536133e+01
   1.8796360e+06   2.2888184e+01
   1.8804860e+06   2.4414062e+01
   1.8827100e+06   2.3803711e+01
   1.8841870e+06   2.6245117e+01
   1.8865890e+06   2.4902344e+01
   1.8900860e+06   2.2338867e+01
   1.8907440e+06   2.3254395e+01
   1.8943260e+06   2.2216797e+01
   1.8948080e+06   2.2949219e+01
   1.8974900e+06   2.4353027e+01
   1.9029070e+06   2.3742676e+01
   1.9040390e+06   2.4291992e+01
   1.9074460e+06   2.2521973e+01
   1.9106560e+06   2.3010254e+01
   1.9143600e+06   2.2338867e+01
   1.9169370e+06   2.5024414e+01
   1.9173710e+06   2.2949219e+01
   1.9195730e+06   2.2705078e+01
   1.9278490e+06   2.2827148e+01
   1.9282580e+06   2.2216797e+01
   1.9289750e+06   2.2949219e+01
   1.9315880e+06   2.6000977e+01
   1.9319150e+06   2.4291992e+01
   1.9350540e+06   2.8686523e+01
   1.9351690e+06   2.2888184e+01
   1.9378990e+06   2.3315430e+01
   1.9379790e+06   2.2766113e+01
   1.9382670e+06   2.3315430e+01
   1.9395330e+06   2.4047852e+01
   1.9423910e+06   2.4291992e+01
   1.9428450e+06   2.3010254e+01
   1.9450420e+06   2.3132324e+01
   1.9461460e+06   2.2277832e+01
   1.9484530e+06   2.8137207e+01
   1.9487150e+06   2.2399902e+01
   1.9519060e+06   2.3864746e+01
   1.9551330e+06   2.4291992e+01
   1.9575290e+06   2.2155762e+01
   1.9576320e+06   2.2216797e+01
   1.9610180e+06   2.3681641e+01
   1.9611390e+06   2.2705078e+01
   1.9671660e+06   2.3010254e+01
   1.9673850e+06   2.5268555e+01
   1.9679990e+06   2.2338867e+01
   1.9752870e+06   2.2949219e+01
   1.9794370e+06   2.8076172e+01
   1.9828740e+06   2.2705078e+01
   1.9832260e+06   2.4597168e+01
   1.9872700e+06   2.5024414e+01
   1.9874180e+06   2.3315430e+01
   1.9897690e+06   2.2644043e+01
   1.9928290e+06   2.4047852e+01
   1.9935350e+06   2.4963379e+01
   1.9963410e+06   2.2521973e+01
   1.9967560e+06   2.8381348e+01
   2.0030060e+06   2.4536133e+01
   2.0064580e+06   2.4902344e+01
   2.0094130e+06   2.6306152e+01
   2.0096630e+06   2.3376465e+01
   2.0132510e+06   2.3498535e+01
   2.0135830e+06   2.3620605e+01
   2.0170110e+06   2.3254395e+01
   2.0170940e+06   2.4108887e+01
   2.0264240e+06   2.5329590e+01
   2.0305610e+06   2.2460938e+01
   2.0306150e+06   2.6611328e+01
   2.0335610e+06   2.3498535e+01
   2.0366490e+06   2.8381348e+01
   2.0390850e+06   2.2155762e+01
   2.0393840e+06   2.3925781e+01
   2.0428600e+06   2.3132324e+01
   2.0454650e+06   2.3254395e+01
   2.0482370e+06   2.4353027e+01
   2.0499230e+06   2.2521973e+01
   2.0517640e+06   2.5268555e+01
   2.0535850e+06   2.3071289e+01
   2.0567390e+06   2.2644043e+01
   2.0591870e+06   2.4353027e+01
   2.0614730e+06   2.3315430e+01
   2.0616360e+06   2.2094727e+01
   2.0653860e+06   2.6550293e+01
   2.0684110e+06   2.4230957e+01
   2.0722730e+06   2.2094727e+01
   2.0761450e+06   2.7099609e+01
   2.0765770e+06   2.4047852e+01
   2.0795530e+06   2.2155762e+01
   2.0868710e+06   2.2521973e+01
   2.0890010e+06   2.2827148e+01
   2.0903590e+06   2.3010254e+01
   2.0959660e+06   2.2888184e+01
   2.0962940e+06   2.4597168e+01
   2.0990820e+06   2.2949219e+01
   2.0995130e+06   2.5817871e+01
   2.1023690e+06   2.5817871e+01
   2.1025200e+06   2.4719238e+01
   2.1057520e+06   2.2338867e+01
   2.1058480e+06   2.2521973e+01
   2.1086700e+06   3.0212402e+01
   2.1116120e+06   2.3010254e+01
   2.1147780e+06   2.7893066e+01
   2.1181710e+06   2.6123047e+01
   2.1215620e+06   2.2888184e+01
   2.1239740e+06   2.2583008e+01
   2.1301770e+06   2.2155762e+01
   2.1332690e+06   2.3681641e+01
   2.1412100e+06   2.2521973e+01
   2.1419280e+06   2.7526855e+01
   2.1446770e+06   2.3559570e+01
   2.1483780e+06   2.4475098e+01
   2.1485310e+06   2.2766113e+01
   2.1486690e+06   2.3498535e+01
   2.1513430e+06   2.2094727e+01
   2.1539040e+06   2.2766113e+01
   2.1572230e+06   2.2583008e+01
   2.1600810e+06   2.3925781e+01
   2.1607200e+06   2.3620605e+01
   2.1638480e+06   2.4169922e+01
   2.1673720e+06   3.0029297e+01
   2.1675040e+06   2.2705078e+01
   2.1701480e+06   2.5024414e+01
   2.1735670e+06   2.3803711e+01
   2.1768630e+06   2.4963379e+01
   2.1769770e+06   2.2155762e+01
   2.1775360e+06   2.5512695e+01
   2.1804730e+06   2.4719238e+01
   2.1806770e+06   2.3010254e+01
   2.1807430e+06   2.2460938e+01
   2.1810210e+06   2.2705078e+01
   2.1837250e+06   2.2399902e+01
   2.1868600e+06   2.8930664e+01
   2.1888820e+06   2.6367188e+01
   2.1916990e+06   2.2949219e+01
   2.1943310e+06   2.3620605e+01
   2.1981840e+06   2.3437500e+01
   2.2004820e+06   2.4353027e+01
   2.2009670e+06   2.3681641e+01
   2.2038050e+06   2.5268555e+01
   2.2070300e+06   2.2338867e+01
   2.2078230e+06   2.2338867e+01
   2.2079670e+06   2.3925781e+01
   2.2095870e+06   2.2460938e+01
   2.2134490e+06   2.4230957e+01
   2.2134850e+06   2.3315430e+01
   2.2135410e+06   2.4597168e+01
   2.2158580e+06   2.2399902e+01
   2.2167650e+06   2.4230957e+01
   2.2169550e+06   2.4841309e+01
   2.2204890e+06   2.8564453e+01
   2.2296240e+06   2.2827148e+01
   2.2318630e+06   2.4902344e+01
   2.2323590e+06   2.4658203e+01
   2.2329830e+06   2.4169922e+01
   2.2350690e+06   2.4475098e+01
   2.2379070e+06   2.4108887e+01
   2.2384880e+06   2.2094727e+01
   2.2454000e+06   2.2705078e+01
   2.2487090e+06   2.2460938e+01
   2.2556690e+06   2.2460938e+01
   2.2592750e+06   2.2888184e+01
   2.2620360e+06   2.3071289e+01
   2.2716510e+06   2.6062012e+01
   2.2723810e+06   2.3864746e+01
   2.2764830e+06   2.2094727e+01
   2.2779050e+06   2.3254395e+01
   2.2850260e+06   2.2094727e+01
   2.2910620e+06   2.9724121e+01
   2.2911430e+06   2.2155762e+01
   2.2963590e+06   2.4047852e+01
   2.2989980e+06   2.3437500e+01
   2.3030870e+06   2.4902344e+01
   2.3031690e+06   2.3071289e+01
   2.3035450e+06   2.3620605e+01
   2.3057950e+06   2.3193359e+01
   2.3061770e+06   2.2216797e+01
   2.3097970e+06   2.3010254e+01
   2.3172450e+06   2.4230957e+01
   2.3177530e+06   2.4291992e+01
   2.3203350e+06   2.5512695e+01
   2.3206980e+06   2.2460938e+01
   2.3235280e+06   2.4658203e+01
   2.3239070e+06   2.3986816e+01
   2.3267280e+06   2.3681641e+01
   2.3335450e+06   2.2644043e+01
   2.3353030e+06   2.4963379e+01
   2.3374680e+06   2.4169922e+01
   2.3378480e+06   2.2460938e+01
   2.3379630e+06   2.8747559e+01
   2.3382750e+06   2.4841309e+01
   2.3411740e+06   2.4169922e+01
   2.3435410e+06   2.2460938e+01
   2.3437620e+06   2.7282715e+01
   2.3438100e+06   2.2949219e+01
   2.3459650e+06   2.6184082e+01
   2.3492770e+06   2.2094727e+01
   2.3518350e+06   2.5024414e+01
   2.3519690e+06   2.2827148e+01
   2.3576950e+06   2.3925781e+01
   2.3581260e+06   2.2155762e+01
   2.3603540e+06   2.3498535e+01
   2.3632580e+06   2.4780273e+01
   2.3633780e+06   3.5949707e+01
   2.3662150e+06   2.4353027e+01
   2.3697860e+06   2.7099609e+01
   2.3736510e+06   2.5817871e+01
   2.3770730e+06   2.3742676e+01
   2.3771870e+06   2.2521973e+01
   2.3772340e+06   2.2705078e+01
   2.3811430e+06   2.6000977e+01
   2.3813760e+06   2.3010254e+01
   2.3848170e+06   2.2216797e+01
   2.3849070e+06   2.3498535e+01
   2.3873520e+06   2.4963379e+01
   2.3897050e+06   2.4291992e+01
   2.3899920e+06   2.6489258e+01
   2.3924010e+06   2.8198242e+01
   2.3956500e+06   2.8076172e+01
   2.4014850e+06   2.3437500e+01
   2.4039440e+06   2.7099609e+01
   2.4040440e+06   2.2277832e+01
   2.4071340e+06   2.2705078e+01
   2.4072830e+06   2.2460938e+01
   2.4073840e+06   2.6855469e+01
   2.4099780e+06   2.4047852e+01
   2.4133600e+06   2.3681641e+01
   2.4187830e+06   2.3132324e+01
   2.4210720e+06   2.4902344e+01
   2.4334360e+06   2.6611328e+01
   2.4362630e+06   2.3254395e+01
   2.4386810e+06   2.4536133e+01
   2.4394550e+06   2.2583008e+01
   2.4421170e+06   2.4963379e+01
   2.4462880e+06   2.4291992e+01
   2.4463480e+06   2.2583008e+01
   2.4486610e+06   2.2644043e+01
   2.4492980e+06   3.0090332e+01
   2.4494010e+06   2.6245117e+01
   2.4514750e+06   2.2949219e+01
   2.4519840e+06   2.2399902e+01
   2.4607850e+06   2.2583008e+01
   2.4624750e+06   2.2766113e+01
   2.4625740e+06   2.2155762e+01
   2.4678980e+06   2.3925781e+01
   2.4710400e+06   3.3508301e+01
   2.4743320e+06   2.2949219e+01
   2.4759540e+06   2.7465820e+01
   2.4790460e+06   2.4353027e+01
   2.4848760e+06   2.5268555e+01
   2.4955250e+06   2.3193359e+01
   2.5014550e+06   2.2277832e+01
   2.5040540e+06   2.3864746e+01
   2.5041900e+06   2.6977539e+01
   2.5047400e+06   2.2644043e+01
   2.5077720e+06   2.2338867e+01
   2.5108490e+06   2.5512695e+01
   2.5183050e+06   2.2644043e+01
   2.5211670e+06   2.4169922e+01
   2.5212800e+06   2.2827148e+01
   2.5287860e+06   2.2949219e+01
   2.5314580e+06   2.2399902e+01
   2.5319140e+06   2.2338867e+01
   2.5350420e+06   2.2277832e+01
   2.5429170e+06   2.4414062e+01
   2.5464610e+06   2.2583008e+01
   2.5514870e+06   2.2644043e+01
   2.5544200e+06   2.2399902e+01
   2.5553740e+06   2.2399902e+01
   2.5558480e+06   2.2460938e+01
   2.5588040e+06   2.2949219e+01
   2.5613140e+06   2.4963379e+01
   2.5620140e+06   2.2277832e+01
   2.5622560e+06   2.2644043e+01
   2.5651890e+06   2.4353027e+01
   2.5679260e+06   2.3254395e+01
   2.5715750e+06   2.4902344e+01
   2.5718500e+06   2.5695801e+01
   2.5749640e+06   2.3620605e+01
   2.5805200e+06   2.4169922e+01
   2.5812870e+06   2.6550293e+01
   2.5853300e+06   2.2399902e+01
   2.5856330e+06   2.2338867e+01
   2.5890740e+06   2.2644043e+01
   2.6020760e+06   2.3986816e+01
   2.6024410e+06   2.3376465e+01
   2.6053660e+06   2.5695801e+01
   2.6062810e+06   2.2949219e+01
   2.6091780e+06   2.6306152e+01
   2.6171720e+06   2.4047852e+01
   2.6174640e+06   2.3132324e+01
   2.6287810e+06   2.3498535e+01
   2.6320520e+06   2.3315430e+01
   2.6323070e+06   2.2583008e+01
   2.6368900e+06   2.4414062e+01
   2.6424590e+06   2.2338867e+01
   2.6451630e+06   2.2399902e+01
   2.6486300e+06   2.3376465e+01
   2.6489790e+06   2.3498535e+01
   2.6491350e+06   2.2888184e+01
   2.6517220e+06   2.3376465e+01
   2.6520440e+06   2.2216797e+01
   2.6608020e+06   2.3925781e+01
   2.6637640e+06   2.7221680e+01
   2.6669260e+06   2.2827148e+01
   2.6699020e+06   2.3437500e+01
   2.6725770e+06   2.3925781e+01
   2.6727040e+06   2.3376465e+01
   2.6783730e+06   2.2766113e+01
   2.6809580e+06   2.3925781e+01
   2.6840590e+06   2.3803711e+01
   2.6868670e+06   2.4658203e+01
   2.6903540e+06   2.2705078e+01
   2.6929770e+06   2.5695801e+01
   2.6960610e+06   2.5451660e+01
   2.6990570e+06   2.2521973e+01
   2.6992430e+06   2.2155762e+01
   2.7024070e+06   2.2399902e+01
   2.7060970e+06   2.5817871e+01
   2.7061800e+06   2.4047852e+01
   2.7092460e+06   2.4291992e+01
   2.7153370e+06   2.3254395e+01
   2.7164270e+06   2.2583008e+01
   2.7167000e+06   2.4230957e+01
   2.7194570e+06   2.2766113e+01
   2.7230830e+06   2.2644043e+01
   2.7257170e+06   2.2888184e+01
   2.7376330e+06   2.2583008e+01
   2.7377300e+06   2.3559570e+01
   2.7432950e+06   2.6306152e+01
   2.7460140e+06   2.3132324e+01
   2.7495010e+06   2.2888184e+01
   2.7528050e+06   2.2277832e+01
   2.7529040e+06   2.4902344e+01
   2.7593280e+06   2.3559570e+01
   2.7621230e+06   2.5024414e+01
   2.7650320e+06   2.6611328e+01
   2.7704280e+06   2.9785156e+01
   2.7732840e+06   3.1372070e+01
   2.7798220e+06   2.4963379e+01
   2.7798920e+06   2.2094727e+01
   2.7860670e+06   2.6000977e+01
   2.7894070e+06   2.2583008e+01
   2.7926270e+06   2.5756836e+01
   2.7956110e+06   2.2216797e+01
   2.8018620e+06   2.3498535e+01
   2.8044180e+06   2.5634766e+01
   2.8115350e+06   2.8869629e+01
   2.8151200e+06   2.6245117e+01
   2.8258750e+06   2.5451660e+01
   2.8289570e+06   2.3010254e+01
   2.8290540e+06   2.3315430e+01
   2.8319830e+06   2.3315430e+01
   2.8351660e+06   2.4169922e+01
   2.8418950e+06   2.3864746e+01
   2.8434490e+06   2.2888184e+01
   2.8460430e+06   2.3010254e+01
   2.8487340e+06   2.4169922e+01
   2.8556750e+06   2.2216797e+01
   2.8558290e+06   2.2644043e+01
   2.8565880e+06   2.2521973e+01
   2.8589570e+06   3.0151367e+01
   2.8643560e+06   2.2766113e+01
   2.8644870e+06   2.2705078e+01
   2.8697910e+06   2.2277832e+01
   2.8728580e+06   2.3254395e+01
   2.8730840e+06   2.4597168e+01
   2.8779150e+06   2.2216797e+01
   2.8788950e+06   2.7832031e+01
   2.8811950e+06   2.3132324e+01
   2.8867480e+06   2.3803711e+01
   2.8929760e+06   2.5146484e+01
   2.8933960e+06   2.2705078e+01
   2.8962480e+06   2.5268555e+01
   2.8968500e+06   2.2155762e+01
   2.9000070e+06   2.4536133e+01
   2.9000870e+06   2.2521973e+01
   2.9025530e+06   2.6062012e+01
   2.9032460e+06   2.2399902e+01
   2.9064310e+06   2.3254395e+01
   2.9095500e+06   2.3376465e+01
   2.9132600e+06   2.5451660e+01
   2.9160780e+06   2.2460938e+01
   2.9207710e+06   2.5024414e+01
   2.9218260e+06   2.3376465e+01
   2.9219920e+06   2.5329590e+01
   2.9248110e+06   2.2155762e+01
   2.9272460e+06   2.2155762e+01
   2.9303480e+06   2.2338867e+01
   2.9307610e+06   2.3437500e+01
   2.9337660e+06   2.4963379e+01
   2.9338590e+06   2.6489258e+01
   2.9370690e+06   2.2216797e+01
   2.9398060e+06   2.5512695e+01
   2.9431110e+06   2.2521973e+01
   2.9469820e+06   2.2460938e+01
   2.9500370e+06   2.3132324e+01
   2.9595360e+06   2.8747559e+01
   2.9597330e+06   2.4108887e+01
   2.9619300e+06   2.3620605e+01
   2.9627020e+06   2.3376465e+01
   2.9652130e+06   2.2216797e+01
   2.9655590e+06   2.3315430e+01
   2.9686220e+06   2.6428223e+01
   2.9716580e+06   2.5329590e+01
   2.9723340e+06   2.3864746e+01
   2.9819520e+06   2.4414062e+01
   2.9823220e+06   2.3376465e+01
   2.9826870e+06   2.3010254e+01
   2.9893890e+06   2.3925781e+01
   2.9898260e+06   2.4414062e+01
   2.9960000e+06   2.4536133e+01
   3.0037950e+06   2.2399902e+01
   3.0040490e+06   2.1911621e+01
   3.0101630e+06   2.5085449e+01
   3.0105700e+06   2.3010254e+01
   3.0128770e+06   2.1911621e+01
   3.0137380e+06   2.3864746e+01
   3.0170500e+06   2.5146484e+01
   3.0234630e+06   2.2949219e+01
   3.0238940e+06   2.3010254e+01
   3.0259180e+06   2.3132324e+01
   3.0269800e+06   2.1850586e+01
   3.0314630e+06   2.1911621e+01
   3.0321340e+06   2.2094727e+01
   3.0353260e+06   2.2827148e+01
   3.0378670e+06   2.2277832e+01
   3.0381240e+06   2.4230957e+01
   3.0411470e+06   2.4414062e+01
   3.0442980e+06   2.5085449e+01
   3.0447500e+06   2.2766113e+01
   3.0519950e+06   2.2338867e+01
   3.0583130e+06   2.4047852e+01
   3.0618210e+06   2.1850586e+01
   3.0618980e+06   2.1911621e+01
   3.0620990e+06   2.6550293e+01
   3.0647720e+06   2.7893066e+01
   3.0674590e+06   2.1911621e+01
   3.0699030e+06   2.2460938e+01
   3.0705610e+06   2.7160645e+01
   3.0761970e+06   2.3864746e+01
   3.0818200e+06   2.4841309e+01
   3.0848260e+06   2.6855469e+01
   3.0855820e+06   2.1850586e+01
   3.0903350e+06   2.6123047e+01
   3.0904980e+06   2.1850586e+01
   3.0932130e+06   2.7404785e+01
   3.0984560e+06   2.2949219e+01
   3.0985610e+06   2.5268555e+01
   3.1013800e+06   2.2033691e+01
   3.1014540e+06   2.6489258e+01
   3.1039350e+06   2.3071289e+01
   3.1065220e+06   2.2644043e+01
   3.1126050e+06   2.2277832e+01
   3.1151370e+06   2.3620605e+01
   3.1161510e+06   2.8137207e+01
   3.1206900e+06   2.3193359e+01
   3.1263250e+06   2.3864746e+01
   3.1264420e+06   2.2705078e+01
   3.1272420e+06   3.0090332e+01
   3.1337160e+06   2.2094727e+01
   3.1401350e+06   2.2521973e+01
   3.1428870e+06   2.1972656e+01
   3.1429840e+06   2.2277832e+01
   3.1472740e+06   2.2766113e+01
   3.1480150e+06   2.3010254e+01
   3.1497150e+06   2.2949219e+01
   3.1532390e+06   2.3437500e+01
   3.1538750e+06   2.4597168e+01
   3.1562360e+06   2.3437500e+01
   3.1590840e+06   2.1911621e+01
   3.1646030e+06   2.4780273e+01
   3.1647430e+06   2.3925781e+01
   3.1661760e+06   2.2521973e+01
   3.1687960e+06   2.6550293e+01
   3.1688890e+06   2.2277832e+01
   3.1703110e+06   2.4841309e+01
   3.1772470e+06   2.3803711e+01
   3.1779790e+06   2.2705078e+01
   3.1807150e+06   2.9663086e+01
   3.1836530e+06   2.3559570e+01
   3.1838900e+06   2.2705078e+01
   3.1866020e+06   2.2766113e+01
   3.1902140e+06   2.4658203e+01
   3.1930330e+06   2.2766113e+01
   3.1986260e+06   2.4414062e+01
   3.2016630e+06   2.3559570e+01
   3.2050410e+06   2.2155762e+01
   3.2051440e+06   2.2094727e+01
   3.2112670e+06   2.6733398e+01
   3.2175590e+06   2.3315430e+01
   3.2176320e+06   2.2155762e+01
   3.2207400e+06   2.3803711e+01
   3.2208620e+06   2.2766113e+01
   3.2242330e+06   2.4353027e+01
   3.2296930e+06   2.3193359e+01
   3.2298500e+06   2.3193359e+01
   3.2326800e+06   2.5146484e+01
   3.2334750e+06   2.2583008e+01
   3.2336250e+06   2.5268555e+01
   3.2346160e+06   2.2277832e+01
   3.2385300e+06   2.3864746e+01
   3.2418050e+06   2.7832031e+01
   3.2418940e+06   2.6367188e+01
   3.2476590e+06   2.2888184e+01
   3.2484220e+06   2.1972656e+01
   3.2507830e+06   2.6916504e+01
   3.2563730e+06   2.2155762e+01
   3.2616350e+06   2.1911621e+01
   3.2625040e+06   2.4536133e+01
   3.2690930e+06   2.2521973e+01
   3.2722410e+06   2.3437500e+01
   3.2755850e+06   2.3742676e+01
   3.2773890e+06   2.3193359e+01
   3.2787260e+06   2.3132324e+01
   3.2916070e+06   2.1850586e+01
   3.2981710e+06   2.6306152e+01
   3.2989460e+06   2.4902344e+01
   3.3018380e+06   2.1972656e+01
   3.3068180e+06   2.3193359e+01
   3.3145520e+06   2.6611328e+01
   3.3180770e+06   2.3620605e+01
   3.3237270e+06   2.3376465e+01
   3.3240920e+06   2.2033691e+01
   3.3265620e+06   2.6367188e+01
   3.3289550e+06   2.4353027e+01
   3.3312660e+06   2.5451660e+01
   3.3337900e+06   2.3376465e+01
   3.3373800e+06   2.2338867e+01
   3.3400180e+06   2.3376465e+01
   3.3400960e+06   2.7343750e+01
   3.3452810e+06   2.2766113e+01
   3.3487220e+06   2.3071289e+01
   3.3512720e+06   2.4108887e+01
   3.3515990e+06   2.4475098e+01
   3.3521460e+06   2.3498535e+01
   3.3551060e+06   2.3559570e+01
   3.3581090e+06   2.2521973e+01
   3.3639580e+06   2.2705078e+01
   3.3640800e+06   2.2277832e+01
   3.3687030e+06   2.5207520e+01
   3.3719590e+06   2.4230957e+01
   3.3745220e+06   2.4597168e+01
   3.3746040e+06   2.2766113e+01
   3.3746920e+06   2.1972656e+01
   3.3774530e+06   2.1972656e+01
   3.3802440e+06   2.2033691e+01
   3.3856810e+06   2.6367188e+01
   3.3859090e+06   2.3559570e+01
   3.3887170e+06   2.2460938e+01
   3.3888480e+06   2.8747559e+01
   3.3948480e+06   2.8442383e+01
   3.3976980e+06   2.2888184e+01
   3.3977890e+06   2.2094727e+01
   3.4042590e+06   2.2766113e+01
   3.4066420e+06   2.2705078e+01
   3.4099210e+06   2.6123047e+01
   3.4164490e+06   2.3010254e+01
   3.4194650e+06   2.3071289e+01
   3.4195940e+06   2.1972656e+01
   3.4219000e+06   2.4536133e+01
   3.4262910e+06   2.2094727e+01
   3.4289380e+06   2.6062012e+01
   3.4291090e+06   2.2521973e+01
   3.4293780e+06   2.4230957e+01
   3.4360670e+06   2.5390625e+01
   3.4389520e+06   2.4658203e+01
   3.4420220e+06   2.3986816e+01
   3.4432820e+06   2.7526855e+01
   3.4492620e+06   2.2888184e+01
   3.4526070e+06   2.2033691e+01
   3.4526880e+06   3.0700684e+01
   3.4528150e+06   2.3925781e+01
   3.4592210e+06   2.1911621e+01
   3.4595020e+06   2.4353027e+01
   3.4598200e+06   2.5329590e+01
   3.4623030e+06   2.3376465e+01
   3.4631620e+06   2.2460937e+01
   3.4632540e+06   2.3559570e+01
   3.4661490e+06   2.2155762e+01
   3.4706730e+06   2.2216797e+01
   3.4731260e+06   2.2827148e+01
   3.4734210e+06   2.2827148e+01
   3.4735000e+06   2.5634766e+01
   3.4771900e+06   2.3132324e+01
   3.4826050e+06   2.3864746e+01
   3.4859650e+06   2.4108887e+01
   3.4919210e+06   2.5817871e+01
   3.4923240e+06   2.1972656e+01
   3.5005840e+06   2.4780273e+01
   3.5034580e+06   2.2521973e+01
   3.5035800e+06   2.5878906e+01
   3.5060360e+06   2.3376465e+01
   3.5086050e+06   2.4353027e+01
   3.5122350e+06   2.3803711e+01
   3.5176560e+06   2.4963379e+01
   3.5182850e+06   2.8259277e+01
   3.5183400e+06   2.5695801e+01
   3.5206840e+06   2.6245117e+01
   3.5271070e+06   2.5451660e+01
   3.5328710e+06   2.2888184e+01
   3.5359970e+06   2.2583008e+01
   3.5361040e+06   2.2216797e+01
   3.5386120e+06   2.3559570e+01
   3.5387620e+06   2.5085449e+01
   3.5412200e+06   2.2460937e+01
   3.5418600e+06   2.5451660e+01
   3.5452860e+06   2.2827148e+01
   3.5487050e+06   2.6855469e+01
   3.5509660e+06   2.5451660e+01
   3.5517980e+06   2.4047852e+01
   3.5551070e+06   2.7282715e+01
   3.5580730e+06   2.2094727e+01
   3.5609540e+06   2.2705078e+01
   3.5610370e+06   2.3986816e+01
   3.5640700e+06   2.8869629e+01
   3.5666430e+06   2.2033691e+01
   3.5692390e+06   2.1850586e+01
   3.5721630e+06   2.3010254e+01
   3.5836070e+06   2.3620605e+01
   3.5843810e+06   2.2644043e+01
   3.5871280e+06   2.3498535e+01
   3.5901830e+06   2.2277832e+01
   3.5934920e+06   2.5390625e+01
   3.6015710e+06   2.3681641e+01
   3.6017590e+06   2.1911621e+01
   3.6086260e+06   2.4719238e+01
   3.6087160e+06   2.1911621e+01
   3.6108510e+06   2.3254395e+01
   3.6113220e+06   2.3193359e+01
   3.6132090e+06   2.2094727e+01
   3.6133090e+06   2.1911621e+01
   3.6155500e+06   2.2399902e+01
   3.6218590e+06   2.6245117e+01
   3.6241210e+06   2.3681641e+01
   3.6273200e+06   2.3620605e+01
   3.6328680e+06   2.4047852e+01
   3.6355160e+06   2.2338867e+01
   3.6356830e+06   3.2348633e+01
   3.6390730e+06   2.2216797e+01
   3.6422440e+06   2.2216797e+01
   3.6446380e+06   2.4536133e+01
   3.6485860e+06   2.1850586e+01
   3.6507000e+06   2.4108887e+01
   3.6507850e+06   2.2705078e+01
   3.6509020e+06   2.2277832e+01
   3.6539200e+06   2.1972656e+01
   3.6586940e+06   2.2399902e+01
   3.6664530e+06   2.3132324e+01
   3.6690330e+06   2.1911621e+01
   3.6691500e+06   2.2949219e+01
   3.6718890e+06   2.2705078e+01
   3.6746360e+06   2.5146484e+01
   3.6751120e+06   2.2033691e+01
   3.6771970e+06   2.4475098e+01
   3.6806420e+06   2.2460938e+01
   3.6837200e+06   2.2277832e+01
   3.6889470e+06   2.3498535e+01
   3.6944070e+06   2.5024414e+01
   3.6974070e+06   2.3071289e+01
   3.6981340e+06   2.3803711e+01
   3.7000910e+06   2.2338867e+01
   3.7028300e+06   2.2033691e+01
   3.7057180e+06   2.7709961e+01
   3.7124660e+06   2.4230957e+01
   3.7138150e+06   2.2338867e+01
   3.7139240e+06   2.2338867e+01
   3.7140550e+06   2.1850586e+01
   3.7169470e+06   2.3925781e+01
   3.7171970e+06   2.2338867e+01
   3.7280780e+06   2.4108887e+01
   3.7303880e+06   2.2644043e+01
   3.7305920e+06   2.1911621e+01
   3.7331930e+06   2.6611328e+01
   3.7360180e+06   2.2583008e+01
   3.7388400e+06   2.4291992e+01
   3.7448330e+06   2.6245117e+01
   3.7457900e+06   2.5939941e+01
   3.7482090e+06   2.2277832e+01
   3.7500150e+06   2.3498535e+01
   3.7522380e+06   2.2094727e+01
   3.7538500e+06   2.3620605e+01
   3.7560780e+06   2.1911621e+01
   3.7616520e+06   2.3925781e+01
   3.7648360e+06   2.4963379e+01
   3.7669450e+06   2.2766113e+01
   3.7690590e+06   2.3071289e+01
   3.7806270e+06   2.4414062e+01
   3.7835530e+06   2.1850586e+01
   3.7864500e+06   2.2705078e+01
   3.7866630e+06   2.2705078e+01
   3.7888330e+06   2.9235840e+01
   3.7906280e+06   2.2460938e+01
   3.7927430e+06   2.5085449e+01
   3.7929120e+06   2.2521973e+01
   3.7954110e+06   2.2338867e+01
   3.7957440e+06   2.2827148e+01
   3.8037000e+06   2.2888184e+01
   3.8060260e+06   2.2094727e+01
   3.8094630e+06   2.2338867e+01
   3.8147510e+06   2.2644043e+01
   3.8189800e+06   2.3681641e+01
   3.8258510e+06   2.6306152e+01
   3.8267690e+06   2.4719238e+01
   3.8301000e+06   2.3437500e+01
   3.8332860e+06   2.5329590e+01
   3.8369450e+06   2.1972656e+01
   3.8399840e+06   2.2338867e+01
   3.8518120e+06   2.6733398e+01
   3.8555220e+06   2.3559570e+01
   3.8579730e+06   2.4597168e+01
   3.8599790e+06   2.3376465e+01
   3.8683460e+06   2.3803711e+01
   3.8721870e+06   2.3681641e+01
   3.8744370e+06   2.2155762e+01
   3.8757170e+06   2.1972656e+01
   3.8758610e+06   2.2216797e+01
   3.8828750e+06   2.6977539e+01
   3.8830210e+06   2.2827148e+01
   3.8869320e+06   2.2888184e+01
   3.8881830e+06   2.4291992e+01
   3.8882810e+06   2.2094727e+01
   3.8905860e+06   2.2766113e+01
   3.8919160e+06   2.2155762e+01
   3.8956380e+06   2.2705078e+01
   3.8988320e+06   2.2949219e+01
   3.8993820e+06   2.2338867e+01
   3.9025110e+06   2.6000977e+01
   3.9101510e+06   2.2033691e+01
   3.9119860e+06   2.1972656e+01
   3.9120820e+06   2.5512695e+01
   3.9142390e+06   2.2155762e+01
   3.9166400e+06   2.3498535e+01
   3.9173600e+06   2.4291992e+01
   3.9203790e+06   2.4780273e+01
   3.9270810e+06   2.3803711e+01
   3.9305090e+06   2.4841309e+01
   3.9380860e+06   2.2949219e+01
   3.9434500e+06   2.3376465e+01
   3.9463030e+06   2.2705078e+01
   3.9464320e+06   2.3071289e+01
   3.9494420e+06   2.3010254e+01
   3.9496300e+06   2.3925781e+01
   3.9521270e+06   2.4169922e+01
   3.9550670e+06   2.3376465e+01
   3.9551510e+06   2.5939941e+01
   3.9572900e+06   3.3264160e+01
   3.9605580e+06   2.3681641e+01
   3.9631070e+06   2.2399902e+01
   3.9666130e+06   2.5329590e+01
   3.9693040e+06   2.1972656e+01
   3.9726430e+06   2.3681641e+01
   3.9768300e+06   2.3010254e+01
   3.9768580e+06   2.2277832e+01
   3.9769030e+06   2.2399902e+01
   3.9876310e+06   2.1972656e+01
   3.9878740e+06   2.5146484e+01
   3.9904030e+06   2.3681641e+01
   3.9957860e+06   2.3803711e+01
   3.9975630e+06   2.2399902e+01
   4.0031200e+06   2.3132324e+01
   4.0057860e+06   2.2521973e+01
   4.0058340e+06   2.4963379e+01
   4.0113030e+06   2.2277832e+01
   4.0143500e+06   2.3437500e+01
   4.0153430e+06   2.2155762e+01
   4.0181310e+06   2.2949219e+01
   4.0182580e+06   2.3742676e+01
   4.0209720e+06   2.5756836e+01
   4.0210560e+06   2.1911621e+01
   4.0259000e+06   2.2216797e+01
   4.0262660e+06   2.2583008e+01
   4.0287090e+06   2.3437500e+01
   4.0395540e+06   2.2399902e+01
   4.0396640e+06   2.2705078e+01
   4.0429070e+06   2.3010254e+01
   4.0430100e+06   2.3071289e+01
   4.0455310e+06   2.1850586e+01
   4.0486670e+06   2.2277832e+01
   4.0537680e+06   2.3437500e+01
   4.0568800e+06   2.3315430e+01
   4.0624790e+06   2.6550293e+01
   4.0626540e+06   2.4291992e+01
   4.0654460e+06   2.2644043e+01
   4.0655130e+06   2.2399902e+01
   4.0682990e+06   2.3559570e+01
   4.0711110e+06   2.3864746e+01
   4.0740440e+06   2.5329590e+01
   4.0744910e+06   2.1850586e+01
   4.0746840e+06   2.3742676e+01
   4.0747090e+06   2.3010254e+01
   4.0777100e+06   2.5634766e+01
   4.0802700e+06   2.5756836e+01
   4.0851000e+06   2.3864746e+01
   4.0882160e+06   2.3315430e+01
   4.0883300e+06   2.1911621e+01
   4.0908020e+06   2.8686523e+01
   4.0939600e+06   2.3071289e+01
   4.1030210e+06   2.6428223e+01
   4.1031450e+06   2.5024414e+01
   4.1158900e+06   2.3193359e+01
   4.1189310e+06   2.1972656e+01
   4.1215350e+06   2.6245117e+01
   4.1246460e+06   2.2949219e+01
   4.1275780e+06   2.1972656e+01
   4.1301590e+06   2.4230957e+01
   4.1335800e+06   2.5756836e+01
   4.1356380e+06   2.4597168e+01
   4.1362550e+06   2.2155762e+01
   4.1427470e+06   2.4047852e+01
   4.1490860e+06   2.3803711e+01
   4.1494120e+06   2.5451660e+01
   4.1525570e+06   2.5634766e+01
   4.1528310e+06   2.6489258e+01
   4.1552670e+06   2.2094727e+01
   4.1582230e+06   2.2888184e+01
   4.1586730e+06   2.2094727e+01
   4.1617960e+06   2.2949219e+01
   4.1641770e+06   2.4658203e+01
   4.1643070e+06   2.2338867e+01
   4.1693070e+06   2.1972656e+01
   4.1710890e+06   2.4658203e+01
   4.1743410e+06   2.3193359e+01
   4.1767250e+06   2.3986816e+01
   4.1778480e+06   2.2766113e+01
   4.1813920e+06   2.2460938e+01
   4.1853550e+06   2.7465820e+01
   4.1854530e+06   2.3864746e+01
   4.1880670e+06   2.2644043e+01
   4.1914060e+06   2.3376465e+01
   4.1964440e+06   2.6367188e+01
   4.2029620e+06   2.4414062e+01
   4.2066260e+06   2.2644043e+01
   4.2106580e+06   2.4047852e+01
   4.2128670e+06   2.2583008e+01
   4.2182060e+06   2.2155762e+01
   4.2183060e+06   2.1850586e+01
   4.2188550e+06   2.2399902e+01
   4.2189840e+06   2.6794434e+01
   4.2250390e+06   2.8198242e+01
   4.2308040e+06   2.2338867e+01
   4.2310420e+06   2.3742676e+01
   4.2351500e+06   2.1911621e+01
   4.2400700e+06   2.2705078e+01
   4.2401620e+06   2.2949219e+01
   4.2462720e+06   2.1972656e+01
   4.2495730e+06   2.4536133e+01
   4.2525890e+06   2.2155762e+01
   4.2546020e+06   2.4658203e+01
   4.2553620e+06   2.9785156e+01
   4.2584420e+06   2.2399902e+01
   4.2609350e+06   2.3620605e+01
   4.2643890e+06   2.2277832e+01
   4.2666770e+06   2.3864746e+01
   4.2691450e+06   2.5024414e+01
   4.2721210e+06   2.3864746e+01
   4.2724830e+06   2.2949219e+01
   4.2751850e+06   2.2460938e+01
   4.2803330e+06   2.2521973e+01
   4.2830150e+06   2.2155762e+01
   4.2912440e+06   2.3620605e+01
   4.2932040e+06   2.3864746e+01
   4.2932960e+06   2.2338867e+01
   4.2984460e+06   2.2277832e+01
   4.3002140e+06   2.2155762e+01
   4.3026970e+06   2.2766113e+01
   4.3032550e+06   2.1850586e+01
   4.3060670e+06   2.6000977e+01
   4.3088670e+06   2.2399902e+01
   4.3148660e+06   2.2338867e+01
   4.3174430e+06   2.3559570e+01
   4.3232500e+06   2.2338867e+01
   4.3305900e+06   2.2705078e+01
   4.3309320e+06   2.2766113e+01
   4.3358210e+06   2.3681641e+01
   4.3385220e+06   2.7770996e+01
   4.3408190e+06   2.2277832e+01
   4.3432980e+06   2.5451660e+01
   4.3434350e+06   2.3437500e+01
   4.3459040e+06   2.3376465e+01
   4.3467850e+06   2.2827148e+01
   4.3494200e+06   2.2766113e+01
   4.3525070e+06   2.2216797e+01
   4.3611720e+06   2.3193359e+01
   4.3671020e+06   2.8747559e+01
   4.3697970e+06   2.5817871e+01
   4.3702580e+06   2.2216797e+01
   4.3720920e+06   2.3315430e+01
   4.3728030e+06   2.2033691e+01
   4.3761520e+06   2.9052734e+01
   4.3762730e+06   2.3742676e+01
   4.3855020e+06   2.2521973e+01
   4.3908210e+06   2.2399902e+01
   4.3911550e+06   2.3010254e+01
   4.3998570e+06   2.6489258e+01
   4.3999550e+06   2.2644043e+01
   4.4059270e+06   2.5756836e+01
   4.4087040e+06   2.5451660e+01
   4.4142240e+06   2.5756836e+01
   4.4161820e+06   2.2033691e+01
   4.4192080e+06   2.3437500e+01
   4.4249410e+06   2.7221680e+01
   4.4303730e+06   2.2277832e+01
   4.4304570e+06   2.3864746e+01
   4.4324180e+06   2.2094727e+01
   4.4349820e+06   2.5573730e+01
   4.4375580e+06   2.3132324e+01
   4.4427750e+06   2.4047852e+01
   4.4428880e+06   2.2216797e+01
   4.4480790e+06   2.2155762e+01
   4.4505570e+06   2.2155762e+01
   4.4514830e+06   3.0151367e+01
   4.4565270e+06   2.6855469e+01
   4.4572030e+06   2.2460938e+01
   4.4595230e+06   2.3132324e+01
   4.4597810e+06   2.3315430e+01
   4.4630320e+06   2.2155762e+01
   4.4686520e+06   2.3193359e+01
   4.4687760e+06   2.8259277e+01
   4.4709970e+06   2.2949219e+01
   4.4734800e+06   2.2338867e+01
   4.4735170e+06   2.4719238e+01
   4.4766850e+06   2.1850586e+01
   4.4817220e+06   2.3559570e+01
   4.4880020e+06   2.4108887e+01
   4.4947030e+06   2.2460938e+01
   4.5013410e+06   2.4475098e+01
   4.5068390e+06   2.4536133e+01
   4.5069870e+06   2.3254395e+01
   4.5097380e+06   2.5085449e+01
   4.5124960e+06   2.2033691e+01
   4.5151460e+06   2.2460937e+01
   4.5187540e+06   2.3986816e+01
   4.5189200e+06   2.3254395e+01
   4.5220620e+06   2.4475098e+01
   4.5251670e+06   3.0273438e+01
   4.5255760e+06   2.3010254e+01
   4.5276050e+06   2.2521973e+01
   4.5310490e+06   2.5756836e+01
   4.5311460e+06   2.2521973e+01
   4.5337750e+06   3.0090332e+01
   4.5422320e+06   2.7038574e+01
   4.5479720e+06   2.2033691e+01
   4.5606680e+06   2.2888184e+01
   4.5607370e+06   2.2521973e+01
   4.5632630e+06   2.2338867e+01
   4.5661620e+06   2.3437500e+01
   4.5662610e+06   2.3315430e+01
   4.5720000e+06   2.2827148e+01
   4.5774710e+06   2.3498535e+01
   4.5775570e+06   2.4230957e+01
   4.5789500e+06   2.2766113e+01
   4.5820870e+06   2.2705078e+01
   4.5905340e+06   2.4841309e+01
   4.5931710e+06   2.2705078e+01
   4.5955670e+06   2.5939941e+01
   4.5966400e+06   2.3681641e+01
   4.5993370e+06   2.7160645e+01
   4.6088980e+06   2.3193359e+01
   4.6099550e+06   3.2836914e+01
   4.6122660e+06   2.3620605e+01
   4.6182280e+06   2.3376465e+01
   4.6236860e+06   2.4475098e+01
   4.6321360e+06   2.2094727e+01
   4.6399670e+06   2.4353027e+01
   4.6427990e+06   2.4414062e+01
   4.6431530e+06   2.3803711e+01
   4.6479140e+06   2.4353027e+01
   4.6479840e+06   2.2827148e+01
   4.6530410e+06   2.2094727e+01
   4.6534990e+06   2.1972656e+01
   4.6535850e+06   2.4780273e+01
   4.6580200e+06   2.3437500e+01
   4.6629740e+06   2.3498535e+01
   4.6653770e+06   2.4841309e+01
   4.6705030e+06   2.2460938e+01
   4.6727740e+06   2.2277832e+01
   4.6778170e+06   2.5146484e+01
   4.6873790e+06   2.5146484e+01
   4.6900350e+06   2.2827148e+01
   4.6929810e+06   2.3315430e+01
   4.6965360e+06   2.2460938e+01
   4.7002970e+06   2.2033691e+01
   4.7021630e+06   2.5390625e+01
   4.7041450e+06   2.4536133e+01
   4.7068250e+06   2.1972656e+01
   4.7071430e+06   2.4536133e+01
   4.7094250e+06   2.4658203e+01
   4.7120070e+06   2.1911621e+01
   4.7148500e+06   2.4414062e+01
   4.7172740e+06   2.1911621e+01
   4.7203700e+06   2.4291992e+01
   4.7236200e+06   2.5634766e+01
   4.7237530e+06   2.2399902e+01
   4.7258590e+06   2.2521973e+01
   4.7440240e+06   2.1911621e+01
   4.7503460e+06   2.1911621e+01
   4.7558620e+06   2.2521973e+01
   4.7564230e+06   2.3254395e+01
   4.7618880e+06   2.2094727e+01
   4.7695530e+06   2.2460938e+01
   4.7697530e+06   2.5695801e+01
   4.7748700e+06   2.1972656e+01
   4.7766240e+06   2.5085449e+01
   4.7767290e+06   2.2277832e+01
   4.7772570e+06   2.3620605e+01
   4.7773570e+06   2.4597168e+01
   4.7774160e+06   2.2094727e+01
   4.7824980e+06   2.2033691e+01
   4.7907420e+06   2.4230957e+01
   4.7995700e+06   2.1850586e+01
   4.8001860e+06   2.4841309e+01
   4.8036440e+06   2.5695801e+01
   4.8061560e+06   2.1972656e+01
   4.8083080e+06   2.3132324e+01
   4.8173120e+06   2.2338867e+01
   4.8179840e+06   2.1972656e+01
   4.8235700e+06   2.2766113e+01
   4.8236660e+06   2.4719238e+01
   4.8241680e+06   2.3254395e+01
   4.8261800e+06   2.3193359e+01
   4.8321490e+06   2.3864746e+01
   4.8322530e+06   2.5512695e+01
   4.8352750e+06   2.2216797e+01
   4.8465590e+06   2.4291992e+01
   4.8497740e+06   2.7099609e+01
   4.8499430e+06   2.2705078e+01
   4.8513710e+06   2.3437500e+01
   4.8535530e+06   2.5085449e+01
   4.8537160e+06   2.4291992e+01
   4.8568450e+06   2.2583008e+01
   4.8595780e+06   2.2827148e+01
   4.8657250e+06   2.2705078e+01
   4.8657500e+06   2.2216797e+01
   4.8689520e+06   2.2155762e+01
   4.8690310e+06   2.2644043e+01
   4.8770430e+06   2.2094727e+01
   4.8792770e+06   2.2888184e+01
   4.8823310e+06   2.5634766e+01
   4.8870120e+06   2.4047852e+01
   4.8871210e+06   2.2460938e+01
   4.8934490e+06   2.3193359e+01
   4.8936220e+06   2.5024414e+01
   4.8937200e+06   2.4963379e+01
   4.8955440e+06   2.2094727e+01
   4.8991100e+06   2.1972656e+01
   4.9054340e+06   2.2094727e+01
   4.9081500e+06   2.3925781e+01
   4.9115220e+06   2.8503418e+01
   4.9145540e+06   2.3681641e+01
   4.9146430e+06   2.2216797e+01
   4.9177390e+06   2.3681641e+01
   4.9179620e+06   2.8198242e+01
   4.9207590e+06   2.3498535e+01
   4.9209940e+06   2.9907227e+01
   4.9234630e+06   2.5512695e+01
   4.9244810e+06   2.5817871e+01
   4.9268350e+06   2.3132324e+01
   4.9280900e+06   2.3864746e+01
   4.9314320e+06   2.5451660e+01
   4.9342270e+06   2.1850586e+01
   4.9350130e+06   2.3193359e+01
   4.9380960e+06   2.2155762e+01
   4.9423530e+06   2.3742676e+01
   4.9445520e+06   2.5207520e+01
   4.9467570e+06   2.2216797e+01
   4.9492740e+06   2.2705078e+01
   4.9625150e+06   2.3315430e+01
   4.9673320e+06   2.3498535e+01
   4.9733890e+06   2.3132324e+01
   4.9734400e+06   2.2338867e+01
   4.9758770e+06   2.7221680e+01
   4.9802620e+06   2.6245117e+01
   4.9804860e+06   2.2583008e+01
   4.9833010e+06   2.5146484e+01
   4.9835930e+06   2.7099609e+01
   4.9884510e+06   2.4291992e+01
   4.9918040e+06   2.4536133e+01
   4.9965490e+06   2.2216797e+01
   4.9965880e+06   2.1850586e+01
   4.9987490e+06   2.2521973e+01
   5.0023090e+06   2.4475098e+01
   5.0161910e+06   2.2766113e+01
   5.0188600e+06   2.2338867e+01
   5.0212620e+06   2.2644043e+01
   5.0213330e+06   2.3620605e+01
   5.0213940e+06   2.4597168e+01
   5.0238110e+06   2.6672363e+01
   5.0238920e+06   2.4841309e+01
   5.0370220e+06   2.2644043e+01
   5.0399320e+06   2.3071289e+01
   5.0403490e+06   2.4353027e+01
   5.0429740e+06   2.2033691e+01
   5.0431720e+06   2.2277832e+01
   5.0464340e+06   2.3071289e+01
   5.0484940e+06   2.2888184e+01
   5.0512090e+06   2.4414062e+01
   5.0514210e+06   3.0578613e+01
   5.0565250e+06   2.3315430e+01
   5.0566970e+06   2.1911621e+01
   5.0591540e+06   2.2155762e+01
   5.0622410e+06   2.5207520e+01
   5.0623970e+06   2.3132324e+01
   5.0624400e+06   2.1972656e+01
   5.0645020e+06   2.6733398e+01
   5.0660480e+06   2.2155762e+01
   5.0692500e+06   2.2399902e+01
   5.0713130e+06   2.4475098e+01
   5.0766690e+06   2.5817871e+01
   5.0839320e+06   2.2949219e+01
   5.0954720e+06   2.1972656e+01
   5.0957100e+06   2.2216797e+01
   5.1001460e+06   2.2155762e+01
   5.1116940e+06   2.7099609e+01
   5.1171950e+06   2.2705078e+01
   5.1176730e+06   2.6062012e+01
   5.1219190e+06   2.2460938e+01
   5.1226770e+06   2.5390625e+01
   5.1249530e+06   2.2399902e+01
   5.1257110e+06   2.3132324e+01
   5.1279180e+06   2.3071289e+01
   5.1280000e+06   2.2766113e+01
   5.1306820e+06   2.3986816e+01
   5.1307480e+06   2.3437500e+01
   5.1391190e+06   2.2827148e+01
   5.1393310e+06   2.8015137e+01
   5.1423580e+06   2.2155762e+01
   5.1425530e+06   2.2155762e+01
   5.1448990e+06   2.2399902e+01
   5.1515410e+06   2.4475098e+01
   5.1580100e+06   2.7404785e+01
   5.1615660e+06   2.3559570e+01
   5.1668070e+06   2.2460938e+01
   5.1691570e+06   2.6000977e+01
   5.1714070e+06   2.3925781e+01
   5.1750200e+06   2.2521973e+01
   5.1786950e+06   2.2949219e+01
   5.1820110e+06   2.5939941e+01
   5.1888340e+06   2.5024414e+01
   5.1909490e+06   2.4597168e+01
   5.1910780e+06   2.3132324e+01
   5.1946190e+06   2.2521973e+01
   5.1971860e+06   2.3376465e+01
   5.2010760e+06   2.2216797e+01
   5.2102540e+06   2.2216797e+01
   5.2134250e+06   2.1972656e+01
   5.2138730e+06   2.2216797e+01
   5.2171810e+06   2.2033691e+01
   5.2252710e+06   2.1911621e+01
   5.2312630e+06   2.2155762e+01
   5.2332760e+06   2.1850586e+01
   5.2400160e+06   2.3376465e+01
   5.2432430e+06   2.5146484e+01
   5.2451900e+06   2.4597168e+01
   5.2571780e+06   2.3193359e+01
   5.2572430e+06   2.6123047e+01
   5.2600140e+06   2.3315430e+01
   5.2628070e+06   2.8198242e+01
   5.2682460e+06   2.4719238e+01
   5.2732690e+06   2.2644043e+01
   5.2812550e+06   2.2338867e+01
   5.2815070e+06   2.3132324e+01
   5.2850460e+06   2.2033691e+01
   5.2874030e+06   2.3376465e+01
   5.2881870e+06   2.2460938e+01
   5.2941450e+06   2.3193359e+01
   5.2999190e+06   2.2766113e+01
   5.3002000e+06   2.3376465e+01
   5.3024630e+06   2.2155762e+01
   5.3043900e+06   2.2338867e+01
   5.3045750e+06   2.5512695e+01
   5.3113110e+06   2.2888184e+01
   5.3172900e+06   2.2033691e+01
   5.3202960e+06   2.2949219e+01
   5.3229570e+06   2.2644043e+01
   5.3287120e+06   2.3376465e+01
   5.3316080e+06   2.2827148e+01
   5.3343180e+06   2.4841309e+01
   5.3382580e+06   2.2949219e+01
   5.3391360e+06   2.3437500e+01
   5.3437470e+06   2.6916504e+01
   5.3506630e+06   2.5207520e+01
   5.3515850e+06   2.5817871e+01
   5.3538280e+06   2.2583008e+01
   5.3543630e+06   2.3864746e+01
   5.3595800e+06   2.3315430e+01
   5.3598490e+06   2.2460938e+01
   5.3599080e+06   2.2888184e+01
   5.3706190e+06   2.2155762e+01
   5.3737600e+06   2.3193359e+01
   5.3754890e+06   2.1972656e+01
   5.3762970e+06   2.2644043e+01
   5.3788880e+06   2.3376465e+01
   5.3827970e+06   2.3620605e+01
   5.3848980e+06   2.3620605e+01
   5.3880400e+06   2.3437500e+01
   5.3927830e+06   2.2705078e+01
   5.3960020e+06   2.2827148e+01
   5.3983320e+06   2.2583008e+01
   5.4037880e+06   2.4536133e+01
   5.4061160e+06   2.2583008e+01
   5.4068940e+06   2.2705078e+01
   5.4088630e+06   2.2827148e+01
   5.4095450e+06   2.3010254e+01
   5.4117430e+06   2.6428223e+01
   5.4136880e+06   2.6550293e+01
   5.4139760e+06   2.1850586e+01
   5.4163250e+06   2.4597168e+01
   5.4266130e+06   2.3315430e+01
   5.4323010e+06   2.1850586e+01
   5.4346320e+06   2.3925781e+01
   5.4369800e+06   2.2460938e+01
   5.4435030e+06   2.1911621e+01
   5.4456830e+06   2.1850586e+01
   5.4479930e+06   2.2338867e+01
   5.4534770e+06   2.2033691e+01
   5.4535600e+06   2.2521973e+01
   5.4605910e+06   2.4963379e+01
   5.4672690e+06   2.1911621e+01
   5.4706970e+06   2.2583008e+01
   5.4731710e+06   2.3681641e+01
   5.4758260e+06   2.7770996e+01
   5.4782700e+06   2.5573730e+01
   5.4870460e+06   2.1911621e+01
   5.4896180e+06   2.3315430e+01
   5.4896850e+06   2.3193359e+01
   5.4924690e+06   2.5451660e+01
   5.5001130e+06   2.1911621e+01
   5.5002590e+06   2.1911621e+01
   5.5058360e+06   2.5512695e+01
   5.5134990e+06   2.2277832e+01
   5.5143540e+06   2.8320312e+01
   5.5176410e+06   2.7770996e+01
   5.5207240e+06   2.2033691e+01
   5.5264440e+06   2.2705078e+01
   5.5273680e+06   2.3742676e+01
   5.5325560e+06   2.2949219e+01
   5.5350410e+06   2.5085449e+01
   5.5373500e+06   2.4902344e+01
   5.5398880e+06   2.2888184e+01
   5.5399600e+06   2.2460937e+01
   5.5403620e+06   2.3437500e+01
   5.5427690e+06   2.2399902e+01
   5.5457910e+06   2.6794434e+01
   5.5505810e+06   2.1972656e+01
   5.5538830e+06   2.3315430e+01
   5.5596090e+06   2.3315430e+01
   5.5597030e+06   2.2644043e+01
   5.5614190e+06   2.2583008e+01
   5.5641930e+06   2.4291992e+01
   5.5710550e+06   2.2216797e+01
   5.5760320e+06   2.5817871e+01
   5.5765150e+06   2.2155762e+01
   5.5793330e+06   2.3376465e+01
   5.5796170e+06   2.2583008e+01
   5.5821260e+06   2.4841309e+01
   5.5843880e+06   2.2583008e+01
   5.5846850e+06   2.3254395e+01
   5.5866460e+06   2.2277832e+01
   5.5894380e+06   2.3254395e+01
   5.5915580e+06   2.3437500e+01
   5.5938360e+06   2.5146484e+01
   5.5940730e+06   2.4719238e+01
   5.6005830e+06   2.2644043e+01
   5.6006770e+06   2.3986816e+01
   5.6032960e+06   2.1972656e+01
   5.6059670e+06   2.2949219e+01
   5.6060430e+06   2.2460938e+01
   5.6086350e+06   2.2399902e+01
   5.6087630e+06   2.3864746e+01
   5.6111170e+06   2.2277832e+01
   5.6140040e+06   2.4169922e+01
   5.6158480e+06   2.2033691e+01
   5.6188750e+06   2.3193359e+01
   5.6239820e+06   2.3010254e+01
   5.6303960e+06   2.3132324e+01
   5.6336120e+06   2.1850586e+01
   5.6363510e+06   2.1972656e+01
   5.6378560e+06   2.4230957e+01
   5.6403600e+06   2.2033691e+01
   5.6468400e+06   2.1850586e+01
   5.6493110e+06   2.6489258e+01
   5.6499080e+06   2.2338867e+01
   5.6549330e+06   2.4108887e+01
   5.6555070e+06   2.5207520e+01
   5.6576130e+06   2.3864746e+01
   5.6607920e+06   2.1911621e+01
   5.6635360e+06   2.2155762e+01
   5.6647160e+06   2.8381348e+01
   5.6736780e+06   2.2521973e+01
   5.6778510e+06   2.2399902e+01
   5.6779280e+06   2.7099609e+01
   5.6865190e+06   2.2949219e+01
   5.6873630e+06   2.3010254e+01
   5.6901810e+06   2.5024414e+01
   5.6929330e+06   2.2644043e+01
   5.6961700e+06   2.3376465e+01
   5.6963010e+06   2.3742676e+01
   5.6971400e+06   2.3315430e+01
   5.7057150e+06   2.2521973e+01
   5.7147790e+06   2.5329590e+01
   5.7215620e+06   2.2033691e+01
   5.7218970e+06   2.5024414e+01
   5.7239520e+06   2.3437500e+01
   5.7282910e+06   2.3254395e+01
   5.7291770e+06   2.2521973e+01
   5.7313950e+06   2.4230957e+01
   5.7367230e+06   2.3742676e+01
   5.7396300e+06   2.3498535e+01
   5.7423830e+06   2.2827148e+01
   5.7469580e+06   2.3132324e+01
   5.7506230e+06   2.3681641e+01
   5.7543450e+06   2.1911621e+01
   5.7620360e+06   2.4963379e+01
   5.7623500e+06   2.4108887e+01
   5.7679090e+06   2.2094727e+01
   5.7704450e+06   2.5207520e+01
   5.7730450e+06   2.2460938e+01
   5.7739360e+06   2.1972656e+01
   5.7759380e+06   2.3498535e+01
   5.7760710e+06   2.4597168e+01
   5.7768230e+06   2.2766113e+01
   5.7793490e+06   2.2216797e+01
   5.7794630e+06   2.3620605e+01
   5.7839580e+06   2.1911621e+01
   5.7945970e+06   2.2338867e+01
   5.7995390e+06   2.4230957e+01
   5.8033370e+06   2.1911621e+01
   5.8048950e+06   2.2216797e+01
   5.8108470e+06   2.3559570e+01
   5.8119250e+06   2.1911621e+01
   5.8146000e+06   2.2949219e+01
   5.8155090e+06   2.1972656e+01
   5.8175110e+06   2.3620605e+01
   5.8180420e+06   2.2888184e+01
   5.8202220e+06   2.2338867e+01
   5.8229460e+06   2.3254395e+01
   5.8267950e+06   2.1911621e+01
   5.8268280e+06   2.4047852e+01
   5.8295550e+06   2.3925781e+01
   5.8335440e+06   2.6733398e+01
   5.8375720e+06   2.2033691e+01
   5.8379970e+06   2.3193359e+01
   5.8423650e+06   2.2277832e+01
   5.8424640e+06   2.2644043e+01
   5.8509170e+06   2.3132324e+01
   5.8532350e+06   2.3315430e+01
   5.8535530e+06   2.2583008e+01
   5.8567270e+06   2.4780273e+01
   5.8600680e+06   2.3071289e+01
   5.8602350e+06   2.1911621e+01
   5.8620760e+06   2.3864746e+01
   5.8673950e+06   2.4108887e+01
   5.8737420e+06   2.2155762e+01
   5.8738250e+06   2.5512695e+01
   5.8764800e+06   2.3132324e+01
   5.8838190e+06   2.6489258e+01
   5.8839750e+06   2.2399902e+01
   5.8863120e+06   2.3681641e+01
   5.8870120e+06   2.2705078e+01
   5.8870990e+06   3.0029297e+01
   5.9074810e+06   2.1850586e+01
   5.9193630e+06   2.2827148e+01
   5.9247440e+06   2.2216797e+01
   5.9275360e+06   2.2338867e+01
   5.9309900e+06   2.2766113e+01
   5.9312050e+06   2.4597168e+01
   5.9375080e+06   2.3071289e+01
   5.9431700e+06   2.3254395e+01
   5.9457850e+06   2.2216797e+01
   5.9499030e+06   2.2399902e+01
   5.9588080e+06   3.0212402e+01
   5.9612930e+06   2.1850586e+01
   5.9673980e+06   2.2338867e+01
   5.9676480e+06   2.4658203e+01
   5.9711610e+06   2.2155762e+01
   5.9736170e+06   2.2705078e+01
   5.9764220e+06   2.1911621e+01
   5.9786060e+06   2.4169922e+01
   5.9827080e+06   2.4597168e+01
   5.9854850e+06   2.2888184e+01
   5.9993580e+06   2.2460938e+01
   6.0021280e+06   2.3681641e+01
   6.0083760e+06   2.3376465e+01
   6.0119860e+06   2.4963379e+01
   6.0143690e+06   2.4719238e+01
   6.0171950e+06   2.2521973e+01
   6.0172890e+06   2.2338867e+01
   6.0200000e+06   2.6916504e+01
   6.0313810e+06   2.3376465e+01
   6.0315360e+06   2.1972656e+01
   6.0338750e+06   2.3498535e+01
   6.0390250e+06   2.2094727e+01
   6.0394050e+06   2.2644043e+01
   6.0416830e+06   2.2827148e+01
   6.0488350e+06   2.2521973e+01
   6.0489690e+06   2.3864746e+01
   6.0617560e+06   2.3498535e+01
   6.0728480e+06   2.5451660e+01
   6.0732880e+06   2.3010254e+01
   6.0757270e+06   2.4291992e+01
   6.0778410e+06   2.3925781e+01
   6.0780700e+06   2.3742676e+01
   6.0789800e+06   2.2033691e+01
   6.0799250e+06   2.2460938e+01
   6.0841000e+06   2.2705078e+01
   6.0845040e+06   2.3376465e+01
   6.0870770e+06   2.3193359e+01
   6.0900190e+06   2.2705078e+01
   6.0919380e+06   2.4841309e+01
   6.1002200e+06   2.1972656e+01
   6.1026130e+06   2.3620605e+01
   6.1082410e+06   2.3010254e+01
   6.1115820e+06   2.4536133e+01
   6.1158550e+06   2.6184082e+01
   6.1174860e+06   2.2460938e+01
   6.1192970e+06   2.2521973e+01
   6.1338630e+06   2.2705078e+01
   6.1360650e+06   2.5024414e+01
   6.1362810e+06   2.3925781e+01
   6.1517330e+06   2.2216797e+01
   6.1588770e+06   2.4414063e+01
   6.1598090e+06   2.2705078e+01
   6.1699640e+06   2.3376465e+01
   6.1705630e+06   2.3193359e+01
   6.1713430e+06   2.2705078e+01
   6.1750070e+06   2.2949219e+01
   6.1825240e+06   2.3315430e+01
   6.1884300e+06   2.2583008e+01
   6.1944520e+06   2.3071289e+01
   6.1962700e+06   2.6672363e+01
   6.1987620e+06   2.6000977e+01
   6.2005890e+06   2.2033691e+01
   6.2054300e+06   2.4108887e+01
   6.2087100e+06   2.2338867e+01
   6.2109920e+06   2.5207520e+01
   6.2122340e+06   2.3071289e+01
   6.2168170e+06   2.2827148e+01
   6.2215460e+06   2.3376465e+01
   6.2365710e+06   2.5207520e+01
   6.2515540e+06   2.2338867e+01
   6.2537000e+06   2.4353027e+01
   6.2546910e+06   2.2705078e+01
   6.2562700e+06   2.4353027e+01
   6.2599050e+06   2.5878906e+01
   6.2618720e+06   2.3437500e+01
   6.2702750e+06   2.3010254e+01
   6.2725570e+06   2.2033691e+01
   6.2745230e+06   2.3864746e+01
   6.2753030e+06   2.5207520e+01
   6.2778050e+06   2.3742676e+01
   6.2781140e+06   2.2216797e+01
   6.3013810e+06   3.1005859e+01
   6.3094080e+06   2.4536133e+01
   6.3117150e+06   2.7709961e+01
   6.3149900e+06   2.4291992e+01
   6.3257090e+06   2.3864746e+01
   6.3313660e+06   2.3803711e+01
   6.3387140e+06   2.3925781e+01
   6.3388340e+06   2.3437500e+01
   6.3443110e+06   2.3315430e+01
   6.3475320e+06   2.5878906e+01
   6.3551820e+06   2.5512695e+01
   6.3654850e+06   2.3925781e+01
   6.3675080e+06   2.2155762e+01
   6.3877650e+06   2.3681641e+01
   6.3880390e+06   2.1972656e+01
   6.3966140e+06   2.5146484e+01
   6.4093040e+06   2.3193359e+01
   6.4094160e+06   2.2033691e+01
   6.4115480e+06   2.3742676e+01
   6.4168870e+06   2.2155762e+01
   6.4170490e+06   2.4780273e+01
   6.4268910e+06   2.3132324e+01
   6.4334700e+06   2.2460938e+01
   6.4358690e+06   2.6977539e+01
   6.4384060e+06   2.2338867e+01
   6.4388510e+06   2.4475098e+01
   6.4408280e+06   2.7282715e+01
   6.4432410e+06   2.2155762e+01
   6.4488010e+06   2.2583008e+01
   6.4583350e+06   2.2827148e+01
   6.4624070e+06   2.2583008e+01
   6.4656790e+06   2.3864746e+01
   6.4673850e+06   2.2705078e+01
   6.4762130e+06   2.5329590e+01
   6.4803590e+06   2.2766113e+01
   6.4837920e+06   2.2888184e+01
   6.4885450e+06   2.2949219e+01
   6.4933840e+06   2.2827148e+01
   6.4962810e+06   2.4902344e+01
   6.4988000e+06   2.7343750e+01
   6.5016940e+06   2.3742676e+01
   6.5050280e+06   2.6367188e+01
   6.5082190e+06   2.2338867e+01
   6.5189990e+06   2.3132324e+01
   6.5238130e+06   2.6977539e+01
   6.5297140e+06   2.7526855e+01
   6.5327350e+06   2.3498535e+01
   6.5356690e+06   2.2277832e+01
   6.5385060e+06   2.5085449e+01
   6.5487660e+06   2.2399902e+01
   6.5492090e+06   2.2827148e+01
   6.5572730e+06   2.2216797e+01
   6.5709130e+06   2.1972656e+01
   6.5730580e+06   2.2216797e+01
   6.5753340e+06   2.2949219e+01
   6.5812510e+06   2.2521973e+01
   6.5868750e+06   2.2888184e+01
   6.5922880e+06   2.2277832e+01
   6.6000460e+06   2.6611328e+01
   6.6025830e+06   2.2705078e+01
   6.6101740e+06   2.7343750e+01
   6.6183320e+06   2.3132324e+01
   6.6233530e+06   2.4780273e+01
   6.6252810e+06   2.3498535e+01
   6.6256150e+06   2.3498535e+01
   6.6330630e+06   2.2216797e+01
   6.6374210e+06   2.2583008e+01
   6.6386040e+06   2.2705078e+01
   6.6389010e+06   2.2583008e+01
   6.6436250e+06   2.2338867e+01
   6.6439860e+06   2.3254395e+01
   6.6467450e+06   2.2216797e+01
   6.6498110e+06   2.2888184e+01
   6.6558870e+06   2.2277832e+01
   6.6590010e+06   2.2033691e+01
   6.6621290e+06   2.2094727e+01
   6.6679680e+06   2.4719238e+01
   6.6681230e+06   2.3193359e+01
   6.6710500e+06   2.2216797e+01
   6.6763270e+06   2.3864746e+01
   6.6792710e+06   2.6855469e+01
   6.6814310e+06   2.3681641e+01
   6.6840660e+06   2.3864746e+01
   6.6864460e+06   2.2094727e+01
   6.6965280e+06   2.3010254e+01
   6.7018120e+06   2.3925781e+01
   6.7038560e+06   2.4169922e+01
   6.7065340e+06   2.9846191e+01
   6.7153120e+06   2.1972656e+01
   6.7179110e+06   2.2583008e+01
   6.7217670e+06   2.3437500e+01
   6.7229200e+06   2.5146484e+01
   6.7269710e+06   2.2033691e+01
   6.7295450e+06   2.2644043e+01
   6.7334820e+06   2.5756836e+01
   6.7414930e+06   2.3132324e+01
   6.7433280e+06   2.6855469e+01
   6.7476390e+06   2.2033691e+01
   6.7490560e+06   2.2338867e+01
   6.7531840e+06   2.6733398e+01
   6.7568730e+06   2.7160645e+01
   6.7571090e+06   2.2033691e+01
   6.7743650e+06   2.2155762e+01
   6.7833930e+06   2.2094727e+01
   6.7907860e+06   2.4475098e+01
   6.8103410e+06   2.4291992e+01
   6.8126620e+06   2.6794434e+01
   6.8133330e+06   2.6428223e+01
   6.8212750e+06   2.7160645e+01
   6.8317710e+06   2.6489258e+01
   6.8350000e+06   2.1972656e+01
   6.8371430e+06   2.3315430e+01
   6.8461320e+06   2.2644043e+01
   6.8463330e+06   2.2094727e+01
   6.8608360e+06   2.2399902e+01
   6.8634490e+06   2.5146484e+01
   6.8662500e+06   2.2583008e+01
   6.8685140e+06   2.2033691e+01
   6.8709910e+06   2.2521973e+01
   6.8734040e+06   2.3864746e+01
   6.8772740e+06   2.5268555e+01
   6.8828530e+06   2.2216797e+01
   6.8855600e+06   2.2521973e+01
   6.8856630e+06   2.8869629e+01
   6.8917000e+06   2.3010254e+01
   6.8917430e+06   2.5695801e+01
   6.8942440e+06   2.4475098e+01
   6.9059370e+06   2.4169922e+01
   6.9081850e+06   2.3864746e+01
   6.9110720e+06   2.2338867e+01
   6.9143040e+06   2.3010254e+01
   6.9231320e+06   2.6672363e+01
   6.9252290e+06   2.3498535e+01
   6.9263390e+06   2.2644043e+01
   6.9320660e+06   2.3010254e+01
   6.9366270e+06   2.4536133e+01
   6.9386920e+06   2.2216797e+01
   6.9387890e+06   2.4658203e+01
   6.9389250e+06   2.2277832e+01
   6.9433490e+06   2.2766113e+01
   6.9459650e+06   2.7221680e+01
   6.9531020e+06   2.7343750e+01
   6.9532480e+06   2.2705078e+01
   6.9557920e+06   2.2216797e+01
   6.9575740e+06   2.6794434e+01
   6.9600800e+06   2.4414062e+01
   6.9687960e+06   2.2155762e+01
   6.9710360e+06   2.3071289e+01
   6.9712130e+06   2.3864746e+01
   6.9754570e+06   2.4658203e+01
   6.9776990e+06   2.2949219e+01
   6.9816830e+06   2.4475098e+01
   6.9914420e+06   2.3925781e+01
   6.9952930e+06   2.5024414e+01
   6.9970390e+06   2.2216797e+01
   6.9992480e+06   2.3437500e+01
   6.9993130e+06   2.4291992e+01
   6.9993560e+06   2.3620605e+01
   7.0038720e+06   2.2460938e+01
   7.0137340e+06   2.9296875e+01
   7.0217910e+06   2.3742676e+01
   7.0345010e+06   2.6550293e+01
   7.0383490e+06   2.4230957e+01
   7.0425520e+06   2.2583008e+01
   7.0447400e+06   2.2033691e+01
   7.0451680e+06   2.5024414e+01
   7.0541740e+06   2.3437500e+01
   7.0545610e+06   2.2644043e+01
   7.0581560e+06   2.2583008e+01
   7.0609530e+06   2.2460938e+01
   7.0639530e+06   2.4353027e+01
   7.0683930e+06   2.5939941e+01
   7.0739940e+06   2.2399902e+01
   7.0795420e+06   2.2155762e+01
   7.0798610e+06   2.2705078e+01
   7.0885200e+06   2.4414062e+01
   7.0908590e+06   2.2583008e+01
   7.0971380e+06   2.5756836e+01
   7.0999080e+06   2.5512695e+01
   7.1064680e+06   2.3742676e+01
   7.1088600e+06   2.3925781e+01
   7.1108110e+06   2.4536133e+01
   7.1148760e+06   2.4108887e+01
   7.1184020e+06   2.2033691e+01
   7.1229210e+06   2.4108887e+01
   7.1258980e+06   2.2033691e+01
   7.1335650e+06   2.1972656e+01
   7.1387320e+06   2.2216797e+01
   7.1388660e+06   2.1972656e+01
   7.1389440e+06   2.7770996e+01
   7.1412850e+06   2.2766113e+01
   7.1424210e+06   2.2155762e+01
   7.1510290e+06   2.4108887e+01
   7.1511390e+06   2.6245117e+01
   7.1540160e+06   2.3437500e+01
   7.1560530e+06   2.4719238e+01
   7.1563230e+06   2.3254395e+01
   7.1593910e+06   2.3986816e+01
   7.1615330e+06   2.3498535e+01
   7.1639320e+06   2.3498535e+01
   7.1645510e+06   2.2705078e+01
   7.1701360e+06   2.3498535e+01
   7.1779590e+06   2.5146484e+01
   7.1838890e+06   2.5207520e+01
   7.1864180e+06   2.4230957e+01
   7.1922080e+06   2.3132324e+01
   7.1925880e+06   2.2705078e+01
   7.1926540e+06   2.2827148e+01
   7.1974240e+06   2.6916504e+01
   7.2103500e+06   2.2827148e+01
   7.2128350e+06   2.1972656e+01
   7.2133900e+06   2.3254395e+01
   7.2201350e+06   2.2705078e+01
   7.2253950e+06   2.2033691e+01
   7.2273550e+06   2.2277832e+01
   7.2303520e+06   2.2033691e+01
   7.2378520e+06   2.2155762e+01
   7.2438670e+06   2.4902344e+01
   7.2491900e+06   2.3498535e+01
   7.2548930e+06   2.5207520e+01
   7.2566940e+06   2.2583008e+01
   7.2582680e+06   2.4291992e+01
   7.2611420e+06   2.3376465e+01
   7.2680220e+06   2.2766113e+01
   7.2686660e+06   2.2094727e+01
   7.2736030e+06   2.3193359e+01
   7.2738030e+06   2.4230957e+01
   7.2762510e+06   2.2155762e+01
   7.2788990e+06   2.2399902e+01
   7.2825700e+06   2.2583008e+01
   7.2896150e+06   2.4414062e+01
   7.2955660e+06   2.3864746e+01
   7.2983280e+06   2.4169922e+01
   7.3002570e+06   2.4475098e+01
   7.3094270e+06   2.2277832e+01
   7.3209840e+06   2.3010254e+01
   7.3308080e+06   2.2827148e+01
   7.3330570e+06   2.1972656e+01
   7.3407190e+06   2.4230957e+01
   7.3461870e+06   2.3559570e+01
   7.3512540e+06   2.2033691e+01
   7.3555430e+06   2.7282715e+01
   7.3641660e+06   2.2827148e+01
   7.3690360e+06   2.6000977e+01
   7.3756720e+06   2.7343750e+01
   7.3797570e+06   2.2094727e+01
   7.3846180e+06   2.4902344e+01
   7.3895620e+06   2.2827148e+01
   7.3918630e+06   2.2216797e+01
   7.3941710e+06   2.2277832e+01
   7.3970830e+06   2.7038574e+01
   7.3988510e+06   2.5085449e+01
   7.4038470e+06   2.2827148e+01
   7.4044510e+06   2.2644043e+01
   7.4072740e+06   2.2644043e+01
   7.4084150e+06   2.5085449e+01
   7.4103710e+06   2.3132324e+01
   7.4106530e+06   2.2521973e+01
   7.4172590e+06   2.1972656e+01
   7.4255330e+06   2.2216797e+01
   7.4256010e+06   2.2033691e+01
   7.4283110e+06   2.2827148e+01
   7.4302110e+06   2.4658203e+01
   7.4334750e+06   2.6062012e+01
   7.4346680e+06   2.2949219e+01
   7.4347380e+06   2.3010254e+01
   7.4375440e+06   2.3986816e+01
   7.4377910e+06   2.2583008e+01
   7.4422750e+06   2.7221680e+01
   7.4544650e+06   2.3498535e+01
   7.4594300e+06   2.2705078e+01
   7.4638710e+06   2.1972656e+01
   7.4715890e+06   2.3315430e+01
   7.4771430e+06   2.1972656e+01
   7.4772130e+06   2.2033691e+01
   7.4817950e+06   2.3193359e+01
   7.4915030e+06   2.2155762e+01
   7.5010350e+06   2.7038574e+01
   7.5031510e+06   2.8869629e+01
   7.5151980e+06   2.4291992e+01
   7.5177190e+06   2.3193359e+01
   7.5181640e+06   2.2399902e+01
   7.5201560e+06   2.3925781e+01
   7.5204200e+06   3.4240723e+01
   7.5235840e+06   2.6123047e+01
   7.5281330e+06   2.2644043e+01
   7.5289490e+06   2.2644043e+01
   7.5326790e+06   2.4841309e+01
   7.5355880e+06   2.3437500e+01
   7.5375200e+06   2.4230957e+01
   7.5509150e+06   2.5085449e+01
   7.5551250e+06   2.2399902e+01
   7.5585170e+06   2.3010254e+01
   7.5610980e+06   2.4414063e+01
   7.5612460e+06   2.3376465e+01
   7.5616030e+06   2.2216797e+01
   7.5743380e+06   2.3620605e+01
   7.5772690e+06   2.1972656e+01
   7.5816530e+06   2.3376465e+01
   7.5847250e+06   2.4230957e+01
   7.5903870e+06   2.1972656e+01
   7.5913310e+06   2.2338867e+01
   7.6001940e+06   2.1972656e+01
   7.6086510e+06   2.2277832e+01
   7.6119560e+06   2.2521973e+01
   7.6255770e+06   2.2399902e+01
   7.6256650e+06   2.3254395e+01
   7.6287740e+06   2.4841309e+01
   7.6336530e+06   2.4047852e+01
   7.6359270e+06   2.2033691e+01
   7.6367700e+06   2.2583008e+01
   7.6399690e+06   2.3254395e+01
   7.6464440e+06   2.6428223e+01
   7.6526520e+06   2.2460938e+01
   7.6543090e+06   2.2399902e+01
   7.6587200e+06   2.3742676e+01
   7.6606500e+06   2.5268555e+01
   7.6651820e+06   3.6926270e+01
   7.6676550e+06   2.4047852e+01
   7.6736400e+06   2.2827148e+01
   7.6804340e+06   2.5634766e+01
   7.6845660e+06   2.2033691e+01
   7.6954230e+06   2.3498535e+01
   7.7009780e+06   2.7282715e+01
   7.7069040e+06   2.2460938e+01
   7.7222680e+06   2.4169922e+01
   7.7223420e+06   2.2521973e+01
   7.7256000e+06   2.4169922e+01
   7.7298470e+06   2.2521973e+01
   7.7322570e+06   2.2949219e+01
   7.7360790e+06   2.2338867e+01
   7.7424850e+06   2.3620605e+01
   7.7452770e+06   2.3681641e+01
   7.7544250e+06   2.4230957e+01
   7.7597420e+06   2.2705078e+01
   7.7598700e+06   2.2155762e+01
   7.7618040e+06   2.4291992e+01
   7.7620120e+06   2.2949219e+01
   7.7638860e+06   2.3803711e+01
   7.7641580e+06   2.2766113e+01
   7.7726380e+06   2.5146484e+01
   7.7753050e+06   2.3254395e+01
   7.7754560e+06   2.2399902e+01
   7.7805940e+06   2.2338867e+01
   7.7829510e+06   2.2399902e+01
   7.7882700e+06   2.2583008e+01
   7.7917080e+06   2.1972656e+01
   7.7922640e+06   2.4230957e+01
   7.8049540e+06   2.5695801e+01
   7.8071610e+06   2.3559570e+01
   7.8168220e+06   3.2348633e+01
   7.8190370e+06   2.2766113e+01
   7.8278050e+06   2.7526855e+01
   7.8392590e+06   2.6611328e+01
   7.8415150e+06   2.2644043e+01
   7.8601590e+06   2.2399902e+01
   7.8693470e+06   2.3193359e+01
   7.8754500e+06   2.3498535e+01
   7.8840280e+06   2.8625488e+01
   7.8905200e+06   2.2033691e+01
   7.9032210e+06   2.2521973e+01
   7.9079990e+06   2.2644043e+01
   7.9359080e+06   2.3559570e+01
   7.9437380e+06   2.2766113e+01
   7.9477570e+06   2.2705078e+01
   7.9502330e+06   2.2949219e+01
   7.9512260e+06   2.2827148e+01
   7.9536250e+06   2.4963379e+01
   7.9612600e+06   2.4169922e+01
   7.9614350e+06   2.3986816e+01
   7.9804890e+06   2.3620605e+01
   7.9888030e+06   2.2705078e+01
   8.0054750e+06   2.2705078e+01
   8.0099100e+06   2.4230957e+01
   8.0101010e+06   2.3742676e+01
   8.0118720e+06   2.5329590e+01
   8.0173680e+06   2.4230957e+01
   8.0198380e+06   2.3559570e+01
   8.0229680e+06   2.5451660e+01
   8.0263900e+06   2.3498535e+01
   8.0285040e+06   2.3193359e+01
   8.0309490e+06   2.2216797e+01
   8.0459650e+06   2.2705078e+01
   8.0491600e+06   2.2949219e+01
   8.0563790e+06   2.2888184e+01
   8.0570380e+06   2.2827148e+01
   8.0573680e+06   2.3315430e+01
   8.0631960e+06   2.2399902e+01
   8.0658150e+06   2.3376465e+01
   8.0663410e+06   2.2583008e+01
   8.0742370e+06   2.3254395e+01
   8.0909590e+06   2.2338867e+01
   8.0938690e+06   2.2521973e+01
   8.0958820e+06   2.2155762e+01
   8.0959630e+06   2.2644043e+01
   8.1027680e+06   2.2705078e+01
   8.1057340e+06   2.5512695e+01
   8.1132980e+06   2.3925781e+01
   8.1155760e+06   2.3376465e+01
   8.1202320e+06   2.2277832e+01
   8.1340800e+06   2.4108887e+01
   8.1415840e+06   2.4353027e+01
   8.1428880e+06   2.4475098e+01
   8.1512370e+06   2.3254395e+01
   8.1640290e+06   2.3864746e+01
   8.1659900e+06   2.2094727e+01
   8.1679590e+06   2.9724121e+01
   8.1721660e+06   2.2521973e+01
   8.1886450e+06   2.2216797e+01
   8.1894610e+06   2.2399902e+01
   8.1899100e+06   2.2216797e+01
   8.1961930e+06   2.3315430e+01
   8.2234920e+06   2.4780273e+01
   8.2265160e+06   2.6977539e+01
   8.2306550e+06   2.3559570e+01
   8.2328240e+06   2.2216797e+01
   8.2328980e+06   2.2521973e+01
   8.2351710e+06   2.4169922e+01
   8.2372150e+06   2.6123047e+01
   8.2389060e+06   2.2216797e+01
   8.2391580e+06   2.3986816e+01
   8.2495600e+06   2.2949219e+01
   8.2496650e+06   2.3132324e+01
   8.2537150e+06   2.2094727e+01
   8.2544700e+06   2.1972656e+01
   8.2592170e+06   2.4963379e+01
   8.2613970e+06   2.3498535e+01
   8.2648730e+06   2.2583008e+01
   8.2689340e+06   2.4414063e+01
   8.2711160e+06   2.2521973e+01
   8.2745410e+06   2.3742676e+01
   8.2765730e+06   2.5512695e+01
   8.2860140e+06   2.3193359e+01
   8.2952160e+06   2.2521973e+01
   8.2991650e+06   2.2216797e+01
   8.3197100e+06   2.2338867e+01
   8.3197860e+06   2.2827148e+01
   8.3237570e+06   2.2521973e+01
   8.3288640e+06   2.2888184e+01
   8.3331430e+06   2.3132324e+01
   8.3353440e+06   2.2888184e+01
   8.3461890e+06   2.2827148e+01
   8.3487220e+06   2.5024414e+01
   8.3551370e+06   2.3315430e+01
   8.3694050e+06   2.2216797e+01
   8.3886040e+06   2.2399902e+01
   8.3908020e+06   2.3803711e+01
   8.3940100e+06   2.2277832e+01
   8.3982430e+06   2.6611328e+01
   8.4054400e+06   2.7221680e+01
   8.4075610e+06   2.3315430e+01
   8.4165380e+06   2.3559570e+01
   8.4167870e+06   2.2155762e+01
   8.4298410e+06   2.5024414e+01
   8.4321900e+06   2.6733398e+01
   8.4365870e+06   2.5085449e+01
   8.4413080e+06   2.2766113e+01
   8.4443850e+06   2.2460938e+01
   8.4508950e+06   2.4047852e+01
   8.4515230e+06   2.3620605e+01
   8.4536950e+06   2.2521973e+01
   8.4556880e+06   2.3315430e+01
   8.4616390e+06   2.2766113e+01
   8.4684710e+06   2.3376465e+01
   8.4719230e+06   2.2216797e+01
   8.4841190e+06   2.3559570e+01
   8.4959890e+06   2.5512695e+01
   8.5034620e+06   2.8991699e+01
   8.5144580e+06   2.3010254e+01
   8.5167240e+06   2.5207520e+01
   8.5219300e+06   2.2338867e+01
   8.5298620e+06   2.2827148e+01
   8.5327540e+06   2.2583008e+01
   8.5478560e+06   2.1972656e+01
   8.5528740e+06   2.5085449e+01
   8.5597250e+06   2.2216797e+01
   8.5645710e+06   2.2033691e+01
   8.5666480e+06   2.4353027e+01
   8.5674260e+06   2.2521973e+01
   8.5778820e+06   2.3010254e+01
   8.5802690e+06   2.7343750e+01
   8.5830040e+06   2.3925781e+01
   8.5874320e+06   2.4597168e+01
   8.5920230e+06   2.3437500e+01
   8.5980870e+06   2.2338867e+01
   8.6028740e+06   2.2338867e+01
   8.6212740e+06   2.2949219e+01
   8.6254050e+06   2.3498535e+01
   8.6254810e+06   2.4475098e+01
   8.6386920e+06   2.2644043e+01
   8.6407270e+06   2.2033691e+01
   8.6423350e+06   2.4719238e+01
   8.6425120e+06   2.2949219e+01
   8.6447970e+06   2.2705078e+01
   8.6467930e+06   2.3498535e+01
   8.6468540e+06   3.2104492e+01
   8.6486500e+06   2.6550293e+01
   8.6513620e+06   2.6855469e+01
   8.6621750e+06   2.2033691e+01
   8.6623010e+06   2.3620605e+01
   8.6624050e+06   2.6123047e+01
   8.6645240e+06   3.0456543e+01
   8.6726070e+06   2.7709961e+01
   8.6747730e+06   2.2521973e+01
   8.6811040e+06   2.3925781e+01
   8.6881640e+06   2.3742676e+01
   8.6992780e+06   2.3071289e+01
   8.7017210e+06   2.5085449e+01
   8.7065890e+06   2.3071289e+01
   8.7104900e+06   2.3864746e+01
   8.7149720e+06   2.4536133e+01
   8.7192160e+06   2.3498535e+01
   8.7257450e+06   2.4780273e+01
   8.7258360e+06   2.2399902e+01
   8.7281800e+06   2.2644043e+01
   8.7317360e+06   2.7221680e+01
   8.7338500e+06   2.3437500e+01
   8.7473500e+06   2.2155762e+01
   8.7550880e+06   2.3803711e+01
   8.7663340e+06   2.2277832e+01
   8.7708680e+06   2.2033691e+01
   8.7725950e+06   2.2338867e+01
   8.7771970e+06   2.4230957e+01
   8.7805960e+06   2.5146484e+01
   8.7971720e+06   2.3193359e+01
   8.7988530e+06   2.2766113e+01
   8.8007450e+06   2.2399902e+01
   8.8026440e+06   2.5390625e+01
   8.8047470e+06   3.3386230e+01
   8.8117900e+06   2.5512695e+01
   8.8225890e+06   2.1972656e+01
   8.8249800e+06   2.3254395e+01
   8.8273450e+06   2.3071289e+01
   8.8289130e+06   2.2155762e+01
   8.8293940e+06   2.2094727e+01
   8.8306220e+06   2.2094727e+01
   8.8328850e+06   2.2460938e+01
   8.8368860e+06   2.2033691e+01
   8.8437770e+06   2.2338867e+01
   8.8485020e+06   2.4047852e+01
   8.8607710e+06   2.2949219e+01
   8.8658390e+06   2.2583008e+01
   8.8726000e+06   2.3132324e+01
   8.8801550e+06   2.3132324e+01
   8.8861420e+06   2.2460938e+01
   8.8904630e+06   2.3742676e+01
   8.8921140e+06   2.4841309e+01
   8.8939470e+06   2.3010254e+01
   8.8989300e+06   2.3254395e+01
   8.9007910e+06   2.5268555e+01
   8.9076070e+06   2.2644043e+01
   8.9125040e+06   2.2888184e+01
   8.9178470e+06   2.3925781e+01
   8.9192540e+06   2.3132324e+01
   8.9250080e+06   2.2338867e+01
   8.9297180e+06   2.3132324e+01
   8.9387620e+06   2.3620605e+01
   8.9470190e+06   2.3620605e+01
   8.9494830e+06   2.3803711e+01
   8.9555210e+06   2.2338867e+01
   8.9630150e+06   2.2216797e+01
   8.9725680e+06   2.2827148e+01
   8.9783200e+06   2.6123047e+01
   8.9807270e+06   2.4108887e+01
   8.9886590e+06   2.3071289e+01
