   8.9990000e+06   0.0000000e+00
   1.2218600e+05   2.2827148e+01
   1.2231200e+05   2.0874023e+01
   1.2327500e+05   2.1057129e+01
   1.2368900e+05   2.1728516e+01
   2.1485300e+05   2.3498535e+01
   2.1500000e+05   2.1301270e+01
   4.5855500e+05   2.0690918e+01
   4.5894500e+05   2.1545410e+01
   4.5908300e+05   2.0996094e+01
   4.7263500e+05   2.1118164e+01
   5.2082600e+05   2.0751953e+01
   5.2184000e+05   2.1301270e+01
   5.2228800e+05   2.2216797e+01
   5.8563500e+05   2.0874023e+01
   5.8580200e+05   2.3864746e+01
   5.8593400e+05   2.0751953e+01
   5.8728500e+05   2.1240234e+01
   5.8751300e+05   2.2827148e+01
   5.8787300e+05   2.1179199e+01
   5.8871700e+05   2.0751953e+01
   6.8984200e+05   2.1606445e+01
   6.8998700e+05   2.1728516e+01
   6.9495100e+05   2.2338867e+01
   6.9539100e+05   2.2216797e+01
   7.1171700e+05   2.2094727e+01
   7.9976800e+05   2.2949219e+01
   8.0002800e+05   2.0874023e+01
   8.7976500e+05   2.4597168e+01
   8.7997600e+05   2.6489258e+01
   9.4540900e+05   2.2583008e+01
   9.6121300e+05   2.3986816e+01
   9.6200200e+05   2.1179199e+01
   1.0554260e+06   2.2705078e+01
   1.0556860e+06   2.1179199e+01
   1.0688410e+06   2.2583008e+01
   1.0694260e+06   2.1545410e+01
   1.0948730e+06   2.1240234e+01
   1.0959890e+06   2.1789551e+01
   1.0962180e+06   2.1545410e+01
   1.0964830e+06   2.1545410e+01
   1.0968400e+06   2.3864746e+01
   1.1083610e+06   2.1423340e+01
   1.1405290e+06   2.4597168e+01
   1.1427550e+06   4.9621582e+01
   1.1441290e+06   2.2216797e+01
   1.1452970e+06   2.1301270e+01
   1.1467110e+06   2.1789551e+01
   1.1471840e+06   2.0874023e+01
   1.2090690e+06   2.0996094e+01
   1.2093250e+06   2.0751953e+01
   1.2692690e+06   2.0751953e+01
   1.2795480e+06   2.0751953e+01
   1.3109630e+06   2.3376465e+01
   1.3745650e+06   2.4902344e+01
   1.4033930e+06   2.1179199e+01
   1.4050110e+06   2.1057129e+01
   1.4481680e+06   2.3132324e+01
   1.4717910e+06   2.3803711e+01
   1.4721280e+06   2.1484375e+01
   1.5393530e+06   2.0629883e+01
   1.5525850e+06   2.3986816e+01
   1.5535500e+06   2.0935059e+01
   1.5539490e+06   2.2094727e+01
   1.5662900e+06   2.2766113e+01
   1.5676670e+06   2.1057129e+01
   1.5903420e+06   2.2277832e+01
   1.5908770e+06   2.0874023e+01
   1.6172980e+06   2.2277832e+01
   1.7472780e+06   2.2705078e+01
   1.7474260e+06   2.0812988e+01
   1.8119170e+06   2.1911621e+01
   1.8125830e+06   2.1362305e+01
   1.8578240e+06   2.2827148e+01
   1.8712030e+06   2.0812988e+01
   1.8758620e+06   2.0629883e+01
   1.9277290e+06   2.5695801e+01
   1.9608520e+06   2.1179199e+01
   2.0823000e+06   2.1118164e+01
   2.0990020e+06   2.1606445e+01
   2.1024840e+06   2.1728516e+01
   2.1127940e+06   2.0751953e+01
   2.1130690e+06   2.1179199e+01
   2.1210640e+06   2.3376465e+01
   2.1213340e+06   2.1423340e+01
   2.1393870e+06   2.0812988e+01
   2.1442780e+06   2.0874023e+01
   2.1444610e+06   2.3254395e+01
   2.1608470e+06   2.4475098e+01
   2.1610710e+06   2.1118164e+01
   2.1750780e+06   2.5817871e+01
   2.1755150e+06   2.2338867e+01
   2.1975820e+06   2.2888184e+01
   2.2057740e+06   2.0690918e+01
   2.2060470e+06   2.2094727e+01
   2.2063890e+06   2.2583008e+01
   2.2507460e+06   2.1240234e+01
   2.2510400e+06   2.0751953e+01
   2.2750430e+06   2.4780273e+01
   2.2758420e+06   2.1545410e+01
   2.2963940e+06   2.2521973e+01
   2.2997370e+06   2.2094727e+01
   2.3084390e+06   2.2033691e+01
   2.3104290e+06   2.3864746e+01
   2.3289910e+06   2.4169922e+01
   2.3298420e+06   2.2277832e+01
   2.3655700e+06   2.1118164e+01
   2.3753740e+06   2.0629883e+01
   2.3869250e+06   2.1728516e+01
   2.3871300e+06   2.1301270e+01
   2.3877200e+06   2.3071289e+01
   2.3880820e+06   2.0690918e+01
   2.3883440e+06   2.3254395e+01
   2.3961770e+06   2.1118164e+01
   2.3965380e+06   2.5329590e+01
   2.4145100e+06   2.1972656e+01
   2.4156430e+06   2.0629883e+01
   2.4257990e+06   2.0751953e+01
   2.4366480e+06   2.0568848e+01
   2.4455400e+06   2.1545410e+01
   2.4474890e+06   2.6367187e+01
   2.4476570e+06   2.0629883e+01
   2.4492460e+06   2.0690918e+01
   2.4495750e+06   2.1545410e+01
   2.6145390e+06   2.0812988e+01
   2.6273950e+06   2.0568848e+01
   2.6442420e+06   2.0812988e+01
   2.6451010e+06   2.2216797e+01
   2.6452530e+06   2.1484375e+01
   2.6457290e+06   2.1972656e+01
   2.6546500e+06   2.2277832e+01
   2.6552900e+06   2.1301270e+01
   2.6912370e+06   2.3864746e+01
   2.6914190e+06   2.1911621e+01
   2.7283140e+06   2.0812988e+01
   2.7311900e+06   2.1362305e+01
   2.8075930e+06   2.2827148e+01
   2.9257990e+06   2.0996094e+01
   2.9259170e+06   2.4841309e+01
   3.0007110e+06   2.1240234e+01
   3.0336000e+06   2.0996094e+01
   3.0529020e+06   2.1667480e+01
   3.0728310e+06   2.3376465e+01
   3.0740470e+06   2.2949219e+01
   3.1142350e+06   2.0690918e+01
   3.1470380e+06   2.0812988e+01
   3.1868650e+06   2.0690918e+01
   3.2738640e+06   2.1728516e+01
   3.3077940e+06   2.0812988e+01
   3.3084950e+06   2.3071289e+01
   3.3424910e+06   2.3864746e+01
   3.3913290e+06   2.1667480e+01
   3.3914940e+06   2.1667480e+01
   3.4700570e+06   2.4902344e+01
   3.5151680e+06   2.1667480e+01
   3.5154850e+06   2.1362305e+01
   3.5224000e+06   2.1423340e+01
   3.5318740e+06   2.6489258e+01
   3.5684500e+06   2.0629883e+01
   3.5686620e+06   2.2399902e+01
   3.5689030e+06   2.2705078e+01
   3.5798490e+06   2.5207520e+01
   3.6187620e+06   2.2399902e+01
   3.6190140e+06   3.1005859e+01
   3.6734430e+06   2.1057129e+01
   3.7568180e+06   2.1484375e+01
   3.7712650e+06   2.1179199e+01
   3.7717420e+06   2.1728516e+01
   3.7733660e+06   2.1911621e+01
   3.8519440e+06   2.3376465e+01
   3.9123200e+06   2.3376465e+01
   3.9333110e+06   2.1972656e+01
   3.9823060e+06   2.2094727e+01
   3.9897840e+06   2.2521973e+01
   3.9995410e+06   2.0629883e+01
   4.0024730e+06   2.1423340e+01
   4.0080130e+06   2.3254395e+01
   4.0105900e+06   2.1057129e+01
   4.0138800e+06   2.1240234e+01
   4.0148760e+06   2.0935059e+01
   4.0428310e+06   2.2583008e+01
   4.0576390e+06   2.3132324e+01
   4.0580330e+06   2.0629883e+01
   4.0806040e+06   2.1118164e+01
   4.1077930e+06   2.1850586e+01
   4.1832400e+06   2.5634766e+01
   4.1845300e+06   2.1240234e+01
   4.2107960e+06   2.5878906e+01
   4.2116530e+06   2.0812988e+01
   4.2273210e+06   2.0690918e+01
   4.2398410e+06   2.1179199e+01
   4.2410660e+06   2.0812988e+01
   4.2428720e+06   2.2338867e+01
   4.2552490e+06   2.4841309e+01
   4.2621240e+06   2.1301270e+01
   4.2913640e+06   2.1423340e+01
   4.3803040e+06   2.1606445e+01
   4.3804650e+06   2.1240234e+01
   4.3814110e+06   2.2766113e+01
   4.4273980e+06   2.2705078e+01
   4.4729730e+06   2.3376465e+01
   4.4842830e+06   2.2033691e+01
   4.4986400e+06   2.3193359e+01
   4.5057190e+06   2.1118164e+01
   4.5508010e+06   2.0996094e+01
   4.5690190e+06   2.0935059e+01
   4.5942880e+06   2.1301270e+01
   4.6176480e+06   2.1118164e+01
   4.6576800e+06   2.2216797e+01
   4.6581400e+06   2.3803711e+01
   4.7766840e+06   2.0812988e+01
   4.8092580e+06   2.3193359e+01
   4.8593240e+06   2.2399902e+01
   4.8711840e+06   2.2460938e+01
   4.8736560e+06   2.1179199e+01
   4.9094780e+06   2.2460937e+01
   4.9098140e+06   2.1911621e+01
   4.9304370e+06   2.1057129e+01
   4.9308620e+06   2.1850586e+01
   5.0466400e+06   2.1240234e+01
   5.0615650e+06   2.3132324e+01
   5.1133850e+06   2.3254395e+01
   5.1209070e+06   2.0690918e+01
   5.1224940e+06   2.1728516e+01
   5.1533550e+06   2.1606445e+01
   5.1535530e+06   2.4841309e+01
   5.2338560e+06   2.4658203e+01
   5.2383630e+06   2.1606445e+01
   5.2633050e+06   2.1606445e+01
   5.2702770e+06   2.1728516e+01
   5.2804090e+06   2.5390625e+01
   5.2929370e+06   2.3864746e+01
   5.3017320e+06   2.3498535e+01
   5.3072400e+06   2.1057129e+01
   5.3240450e+06   2.0874023e+01
   5.3254150e+06   2.1667480e+01
   5.3347670e+06   2.4291992e+01
   5.3457280e+06   2.1911621e+01
   5.3466520e+06   2.1362305e+01
   5.3559670e+06   2.1728516e+01
   5.3852360e+06   2.1484375e+01
   5.4122260e+06   2.1179199e+01
   5.4209460e+06   2.0874023e+01
   5.4315790e+06   2.1850586e+01
   5.5370270e+06   2.2338867e+01
   5.5414970e+06   2.0935059e+01
   5.5513660e+06   2.3803711e+01
   5.5826310e+06   2.2277832e+01
   5.5988490e+06   2.4414062e+01
   5.5993020e+06   2.1972656e+01
   5.6098780e+06   2.1179199e+01
   5.6488070e+06   2.1850586e+01
   5.6673810e+06   2.1728516e+01
   5.6784990e+06   2.3315430e+01
   5.7094460e+06   2.0996094e+01
   5.7097100e+06   2.1728516e+01
   5.7202530e+06   2.1240234e+01
   5.7299220e+06   2.2888184e+01
   5.7301890e+06   2.0874023e+01
   5.7457770e+06   2.1057129e+01
   5.7464750e+06   2.3376465e+01
   5.7570080e+06   2.1789551e+01
   5.8028440e+06   2.2827148e+01
   5.8425180e+06   2.4475098e+01
   5.8427070e+06   2.0935059e+01
   5.9072970e+06   2.4108887e+01
   5.9456370e+06   2.1850586e+01
   5.9739200e+06   2.2949219e+01
   5.9747810e+06   2.0935059e+01
   5.9937180e+06   2.4230957e+01
   6.0013270e+06   2.1240234e+01
   6.0569960e+06   2.5451660e+01
   6.0876350e+06   2.2033691e+01
   6.1269650e+06   2.1911621e+01
   6.1351650e+06   2.4414063e+01
   6.1360690e+06   2.1301270e+01
   6.1562500e+06   2.4658203e+01
   6.1883800e+06   2.3315430e+01
   6.1962820e+06   2.3925781e+01
   6.2649130e+06   2.3620605e+01
   6.2737350e+06   2.3681641e+01
   6.2946440e+06   2.2033691e+01
   6.2953110e+06   2.1850586e+01
   6.2978980e+06   2.3559570e+01
   6.3306510e+06   2.1545410e+01
   6.3384850e+06   2.1728516e+01
   6.3462210e+06   2.2399902e+01
   6.3484460e+06   2.3742676e+01
   6.3494160e+06   2.1667480e+01
   6.3630530e+06   2.1362305e+01
   6.3765650e+06   2.2705078e+01
   6.3780490e+06   2.2399902e+01
   6.3905790e+06   2.4047852e+01
   6.3958870e+06   2.1240234e+01
   6.4122110e+06   2.1606445e+01
   6.4126600e+06   2.2644043e+01
   6.4874400e+06   2.5756836e+01
   6.5015760e+06   2.4353027e+01
   6.5342670e+06   2.2216797e+01
   6.5456620e+06   2.3254395e+01
   6.6414150e+06   2.1240234e+01
   6.7185740e+06   2.2460938e+01
   6.7191640e+06   2.1301270e+01
   6.7377810e+06   2.1240234e+01
   6.7712230e+06   2.1667480e+01
   6.7715040e+06   2.1545410e+01
   6.8621840e+06   2.3010254e+01
   6.9407430e+06   2.1850586e+01
   7.0791470e+06   2.1240234e+01
   7.1216460e+06   2.1667480e+01
   7.1218780e+06   2.1362305e+01
   7.1479360e+06   2.1484375e+01
   7.2086310e+06   2.2521973e+01
   7.2670820e+06   2.1606445e+01
   7.2678890e+06   2.6489258e+01
   7.3123570e+06   2.1789551e+01
   7.3291010e+06   2.1423340e+01
   7.3812430e+06   2.5146484e+01
   7.3961410e+06   2.2033691e+01
   7.4068520e+06   2.1545410e+01
   7.4891300e+06   2.1484375e+01
   7.4980440e+06   2.1728516e+01
   7.5178210e+06   2.1850586e+01
   7.5341580e+06   2.2949219e+01
   7.5349050e+06   2.2216797e+01
   7.5534070e+06   2.3437500e+01
   7.5717460e+06   2.3193359e+01
   7.6271600e+06   2.2399902e+01
   7.6812880e+06   2.2766113e+01
   7.6859310e+06   2.2460938e+01
   7.6894920e+06   2.3010254e+01
   7.8917620e+06   2.3254395e+01
   7.9433220e+06   2.2949219e+01
   8.0099920e+06   2.1240234e+01
   8.0103990e+06   2.1362305e+01
   8.1007670e+06   2.2521973e+01
   8.1649100e+06   2.2705078e+01
   8.1771700e+06   2.3437500e+01
   8.1905200e+06   2.3803711e+01
   8.2538510e+06   2.3071289e+01
   8.2741030e+06   2.2033691e+01
   8.3099490e+06   2.5573730e+01
   8.4089330e+06   2.1240234e+01
   8.4188540e+06   2.2216797e+01
   8.4374150e+06   2.3010254e+01
   8.4743700e+06   2.2644043e+01
   8.5692590e+06   2.4108887e+01
   8.6995220e+06   2.2094727e+01
   8.7343860e+06   2.1972656e+01
   8.8223320e+06   2.1240234e+01
   8.8502320e+06   2.2094727e+01
   8.8674090e+06   2.1606445e+01
   8.8876210e+06   2.2583008e+01
   8.8877480e+06   2.1789551e+01
   8.9685530e+06   2.3803711e+01
