   8.9990000e+06   0.0000000e+00
   2.1320000e+05   2.2338867e+01
   2.1328800e+05   2.1179199e+01
   2.1340600e+05   1.9531250e+01
   2.1375500e+05   1.9714355e+01
   9.4101400e+05   2.0629883e+01
   9.4496200e+05   2.0996094e+01
   1.0948730e+06   1.9409180e+01
   1.1405290e+06   2.9479980e+01
   1.1409220e+06   1.9226074e+01
   1.1427550e+06   5.7495117e+01
   1.2127860e+06   1.8981934e+01
   2.2315790e+06   2.0629883e+01
   2.2317130e+06   2.0019531e+01
   2.2328540e+06   1.8920898e+01
   2.3562420e+06   1.8737793e+01
   2.3577620e+06   1.8737793e+01
   2.3673320e+06   1.9775391e+01
   2.3677820e+06   2.2460938e+01
   2.3684030e+06   2.0141602e+01
   2.3959580e+06   2.0690918e+01
   2.4001910e+06   2.0935059e+01
   2.9812890e+06   2.3681641e+01
   3.1201800e+06   1.9958496e+01
   3.1362960e+06   1.9470215e+01
   3.1377130e+06   1.8981934e+01
   3.3132640e+06   1.8615723e+01
   3.5857190e+06   1.9714355e+01
   3.6056540e+06   1.9409180e+01
   3.6073530e+06   1.8676758e+01
   3.6141650e+06   1.9409180e+01
   3.6293640e+06   2.0446777e+01
   3.6296990e+06   1.9165039e+01
   3.6362060e+06   1.9042969e+01
   3.6388700e+06   1.9348145e+01
   3.6501400e+06   2.1118164e+01
   3.8879000e+06   1.9409180e+01
   3.8880730e+06   2.0935059e+01
   3.9206480e+06   2.0690918e+01
   3.9305840e+06   1.9531250e+01
   3.9326260e+06   1.9042969e+01
   3.9396970e+06   1.9165039e+01
   4.0582700e+06   1.9653320e+01
   4.1744410e+06   1.8981934e+01
   4.1757010e+06   2.0996094e+01
   4.2880000e+06   2.0874023e+01
   4.2883310e+06   1.8798828e+01
   4.2888770e+06   1.8859863e+01
   4.3006490e+06   1.9348145e+01
   4.3429390e+06   1.9958496e+01
   4.3433260e+06   1.8920898e+01
   4.3574660e+06   1.8676758e+01
   4.3651620e+06   1.8676758e+01
   4.3951920e+06   1.8737793e+01
   4.4668700e+06   1.8798828e+01
   4.4772950e+06   1.9470215e+01
   4.4778530e+06   1.9958496e+01
   4.5345580e+06   2.0263672e+01
   4.5367060e+06   2.0141602e+01
   4.5370420e+06   2.0080566e+01
   4.5464560e+06   1.8737793e+01
   4.5492460e+06   1.9836426e+01
   4.5554120e+06   2.2094727e+01
   4.5588390e+06   1.9042969e+01
   4.5594500e+06   1.8676758e+01
   4.5615890e+06   1.9897461e+01
   4.5655900e+06   1.8737793e+01
   4.5690720e+06   1.9226074e+01
   4.5725050e+06   1.8615723e+01
   4.5741780e+06   2.0874023e+01
   4.5856640e+06   1.9592285e+01
   4.5883700e+06   1.9104004e+01
   4.5890410e+06   2.0202637e+01
   4.6019650e+06   2.0080566e+01
   4.6524730e+06   1.9287109e+01
   4.6536940e+06   2.3925781e+01
   4.6589560e+06   1.9470215e+01
   4.6633200e+06   1.8920898e+01
   4.6710420e+06   2.0202637e+01
   4.8830420e+06   2.1484375e+01
   4.9228400e+06   1.8676758e+01
   4.9233840e+06   1.9226074e+01
   4.9321500e+06   2.0019531e+01
   4.9611570e+06   2.2644043e+01
   5.1946660e+06   2.0507812e+01
   5.2237590e+06   1.8676758e+01
   5.2438090e+06   1.8615723e+01
   5.2448550e+06   1.9165039e+01
   5.2748950e+06   2.2888184e+01
   5.2752240e+06   2.1057129e+01
   5.2791280e+06   1.8615723e+01
   5.2889430e+06   2.0202637e+01
   5.2932660e+06   1.9531250e+01
   5.3347500e+06   1.8737793e+01
   5.5952030e+06   1.8676758e+01
   5.6168800e+06   1.8981934e+01
   5.6236070e+06   1.9042969e+01
   5.6339590e+06   1.8920898e+01
   5.6746250e+06   1.9836426e+01
   5.6818610e+06   2.1484375e+01
   5.6896970e+06   1.9287109e+01
   5.6997370e+06   1.9775391e+01
   5.7061480e+06   1.9104004e+01
   5.7229960e+06   1.9348145e+01
   5.9271710e+06   1.8676758e+01
   5.9278110e+06   2.0568848e+01
   5.9516480e+06   1.9287109e+01
   5.9850080e+06   1.8859863e+01
   5.9925660e+06   2.0690918e+01
   6.0048690e+06   1.9897461e+01
   6.0116820e+06   1.8737793e+01
   6.0137950e+06   1.9531250e+01
   6.0147910e+06   2.0812988e+01
   6.0272570e+06   2.0568848e+01
   6.0352910e+06   1.9165039e+01
   6.0354920e+06   1.8859863e+01
   6.0415390e+06   1.9104004e+01
   6.0478000e+06   1.8859863e+01
   6.0480420e+06   1.9714355e+01
   6.0490780e+06   1.8798828e+01
   6.0825660e+06   1.9592285e+01
   6.0858490e+06   1.9042969e+01
   6.1050570e+06   2.0568848e+01
   6.1128640e+06   2.0629883e+01
   6.1141020e+06   2.0019531e+01
   6.1170730e+06   1.8920898e+01
   6.1564060e+06   1.8859863e+01
   6.1597850e+06   2.0629883e+01
   6.1599800e+06   1.8737793e+01
   6.1611410e+06   1.9226074e+01
   6.1735770e+06   1.9470215e+01
   6.4560390e+06   1.9287109e+01
   6.4563220e+06   2.0446777e+01
   6.4623870e+06   1.8737793e+01
   6.6101460e+06   1.8981934e+01
   6.6183470e+06   1.8676758e+01
   6.6203540e+06   1.9653320e+01
   6.6238550e+06   1.9165039e+01
   6.6335110e+06   2.2644043e+01
   6.6420600e+06   2.0568848e+01
   6.6660620e+06   2.0446777e+01
   6.6716830e+06   1.9042969e+01
   6.6776190e+06   1.8859863e+01
   6.6804850e+06   1.9042969e+01
   6.6903560e+06   1.8676758e+01
   6.6917430e+06   1.9348145e+01
   6.6973000e+06   1.8981934e+01
   6.6996110e+06   1.8737793e+01
   6.7074660e+06   1.9042969e+01
   6.7139340e+06   2.0202637e+01
   6.7194400e+06   1.9104004e+01
   6.7240890e+06   1.9592285e+01
   6.7354100e+06   1.9287109e+01
   6.7415130e+06   1.9348145e+01
   6.7804800e+06   2.0202637e+01
   7.1480190e+06   1.9958496e+01
   7.1488760e+06   1.9348145e+01
   7.1492320e+06   1.8920898e+01
   7.1599570e+06   1.9287109e+01
   7.1725910e+06   1.9104004e+01
   7.1757490e+06   1.9348145e+01
   7.1801800e+06   2.0629883e+01
   7.2238550e+06   2.0019531e+01
   7.2477680e+06   1.8920898e+01
   7.2680330e+06   1.8737793e+01
   7.3227930e+06   1.8737793e+01
   7.3443330e+06   1.9042969e+01
   7.3609110e+06   2.0019531e+01
   7.3672210e+06   2.0263672e+01
   7.6492240e+06   1.9348145e+01
   7.6810590e+06   1.8737793e+01
   7.6879800e+06   2.0324707e+01
   7.7001390e+06   1.9470215e+01
   7.7068720e+06   1.9775391e+01
   7.7235960e+06   1.9104004e+01
   7.7471030e+06   2.0202637e+01
   7.7503360e+06   2.0202637e+01
   7.7691300e+06   1.8920898e+01
   7.7727030e+06   2.2094727e+01
   7.8017170e+06   1.9653320e+01
   7.8260610e+06   1.8920898e+01
   8.0683750e+06   1.8859863e+01
   8.0891010e+06   1.9348145e+01
   8.0894410e+06   1.8981934e+01
   8.0981170e+06   1.9897461e+01
   8.0998400e+06   2.1728516e+01
   8.1083720e+06   1.9042969e+01
   8.1089690e+06   1.9042969e+01
   8.1093050e+06   2.0568848e+01
   8.1101540e+06   1.9165039e+01
   8.1241880e+06   1.9165039e+01
   8.2818500e+06   2.0263672e+01
   8.3235320e+06   2.1728516e+01
   8.3247840e+06   1.9714355e+01
   8.4548690e+06   1.8981934e+01
   8.6783290e+06   1.8859863e+01
   8.6829420e+06   1.9287109e+01
   8.7024650e+06   1.9775391e+01
   8.7354360e+06   1.8676758e+01
   8.7395130e+06   1.9592285e+01
   8.7657980e+06   1.8798828e+01
   8.8019570e+06   1.9653320e+01
   8.8100300e+06   1.8676758e+01
   8.8230930e+06   1.9775391e+01
   8.8311870e+06   1.9958496e+01
   8.8520080e+06   1.9592285e+01
   8.9631860e+06   1.9958496e+01
   8.9633930e+06   2.0019531e+01
