   1.1996000e+07   0.0000000e+00
   3.2620000e+03   4.3701172e+01
   6.0060000e+03   3.3630371e+01
   7.3830000e+03   3.8635254e+01
   1.2610000e+04   3.6193848e+01
   1.5828000e+04   3.7109375e+01
   1.8373000e+04   4.1381836e+01
   2.0173000e+04   3.6315918e+01
   2.1675000e+04   3.3996582e+01
   2.4429000e+04   4.2541504e+01
   2.7841000e+04   3.2775879e+01
   3.0909000e+04   3.6987305e+01
   3.2404000e+04   3.5156250e+01
   4.0981000e+04   3.4362793e+01
   5.0315000e+04   4.4067383e+01
   6.4269000e+04   3.5827637e+01
   6.6216000e+04   3.9794922e+01
   7.0687000e+04   3.5522461e+01
   7.2211000e+04   4.0405273e+01
   7.4557000e+04   3.5888672e+01
   7.7263000e+04   3.4179688e+01
   8.4979000e+04   3.6804199e+01
   8.6478000e+04   4.2297363e+01
   8.9955000e+04   3.6743164e+01
   1.0333300e+05   3.7231445e+01
   1.0746900e+05   3.7109375e+01
   1.1094600e+05   3.9855957e+01
   1.1389000e+05   3.3020020e+01
   1.1964900e+05   3.3691406e+01
   1.2275100e+05   3.3325195e+01
   1.2527900e+05   3.3264160e+01
   1.3136600e+05   3.6376953e+01
   1.3795700e+05   3.3996582e+01
   1.4190500e+05   3.3874512e+01
   1.4850900e+05   3.9672852e+01
   1.5006800e+05   3.8391113e+01
   1.5139800e+05   3.3508301e+01
   1.5174700e+05   3.3996582e+01
   1.5387800e+05   3.8330078e+01
   1.7278000e+05   3.8024902e+01
   1.7680700e+05   3.8513184e+01
   1.9435100e+05   3.3569336e+01
   1.9644500e+05   3.6254883e+01
   2.0088100e+05   3.3813477e+01
   2.0538500e+05   3.4790039e+01
   2.0746500e+05   3.4484863e+01
   2.0936000e+05   3.5034180e+01
   2.0971800e+05   3.5095215e+01
   2.1016600e+05   3.3203125e+01
   2.1493000e+05   3.4667969e+01
   2.1884900e+05   3.6682129e+01
   2.2132000e+05   4.5715332e+01
   2.3277000e+05   3.9184570e+01
   2.4243200e+05   3.5583496e+01
   2.4390600e+05   3.6437988e+01
   2.4958300e+05   4.0405273e+01
   2.5248000e+05   3.5217285e+01
   2.5492100e+05   3.2958984e+01
   2.5672400e+05   3.9367676e+01
   2.6275800e+05   3.6315918e+01
   2.6473600e+05   3.4912109e+01
   2.6757800e+05   3.6315918e+01
   2.7124200e+05   4.5043945e+01
   2.7415200e+05   3.8513184e+01
   2.7656900e+05   3.4790039e+01
   2.8391700e+05   3.5522461e+01
   2.8912000e+05   3.4729004e+01
   2.9410500e+05   3.7841797e+01
   2.9551800e+05   3.6987305e+01
   2.9556400e+05   3.5583496e+01
   2.9563100e+05   3.5095215e+01
   3.0598400e+05   3.4240723e+01
   3.0818400e+05   3.4606934e+01
   3.1051600e+05   3.4301758e+01
   3.1424300e+05   3.5217285e+01
   3.2148600e+05   3.8879395e+01
   3.2278800e+05   4.1748047e+01
   3.3050700e+05   4.5593262e+01
   3.3673700e+05   3.6926270e+01
   3.4167700e+05   3.4240723e+01
   3.4709500e+05   3.9306641e+01
   3.5402500e+05   3.6071777e+01
   3.5524800e+05   3.3691406e+01
   3.6217100e+05   4.1503906e+01
   3.6460200e+05   4.0100098e+01
   3.6842900e+05   3.7109375e+01
   3.7201900e+05   3.3996582e+01
   3.7439000e+05   3.6254883e+01
   3.8184100e+05   3.5766602e+01
   3.8422000e+05   4.3151855e+01
   3.9310400e+05   4.5959473e+01
   3.9910000e+05   3.3996582e+01
   4.0244800e+05   3.6621094e+01
   4.0911300e+05   5.1879883e+01
   4.1108400e+05   4.0527344e+01
   4.1529400e+05   3.7902832e+01
   4.1832100e+05   3.5400391e+01
   4.1979800e+05   3.7292480e+01
   4.2369600e+05   3.6315918e+01
   4.3314300e+05   3.9306641e+01
   4.3877300e+05   3.5339355e+01
   4.4025500e+05   3.7841797e+01
   4.4380100e+05   3.8940430e+01
   4.4683500e+05   3.8879395e+01
   4.4982400e+05   4.5410156e+01
   4.5430300e+05   5.0476074e+01
   4.5798300e+05   4.2663574e+01
   4.6281100e+05   3.3813477e+01
   4.6992300e+05   3.4729004e+01
   4.7239100e+05   3.9123535e+01
   4.8182600e+05   3.3874512e+01
   4.8666300e+05   3.3447266e+01
   4.9145300e+05   4.2541504e+01
   4.9434000e+05   3.5034180e+01
   4.9718100e+05   3.5217285e+01
   4.9947900e+05   4.3823242e+01
   5.0514100e+05   3.9428711e+01
   5.0835400e+05   3.5217285e+01
   5.1583900e+05   4.2236328e+01
   5.1814700e+05   3.3630371e+01
   5.2081700e+05   3.8940430e+01
   5.2531800e+05   3.7109375e+01
   5.2826400e+05   3.6193848e+01
   5.3135600e+05   4.0588379e+01
   5.3968500e+05   4.3823242e+01
   5.4525000e+05   3.4545898e+01
   5.4818400e+05   4.1503906e+01
   5.5199400e+05   3.7475586e+01
   5.5565300e+05   3.5766602e+01
   5.6255800e+05   3.3203125e+01
   5.6454800e+05   3.9611816e+01
   5.6987300e+05   3.3142090e+01
   5.7471200e+05   3.7414551e+01
   5.7755900e+05   3.2897949e+01
   5.7910700e+05   3.5034180e+01
   5.8342700e+05   3.8391113e+01
   5.8566900e+05   3.6193848e+01
   5.9019100e+05   5.4870605e+01
   5.9505800e+05   4.5959473e+01
   6.0521100e+05   3.8391113e+01
   6.0821000e+05   3.5705566e+01
   6.1307200e+05   3.7719727e+01
   6.2212500e+05   3.6987305e+01
   6.2514200e+05   4.2907715e+01
   6.2760000e+05   3.7231445e+01
   6.3095100e+05   3.6254883e+01
   6.3578900e+05   4.0710449e+01
   6.4587400e+05   3.3020020e+01
   6.4938400e+05   3.7170410e+01
   6.5055900e+05   3.2836914e+01
   6.5304800e+05   3.7658691e+01
   6.5621700e+05   3.9550781e+01
   6.5631300e+05   3.5034180e+01
   6.6626400e+05   3.4729004e+01
   6.7157100e+05   3.4973145e+01
   6.8042400e+05   3.3386230e+01
   6.8641100e+05   3.7048340e+01
   6.8896100e+05   4.1625977e+01
   6.9311000e+05   3.5217285e+01
   6.9556300e+05   3.9001465e+01
   7.0163500e+05   3.8024902e+01
   7.0616300e+05   3.5400391e+01
   7.0953600e+05   3.7170410e+01
   7.1237000e+05   3.5949707e+01
   7.1390800e+05   3.6315918e+01
   7.1679900e+05   3.7475586e+01
   7.2362900e+05   3.6315918e+01
   7.2416800e+05   3.5400391e+01
   7.3256300e+05   3.6193848e+01
   7.3649400e+05   3.2897949e+01
   7.3660200e+05   3.6865234e+01
   7.4262100e+05   3.4362793e+01
   7.4749800e+05   3.9062500e+01
   7.4811700e+05   3.5339355e+01
   7.5893100e+05   3.3142090e+01
   7.6301200e+05   3.4729004e+01
   7.6922300e+05   3.7841797e+01
   7.7153100e+05   3.7292480e+01
   7.7183500e+05   3.2897949e+01
   7.7612200e+05   3.4057617e+01
   7.9722400e+05   3.6926270e+01
   8.0164000e+05   3.5461426e+01
   8.0457900e+05   4.0283203e+01
   8.0626600e+05   3.3020020e+01
   8.0959800e+05   3.4362793e+01
   8.1343600e+05   3.3508301e+01
   8.1840100e+05   3.4362793e+01
   8.2358600e+05   3.5888672e+01
   8.2536400e+05   3.6132812e+01
   8.3616800e+05   3.8696289e+01
   8.4653600e+05   4.0039063e+01
   8.4847700e+05   3.9001465e+01
   8.4927100e+05   3.3386230e+01
   8.6156900e+05   3.3264160e+01
   8.8003000e+05   3.8452148e+01
   8.9161800e+05   3.7658691e+01
   8.9422000e+05   3.8330078e+01
   9.0183400e+05   3.7109375e+01
   9.0961800e+05   3.6804199e+01
   9.1235000e+05   3.6987305e+01
   9.1542300e+05   3.8330078e+01
   9.2298800e+05   3.3874512e+01
   9.2925000e+05   4.3395996e+01
   9.3019000e+05   3.2775879e+01
   9.3976500e+05   3.7414551e+01
   9.4502400e+05   4.0466309e+01
   9.5035300e+05   3.3935547e+01
   9.6286000e+05   4.1687012e+01
   9.6350000e+05   3.6071777e+01
   9.6807200e+05   4.0710449e+01
   9.7465000e+05   3.3081055e+01
   9.7841200e+05   3.5766602e+01
   9.9783500e+05   3.2836914e+01
   1.0054150e+06   3.6987305e+01
   1.0096470e+06   3.2775879e+01
   1.0152080e+06   3.3569336e+01
   1.0191690e+06   3.5461426e+01
   1.0267470e+06   3.3691406e+01
   1.0315310e+06   3.3081055e+01
   1.0347000e+06   3.5583496e+01
   1.0383350e+06   3.6499023e+01
   1.0419120e+06   4.0039062e+01
   1.0463560e+06   3.5766602e+01
   1.0525920e+06   3.7170410e+01
   1.0601700e+06   3.6682129e+01
   1.0629010e+06   3.6499023e+01
   1.0633460e+06   3.4301758e+01
   1.0755590e+06   3.4851074e+01
   1.0856100e+06   3.3203125e+01
   1.0891360e+06   3.8391113e+01
   1.0936310e+06   3.9489746e+01
   1.0965230e+06   3.5827637e+01
   1.1007020e+06   3.7597656e+01
   1.1047110e+06   3.3203125e+01
   1.1092970e+06   3.5766602e+01
   1.1146590e+06   3.7658691e+01
   1.1192130e+06   3.4729004e+01
   1.1204150e+06   3.8635254e+01
   1.1259900e+06   3.3996582e+01
   1.1281440e+06   3.2836914e+01
   1.1306690e+06   3.4545898e+01
   1.1353760e+06   3.2836914e+01
   1.1464740e+06   3.9306641e+01
   1.1540130e+06   3.6743164e+01
   1.1593000e+06   3.7719727e+01
   1.1631830e+06   5.1757812e+01
   1.1676430e+06   3.4057617e+01
   1.1732200e+06   3.4484863e+01
   1.1771620e+06   3.2897949e+01
   1.1854780e+06   3.5949707e+01
   1.1932090e+06   3.8452148e+01
   1.1976480e+06   3.3020020e+01
   1.2015760e+06   3.7170410e+01
   1.2031020e+06   3.5522461e+01
   1.2183110e+06   3.6254883e+01
   1.2263670e+06   4.0832520e+01
   1.2319150e+06   3.6437988e+01
   1.2367000e+06   4.5166016e+01
   1.2384310e+06   3.4484863e+01
   1.2454090e+06   3.6437988e+01
   1.2478370e+06   4.1503906e+01
   1.2554550e+06   3.3996582e+01
   1.2557880e+06   4.3823242e+01
   1.2697750e+06   3.5217285e+01
   1.2845470e+06   3.4912109e+01
   1.2979930e+06   4.0649414e+01
   1.3025430e+06   3.3325195e+01
   1.3077770e+06   3.8879395e+01
   1.3123510e+06   3.3874512e+01
   1.3155540e+06   3.5705566e+01
   1.3244010e+06   4.1259766e+01
   1.3269890e+06   4.3212891e+01
   1.3322920e+06   3.5583496e+01
   1.3356950e+06   3.3081055e+01
   1.3430630e+06   3.8269043e+01
   1.3500680e+06   3.3569336e+01
   1.3556470e+06   4.2114258e+01
   1.3638050e+06   3.3386230e+01
   1.3701220e+06   3.3447266e+01
   1.3774830e+06   3.7475586e+01
   1.3812730e+06   3.8513184e+01
   1.3837870e+06   3.4851074e+01
   1.3864020e+06   3.7658691e+01
   1.3954310e+06   4.1931152e+01
   1.3988100e+06   3.2836914e+01
   1.4019540e+06   3.6743164e+01
   1.4048130e+06   4.0405273e+01
   1.4073860e+06   3.2836914e+01
   1.4127320e+06   3.5339355e+01
   1.4168190e+06   3.5095215e+01
   1.4207470e+06   4.3334961e+01
   1.4264770e+06   3.5400391e+01
   1.4295700e+06   3.8513184e+01
   1.4348740e+06   4.5471191e+01
   1.4375650e+06   3.7048340e+01
   1.4415460e+06   3.7719727e+01
   1.4492280e+06   3.4545898e+01
   1.4516660e+06   3.3508301e+01
   1.4578110e+06   3.8818359e+01
   1.4621220e+06   4.0527344e+01
   1.4712560e+06   4.0832520e+01
   1.4767930e+06   3.3996582e+01
   1.4814800e+06   4.5471191e+01
   1.4884160e+06   3.5461426e+01
   1.4907690e+06   3.6987305e+01
   1.4947530e+06   3.5156250e+01
   1.4988910e+06   3.3874512e+01
   1.5039920e+06   3.4667969e+01
   1.5117460e+06   3.8391113e+01
   1.5142870e+06   3.3630371e+01
   1.5228890e+06   3.7170410e+01
   1.5252640e+06   3.6071777e+01
   1.5324660e+06   3.8574219e+01
   1.5383290e+06   3.5461426e+01
   1.5425560e+06   3.7231445e+01
   1.5459840e+06   3.5644531e+01
   1.5542770e+06   3.4240723e+01
   1.5570690e+06   3.6437988e+01
   1.5611510e+06   3.6376953e+01
   1.5639700e+06   3.3691406e+01
   1.5662310e+06   3.3569336e+01
   1.5730100e+06   3.4484863e+01
   1.5741030e+06   4.1015625e+01
   1.5834680e+06   3.2958984e+01
   1.5842100e+06   3.6865234e+01
   1.5931510e+06   3.5095215e+01
   1.5955470e+06   3.5461426e+01
   1.5973450e+06   3.4851074e+01
   1.5979230e+06   3.8635254e+01
   1.6036730e+06   3.6437988e+01
   1.6110060e+06   3.4851074e+01
   1.6133830e+06   3.2897949e+01
   1.6140650e+06   3.4973145e+01
   1.6172110e+06   4.3945312e+01
   1.6228620e+06   3.8330078e+01
   1.6326430e+06   3.5827637e+01
   1.6356680e+06   3.7170410e+01
   1.6370750e+06   3.9001465e+01
   1.6371210e+06   3.9001465e+01
   1.6420290e+06   3.6071777e+01
   1.6445550e+06   3.4545898e+01
   1.6471090e+06   3.3691406e+01
   1.6517000e+06   4.6203613e+01
   1.6538010e+06   3.5156250e+01
   1.6571220e+06   4.0405273e+01
   1.6634040e+06   3.2836914e+01
   1.6727560e+06   3.6499023e+01
   1.6800720e+06   3.3203125e+01
   1.6829770e+06   3.6743164e+01
   1.6885990e+06   3.9062500e+01
   1.6964360e+06   3.4362793e+01
   1.7065140e+06   4.0893555e+01
   1.7093540e+06   3.7536621e+01
   1.7116630e+06   3.6743164e+01
   1.7139790e+06   4.0710449e+01
   1.7177800e+06   3.5156250e+01
   1.7201420e+06   3.4667969e+01
   1.7280130e+06   3.4912109e+01
   1.7302920e+06   3.8696289e+01
   1.7378010e+06   3.9794922e+01
   1.7513280e+06   4.5593262e+01
   1.7522550e+06   3.6315918e+01
   1.7638310e+06   4.4555664e+01
   1.7674600e+06   3.5034180e+01
   1.7752530e+06   3.5339355e+01
   1.7836860e+06   4.5104980e+01
   1.7873030e+06   3.5705566e+01
   1.7891250e+06   3.4057617e+01
   1.7928340e+06   4.0344238e+01
   1.7950120e+06   3.5034180e+01
   1.7995880e+06   3.3508301e+01
   1.8050770e+06   3.5949707e+01
   1.8070350e+06   3.4606934e+01
   1.8106090e+06   3.4851074e+01
   1.8140370e+06   3.6010742e+01
   1.8161940e+06   3.3874512e+01
   1.8214920e+06   3.7475586e+01
   1.8311390e+06   3.3935547e+01
   1.8353550e+06   3.8635254e+01
   1.8407210e+06   3.2958984e+01
   1.8424750e+06   3.2958984e+01
   1.8432770e+06   3.7231445e+01
   1.8484530e+06   4.1503906e+01
   1.8569100e+06   4.2846680e+01
   1.8594650e+06   4.0954590e+01
   1.8634140e+06   4.2846680e+01
   1.8677730e+06   3.4240723e+01
   1.8742460e+06   3.3691406e+01
   1.8743280e+06   3.6376953e+01
   1.8846750e+06   3.6621094e+01
   1.8874250e+06   3.3813477e+01
   1.8899660e+06   3.5095215e+01
   1.8958730e+06   3.2958984e+01
   1.8978120e+06   3.6010742e+01
   1.9008120e+06   3.9489746e+01
   1.9053810e+06   3.2836914e+01
   1.9077500e+06   3.3203125e+01
   1.9082780e+06   3.5522461e+01
   1.9149880e+06   3.5461426e+01
   1.9175930e+06   3.4729004e+01
   1.9218690e+06   3.3996582e+01
   1.9316360e+06   3.5705566e+01
   1.9342520e+06   3.5278320e+01
   1.9372850e+06   3.3630371e+01
   1.9443060e+06   3.6926270e+01
   1.9459940e+06   3.4240723e+01
   1.9512420e+06   3.5156250e+01
   1.9565910e+06   3.9611816e+01
   1.9656730e+06   3.3020020e+01
   1.9676670e+06   3.4606934e+01
   1.9709870e+06   3.6437988e+01
   1.9751720e+06   3.4545898e+01
   1.9801550e+06   3.4667969e+01
   1.9841650e+06   3.2897949e+01
   1.9914280e+06   3.4790039e+01
   2.0048320e+06   3.3691406e+01
   2.0119380e+06   3.8269043e+01
   2.0144980e+06   3.4301758e+01
   2.0176590e+06   3.5339355e+01
   2.0234560e+06   3.6376953e+01
   2.0292420e+06   3.7658691e+01
   2.0318810e+06   3.6437988e+01
   2.0343840e+06   3.2836914e+01
   2.0401310e+06   3.7536621e+01
   2.0449280e+06   4.1381836e+01
   2.0486660e+06   3.3142090e+01
   2.0532880e+06   3.3752441e+01
   2.0633990e+06   3.5827637e+01
   2.0687510e+06   3.7048340e+01
   2.0713940e+06   3.3203125e+01
   2.0716290e+06   4.0222168e+01
   2.0801420e+06   4.1809082e+01
   2.0860050e+06   3.5034180e+01
   2.0893880e+06   3.7231445e+01
   2.0922590e+06   4.3090820e+01
   2.0954310e+06   3.6071777e+01
   2.0996320e+06   3.7719727e+01
   2.1023880e+06   3.3874512e+01
   2.1046600e+06   4.1198730e+01
   2.1089180e+06   4.1870117e+01
   2.1107230e+06   3.3630371e+01
   2.1182420e+06   3.4484863e+01
   2.1215190e+06   3.5583496e+01
   2.1249920e+06   3.5400391e+01
   2.1277540e+06   3.7414551e+01
   2.1298310e+06   3.3691406e+01
   2.1377940e+06   3.4606934e+01
   2.1406700e+06   3.7353516e+01
   2.1446510e+06   3.8757324e+01
   2.1487890e+06   3.3813477e+01
   2.1543080e+06   3.7536621e+01
   2.1559890e+06   3.7536621e+01
   2.1628370e+06   3.8085938e+01
   2.1629210e+06   3.7658691e+01
   2.1632970e+06   3.8574219e+01
   2.1635130e+06   3.3996582e+01
   2.1724290e+06   3.7536621e+01
   2.1768270e+06   4.6813965e+01
   2.1914770e+06   4.0222168e+01
   2.2168600e+06   3.7536621e+01
   2.2210950e+06   3.3569336e+01
   2.2248920e+06   3.6560059e+01
   2.2315110e+06   3.4179688e+01
   2.2332220e+06   3.3142090e+01
   2.2395160e+06   3.7048340e+01
   2.2425920e+06   3.5095215e+01
   2.2496050e+06   3.4423828e+01
   2.2516140e+06   4.0893555e+01
   2.2554720e+06   3.9916992e+01
   2.2593540e+06   4.1259766e+01
   2.2613480e+06   3.3508301e+01
   2.2636880e+06   3.2897949e+01
   2.2695140e+06   3.5095215e+01
   2.2765310e+06   3.5034180e+01
   2.2825890e+06   3.5278320e+01
   2.2910610e+06   3.3813477e+01
   2.2980730e+06   3.3569336e+01
   2.3026180e+06   4.2846680e+01
   2.3160080e+06   4.1198730e+01
   2.3187530e+06   3.8330078e+01
   2.3228070e+06   4.0649414e+01
   2.3277160e+06   3.4179688e+01
   2.3332800e+06   3.9184570e+01
   2.3428970e+06   3.9978027e+01
   2.3510350e+06   3.4484863e+01
   2.3574210e+06   3.6682129e+01
   2.3612210e+06   3.5461426e+01
   2.3736660e+06   3.5522461e+01
   2.3775500e+06   3.2958984e+01
   2.3798200e+06   3.3142090e+01
   2.3827530e+06   3.4179688e+01
   2.3841260e+06   3.3691406e+01
   2.3890890e+06   3.6926270e+01
   2.3925210e+06   3.3020020e+01
   2.3973740e+06   3.5034180e+01
   2.3997830e+06   3.8391113e+01
   2.4024700e+06   3.4118652e+01
   2.4039510e+06   4.0771484e+01
   2.4115700e+06   3.6987305e+01
   2.4168850e+06   3.8085938e+01
   2.4216600e+06   4.3457031e+01
   2.4263540e+06   3.4179688e+01
   2.4320940e+06   3.5278320e+01
   2.4321390e+06   4.0344238e+01
   2.4325190e+06   3.3569336e+01
   2.4476600e+06   3.7048340e+01
   2.4508200e+06   3.9978027e+01
   2.4535710e+06   4.0039062e+01
   2.4620110e+06   3.6193848e+01
   2.4639420e+06   3.8085938e+01
   2.4683800e+06   3.3813477e+01
   2.4734360e+06   3.4423828e+01
   2.4788100e+06   3.4057617e+01
   2.4827820e+06   3.5095215e+01
   2.4866460e+06   4.3640137e+01
   2.5007060e+06   3.5644531e+01
   2.5038920e+06   5.2978516e+01
   2.5079680e+06   3.8879395e+01
   2.5123520e+06   4.2846680e+01
   2.5153120e+06   3.3264160e+01
   2.5198770e+06   3.3569336e+01
   2.5212430e+06   3.6743164e+01
   2.5273250e+06   3.3630371e+01
   2.5309440e+06   3.4118652e+01
   2.5324480e+06   3.4118652e+01
   2.5423230e+06   3.3508301e+01
   2.5476150e+06   3.5461426e+01
   2.5557910e+06   3.4057617e+01
   2.5575980e+06   3.7597656e+01
   2.5610670e+06   3.6865234e+01
   2.5650040e+06   3.8146973e+01
   2.5718310e+06   3.7353516e+01
   2.5737990e+06   3.7780762e+01
   2.5828620e+06   3.7475586e+01
   2.5851920e+06   4.2175293e+01
   2.5896910e+06   3.8146973e+01
   2.5929030e+06   3.2836914e+01
   2.6086270e+06   3.5156250e+01
   2.6164020e+06   4.2724609e+01
   2.6233660e+06   3.3874512e+01
   2.6288200e+06   3.6071777e+01
   2.6346430e+06   3.3874512e+01
   2.6362260e+06   3.6315918e+01
   2.6404140e+06   3.3630371e+01
   2.6426760e+06   3.9855957e+01
   2.6427270e+06   3.3569336e+01
   2.6428180e+06   3.4545898e+01
   2.6490680e+06   3.6132812e+01
   2.6520900e+06   3.9001465e+01
   2.6567480e+06   4.0710449e+01
   2.6580520e+06   3.4118652e+01
   2.6617500e+06   3.2775879e+01
   2.6711300e+06   4.2419434e+01
   2.6737000e+06   4.5471191e+01
   2.6737560e+06   3.4606934e+01
   2.6780940e+06   3.4790039e+01
   2.6837970e+06   4.0344238e+01
   2.6838490e+06   3.6865234e+01
   2.6884060e+06   3.3813477e+01
   2.6896600e+06   3.4362793e+01
   2.6936650e+06   3.5217285e+01
   2.7001730e+06   3.8757324e+01
   2.7158420e+06   3.5461426e+01
   2.7238220e+06   3.8574219e+01
   2.7292880e+06   3.6682129e+01
   2.7308730e+06   3.7780762e+01
   2.7415990e+06   3.9062500e+01
   2.7505420e+06   3.4973145e+01
   2.7540820e+06   3.6987305e+01
   2.7569540e+06   3.9001465e+01
   2.7590510e+06   3.5034180e+01
   2.7619220e+06   3.3020020e+01
   2.7668790e+06   3.4973145e+01
   2.7697330e+06   3.5339355e+01
   2.7823190e+06   5.0109863e+01
   2.7935030e+06   3.4667969e+01
   2.7968190e+06   3.3813477e+01
   2.7996280e+06   3.6560059e+01
   2.8000240e+06   3.4057617e+01
   2.8046790e+06   3.3630371e+01
   2.8149400e+06   3.8208008e+01
   2.8177470e+06   3.2836914e+01
   2.8233360e+06   3.4484863e+01
   2.8259980e+06   4.1442871e+01
   2.8260590e+06   3.3020020e+01
   2.8261450e+06   3.4729004e+01
   2.8388950e+06   3.2897949e+01
   2.8430420e+06   3.9489746e+01
   2.8503470e+06   3.3996582e+01
   2.8575750e+06   3.6193848e+01
   2.8588830e+06   3.3264160e+01
   2.8607230e+06   3.3081055e+01
   2.8610430e+06   4.2785645e+01
   2.8611420e+06   4.0588379e+01
   2.8614020e+06   3.8330078e+01
   2.8614810e+06   3.8940430e+01
   2.8616280e+06   4.1748047e+01
   2.8628020e+06   3.5156250e+01
   2.8629060e+06   4.4311523e+01
   2.8837180e+06   3.6499023e+01
   2.9005010e+06   3.3142090e+01
   2.9051720e+06   4.0283203e+01
   2.9150080e+06   3.8269043e+01
   2.9203320e+06   3.7109375e+01
   2.9210830e+06   4.1809082e+01
   2.9271790e+06   3.3752441e+01
   2.9288860e+06   3.5888672e+01
   2.9359050e+06   3.9428711e+01
   2.9371610e+06   4.5349121e+01
   2.9523220e+06   3.3874512e+01
   2.9561320e+06   3.8940430e+01
   2.9571140e+06   4.1381836e+01
   2.9576890e+06   4.3151855e+01
   2.9586540e+06   3.6193848e+01
   2.9754220e+06   3.9428711e+01
   2.9812250e+06   3.9672852e+01
   2.9835060e+06   3.3630371e+01
   2.9864040e+06   3.7109375e+01
   2.9887280e+06   3.3996582e+01
   2.9970730e+06   3.3874512e+01
   3.0017850e+06   3.2897949e+01
   3.0110560e+06   3.5034180e+01
   3.0241910e+06   3.6499023e+01
   3.0249940e+06   3.8574219e+01
   3.0332660e+06   3.6926270e+01
   3.0382040e+06   4.3090820e+01
   3.0425290e+06   4.0710449e+01
   3.0453900e+06   3.2531738e+01
   3.0507130e+06   3.9184570e+01
   3.0529270e+06   3.2836914e+01
   3.0551320e+06   3.4667969e+01
   3.0657550e+06   3.5217285e+01
   3.0699840e+06   3.4667969e+01
   3.0777120e+06   3.4057617e+01
   3.0838790e+06   4.0649414e+01
   3.0941320e+06   3.2958984e+01
   3.1033320e+06   3.4423828e+01
   3.1038290e+06   3.2836914e+01
   3.1046670e+06   4.7790527e+01
   3.1055140e+06   3.3325195e+01
   3.1066660e+06   3.9489746e+01
   3.1121010e+06   3.2348633e+01
   3.1201510e+06   3.5278320e+01
   3.1272870e+06   3.2836914e+01
   3.1273290e+06   3.4973145e+01
   3.1280490e+06   3.4667969e+01
   3.1281080e+06   3.5827637e+01
   3.1287850e+06   3.4484863e+01
   3.1289000e+06   3.2348633e+01
   3.1351850e+06   3.8452148e+01
   3.1482840e+06   3.2592773e+01
   3.1517060e+06   3.2287598e+01
   3.1573860e+06   3.9123535e+01
   3.1607750e+06   3.7963867e+01
   3.1711280e+06   3.4973145e+01
   3.1743410e+06   3.2592773e+01
   3.1762000e+06   3.5217285e+01
   3.1794720e+06   3.2592773e+01
   3.1824880e+06   3.7048340e+01
   3.1860940e+06   3.6193848e+01
   3.1903090e+06   3.3935547e+01
   3.1942920e+06   3.6132812e+01
   3.1963540e+06   4.6081543e+01
   3.1999800e+06   3.7292480e+01
   3.2065050e+06   3.3508301e+01
   3.2089990e+06   3.2958984e+01
   3.2142670e+06   3.4240723e+01
   3.2197950e+06   3.5644531e+01
   3.2228210e+06   3.4484863e+01
   3.2304550e+06   4.2114258e+01
   3.2333550e+06   3.9123535e+01
   3.2401570e+06   3.7597656e+01
   3.2427050e+06   4.0344238e+01
   3.2459770e+06   3.4057617e+01
   3.2485880e+06   3.7780762e+01
   3.2513180e+06   4.4128418e+01
   3.2541690e+06   4.0954590e+01
   3.2543910e+06   4.2358398e+01
   3.2547920e+06   3.9245605e+01
   3.2623480e+06   3.6010742e+01
   3.2664640e+06   3.7414551e+01
   3.2703720e+06   3.6376953e+01
   3.2845380e+06   3.5095215e+01
   3.2873270e+06   3.7048340e+01
   3.2886190e+06   3.2409668e+01
   3.2903660e+06   3.8391113e+01
   3.3018170e+06   3.6560059e+01
   3.3044450e+06   3.7292480e+01
   3.3126900e+06   3.8146973e+01
   3.3149290e+06   3.4179688e+01
   3.3215900e+06   3.2958984e+01
   3.3229830e+06   4.1564941e+01
   3.3259410e+06   3.4484863e+01
   3.3281230e+06   4.1076660e+01
   3.3336700e+06   3.4667969e+01
   3.3437170e+06   3.9611816e+01
   3.3519480e+06   3.3081055e+01
   3.3577330e+06   3.2531738e+01
   3.3624130e+06   3.5644531e+01
   3.3669430e+06   3.7902832e+01
   3.3676980e+06   3.5949707e+01
   3.3713460e+06   4.1809082e+01
   3.3751100e+06   3.2470703e+01
   3.3800740e+06   3.8330078e+01
   3.3817140e+06   3.6437988e+01
   3.3860780e+06   3.6010742e+01
   3.3886350e+06   4.1992188e+01
   3.3945800e+06   3.4179688e+01
   3.3957370e+06   3.3752441e+01
   3.3998040e+06   3.5827637e+01
   3.4027050e+06   3.4423828e+01
   3.4071170e+06   3.8146973e+01
   3.4119790e+06   3.4545898e+01
   3.4157400e+06   3.5644531e+01
   3.4220360e+06   3.9123535e+01
   3.4254020e+06   3.3142090e+01
   3.4279700e+06   3.4423828e+01
   3.4324260e+06   4.0039062e+01
   3.4383760e+06   3.2958984e+01
   3.4397800e+06   3.3203125e+01
   3.4434020e+06   3.3935547e+01
   3.4539900e+06   3.6865234e+01
   3.4547740e+06   3.8208008e+01
   3.4613900e+06   3.3508301e+01
   3.4649750e+06   3.2897949e+01
   3.4654090e+06   3.9001465e+01
   3.4695340e+06   3.3569336e+01
   3.4801360e+06   3.7109375e+01
   3.4858010e+06   3.5766602e+01
   3.4872520e+06   3.8757324e+01
   3.4901230e+06   3.7048340e+01
   3.4936040e+06   3.7902832e+01
   3.4964600e+06   3.6560059e+01
   3.5014300e+06   3.4484863e+01
   3.5019760e+06   3.3447266e+01
   3.5021480e+06   3.5278320e+01
   3.5231770e+06   3.9123535e+01
   3.5291470e+06   3.3020020e+01
   3.5323680e+06   3.8330078e+01
   3.5388110e+06   4.0100098e+01
   3.5483380e+06   3.7475586e+01
   3.5510130e+06   3.2409668e+01
   3.5542600e+06   3.6743164e+01
   3.5675840e+06   3.3081055e+01
   3.5732710e+06   3.2653809e+01
   3.5772130e+06   4.0954590e+01
   3.5808960e+06   3.6193848e+01
   3.5848550e+06   3.4851074e+01
   3.5880400e+06   3.6254883e+01
   3.5916310e+06   3.6376953e+01
   3.5961300e+06   3.7963867e+01
   3.6013420e+06   3.2531738e+01
   3.6053750e+06   3.3508301e+01
   3.6083490e+06   3.3691406e+01
   3.6164070e+06   3.9367676e+01
   3.6203300e+06   3.3813477e+01
   3.6336400e+06   3.5949707e+01
   3.6432440e+06   3.6010742e+01
   3.6493730e+06   4.2846680e+01
   3.6529210e+06   3.4912109e+01
   3.6561630e+06   3.4973145e+01
   3.6594070e+06   4.2480469e+01
   3.6670340e+06   3.2409668e+01
   3.6707820e+06   3.6865234e+01
   3.6719210e+06   3.9306641e+01
   3.6719930e+06   3.4362793e+01
   3.6727960e+06   4.0710449e+01
   3.6850990e+06   3.8513184e+01
   3.6883250e+06   3.4912109e+01
   3.6931110e+06   4.6936035e+01
   3.6978580e+06   3.3874512e+01
   3.7002030e+06   3.3386230e+01
   3.7150350e+06   3.9367676e+01
   3.7179820e+06   3.3325195e+01
   3.7208570e+06   3.6987305e+01
   3.7253890e+06   3.9123535e+01
   3.7282460e+06   3.7780762e+01
   3.7346970e+06   3.4057617e+01
   3.7373570e+06   4.7119141e+01
   3.7417870e+06   3.4423828e+01
   3.7445960e+06   3.2897949e+01
   3.7473600e+06   3.6621094e+01
   3.7612410e+06   3.8452148e+01
   3.7670080e+06   3.6071777e+01
   3.7696030e+06   3.9611816e+01
   3.7721770e+06   3.5461426e+01
   3.7765710e+06   3.3447266e+01
   3.7794670e+06   3.5156250e+01
   3.7826700e+06   3.9428711e+01
   3.7842200e+06   3.7841797e+01
   3.7925270e+06   3.5827637e+01
   3.7981280e+06   3.8513184e+01
   3.8040690e+06   3.7292480e+01
   3.8077500e+06   3.4484863e+01
   3.8154330e+06   3.6560059e+01
   3.8176900e+06   4.2785645e+01
   3.8245260e+06   3.2592773e+01
   3.8285050e+06   4.4006348e+01
   3.8393710e+06   3.3508301e+01
   3.8404970e+06   4.5532227e+01
   3.8426580e+06   3.2775879e+01
   3.8453720e+06   3.7902832e+01
   3.8510040e+06   3.5339355e+01
   3.8548660e+06   3.3203125e+01
   3.8583650e+06   3.2470703e+01
   3.8599690e+06   3.2287598e+01
   3.8618950e+06   3.6926270e+01
   3.8671190e+06   3.6865234e+01
   3.8688480e+06   3.6132812e+01
   3.8784340e+06   3.3447266e+01
   3.8802110e+06   3.6376953e+01
   3.8810500e+06   3.3142090e+01
   3.8848480e+06   3.5278320e+01
   3.8877210e+06   3.4484863e+01
   3.8969000e+06   3.7719727e+01
   3.9009960e+06   4.1076660e+01
   3.9032760e+06   3.6254883e+01
   3.9085230e+06   3.2714844e+01
   3.9121970e+06   3.4667969e+01
   3.9191740e+06   3.8330078e+01
   3.9246290e+06   3.4179688e+01
   3.9269670e+06   4.1259766e+01
   3.9297670e+06   3.7353516e+01
   3.9377410e+06   3.4667969e+01
   3.9397770e+06   3.8391113e+01
   3.9442610e+06   4.4799805e+01
   3.9472520e+06   3.7841797e+01
   3.9492380e+06   3.4667969e+01
   3.9559960e+06   3.3935547e+01
   3.9587260e+06   3.5034180e+01
   3.9610960e+06   3.4118652e+01
   3.9639730e+06   4.1809082e+01
   3.9703580e+06   3.3325195e+01
   3.9717000e+06   3.6926270e+01
   3.9740520e+06   3.8513184e+01
   3.9787640e+06   4.2419434e+01
   3.9877270e+06   3.7292480e+01
   3.9904540e+06   3.3813477e+01
   3.9962500e+06   3.7841797e+01
   3.9987010e+06   3.3874512e+01
   4.0131880e+06   3.5583496e+01
   4.0135190e+06   4.4677734e+01
   4.0176460e+06   3.4484863e+01
   4.0207510e+06   4.0527344e+01
   4.0287750e+06   3.8940430e+01
   4.0321070e+06   3.3813477e+01
   4.0360570e+06   3.4667969e+01
   4.0374180e+06   3.7048340e+01
   4.0391850e+06   3.2470703e+01
   4.0417450e+06   3.4545898e+01
   4.0457530e+06   3.4790039e+01
   4.0479190e+06   3.3813477e+01
   4.0592120e+06   4.2968750e+01
   4.0638290e+06   3.5278320e+01
   4.0655550e+06   3.4667969e+01
   4.0702240e+06   3.7780762e+01
   4.0746780e+06   3.3508301e+01
   4.0873650e+06   3.5156250e+01
   4.0906040e+06   3.6254883e+01
   4.0938390e+06   4.2114258e+01
   4.1033120e+06   3.5522461e+01
   4.1085530e+06   3.5095215e+01
   4.1122320e+06   3.8146973e+01
   4.1149370e+06   3.5522461e+01
   4.1215950e+06   3.9978027e+01
   4.1233750e+06   3.6071777e+01
   4.1308690e+06   3.7170410e+01
   4.1354980e+06   3.3569336e+01
   4.1423610e+06   3.6865234e+01
   4.1468340e+06   3.3447266e+01
   4.1521770e+06   3.5095215e+01
   4.1590340e+06   3.3996582e+01
   4.1637480e+06   3.2836914e+01
   4.1645380e+06   3.6621094e+01
   4.1664150e+06   3.3691406e+01
   4.1685550e+06   3.3874512e+01
   4.1697150e+06   3.8391113e+01
   4.1748710e+06   3.5583496e+01
   4.1776710e+06   3.6254883e+01
   4.1851350e+06   3.6804199e+01
   4.1879110e+06   3.5522461e+01
   4.1951460e+06   3.7231445e+01
   4.1976110e+06   3.6499023e+01
   4.2006900e+06   3.4606934e+01
   4.2048710e+06   3.3508301e+01
   4.2140620e+06   3.7597656e+01
   4.2163760e+06   3.3020020e+01
   4.2182920e+06   3.4851074e+01
   4.2221110e+06   3.3081055e+01
   4.2302530e+06   3.5705566e+01
   4.2341230e+06   3.7475586e+01
   4.2357270e+06   3.8818359e+01
   4.2367830e+06   3.2897949e+01
   4.2381420e+06   3.5461426e+01
   4.2450810e+06   3.2287598e+01
   4.2499880e+06   3.4118652e+01
   4.2526290e+06   3.3447266e+01
   4.2614030e+06   3.6987305e+01
   4.2630250e+06   3.4545898e+01
   4.2718970e+06   3.3874512e+01
   4.2852280e+06   3.3508301e+01
   4.2879320e+06   3.7414551e+01
   4.2916260e+06   3.5827637e+01
   4.2928010e+06   3.8208008e+01
   4.3031950e+06   3.7414551e+01
   4.3074680e+06   3.5827637e+01
   4.3181130e+06   4.2724609e+01
   4.3222040e+06   4.2419434e+01
   4.3246020e+06   3.2287598e+01
   4.3246440e+06   3.2958984e+01
   4.3315620e+06   3.8391113e+01
   4.3357520e+06   3.4912109e+01
   4.3381280e+06   3.3569336e+01
   4.3402480e+06   3.3142090e+01
   4.3467380e+06   3.6071777e+01
   4.3552510e+06   3.3691406e+01
   4.3584230e+06   3.3386230e+01
   4.3621440e+06   3.6926270e+01
   4.3716170e+06   3.3386230e+01
   4.3844580e+06   3.7536621e+01
   4.3866730e+06   3.3447266e+01
   4.3886940e+06   3.7170410e+01
   4.3917970e+06   3.2836914e+01
   4.3946550e+06   3.8757324e+01
   4.3982560e+06   3.3752441e+01
   4.4014560e+06   3.3447266e+01
   4.4026430e+06   3.5339355e+01
   4.4078040e+06   3.4362793e+01
   4.4197800e+06   3.6682129e+01
   4.4230550e+06   3.3447266e+01
   4.4260880e+06   3.9184570e+01
   4.4292370e+06   3.7109375e+01
   4.4321250e+06   3.5461426e+01
   4.4343100e+06   3.2653809e+01
   4.4380580e+06   3.2348633e+01
   4.4476420e+06   3.4912109e+01
   4.4508290e+06   3.4545898e+01
   4.4540590e+06   3.3813477e+01
   4.4574740e+06   3.4301758e+01
   4.4661480e+06   3.3813477e+01
   4.4687020e+06   3.3020020e+01
   4.4718720e+06   3.7109375e+01
   4.4761890e+06   3.6193848e+01
   4.4765210e+06   3.2958984e+01
   4.4802390e+06   3.8330078e+01
   4.4802910e+06   3.6865234e+01
   4.4829550e+06   3.3996582e+01
   4.4865560e+06   3.2836914e+01
   4.4895050e+06   3.6071777e+01
   4.4962850e+06   3.2592773e+01
   4.4993690e+06   3.3020020e+01
   4.5067370e+06   3.7292480e+01
   4.5127920e+06   4.8278809e+01
   4.5165890e+06   3.4301758e+01
   4.5184480e+06   3.5217285e+01
   4.5213590e+06   3.4484863e+01
   4.5234940e+06   3.5522461e+01
   4.5253310e+06   3.7414551e+01
   4.5284180e+06   3.5034180e+01
   4.5329910e+06   3.7109375e+01
   4.5340300e+06   3.2653809e+01
   4.5352190e+06   3.2531738e+01
   4.5419560e+06   3.3874512e+01
   4.5486540e+06   4.0893555e+01
   4.5573860e+06   3.6193848e+01
   4.5630550e+06   3.3142090e+01
   4.5655830e+06   3.5156250e+01
   4.5686730e+06   3.2409668e+01
   4.5732620e+06   3.5034180e+01
   4.5764240e+06   3.2287598e+01
   4.5821490e+06   3.9184570e+01
   4.5881610e+06   3.3691406e+01
   4.5915600e+06   3.2958984e+01
   4.5931640e+06   3.4912109e+01
   4.5945150e+06   3.5644531e+01
   4.5997410e+06   3.3752441e+01
   4.6022700e+06   3.6376953e+01
   4.6041580e+06   3.5583496e+01
   4.6096500e+06   3.7048340e+01
   4.6102070e+06   4.0771484e+01
   4.6129550e+06   4.0344238e+01
   4.6142940e+06   3.7963867e+01
   4.6172670e+06   3.3691406e+01
   4.6376180e+06   3.6315918e+01
   4.6415240e+06   3.9733887e+01
   4.6503210e+06   3.7963867e+01
   4.6520680e+06   3.3508301e+01
   4.6607440e+06   4.0283203e+01
   4.6623220e+06   3.2714844e+01
   4.6649540e+06   3.2714844e+01
   4.6700070e+06   3.6254883e+01
   4.6741370e+06   3.5095215e+01
   4.6741960e+06   3.3447266e+01
   4.6747770e+06   3.2775879e+01
   4.6752240e+06   3.2958984e+01
   4.6835800e+06   4.1931152e+01
   4.6903010e+06   3.6376953e+01
   4.6944230e+06   3.3447266e+01
   4.7024760e+06   3.7109375e+01
   4.7048490e+06   3.5644531e+01
   4.7081650e+06   4.1687012e+01
   4.7114420e+06   3.6743164e+01
   4.7187270e+06   3.7048340e+01
   4.7231240e+06   3.6621094e+01
   4.7271010e+06   3.6926270e+01
   4.7280370e+06   3.2287598e+01
   4.7282270e+06   3.2897949e+01
   4.7333580e+06   3.9489746e+01
   4.7376650e+06   4.5898438e+01
   4.7405790e+06   3.6804199e+01
   4.7468050e+06   3.5644531e+01
   4.7486700e+06   4.0405273e+01
   4.7533220e+06   3.2409668e+01
   4.7590540e+06   3.2348633e+01
   4.7609420e+06   3.7048340e+01
   4.7751110e+06   4.2419434e+01
   4.7787400e+06   4.3212891e+01
   4.7804280e+06   3.5034180e+01
   4.7848210e+06   3.3386230e+01
   4.7881660e+06   4.0466309e+01
   4.7950450e+06   3.6071777e+01
   4.8002300e+06   3.4179688e+01
   4.8109560e+06   3.5888672e+01
   4.8150670e+06   3.7902832e+01
   4.8192930e+06   3.7292480e+01
   4.8233810e+06   4.4372559e+01
   4.8253270e+06   3.7292480e+01
   4.8349150e+06   4.4738770e+01
   4.8359600e+06   3.8208008e+01
   4.8391710e+06   3.4729004e+01
   4.8421490e+06   3.7353516e+01
   4.8537440e+06   3.4790039e+01
   4.8567580e+06   3.9611816e+01
   4.8628550e+06   3.8513184e+01
   4.8666240e+06   3.5644531e+01
   4.8718220e+06   3.5949707e+01
   4.8766900e+06   3.2775879e+01
   4.8805630e+06   3.6621094e+01
   4.8829140e+06   3.6804199e+01
   4.8898520e+06   3.5949707e+01
   4.8930320e+06   4.4189453e+01
   4.8980470e+06   3.9306641e+01
   4.9039810e+06   3.5156250e+01
   4.9123190e+06   3.9367676e+01
   4.9156660e+06   3.8452148e+01
   4.9223180e+06   3.2470703e+01
   4.9251320e+06   3.5522461e+01
   4.9310400e+06   3.7170410e+01
   4.9401100e+06   3.3691406e+01
   4.9449590e+06   3.3996582e+01
   4.9475650e+06   3.8452148e+01
   4.9511760e+06   4.1625977e+01
   4.9554480e+06   3.2653809e+01
   4.9591160e+06   3.3447266e+01
   4.9624450e+06   3.2897949e+01
   4.9653400e+06   3.3630371e+01
   4.9684490e+06   4.3884277e+01
   4.9706250e+06   3.4240723e+01
   4.9743720e+06   3.8024902e+01
   4.9777250e+06   3.5583496e+01
   4.9804850e+06   3.7719727e+01
   4.9851980e+06   3.6926270e+01
   4.9869720e+06   3.4423828e+01
   4.9994800e+06   3.7658691e+01
   5.0013850e+06   3.5156250e+01
   5.0051210e+06   4.2236328e+01
   5.0100740e+06   3.4057617e+01
   5.0184990e+06   3.4118652e+01
   5.0206750e+06   3.8452148e+01
   5.0222290e+06   3.4362793e+01
   5.0235520e+06   4.0466309e+01
   5.0267180e+06   3.2531738e+01
   5.0272820e+06   3.4118652e+01
   5.0294020e+06   3.6010742e+01
   5.0455120e+06   3.5034180e+01
   5.0513230e+06   3.6071777e+01
   5.0554670e+06   3.4057617e+01
   5.0598330e+06   3.3264160e+01
   5.0650900e+06   3.6132812e+01
   5.0701140e+06   3.5766602e+01
   5.0736620e+06   3.2592773e+01
   5.0909740e+06   3.9245605e+01
   5.1002230e+06   4.1870117e+01
   5.1117250e+06   3.6132812e+01
   5.1226610e+06   4.5593262e+01
   5.1251240e+06   3.7353516e+01
   5.1272170e+06   3.4301758e+01
   5.1319670e+06   3.3447266e+01
   5.1355010e+06   3.8696289e+01
   5.1400200e+06   3.2531738e+01
   5.1418270e+06   3.3203125e+01
   5.1447100e+06   3.5827637e+01
   5.1489800e+06   3.8208008e+01
   5.1544910e+06   4.2663574e+01
   5.1560670e+06   3.6132812e+01
   5.1631980e+06   3.6376953e+01
   5.1670020e+06   3.5217285e+01
   5.1707200e+06   4.1198730e+01
   5.1790100e+06   3.5339355e+01
   5.1815150e+06   3.8146973e+01
   5.1842610e+06   3.3569336e+01
   5.1856980e+06   3.2470703e+01
   5.1917600e+06   3.4545898e+01
   5.1933450e+06   3.5400391e+01
   5.1997350e+06   3.9428711e+01
   5.2071290e+06   3.3081055e+01
   5.2113150e+06   3.5888672e+01
   5.2162210e+06   3.3569336e+01
   5.2184150e+06   3.3752441e+01
   5.2207490e+06   3.7597656e+01
   5.2240070e+06   3.5156250e+01
   5.2266690e+06   3.6254883e+01
   5.2306880e+06   3.4179688e+01
   5.2320700e+06   3.4790039e+01
   5.2359770e+06   3.5217285e+01
   5.2372430e+06   3.4606934e+01
   5.2414120e+06   3.2409668e+01
   5.2441830e+06   3.2897949e+01
   5.2474120e+06   3.8208008e+01
   5.2505620e+06   3.6865234e+01
   5.2555730e+06   3.6560059e+01
   5.2595250e+06   3.9550781e+01
   5.2629700e+06   4.0527344e+01
   5.2662200e+06   4.1442871e+01
   5.2707160e+06   3.2409668e+01
   5.2729920e+06   3.3203125e+01
   5.2766530e+06   3.5705566e+01
   5.2786540e+06   4.1564941e+01
   5.2877640e+06   3.4057617e+01
   5.2901190e+06   3.7902832e+01
   5.2939280e+06   3.3935547e+01
   5.2968600e+06   3.7658691e+01
   5.2992380e+06   4.4433594e+01
   5.3027360e+06   3.5278320e+01
   5.3050200e+06   3.4973145e+01
   5.3108890e+06   3.8269043e+01
   5.3192240e+06   3.6560059e+01
   5.3213310e+06   3.5339355e+01
   5.3269330e+06   4.5532227e+01
   5.3285780e+06   3.3142090e+01
   5.3314690e+06   3.2470703e+01
   5.3415290e+06   3.2531738e+01
   5.3438620e+06   3.9123535e+01
   5.3467440e+06   3.6437988e+01
   5.3479480e+06   3.7658691e+01
   5.3535320e+06   3.9184570e+01
   5.3578260e+06   3.3996582e+01
   5.3621780e+06   3.2531738e+01
   5.3643460e+06   3.5644531e+01
   5.3670800e+06   3.6682129e+01
   5.3763150e+06   3.3874512e+01
   5.3795870e+06   3.4301758e+01
   5.3827550e+06   3.8696289e+01
   5.3922060e+06   3.6926270e+01
   5.3972150e+06   3.4606934e+01
   5.4076190e+06   3.5278320e+01
   5.4132260e+06   3.9733887e+01
   5.4168430e+06   3.8452148e+01
   5.4195960e+06   3.4851074e+01
   5.4229860e+06   3.4057617e+01
   5.4260080e+06   3.3813477e+01
   5.4307220e+06   3.4057617e+01
   5.4337450e+06   3.2836914e+01
   5.4392770e+06   3.9611816e+01
   5.4469620e+06   3.3020020e+01
   5.4508260e+06   3.2653809e+01
   5.4566920e+06   3.7231445e+01
   5.4594020e+06   3.6193848e+01
   5.4632200e+06   3.4973145e+01
   5.4646250e+06   3.3874512e+01
   5.4725050e+06   3.4423828e+01
   5.4760320e+06   3.5339355e+01
   5.4776930e+06   4.5471191e+01
   5.4822590e+06   4.1748047e+01
   5.4883060e+06   4.4067383e+01
   5.4933810e+06   4.1870117e+01
   5.4958710e+06   3.6926270e+01
   5.4983580e+06   3.3325195e+01
   5.5018990e+06   4.0954590e+01
   5.5046390e+06   3.3996582e+01
   5.5073820e+06   3.6315918e+01
   5.5079430e+06   3.5156250e+01
   5.5114550e+06   3.2592773e+01
   5.5193900e+06   3.3020020e+01
   5.5210780e+06   3.7902832e+01
   5.5259410e+06   3.4851074e+01
   5.5279570e+06   3.2897949e+01
   5.5343720e+06   3.6987305e+01
   5.5344950e+06   3.3996582e+01
   5.5434530e+06   3.3142090e+01
   5.5459740e+06   3.2409668e+01
   5.5503000e+06   3.5644531e+01
   5.5553960e+06   3.3203125e+01
   5.5595280e+06   3.3935547e+01
   5.5630400e+06   3.3203125e+01
   5.5656000e+06   3.5095215e+01
   5.5676310e+06   4.1687012e+01
   5.5686130e+06   3.8635254e+01
   5.5792440e+06   3.3325195e+01
   5.5819460e+06   3.4118652e+01
   5.5851040e+06   3.6071777e+01
   5.5880240e+06   3.8757324e+01
   5.5907650e+06   3.9794922e+01
   5.5951620e+06   3.4118652e+01
   5.5983180e+06   3.7231445e+01
   5.5995740e+06   3.5217285e+01
   5.6008650e+06   3.4790039e+01
   5.6042100e+06   4.1381836e+01
   5.6067290e+06   3.4973145e+01
   5.6096740e+06   3.7292480e+01
   5.6112540e+06   3.3874512e+01
   5.6136100e+06   4.3151855e+01
   5.6169990e+06   3.9123535e+01
   5.6193130e+06   3.8452148e+01
   5.6251070e+06   3.2470703e+01
   5.6283990e+06   3.4606934e+01
   5.6324220e+06   3.7658691e+01
   5.6367990e+06   3.5217285e+01
   5.6393480e+06   3.3325195e+01
   5.6487140e+06   3.3325195e+01
   5.6491980e+06   3.8208008e+01
   5.6522530e+06   3.2897949e+01
   5.6537160e+06   3.3142090e+01
   5.6589580e+06   3.3508301e+01
   5.6624250e+06   3.8208008e+01
   5.6642800e+06   3.7048340e+01
   5.6712550e+06   4.0466309e+01
   5.6783100e+06   3.8330078e+01
   5.6821790e+06   3.8208008e+01
   5.6835510e+06   3.5034180e+01
   5.6859690e+06   3.5217285e+01
   5.6880090e+06   3.5217285e+01
   5.6916800e+06   3.8146973e+01
   5.6959130e+06   3.5949707e+01
   5.6977660e+06   3.7475586e+01
   5.7019370e+06   3.8208008e+01
   5.7043010e+06   4.9438477e+01
   5.7114870e+06   3.8024902e+01
   5.7165250e+06   3.6682129e+01
   5.7322810e+06   3.3386230e+01
   5.7365710e+06   3.8879395e+01
   5.7389970e+06   3.6682129e+01
   5.7429730e+06   4.2724609e+01
   5.7460700e+06   3.9062500e+01
   5.7483220e+06   3.3996582e+01
   5.7525200e+06   3.4423828e+01
   5.7547380e+06   3.9672852e+01
   5.7571490e+06   3.4545898e+01
   5.7639720e+06   3.2714844e+01
   5.7655270e+06   3.4362793e+01
   5.7681630e+06   3.5766602e+01
   5.7706930e+06   3.4851074e+01
   5.7731210e+06   3.2836914e+01
   5.7745860e+06   3.6621094e+01
   5.7763930e+06   4.2602539e+01
   5.7790200e+06   3.8024902e+01
   5.7829340e+06   3.3874512e+01
   5.7855510e+06   3.5095215e+01
   5.7901870e+06   3.6193848e+01
   5.7924520e+06   3.8330078e+01
   5.7926100e+06   3.7292480e+01
   5.7966830e+06   3.4667969e+01
   5.8005780e+06   3.3630371e+01
   5.8047440e+06   3.3142090e+01
   5.8087670e+06   3.5217285e+01
   5.8099150e+06   3.5217285e+01
   5.8148800e+06   3.5400391e+01
   5.8193340e+06   3.8330078e+01
   5.8235610e+06   3.5400391e+01
   5.8276430e+06   3.8696289e+01
   5.8296370e+06   3.2653809e+01
   5.8336560e+06   3.4606934e+01
   5.8393840e+06   4.2602539e+01
   5.8440760e+06   3.4423828e+01
   5.8584600e+06   3.3142090e+01
   5.8651450e+06   3.2653809e+01
   5.8731190e+06   5.2856445e+01
   5.8778150e+06   3.4973145e+01
   5.8812920e+06   3.8574219e+01
   5.8875460e+06   3.4362793e+01
   5.8886850e+06   3.4057617e+01
   5.8922270e+06   4.1992188e+01
   5.8953690e+06   3.6010742e+01
   5.8974350e+06   3.6132812e+01
   5.9003110e+06   3.3020020e+01
   5.9047460e+06   3.3447266e+01
   5.9066410e+06   4.1442871e+01
   5.9096960e+06   3.4606934e+01
   5.9123170e+06   3.6254883e+01
   5.9145600e+06   3.3203125e+01
   5.9293320e+06   3.7048340e+01
   5.9313310e+06   3.3752441e+01
   5.9325380e+06   3.4667969e+01
   5.9374470e+06   3.2714844e+01
   5.9430700e+06   3.3813477e+01
   5.9461100e+06   3.2958984e+01
   5.9485250e+06   3.6010742e+01
   5.9517100e+06   3.4179688e+01
   5.9573930e+06   3.6560059e+01
   5.9613220e+06   3.7475586e+01
   5.9641240e+06   3.2592773e+01
   5.9685440e+06   3.7841797e+01
   5.9711260e+06   3.6437988e+01
   5.9744400e+06   3.8696289e+01
   5.9763110e+06   3.5705566e+01
   5.9794870e+06   3.3142090e+01
   5.9807650e+06   3.6071777e+01
   5.9817340e+06   3.3935547e+01
   5.9822430e+06   3.2348633e+01
   5.9930970e+06   4.0649414e+01
   5.9995120e+06   3.4545898e+01
   6.0015050e+06   3.9672852e+01
   6.0026610e+06   4.3090820e+01
   6.0062330e+06   3.3996582e+01
   6.0124650e+06   3.3630371e+01
   6.0193720e+06   3.5522461e+01
   6.0228190e+06   3.2653809e+01
   6.0299430e+06   3.6987305e+01
   6.0325340e+06   3.4362793e+01
   6.0360960e+06   3.6132812e+01
   6.0399940e+06   3.4179688e+01
   6.0422170e+06   4.2785645e+01
   6.0444890e+06   3.4301758e+01
   6.0468280e+06   3.9123535e+01
   6.0509510e+06   3.3996582e+01
   6.0526240e+06   3.8391113e+01
   6.0598100e+06   4.1625977e+01
   6.0648540e+06   3.7414551e+01
   6.0704520e+06   3.3508301e+01
   6.0729340e+06   4.0283203e+01
   6.0837680e+06   3.8757324e+01
   6.0840570e+06   3.4790039e+01
   6.0888280e+06   3.5522461e+01
   6.0921050e+06   3.4545898e+01
   6.1053030e+06   3.9733887e+01
   6.1082870e+06   3.5461426e+01
   6.1103980e+06   3.5583496e+01
   6.1146410e+06   3.4790039e+01
   6.1165360e+06   3.3203125e+01
   6.1200540e+06   3.3203125e+01
   6.1222700e+06   3.3447266e+01
   6.1299160e+06   3.4851074e+01
   6.1324930e+06   3.8330078e+01
   6.1348080e+06   3.5156250e+01
   6.1385020e+06   3.7292480e+01
   6.1430280e+06   3.7231445e+01
   6.1458510e+06   3.4362793e+01
   6.1488840e+06   3.6132812e+01
   6.1532410e+06   3.2592773e+01
   6.1546520e+06   3.2470703e+01
   6.1580130e+06   4.1259766e+01
   6.1586170e+06   3.3386230e+01
   6.1642070e+06   3.6193848e+01
   6.1691040e+06   3.7902832e+01
   6.1743130e+06   3.3569336e+01
   6.1817340e+06   3.8024902e+01
   6.1842530e+06   3.5949707e+01
   6.1856140e+06   4.1564941e+01
   6.1870540e+06   3.8208008e+01
   6.1915410e+06   3.6132812e+01
   6.1937250e+06   3.3630371e+01
   6.2004820e+06   3.8818359e+01
   6.2088600e+06   3.3386230e+01
   6.2096860e+06   3.7292480e+01
   6.2122750e+06   3.3996582e+01
   6.2176630e+06   3.7414551e+01
   6.2235980e+06   4.0649414e+01
   6.2251970e+06   3.3813477e+01
   6.2291450e+06   3.3813477e+01
   6.2311530e+06   3.3447266e+01
   6.2337480e+06   3.5461426e+01
   6.2408390e+06   3.3630371e+01
   6.2456990e+06   3.5095215e+01
   6.2556410e+06   3.9672852e+01
   6.2587780e+06   4.1931152e+01
   6.2669980e+06   3.6865234e+01
   6.2694940e+06   3.6499023e+01
   6.2711980e+06   3.6010742e+01
   6.2734170e+06   3.9672852e+01
   6.2764220e+06   4.4311523e+01
   6.2821630e+06   3.4240723e+01
   6.2848150e+06   3.3752441e+01
   6.2872450e+06   3.7231445e+01
   6.2894920e+06   3.5766602e+01
   6.2919560e+06   3.5827637e+01
   6.2952690e+06   3.7109375e+01
   6.2984330e+06   4.1503906e+01
   6.3008770e+06   3.3081055e+01
   6.3027010e+06   3.5095215e+01
   6.3048730e+06   3.5583496e+01
   6.3073430e+06   3.3020020e+01
   6.3108680e+06   3.4729004e+01
   6.3149360e+06   3.3691406e+01
   6.3207730e+06   4.0832520e+01
   6.3241940e+06   3.5583496e+01
   6.3264410e+06   3.5400391e+01
   6.3326740e+06   3.5827637e+01
   6.3376170e+06   3.2897949e+01
   6.3397430e+06   3.3508301e+01
   6.3424250e+06   3.3508301e+01
   6.3513270e+06   3.2775879e+01
   6.3571040e+06   3.9184570e+01
   6.3587030e+06   3.2775879e+01
   6.3726760e+06   3.8269043e+01
   6.3741890e+06   4.0466309e+01
   6.3764960e+06   3.4851074e+01
   6.3831770e+06   4.0466309e+01
   6.3861230e+06   3.4973145e+01
   6.3908580e+06   3.3386230e+01
   6.3932140e+06   3.7902832e+01
   6.3960330e+06   4.4372559e+01
   6.3996020e+06   3.6132812e+01
   6.4028240e+06   4.6081543e+01
   6.4105050e+06   3.9123535e+01
   6.4127750e+06   3.7475586e+01
   6.4254900e+06   3.2836914e+01
   6.4337210e+06   3.5034180e+01
   6.4380200e+06   3.9001465e+01
   6.4407100e+06   3.2958984e+01
   6.4417210e+06   3.3386230e+01
   6.4492720e+06   3.4606934e+01
   6.4544280e+06   3.5705566e+01
   6.4566980e+06   3.4973145e+01
   6.4613360e+06   3.6254883e+01
   6.4636800e+06   3.5217285e+01
   6.4647800e+06   3.5644531e+01
   6.4683180e+06   3.7109375e+01
   6.4700160e+06   3.5583496e+01
   6.4715180e+06   3.2836914e+01
   6.4765250e+06   3.3569336e+01
   6.4799720e+06   4.2114258e+01
   6.4829440e+06   3.2470703e+01
   6.4839810e+06   3.4729004e+01
   6.4935160e+06   3.6804199e+01
   6.4951940e+06   3.2470703e+01
   6.5040920e+06   3.4729004e+01
   6.5078450e+06   3.9794922e+01
   6.5132870e+06   3.2470703e+01
   6.5157010e+06   3.3386230e+01
   6.5170910e+06   3.4667969e+01
   6.5186210e+06   3.3203125e+01
   6.5205010e+06   3.3691406e+01
   6.5282110e+06   4.4189453e+01
   6.5313250e+06   3.3203125e+01
   6.5358300e+06   3.3264160e+01
   6.5385620e+06   4.0466309e+01
   6.5443260e+06   3.3569336e+01
   6.5506780e+06   3.4790039e+01
   6.5522790e+06   3.6621094e+01
   6.5600090e+06   3.9184570e+01
   6.5631120e+06   3.5705566e+01
   6.5639560e+06   3.3813477e+01
   6.5688240e+06   3.5644531e+01
   6.5737710e+06   3.6499023e+01
   6.5770880e+06   3.3142090e+01
   6.5795180e+06   3.5156250e+01
   6.5850620e+06   3.2592773e+01
   6.5865700e+06   3.3081055e+01
   6.5936280e+06   4.2480469e+01
   6.5975410e+06   3.5034180e+01
   6.6009820e+06   3.4667969e+01
   6.6040220e+06   3.3203125e+01
   6.6069960e+06   3.8085938e+01
   6.6106020e+06   3.8757324e+01
   6.6211870e+06   3.5095215e+01
   6.6221210e+06   3.3691406e+01
   6.6246440e+06   3.3874512e+01
   6.6402840e+06   3.7353516e+01
   6.6430450e+06   3.5034180e+01
   6.6509350e+06   3.8635254e+01
   6.6565500e+06   3.4484863e+01
   6.6598360e+06   3.7719727e+01
   6.6730540e+06   3.7658691e+01
   6.6742480e+06   3.4301758e+01
   6.6821970e+06   3.2470703e+01
   6.6832120e+06   4.6142578e+01
   6.6876850e+06   4.3701172e+01
   6.6892870e+06   3.5522461e+01
   6.6916130e+06   3.7475586e+01
   6.6941890e+06   3.7231445e+01
   6.6982400e+06   3.2470703e+01
   6.7033240e+06   3.5766602e+01
   6.7081350e+06   3.3752441e+01
   6.7113150e+06   3.5705566e+01
   6.7116880e+06   3.3508301e+01
   6.7218000e+06   4.0466309e+01
   6.7253350e+06   3.6132812e+01
   6.7288170e+06   3.6315918e+01
   6.7404850e+06   3.7170410e+01
   6.7455050e+06   3.4851074e+01
   6.7487140e+06   3.5034180e+01
   6.7513260e+06   3.5156250e+01
   6.7539370e+06   3.3325195e+01
   6.7559720e+06   3.4667969e+01
   6.7590480e+06   3.5095215e+01
   6.7662870e+06   4.0222168e+01
   6.7777430e+06   3.6376953e+01
   6.7799500e+06   3.9855957e+01
   6.7899800e+06   3.9367676e+01
   6.7929020e+06   3.3569336e+01
   6.7987910e+06   3.4240723e+01
   6.8083350e+06   3.6804199e+01
   6.8170350e+06   3.3569336e+01
   6.8260360e+06   3.3935547e+01
   6.8323300e+06   3.4423828e+01
   6.8362090e+06   3.5217285e+01
   6.8414750e+06   3.9794922e+01
   6.8436320e+06   3.6987305e+01
   6.8459160e+06   4.0039062e+01
   6.8515820e+06   3.7231445e+01
   6.8627310e+06   3.6865234e+01
   6.8679330e+06   3.6315918e+01
   6.8703800e+06   3.4729004e+01
   6.8771140e+06   3.8330078e+01
   6.8795540e+06   3.3081055e+01
   6.8799840e+06   3.8635254e+01
   6.8803660e+06   3.5766602e+01
   6.8805200e+06   3.3874512e+01
   6.9010890e+06   3.2897949e+01
   6.9038860e+06   3.5766602e+01
   6.9070110e+06   3.4729004e+01
   6.9090650e+06   4.2480469e+01
   6.9109670e+06   3.2775879e+01
   6.9172920e+06   3.5461426e+01
   6.9208690e+06   3.6071777e+01
   6.9295370e+06   3.4362793e+01
   6.9325130e+06   3.3569336e+01
   6.9364650e+06   3.3081055e+01
   6.9391650e+06   3.5217285e+01
   6.9451280e+06   3.2775879e+01
   6.9498540e+06   3.4606934e+01
   6.9523150e+06   3.5705566e+01
   6.9576340e+06   3.7597656e+01
   6.9605760e+06   3.3691406e+01
   6.9654030e+06   3.4179688e+01
   6.9701830e+06   3.6865234e+01
   6.9788050e+06   3.3569336e+01
   6.9794570e+06   3.4851074e+01
   6.9878620e+06   3.8024902e+01
   6.9890040e+06   3.5400391e+01
   6.9979120e+06   4.2602539e+01
   7.0021270e+06   3.6315918e+01
   7.0050940e+06   4.1687012e+01
   7.0088420e+06   3.8879395e+01
   7.0101890e+06   3.5461426e+01
   7.0129700e+06   3.7170410e+01
   7.0145440e+06   3.3264160e+01
   7.0166140e+06   4.3884277e+01
   7.0206420e+06   3.4912109e+01
   7.0227430e+06   3.4423828e+01
   7.0253020e+06   3.6193848e+01
   7.0334310e+06   3.3691406e+01
   7.0393290e+06   3.6560059e+01
   7.0421540e+06   3.5766602e+01
   7.0496330e+06   3.6499023e+01
   7.0541030e+06   3.8574219e+01
   7.0582700e+06   3.4790039e+01
   7.0636130e+06   3.4057617e+01
   7.0664800e+06   3.8574219e+01
   7.0681750e+06   4.2358398e+01
   7.0700150e+06   4.3090820e+01
   7.0714890e+06   3.5034180e+01
   7.0735430e+06   3.5949707e+01
   7.0823140e+06   3.2653809e+01
   7.0859950e+06   4.8034668e+01
   7.0924600e+06   3.2897949e+01
   7.0979990e+06   4.2785645e+01
   7.1049720e+06   3.4240723e+01
   7.1072170e+06   3.7597656e+01
   7.1091550e+06   3.2836914e+01
   7.1123590e+06   3.2897949e+01
   7.1167990e+06   3.7658691e+01
   7.1173120e+06   3.6071777e+01
   7.1206000e+06   3.3386230e+01
   7.1298480e+06   3.5705566e+01
   7.1327100e+06   3.2897949e+01
   7.1355550e+06   3.6499023e+01
   7.1379120e+06   4.0344238e+01
   7.1430210e+06   3.3569336e+01
   7.1484360e+06   3.9245605e+01
   7.1500020e+06   3.6560059e+01
   7.1527670e+06   3.3447266e+01
   7.1547810e+06   4.6142578e+01
   7.1583370e+06   3.3874512e+01
   7.1664140e+06   3.6315918e+01
   7.1674130e+06   3.2714844e+01
   7.1689970e+06   3.3142090e+01
   7.1730990e+06   3.2897949e+01
   7.1777490e+06   3.5949707e+01
   7.1795720e+06   3.2531738e+01
   7.1872350e+06   3.3203125e+01
   7.1905490e+06   3.3142090e+01
   7.1965630e+06   3.2836914e+01
   7.1983560e+06   3.9978027e+01
   7.2036570e+06   3.6437988e+01
   7.2056980e+06   3.6376953e+01
   7.2082510e+06   3.6376953e+01
   7.2118700e+06   3.2470703e+01
   7.2133580e+06   3.5644531e+01
   7.2181140e+06   3.8574219e+01
   7.2281370e+06   3.5278320e+01
   7.2333730e+06   3.5339355e+01
   7.2396370e+06   4.0161133e+01
   7.2415410e+06   3.6193848e+01
   7.2474370e+06   3.4240723e+01
   7.2543960e+06   3.7597656e+01
   7.2569330e+06   4.0466309e+01
   7.2581680e+06   3.9001465e+01
   7.2620560e+06   3.5339355e+01
   7.2651500e+06   3.4240723e+01
   7.2691430e+06   3.6621094e+01
   7.2710570e+06   3.3630371e+01
   7.2733270e+06   3.3386230e+01
   7.2792740e+06   3.2470703e+01
   7.2806910e+06   3.9428711e+01
   7.2857940e+06   3.4973145e+01
   7.2882300e+06   3.6376953e+01
   7.2925010e+06   3.5461426e+01
   7.2962280e+06   3.3935547e+01
   7.2991160e+06   4.5898438e+01
   7.3004970e+06   3.4606934e+01
   7.3029020e+06   4.1198730e+01
   7.3106650e+06   3.3630371e+01
   7.3116890e+06   3.7170410e+01
   7.3127350e+06   3.6193848e+01
   7.3195090e+06   3.2653809e+01
   7.3248360e+06   3.2714844e+01
   7.3274850e+06   3.2592773e+01
   7.3337520e+06   3.5278320e+01
   7.3362980e+06   3.6865234e+01
   7.3384810e+06   3.2958984e+01
   7.3414270e+06   3.8757324e+01
   7.3490310e+06   3.5278320e+01
   7.3524730e+06   3.5400391e+01
   7.3554150e+06   3.5827637e+01
   7.3604900e+06   3.2775879e+01
   7.3653260e+06   4.0039062e+01
   7.3661480e+06   4.3579102e+01
   7.3719870e+06   3.7475586e+01
   7.3732990e+06   3.9916992e+01
   7.3763720e+06   3.4729004e+01
   7.3803190e+06   3.2897949e+01
   7.3819590e+06   4.0771484e+01
   7.3828410e+06   3.9245605e+01
   7.3853500e+06   3.2836914e+01
   7.3899170e+06   3.5461426e+01
   7.3934820e+06   3.4423828e+01
   7.3954690e+06   3.5766602e+01
   7.4005990e+06   3.9306641e+01
   7.4040900e+06   3.6071777e+01
   7.4065920e+06   3.6315918e+01
   7.4193600e+06   3.9428711e+01
   7.4207660e+06   3.5766602e+01
   7.4233230e+06   3.2897949e+01
   7.4302490e+06   3.4545898e+01
   7.4331020e+06   3.2836914e+01
   7.4355970e+06   3.3752441e+01
   7.4383090e+06   3.8940430e+01
   7.4418190e+06   3.9367676e+01
   7.4435670e+06   3.6132812e+01
   7.4487930e+06   3.5461426e+01
   7.4512030e+06   3.8452148e+01
   7.4553590e+06   3.3874512e+01
   7.4589900e+06   3.3630371e+01
   7.4610310e+06   3.3447266e+01
   7.4628090e+06   3.3996582e+01
   7.4660570e+06   3.2653809e+01
   7.4686940e+06   3.7902832e+01
   7.4765860e+06   3.3752441e+01
   7.4793110e+06   3.7719727e+01
   7.4813620e+06   4.3457031e+01
   7.4825540e+06   3.3813477e+01
   7.4881850e+06   3.4301758e+01
   7.4935580e+06   3.5461426e+01
   7.4948430e+06   3.8696289e+01
   7.4975860e+06   4.2663574e+01
   7.4995460e+06   3.7109375e+01
   7.5017440e+06   3.5583496e+01
   7.5074980e+06   3.2714844e+01
   7.5096480e+06   3.3508301e+01
   7.5179730e+06   3.6132812e+01
   7.5216250e+06   4.2480469e+01
   7.5238680e+06   3.5644531e+01
   7.5264220e+06   4.0344238e+01
   7.5307970e+06   3.4545898e+01
   7.5337550e+06   3.6254883e+01
   7.5358360e+06   3.6132812e+01
   7.5379190e+06   3.3447266e+01
   7.5404930e+06   3.2531738e+01
   7.5434650e+06   3.4729004e+01
   7.5462950e+06   3.3081055e+01
   7.5483720e+06   3.3264160e+01
   7.5538420e+06   3.4851074e+01
   7.5588170e+06   4.2419434e+01
   7.5621860e+06   3.2836914e+01
   7.5743060e+06   3.3264160e+01
   7.5756520e+06   3.4545898e+01
   7.5778500e+06   3.5278320e+01
   7.5823600e+06   4.1259766e+01
   7.5833720e+06   3.7780762e+01
   7.5881790e+06   3.3203125e+01
   7.5895430e+06   3.9672852e+01
   7.5923860e+06   3.4240723e+01
   7.5944880e+06   3.2775879e+01
   7.5980780e+06   3.4240723e+01
   7.5981340e+06   3.5766602e+01
   7.6012870e+06   3.6865234e+01
   7.6031730e+06   3.3691406e+01
   7.6073640e+06   3.5461426e+01
   7.6099500e+06   4.0466309e+01
   7.6130280e+06   3.3203125e+01
   7.6165880e+06   3.9794922e+01
   7.6192610e+06   3.6926270e+01
   7.6217710e+06   3.5278320e+01
   7.6238020e+06   3.2897949e+01
   7.6253020e+06   3.2531738e+01
   7.6294280e+06   3.7109375e+01
   7.6310670e+06   3.3020020e+01
   7.6345840e+06   3.2836914e+01
   7.6420830e+06   3.8391113e+01
   7.6470350e+06   3.9978027e+01
   7.6506900e+06   3.3142090e+01
   7.6545900e+06   3.2775879e+01
   7.6563120e+06   3.3203125e+01
   7.6599880e+06   3.7536621e+01
   7.6617220e+06   3.6010742e+01
   7.6636370e+06   3.5461426e+01
   7.6664490e+06   3.4118652e+01
   7.6724210e+06   3.3752441e+01
   7.6804550e+06   3.5156250e+01
   7.6826530e+06   3.8330078e+01
   7.6890850e+06   3.2470703e+01
   7.6920140e+06   3.3447266e+01
   7.6933010e+06   3.8513184e+01
   7.6946280e+06   3.7658691e+01
   7.6975180e+06   3.5705566e+01
   7.7025310e+06   4.1381836e+01
   7.7038480e+06   3.4179688e+01
   7.7054000e+06   3.3081055e+01
   7.7164790e+06   3.4484863e+01
   7.7174150e+06   3.5461426e+01
   7.7210490e+06   3.6071777e+01
   7.7272100e+06   3.5644531e+01
   7.7375030e+06   3.2958984e+01
   7.7425970e+06   3.3752441e+01
   7.7466300e+06   4.7424316e+01
   7.7486430e+06   4.2907715e+01
   7.7534790e+06   3.9001465e+01
   7.7538440e+06   3.4729004e+01
   7.7586180e+06   3.8635254e+01
   7.7686110e+06   3.2592773e+01
   7.7706260e+06   3.4606934e+01
   7.7733290e+06   3.9123535e+01
   7.7760870e+06   3.6376953e+01
   7.7782780e+06   3.3203125e+01
   7.7805950e+06   3.7963867e+01
   7.7827920e+06   3.3813477e+01
   7.7854880e+06   3.2470703e+01
   7.7899550e+06   3.4912109e+01
   7.7920050e+06   3.2592773e+01
   7.7986330e+06   3.8513184e+01
   7.7998740e+06   3.5827637e+01
   7.8062080e+06   3.6499023e+01
   7.8088480e+06   3.7292480e+01
   7.8118780e+06   3.7414551e+01
   7.8136870e+06   4.0710449e+01
   7.8158220e+06   4.0466309e+01
   7.8192050e+06   3.5827637e+01
   7.8220700e+06   3.5461426e+01
   7.8239500e+06   4.0039062e+01
   7.8273400e+06   3.3935547e+01
   7.8294870e+06   3.6621094e+01
   7.8409200e+06   3.8635254e+01
   7.8549870e+06   3.5095215e+01
   7.8569940e+06   3.3508301e+01
   7.8612090e+06   3.3691406e+01
   7.8622560e+06   3.3935547e+01
   7.8665700e+06   3.3325195e+01
   7.8681050e+06   3.4240723e+01
   7.8712850e+06   3.9245605e+01
   7.8723240e+06   3.9428711e+01
   7.8762470e+06   3.6193848e+01
   7.8946060e+06   3.2897949e+01
   7.9063630e+06   3.5888672e+01
   7.9077730e+06   3.3508301e+01
   7.9109580e+06   3.7475586e+01
   7.9139900e+06   3.2653809e+01
   7.9164130e+06   3.4179688e+01
   7.9174470e+06   3.6315918e+01
   7.9231270e+06   3.4057617e+01
   7.9258190e+06   3.8085938e+01
   7.9271260e+06   3.3447266e+01
   7.9306880e+06   3.8330078e+01
   7.9367910e+06   4.3518066e+01
   7.9454480e+06   4.0588379e+01
   7.9470440e+06   4.0344238e+01
   7.9515360e+06   3.7475586e+01
   7.9557160e+06   3.5827637e+01
   7.9581580e+06   4.0893555e+01
   7.9611960e+06   3.2897949e+01
   7.9616870e+06   3.3935547e+01
   7.9669900e+06   3.9672852e+01
   7.9748590e+06   3.5583496e+01
   7.9808160e+06   3.6987305e+01
   7.9821870e+06   3.5217285e+01
   7.9917370e+06   3.4851074e+01
   7.9958620e+06   3.3935547e+01
   8.0005810e+06   3.4912109e+01
   8.0085050e+06   3.7231445e+01
   8.0166630e+06   3.2836914e+01
   8.0193230e+06   3.3874512e+01
   8.0241300e+06   3.7170410e+01
   8.0270740e+06   4.1625977e+01
   8.0306770e+06   3.4240723e+01
   8.0355240e+06   3.6010742e+01
   8.0407350e+06   3.2897949e+01
   8.0464320e+06   3.3447266e+01
   8.0494470e+06   3.4729004e+01
   8.0519910e+06   3.6010742e+01
   8.0558770e+06   3.3752441e+01
   8.0591080e+06   4.2663574e+01
   8.0619260e+06   3.8024902e+01
   8.0689640e+06   3.3874512e+01
   8.0737230e+06   3.8696289e+01
   8.0768960e+06   3.2531738e+01
   8.0807350e+06   3.4118652e+01
   8.0869210e+06   3.5461426e+01
   8.0897510e+06   4.0161133e+01
   8.0943020e+06   3.7292480e+01
   8.0963100e+06   3.2714844e+01
   8.0987100e+06   3.4973145e+01
   8.1009610e+06   3.4851074e+01
   8.1032810e+06   3.3935547e+01
   8.1058590e+06   3.3996582e+01
   8.1080490e+06   3.3020020e+01
   8.1093850e+06   3.3813477e+01
   8.1115810e+06   3.8757324e+01
   8.1190070e+06   3.2714844e+01
   8.1213230e+06   3.4851074e+01
   8.1237490e+06   3.6804199e+01
   8.1259670e+06   4.0527344e+01
   8.1277900e+06   3.3325195e+01
   8.1293010e+06   3.3203125e+01
   8.1342990e+06   4.0710449e+01
   8.1385840e+06   3.3508301e+01
   8.1418430e+06   3.4423828e+01
   8.1446450e+06   3.6865234e+01
   8.1518530e+06   3.4118652e+01
   8.1535920e+06   3.7048340e+01
   8.1577840e+06   3.5583496e+01
   8.1656390e+06   3.2775879e+01
   8.1680480e+06   3.7048340e+01
   8.1704010e+06   3.7048340e+01
   8.1730030e+06   3.5827637e+01
   8.1819260e+06   3.4240723e+01
   8.1850550e+06   3.4301758e+01
   8.1907410e+06   3.3020020e+01
   8.1924000e+06   3.3081055e+01
   8.1958340e+06   4.1198730e+01
   8.1980040e+06   3.5339355e+01
   8.1994400e+06   3.3569336e+01
   8.2023420e+06   3.7231445e+01
   8.2060820e+06   3.3264160e+01
   8.2121940e+06   3.4729004e+01
   8.2135040e+06   3.3996582e+01
   8.2274830e+06   3.2592773e+01
   8.2291780e+06   3.4240723e+01
   8.2310950e+06   3.3630371e+01
   8.2334530e+06   3.8208008e+01
   8.2358270e+06   3.5583496e+01
   8.2424340e+06   3.4057617e+01
   8.2455910e+06   3.9794922e+01
   8.2482770e+06   3.2897949e+01
   8.2516290e+06   3.8330078e+01
   8.2542150e+06   3.5034180e+01
   8.2578160e+06   3.7719727e+01
   8.2593630e+06   3.2897949e+01
   8.2636770e+06   3.5461426e+01
   8.2676190e+06   4.0649414e+01
   8.2687840e+06   3.7963867e+01
   8.2748020e+06   3.4851074e+01
   8.2773980e+06   3.4301758e+01
   8.2818310e+06   3.5095215e+01
   8.2834600e+06   3.5095215e+01
   8.2857900e+06   3.3630371e+01
   8.2863680e+06   3.4179688e+01
   8.2911490e+06   4.5288086e+01
   8.2934560e+06   3.6865234e+01
   8.2980710e+06   3.5583496e+01
   8.3028960e+06   3.3935547e+01
   8.3050090e+06   3.4667969e+01
   8.3069880e+06   3.4301758e+01
   8.3103890e+06   3.6682129e+01
   8.3126760e+06   3.3569336e+01
   8.3163350e+06   3.4423828e+01
   8.3185760e+06   3.4606934e+01
   8.3211090e+06   3.3569336e+01
   8.3237600e+06   3.7475586e+01
   8.3252160e+06   3.5461426e+01
   8.3316070e+06   3.4973145e+01
   8.3332790e+06   3.2897949e+01
   8.3410950e+06   4.6875000e+01
   8.3445070e+06   3.6926270e+01
   8.3483390e+06   3.3630371e+01
   8.3519600e+06   3.8330078e+01
   8.3535910e+06   3.7475586e+01
   8.3575520e+06   3.3874512e+01
   8.3589800e+06   3.6071777e+01
   8.3660310e+06   3.7719727e+01
   8.3679580e+06   3.4912109e+01
   8.3705990e+06   3.3020020e+01
   8.3757160e+06   3.7353516e+01
   8.3801280e+06   3.7170410e+01
   8.3882470e+06   3.4118652e+01
   8.4003890e+06   3.6987305e+01
   8.4052410e+06   3.3447266e+01
   8.4073700e+06   3.5644531e+01
   8.4101350e+06   3.4362793e+01
   8.4137330e+06   3.4973145e+01
   8.4174270e+06   3.3752441e+01
   8.4215000e+06   3.9001465e+01
   8.4253940e+06   3.3752441e+01
   8.4283100e+06   3.3752441e+01
   8.4315620e+06   3.3569336e+01
   8.4328070e+06   3.2653809e+01
   8.4341240e+06   3.6193848e+01
   8.4365180e+06   3.2531738e+01
   8.4390330e+06   3.7048340e+01
   8.4416640e+06   3.3508301e+01
   8.4437360e+06   3.4912109e+01
   8.4455160e+06   3.9001465e+01
   8.4494780e+06   3.3386230e+01
   8.4503340e+06   3.5949707e+01
   8.4519230e+06   4.0527344e+01
   8.4537040e+06   3.3935547e+01
   8.4585520e+06   3.5583496e+01
   8.4611710e+06   3.7170410e+01
   8.4636290e+06   3.3447266e+01
   8.4659110e+06   3.5522461e+01
   8.4678370e+06   3.6743164e+01
   8.4703360e+06   3.7841797e+01
   8.4770880e+06   3.7109375e+01
   8.4833600e+06   3.3081055e+01
   8.4908860e+06   4.2541504e+01
   8.4932500e+06   3.7963867e+01
   8.4977010e+06   3.4301758e+01
   8.5004980e+06   3.3569336e+01
   8.5060070e+06   3.7475586e+01
   8.5075280e+06   3.2897949e+01
   8.5142100e+06   3.4423828e+01
   8.5160130e+06   3.2775879e+01
   8.5194000e+06   3.7536621e+01
   8.5275200e+06   3.3203125e+01
   8.5290940e+06   4.2053223e+01
   8.5333790e+06   3.2958984e+01
   8.5366940e+06   3.2470703e+01
   8.5378830e+06   3.2897949e+01
   8.5403790e+06   3.5400391e+01
   8.5427690e+06   4.6264648e+01
   8.5446410e+06   3.5278320e+01
   8.5522490e+06   3.3996582e+01
   8.5557110e+06   3.3874512e+01
   8.5605300e+06   3.3630371e+01
   8.5629090e+06   3.5095215e+01
   8.5663430e+06   3.4240723e+01
   8.5687130e+06   3.7231445e+01
   8.5715250e+06   3.5217285e+01
   8.5735480e+06   3.9855957e+01
   8.5755830e+06   3.3508301e+01
   8.5774020e+06   3.6193848e+01
   8.5805550e+06   3.3386230e+01
   8.5895710e+06   4.2053223e+01
   8.5999010e+06   3.3081055e+01
   8.6039360e+06   3.4973145e+01
   8.6060220e+06   3.2836914e+01
   8.6133950e+06   3.8269043e+01
   8.6166360e+06   3.2836914e+01
   8.6181890e+06   3.2714844e+01
   8.6234870e+06   3.7048340e+01
   8.6263310e+06   3.4118652e+01
   8.6300590e+06   3.3325195e+01
   8.6338850e+06   3.4240723e+01
   8.6353020e+06   3.4240723e+01
   8.6388010e+06   3.3813477e+01
   8.6415640e+06   3.7902832e+01
   8.6471280e+06   3.4118652e+01
   8.6502610e+06   3.2958984e+01
   8.6528550e+06   3.3081055e+01
   8.6556020e+06   3.7902832e+01
   8.6574610e+06   3.3447266e+01
   8.6589810e+06   3.8391113e+01
   8.6616930e+06   3.8146973e+01
   8.6688440e+06   3.8024902e+01
   8.6708190e+06   3.9184570e+01
   8.6730590e+06   3.3630371e+01
   8.6747410e+06   3.3142090e+01
   8.6774020e+06   3.2714844e+01
   8.6836430e+06   3.7048340e+01
   8.6869300e+06   3.3752441e+01
   8.6898040e+06   3.4179688e+01
   8.6927190e+06   3.4729004e+01
   8.6965070e+06   3.3386230e+01
   8.7029260e+06   3.7841797e+01
   8.7063780e+06   3.2470703e+01
   8.7202520e+06   3.3081055e+01
   8.7244340e+06   3.3508301e+01
   8.7253240e+06   3.8757324e+01
   8.7332720e+06   3.6071777e+01
   8.7353720e+06   3.8452148e+01
   8.7358450e+06   3.4240723e+01
   8.7451910e+06   3.4912109e+01
   8.7476590e+06   3.6376953e+01
   8.7498610e+06   3.6010742e+01
   8.7527310e+06   3.4057617e+01
   8.7574580e+06   3.4484863e+01
   8.7625630e+06   3.3752441e+01
   8.7720980e+06   3.5095215e+01
   8.7740990e+06   3.3630371e+01
   8.7757090e+06   3.2531738e+01
   8.7790630e+06   3.4179688e+01
   8.7835650e+06   3.2897949e+01
   8.7856100e+06   3.5339355e+01
   8.7906920e+06   3.9184570e+01
   8.7932650e+06   3.6254883e+01
   8.7945430e+06   3.9184570e+01
   8.7956150e+06   3.5827637e+01
   8.7974330e+06   3.8085938e+01
   8.8008720e+06   4.1381836e+01
   8.8044530e+06   3.2958984e+01
   8.8066060e+06   3.5217285e+01
   8.8082780e+06   3.4301758e+01
   8.8140030e+06   3.8513184e+01
   8.8223530e+06   3.3264160e+01
   8.8270130e+06   3.5583496e+01
   8.8288110e+06   3.3325195e+01
   8.8292350e+06   3.3935547e+01
   8.8293980e+06   4.1687012e+01
   8.8316470e+06   3.6193848e+01
   8.8349620e+06   3.5766602e+01
   8.8370380e+06   3.9123535e+01
   8.8407730e+06   3.3813477e+01
   8.8420420e+06   3.6743164e+01
   8.8453850e+06   3.7475586e+01
   8.8475830e+06   3.6010742e+01
   8.8522650e+06   3.2592773e+01
   8.8548540e+06   3.3203125e+01
   8.8584510e+06   3.6315918e+01
   8.8605080e+06   3.9550781e+01
   8.8636170e+06   4.0710449e+01
   8.8672490e+06   3.4912109e+01
   8.8685970e+06   3.2470703e+01
   8.8723550e+06   3.3813477e+01
   8.8775450e+06   3.5766602e+01
   8.8866200e+06   3.2714844e+01
   8.8903300e+06   3.2714844e+01
   8.8954830e+06   4.7424316e+01
   8.8994070e+06   3.9733887e+01
   8.9012970e+06   3.7353516e+01
   8.9034530e+06   4.0100098e+01
   8.9053050e+06   3.6560059e+01
   8.9065270e+06   3.2470703e+01
   8.9106450e+06   3.2714844e+01
   8.9116720e+06   3.3203125e+01
   8.9137990e+06   3.3020020e+01
   8.9148840e+06   3.6376953e+01
   8.9174880e+06   3.8452148e+01
   8.9253030e+06   4.1015625e+01
   8.9365280e+06   3.6254883e+01
   8.9376160e+06   3.4790039e+01
   8.9418600e+06   4.0405273e+01
   8.9457530e+06   3.5034180e+01
   8.9475060e+06   3.3691406e+01
   8.9497360e+06   3.8879395e+01
   8.9531900e+06   3.3935547e+01
   8.9638990e+06   3.3142090e+01
   8.9686330e+06   4.4799805e+01
   8.9707590e+06   3.4851074e+01
   8.9776140e+06   3.3264160e+01
   8.9798360e+06   3.6254883e+01
   8.9875600e+06   3.8940430e+01
   8.9896170e+06   3.3325195e+01
   8.9909640e+06   3.3081055e+01
   8.9999920e+06   3.4301758e+01
   9.0022000e+06   3.3996582e+01
   9.0110530e+06   3.5644531e+01
   9.0131080e+06   3.5949707e+01
   9.0141270e+06   3.5034180e+01
   9.0171660e+06   3.6376953e+01
   9.0227120e+06   3.4545898e+01
   9.0268510e+06   3.3935547e+01
   9.0303220e+06   3.6682129e+01
   9.0335600e+06   3.2775879e+01
   9.0346110e+06   3.6315918e+01
   9.0364960e+06   3.4057617e+01
   9.0400210e+06   3.5156250e+01
   9.0418060e+06   3.6254883e+01
   9.0470050e+06   3.5034180e+01
   9.0504750e+06   3.3081055e+01
   9.0570610e+06   3.3508301e+01
   9.0591080e+06   3.5461426e+01
   9.0653110e+06   3.7048340e+01
   9.0673860e+06   3.4240723e+01
   9.0722950e+06   3.4118652e+01
   9.0744790e+06   3.8757324e+01
   9.0827480e+06   3.7292480e+01
   9.0877410e+06   3.3325195e+01
   9.0912400e+06   3.3630371e+01
   9.0980190e+06   3.3569336e+01
   9.1025660e+06   3.4362793e+01
   9.1050600e+06   3.6376953e+01
   9.1070060e+06   3.7597656e+01
   9.1095060e+06   3.7597656e+01
   9.1135680e+06   4.6386719e+01
   9.1194620e+06   3.5888672e+01
   9.1211480e+06   3.9855957e+01
   9.1223620e+06   3.2836914e+01
   9.1227840e+06   3.3569336e+01
   9.1273450e+06   3.4118652e+01
   9.1348740e+06   3.6376953e+01
   9.1366150e+06   3.5827637e+01
   9.1396470e+06   3.3203125e+01
   9.1409700e+06   3.3386230e+01
   9.1482300e+06   3.4973145e+01
   9.1527640e+06   3.6315918e+01
   9.1558030e+06   3.3142090e+01
   9.1699890e+06   3.3081055e+01
   9.1761300e+06   4.4616699e+01
   9.1784290e+06   3.3325195e+01
   9.1805230e+06   3.5095215e+01
   9.1842400e+06   3.3630371e+01
   9.1867000e+06   3.2836914e+01
   9.1875940e+06   3.4362793e+01
   9.1894830e+06   3.3752441e+01
   9.1959520e+06   3.3264160e+01
   9.1974440e+06   3.9733887e+01
   9.1986940e+06   3.4851074e+01
   9.2068790e+06   4.1381836e+01
   9.2154650e+06   3.5949707e+01
   9.2200960e+06   3.3325195e+01
   9.2229370e+06   3.4240723e+01
   9.2244270e+06   3.2958984e+01
   9.2261350e+06   3.6193848e+01
   9.2306760e+06   3.9123535e+01
   9.2408950e+06   3.3264160e+01
   9.2430590e+06   3.6010742e+01
   9.2459360e+06   4.3395996e+01
   9.2470920e+06   3.2836914e+01
   9.2500530e+06   3.5644531e+01
   9.2620170e+06   3.3508301e+01
   9.2648960e+06   4.1076660e+01
   9.2671370e+06   3.6071777e+01
   9.2690590e+06   3.3935547e+01
   9.2718820e+06   3.3447266e+01
   9.2725830e+06   3.3203125e+01
   9.2762670e+06   3.6132812e+01
   9.2782320e+06   3.3264160e+01
   9.2833790e+06   3.2836914e+01
   9.2859430e+06   3.7353516e+01
   9.2915320e+06   3.4240723e+01
   9.2942610e+06   3.3874512e+01
   9.2994150e+06   3.3203125e+01
   9.3003740e+06   3.7414551e+01
   9.3029850e+06   3.8635254e+01
   9.3062060e+06   3.6865234e+01
   9.3094080e+06   3.2897949e+01
   9.3126720e+06   3.8635254e+01
   9.3172670e+06   3.8818359e+01
   9.3219280e+06   3.7048340e+01
   9.3296160e+06   3.4606934e+01
   9.3331430e+06   3.7048340e+01
   9.3358260e+06   3.4118652e+01
   9.3385680e+06   3.4057617e+01
   9.3448510e+06   4.0344238e+01
   9.3483610e+06   3.4057617e+01
   9.3537010e+06   3.4545898e+01
   9.3570430e+06   3.8940430e+01
   9.3593400e+06   3.5461426e+01
   9.3605990e+06   3.6071777e+01
   9.3617580e+06   3.4179688e+01
   9.3634650e+06   3.4851074e+01
   9.3674730e+06   3.7719727e+01
   9.3694070e+06   3.7231445e+01
   9.3735220e+06   3.3996582e+01
   9.3768480e+06   3.6499023e+01
   9.3785120e+06   3.7780762e+01
   9.3809890e+06   3.2775879e+01
   9.3814110e+06   3.5156250e+01
   9.3890020e+06   3.6376953e+01
   9.3931330e+06   4.8217773e+01
   9.3987310e+06   4.1809082e+01
   9.4072310e+06   4.0344238e+01
   9.4084090e+06   3.6193848e+01
   9.4117240e+06   3.2836914e+01
   9.4206420e+06   3.8330078e+01
   9.4409450e+06   3.3874512e+01
   9.4425650e+06   3.5644531e+01
   9.4478600e+06   3.3813477e+01
   9.4490430e+06   4.0832520e+01
   9.4530950e+06   4.1625977e+01
   9.4591370e+06   3.4240723e+01
   9.4659390e+06   3.5156250e+01
   9.4683320e+06   3.7048340e+01
   9.4743660e+06   3.6743164e+01
   9.4751370e+06   3.5522461e+01
   9.4877040e+06   4.1687012e+01
   9.4925060e+06   3.5217285e+01
   9.4964390e+06   3.3569336e+01
   9.4984850e+06   3.2958984e+01
   9.5009360e+06   3.9611816e+01
   9.5031960e+06   3.5034180e+01
   9.5038020e+06   3.5156250e+01
   9.5061790e+06   3.8391113e+01
   9.5078770e+06   3.3020020e+01
   9.5113290e+06   4.0344238e+01
   9.5258430e+06   3.3325195e+01
   9.5266750e+06   3.4118652e+01
   9.5352820e+06   3.8146973e+01
   9.5395370e+06   3.4423828e+01
   9.5418650e+06   3.3874512e+01
   9.5437930e+06   3.6437988e+01
   9.5461650e+06   3.9550781e+01
   9.5476380e+06   3.4484863e+01
   9.5479500e+06   3.4545898e+01
   9.5499470e+06   3.5461426e+01
   9.5547720e+06   3.4667969e+01
   9.5577190e+06   3.9123535e+01
   9.5618620e+06   3.3874512e+01
   9.5656740e+06   4.1198730e+01
   9.5663670e+06   3.4423828e+01
   9.5695780e+06   3.3935547e+01
   9.5758790e+06   3.5888672e+01
   9.5804530e+06   3.6621094e+01
   9.5897820e+06   3.6193848e+01
   9.5911960e+06   3.3447266e+01
   9.6015350e+06   3.3264160e+01
   9.6069990e+06   3.6743164e+01
   9.6102970e+06   3.2958984e+01
   9.6138890e+06   3.3630371e+01
   9.6153520e+06   3.6987305e+01
   9.6231300e+06   3.3386230e+01
   9.6252510e+06   3.3020020e+01
   9.6349140e+06   3.3691406e+01
   9.6434330e+06   3.3142090e+01
   9.6467560e+06   3.5705566e+01
   9.6523790e+06   3.7170410e+01
   9.6541830e+06   3.8146973e+01
   9.6587460e+06   3.5339355e+01
   9.6625910e+06   4.3212891e+01
   9.6657090e+06   3.6682129e+01
   9.6669370e+06   3.8696289e+01
   9.6760040e+06   3.9001465e+01
   9.6789660e+06   3.8757324e+01
   9.6866820e+06   3.5766602e+01
   9.6876300e+06   3.4973145e+01
   9.6891700e+06   3.9489746e+01
   9.6912600e+06   3.3874512e+01
   9.7027170e+06   3.7353516e+01
   9.7038690e+06   3.3630371e+01
   9.7096300e+06   3.2897949e+01
   9.7121050e+06   3.4301758e+01
   9.7198160e+06   4.5043945e+01
   9.7215130e+06   3.3508301e+01
   9.7241330e+06   3.5339355e+01
   9.7256420e+06   3.9306641e+01
   9.7282030e+06   3.6804199e+01
   9.7308660e+06   3.5156250e+01
   9.7329340e+06   3.9489746e+01
   9.7373170e+06   3.3630371e+01
   9.7383250e+06   3.5400391e+01
   9.7401480e+06   3.3020020e+01
   9.7417030e+06   3.8574219e+01
   9.7429290e+06   3.3813477e+01
   9.7487080e+06   3.2958984e+01
   9.7539480e+06   4.1015625e+01
   9.7559220e+06   3.4118652e+01
   9.7590870e+06   3.9245605e+01
   9.7631820e+06   3.8574219e+01
   9.7646260e+06   3.6865234e+01
   9.7669460e+06   3.3569336e+01
   9.7701900e+06   3.4851074e+01
   9.7739720e+06   3.6926270e+01
   9.7777930e+06   3.3386230e+01
   9.7810640e+06   3.2836914e+01
   9.7896410e+06   3.7353516e+01
   9.7930180e+06   3.6071777e+01
   9.7955930e+06   3.9123535e+01
   9.7982090e+06   4.0100098e+01
   9.8001630e+06   3.3386230e+01
   9.8019440e+06   4.4067383e+01
   9.8044880e+06   3.3569336e+01
   9.8052360e+06   4.2114258e+01
   9.8075900e+06   3.4851074e+01
   9.8093450e+06   3.3813477e+01
   9.8164240e+06   3.8024902e+01
   9.8184240e+06   3.3569336e+01
   9.8186920e+06   3.5400391e+01
   9.8271520e+06   4.0466309e+01
   9.8338100e+06   3.2958984e+01
   9.8360040e+06   3.5705566e+01
   9.8375470e+06   3.5339355e+01
   9.8391820e+06   3.3081055e+01
   9.8400350e+06   3.4301758e+01
   9.8432520e+06   3.3020020e+01
   9.8456850e+06   4.2968750e+01
   9.8506190e+06   4.3334961e+01
   9.8533810e+06   3.6193848e+01
   9.8644420e+06   4.1870117e+01
   9.8684690e+06   3.4729004e+01
   9.8765010e+06   3.3874512e+01
   9.8942100e+06   3.5888672e+01
   9.8963650e+06   3.6804199e+01
   9.8984000e+06   3.9428711e+01
   9.9028480e+06   3.3325195e+01
   9.9070790e+06   3.5400391e+01
   9.9139620e+06   3.5156250e+01
   9.9147960e+06   3.5888672e+01
   9.9201420e+06   3.7963867e+01
   9.9252380e+06   3.9733887e+01
   9.9268880e+06   3.3691406e+01
   9.9297330e+06   3.3264160e+01
   9.9369730e+06   3.4362793e+01
   9.9399380e+06   3.4301758e+01
   9.9409880e+06   3.3752441e+01
   9.9432180e+06   3.7475586e+01
   9.9442520e+06   3.6560059e+01
   9.9478220e+06   3.5766602e+01
   9.9502510e+06   3.4484863e+01
   9.9540140e+06   3.2836914e+01
   9.9555240e+06   3.3935547e+01
   9.9571070e+06   3.7170410e+01
   9.9606050e+06   3.3264160e+01
   9.9634420e+06   3.3752441e+01
   9.9852000e+06   3.7963867e+01
   9.9938320e+06   3.6682129e+01
   9.9953880e+06   3.4362793e+01
   9.9992460e+06   3.4606934e+01
   1.0006086e+07   3.2958984e+01
   1.0008693e+07   3.5400391e+01
   1.0014007e+07   3.9245605e+01
   1.0018010e+07   4.1564941e+01
   1.0020248e+07   3.5949707e+01
   1.0023399e+07   3.4545898e+01
   1.0029752e+07   4.2907715e+01
   1.0033305e+07   3.4118652e+01
   1.0045526e+07   3.5461426e+01
   1.0052668e+07   3.4057617e+01
   1.0055736e+07   3.8146973e+01
   1.0058781e+07   3.5095215e+01
   1.0061128e+07   3.3874512e+01
   1.0062999e+07   3.4606934e+01
   1.0066410e+07   3.6010742e+01
   1.0069643e+07   3.6682129e+01
   1.0072236e+07   3.5766602e+01
   1.0075622e+07   3.6193848e+01
   1.0077615e+07   4.0344238e+01
   1.0081613e+07   3.2958984e+01
   1.0083095e+07   4.0649414e+01
   1.0084747e+07   3.5156250e+01
   1.0094011e+07   3.5339355e+01
   1.0099976e+07   3.3935547e+01
   1.0102162e+07   3.5766602e+01
   1.0108064e+07   3.7658691e+01
   1.0113435e+07   3.3325195e+01
   1.0115713e+07   3.7048340e+01
   1.0117272e+07   3.3935547e+01
   1.0119322e+07   3.4851074e+01
   1.0122383e+07   3.5217285e+01
   1.0128387e+07   3.6682129e+01
   1.0137244e+07   3.7109375e+01
   1.0143687e+07   3.7353516e+01
   1.0146264e+07   3.5278320e+01
   1.0160568e+07   3.4362793e+01
   1.0163370e+07   3.3569336e+01
   1.0166083e+07   3.7841797e+01
   1.0171592e+07   3.2836914e+01
   1.0173708e+07   3.5522461e+01
   1.0177926e+07   4.0710449e+01
   1.0193698e+07   3.8146973e+01
   1.0196780e+07   3.9001465e+01
   1.0200761e+07   3.6010742e+01
   1.0204713e+07   3.4301758e+01
   1.0206631e+07   3.3081055e+01
   1.0208886e+07   3.4118652e+01
   1.0213107e+07   4.1320801e+01
   1.0217149e+07   3.6193848e+01
   1.0220344e+07   3.3508301e+01
   1.0221603e+07   3.7475586e+01
   1.0224590e+07   3.5156250e+01
   1.0225704e+07   3.6193848e+01
   1.0235423e+07   4.1137695e+01
   1.0240660e+07   3.5827637e+01
   1.0243204e+07   4.1870117e+01
   1.0249666e+07   3.7719727e+01
   1.0253841e+07   4.0649414e+01
   1.0255802e+07   3.3264160e+01
   1.0257307e+07   3.8208008e+01
   1.0261017e+07   3.7109375e+01
   1.0269407e+07   3.3508301e+01
   1.0272793e+07   3.7109375e+01
   1.0276996e+07   3.5583496e+01
   1.0285638e+07   3.4729004e+01
   1.0292055e+07   3.3508301e+01
   1.0293559e+07   4.0466309e+01
   1.0297792e+07   3.3752441e+01
   1.0303870e+07   3.5522461e+01
   1.0307839e+07   3.9001465e+01
   1.0312242e+07   3.4057617e+01
   1.0315592e+07   3.5034180e+01
   1.0317533e+07   3.3935547e+01
   1.0326701e+07   3.7536621e+01
   1.0333446e+07   3.3813477e+01
   1.0344434e+07   3.6682129e+01
   1.0352408e+07   3.3020020e+01
   1.0354396e+07   3.3874512e+01
   1.0368354e+07   3.3447266e+01
   1.0370303e+07   3.6682129e+01
   1.0375223e+07   4.0832520e+01
   1.0376920e+07   3.6132812e+01
   1.0381409e+07   3.4240723e+01
   1.0382651e+07   3.3081055e+01
   1.0402077e+07   3.6132812e+01
   1.0407152e+07   3.4729004e+01
   1.0413006e+07   3.8879395e+01
   1.0415498e+07   3.9001465e+01
   1.0421795e+07   4.4372559e+01
   1.0429217e+07   3.6560059e+01
   1.0433528e+07   3.3935547e+01
   1.0435145e+07   3.3325195e+01
   1.0440925e+07   3.4545898e+01
   1.0442419e+07   3.7475586e+01
   1.0447746e+07   4.0710449e+01
   1.0459439e+07   4.1015625e+01
   1.0461740e+07   3.3569336e+01
   1.0464703e+07   3.2897949e+01
   1.0472165e+07   3.7963867e+01
   1.0485118e+07   4.4189453e+01
   1.0486820e+07   3.3142090e+01
   1.0491793e+07   3.2836914e+01
   1.0495363e+07   4.0893555e+01
   1.0497633e+07   3.4057617e+01
   1.0500348e+07   3.4057617e+01
   1.0502527e+07   3.3752441e+01
   1.0507433e+07   3.4057617e+01
   1.0509336e+07   3.8024902e+01
   1.0514668e+07   3.5278320e+01
   1.0518744e+07   3.3203125e+01
   1.0523332e+07   3.3020020e+01
   1.0534829e+07   3.4667969e+01
   1.0536341e+07   3.3447266e+01
   1.0539561e+07   4.1625977e+01
   1.0543408e+07   4.0527344e+01
   1.0544894e+07   3.4301758e+01
   1.0548335e+07   4.0100098e+01
   1.0555968e+07   3.5583496e+01
   1.0557945e+07   3.9672852e+01
   1.0566190e+07   3.6315918e+01
   1.0571219e+07   3.2958984e+01
   1.0572240e+07   3.3508301e+01
   1.0577027e+07   3.4301758e+01
   1.0578411e+07   3.2897949e+01
   1.0584040e+07   3.6071777e+01
   1.0586282e+07   3.5400391e+01
   1.0588649e+07   3.3386230e+01
   1.0593751e+07   3.5095215e+01
   1.0596378e+07   3.9489746e+01
   1.0599050e+07   4.3457031e+01
   1.0599955e+07   3.3203125e+01
   1.0602848e+07   3.6621094e+01
   1.0606641e+07   3.4057617e+01
   1.0608542e+07   3.3691406e+01
   1.0611903e+07   3.3813477e+01
   1.0618101e+07   4.1198730e+01
   1.0621367e+07   3.6865234e+01
   1.0626102e+07   3.8024902e+01
   1.0630907e+07   3.6621094e+01
   1.0631919e+07   3.4851074e+01
   1.0635008e+07   3.6315918e+01
   1.0635836e+07   3.9367676e+01
   1.0637007e+07   3.6437988e+01
   1.0640457e+07   3.4240723e+01
   1.0653558e+07   3.6743164e+01
   1.0658883e+07   3.3935547e+01
   1.0668303e+07   3.6010742e+01
   1.0676259e+07   3.3874512e+01
   1.0682896e+07   3.6621094e+01
   1.0689903e+07   3.8879395e+01
   1.0694665e+07   3.4057617e+01
   1.0700080e+07   4.8950195e+01
   1.0702719e+07   3.9672852e+01
   1.0706156e+07   3.4912109e+01
   1.0709588e+07   3.3447266e+01
   1.0720100e+07   3.4545898e+01
   1.0723254e+07   4.1625977e+01
   1.0729399e+07   3.4667969e+01
   1.0731602e+07   3.4362793e+01
   1.0732335e+07   3.5034180e+01
   1.0733612e+07   4.7485352e+01
   1.0737671e+07   3.3142090e+01
   1.0741995e+07   3.7841797e+01
   1.0748120e+07   3.4179688e+01
   1.0753407e+07   3.3325195e+01
   1.0755426e+07   3.7902832e+01
   1.0762066e+07   3.4179688e+01
   1.0766608e+07   3.7902832e+01
   1.0770614e+07   4.5288086e+01
   1.0773264e+07   3.4790039e+01
   1.0776663e+07   3.6254883e+01
   1.0780330e+07   3.3142090e+01
   1.0781238e+07   3.3813477e+01
   1.0784935e+07   3.5766602e+01
   1.0787696e+07   4.2541504e+01
   1.0789698e+07   4.1259766e+01
   1.0791884e+07   3.3813477e+01
   1.0793113e+07   3.2775879e+01
   1.0799773e+07   3.4667969e+01
   1.0801789e+07   3.6743164e+01
   1.0806320e+07   4.6691895e+01
   1.0810387e+07   3.9550781e+01
   1.0813529e+07   3.7048340e+01
   1.0816241e+07   3.7048340e+01
   1.0820302e+07   3.8024902e+01
   1.0825858e+07   3.4851074e+01
   1.0832706e+07   3.6560059e+01
   1.0835148e+07   3.3813477e+01
   1.0836409e+07   4.0405273e+01
   1.0836457e+07   3.3569336e+01
   1.0842643e+07   3.7963867e+01
   1.0848133e+07   4.4128418e+01
   1.0853263e+07   3.2897949e+01
   1.0856459e+07   3.7414551e+01
   1.0858912e+07   3.4362793e+01
   1.0868563e+07   3.3142090e+01
   1.0870510e+07   3.8269043e+01
   1.0872588e+07   4.0771484e+01
   1.0873314e+07   3.8635254e+01
   1.0880713e+07   4.8217773e+01
   1.0881560e+07   3.5095215e+01
   1.0889405e+07   3.9245605e+01
   1.0892520e+07   3.5583496e+01
   1.0899119e+07   3.5339355e+01
   1.0901359e+07   3.6132812e+01
   1.0904401e+07   3.5034180e+01
   1.0909428e+07   3.5522461e+01
   1.0915808e+07   3.3447266e+01
   1.0917805e+07   3.8391113e+01
   1.0919088e+07   3.9489746e+01
   1.0926637e+07   4.1137695e+01
   1.0928386e+07   3.5705566e+01
   1.0931917e+07   3.3325195e+01
   1.0936504e+07   3.4118652e+01
   1.0941928e+07   3.7231445e+01
   1.0953505e+07   3.3630371e+01
   1.0956210e+07   3.3996582e+01
   1.0959037e+07   3.9672852e+01
   1.0962809e+07   3.5278320e+01
   1.0967648e+07   3.7719727e+01
   1.0969694e+07   3.6315918e+01
   1.0970493e+07   3.7170410e+01
   1.0973287e+07   3.3386230e+01
   1.0978392e+07   3.7414551e+01
   1.0984690e+07   3.8024902e+01
   1.0990011e+07   3.7536621e+01
   1.0995489e+07   3.6865234e+01
   1.0998097e+07   3.3386230e+01
   1.1001210e+07   3.5644531e+01
   1.1004141e+07   3.5644531e+01
   1.1005281e+07   3.7292480e+01
   1.1009593e+07   3.4362793e+01
   1.1014651e+07   3.4240723e+01
   1.1017934e+07   3.9978027e+01
   1.1019069e+07   3.4362793e+01
   1.1027830e+07   3.2775879e+01
   1.1029625e+07   3.3325195e+01
   1.1033062e+07   3.9550781e+01
   1.1036108e+07   3.7353516e+01
   1.1037155e+07   3.5522461e+01
   1.1040662e+07   3.5888672e+01
   1.1049212e+07   3.5339355e+01
   1.1051446e+07   3.5949707e+01
   1.1057649e+07   3.5400391e+01
   1.1058508e+07   4.4433594e+01
   1.1060361e+07   3.6987305e+01
   1.1064208e+07   3.8208008e+01
   1.1068931e+07   3.3874512e+01
   1.1071724e+07   4.1503906e+01
   1.1079452e+07   3.4179688e+01
   1.1081474e+07   3.8574219e+01
   1.1084862e+07   3.3691406e+01
   1.1088696e+07   3.5095215e+01
   1.1090622e+07   3.3996582e+01
   1.1093174e+07   3.3569336e+01
   1.1096968e+07   3.4301758e+01
   1.1102477e+07   3.7475586e+01
   1.1103085e+07   3.5949707e+01
   1.1105976e+07   3.4912109e+01
   1.1111536e+07   3.2897949e+01
   1.1117033e+07   4.6569824e+01
   1.1118110e+07   3.3386230e+01
   1.1120978e+07   3.3691406e+01
   1.1123138e+07   4.1442871e+01
   1.1126063e+07   4.0954590e+01
   1.1134793e+07   3.5461426e+01
   1.1136999e+07   3.9123535e+01
   1.1139377e+07   3.8208008e+01
   1.1142643e+07   3.3264160e+01
   1.1149196e+07   4.1870117e+01
   1.1152033e+07   3.5400391e+01
   1.1161920e+07   3.7963867e+01
   1.1163859e+07   3.7292480e+01
   1.1170757e+07   3.7170410e+01
   1.1180051e+07   3.5095215e+01
   1.1183123e+07   3.2836914e+01
   1.1184656e+07   3.3996582e+01
   1.1186321e+07   3.4057617e+01
   1.1190538e+07   3.5583496e+01
   1.1192338e+07   3.5217285e+01
   1.1198113e+07   3.8391113e+01
   1.1199425e+07   3.7292480e+01
   1.1202186e+07   3.7841797e+01
   1.1203409e+07   3.8024902e+01
   1.1204542e+07   3.4057617e+01
   1.1206235e+07   3.6682129e+01
   1.1214286e+07   3.8818359e+01
   1.1217095e+07   3.4484863e+01
   1.1223555e+07   3.3630371e+01
   1.1228549e+07   4.0344238e+01
   1.1230036e+07   3.3020020e+01
   1.1233308e+07   3.2775879e+01
   1.1239754e+07   3.6621094e+01
   1.1241558e+07   3.5766602e+01
   1.1243893e+07   3.5888672e+01
   1.1243990e+07   3.3020020e+01
   1.1245967e+07   3.5644531e+01
   1.1258172e+07   3.4729004e+01
   1.1265844e+07   3.5766602e+01
   1.1268281e+07   3.5705566e+01
   1.1270118e+07   3.9489746e+01
   1.1271663e+07   3.2897949e+01
   1.1273457e+07   3.4790039e+01
   1.1274735e+07   3.3569336e+01
   1.1277533e+07   3.4606934e+01
   1.1279315e+07   3.4118652e+01
   1.1282186e+07   3.7475586e+01
   1.1283783e+07   3.4667969e+01
   1.1287349e+07   3.3630371e+01
   1.1288926e+07   3.4606934e+01
   1.1291979e+07   3.3874512e+01
   1.1294528e+07   3.3569336e+01
   1.1297875e+07   3.6682129e+01
   1.1301128e+07   3.4118652e+01
   1.1306246e+07   3.3569336e+01
   1.1308793e+07   3.3447266e+01
   1.1310001e+07   3.6926270e+01
   1.1314238e+07   3.6743164e+01
   1.1318574e+07   3.5156250e+01
   1.1324039e+07   4.0832520e+01
   1.1333310e+07   3.7231445e+01
   1.1335443e+07   3.4667969e+01
   1.1338325e+07   3.6987305e+01
   1.1341512e+07   3.3264160e+01
   1.1346340e+07   3.6682129e+01
   1.1348142e+07   3.7658691e+01
   1.1350551e+07   3.6315918e+01
   1.1355258e+07   3.4912109e+01
   1.1357471e+07   4.0588379e+01
   1.1359682e+07   3.3020020e+01
   1.1367118e+07   3.3752441e+01
   1.1368802e+07   3.7658691e+01
   1.1369693e+07   3.6987305e+01
   1.1372376e+07   3.4179688e+01
   1.1373950e+07   3.4667969e+01
   1.1377471e+07   3.3752441e+01
   1.1379741e+07   3.3020020e+01
   1.1385651e+07   3.3447266e+01
   1.1387531e+07   3.3691406e+01
   1.1393124e+07   3.4912109e+01
   1.1397068e+07   3.3386230e+01
   1.1402795e+07   3.5278320e+01
   1.1408595e+07   3.4912109e+01
   1.1411587e+07   3.3935547e+01
   1.1422512e+07   3.4912109e+01
   1.1427780e+07   3.3203125e+01
   1.1428990e+07   3.3630371e+01
   1.1432767e+07   3.3020020e+01
   1.1435517e+07   3.9123535e+01
   1.1442622e+07   3.3386230e+01
   1.1447364e+07   3.6437988e+01
   1.1453102e+07   3.6804199e+01
   1.1454571e+07   3.2958984e+01
   1.1460867e+07   3.3813477e+01
   1.1462986e+07   3.3447266e+01
   1.1469150e+07   3.7719727e+01
   1.1483190e+07   3.3996582e+01
   1.1484762e+07   3.6071777e+01
   1.1489269e+07   3.9062500e+01
   1.1489318e+07   3.4790039e+01
   1.1493721e+07   3.9428711e+01
   1.1499151e+07   3.3020020e+01
   1.1500067e+07   3.5705566e+01
   1.1501656e+07   3.3203125e+01
   1.1504388e+07   3.2958984e+01
   1.1507520e+07   3.5217285e+01
   1.1515179e+07   3.9367676e+01
   1.1518022e+07   3.4484863e+01
   1.1523169e+07   3.2836914e+01
   1.1529296e+07   3.7170410e+01
   1.1532283e+07   3.2897949e+01
   1.1538339e+07   3.3264160e+01
   1.1540466e+07   3.3508301e+01
   1.1544446e+07   3.4240723e+01
   1.1546607e+07   4.1320801e+01
   1.1549970e+07   4.3701172e+01
   1.1552193e+07   3.3447266e+01
   1.1554223e+07   3.7597656e+01
   1.1563307e+07   3.3264160e+01
   1.1566881e+07   3.7719727e+01
   1.1570695e+07   3.4606934e+01
   1.1575318e+07   3.5217285e+01
   1.1577425e+07   3.4118652e+01
   1.1585402e+07   3.7719727e+01
   1.1588464e+07   3.7109375e+01
   1.1589957e+07   3.8085938e+01
   1.1596721e+07   3.8330078e+01
   1.1598262e+07   4.1809082e+01
   1.1601700e+07   3.8513184e+01
   1.1603547e+07   4.4799805e+01
   1.1608852e+07   3.4912109e+01
   1.1617336e+07   3.5400391e+01
   1.1619703e+07   3.2897949e+01
   1.1621681e+07   3.3325195e+01
   1.1630541e+07   3.2775879e+01
   1.1632958e+07   3.7719727e+01
   1.1633960e+07   4.1687012e+01
   1.1635961e+07   3.4179688e+01
   1.1643116e+07   3.7170410e+01
   1.1645354e+07   3.3264160e+01
   1.1652024e+07   3.3081055e+01
   1.1654193e+07   3.3447266e+01
   1.1655482e+07   3.4729004e+01
   1.1658337e+07   3.9123535e+01
   1.1664706e+07   3.6865234e+01
   1.1667110e+07   4.1564941e+01
   1.1670897e+07   3.6621094e+01
   1.1672629e+07   3.3996582e+01
   1.1674979e+07   4.1137695e+01
   1.1678629e+07   3.5644531e+01
   1.1681535e+07   3.8940430e+01
   1.1684043e+07   3.5278320e+01
   1.1685083e+07   4.0588379e+01
   1.1687597e+07   3.3081055e+01
   1.1689607e+07   3.3081055e+01
   1.1695729e+07   3.5827637e+01
   1.1700834e+07   3.3386230e+01
   1.1704006e+07   4.0283203e+01
   1.1704831e+07   3.7292480e+01
   1.1706872e+07   3.3569336e+01
   1.1709873e+07   3.9855957e+01
   1.1713216e+07   3.6743164e+01
   1.1715883e+07   3.7963867e+01
   1.1718635e+07   3.3691406e+01
   1.1734359e+07   3.6437988e+01
   1.1742599e+07   3.5583496e+01
   1.1747747e+07   3.5400391e+01
   1.1751741e+07   3.2958984e+01
   1.1753028e+07   3.5095215e+01
   1.1763524e+07   3.4484863e+01
   1.1765538e+07   3.6315918e+01
   1.1766841e+07   3.3020020e+01
   1.1769885e+07   3.4423828e+01
   1.1774892e+07   3.2958984e+01
   1.1780885e+07   3.3508301e+01
   1.1782639e+07   3.5583496e+01
   1.1786265e+07   3.7658691e+01
   1.1790787e+07   3.3996582e+01
   1.1792335e+07   3.5217285e+01
   1.1796154e+07   3.7048340e+01
   1.1800586e+07   3.4729004e+01
   1.1803249e+07   3.3630371e+01
   1.1807127e+07   3.4240723e+01
   1.1812949e+07   3.3020020e+01
   1.1817463e+07   3.6071777e+01
   1.1825430e+07   3.4545898e+01
   1.1831135e+07   3.7292480e+01
   1.1832067e+07   3.7597656e+01
   1.1834792e+07   3.5827637e+01
   1.1841075e+07   3.5766602e+01
   1.1844664e+07   3.3386230e+01
   1.1846279e+07   3.4973145e+01
   1.1851096e+07   3.8635254e+01
   1.1854415e+07   3.6804199e+01
   1.1857068e+07   3.6743164e+01
   1.1864006e+07   3.5766602e+01
   1.1868022e+07   3.2775879e+01
   1.1869711e+07   3.3935547e+01
   1.1875710e+07   3.6865234e+01
   1.1877970e+07   3.3569336e+01
   1.1883768e+07   3.3203125e+01
   1.1885746e+07   3.9672852e+01
   1.1887220e+07   3.3081055e+01
   1.1888089e+07   3.5400391e+01
   1.1892858e+07   3.5888672e+01
   1.1895576e+07   3.5400391e+01
   1.1897046e+07   3.5705566e+01
   1.1900416e+07   3.4912109e+01
   1.1901856e+07   3.3935547e+01
   1.1903334e+07   3.6804199e+01
   1.1915298e+07   3.3996582e+01
   1.1916701e+07   3.7841797e+01
   1.1919426e+07   4.1503906e+01
   1.1921083e+07   4.6997070e+01
   1.1922886e+07   3.6499023e+01
   1.1926952e+07   3.4179688e+01
   1.1929178e+07   3.6132812e+01
   1.1935016e+07   4.3457031e+01
   1.1939665e+07   4.0832520e+01
   1.1951899e+07   3.7475586e+01
   1.1956580e+07   3.4240723e+01
   1.1957819e+07   3.3630371e+01
   1.1962087e+07   4.0161133e+01
   1.1964175e+07   3.3203125e+01
   1.1965608e+07   3.5095215e+01
   1.1983699e+07   3.3264160e+01
   1.1987656e+07   3.7902832e+01
   1.1993583e+07   3.7719727e+01
