   1.1996000e+07   0.0000000e+00
   2.0790000e+03   1.1596680e+01
   1.9141000e+04   1.1108398e+01
   7.4965700e+05   1.1596680e+01
   7.5556100e+05   1.1108398e+01
   9.1592100e+05   1.1230469e+01
   1.0499310e+06   1.1169434e+01
   1.1327040e+06   1.1108398e+01
   1.3923940e+06   1.1535645e+01
   2.4999190e+06   1.1413574e+01
   3.3338310e+06   1.1474609e+01
   3.5592570e+06   1.0986328e+01
   4.0628720e+06   1.1169434e+01
   4.2675670e+06   1.0986328e+01
   4.5848780e+06   1.1352539e+01
   4.6958690e+06   1.1474609e+01
   4.9837570e+06   1.1169434e+01
   5.0939700e+06   1.1047363e+01
   6.9126780e+06   1.1474609e+01
   7.4500940e+06   1.1657715e+01
   8.1443810e+06   1.1535645e+01
   8.8378050e+06   1.1718750e+01
   1.0178582e+07   1.2023926e+01
   1.0728127e+07   1.1779785e+01
   1.0864636e+07   1.1047363e+01
