   1.1996000e+07   0.0000000e+00
   1.5312200e+05   3.4179688e+01
   2.9577600e+05   3.3325195e+01
   2.9663400e+05   3.5949707e+01
   9.8405700e+05   3.9794922e+01
   1.6373660e+06   3.5156250e+01
   1.8744560e+06   3.6010742e+01
   1.8752640e+06   3.5400391e+01
   2.3840670e+06   3.3142090e+01
   2.5378050e+06   3.3020020e+01
   2.8622000e+06   3.5034180e+01
   2.9564080e+06   3.7292480e+01
   2.9595190e+06   3.5522461e+01
   5.3546980e+06   3.4606934e+01
   5.4093120e+06   3.2714844e+01
   6.2793730e+06   3.4301758e+01
   6.6264890e+06   4.4189453e+01
   6.6273900e+06   3.4606934e+01
   8.1537880e+06   3.8330078e+01
   8.8752300e+06   3.3020020e+01
   9.0288020e+06   3.5827637e+01
   1.0300209e+07   3.3325195e+01
   1.1128141e+07   4.0710449e+01
