   1.1996000e+07   0.0000000e+00
   8.6719000e+04   3.5705566e+01
   8.9944000e+04   1.3110352e+02
   9.0035000e+04   1.3305664e+02
   1.5243100e+05   1.4013672e+02
   1.5254200e+05   3.3630371e+01
   1.5314500e+05   3.8513184e+01
   1.5315900e+05   3.7109375e+01
   1.5397000e+05   3.3325195e+01
   1.5401000e+05   1.1169434e+02
   2.0747400e+05   1.2170410e+02
   2.0766300e+05   3.5644531e+01
   2.0891700e+05   3.7536621e+01
   2.0929200e+05   3.3020020e+01
   2.0935000e+05   1.3958740e+02
   2.0944500e+05   3.3386230e+01
   2.1003800e+05   3.4240723e+01
   2.1083400e+05   3.3813477e+01
   2.6100000e+05   1.3629150e+02
   2.9584000e+05   1.5093994e+02
   3.5546900e+05   1.3439941e+02
   4.6368000e+05   1.4648438e+02
   5.0611200e+05   1.4062500e+02
   6.2496100e+05   1.2658691e+02
   7.6409500e+05   3.4423828e+01
   9.5578600e+05   1.0778809e+02
   9.6346100e+05   1.3037109e+02
   1.1893490e+06   1.3104248e+02
   1.2390520e+06   1.4172363e+02
   1.3877490e+06   1.3500977e+02
   1.3878610e+06   1.1016846e+02
   1.3967060e+06   1.4031982e+02
   1.6372250e+06   3.9123535e+01
   1.6821110e+06   3.4606934e+01
   1.6910350e+06   1.2030029e+02
   1.8428870e+06   1.5368652e+02
   1.8743400e+06   3.2836914e+01
   1.8744780e+06   1.3281250e+02
   1.8745420e+06   1.2377930e+02
   1.8746380e+06   9.0026855e+01
   1.9122330e+06   1.2799072e+02
   2.0306610e+06   1.2817383e+02
   2.0713360e+06   1.3055420e+02
   2.0713940e+06   1.0333252e+02
   2.0715280e+06   1.1016846e+02
   2.0741360e+06   3.3935547e+01
   2.0742550e+06   3.3386230e+01
   2.0747950e+06   3.4179688e+01
   2.0757890e+06   3.4912109e+01
   2.0771930e+06   3.4057617e+01
   2.0959870e+06   1.3720703e+02
   2.0960600e+06   1.1352539e+02
   2.1325610e+06   1.4184570e+02
   2.1634910e+06   1.2640381e+02
   2.1635470e+06   1.2017822e+02
   2.1637250e+06   1.3061523e+02
   2.1638760e+06   3.2653809e+01
   2.1639430e+06   1.0864258e+02
   2.1641690e+06   3.2897949e+01
   2.1645170e+06   4.3334961e+01
   2.1648750e+06   3.2653809e+01
   2.1649230e+06   1.2957764e+02
   2.1649490e+06   3.3508301e+01
   2.1651110e+06   1.3122559e+02
   2.4196830e+06   3.6132812e+01
   2.4327900e+06   1.2225342e+02
   2.4328560e+06   1.0058594e+02
   2.4330320e+06   1.2597656e+02
   2.4332020e+06   5.9570312e+01
   2.4337960e+06   4.3640137e+01
   2.4349610e+06   3.4667969e+01
   2.4924210e+06   1.2084961e+02
   2.4931060e+06   3.3630371e+01
   2.8262800e+06   3.5217285e+01
   2.8408980e+06   3.2836914e+01
   2.8615360e+06   3.5461426e+01
   2.8616830e+06   4.8278809e+01
   2.8837190e+06   1.2707520e+02
   2.8837770e+06   1.1676025e+02
   2.9371260e+06   1.1761475e+02
   2.9371690e+06   1.0772705e+02
   2.9375680e+06   1.1053467e+02
   2.9592560e+06   1.1596680e+02
   2.9594960e+06   1.3983154e+02
   2.9595450e+06   1.1474609e+02
   3.1287550e+06   4.3518066e+01
   3.1288410e+06   3.4851074e+01
   3.1299780e+06   3.2226562e+01
   3.2543040e+06   1.2072754e+02
   3.2547130e+06   3.3813477e+01
   3.2547370e+06   1.0504150e+02
   3.2547790e+06   3.3996582e+01
   3.2577250e+06   3.2348633e+01
   3.2582130e+06   3.2958984e+01
   3.2586230e+06   3.3081055e+01
   3.2594640e+06   3.3813477e+01
   3.2599850e+06   3.2897949e+01
   3.3121230e+06   1.1651611e+02
   3.3126660e+06   4.3151855e+01
   3.3138720e+06   3.4118652e+01
   3.3144920e+06   3.8879395e+01
   3.3153370e+06   3.4362793e+01
   3.3156060e+06   3.5278320e+01
   3.3158520e+06   3.2592773e+01
   3.3180940e+06   3.4667969e+01
   3.3185600e+06   3.2470703e+01
   3.3367950e+06   1.3781738e+02
   3.6721970e+06   1.0766602e+02
   3.6722540e+06   1.2322998e+02
   3.6723320e+06   8.5327148e+01
   3.6727750e+06   1.2213135e+02
   3.7218790e+06   1.0131836e+02
   3.8637600e+06   3.2836914e+01
   4.2723810e+06   1.4099121e+02
   4.4292210e+06   1.0876465e+02
   4.4292660e+06   1.0845947e+02
   4.4294560e+06   1.0772705e+02
   4.6741490e+06   1.3769531e+02
   4.6742070e+06   9.3811035e+01
   4.6742520e+06   3.5583496e+01
   4.6742790e+06   8.3557129e+01
   4.6745400e+06   1.2463379e+02
   4.6747940e+06   1.3354492e+02
   4.6754880e+06   1.3720703e+02
   4.6758690e+06   3.3081055e+01
   4.6760950e+06   3.2592773e+01
   4.6765530e+06   3.6193848e+01
   4.6780140e+06   3.7414551e+01
   4.6791640e+06   3.2226562e+01
   4.6835650e+06   1.0845947e+02
   4.6848570e+06   1.0546875e+02
   4.7571320e+06   1.4605713e+02
   4.9039830e+06   1.4874268e+02
   4.9042220e+06   3.7963867e+01
   4.9043300e+06   1.1425781e+02
   4.9043800e+06   3.9184570e+01
   4.9045380e+06   3.3081055e+01
   4.9050120e+06   3.2897949e+01
   4.9051680e+06   3.4484863e+01
   4.9054200e+06   3.2531738e+01
   4.9062910e+06   3.6682129e+01
   4.9065240e+06   3.2531738e+01
   4.9082700e+06   3.4729004e+01
   4.9101400e+06   3.5400391e+01
   4.9803570e+06   1.2237549e+02
   4.9804090e+06   1.0913086e+02
   4.9804780e+06   9.8266602e+01
   4.9808390e+06   3.2348633e+01
   4.9811030e+06   4.2358398e+01
   4.9819450e+06   3.3935547e+01
   4.9827940e+06   3.6376953e+01
   4.9831790e+06   3.2653809e+01
   4.9840070e+06   3.2531738e+01
   4.9856920e+06   3.6376953e+01
   4.9864260e+06   3.3020020e+01
   5.9817080e+06   1.1053467e+02
   5.9817190e+06   3.9489746e+01
   5.9821910e+06   3.2409668e+01
   5.9822440e+06   1.4556885e+02
   5.9847720e+06   3.5522461e+01
   5.9858880e+06   3.4545898e+01
   5.9860360e+06   3.4057617e+01
   6.8802310e+06   1.3269043e+02
   6.8807750e+06   1.3500977e+02
   6.8810680e+06   1.2219238e+02
   6.9594080e+06   3.2836914e+01
   6.9933170e+06   1.2341309e+02
   7.0369850e+06   1.3787842e+02
   7.0514500e+06   1.4221191e+02
   7.1872360e+06   1.0766602e+02
   7.1873120e+06   1.2188721e+02
   7.2835940e+06   1.3128662e+02
   7.3683980e+06   3.2592773e+01
   7.3786650e+06   1.0241699e+02
   7.4290030e+06   1.2164307e+02
   7.7538180e+06   1.3977051e+02
   7.7719350e+06   3.3142090e+01
   7.7733060e+06   1.1138916e+02
   7.7733610e+06   1.2255859e+02
   8.0749430e+06   1.1553955e+02
   8.2654650e+06   1.0839844e+02
   8.3576500e+06   1.1431885e+02
   8.3578990e+06   3.3935547e+01
   8.4145130e+06   3.3630371e+01
   8.7253470e+06   1.1572266e+02
   8.7253900e+06   1.0699463e+02
   8.7257970e+06   1.2402344e+02
   8.8272900e+06   3.3752441e+01
   8.8278890e+06   3.4484863e+01
   8.8291240e+06   1.3354492e+02
   8.8291840e+06   1.1254883e+02
   8.8330950e+06   3.3630371e+01
   8.8347650e+06   3.7170410e+01
   9.0973450e+06   9.7717285e+01
   9.0973990e+06   1.1322021e+02
   9.4639980e+06   1.1938477e+02
   9.6177320e+06   3.2775879e+01
   9.6179790e+06   3.2775879e+01
   9.6190150e+06   3.4545898e+01
   9.6193870e+06   3.2958984e+01
   9.6203280e+06   3.6621094e+01
   1.0191133e+07   1.3146973e+02
   1.0286487e+07   1.1254883e+02
   1.0411899e+07   3.5827637e+01
   1.0839295e+07   1.1114502e+02
   1.0839363e+07   1.0760498e+02
   1.0840108e+07   3.4240723e+01
   1.0840299e+07   3.2287598e+01
   1.0840968e+07   3.3203125e+01
   1.0868762e+07   3.2592773e+01
   1.1045736e+07   3.5705566e+01
   1.1167807e+07   3.4729004e+01
   1.1237973e+07   3.2287598e+01
   1.1447691e+07   3.5400391e+01
   1.1472635e+07   3.2775879e+01
   1.1490774e+07   3.5339355e+01
   1.1610722e+07   3.3996582e+01
   1.1678461e+07   3.6987305e+01
   1.1852130e+07   1.3812256e+02
   1.1857083e+07   3.2348633e+01
   1.1881118e+07   3.6743164e+01
   1.1927012e+07   1.4147949e+02
   1.1927062e+07   1.0614014e+02
   1.1928599e+07   3.3630371e+01
   1.1928749e+07   1.2707520e+02
   1.1928857e+07   3.3264160e+01
   1.1929126e+07   3.2775879e+01
   1.1932719e+07   3.4667969e+01
   1.1941601e+07   3.3569336e+01
