   1.1996000e+07   0.0000000e+00
   8.9239000e+04   4.5532227e+01
   3.1363500e+05   4.5959473e+01
   4.7325000e+05   4.4799805e+01
   5.8447400e+05   4.6447754e+01
   7.6374600e+05   6.6650391e+01
   7.6390700e+05   4.4860840e+01
   7.6406500e+05   4.8095703e+01
   7.6418700e+05   4.9926758e+01
   7.6438300e+05   5.0659180e+01
   7.6544100e+05   5.9265137e+01
   1.1057460e+06   4.5349121e+01
   1.3534000e+06   4.9377441e+01
   1.4843550e+06   4.5532227e+01
   1.4856020e+06   4.5166016e+01
   1.5274980e+06   4.9865723e+01
   1.5566120e+06   4.4982910e+01
   1.6251050e+06   4.4860840e+01
   1.9665230e+06   4.5043945e+01
   2.0641150e+06   4.5166016e+01
   2.5640800e+06   4.6630859e+01
   2.7711040e+06   4.5349121e+01
   2.8113400e+06   4.7790527e+01
   3.8889510e+06   5.3161621e+01
   4.5017300e+06   4.6325684e+01
   4.5865970e+06   4.5776367e+01
   4.8783070e+06   4.6630859e+01
   5.1351800e+06   4.6325684e+01
   5.8067750e+06   4.7119141e+01
   6.0141730e+06   4.6997070e+01
   6.2583230e+06   4.7729492e+01
   7.0383400e+06   4.5898438e+01
   7.1577720e+06   4.6081543e+01
   7.7119080e+06   4.8217773e+01
   8.6589280e+06   4.7241211e+01
   8.8358540e+06   4.9804688e+01
   8.8794240e+06   4.5898438e+01
   9.1893940e+06   4.7546387e+01
   9.2073370e+06   4.9987793e+01
   9.4154450e+06   4.5776367e+01
   1.0877970e+07   4.7180176e+01
   1.1087620e+07   4.5593262e+01
   1.1184187e+07   4.6447754e+01
   1.1662007e+07   4.9255371e+01
   1.1722483e+07   4.5654297e+01
   1.1771508e+07   4.7363281e+01
