   1.1996000e+07   0.0000000e+00
   8.6618000e+04   8.7036133e+01
   8.6659000e+04   7.9589844e+01
   8.9848000e+04   6.5063477e+01
   8.9892000e+04   5.1635742e+01
   8.9963000e+04   4.1076660e+01
   1.5226700e+05   6.9458008e+01
   1.5231400e+05   3.9062500e+01
   1.5238100e+05   3.2531738e+01
   1.5279800e+05   8.4350586e+01
   1.5284300e+05   4.8950195e+01
   1.5307400e+05   5.4016113e+01
   1.5312600e+05   1.2322998e+02
   1.5398800e+05   6.5612793e+01
   2.0736600e+05   6.3781738e+01
   2.0740900e+05   4.4189453e+01
   2.0747000e+05   3.6499023e+01
   2.0922500e+05   3.1433105e+01
   2.0928100e+05   4.2358398e+01
   2.0934900e+05   3.6254883e+01
   2.1004100e+05   5.4321289e+01
   2.1009800e+05   1.0363770e+02
   2.9576100e+05   9.7229004e+01
   2.9582200e+05   6.9091797e+01
   3.5533800e+05   8.1481934e+01
   3.5538700e+05   8.1237793e+01
   3.5543700e+05   6.4392090e+01
   7.6350600e+05   8.1970215e+01
   9.6338000e+05   6.0363770e+01
   9.6342600e+05   4.1503906e+01
   1.6371840e+06   8.9294434e+01
   1.6372270e+06   6.3110352e+01
   1.6372490e+06   8.6608887e+01
   1.8744220e+06   6.3171387e+01
   1.8744680e+06   4.7607422e+01
   2.0712630e+06   6.4636230e+01
   2.0713040e+06   3.9916992e+01
   2.0713220e+06   8.3435059e+01
   2.0713570e+06   3.2348633e+01
   2.1631720e+06   7.9467773e+01
   2.1631890e+06   1.0479736e+02
   2.1632210e+06   4.7912598e+01
   2.1634140e+06   6.0119629e+01
   2.1634760e+06   3.7841797e+01
   2.1636480e+06   5.9692383e+01
   2.1636880e+06   9.3933105e+01
   2.1638810e+06   5.5053711e+01
   2.1640430e+06   9.0393066e+01
   2.1643070e+06   5.3283691e+01
   2.1647380e+06   4.5471191e+01
   2.1648020e+06   3.3203125e+01
   2.1649000e+06   3.2958984e+01
   2.4323940e+06   6.7077637e+01
   2.4324450e+06   4.5654297e+01
   2.4326970e+06   5.4443359e+01
   2.4327440e+06   3.3447266e+01
   2.4329640e+06   5.3649902e+01
   2.4331370e+06   5.3588867e+01
   2.4331990e+06   1.1840820e+02
   2.4334910e+06   5.3405762e+01
   2.4335530e+06   3.3203125e+01
   2.8261670e+06   6.0791016e+01
   2.8262200e+06   4.7607422e+01
   2.8262880e+06   9.8388672e+01
   2.8611230e+06   6.8359375e+01
   2.8614740e+06   9.1064453e+01
   2.8615090e+06   8.0200195e+01
   2.8616580e+06   7.3730469e+01
   2.8617140e+06   5.6762695e+01
   2.8631030e+06   7.2753906e+01
   2.8836320e+06   6.1889648e+01
   2.8836770e+06   4.0344238e+01
   2.8837290e+06   3.7414551e+01
   2.9370920e+06   5.9570312e+01
   2.9371330e+06   4.5288086e+01
   2.9371600e+06   1.0009766e+02
   2.9374740e+06   5.6518555e+01
   2.9375210e+06   3.1250000e+01
   2.9590360e+06   7.0800781e+01
   2.9594230e+06   5.4382324e+01
   2.9594810e+06   3.7536621e+01
   3.1279680e+06   6.4025879e+01
   3.1280170e+06   4.2663574e+01
   3.1287170e+06   6.0546875e+01
   3.1287600e+06   4.4982910e+01
   3.1288000e+06   9.9243164e+01
   3.2541780e+06   9.0637207e+01
   3.2542400e+06   4.5898438e+01
   3.2546580e+06   5.3833008e+01
   3.2547030e+06   3.7414551e+01
   3.2547860e+06   8.8867188e+01
   3.2550440e+06   5.3527832e+01
   3.2550940e+06   3.6987305e+01
   3.3120130e+06   6.9580078e+01
   3.3120620e+06   5.1147461e+01
   3.3125580e+06   6.5979004e+01
   3.3126170e+06   4.3884277e+01
   3.5020050e+06   6.5734863e+01
   3.5020770e+06   4.7241211e+01
   3.6721390e+06   7.2998047e+01
   3.6721980e+06   4.2480469e+01
   3.6726700e+06   6.4147949e+01
   3.6727200e+06   3.5949707e+01
   3.8495210e+06   3.0639648e+01
   4.4291420e+06   6.0852051e+01
   4.4291860e+06   4.5104980e+01
   4.6740040e+06   3.0761719e+01
   4.6740620e+06   6.7565918e+01
   4.6741090e+06   4.7668457e+01
   4.6741640e+06   3.5583496e+01
   4.6744180e+06   5.0598145e+01
   4.6744690e+06   3.2836914e+01
   4.6746550e+06   5.2673340e+01
   4.6747150e+06   3.4057617e+01
   4.6748900e+06   5.6823730e+01
   4.6749440e+06   3.3203125e+01
   4.6749710e+06   7.6904297e+01
   4.6752970e+06   5.6335449e+01
   4.6753470e+06   3.4057617e+01
   4.6847440e+06   5.9204102e+01
   4.6847940e+06   4.7912598e+01
   4.9039010e+06   5.6884766e+01
   4.9039430e+06   4.0893555e+01
   4.9042460e+06   6.0852051e+01
   4.9042900e+06   3.6621094e+01
   4.9043330e+06   1.0028076e+02
   4.9803110e+06   6.8054199e+01
   4.9803540e+06   4.2785645e+01
   4.9804070e+06   4.0466309e+01
   4.9806170e+06   5.5480957e+01
   5.0801660e+06   6.3171387e+01
   5.2209850e+06   7.4157715e+01
   5.3537300e+06   1.0290527e+02
   5.3542560e+06   8.5876465e+01
   5.5626970e+06   3.1066895e+01
   5.7932140e+06   6.9091797e+01
   5.9816120e+06   6.3110352e+01
   5.9816530e+06   5.2001953e+01
   5.9821630e+06   6.3842773e+01
   5.9822080e+06   3.4057617e+01
   5.9824570e+06   5.4260254e+01
   5.9825150e+06   3.1799316e+01
   5.9827110e+06   4.5227051e+01
   6.3996930e+06   3.2592773e+01
   6.8805830e+06   1.1303711e+02
   6.8806270e+06   8.0200195e+01
   6.8809930e+06   5.8044434e+01
   6.8810480e+06   3.9855957e+01
   7.1871500e+06   6.5246582e+01
   7.1872040e+06   5.4809570e+01
   7.3118190e+06   9.2285156e+01
   7.4404290e+06   3.0700684e+01
   7.7537090e+06   5.5786133e+01
   7.7537540e+06   4.9804688e+01
   7.7731950e+06   6.0485840e+01
   7.7732470e+06   3.8330078e+01
   7.7732980e+06   3.8696289e+01
   8.3574630e+06   5.9753418e+01
   8.3575060e+06   5.2978516e+01
   8.3575570e+06   4.1076660e+01
   8.7121540e+06   3.0700684e+01
   8.7252240e+06   6.9091797e+01
   8.7252660e+06   4.1442871e+01
   8.7253170e+06   3.5278320e+01
   8.7257140e+06   5.1452637e+01
   8.7257620e+06   3.4606934e+01
   8.8289250e+06   6.6040039e+01
   8.8289960e+06   5.2429199e+01
   8.8290680e+06   4.0832520e+01
   8.8291410e+06   3.3691406e+01
   9.0778050e+06   3.0761719e+01
   9.0972410e+06   5.5908203e+01
   9.0972860e+06   4.1687012e+01
   9.0973440e+06   4.3273926e+01
   9.9744450e+06   7.7453613e+01
   1.0836578e+07   6.9213867e+01
   1.0839180e+07   5.8837891e+01
   1.0839225e+07   4.1503906e+01
   1.0839284e+07   3.7719727e+01
   1.0969346e+07   8.3557129e+01
   1.1926880e+07   5.4382324e+01
   1.1926920e+07   3.9550781e+01
   1.1926970e+07   4.1381836e+01
   1.1927162e+07   5.5358887e+01
   1.1928592e+07   5.6945801e+01
   1.1928661e+07   4.2846680e+01
