   1.1996000e+07   0.0000000e+00
   1.8584400e+05   5.1635742e+01
   2.3690700e+05   5.1086426e+01
   3.1997900e+05   5.3710938e+01
   6.9290900e+05   5.1452637e+01
   8.9376300e+05   5.1147461e+01
   9.2360600e+05   5.3466797e+01
   1.0109440e+06   5.2734375e+01
   1.0263070e+06   5.1940918e+01
   1.0438550e+06   5.1086426e+01
   1.0595150e+06   5.6091309e+01
   1.1060890e+06   5.5053711e+01
   1.5792450e+06   5.1452637e+01
   1.7031010e+06   5.1452637e+01
   1.8156020e+06   5.4016113e+01
   2.0867110e+06   5.3039551e+01
   2.1128880e+06   5.1635742e+01
   2.1755380e+06   5.4992676e+01
   2.3833500e+06   5.2795410e+01
   2.5701110e+06   5.1818848e+01
   6.0929410e+06   5.1391602e+01
   7.7560350e+06   5.1269531e+01
   8.7594540e+06   5.2062988e+01
   1.0309147e+07   5.1879883e+01
   1.1637299e+07   5.2185059e+01
