   1.1996000e+07   0.0000000e+00
   8.6679000e+04   5.6518555e+01
   1.5315800e+05   5.2795410e+01
   2.9579900e+05   4.4372559e+01
   3.5542300e+05   4.5532227e+01
   1.6372630e+06   4.2907715e+01
   1.8746180e+06   4.5410156e+01
   2.8615260e+06   4.1564941e+01
   2.9595300e+06   5.1513672e+01
   3.6720600e+06   4.1992188e+01
   4.7089620e+06   4.4677734e+01
   6.8806040e+06   4.2297363e+01
   7.3118480e+06   4.7485352e+01
   8.5934320e+06   4.2358398e+01
   8.8289260e+06   4.6630859e+01
   9.3012610e+06   4.2175293e+01
   9.8188390e+06   5.0354004e+01
   1.1671074e+07   4.1564941e+01
