   1.1996000e+07   0.0000000e+00
   9.9946000e+04   3.4484863e+01
   1.0026100e+05   3.9672852e+01
   1.0050000e+05   3.7048340e+01
   1.0075800e+05   3.3935547e+01
   2.5867200e+05   3.6682129e+01
   2.5918600e+05   3.6193848e+01
   4.4748500e+05   3.3874512e+01
   8.0801300e+05   3.3569336e+01
   1.3301240e+06   3.3691406e+01
   1.4828950e+06   3.4667969e+01
   1.7637410e+06   4.5104980e+01
   1.7639060e+06   3.8208008e+01
   1.7644640e+06   3.5217285e+01
   1.9727880e+06   3.3691406e+01
   2.4137270e+06   3.5156250e+01
   2.4140080e+06   3.3935547e+01
   2.4154610e+06   3.4301758e+01
   2.5619870e+06   4.0771484e+01
   2.5631900e+06   3.9489746e+01
   2.5643670e+06   3.3447266e+01
   2.6149230e+06   3.3874512e+01
   2.6150980e+06   3.7719727e+01
   2.6157900e+06   3.4484863e+01
   2.7833090e+06   3.3386230e+01
   3.0989050e+06   3.3996582e+01
   3.0990920e+06   3.8818359e+01
   3.0993420e+06   3.5888672e+01
   3.2383330e+06   3.4423828e+01
   3.2389890e+06   3.3935547e+01
   3.2398270e+06   3.7475586e+01
   3.2871860e+06   4.0283203e+01
   3.2873220e+06   3.3264160e+01
   3.7829380e+06   3.9489746e+01
   3.7833660e+06   3.3813477e+01
   3.7861060e+06   3.3203125e+01
   3.7874790e+06   4.0466309e+01
   3.9799210e+06   3.9672852e+01
   3.9803240e+06   3.3447266e+01
   4.1389380e+06   3.8146973e+01
   4.1391590e+06   3.4240723e+01
   4.1395690e+06   3.3264160e+01
   4.1403720e+06   3.3752441e+01
   4.7933870e+06   3.2897949e+01
   4.7940100e+06   4.4372559e+01
   4.7943960e+06   3.4423828e+01
   4.9241380e+06   3.3264160e+01
   4.9301890e+06   3.6010742e+01
   4.9315120e+06   3.4484863e+01
   4.9771120e+06   4.2724609e+01
   4.9773300e+06   3.3264160e+01
   4.9784840e+06   3.3386230e+01
   4.9802070e+06   3.5339355e+01
   5.0818830e+06   3.4729004e+01
   5.3492900e+06   3.5888672e+01
   5.3500500e+06   3.5217285e+01
   5.8055030e+06   3.3630371e+01
   6.3064380e+06   3.3203125e+01
   6.6454520e+06   3.5888672e+01
   6.6458490e+06   3.9367676e+01
   6.6475340e+06   3.3752441e+01
   6.6480410e+06   3.5644531e+01
   6.6662670e+06   3.7658691e+01
   6.6671560e+06   3.7414551e+01
   6.6677880e+06   3.6071777e+01
   6.8362030e+06   3.5034180e+01
   6.8376300e+06   3.4973145e+01
   6.8683150e+06   3.3691406e+01
   6.8687680e+06   3.5339355e+01
   6.8700310e+06   3.4545898e+01
   6.8712400e+06   3.5278320e+01
   7.9183350e+06   3.5644531e+01
   7.9185060e+06   3.3081055e+01
   8.2560020e+06   3.4118652e+01
   8.2567360e+06   3.5034180e+01
   8.3028570e+06   3.2897949e+01
   8.3031050e+06   3.7597656e+01
   8.3044740e+06   3.4179688e+01
   8.8385850e+06   3.4545898e+01
   8.9454320e+06   3.3142090e+01
   9.1040750e+06   3.3264160e+01
   9.2377730e+06   3.4790039e+01
   9.2378790e+06   3.5522461e+01
   9.2381540e+06   3.2775879e+01
   9.2384230e+06   3.3020020e+01
   9.3397620e+06   4.0100098e+01
   9.3399210e+06   3.4545898e+01
   9.3406130e+06   3.6132812e+01
   9.3712280e+06   3.3325195e+01
   9.3840250e+06   3.3020020e+01
   9.4323190e+06   3.2897949e+01
   9.5023350e+06   3.2836914e+01
   9.5522240e+06   3.4179688e+01
   1.0226278e+07   3.3325195e+01
   1.0226437e+07   3.5278320e+01
   1.0226847e+07   3.3630371e+01
   1.0227430e+07   3.3081055e+01
   1.0243522e+07   3.3386230e+01
   1.0244121e+07   3.5278320e+01
   1.0244396e+07   3.4545898e+01
   1.0387349e+07   3.6499023e+01
   1.0700251e+07   3.5217285e+01
   1.0700537e+07   3.9794922e+01
   1.1508679e+07   3.4362793e+01
   1.1509448e+07   3.4729004e+01
   1.1682271e+07   3.2958984e+01
   1.1682457e+07   3.3020020e+01
