   1.1996000e+07   0.0000000e+00
   6.8246000e+04   4.0161133e+01
   1.5401600e+05   5.1147461e+01
   3.0896200e+05   3.6926270e+01
   3.3707500e+05   3.8208008e+01
   5.2704900e+05   3.8330078e+01
   5.6155300e+05   4.4250488e+01
   5.7355900e+05   4.0588379e+01
   9.8642600e+05   3.9184570e+01
   9.8897200e+05   4.0222168e+01
   1.1633610e+06   3.7048340e+01
   1.4170190e+06   4.4311523e+01
   1.4220920e+06   3.6865234e+01
   1.5714650e+06   3.7048340e+01
   1.5904200e+06   4.0588379e+01
   1.6140410e+06   4.6020508e+01
   1.6333440e+06   4.3029785e+01
   1.8929070e+06   3.9123535e+01
   2.1004880e+06   3.8818359e+01
   2.2406350e+06   4.3273926e+01
   2.4187530e+06   3.9550781e+01
   2.5797620e+06   3.7536621e+01
   2.5798140e+06   3.7597656e+01
   2.5886450e+06   4.1015625e+01
   2.7387600e+06   3.7414551e+01
   2.7493760e+06   4.8339844e+01
   2.7549850e+06   3.9611816e+01
   2.8614290e+06   4.4738770e+01
   2.9130090e+06   4.1687012e+01
   3.0605640e+06   4.2541504e+01
   3.0693460e+06   3.7414551e+01
   3.0771600e+06   3.9245605e+01
   3.0886790e+06   3.7597656e+01
   3.2596870e+06   3.7658691e+01
   3.2760930e+06   4.0344238e+01
   3.4335570e+06   3.7841797e+01
   3.4457780e+06   3.8940430e+01
   3.4504660e+06   3.7414551e+01
   3.6171090e+06   4.5471191e+01
   3.6290200e+06   4.5654297e+01
   3.6984760e+06   4.3762207e+01
   3.6985340e+06   3.8269043e+01
   3.6985960e+06   3.8085938e+01
   3.7790190e+06   4.2907715e+01
   3.7790670e+06   3.8208008e+01
   3.7794480e+06   4.2297363e+01
   3.7891560e+06   3.7780762e+01
   3.8753140e+06   3.8452148e+01
   3.8755770e+06   3.8085938e+01
   3.8857140e+06   3.9001465e+01
   3.9251020e+06   4.1687012e+01
   3.9305630e+06   3.8940430e+01
   3.9841560e+06   4.3395996e+01
   3.9947410e+06   3.7109375e+01
   4.0096950e+06   3.8513184e+01
   4.1133350e+06   4.4006348e+01
   4.1620110e+06   3.8879395e+01
   4.1627380e+06   4.6386719e+01
   4.1759380e+06   3.7902832e+01
   4.2502780e+06   4.3395996e+01
   4.2569220e+06   4.2358398e+01
   4.3591550e+06   4.0283203e+01
   4.4326910e+06   3.9611816e+01
   4.4448960e+06   4.6325684e+01
   4.4449490e+06   3.7109375e+01
   4.5234330e+06   4.0283203e+01
   4.5570360e+06   3.7475586e+01
   4.6009030e+06   4.3090820e+01
   4.6095590e+06   3.7109375e+01
   4.6213810e+06   4.9987793e+01
   4.8064890e+06   4.1198730e+01
   4.9002860e+06   3.7719727e+01
   4.9818280e+06   3.7231445e+01
   5.0209640e+06   3.8024902e+01
   5.1466090e+06   3.7170410e+01
   5.1581620e+06   4.0832520e+01
   5.1699290e+06   4.0527344e+01
   5.2697910e+06   3.7597656e+01
   5.2698370e+06   3.7658691e+01
   5.2826820e+06   4.1442871e+01
   5.3724190e+06   4.2724609e+01
   5.4670580e+06   4.4982910e+01
   5.5514120e+06   3.7902832e+01
   5.6028380e+06   3.9855957e+01
   5.6890720e+06   3.7780762e+01
   5.7050590e+06   3.9916992e+01
   5.7151150e+06   4.4128418e+01
   5.8469730e+06   3.9733887e+01
   5.8551700e+06   3.7780762e+01
   5.9922480e+06   4.0222168e+01
   6.0708270e+06   4.1564941e+01
   6.0810050e+06   3.9672852e+01
   6.0882660e+06   3.7902832e+01
   6.2972850e+06   3.9550781e+01
   6.2973500e+06   4.2358398e+01
   6.3118540e+06   4.7729492e+01
   6.4431650e+06   4.1381836e+01
   6.4717420e+06   4.7302246e+01
   6.5493520e+06   4.1015625e+01
   6.5740460e+06   4.0954590e+01
   6.6263840e+06   4.7851563e+01
   6.7134980e+06   3.7597656e+01
   6.7240520e+06   4.1992188e+01
   6.8101250e+06   4.0527344e+01
   6.8170010e+06   5.1269531e+01
   6.9443220e+06   3.8024902e+01
   6.9537850e+06   3.9001465e+01
   6.9617070e+06   4.3640137e+01
   6.9673190e+06   4.1320801e+01
   7.0412610e+06   3.7658691e+01
   7.1601740e+06   3.8513184e+01
   7.1731770e+06   5.0598145e+01
   7.1732320e+06   4.0588379e+01
   7.2772750e+06   4.0588379e+01
   7.2773880e+06   3.8574219e+01
   7.2823340e+06   3.8330078e+01
   7.3396680e+06   4.9255371e+01
   7.4259800e+06   4.4372559e+01
   7.5277680e+06   4.3640137e+01
   7.5410820e+06   4.5349121e+01
   7.6258960e+06   4.3334961e+01
   7.6674190e+06   3.7353516e+01
   7.6795980e+06   3.7902832e+01
   7.6921050e+06   3.9001465e+01
   7.7793770e+06   3.7292480e+01
   7.7875060e+06   3.8879395e+01
   7.7999510e+06   4.5166016e+01
   7.8923620e+06   4.1259766e+01
   7.9338380e+06   4.2114258e+01
   7.9342260e+06   3.7597656e+01
   8.0752980e+06   4.4738770e+01
   8.0880140e+06   3.7414551e+01
   8.0956500e+06   3.9489746e+01
   8.1682680e+06   3.7719727e+01
   8.1759610e+06   3.7963867e+01
   8.2222100e+06   4.7729492e+01
   8.2222650e+06   3.7841797e+01
   8.2366000e+06   4.0832520e+01
   8.2369050e+06   3.7536621e+01
   8.3317570e+06   3.9306641e+01
   8.3434120e+06   4.5410156e+01
   8.3547340e+06   4.6020508e+01
   8.3548040e+06   4.0954590e+01
   8.4259190e+06   3.8330078e+01
   8.4440220e+06   4.0771484e+01
   8.4566930e+06   4.4982910e+01
   8.4658570e+06   3.8085938e+01
   8.4812070e+06   3.9245605e+01
   8.6159510e+06   3.8574219e+01
   8.6453440e+06   4.1503906e+01
   8.6454590e+06   4.4982910e+01
   8.6915970e+06   3.9245605e+01
   8.7334780e+06   3.7658691e+01
   8.9101100e+06   4.0100098e+01
   8.9233800e+06   3.7292480e+01
   8.9234230e+06   3.7597656e+01
   9.0004590e+06   3.9794922e+01
   9.0007750e+06   3.8085938e+01
   9.0097410e+06   3.8940430e+01
   9.0243550e+06   3.7658691e+01
   9.0786540e+06   4.1381836e+01
   9.1246210e+06   3.9611816e+01
   9.1276920e+06   3.8330078e+01
   9.2383170e+06   3.8452148e+01
   9.2950140e+06   4.3518066e+01
   9.3058660e+06   3.8146973e+01
   9.3209480e+06   4.5654297e+01
   9.3282920e+06   3.8391113e+01
   9.3415430e+06   4.3151855e+01
   9.3969290e+06   4.5227051e+01
   9.3971270e+06   4.0588379e+01
   9.4029010e+06   3.8208008e+01
   9.4718380e+06   3.8391113e+01
   9.4927200e+06   4.0466309e+01
   9.5086690e+06   3.7109375e+01
   9.5092820e+06   3.6987305e+01
   9.5683540e+06   3.7963867e+01
   9.5819600e+06   4.2846680e+01
   9.6574420e+06   3.8085938e+01
   9.6793380e+06   4.1931152e+01
   9.7624770e+06   4.3701172e+01
   9.7626500e+06   3.7231445e+01
   9.7694740e+06   3.7963867e+01
   9.7752570e+06   5.2917480e+01
   9.7922890e+06   3.9489746e+01
   9.8261410e+06   3.9978027e+01
   9.8817740e+06   3.8879395e+01
   9.8975440e+06   3.7292480e+01
   9.9100470e+06   4.2602539e+01
   9.9352030e+06   3.9489746e+01
   1.0026230e+07   4.0100098e+01
   1.0042294e+07   4.2602539e+01
   1.0096711e+07   4.2724609e+01
   1.0110918e+07   3.7536621e+01
   1.0207853e+07   4.1870117e+01
   1.0208216e+07   3.8696289e+01
   1.0231871e+07   4.8645020e+01
   1.0334246e+07   4.2358398e+01
   1.0334300e+07   3.7048340e+01
   1.0342725e+07   4.1870117e+01
   1.0351323e+07   4.0344238e+01
   1.0394980e+07   3.8024902e+01
   1.0475251e+07   5.1940918e+01
   1.0502699e+07   3.8452148e+01
   1.0538681e+07   3.9489746e+01
   1.0562309e+07   4.5471191e+01
   1.0627821e+07   4.8522949e+01
   1.0685199e+07   4.1442871e+01
   1.0693917e+07   3.7902832e+01
   1.0702759e+07   3.7109375e+01
   1.0712556e+07   5.2734375e+01
   1.0723449e+07   4.8034668e+01
   1.0834473e+07   4.0954590e+01
   1.0838859e+07   4.0222168e+01
   1.0850078e+07   3.9733887e+01
   1.0866984e+07   4.2480469e+01
   1.0867039e+07   3.7536621e+01
   1.0872479e+07   4.1381836e+01
   1.0881550e+07   3.9184570e+01
   1.0895169e+07   3.6987305e+01
   1.0943215e+07   3.7170410e+01
   1.0943264e+07   3.9428711e+01
   1.0961649e+07   4.4738770e+01
   1.0962001e+07   4.1992187e+01
   1.0974508e+07   4.2846680e+01
   1.1035219e+07   4.2175293e+01
   1.1044950e+07   4.4921875e+01
   1.1090827e+07   4.3090820e+01
   1.1128118e+07   3.7963867e+01
   1.1162189e+07   4.0222168e+01
   1.1163926e+07   3.7963867e+01
   1.1233490e+07   4.4738770e+01
   1.1252642e+07   3.8146973e+01
   1.1304990e+07   3.7170410e+01
   1.1315762e+07   3.9672852e+01
   1.1374015e+07   3.8879395e+01
   1.1381337e+07   3.9123535e+01
   1.1385164e+07   3.9550781e+01
   1.1394536e+07   4.2480469e+01
   1.1394577e+07   3.9855957e+01
   1.1410407e+07   4.1625977e+01
   1.1469582e+07   4.0100098e+01
   1.1469640e+07   3.8391113e+01
   1.1549426e+07   3.8391113e+01
   1.1556338e+07   4.2114258e+01
   1.1559126e+07   3.6987305e+01
   1.1570148e+07   3.9855957e+01
   1.1628610e+07   3.8940430e+01
   1.1644246e+07   4.7424316e+01
   1.1644306e+07   4.2419434e+01
   1.1651568e+07   4.0832520e+01
   1.1663274e+07   3.7719727e+01
   1.1700028e+07   3.7048340e+01
   1.1740164e+07   3.8940430e+01
   1.1748206e+07   3.9489746e+01
   1.1755019e+07   4.3579102e+01
   1.1798990e+07   3.8208008e+01
   1.1861875e+07   3.8513184e+01
   1.1878997e+07   4.1442871e+01
   1.1901964e+07   4.1442871e+01
   1.1908989e+07   4.3579102e+01
   1.1925600e+07   3.7048340e+01
   1.1970897e+07   3.8269043e+01
