   1.1996000e+07   0.0000000e+00
   2.1266210e+06   4.0466309e+01
   2.2187160e+06   4.0344238e+01
   2.3973170e+06   4.2419434e+01
   2.8188800e+06   4.3579102e+01
   2.8727310e+06   4.1137695e+01
   2.9529020e+06   4.1503906e+01
   3.7885740e+06   4.4616699e+01
   3.9369210e+06   4.1687012e+01
   5.4170090e+06   4.3212891e+01
   5.9286260e+06   4.7424316e+01
   5.9926860e+06   4.4982910e+01
   6.8785540e+06   4.1687012e+01
   6.9011880e+06   4.1687012e+01
   8.2422610e+06   4.2297363e+01
   8.3509390e+06   4.1503906e+01
   9.0332470e+06   4.2236328e+01
   1.0257340e+07   4.1931152e+01
   1.0477264e+07   4.1931152e+01
   1.0917881e+07   4.2114258e+01
   1.1194527e+07   4.2236328e+01
   1.1460084e+07   4.1259766e+01
