   1.1996000e+07   0.0000000e+00
   2.5403300e+05   3.5705566e+01
   1.2762650e+06   3.9001465e+01
   1.3306580e+06   3.5400391e+01
   2.1794850e+06   3.6193848e+01
   2.4263160e+06   3.6560059e+01
   2.4782540e+06   3.6743164e+01
   2.5983000e+06   3.6315918e+01
   2.9255990e+06   3.6560059e+01
   3.7871230e+06   3.9978027e+01
   5.8155710e+06   3.6437988e+01
   6.5886060e+06   3.6254883e+01
   6.6958300e+06   3.8574219e+01
   7.3402640e+06   3.6682129e+01
   7.3408600e+06   3.6010742e+01
   7.4834320e+06   3.9611816e+01
   7.7062070e+06   3.6560059e+01
   7.7062940e+06   3.8269043e+01
   8.4656350e+06   3.8391113e+01
   9.2473300e+06   3.6132812e+01
   9.7697110e+06   3.6865234e+01
   9.8037260e+06   3.5156250e+01
   9.8091620e+06   3.6071777e+01
   9.8343460e+06   3.6437988e+01
   1.0040319e+07   3.7658691e+01
   1.0393203e+07   3.5949707e+01
   1.0877842e+07   3.6804199e+01
   1.1117120e+07   3.6499023e+01
   1.1477371e+07   3.5705566e+01
   1.1581181e+07   3.5766602e+01
   1.1912957e+07   3.8024902e+01
