   1.1996000e+07   0.0000000e+00
   1.3117000e+04   3.0517578e+01
   2.0110400e+05   3.1372070e+01
   2.7977400e+05   3.1799316e+01
   3.8153900e+05   3.2958984e+01
   4.2871900e+05   3.0456543e+01
   5.4662300e+05   3.1494141e+01
   6.5965600e+05   3.1127930e+01
   6.9534800e+05   3.1311035e+01
   7.1877300e+05   3.0334473e+01
   7.1900100e+05   3.4240723e+01
   7.6381600e+05   3.0639648e+01
   7.6393700e+05   3.5400391e+01
   8.5896300e+05   3.0883789e+01
   9.1784200e+05   3.1188965e+01
   9.6654100e+05   3.2287598e+01
   1.1378300e+06   3.3935547e+01
   1.1427870e+06   3.1738281e+01
   1.2443870e+06   3.5461426e+01
   1.3308990e+06   3.1250000e+01
   1.8611550e+06   3.0212402e+01
   2.1381710e+06   3.0395508e+01
   2.2001420e+06   3.0151367e+01
   2.2399760e+06   3.4851074e+01
   2.3692020e+06   3.0273438e+01
   2.3711670e+06   3.5827637e+01
   2.5012450e+06   3.5095215e+01
   2.5080470e+06   3.1494141e+01
   2.7017840e+06   3.0883789e+01
   2.9126220e+06   3.0456543e+01
   2.9428730e+06   3.3874512e+01
   2.9443610e+06   3.2470703e+01
   3.0201210e+06   3.2592773e+01
   3.0202480e+06   3.0639648e+01
   3.0227470e+06   3.1188965e+01
   3.0862190e+06   3.4118652e+01
   3.0862380e+06   3.0944824e+01
   3.0862750e+06   3.1311035e+01
   3.0871280e+06   3.2287598e+01
   3.0961830e+06   3.2470703e+01
   3.1481650e+06   3.3813477e+01
   3.1482100e+06   3.1799316e+01
   3.1969440e+06   3.1250000e+01
   3.1972650e+06   3.1188965e+01
   3.2741040e+06   3.2714844e+01
   3.3086440e+06   3.5827637e+01
   3.5095860e+06   3.2165527e+01
   3.7048820e+06   3.9794922e+01
   3.7048980e+06   3.7414551e+01
   3.7049410e+06   3.0700684e+01
   3.7872880e+06   3.5583496e+01
   4.0627130e+06   3.1494141e+01
   4.1119480e+06   3.4057617e+01
   4.1121390e+06   3.0639648e+01
   4.1642820e+06   3.1372070e+01
   4.2161840e+06   3.4851074e+01
   4.3241540e+06   3.1677246e+01
   4.4119190e+06   3.5095215e+01
   4.6473130e+06   3.0822754e+01
   4.6477880e+06   3.0883789e+01
   4.8294430e+06   3.2470703e+01
   4.9455450e+06   3.3630371e+01
   5.0937390e+06   3.0822754e+01
   5.1815900e+06   3.3386230e+01
   5.3087080e+06   3.1860352e+01
   5.3890410e+06   3.0883789e+01
   5.5430100e+06   3.2287598e+01
   5.5724080e+06   3.9184570e+01
   5.5977400e+06   3.1066895e+01
   5.6234350e+06   3.0761719e+01
   5.6277140e+06   3.0944824e+01
   5.9301560e+06   3.1127930e+01
   6.3785510e+06   3.1799316e+01
   6.5888020e+06   3.2592773e+01
   7.1103990e+06   3.1372070e+01
   7.3350140e+06   3.1433105e+01
   7.3403450e+06   3.2104492e+01
   7.3908340e+06   3.3386230e+01
   7.3918130e+06   3.0883789e+01
   7.4832790e+06   3.0639648e+01
   7.4833070e+06   3.0639648e+01
   7.4833510e+06   3.3142090e+01
   7.5441660e+06   3.2592773e+01
   7.5442490e+06   3.2409668e+01
   7.5443220e+06   3.1127930e+01
   7.6321520e+06   3.1433105e+01
   7.6321980e+06   3.2470703e+01
   7.6323180e+06   3.3813477e+01
   7.7114170e+06   3.0578613e+01
   7.7790420e+06   3.2470703e+01
   7.7790800e+06   3.0578613e+01
   8.0486000e+06   3.7292480e+01
   8.0486310e+06   3.0517578e+01
   8.3450160e+06   3.0700684e+01
   8.7344140e+06   3.5217285e+01
   8.9322560e+06   3.0883789e+01
   9.2289540e+06   3.0761719e+01
   9.4121640e+06   3.0822754e+01
   9.4409770e+06   3.2531738e+01
   9.5198020e+06   3.0944824e+01
   9.5215380e+06   3.0700684e+01
   9.5497040e+06   3.0578613e+01
   9.5890050e+06   3.2958984e+01
   9.6201560e+06   3.6926270e+01
   9.6392620e+06   3.4729004e+01
   9.8323310e+06   3.1433105e+01
   9.8429220e+06   3.0639648e+01
   9.9172170e+06   3.1616211e+01
   9.9540400e+06   3.5888672e+01
   9.9540640e+06   3.3447266e+01
   1.0009623e+07   3.3020020e+01
   1.0041188e+07   3.3691406e+01
   1.0073488e+07   3.1921387e+01
   1.0175532e+07   3.4606934e+01
   1.0421302e+07   3.1555176e+01
   1.0710515e+07   3.3630371e+01
   1.0968582e+07   3.0517578e+01
   1.1023818e+07   3.1066895e+01
   1.1024421e+07   3.1188965e+01
   1.1194557e+07   3.0883789e+01
   1.1194593e+07   3.1738281e+01
   1.1194638e+07   3.1616211e+01
   1.1314282e+07   3.2226562e+01
   1.1477233e+07   3.0639648e+01
   1.1581072e+07   3.0822754e+01
   1.1771052e+07   3.2958984e+01
   1.1912926e+07   3.5888672e+01
   1.1916422e+07   3.1799316e+01
   1.1937504e+07   3.1127930e+01
   1.1937796e+07   3.2348633e+01
   1.1980709e+07   3.1433105e+01
