   1.1996000e+07   0.0000000e+00
   1.8600000e+03   3.7597656e+01
   7.9200000e+03   3.2226562e+01
   1.1273000e+04   3.6010742e+01
   1.1432000e+04   3.2653809e+01
   1.2315000e+04   3.8208008e+01
   1.2737000e+04   3.8085938e+01
   1.3537000e+04   3.5095215e+01
   1.4124000e+04   3.2043457e+01
   1.6331000e+04   3.1738281e+01
   2.3792000e+04   3.2958984e+01
   2.9057000e+04   3.2348633e+01
   3.0630000e+04   3.3935547e+01
   3.1038000e+04   3.1616211e+01
   3.3455000e+04   3.3569336e+01
   4.1895000e+04   3.4057617e+01
   4.9328000e+04   3.3996582e+01
   5.0008000e+04   3.2226562e+01
   5.1852000e+04   3.3325195e+01
   5.3037000e+04   3.2287598e+01
   5.3526000e+04   3.4423828e+01
   5.3878000e+04   3.2165527e+01
   5.4059000e+04   3.1555176e+01
   5.4586000e+04   3.3691406e+01
   5.5495000e+04   3.2714844e+01
   5.5855000e+04   4.3945312e+01
   5.5963000e+04   3.3203125e+01
   5.6528000e+04   3.4362793e+01
   5.8289000e+04   3.3081055e+01
   6.0279000e+04   3.2104492e+01
   6.1656000e+04   3.6254883e+01
   6.5256000e+04   3.6804199e+01
   6.7495000e+04   3.7658691e+01
   7.2167000e+04   3.7170410e+01
   7.4633000e+04   3.8696289e+01
   7.5114000e+04   3.3569336e+01
   7.5213000e+04   3.4790039e+01
   8.0553000e+04   3.1982422e+01
   8.1221000e+04   3.4606934e+01
   8.1683000e+04   3.5583496e+01
   8.3323000e+04   3.6437988e+01
   8.3857000e+04   4.7363281e+01
   8.4244000e+04   3.3020020e+01
   8.4631000e+04   3.1738281e+01
   9.5396000e+04   3.2165527e+01
   9.6314000e+04   3.2714844e+01
   9.7325000e+04   3.7353516e+01
   1.0237600e+05   3.7109375e+01
   1.0382100e+05   3.6926270e+01
   1.0423800e+05   3.3020020e+01
   1.0507800e+05   3.4240723e+01
   1.0513500e+05   4.1870117e+01
   1.0555200e+05   4.4677734e+01
   1.0783900e+05   3.7170410e+01
   1.1993100e+05   3.4912109e+01
   1.2529800e+05   3.2897949e+01
   1.2556100e+05   4.0222168e+01
   1.2625000e+05   4.1198730e+01
   1.2638700e+05   3.3447266e+01
   1.2674300e+05   3.8146973e+01
   1.2679000e+05   3.3020020e+01
   1.2720600e+05   3.4179688e+01
   1.2777900e+05   3.3691406e+01
   1.2898900e+05   3.3325195e+01
   1.3115200e+05   3.6987305e+01
   1.3248000e+05   3.2165527e+01
   1.3394800e+05   3.6437988e+01
   1.4929100e+05   3.1555176e+01
   1.5068400e+05   3.1677246e+01
   1.5112500e+05   3.3386230e+01
   1.5151600e+05   3.3996582e+01
   1.5400500e+05   3.1799316e+01
   1.5455000e+05   3.1799316e+01
   1.6387000e+05   3.2653809e+01
   1.6574400e+05   3.5522461e+01
   1.6947500e+05   3.2043457e+01
   1.7453800e+05   3.4240723e+01
   1.7470500e+05   3.2470703e+01
   1.7512600e+05   3.3874512e+01
   1.7552800e+05   3.1616211e+01
   1.7572600e+05   3.2287598e+01
   1.7592800e+05   3.3691406e+01
   1.7770200e+05   3.5095215e+01
   1.7815400e+05   3.1677246e+01
   1.7939300e+05   3.8513184e+01
   1.8014600e+05   3.2470703e+01
   1.8269700e+05   3.2470703e+01
   1.9609900e+05   3.4729004e+01
   1.9679000e+05   3.5400391e+01
   1.9711400e+05   3.2409668e+01
   1.9717400e+05   3.1677246e+01
   1.9722700e+05   3.6560059e+01
   1.9726500e+05   3.3752441e+01
   1.9751700e+05   3.3874512e+01
   2.0109500e+05   3.5217285e+01
   2.0224200e+05   3.2287598e+01
   2.0721400e+05   3.3874512e+01
   2.0756900e+05   3.4057617e+01
   2.1730900e+05   3.1677246e+01
   2.2010800e+05   3.2226562e+01
   2.2181800e+05   3.2287598e+01
   2.2201400e+05   3.5766602e+01
   2.2280000e+05   3.4423828e+01
   2.2301100e+05   3.6315918e+01
   2.2384600e+05   3.2470703e+01
   2.2453600e+05   3.8146973e+01
   2.2481900e+05   3.4667969e+01
   2.2551700e+05   3.3691406e+01
   2.2614800e+05   4.4677734e+01
   2.2704800e+05   3.2043457e+01
   2.2729900e+05   3.4790039e+01
   2.2859300e+05   3.3508301e+01
   2.2894900e+05   3.3325195e+01
   2.2942300e+05   3.1738281e+01
   2.2976400e+05   3.3996582e+01
   2.3009500e+05   3.4484863e+01
   2.3023800e+05   3.3813477e+01
   2.3098400e+05   3.3142090e+01
   2.3293000e+05   3.2836914e+01
   2.3502100e+05   3.1921387e+01
   2.3522400e+05   3.3813477e+01
   2.3597500e+05   3.4301758e+01
   2.3667800e+05   3.3752441e+01
   2.3764900e+05   3.2531738e+01
   2.3804500e+05   3.3752441e+01
   2.3859700e+05   3.5217285e+01
   2.3922400e+05   3.5156250e+01
   2.5310200e+05   3.4179688e+01
   2.5400700e+05   3.4545898e+01
   2.5434500e+05   3.2531738e+01
   2.5449600e+05   3.1860352e+01
   2.5491800e+05   3.3203125e+01
   2.5627300e+05   3.1982422e+01
   2.5859700e+05   3.9733887e+01
   2.7649800e+05   3.5095215e+01
   2.7844100e+05   3.4179688e+01
   2.7976100e+05   3.2104492e+01
   2.8003700e+05   3.1799316e+01
   2.8217900e+05   3.2470703e+01
   2.8290900e+05   3.5400391e+01
   2.8350900e+05   3.7292480e+01
   2.8366300e+05   3.3081055e+01
   3.0511900e+05   3.2470703e+01
   3.0790300e+05   3.3264160e+01
   3.0876100e+05   3.4790039e+01
   3.0954000e+05   3.2714844e+01
   3.0961500e+05   3.4118652e+01
   3.1124600e+05   3.4667969e+01
   3.1278300e+05   3.6376953e+01
   3.1312200e+05   3.2836914e+01
   3.1462300e+05   3.3691406e+01
   3.1480500e+05   3.5522461e+01
   3.1575200e+05   3.4912109e+01
   3.1599600e+05   3.2592773e+01
   3.1868400e+05   3.3691406e+01
   3.2010600e+05   3.1982422e+01
   3.2035200e+05   3.3996582e+01
   3.2191800e+05   3.3935547e+01
   3.2209900e+05   3.2592773e+01
   3.2372200e+05   3.3935547e+01
   3.2444200e+05   3.5644531e+01
   3.4002900e+05   3.4545898e+01
   3.4040500e+05   3.2348633e+01
   3.4058200e+05   3.3813477e+01
   3.4105600e+05   4.6569824e+01
   3.4115200e+05   3.3142090e+01
   3.4157200e+05   3.6437988e+01
   3.4173100e+05   3.6376953e+01
   3.4223700e+05   3.1677246e+01
   3.4375300e+05   3.1738281e+01
   3.4563700e+05   3.3081055e+01
   3.6016400e+05   3.3874512e+01
   3.6087900e+05   3.3508301e+01
   3.6090000e+05   3.2043457e+01
   3.6255600e+05   3.4423828e+01
   3.6294800e+05   3.3020020e+01
   3.6390200e+05   3.3020020e+01
   3.7279000e+05   3.4790039e+01
   3.7559700e+05   3.1982422e+01
   3.8026600e+05   3.5583496e+01
   3.8060500e+05   3.1677246e+01
   3.8070600e+05   3.4057617e+01
   3.8118600e+05   3.1860352e+01
   3.8272300e+05   3.6376953e+01
   3.8282800e+05   3.4423828e+01
   3.8369000e+05   4.6142578e+01
   3.8626100e+05   3.1616211e+01
   3.8669200e+05   3.7048340e+01
   3.9745300e+05   3.2958984e+01
   4.0025000e+05   3.3630371e+01
   4.0111200e+05   3.4484863e+01
   4.0112600e+05   3.8208008e+01
   4.0133500e+05   3.2836914e+01
   4.0202800e+05   3.2897949e+01
   4.0380700e+05   3.1921387e+01
   4.0414000e+05   3.1616211e+01
   4.0518200e+05   3.3447266e+01
   4.0598500e+05   3.4301758e+01
   4.0640700e+05   3.3874512e+01
   4.0741000e+05   3.1982422e+01
   4.1518200e+05   3.2714844e+01
   4.1866600e+05   3.6315918e+01
   4.2457600e+05   3.2348633e+01
   4.2490200e+05   3.2836914e+01
   4.2525000e+05   3.9001465e+01
   4.2749300e+05   3.3935547e+01
   4.2801000e+05   3.7353516e+01
   4.2804100e+05   3.2104492e+01
   4.2824200e+05   3.6193848e+01
   4.2869200e+05   3.2531738e+01
   4.2915600e+05   3.7719727e+01
   4.3038600e+05   3.7414551e+01
   4.3043000e+05   4.4372559e+01
   4.3075700e+05   3.3630371e+01
   4.3142700e+05   3.8513184e+01
   4.3990800e+05   3.2531738e+01
   4.5137400e+05   3.2531738e+01
   4.5229700e+05   3.7475586e+01
   4.5240300e+05   3.2836914e+01
   4.5335800e+05   3.2592773e+01
   4.5351400e+05   3.3752441e+01
   4.5544100e+05   3.1799316e+01
   4.5674700e+05   3.2165527e+01
   4.5722700e+05   3.5827637e+01
   4.7207400e+05   3.1738281e+01
   4.7601700e+05   3.4240723e+01
   4.7614800e+05   3.3874512e+01
   4.7695500e+05   3.2165527e+01
   4.7753100e+05   3.3691406e+01
   4.7830400e+05   4.1748047e+01
   4.7858800e+05   3.2470703e+01
   4.7991400e+05   3.4484863e+01
   4.8283000e+05   3.5339355e+01
   4.8298100e+05   3.2592773e+01
   4.8338200e+05   3.4057617e+01
   4.9444400e+05   3.5888672e+01
   5.0475300e+05   3.1982422e+01
   5.0532700e+05   3.6804199e+01
   5.0544000e+05   3.2775879e+01
   5.0594300e+05   3.2714844e+01
   5.0638700e+05   3.3874512e+01
   5.0645100e+05   3.2531738e+01
   5.0712300e+05   3.2653809e+01
   5.0734900e+05   3.3142090e+01
   5.0944400e+05   3.2226562e+01
   5.2320100e+05   3.3203125e+01
   5.2888600e+05   4.0283203e+01
   5.2905800e+05   3.6926270e+01
   5.2920000e+05   3.2409668e+01
   5.2936500e+05   3.1799316e+01
   5.2954100e+05   3.3264160e+01
   5.3012100e+05   3.1860352e+01
   5.3024000e+05   3.1799316e+01
   5.3103400e+05   3.1738281e+01
   5.3411100e+05   3.1921387e+01
   5.3744500e+05   3.6682129e+01
   5.4194800e+05   3.1677246e+01
   5.4660200e+05   3.2104492e+01
   5.4736100e+05   3.2043457e+01
   5.5099100e+05   3.8513184e+01
   5.5152300e+05   3.4179688e+01
   5.5233400e+05   3.4362793e+01
   5.5304600e+05   3.4240723e+01
   5.5388100e+05   3.5888672e+01
   5.5436700e+05   3.3325195e+01
   5.6259500e+05   3.8269043e+01
   5.6539600e+05   3.2104492e+01
   5.6686200e+05   3.4973145e+01
   5.6753200e+05   3.1616211e+01
   5.6777500e+05   3.3935547e+01
   5.7293900e+05   3.2104492e+01
   5.7346700e+05   3.7780762e+01
   5.7682200e+05   3.7414551e+01
   5.7714300e+05   3.7475586e+01
   5.7822300e+05   3.2104492e+01
   5.7958600e+05   3.3691406e+01
   5.7966000e+05   3.3630371e+01
   5.9351200e+05   3.6804199e+01
   5.9776800e+05   3.6865234e+01
   6.0669700e+05   3.3447266e+01
   6.0771500e+05   3.4423828e+01
   6.0920500e+05   3.1555176e+01
   6.0933400e+05   3.2043457e+01
   6.1000400e+05   3.4301758e+01
   6.1015900e+05   3.1616211e+01
   6.1335900e+05   3.4973145e+01
   6.1381500e+05   3.3325195e+01
   6.2431900e+05   3.4606934e+01
   6.2470300e+05   3.6376953e+01
   6.2973100e+05   3.1738281e+01
   6.3551200e+05   3.8330078e+01
   6.3619900e+05   3.5095215e+01
   6.3713500e+05   3.6865234e+01
   6.3721100e+05   3.8269043e+01
   6.4004800e+05   3.1921387e+01
   6.4036400e+05   3.3081055e+01
   6.4040000e+05   3.2958984e+01
   6.4089600e+05   3.2165527e+01
   6.4257900e+05   3.9245605e+01
   6.5957400e+05   3.5644531e+01
   6.6340300e+05   3.4545898e+01
   6.6586300e+05   3.3874512e+01
   6.6921500e+05   3.5461426e+01
   6.7015000e+05   3.9611816e+01
   6.7034000e+05   3.6071777e+01
   6.7145500e+05   3.3996582e+01
   6.7253700e+05   3.6499023e+01
   6.7281700e+05   3.2531738e+01
   6.7313800e+05   3.6071777e+01
   6.7430500e+05   3.4790039e+01
   6.7443800e+05   3.2104492e+01
   6.7471600e+05   3.4240723e+01
   6.8508700e+05   3.1982422e+01
   6.9529000e+05   3.1921387e+01
   6.9571500e+05   3.2714844e+01
   6.9608500e+05   3.3508301e+01
   6.9617500e+05   3.8818359e+01
   6.9624400e+05   3.4912109e+01
   6.9627200e+05   3.2348633e+01
   6.9647000e+05   4.1320801e+01
   6.9658900e+05   3.7292480e+01
   6.9662200e+05   3.1921387e+01
   6.9666000e+05   3.5583496e+01
   6.9670200e+05   3.8818359e+01
   6.9688600e+05   3.7963867e+01
   6.9725200e+05   3.3447266e+01
   6.9799200e+05   3.3020020e+01
   6.9856900e+05   3.7048340e+01
   6.9867100e+05   3.3386230e+01
   6.9914300e+05   4.5471191e+01
   6.9990100e+05   3.2775879e+01
   7.0561000e+05   3.1799316e+01
   7.1423300e+05   3.5644531e+01
   7.1523000e+05   4.0588379e+01
   7.1791900e+05   3.2958984e+01
   7.1888100e+05   3.9733887e+01
   7.1928600e+05   3.4362793e+01
   7.2010700e+05   3.3386230e+01
   7.2043700e+05   3.1616211e+01
   7.2089700e+05   3.4484863e+01
   7.2130300e+05   3.6437988e+01
   7.2288500e+05   3.4484863e+01
   7.2301700e+05   3.7475586e+01
   7.2332300e+05   3.8696289e+01
   7.2397400e+05   3.1921387e+01
   7.2476200e+05   3.5583496e+01
   7.2613200e+05   3.9428711e+01
   7.2677600e+05   3.3813477e+01
   7.2726300e+05   3.2165527e+01
   7.4381400e+05   3.4790039e+01
   7.4391200e+05   3.2958984e+01
   7.4471800e+05   3.2897949e+01
   7.4498900e+05   3.4057617e+01
   7.4718200e+05   3.7719727e+01
   7.4884500e+05   3.3691406e+01
   7.4903000e+05   3.2592773e+01
   7.6047400e+05   3.8757324e+01
   7.6193600e+05   3.2470703e+01
   7.6307400e+05   3.4057617e+01
   7.6325300e+05   3.4790039e+01
   7.6360500e+05   3.5156250e+01
   7.6385800e+05   3.2714844e+01
   7.6413900e+05   3.5156250e+01
   7.6494300e+05   3.4851074e+01
   7.6516500e+05   3.4362793e+01
   7.6561000e+05   3.4912109e+01
   7.6593600e+05   3.7963867e+01
   7.6630100e+05   3.4179688e+01
   7.6701600e+05   3.3874512e+01
   7.6708100e+05   3.1921387e+01
   7.6723700e+05   3.6682129e+01
   7.9222800e+05   3.3935547e+01
   7.9512900e+05   3.3813477e+01
   7.9525700e+05   3.4912109e+01
   7.9610800e+05   3.2592773e+01
   7.9621800e+05   3.4423828e+01
   7.9663200e+05   3.1738281e+01
   7.9698500e+05   3.5522461e+01
   7.9721200e+05   3.5827637e+01
   7.9777700e+05   3.4179688e+01
   7.9808500e+05   3.2592773e+01
   7.9870000e+05   3.4057617e+01
   7.9904200e+05   3.5461426e+01
   7.9907300e+05   3.3569336e+01
   8.0018200e+05   3.3630371e+01
   8.0074800e+05   3.4484863e+01
   8.0171800e+05   3.3813477e+01
   8.0205200e+05   3.6987305e+01
   8.0228200e+05   3.4851074e+01
   8.0258000e+05   3.4301758e+01
   8.0384600e+05   3.5644531e+01
   8.0538400e+05   3.8757324e+01
   8.0639000e+05   4.0222168e+01
   8.0708200e+05   3.3935547e+01
   8.1040300e+05   3.2043457e+01
   8.1123900e+05   3.1799316e+01
   8.1203300e+05   3.6193848e+01
   8.2945100e+05   3.1860352e+01
   8.2971000e+05   4.0832520e+01
   8.2980500e+05   3.2165527e+01
   8.3049800e+05   3.1860352e+01
   8.3087700e+05   3.8208008e+01
   8.3094200e+05   3.4606934e+01
   8.3110900e+05   3.8024902e+01
   8.3138100e+05   3.1982422e+01
   8.3187100e+05   3.4057617e+01
   8.3226000e+05   3.5705566e+01
   8.3256900e+05   3.8330078e+01
   8.5537400e+05   3.5644531e+01
   8.5793300e+05   3.4667969e+01
   8.5806800e+05   3.4973145e+01
   8.5847400e+05   3.5888672e+01
   8.5884600e+05   3.2592773e+01
   8.5922900e+05   3.7414551e+01
   8.5972600e+05   3.4729004e+01
   8.5979400e+05   4.0527344e+01
   8.6052000e+05   3.1677246e+01
   8.6132600e+05   3.3630371e+01
   8.6210200e+05   3.2836914e+01
   8.6349100e+05   3.6743164e+01
   8.6382100e+05   3.6682129e+01
   8.6657900e+05   3.4118652e+01
   8.6790900e+05   3.2409668e+01
   8.6906600e+05   3.2958984e+01
   8.7711300e+05   3.1738281e+01
   8.7849800e+05   3.3203125e+01
   8.8853900e+05   3.2043457e+01
   8.8865400e+05   3.1616211e+01
   8.8893400e+05   4.4311523e+01
   8.8911400e+05   3.2043457e+01
   8.8942100e+05   3.3569336e+01
   8.9066600e+05   3.1860352e+01
   8.9083000e+05   3.4423828e+01
   8.9118200e+05   3.2714844e+01
   8.9138500e+05   3.4667969e+01
   8.9152400e+05   3.4362793e+01
   8.9281900e+05   3.5522461e+01
   8.9442600e+05   3.5461426e+01
   8.9710600e+05   3.7536621e+01
   8.9727000e+05   3.2836914e+01
   8.9808200e+05   3.2592773e+01
   8.9851000e+05   3.4423828e+01
   9.1697700e+05   3.5888672e+01
   9.1795100e+05   3.3935547e+01
   9.1863200e+05   3.2470703e+01
   9.1955100e+05   3.2287598e+01
   9.1997600e+05   3.1921387e+01
   9.2426200e+05   3.7597656e+01
   9.2436300e+05   3.2958984e+01
   9.2452600e+05   3.3935547e+01
   9.2556600e+05   3.8085938e+01
   9.2576200e+05   3.7780762e+01
   9.2619000e+05   3.4667969e+01
   9.4479900e+05   3.2226562e+01
   9.4555200e+05   3.2592773e+01
   9.4733000e+05   3.3935547e+01
   9.4754000e+05   3.4667969e+01
   9.4780700e+05   3.5705566e+01
   9.4796500e+05   4.6630859e+01
   9.4831300e+05   3.3874512e+01
   9.4886300e+05   3.7170410e+01
   9.4936800e+05   3.2775879e+01
   9.5009600e+05   3.2287598e+01
   9.5123200e+05   3.1982422e+01
   9.5450000e+05   3.1616211e+01
   9.6622500e+05   3.4606934e+01
   9.6666400e+05   3.3508301e+01
   9.6690800e+05   3.6437988e+01
   9.6743900e+05   3.4729004e+01
   9.6752400e+05   3.6743164e+01
   9.6790800e+05   3.3508301e+01
   9.6900600e+05   3.3142090e+01
   9.6947900e+05   3.2775879e+01
   9.6980500e+05   3.4118652e+01
   9.7212200e+05   3.5339355e+01
   9.7252500e+05   3.2287598e+01
   9.7436800e+05   3.4240723e+01
   9.8943100e+05   3.1799316e+01
   9.9013100e+05   3.4851074e+01
   9.9272300e+05   3.7475586e+01
   9.9584000e+05   3.7048340e+01
   9.9591900e+05   3.8635254e+01
   1.0040820e+06   3.2104492e+01
   1.0188740e+06   3.8330078e+01
   1.0199030e+06   3.2775879e+01
   1.0211740e+06   3.5156250e+01
   1.0240250e+06   4.5227051e+01
   1.0244170e+06   3.6254883e+01
   1.0263310e+06   3.5156250e+01
   1.0274620e+06   3.3020020e+01
   1.0277630e+06   3.4057617e+01
   1.0280540e+06   3.3691406e+01
   1.0360700e+06   3.1982422e+01
   1.0463460e+06   4.6630859e+01
   1.0476330e+06   3.7353516e+01
   1.0539330e+06   3.2287598e+01
   1.0556320e+06   3.1677246e+01
   1.0566870e+06   3.2531738e+01
   1.0575310e+06   3.9306641e+01
   1.0738190e+06   3.1555176e+01
   1.0743800e+06   3.4729004e+01
   1.0749450e+06   3.2531738e+01
   1.0750950e+06   3.5034180e+01
   1.0758880e+06   3.2958984e+01
   1.0762510e+06   3.1982422e+01
   1.0768640e+06   3.2531738e+01
   1.0772110e+06   3.4667969e+01
   1.0797260e+06   4.1015625e+01
   1.0803900e+06   3.2409668e+01
   1.0804510e+06   3.2714844e+01
   1.0937780e+06   3.6621094e+01
   1.0956950e+06   3.1677246e+01
   1.0974510e+06   3.1677246e+01
   1.1050610e+06   3.1677246e+01
   1.1052020e+06   3.3386230e+01
   1.1055500e+06   3.3874512e+01
   1.1086450e+06   3.1921387e+01
   1.1090620e+06   3.3691406e+01
   1.1106340e+06   3.6315918e+01
   1.1137280e+06   3.1921387e+01
   1.1240810e+06   3.7292480e+01
   1.1285250e+06   3.3569336e+01
   1.1293140e+06   3.2409668e+01
   1.1321300e+06   3.5644531e+01
   1.1377140e+06   3.6682129e+01
   1.1377890e+06   3.5644531e+01
   1.1378040e+06   3.5217285e+01
   1.1378420e+06   4.4006348e+01
   1.1380400e+06   3.2165527e+01
   1.1381160e+06   3.2775879e+01
   1.1381360e+06   3.1616211e+01
   1.1382320e+06   3.3508301e+01
   1.1383190e+06   3.1738281e+01
   1.1384270e+06   4.5898438e+01
   1.1386230e+06   3.2592773e+01
   1.1388790e+06   3.1738281e+01
   1.1391280e+06   3.9855957e+01
   1.1392420e+06   3.4912109e+01
   1.1394660e+06   4.9499512e+01
   1.1397220e+06   3.2104492e+01
   1.1398620e+06   3.7963867e+01
   1.1399670e+06   3.2897949e+01
   1.1400070e+06   3.7841797e+01
   1.1401010e+06   3.2226562e+01
   1.1401430e+06   3.4240723e+01
   1.1403060e+06   3.3569336e+01
   1.1411310e+06   3.1860352e+01
   1.1414670e+06   3.2775879e+01
   1.1417470e+06   3.7231445e+01
   1.1419750e+06   3.4179688e+01
   1.1421400e+06   3.5461426e+01
   1.1422670e+06   3.2165527e+01
   1.1424280e+06   3.3447266e+01
   1.1428620e+06   3.3386230e+01
   1.1431460e+06   3.3386230e+01
   1.1439000e+06   3.3813477e+01
   1.1440640e+06   3.9550781e+01
   1.1444350e+06   3.3020020e+01
   1.1445950e+06   3.7475586e+01
   1.1446550e+06   3.2775879e+01
   1.1451210e+06   4.2968750e+01
   1.1452990e+06   3.1555176e+01
   1.1454300e+06   4.4677734e+01
   1.1458690e+06   3.2104492e+01
   1.1469780e+06   3.7841797e+01
   1.1477520e+06   3.2348633e+01
   1.1482750e+06   3.2043457e+01
   1.1491170e+06   3.2348633e+01
   1.1495660e+06   3.1921387e+01
   1.1497840e+06   3.1555176e+01
   1.1504140e+06   3.5095215e+01
   1.1511290e+06   4.8461914e+01
   1.1525790e+06   3.7780762e+01
   1.1558550e+06   3.6315918e+01
   1.1570710e+06   3.6315918e+01
   1.1931050e+06   3.3935547e+01
   1.2015720e+06   3.3630371e+01
   1.2022870e+06   4.0893555e+01
   1.2025230e+06   3.2897949e+01
   1.2025700e+06   3.4240723e+01
   1.2025810e+06   3.5522461e+01
   1.2026120e+06   3.3935547e+01
   1.2026470e+06   3.7719727e+01
   1.2027320e+06   3.2775879e+01
   1.2028380e+06   3.2592773e+01
   1.2028950e+06   3.1677246e+01
   1.2033980e+06   3.5034180e+01
   1.2037230e+06   3.3203125e+01
   1.2048180e+06   3.1738281e+01
   1.2052770e+06   3.1921387e+01
   1.2056890e+06   4.0771484e+01
   1.2059690e+06   3.4057617e+01
   1.2061380e+06   3.3447266e+01
   1.2063000e+06   3.4973145e+01
   1.2065910e+06   3.6865234e+01
   1.2067500e+06   3.2836914e+01
   1.2069780e+06   3.1616211e+01
   1.2071530e+06   4.1809082e+01
   1.2075250e+06   3.4545898e+01
   1.2076720e+06   3.3386230e+01
   1.2082030e+06   3.2104492e+01
   1.2089420e+06   3.6987305e+01
   1.2092080e+06   3.2775879e+01
   1.2092910e+06   3.5461426e+01
   1.2118070e+06   3.3569336e+01
   1.2123630e+06   3.2104492e+01
   1.2130530e+06   3.2836914e+01
   1.2145320e+06   3.8696289e+01
   1.2149250e+06   3.3142090e+01
   1.2161970e+06   3.1616211e+01
   1.2165230e+06   3.3203125e+01
   1.2377370e+06   3.3386230e+01
   1.2431840e+06   3.4057617e+01
   1.2443880e+06   3.4118652e+01
   1.2446750e+06   3.6437988e+01
   1.2447640e+06   3.4362793e+01
   1.2449550e+06   3.2836914e+01
   1.2456670e+06   4.4006348e+01
   1.2457290e+06   3.3691406e+01
   1.2461610e+06   3.7231445e+01
   1.2472500e+06   3.1616211e+01
   1.2476070e+06   3.4790039e+01
   1.2763140e+06   3.1677246e+01
   1.2763320e+06   3.4179688e+01
   1.2765470e+06   3.3935547e+01
   1.2766350e+06   3.8330078e+01
   1.2767100e+06   3.1921387e+01
   1.2768270e+06   3.6865234e+01
   1.2769490e+06   3.4057617e+01
   1.2774100e+06   3.9428711e+01
   1.2777060e+06   3.8757324e+01
   1.2787590e+06   3.2043457e+01
   1.2790890e+06   3.3874512e+01
   1.2797170e+06   3.2714844e+01
   1.2974780e+06   3.1860352e+01
   1.2977180e+06   3.7292480e+01
   1.2977950e+06   3.1921387e+01
   1.2979290e+06   3.4484863e+01
   1.2980000e+06   3.6499023e+01
   1.2980650e+06   3.6682129e+01
   1.2981440e+06   3.4179688e+01
   1.2986280e+06   3.2043457e+01
   1.2987450e+06   3.6682129e+01
   1.2989390e+06   3.5095215e+01
   1.2994330e+06   3.2104492e+01
   1.3003050e+06   3.2714844e+01
   1.3269840e+06   3.9794922e+01
   1.3273080e+06   3.1677246e+01
   1.3306840e+06   3.2348633e+01
   1.3307030e+06   3.3935547e+01
   1.3309040e+06   3.3874512e+01
   1.3310140e+06   3.6987305e+01
   1.3310580e+06   3.8513184e+01
   1.3314420e+06   3.2958984e+01
   1.3315770e+06   3.4301758e+01
   1.3316330e+06   3.5583496e+01
   1.3324840e+06   3.4057617e+01
   1.3329360e+06   3.6621094e+01
   1.3611610e+06   3.3020020e+01
   1.3613640e+06   3.3508301e+01
   1.3869800e+06   3.3691406e+01
   1.3875150e+06   3.7292480e+01
   1.3877900e+06   3.4179688e+01
   1.4019220e+06   3.4606934e+01
   1.4056010e+06   3.2287598e+01
   1.4066980e+06   3.3752441e+01
   1.4067950e+06   3.2897949e+01
   1.4099700e+06   3.4912109e+01
   1.4241800e+06   3.2592773e+01
   1.4277260e+06   3.3264160e+01
   1.4281550e+06   3.2836914e+01
   1.4283490e+06   3.2165527e+01
   1.4285770e+06   3.1982422e+01
   1.4307590e+06   3.3813477e+01
   1.4405580e+06   3.3935547e+01
   1.4455830e+06   3.1616211e+01
   1.4506580e+06   3.5034180e+01
   1.4523090e+06   3.3935547e+01
   1.4529590e+06   3.1982422e+01
   1.4534220e+06   3.5095215e+01
   1.4549270e+06   3.7414551e+01
   1.4554340e+06   3.9978027e+01
   1.4563770e+06   3.3752441e+01
   1.4567820e+06   3.3630371e+01
   1.4571150e+06   3.3142090e+01
   1.4729310e+06   3.3081055e+01
   1.4735220e+06   3.2165527e+01
   1.4760590e+06   3.4729004e+01
   1.4771880e+06   3.3203125e+01
   1.4785830e+06   3.1738281e+01
   1.4788010e+06   3.7170410e+01
   1.4791520e+06   3.3569336e+01
   1.4832430e+06   3.2470703e+01
   1.5003800e+06   3.5034180e+01
   1.5024130e+06   3.5095215e+01
   1.5029100e+06   3.2165527e+01
   1.5044460e+06   3.1616211e+01
   1.5057390e+06   3.3508301e+01
   1.5065580e+06   3.3386230e+01
   1.5207150e+06   3.3996582e+01
   1.5238190e+06   3.2409668e+01
   1.5248020e+06   3.8024902e+01
   1.5257810e+06   3.2470703e+01
   1.5279050e+06   3.4606934e+01
   1.5286500e+06   3.1982422e+01
   1.5306900e+06   3.2714844e+01
   1.5485920e+06   3.4362793e+01
   1.5494800e+06   3.8391113e+01
   1.5495260e+06   3.9855957e+01
   1.5501920e+06   3.1982422e+01
   1.5502430e+06   3.6682129e+01
   1.5510560e+06   3.2104492e+01
   1.5548030e+06   3.7963867e+01
   1.5556130e+06   3.1677246e+01
   1.5573540e+06   3.4301758e+01
   1.5586290e+06   4.1320801e+01
   1.5665310e+06   3.2958984e+01
   1.5714010e+06   3.2287598e+01
   1.5737470e+06   3.5827637e+01
   1.5739730e+06   3.3996582e+01
   1.5743020e+06   3.5339355e+01
   1.5745690e+06   3.3508301e+01
   1.5746410e+06   3.7841797e+01
   1.5758990e+06   3.5583496e+01
   1.5759090e+06   3.5644531e+01
   1.5781390e+06   3.7170410e+01
   1.5785590e+06   3.3813477e+01
   1.5824000e+06   3.3569336e+01
   1.5831740e+06   3.6132812e+01
   1.5834650e+06   3.2653809e+01
   1.5940710e+06   3.5278320e+01
   1.6015490e+06   3.7780762e+01
   1.6079560e+06   3.2287598e+01
   1.6083940e+06   3.2470703e+01
   1.6084450e+06   3.1921387e+01
   1.6098060e+06   3.2775879e+01
   1.6107710e+06   3.7414551e+01
   1.6114110e+06   3.1677246e+01
   1.6212960e+06   3.4912109e+01
   1.6223830e+06   3.3630371e+01
   1.6237120e+06   4.0893555e+01
   1.6241660e+06   3.2592773e+01
   1.6242270e+06   3.3386230e+01
   1.6243770e+06   3.5705566e+01
   1.6366990e+06   3.2043457e+01
   1.6367220e+06   3.6071777e+01
   1.6379840e+06   3.3264160e+01
   1.6385010e+06   3.5156250e+01
   1.6406580e+06   3.4301758e+01
   1.6467270e+06   3.6376953e+01
   1.6477390e+06   3.5583496e+01
   1.6481120e+06   3.1982422e+01
   1.6483420e+06   3.2348633e+01
   1.6485520e+06   3.3752441e+01
   1.6491690e+06   3.4912109e+01
   1.6494180e+06   3.1860352e+01
   1.6497380e+06   3.5400391e+01
   1.6506660e+06   3.7414551e+01
   1.6507850e+06   3.3813477e+01
   1.6531230e+06   3.5888672e+01
   1.6627730e+06   3.3203125e+01
   1.6632260e+06   3.1860352e+01
   1.6646410e+06   3.3630371e+01
   1.6739250e+06   3.2836914e+01
   1.6740000e+06   3.6071777e+01
   1.6757670e+06   3.4606934e+01
   1.6778470e+06   3.1982422e+01
   1.6785980e+06   3.7719727e+01
   1.6790910e+06   3.5644531e+01
   1.6808050e+06   3.2348633e+01
   1.6849360e+06   3.4118652e+01
   1.6905590e+06   3.9123535e+01
   1.6923030e+06   3.5522461e+01
   1.6926720e+06   3.2409668e+01
   1.6932420e+06   3.4179688e+01
   1.6939770e+06   3.2043457e+01
   1.6950680e+06   3.6315918e+01
   1.6955820e+06   3.1616211e+01
   1.6960170e+06   3.4667969e+01
   1.6967530e+06   3.2531738e+01
   1.7022360e+06   3.2592773e+01
   1.7084670e+06   3.1738281e+01
   1.7093510e+06   3.2836914e+01
   1.7098340e+06   3.4423828e+01
   1.7127970e+06   3.7536621e+01
   1.7131330e+06   3.6315918e+01
   1.7147650e+06   3.2775879e+01
   1.7249360e+06   3.5095215e+01
   1.7278690e+06   3.1982422e+01
   1.7290540e+06   3.3142090e+01
   1.7370370e+06   3.5949707e+01
   1.7400650e+06   3.7170410e+01
   1.7422910e+06   3.8696289e+01
   1.7429020e+06   3.1738281e+01
   1.7431870e+06   3.3691406e+01
   1.7446070e+06   3.3142090e+01
   1.7447940e+06   3.3020020e+01
   1.7532180e+06   3.6743164e+01
   1.7537050e+06   3.2104492e+01
   1.7560280e+06   3.4729004e+01
   1.7565460e+06   3.2958984e+01
   1.7588710e+06   3.4851074e+01
   1.7592680e+06   3.5095215e+01
   1.7595100e+06   3.8452148e+01
   1.7703210e+06   3.1677246e+01
   1.7731130e+06   3.3325195e+01
   1.7731630e+06   3.4545898e+01
   1.7788610e+06   3.2775879e+01
   1.7873000e+06   3.2897949e+01
   1.7874420e+06   3.4729004e+01
   1.7882530e+06   3.2531738e+01
   1.7885460e+06   3.1616211e+01
   1.7925400e+06   3.2470703e+01
   1.8032790e+06   3.4973145e+01
   1.8042770e+06   3.6071777e+01
   1.8102990e+06   3.1799316e+01
   1.8112680e+06   3.5766602e+01
   1.8195730e+06   3.3264160e+01
   1.8200510e+06   3.1921387e+01
   1.8239180e+06   3.7292480e+01
   1.8264640e+06   3.4423828e+01
   1.8266920e+06   3.1555176e+01
   1.8276120e+06   3.2348633e+01
   1.8291970e+06   3.1738281e+01
   1.8355370e+06   3.1616211e+01
   1.8386970e+06   4.5776367e+01
   1.8418010e+06   3.2897949e+01
   1.8444260e+06   3.5522461e+01
   1.8450500e+06   3.1799316e+01
   1.8452390e+06   3.1677246e+01
   1.8538420e+06   4.1625977e+01
   1.8572600e+06   4.0466309e+01
   1.8580950e+06   3.4973145e+01
   1.8585460e+06   3.8696289e+01
   1.8596520e+06   3.4667969e+01
   1.8608270e+06   3.2409668e+01
   1.8615630e+06   3.2226562e+01
   1.8622260e+06   3.4973145e+01
   1.8629770e+06   3.1799316e+01
   1.8634700e+06   3.4301758e+01
   1.8698900e+06   4.6386719e+01
   1.8776610e+06   3.4118652e+01
   1.8777390e+06   3.1921387e+01
   1.8782740e+06   3.3264160e+01
   1.8802260e+06   3.2226562e+01
   1.8925770e+06   3.2653809e+01
   1.8926220e+06   3.2470703e+01
   1.8931600e+06   3.6621094e+01
   1.8947900e+06   3.5705566e+01
   1.8953610e+06   3.1555176e+01
   1.8973500e+06   3.2165527e+01
   1.8998710e+06   3.3813477e+01
   1.9109540e+06   4.1381836e+01
   1.9141110e+06   3.4423828e+01
   1.9169580e+06   3.1982422e+01
   1.9170050e+06   3.9916992e+01
   1.9326400e+06   3.3691406e+01
   1.9384420e+06   3.7841797e+01
   1.9403820e+06   3.5644531e+01
   1.9409150e+06   3.9672852e+01
   1.9424000e+06   3.5766602e+01
   1.9426320e+06   4.1809082e+01
   1.9439800e+06   3.2287598e+01
   1.9546690e+06   3.4667969e+01
   1.9554430e+06   3.2592773e+01
   1.9562890e+06   3.1921387e+01
   1.9571160e+06   3.2470703e+01
   1.9591730e+06   3.1982422e+01
   1.9598810e+06   3.3142090e+01
   1.9603590e+06   3.5095215e+01
   1.9616950e+06   3.2348633e+01
   1.9710040e+06   3.8635254e+01
   1.9795590e+06   3.1616211e+01
   1.9802020e+06   3.2470703e+01
   1.9806880e+06   3.2043457e+01
   1.9811040e+06   3.6499023e+01
   1.9825890e+06   3.3996582e+01
   1.9830090e+06   3.3752441e+01
   1.9833930e+06   3.7658691e+01
   1.9860320e+06   3.4240723e+01
   1.9956390e+06   3.4484863e+01
   1.9986840e+06   4.1015625e+01
   2.0005650e+06   3.2775879e+01
   2.0006810e+06   3.1921387e+01
   2.0037070e+06   3.1738281e+01
   2.0071170e+06   3.3447266e+01
   2.0072790e+06   3.2104492e+01
   2.0088030e+06   3.3752441e+01
   2.0183720e+06   3.2104492e+01
   2.0203200e+06   3.4729004e+01
   2.0206730e+06   3.3630371e+01
   2.0216900e+06   3.9184570e+01
   2.0223280e+06   3.5583496e+01
   2.0227270e+06   3.4057617e+01
   2.0235100e+06   3.2409668e+01
   2.0244940e+06   3.7841797e+01
   2.0255640e+06   3.7536621e+01
   2.0257750e+06   3.6254883e+01
   2.0415540e+06   3.2470703e+01
   2.0431450e+06   3.4912109e+01
   2.0442880e+06   3.1982422e+01
   2.0451380e+06   3.2531738e+01
   2.0455750e+06   3.3874512e+01
   2.0458700e+06   3.2714844e+01
   2.0478760e+06   3.3325195e+01
   2.0496930e+06   3.2531738e+01
   2.0500930e+06   4.1870117e+01
   2.0609760e+06   3.5156250e+01
   2.0610690e+06   3.2653809e+01
   2.0633740e+06   3.1860352e+01
   2.0635650e+06   3.1555176e+01
   2.0725210e+06   3.2531738e+01
   2.0787870e+06   3.4606934e+01
   2.0862830e+06   3.5522461e+01
   2.0876780e+06   3.3386230e+01
   2.0880730e+06   3.1555176e+01
   2.0887410e+06   3.1921387e+01
   2.0897540e+06   3.5034180e+01
   2.0914420e+06   3.2287598e+01
   2.0919430e+06   3.4973145e+01
   2.0932330e+06   3.5705566e+01
   2.0940070e+06   3.3874512e+01
   2.0949550e+06   3.5705566e+01
   2.0954950e+06   3.2531738e+01
   2.0969940e+06   3.4912109e+01
   2.1050360e+06   3.4179688e+01
   2.1089030e+06   3.2958984e+01
   2.1144240e+06   3.5949707e+01
   2.1147230e+06   3.3935547e+01
   2.1149430e+06   3.3020020e+01
   2.1160430e+06   3.5156250e+01
   2.1164640e+06   3.1677246e+01
   2.1168130e+06   3.4301758e+01
   2.1187280e+06   3.4973145e+01
   2.1195470e+06   3.4667969e+01
   2.1316230e+06   3.3935547e+01
   2.1356310e+06   3.2653809e+01
   2.1360460e+06   3.2348633e+01
   2.1530990e+06   3.4667969e+01
   2.1538310e+06   3.6621094e+01
   2.1556790e+06   3.1616211e+01
   2.1558330e+06   3.2653809e+01
   2.1567810e+06   3.6376953e+01
   2.1570030e+06   4.2480469e+01
   2.1579350e+06   3.2836914e+01
   2.1658610e+06   3.2409668e+01
   2.1697040e+06   3.6193848e+01
   2.1703630e+06   3.2714844e+01
   2.1708870e+06   3.5644531e+01
   2.1724850e+06   3.1616211e+01
   2.1731050e+06   3.4118652e+01
   2.1737690e+06   3.2531738e+01
   2.1744460e+06   3.5583496e+01
   2.1854660e+06   3.1921387e+01
   2.1905470e+06   3.2043457e+01
   2.1964580e+06   3.3874512e+01
   2.1970820e+06   3.2226562e+01
   2.1974200e+06   3.3203125e+01
   2.1980970e+06   3.4667969e+01
   2.2003160e+06   3.4240723e+01
   2.2097760e+06   3.4362793e+01
   2.2120010e+06   3.5095215e+01
   2.2127360e+06   3.6560059e+01
   2.2134230e+06   3.1799316e+01
   2.2136740e+06   3.2897949e+01
   2.2140100e+06   3.2287598e+01
   2.2142140e+06   3.3264160e+01
   2.2146270e+06   3.5339355e+01
   2.2150740e+06   3.2531738e+01
   2.2166250e+06   3.3935547e+01
   2.2175030e+06   3.7719727e+01
   2.2315800e+06   3.4179688e+01
   2.2342730e+06   3.5339355e+01
   2.2344070e+06   3.3020020e+01
   2.2345110e+06   3.2409668e+01
   2.2363960e+06   3.5522461e+01
   2.2371210e+06   3.2104492e+01
   2.2376620e+06   3.6071777e+01
   2.2382500e+06   3.3630371e+01
   2.2388440e+06   3.2775879e+01
   2.2389930e+06   3.5644531e+01
   2.2480790e+06   3.3813477e+01
   2.2494400e+06   3.3020020e+01
   2.2526340e+06   3.2226562e+01
   2.2532290e+06   3.1982422e+01
   2.2539480e+06   3.3020020e+01
   2.2543710e+06   3.2531738e+01
   2.2546710e+06   3.2714844e+01
   2.2555360e+06   3.2226562e+01
   2.2577180e+06   3.1555176e+01
   2.2588880e+06   3.4179688e+01
   2.2652360e+06   3.2775879e+01
   2.2746200e+06   3.3264160e+01
   2.2754330e+06   3.4912109e+01
   2.2756770e+06   4.1870117e+01
   2.2757670e+06   3.4423828e+01
   2.2760440e+06   3.1982422e+01
   2.2886000e+06   3.5766602e+01
   2.2926500e+06   3.2470703e+01
   2.2934610e+06   3.2653809e+01
   2.2959970e+06   3.3203125e+01
   2.2972460e+06   3.2104492e+01
   2.2977810e+06   3.3691406e+01
   2.3002820e+06   3.4118652e+01
   2.3012230e+06   3.4606934e+01
   2.3037730e+06   3.1677246e+01
   2.3182350e+06   3.4179688e+01
   2.3184850e+06   3.3386230e+01
   2.3197370e+06   3.5461426e+01
   2.3200000e+06   3.2714844e+01
   2.3203880e+06   3.4729004e+01
   2.3221270e+06   3.2165527e+01
   2.3227040e+06   3.6071777e+01
   2.3236990e+06   3.4057617e+01
   2.3428610e+06   3.8574219e+01
   2.3435480e+06   3.2836914e+01
   2.3442720e+06   3.3325195e+01
   2.3451700e+06   3.6621094e+01
   2.3452240e+06   3.9123535e+01
   2.3464030e+06   3.7841797e+01
   2.3485820e+06   3.3020020e+01
   2.3493150e+06   3.7292480e+01
   2.3674640e+06   3.3447266e+01
   2.3680930e+06   3.4973145e+01
   2.3690670e+06   3.1982422e+01
   2.3693340e+06   3.9306641e+01
   2.3700980e+06   3.8757324e+01
   2.3702930e+06   3.3447266e+01
   2.3711730e+06   3.2775879e+01
   2.3719120e+06   4.4555664e+01
   2.3727820e+06   3.7658691e+01
   2.3741850e+06   3.2836914e+01
   2.3747310e+06   3.5217285e+01
   2.3757200e+06   3.2714844e+01
   2.3769970e+06   3.7902832e+01
   2.3781460e+06   3.5278320e+01
   2.3794700e+06   3.3142090e+01
   2.3956870e+06   3.5339355e+01
   2.3967390e+06   3.4179688e+01
   2.3969050e+06   3.6193848e+01
   2.3975500e+06   3.9184570e+01
   2.3977690e+06   3.4606934e+01
   2.3983290e+06   3.3508301e+01
   2.3992170e+06   3.7414551e+01
   2.3999500e+06   3.3508301e+01
   2.4185980e+06   3.4912109e+01
   2.4220140e+06   3.6743164e+01
   2.4268900e+06   3.3203125e+01
   2.4304050e+06   3.8940430e+01
   2.4310700e+06   3.3813477e+01
   2.4500120e+06   5.1391602e+01
   2.4504650e+06   3.3752441e+01
   2.4508970e+06   3.2531738e+01
   2.4520550e+06   3.6987305e+01
   2.4543340e+06   3.8452148e+01
   2.4545530e+06   3.3996582e+01
   2.4654420e+06   3.3203125e+01
   2.4764660e+06   3.2958984e+01
   2.4775040e+06   3.3508301e+01
   2.4776520e+06   3.2165527e+01
   2.4799120e+06   3.1616211e+01
   2.4818250e+06   4.2602539e+01
   2.4972470e+06   3.4729004e+01
   2.5005750e+06   3.2226562e+01
   2.5007170e+06   3.7353516e+01
   2.5011670e+06   3.1738281e+01
   2.5012650e+06   3.7597656e+01
   2.5014160e+06   3.6987305e+01
   2.5019540e+06   3.1616211e+01
   2.5024510e+06   3.2348633e+01
   2.5028330e+06   3.2470703e+01
   2.5036850e+06   3.3020020e+01
   2.5042760e+06   4.2175293e+01
   2.5079990e+06   3.3630371e+01
   2.5080420e+06   3.5766602e+01
   2.5257010e+06   3.5583496e+01
   2.5257630e+06   3.3508301e+01
   2.5269770e+06   3.2714844e+01
   2.5279140e+06   3.1616211e+01
   2.5280310e+06   3.2592773e+01
   2.5457710e+06   4.0283203e+01
   2.5458340e+06   3.3081055e+01
   2.5462580e+06   3.2348633e+01
   2.5479930e+06   3.4240723e+01
   2.5482580e+06   3.1738281e+01
   2.5496450e+06   3.3691406e+01
   2.5755970e+06   3.9794922e+01
   2.5766740e+06   3.7475586e+01
   2.5774060e+06   3.1738281e+01
   2.5780220e+06   3.1799316e+01
   2.5951930e+06   3.4484863e+01
   2.5957530e+06   3.3569336e+01
   2.5960980e+06   3.2592773e+01
   2.5962100e+06   3.3935547e+01
   2.5969220e+06   3.3691406e+01
   2.5972330e+06   3.2897949e+01
   2.5976550e+06   3.6315918e+01
   2.5980130e+06   3.2226562e+01
   2.5982490e+06   3.1677246e+01
   2.5993220e+06   3.4240723e+01
   2.6175000e+06   3.1982422e+01
   2.6178850e+06   3.3081055e+01
   2.6182850e+06   3.2714844e+01
   2.6192540e+06   3.2775879e+01
   2.6205310e+06   3.4423828e+01
   2.6209710e+06   3.3813477e+01
   2.6213480e+06   3.3325195e+01
   2.6392030e+06   3.2592773e+01
   2.6396660e+06   3.3691406e+01
   2.6403480e+06   3.7597656e+01
   2.6404790e+06   3.5217285e+01
   2.6413030e+06   3.2836914e+01
   2.6415680e+06   3.1677246e+01
   2.6576530e+06   3.5278320e+01
   2.6588050e+06   3.4851074e+01
   2.6595810e+06   3.1921387e+01
   2.6790130e+06   3.3569336e+01
   2.6795100e+06   3.2470703e+01
   2.6796070e+06   3.2348633e+01
   2.6806110e+06   3.1616211e+01
   2.6808830e+06   3.2531738e+01
   2.6815500e+06   3.2226562e+01
   2.6827720e+06   3.1799316e+01
   2.7027770e+06   3.3691406e+01
   2.7048320e+06   3.3996582e+01
   2.7066570e+06   3.2348633e+01
   2.7124360e+06   3.6193848e+01
   2.7134080e+06   3.6132812e+01
   2.7241810e+06   3.3142090e+01
   2.7250730e+06   3.3813477e+01
   2.7258540e+06   3.4606934e+01
   2.7262450e+06   3.2165527e+01
   2.7305520e+06   3.1921387e+01
   2.7457110e+06   3.3386230e+01
   2.7461880e+06   3.4912109e+01
   2.7478620e+06   3.2470703e+01
   2.7494460e+06   3.1616211e+01
   2.7504830e+06   3.3142090e+01
   2.7548790e+06   3.1921387e+01
   2.7664360e+06   3.1677246e+01
   2.7668520e+06   3.5644531e+01
   2.7673590e+06   3.2714844e+01
   2.7676950e+06   3.3386230e+01
   2.7681610e+06   3.1738281e+01
   2.7688340e+06   3.6499023e+01
   2.7840560e+06   3.3020020e+01
   2.7841660e+06   3.7719727e+01
   2.7848250e+06   3.5766602e+01
   2.7857530e+06   3.2043457e+01
   2.7916250e+06   3.1616211e+01
   2.8065820e+06   3.2470703e+01
   2.8067300e+06   3.2836914e+01
   2.8073160e+06   3.1555176e+01
   2.8085670e+06   3.2104492e+01
   2.8099640e+06   3.3630371e+01
   2.8224000e+06   3.5949707e+01
   2.8252480e+06   3.5705566e+01
   2.8277630e+06   3.7231445e+01
   2.8318310e+06   3.8513184e+01
   2.8415030e+06   3.1799316e+01
   2.8437080e+06   3.2226562e+01
   2.8445910e+06   3.2592773e+01
   2.8449570e+06   3.5400391e+01
   2.8568360e+06   3.2653809e+01
   2.8573150e+06   3.5339355e+01
   2.8583530e+06   3.2226562e+01
   2.8585810e+06   3.9367676e+01
   2.8590200e+06   3.1677246e+01
   2.8592850e+06   3.4973145e+01
   2.8658320e+06   3.5034180e+01
   2.8737570e+06   3.3081055e+01
   2.8745570e+06   3.2409668e+01
   2.8751580e+06   3.2165527e+01
   2.8763060e+06   3.4118652e+01
   2.8996350e+06   3.2836914e+01
   2.9115590e+06   3.9428711e+01
   2.9151540e+06   3.2714844e+01
   2.9226440e+06   3.2165527e+01
   2.9400550e+06   3.9062500e+01
   2.9428420e+06   3.4301758e+01
   2.9428670e+06   3.6499023e+01
   2.9429130e+06   3.7902832e+01
   2.9429440e+06   4.2663574e+01
   2.9429840e+06   3.1616211e+01
   2.9430690e+06   3.5034180e+01
   2.9431720e+06   3.5217285e+01
   2.9437650e+06   3.5095215e+01
   2.9438470e+06   3.5095215e+01
   2.9439560e+06   3.3264160e+01
   2.9440030e+06   3.3386230e+01
   2.9440520e+06   3.6376953e+01
   2.9441600e+06   3.2165527e+01
   2.9442790e+06   3.2409668e+01
   2.9446620e+06   3.2653809e+01
   2.9447230e+06   3.3691406e+01
   2.9447730e+06   3.2775879e+01
   2.9448700e+06   3.2348633e+01
   2.9449230e+06   3.4179688e+01
   2.9453120e+06   3.8391113e+01
   2.9455100e+06   3.1921387e+01
   2.9459320e+06   3.2226562e+01
   2.9461780e+06   3.3020020e+01
   2.9463150e+06   3.2897949e+01
   2.9477390e+06   3.6987305e+01
   2.9478550e+06   3.2348633e+01
   2.9479700e+06   3.1677246e+01
   2.9482470e+06   3.6315918e+01
   2.9486860e+06   3.8085938e+01
   2.9493630e+06   3.5522461e+01
   2.9497780e+06   3.2958984e+01
   2.9498970e+06   3.2043457e+01
   2.9501410e+06   3.2287598e+01
   2.9503020e+06   4.6875000e+01
   2.9509240e+06   3.6437988e+01
   2.9528950e+06   3.3020020e+01
   2.9531860e+06   3.6071777e+01
   2.9534220e+06   3.2531738e+01
   2.9536590e+06   3.3935547e+01
   2.9542820e+06   3.4790039e+01
   2.9549700e+06   3.3935547e+01
   2.9552120e+06   3.2409668e+01
   2.9556180e+06   3.9916992e+01
   2.9559430e+06   3.1921387e+01
   2.9565870e+06   3.4240723e+01
   2.9576100e+06   3.2653809e+01
   2.9585190e+06   3.2592773e+01
   2.9589390e+06   3.3447266e+01
   2.9606520e+06   3.2897949e+01
   2.9926410e+06   3.2165527e+01
   2.9961780e+06   3.1677246e+01
   3.0177130e+06   3.2470703e+01
   3.0201380e+06   3.2104492e+01
   3.0201860e+06   3.6193848e+01
   3.0202090e+06   3.4179688e+01
   3.0203100e+06   4.6752930e+01
   3.0203490e+06   4.5898438e+01
   3.0203850e+06   3.9184570e+01
   3.0204240e+06   3.3142090e+01
   3.0204470e+06   3.2531738e+01
   3.0204610e+06   3.3813477e+01
   3.0206740e+06   3.3813477e+01
   3.0207270e+06   3.4179687e+01
   3.0210590e+06   3.9001465e+01
   3.0214580e+06   3.3386230e+01
   3.0214990e+06   3.6621094e+01
   3.0216810e+06   3.3935547e+01
   3.0217490e+06   3.2836914e+01
   3.0219500e+06   3.9367676e+01
   3.0220000e+06   3.9550781e+01
   3.0220750e+06   3.3142090e+01
   3.0224960e+06   3.6010742e+01
   3.0229810e+06   3.9367676e+01
   3.0236120e+06   3.2958984e+01
   3.0236860e+06   3.4851074e+01
   3.0245430e+06   3.2958984e+01
   3.0250150e+06   3.2470703e+01
   3.0252590e+06   3.5583496e+01
   3.0256200e+06   3.2165527e+01
   3.0257360e+06   3.5644531e+01
   3.0258890e+06   3.2836914e+01
   3.0264210e+06   3.3508301e+01
   3.0265230e+06   4.0893555e+01
   3.0270700e+06   3.2409668e+01
   3.0276210e+06   3.2470703e+01
   3.0277910e+06   4.0100098e+01
   3.0279120e+06   3.8757324e+01
   3.0280090e+06   3.7353516e+01
   3.0286940e+06   3.2836914e+01
   3.0292000e+06   3.3813477e+01
   3.0298080e+06   3.5705566e+01
   3.0314380e+06   3.4301758e+01
   3.0329800e+06   3.3508301e+01
   3.0332190e+06   3.2531738e+01
   3.0334980e+06   3.4484863e+01
   3.0345370e+06   3.3508301e+01
   3.0349890e+06   3.4423828e+01
   3.0575820e+06   3.5095215e+01
   3.0860180e+06   3.2043457e+01
   3.0861560e+06   3.2836914e+01
   3.0862140e+06   4.0466309e+01
   3.0862550e+06   4.3884277e+01
   3.0862890e+06   3.6682129e+01
   3.0863070e+06   3.4545898e+01
   3.0863260e+06   4.0039062e+01
   3.0863580e+06   3.5217285e+01
   3.0863960e+06   3.5583496e+01
   3.0864680e+06   4.3151855e+01
   3.0865040e+06   3.4545898e+01
   3.0865530e+06   3.8757324e+01
   3.0866500e+06   3.6987305e+01
   3.0868770e+06   3.4301758e+01
   3.0869320e+06   3.3325195e+01
   3.0870170e+06   3.3508301e+01
   3.0871680e+06   3.3386230e+01
   3.0876570e+06   3.5583496e+01
   3.0882870e+06   3.4606934e+01
   3.0883990e+06   3.3203125e+01
   3.0897570e+06   3.4240723e+01
   3.0899220e+06   3.6010742e+01
   3.0907490e+06   3.6987305e+01
   3.0910630e+06   3.5461426e+01
   3.0915820e+06   3.4667969e+01
   3.0918670e+06   3.6132812e+01
   3.0919280e+06   3.7170410e+01
   3.0941800e+06   3.2287598e+01
   3.0955870e+06   4.0039062e+01
   3.0961820e+06   3.2653809e+01
   3.0965090e+06   3.7658691e+01
   3.0976630e+06   3.2226562e+01
   3.0981160e+06   3.4729004e+01
   3.0984000e+06   3.2104492e+01
   3.0993990e+06   3.3203125e+01
   3.1163480e+06   3.1921387e+01
   3.1273610e+06   3.2348633e+01
   3.1404730e+06   3.3691406e+01
   3.1481900e+06   4.4799805e+01
   3.1484110e+06   3.6071777e+01
   3.1488160e+06   3.3630371e+01
   3.1490560e+06   3.2409668e+01
   3.1491410e+06   3.5583496e+01
   3.1493040e+06   3.2531738e+01
   3.1494780e+06   3.3752441e+01
   3.1496480e+06   4.2968750e+01
   3.1499170e+06   3.8330078e+01
   3.1510660e+06   3.4057617e+01
   3.1512710e+06   3.2897949e+01
   3.1517850e+06   3.3325195e+01
   3.1518600e+06   3.2165527e+01
   3.1538690e+06   3.3264160e+01
   3.1547300e+06   3.2226562e+01
   3.1548080e+06   3.4729004e+01
   3.1934610e+06   3.4179687e+01
   3.1964840e+06   3.4240723e+01
   3.1965270e+06   3.2287598e+01
   3.1965490e+06   4.3884277e+01
   3.1965940e+06   3.7414551e+01
   3.1966140e+06   3.6926270e+01
   3.1966330e+06   3.3386230e+01
   3.1967500e+06   3.2165527e+01
   3.1969490e+06   3.2775879e+01
   3.1974660e+06   3.2836914e+01
   3.1979160e+06   3.3325195e+01
   3.1982280e+06   3.9123535e+01
   3.1984090e+06   3.3813477e+01
   3.1990120e+06   3.6682129e+01
   3.1998080e+06   3.6621094e+01
   3.2014260e+06   3.3142090e+01
   3.2434500e+06   4.3029785e+01
   3.2435170e+06   3.6193848e+01
   3.2435540e+06   3.2531738e+01
   3.2449460e+06   3.2592773e+01
   3.2741030e+06   3.2409668e+01
   3.2772830e+06   3.2104492e+01
   3.3085340e+06   4.1137695e+01
   3.3085480e+06   3.9184570e+01
   3.3095110e+06   3.4240723e+01
   3.3329720e+06   3.1982422e+01
   3.3377930e+06   3.6926270e+01
   3.3422450e+06   4.8095703e+01
   3.3453530e+06   3.3020020e+01
   3.3457450e+06   3.2104492e+01
   3.3496450e+06   3.7475586e+01
   3.3640090e+06   3.5583496e+01
   3.3808480e+06   3.3752441e+01
   3.3858090e+06   3.8513184e+01
   3.3978400e+06   3.9794922e+01
   3.4110080e+06   3.7231445e+01
   3.4388020e+06   3.2104492e+01
   3.4745520e+06   3.3386230e+01
   3.4752170e+06   3.3691406e+01
   3.4801130e+06   3.3874512e+01
   3.4814240e+06   3.1921387e+01
   3.4829800e+06   3.2531738e+01
   3.4914090e+06   3.3081055e+01
   3.4918790e+06   3.3386230e+01
   3.4924110e+06   3.4240723e+01
   3.4937940e+06   3.7780762e+01
   3.4965910e+06   3.5034180e+01
   3.4971880e+06   3.2958984e+01
   3.5095390e+06   3.8574219e+01
   3.5095720e+06   3.4667969e+01
   3.5096060e+06   3.7353516e+01
   3.5096410e+06   3.5522461e+01
   3.5105630e+06   3.2104492e+01
   3.5285640e+06   3.1921387e+01
   3.5485940e+06   3.5339355e+01
   3.5513260e+06   3.5339355e+01
   3.5515430e+06   3.5583496e+01
   3.5630680e+06   3.3935547e+01
   3.5664580e+06   3.7902832e+01
   3.5709540e+06   3.3081055e+01
   3.5776660e+06   3.4362793e+01
   3.5988050e+06   3.2165527e+01
   3.6024290e+06   3.4362793e+01
   3.6052110e+06   3.9367676e+01
   3.6127130e+06   3.7902832e+01
   3.6209050e+06   3.5827637e+01
   3.6256410e+06   3.3935547e+01
   3.6256620e+06   3.4973145e+01
   3.6259640e+06   3.3752441e+01
   3.6263150e+06   3.5156250e+01
   3.6271470e+06   3.4423828e+01
   3.6275810e+06   3.9611816e+01
   3.6347690e+06   3.2958984e+01
   3.6352460e+06   3.2104492e+01
   3.6672210e+06   3.2043457e+01
   3.6688150e+06   4.2053223e+01
   3.6703000e+06   3.4118652e+01
   3.6721450e+06   3.3203125e+01
   3.6953690e+06   3.8208008e+01
   3.6993500e+06   3.4484863e+01
   3.7015610e+06   3.8208008e+01
   3.7048090e+06   3.4057617e+01
   3.7048360e+06   3.3264160e+01
   3.7048960e+06   4.0710449e+01
   3.7049660e+06   4.4189453e+01
   3.7050430e+06   3.2653809e+01
   3.7050860e+06   3.7353516e+01
   3.7054690e+06   3.3508301e+01
   3.7058960e+06   3.2897949e+01
   3.7060850e+06   3.6376953e+01
   3.7061590e+06   3.3813477e+01
   3.7067540e+06   3.6193848e+01
   3.7069290e+06   3.2348633e+01
   3.7072010e+06   3.5095215e+01
   3.7075640e+06   3.3325195e+01
   3.7076750e+06   3.2348633e+01
   3.7078310e+06   3.2287598e+01
   3.7083930e+06   3.2348633e+01
   3.7087680e+06   3.2470703e+01
   3.7092720e+06   3.3081055e+01
   3.7097030e+06   3.7780762e+01
   3.7097940e+06   3.2165527e+01
   3.7098350e+06   3.3020020e+01
   3.7114090e+06   3.3569336e+01
   3.7119410e+06   3.4973145e+01
   3.7128330e+06   3.2775879e+01
   3.7137810e+06   3.5217285e+01
   3.7143690e+06   4.0222168e+01
   3.7505270e+06   3.4179688e+01
   3.7509340e+06   3.3447266e+01
   3.7510070e+06   3.5400391e+01
   3.7513770e+06   3.6865234e+01
   3.7648260e+06   3.4423828e+01
   3.7716140e+06   3.3935547e+01
   3.7744500e+06   3.2592773e+01
   3.7803840e+06   3.3264160e+01
   3.7855980e+06   3.2531738e+01
   3.7870220e+06   3.6437988e+01
   3.7871900e+06   3.6437988e+01
   3.7872220e+06   3.2836914e+01
   3.7874800e+06   3.4606934e+01
   3.7875470e+06   3.3264160e+01
   3.7878410e+06   3.3020020e+01
   3.7882710e+06   3.2714844e+01
   3.7883580e+06   3.3081055e+01
   3.7896170e+06   3.3447266e+01
   3.7902130e+06   3.5095215e+01
   3.7903160e+06   3.2104492e+01
   3.7906100e+06   3.5766602e+01
   3.7907140e+06   3.3569336e+01
   3.7908200e+06   3.2348633e+01
   3.7912550e+06   3.6010742e+01
   3.7924640e+06   3.3203125e+01
   3.7933280e+06   3.4057617e+01
   3.7935330e+06   3.5156250e+01
   3.7945300e+06   3.2958984e+01
   3.7983620e+06   3.2714844e+01
   3.7992490e+06   3.3264160e+01
   3.8092270e+06   4.0649414e+01
   3.8168690e+06   3.4484863e+01
   3.8189720e+06   3.5949707e+01
   3.8233250e+06   3.4606934e+01
   3.8267300e+06   3.4362793e+01
   3.8375350e+06   4.0344238e+01
   3.8377480e+06   4.3579102e+01
   3.8378560e+06   3.3508301e+01
   3.8498040e+06   3.3752441e+01
   3.8509590e+06   3.7597656e+01
   3.8520420e+06   3.3569336e+01
   3.8540390e+06   3.4423828e+01
   3.8601540e+06   3.8574219e+01
   3.8642780e+06   3.3752441e+01
   3.8711960e+06   3.2714844e+01
   3.8748360e+06   3.2287598e+01
   3.8776620e+06   3.5095215e+01
   3.8815010e+06   3.7841797e+01
   3.8815110e+06   3.2104492e+01
   3.8837420e+06   3.3813477e+01
   3.8929510e+06   3.2104492e+01
   3.8968470e+06   3.2409668e+01
   3.9024440e+06   3.2653809e+01
   3.9117500e+06   3.2653809e+01
   3.9127310e+06   3.2165527e+01
   3.9130810e+06   3.4484863e+01
   3.9136370e+06   3.4484863e+01
   3.9146450e+06   3.4973145e+01
   3.9158800e+06   3.3325195e+01
   3.9162890e+06   3.3874512e+01
   3.9282560e+06   4.0954590e+01
   3.9360930e+06   3.5461426e+01
   3.9409480e+06   3.3386230e+01
   3.9434120e+06   3.2653809e+01
   3.9453580e+06   3.2043457e+01
   3.9493810e+06   3.3447266e+01
   3.9514720e+06   3.3996582e+01
   3.9525050e+06   3.3142090e+01
   3.9547810e+06   3.3447266e+01
   3.9612220e+06   3.7353516e+01
   3.9619450e+06   3.3630371e+01
   3.9633690e+06   3.5705566e+01
   3.9712790e+06   3.9123535e+01
   3.9713480e+06   3.6071777e+01
   3.9781970e+06   3.7963867e+01
   3.9791730e+06   3.4118652e+01
   3.9799870e+06   3.3935547e+01
   3.9842770e+06   3.3569336e+01
   3.9872700e+06   3.2165527e+01
   3.9932550e+06   3.5644531e+01
   3.9933700e+06   3.2714844e+01
   3.9947330e+06   3.2714844e+01
   3.9985420e+06   3.4790039e+01
   4.0045630e+06   3.2470703e+01
   4.0047250e+06   3.3264160e+01
   4.0095850e+06   3.2165527e+01
   4.0208400e+06   3.5034180e+01
   4.0269080e+06   3.3447266e+01
   4.0282780e+06   3.2897949e+01
   4.0364350e+06   3.2043457e+01
   4.0401080e+06   3.5949707e+01
   4.0424870e+06   3.2592773e+01
   4.0448420e+06   3.2409668e+01
   4.0480620e+06   3.5827637e+01
   4.0489360e+06   3.2287598e+01
   4.0521460e+06   3.6926270e+01
   4.0626660e+06   3.8940430e+01
   4.0627120e+06   3.3081055e+01
   4.0661420e+06   3.3813477e+01
   4.0684560e+06   3.4301758e+01
   4.0713740e+06   3.1921387e+01
   4.0789590e+06   3.3325195e+01
   4.0790120e+06   3.2592773e+01
   4.0847210e+06   3.6499023e+01
   4.0903050e+06   3.3081055e+01
   4.0974690e+06   3.3386230e+01
   4.1005330e+06   3.2348633e+01
   4.1055240e+06   3.3020020e+01
   4.1064290e+06   3.3630371e+01
   4.1114520e+06   3.3752441e+01
   4.1119460e+06   3.5705566e+01
   4.1119890e+06   3.9978027e+01
   4.1121960e+06   3.6254883e+01
   4.1123430e+06   3.3203125e+01
   4.1129930e+06   4.8583984e+01
   4.1267560e+06   4.1442871e+01
   4.1278290e+06   3.3569336e+01
   4.1320820e+06   3.5644531e+01
   4.1334870e+06   3.3691406e+01
   4.1363940e+06   3.9245605e+01
   4.1367250e+06   3.2958984e+01
   4.1408600e+06   3.1921387e+01
   4.1467350e+06   3.4667969e+01
   4.1500880e+06   4.1381836e+01
   4.1514860e+06   4.1931152e+01
   4.1515510e+06   3.2836914e+01
   4.1559760e+06   3.4851074e+01
   4.1611080e+06   3.4973145e+01
   4.1621570e+06   3.1982422e+01
   4.1787550e+06   3.2531738e+01
   4.1793810e+06   3.6499023e+01
   4.1796980e+06   3.2470703e+01
   4.1811290e+06   3.3386230e+01
   4.1938080e+06   3.2897949e+01
   4.1973200e+06   3.2104492e+01
   4.1985920e+06   3.2897949e+01
   4.2008060e+06   3.5156250e+01
   4.2073400e+06   3.2409668e+01
   4.2138990e+06   3.3264160e+01
   4.2159330e+06   3.2470703e+01
   4.2160300e+06   3.3813477e+01
   4.2162020e+06   3.3630371e+01
   4.2163210e+06   3.2287598e+01
   4.2246300e+06   3.3203125e+01
   4.2248460e+06   3.2348633e+01
   4.2251730e+06   3.4057617e+01
   4.2257450e+06   3.4667969e+01
   4.2285500e+06   3.3203125e+01
   4.2288350e+06   3.5156250e+01
   4.2346080e+06   3.2836914e+01
   4.2386390e+06   3.4912109e+01
   4.2506360e+06   3.3874512e+01
   4.2528670e+06   4.0588379e+01
   4.2547740e+06   3.2470703e+01
   4.2568200e+06   4.0588379e+01
   4.2609660e+06   3.3508301e+01
   4.2650530e+06   3.5034180e+01
   4.2713480e+06   3.4423828e+01
   4.2733640e+06   3.4240723e+01
   4.2747690e+06   3.3264160e+01
   4.2792490e+06   3.3996582e+01
   4.2796270e+06   3.5888672e+01
   4.2836070e+06   3.2531738e+01
   4.2899600e+06   3.6315918e+01
   4.2920680e+06   3.3508301e+01
   4.2938420e+06   3.3264160e+01
   4.2961340e+06   3.2836914e+01
   4.3003370e+06   3.3691406e+01
   4.3013010e+06   3.5705566e+01
   4.3038780e+06   3.2470703e+01
   4.3104970e+06   3.2531738e+01
   4.3110030e+06   3.4606934e+01
   4.3224670e+06   3.2775879e+01
   4.3258140e+06   3.2897949e+01
   4.3279270e+06   3.7475586e+01
   4.3290920e+06   3.4545898e+01
   4.3361200e+06   3.6132812e+01
   4.3370070e+06   3.3020020e+01
   4.3387540e+06   3.4729004e+01
   4.3409810e+06   3.2714844e+01
   4.3534560e+06   3.7048340e+01
   4.3588460e+06   3.4973145e+01
   4.3621920e+06   3.3264160e+01
   4.3623720e+06   4.2724609e+01
   4.3636150e+06   3.4912109e+01
   4.3639110e+06   3.5339355e+01
   4.3686150e+06   3.2531738e+01
   4.3743860e+06   3.6254883e+01
   4.3766300e+06   3.3325195e+01
   4.3904010e+06   3.2653809e+01
   4.4033060e+06   3.5522461e+01
   4.4039390e+06   3.2409668e+01
   4.4057230e+06   3.2470703e+01
   4.4156590e+06   3.3691406e+01
   4.4177620e+06   3.9672852e+01
   4.4179750e+06   3.2531738e+01
   4.4185590e+06   3.3874512e+01
   4.4244220e+06   3.6010742e+01
   4.4245780e+06   3.2287598e+01
   4.4282650e+06   3.3020020e+01
   4.4307030e+06   3.2531738e+01
   4.4381830e+06   3.2348633e+01
   4.4385660e+06   3.7292480e+01
   4.4391700e+06   3.4240723e+01
   4.4514250e+06   3.3325195e+01
   4.4525990e+06   3.3142090e+01
   4.4529880e+06   3.6193848e+01
   4.4556500e+06   3.4973145e+01
   4.4618710e+06   3.5034180e+01
   4.4621790e+06   3.1982422e+01
   4.4651690e+06   3.2775879e+01
   4.4655520e+06   3.1921387e+01
   4.4661460e+06   3.1982422e+01
   4.4662270e+06   3.1982422e+01
   4.4689770e+06   3.2043457e+01
   4.4749630e+06   3.7719727e+01
   4.4787060e+06   3.6132812e+01
   4.4795700e+06   3.5095215e+01
   4.4801410e+06   3.5827637e+01
   4.4851530e+06   3.4851074e+01
   4.4933530e+06   3.4912109e+01
   4.4940770e+06   3.4057617e+01
   4.4945190e+06   3.2165527e+01
   4.4992270e+06   3.1982422e+01
   4.5100470e+06   3.3264160e+01
   4.5114520e+06   3.2287598e+01
   4.5124280e+06   3.3325195e+01
   4.5142630e+06   3.2409668e+01
   4.5254730e+06   3.5339355e+01
   4.5258730e+06   3.5644531e+01
   4.5309870e+06   3.3386230e+01
   4.5334400e+06   3.4729004e+01
   4.5376780e+06   3.1921387e+01
   4.5379570e+06   3.2226562e+01
   4.5405290e+06   3.3630371e+01
   4.5470360e+06   3.2104492e+01
   4.5621010e+06   3.7048340e+01
   4.5624880e+06   3.2592773e+01
   4.5683220e+06   3.6193848e+01
   4.5687800e+06   3.2653809e+01
   4.5690270e+06   3.3935547e+01
   4.5827060e+06   3.3630371e+01
   4.5946790e+06   3.6376953e+01
   4.5980530e+06   3.1982422e+01
   4.6023870e+06   3.2653809e+01
   4.6173470e+06   3.4057617e+01
   4.6183140e+06   3.2409668e+01
   4.6314150e+06   3.3996582e+01
   4.6424850e+06   3.2775879e+01
   4.6473050e+06   3.1982422e+01
   4.6474860e+06   3.2409668e+01
   4.6477920e+06   3.4545898e+01
   4.6542920e+06   3.5461426e+01
   4.6611750e+06   4.2297363e+01
   4.6616260e+06   3.6010742e+01
   4.6635140e+06   3.6682129e+01
   4.6637360e+06   3.1982422e+01
   4.6689770e+06   3.3935547e+01
   4.6799710e+06   3.2287598e+01
   4.6834830e+06   3.7536621e+01
   4.7016470e+06   3.3142090e+01
   4.7036550e+06   3.4240723e+01
   4.7184410e+06   3.5217285e+01
   4.7297310e+06   3.3081055e+01
   4.7304820e+06   3.6621094e+01
   4.7314470e+06   3.4240723e+01
   4.7326440e+06   3.5888672e+01
   4.7333870e+06   3.3813477e+01
   4.7394830e+06   3.6926270e+01
   4.7466540e+06   3.4851074e+01
   4.7476890e+06   3.3447266e+01
   4.7511670e+06   3.2470703e+01
   4.7568910e+06   3.2836914e+01
   4.7667480e+06   3.4118652e+01
   4.7693130e+06   4.0954590e+01
   4.7703470e+06   3.3813477e+01
   4.7886140e+06   3.3996582e+01
   4.7913900e+06   3.3264160e+01
   4.7920160e+06   3.2226562e+01
   4.8098380e+06   3.5522461e+01
   4.8183960e+06   3.2531738e+01
   4.8294420e+06   3.4729004e+01
   4.8470640e+06   3.6132812e+01
   4.8477400e+06   3.2226562e+01
   4.8490170e+06   3.3630371e+01
   4.8505890e+06   3.4057617e+01
   4.8561110e+06   3.3142090e+01
   4.8644020e+06   3.2592773e+01
   4.8664870e+06   3.7109375e+01
   4.8690860e+06   3.2592773e+01
   4.8700710e+06   3.9672852e+01
   4.8711340e+06   3.9184570e+01
   4.8716600e+06   3.5156250e+01
   4.8879820e+06   3.3630371e+01
   4.8902680e+06   3.6254883e+01
   4.8910520e+06   3.3508301e+01
   4.9033850e+06   3.3203125e+01
   4.9074470e+06   3.3142090e+01
   4.9080540e+06   3.3020020e+01
   4.9097410e+06   3.4057617e+01
   4.9251950e+06   3.3508301e+01
   4.9266800e+06   3.6010742e+01
   4.9268870e+06   3.3508301e+01
   4.9269500e+06   3.1982422e+01
   4.9447170e+06   3.3813477e+01
   4.9623020e+06   3.5278320e+01
   4.9749890e+06   3.3752441e+01
   4.9797090e+06   3.2958984e+01
   4.9815140e+06   3.3569336e+01
   4.9830060e+06   3.5705566e+01
   4.9840670e+06   3.1921387e+01
   4.9941340e+06   3.2714844e+01
   4.9977300e+06   3.3813477e+01
   5.0009970e+06   3.8391113e+01
   5.0206620e+06   3.3142090e+01
   5.0226500e+06   3.3081055e+01
   5.0577780e+06   3.4790039e+01
   5.0603230e+06   3.5461426e+01
   5.0617810e+06   3.4118652e+01
   5.0706080e+06   3.2409668e+01
   5.0761030e+06   3.3386230e+01
   5.0763630e+06   3.4851074e+01
   5.0781820e+06   3.1921387e+01
   5.0900070e+06   3.5705566e+01
   5.1011430e+06   3.4667969e+01
   5.1029940e+06   3.2165527e+01
   5.1080200e+06   3.3142090e+01
   5.1096500e+06   3.1921387e+01
   5.1277740e+06   3.3813477e+01
   5.1293990e+06   3.3081055e+01
   5.1331510e+06   3.3386230e+01
   5.1373790e+06   3.4545898e+01
   5.1497380e+06   3.5583496e+01
   5.1538420e+06   3.4912109e+01
   5.1540810e+06   3.3142090e+01
   5.1546020e+06   3.2287598e+01
   5.1689840e+06   3.2897949e+01
   5.1814860e+06   3.6193848e+01
   5.1826300e+06   3.2775879e+01
   5.1831950e+06   3.7109375e+01
   5.1834010e+06   3.3508301e+01
   5.1838450e+06   3.2470703e+01
   5.1936400e+06   3.6865234e+01
   5.1967390e+06   3.4973145e+01
   5.1987970e+06   3.5949707e+01
   5.2063180e+06   3.4118652e+01
   5.2388720e+06   3.6926270e+01
   5.2408540e+06   3.3508301e+01
   5.2444460e+06   3.2043457e+01
   5.2511370e+06   3.3935547e+01
   5.2677730e+06   3.4790039e+01
   5.2743960e+06   3.6804199e+01
   5.2749900e+06   3.2592773e+01
   5.2756130e+06   3.3935547e+01
   5.2767260e+06   3.2348633e+01
   5.2847080e+06   3.4423828e+01
   5.2848910e+06   3.2104492e+01
   5.2874390e+06   3.2531738e+01
   5.2937820e+06   3.5705566e+01
   5.2997280e+06   3.6865234e+01
   5.3007190e+06   3.6926270e+01
   5.3031930e+06   3.2226562e+01
   5.3060680e+06   3.4362793e+01
   5.3066880e+06   3.3813477e+01
   5.3081540e+06   3.2958984e+01
   5.3082230e+06   3.3386230e+01
   5.3087060e+06   3.3142090e+01
   5.3089070e+06   3.4179688e+01
   5.3098610e+06   3.5400391e+01
   5.3103650e+06   3.2165527e+01
   5.3220290e+06   3.6682129e+01
   5.3270850e+06   3.3325195e+01
   5.3352320e+06   3.2653809e+01
   5.3356570e+06   3.4240723e+01
   5.3413970e+06   3.4545898e+01
   5.3418890e+06   3.6743164e+01
   5.3421270e+06   3.2775879e+01
   5.3450100e+06   3.3142090e+01
   5.3581420e+06   3.1982422e+01
   5.3609330e+06   3.3386230e+01
   5.3703870e+06   3.3752441e+01
   5.3704680e+06   3.2287598e+01
   5.3708390e+06   3.5278320e+01
   5.3738840e+06   3.3203125e+01
   5.3742950e+06   3.8452148e+01
   5.3743390e+06   3.3386230e+01
   5.3744110e+06   3.5095215e+01
   5.3744560e+06   3.3203125e+01
   5.3745470e+06   3.4851074e+01
   5.3746990e+06   3.4423828e+01
   5.3767960e+06   3.7475586e+01
   5.3980560e+06   3.3752441e+01
   5.4158630e+06   3.2226562e+01
   5.4169750e+06   3.3020020e+01
   5.4171090e+06   3.4973145e+01
   5.4173120e+06   3.2897949e+01
   5.4187300e+06   3.3264160e+01
   5.4426440e+06   3.7597656e+01
   5.4497890e+06   3.4118652e+01
   5.4512390e+06   4.1503906e+01
   5.4515170e+06   3.2592773e+01
   5.4522170e+06   3.3691406e+01
   5.4525890e+06   3.2470703e+01
   5.4529290e+06   3.4545898e+01
   5.4705040e+06   3.3630371e+01
   5.4809960e+06   3.7536621e+01
   5.4881650e+06   3.7292480e+01
   5.4883880e+06   3.3142090e+01
   5.4891360e+06   3.6621094e+01
   5.5163300e+06   3.4301758e+01
   5.5171910e+06   3.4545898e+01
   5.5176680e+06   3.4484863e+01
   5.5179470e+06   3.2592773e+01
   5.5193250e+06   3.2897949e+01
   5.5294090e+06   3.3630371e+01
   5.5381010e+06   3.3508301e+01
   5.5394840e+06   3.1921387e+01
   5.5397720e+06   3.2348633e+01
   5.5434130e+06   3.2348633e+01
   5.5440660e+06   3.5705566e+01
   5.5444620e+06   3.2165527e+01
   5.5452840e+06   3.2348633e+01
   5.5578980e+06   3.5705566e+01
   5.5636060e+06   3.5949707e+01
   5.5652340e+06   3.3752441e+01
   5.5658270e+06   3.2836914e+01
   5.5721570e+06   3.8452148e+01
   5.5725150e+06   3.7963867e+01
   5.5755510e+06   3.2104492e+01
   5.5936780e+06   3.2043457e+01
   5.5971280e+06   3.3996582e+01
   5.5977290e+06   3.3203125e+01
   5.5978480e+06   3.4240723e+01
   5.5978960e+06   3.6743164e+01
   5.5980490e+06   3.3630371e+01
   5.5984210e+06   3.8085938e+01
   5.6012650e+06   3.2287598e+01
   5.6209020e+06   3.2897949e+01
   5.6230530e+06   3.3447266e+01
   5.6232260e+06   3.4606934e+01
   5.6239980e+06   3.5522461e+01
   5.6258370e+06   3.5766602e+01
   5.6424860e+06   3.3142090e+01
   5.6443170e+06   3.5827637e+01
   5.6472650e+06   3.5461426e+01
   5.6535770e+06   3.3325195e+01
   5.6559570e+06   3.5217285e+01
   5.6604340e+06   3.6010742e+01
   5.6609510e+06   3.7048340e+01
   5.6614010e+06   3.6132812e+01
   5.6615610e+06   3.4667969e+01
   5.6617110e+06   3.2836914e+01
   5.6746830e+06   3.3020020e+01
   5.6767310e+06   3.2775879e+01
   5.6813720e+06   3.9001465e+01
   5.6863720e+06   3.2897949e+01
   5.6864270e+06   3.2653809e+01
   5.6867040e+06   3.4057617e+01
   5.6869840e+06   3.9550781e+01
   5.6890590e+06   3.6010742e+01
   5.6892290e+06   3.3996582e+01
   5.6897930e+06   3.2104492e+01
   5.7301380e+06   3.3508301e+01
   5.7494710e+06   3.8635254e+01
   5.7543000e+06   3.3081055e+01
   5.7593260e+06   3.2897949e+01
   5.7604110e+06   3.3996582e+01
   5.7604690e+06   3.9550781e+01
   5.7622240e+06   3.4240723e+01
   5.7868740e+06   3.2226562e+01
   5.8032580e+06   3.4545898e+01
   5.8080850e+06   3.1921387e+01
   5.8111890e+06   3.4545898e+01
   5.8150820e+06   3.3691406e+01
   5.8153370e+06   3.5583496e+01
   5.8239200e+06   3.3874512e+01
   5.8252960e+06   3.3996582e+01
   5.8318840e+06   3.3630371e+01
   5.8321440e+06   3.2531738e+01
   5.8364930e+06   4.1564941e+01
   5.8398000e+06   3.3935547e+01
   5.8415450e+06   3.3203125e+01
   5.8557290e+06   3.2897949e+01
   5.8571700e+06   3.4667969e+01
   5.8583650e+06   3.2592773e+01
   5.8770900e+06   3.6437988e+01
   5.8780630e+06   3.2226562e+01
   5.8881870e+06   3.4362793e+01
   5.8900870e+06   3.3386230e+01
   5.8931690e+06   3.3203125e+01
   5.8987780e+06   3.3630371e+01
   5.9224570e+06   3.5949707e+01
   5.9239140e+06   3.2348633e+01
   5.9261810e+06   3.5766602e+01
   5.9263040e+06   3.4118652e+01
   5.9273170e+06   3.6376953e+01
   5.9278760e+06   3.2104492e+01
   5.9291950e+06   3.3447266e+01
   5.9296150e+06   4.2480469e+01
   5.9296720e+06   3.3569336e+01
   5.9308300e+06   3.3569336e+01
   5.9328620e+06   3.4118652e+01
   5.9333090e+06   3.6132812e+01
   5.9336750e+06   3.3142090e+01
   5.9338690e+06   3.5278320e+01
   5.9355880e+06   4.0222168e+01
   5.9357360e+06   3.3752441e+01
   5.9364620e+06   3.2409668e+01
   5.9380280e+06   3.2592773e+01
   5.9406010e+06   3.2409668e+01
   5.9414500e+06   3.3142090e+01
   5.9441370e+06   3.8757324e+01
   5.9487150e+06   3.9550781e+01
   5.9780940e+06   3.3996582e+01
   5.9831350e+06   3.4362793e+01
   5.9870070e+06   3.4118652e+01
   5.9926300e+06   3.3203125e+01
   5.9927700e+06   3.3508301e+01
   5.9931390e+06   3.2470703e+01
   5.9932250e+06   3.7048340e+01
   5.9936070e+06   3.3691406e+01
   5.9947830e+06   3.7902832e+01
   5.9949310e+06   3.4362793e+01
   5.9952300e+06   3.5522461e+01
   5.9955510e+06   3.2348633e+01
   5.9967260e+06   3.7292480e+01
   5.9970560e+06   3.6010742e+01
   5.9976700e+06   3.2409668e+01
   5.9978640e+06   3.3447266e+01
   5.9979240e+06   3.3325195e+01
   5.9980770e+06   3.3874512e+01
   5.9984030e+06   3.8879395e+01
   6.0009970e+06   3.2409668e+01
   6.0150490e+06   3.4179688e+01
   6.0164620e+06   3.6682129e+01
   6.0202700e+06   3.2470703e+01
   6.0217430e+06   3.1982422e+01
   6.0222430e+06   3.8757324e+01
   6.0224790e+06   3.3874512e+01
   6.0311870e+06   3.8024902e+01
   6.0318520e+06   3.3813477e+01
   6.0374610e+06   3.3569336e+01
   6.0455960e+06   3.5705566e+01
   6.0460210e+06   3.3813477e+01
   6.0560830e+06   3.2165527e+01
   6.0588950e+06   3.3630371e+01
   6.0590740e+06   3.6804199e+01
   6.0781700e+06   3.3142090e+01
   6.0801150e+06   3.3325195e+01
   6.0904010e+06   3.3203125e+01
   6.0925050e+06   3.4606934e+01
   6.1014270e+06   3.3508301e+01
   6.1160970e+06   3.7475586e+01
   6.1170670e+06   3.6010742e+01
   6.1179450e+06   3.4240723e+01
   6.1180780e+06   3.5400391e+01
   6.1329400e+06   3.2409668e+01
   6.1458060e+06   3.3386230e+01
   6.1638490e+06   3.3020020e+01
   6.1681420e+06   3.2958984e+01
   6.1793310e+06   3.4118652e+01
   6.1875780e+06   3.3264160e+01
   6.1894820e+06   3.5095215e+01
   6.2009380e+06   3.2165527e+01
   6.2108880e+06   3.3874512e+01
   6.2113580e+06   3.3874512e+01
   6.2268020e+06   3.2043457e+01
   6.2285340e+06   3.3630371e+01
   6.2295600e+06   3.4423828e+01
   6.2302690e+06   3.7536621e+01
   6.2312770e+06   3.3630371e+01
   6.2318950e+06   3.6987305e+01
   6.2348150e+06   3.5766602e+01
   6.2604260e+06   3.1921387e+01
   6.2767760e+06   3.4423828e+01
   6.2797550e+06   3.3752441e+01
   6.2861270e+06   3.2165527e+01
   6.2872610e+06   3.6193848e+01
   6.2941160e+06   3.3203125e+01
   6.2948270e+06   3.2592773e+01
   6.3076570e+06   3.4301758e+01
   6.3172770e+06   3.2165527e+01
   6.3213670e+06   3.2958984e+01
   6.3241260e+06   3.4362793e+01
   6.3303800e+06   3.5278320e+01
   6.3327190e+06   3.4057617e+01
   6.3335730e+06   3.4301758e+01
   6.3351070e+06   3.3142090e+01
   6.3409920e+06   3.2531738e+01
   6.3479720e+06   3.9733887e+01
   6.3581490e+06   3.4667969e+01
   6.3711040e+06   3.2165527e+01
   6.3772370e+06   3.7170410e+01
   6.3785170e+06   3.2958984e+01
   6.3886810e+06   3.6376953e+01
   6.3975920e+06   3.2165527e+01
   6.3982760e+06   3.2348633e+01
   6.3987730e+06   3.5156250e+01
   6.3992340e+06   3.2409668e+01
   6.4002080e+06   3.2836914e+01
   6.4121820e+06   3.7902832e+01
   6.4136970e+06   3.2104492e+01
   6.4267110e+06   3.6987305e+01
   6.4278510e+06   3.2409668e+01
   6.4294180e+06   4.0588379e+01
   6.4386650e+06   3.4423828e+01
   6.4432630e+06   3.2775879e+01
   6.4440220e+06   3.3203125e+01
   6.4483410e+06   3.3386230e+01
   6.4621120e+06   3.3752441e+01
   6.4657690e+06   3.8513184e+01
   6.4675970e+06   3.2104492e+01
   6.4713780e+06   3.6499023e+01
   6.4838490e+06   3.2775879e+01
   6.4948680e+06   3.2836914e+01
   6.4968530e+06   3.6865234e+01
   6.5000280e+06   3.4667969e+01
   6.5080040e+06   3.2165527e+01
   6.5101640e+06   3.3081055e+01
   6.5253400e+06   4.6386719e+01
   6.5415410e+06   3.2714844e+01
   6.5500910e+06   3.5278320e+01
   6.5505100e+06   3.4057617e+01
   6.5532720e+06   3.2958984e+01
   6.5572120e+06   3.4057617e+01
   6.5617800e+06   3.4790039e+01
   6.5643200e+06   3.7780762e+01
   6.5651710e+06   3.5278320e+01
   6.5673450e+06   3.9306641e+01
   6.5745350e+06   3.2836914e+01
   6.5805340e+06   3.2165527e+01
   6.5810170e+06   3.5217285e+01
   6.5816050e+06   3.3020020e+01
   6.5886780e+06   3.2470703e+01
   6.5887230e+06   3.8208008e+01
   6.5887610e+06   4.5593262e+01
   6.5888010e+06   4.4616699e+01
   6.5888450e+06   3.4240723e+01
   6.5902570e+06   3.3691406e+01
   6.5908280e+06   3.5339355e+01
   6.6032030e+06   3.7109375e+01
   6.6045360e+06   3.3203125e+01
   6.6160550e+06   3.4790039e+01
   6.6296260e+06   4.2114258e+01
   6.6318240e+06   3.2775879e+01
   6.6340380e+06   3.7658691e+01
   6.6368080e+06   3.3020020e+01
   6.6420600e+06   3.6743164e+01
   6.6457920e+06   3.4240723e+01
   6.6504720e+06   3.2653809e+01
   6.6504920e+06   3.6865234e+01
   6.6512030e+06   3.3691406e+01
   6.6571170e+06   3.3813477e+01
   6.6576420e+06   3.7658691e+01
   6.6576790e+06   3.4179688e+01
   6.6577310e+06   3.3874512e+01
   6.6577690e+06   3.3935547e+01
   6.6593330e+06   3.3264160e+01
   6.6734890e+06   3.5461426e+01
   6.6741480e+06   3.2409668e+01
   6.6811900e+06   3.7597656e+01
   6.6884300e+06   3.3203125e+01
   6.6908590e+06   3.1982422e+01
   6.6910810e+06   3.5766602e+01
   6.6930740e+06   3.2165527e+01
   6.6952550e+06   3.2592773e+01
   6.7099430e+06   3.2714844e+01
   6.7113050e+06   3.2897949e+01
   6.7256950e+06   3.5400391e+01
   6.7266230e+06   3.2409668e+01
   6.7286650e+06   3.2287598e+01
   6.7432270e+06   3.6437988e+01
   6.7821170e+06   3.6743164e+01
   6.7828890e+06   4.5410156e+01
   6.7874990e+06   3.2897949e+01
   6.7907450e+06   3.4790039e+01
   6.7921230e+06   3.2104492e+01
   6.8058390e+06   3.5766602e+01
   6.8081800e+06   3.3813477e+01
   6.8373900e+06   3.3996582e+01
   6.8385640e+06   3.7841797e+01
   6.8389490e+06   3.7048340e+01
   6.8395440e+06   3.6621094e+01
   6.8446710e+06   3.7841797e+01
   6.8555830e+06   3.4973145e+01
   6.8593370e+06   3.5827637e+01
   6.8634330e+06   3.2104492e+01
   6.8653690e+06   3.3203125e+01
   6.8674410e+06   3.4118652e+01
   6.8676110e+06   3.1982422e+01
   6.8713760e+06   3.3081055e+01
   6.8965780e+06   3.6499023e+01
   6.8974850e+06   3.4301758e+01
   6.8976260e+06   3.3264160e+01
   6.8978310e+06   3.6499023e+01
   6.8984210e+06   3.4729004e+01
   6.9011780e+06   3.6254883e+01
   6.9033100e+06   3.4301758e+01
   6.9035450e+06   3.2531738e+01
   6.9213860e+06   3.4729004e+01
   6.9233700e+06   3.6071777e+01
   6.9253200e+06   3.4118652e+01
   6.9280580e+06   3.4240723e+01
   6.9282480e+06   3.2409668e+01
   6.9292310e+06   3.3813477e+01
   6.9293600e+06   3.3630371e+01
   6.9303850e+06   3.4851074e+01
   6.9418760e+06   3.3081055e+01
   6.9473550e+06   3.4057617e+01
   6.9599280e+06   3.5339355e+01
   6.9703780e+06   3.5156250e+01
   6.9735470e+06   3.1921387e+01
   6.9938160e+06   3.7475586e+01
   6.9950210e+06   3.2531738e+01
   6.9975760e+06   3.5766602e+01
   6.9985900e+06   3.2409668e+01
   6.9986890e+06   3.3874512e+01
   6.9987910e+06   3.2348633e+01
   7.0113390e+06   3.8208008e+01
   7.0162340e+06   3.4912109e+01
   7.0208460e+06   3.4301758e+01
   7.0227960e+06   3.6071777e+01
   7.0241590e+06   3.5949707e+01
   7.0245470e+06   4.1076660e+01
   7.0252900e+06   3.2531738e+01
   7.0268950e+06   3.2531738e+01
   7.0278420e+06   3.2531738e+01
   7.0325830e+06   3.4179688e+01
   7.0406390e+06   3.2043457e+01
   7.0439560e+06   3.2714844e+01
   7.0456330e+06   3.6621094e+01
   7.0474020e+06   3.6437988e+01
   7.0686020e+06   3.5583496e+01
   7.0699610e+06   3.6071777e+01
   7.0708730e+06   3.4790039e+01
   7.0719180e+06   3.4057617e+01
   7.0829370e+06   3.6254883e+01
   7.0946610e+06   3.2409668e+01
   7.1121850e+06   3.1982422e+01
   7.1161900e+06   3.3752441e+01
   7.1284880e+06   3.6132812e+01
   7.1357760e+06   3.2531738e+01
   7.1360940e+06   3.5034180e+01
   7.1375330e+06   3.2470703e+01
   7.1389330e+06   3.3325195e+01
   7.1392040e+06   3.4729004e+01
   7.1400950e+06   3.2775879e+01
   7.1593120e+06   3.3020020e+01
   7.1611610e+06   3.3752441e+01
   7.1617650e+06   3.2470703e+01
   7.1748350e+06   3.2226562e+01
   7.1824300e+06   3.3630371e+01
   7.1921260e+06   3.2470703e+01
   7.1930260e+06   3.2714844e+01
   7.1984860e+06   3.2287598e+01
   7.1998140e+06   3.3752441e+01
   7.2004720e+06   3.7536621e+01
   7.2026890e+06   3.2287598e+01
   7.2030900e+06   3.7231445e+01
   7.2032850e+06   3.2409668e+01
   7.2037030e+06   3.2836914e+01
   7.2050920e+06   3.8574219e+01
   7.2264000e+06   3.1982422e+01
   7.2266310e+06   3.5522461e+01
   7.2269290e+06   3.3081055e+01
   7.2400620e+06   3.5461426e+01
   7.2491770e+06   3.3996582e+01
   7.2493160e+06   3.2958984e+01
   7.2493340e+06   3.5095215e+01
   7.2493940e+06   3.5583496e+01
   7.2494420e+06   3.7109375e+01
   7.2519720e+06   3.2592773e+01
   7.2678490e+06   3.1982422e+01
   7.2798920e+06   3.4118652e+01
   7.3228630e+06   3.3386230e+01
   7.3284550e+06   3.9184570e+01
   7.3339350e+06   3.5705566e+01
   7.3350130e+06   3.3203125e+01
   7.3402120e+06   3.4240723e+01
   7.3402860e+06   3.6437988e+01
   7.3403370e+06   3.3935547e+01
   7.3403830e+06   3.3447266e+01
   7.3405300e+06   3.9123535e+01
   7.3436710e+06   3.2836914e+01
   7.3438860e+06   4.1198730e+01
   7.3444740e+06   3.1921387e+01
   7.3460500e+06   3.4484863e+01
   7.3462650e+06   3.3630371e+01
   7.3463840e+06   3.5034180e+01
   7.3685230e+06   3.2836914e+01
   7.3786380e+06   3.4667969e+01
   7.3788120e+06   3.3752441e+01
   7.3913380e+06   3.5217285e+01
   7.3919620e+06   3.3996582e+01
   7.3920140e+06   3.7597656e+01
   7.3923120e+06   3.2348633e+01
   7.3942290e+06   3.2470703e+01
   7.3964380e+06   3.3508301e+01
   7.3971140e+06   3.6865234e+01
   7.3978290e+06   3.5522461e+01
   7.3986230e+06   3.8513184e+01
   7.3990100e+06   3.2897949e+01
   7.4018940e+06   3.2653809e+01
   7.4020590e+06   3.5156250e+01
   7.4026560e+06   3.4362793e+01
   7.4040100e+06   3.2409668e+01
   7.4055680e+06   3.3447266e+01
   7.4069320e+06   3.2897949e+01
   7.4078470e+06   3.3752441e+01
   7.4083710e+06   3.3569336e+01
   7.4139030e+06   3.5400391e+01
   7.4398170e+06   3.3630371e+01
   7.4535980e+06   3.2409668e+01
   7.4550760e+06   3.1982422e+01
   7.4736660e+06   3.3020020e+01
   7.4815700e+06   3.4362793e+01
   7.4831760e+06   3.2531738e+01
   7.4832240e+06   4.3090820e+01
   7.4833450e+06   4.4738770e+01
   7.4834740e+06   3.7780762e+01
   7.4836630e+06   3.4301758e+01
   7.4837230e+06   3.1982422e+01
   7.4838540e+06   3.4057617e+01
   7.4839260e+06   3.3081055e+01
   7.4861120e+06   3.4118652e+01
   7.4861670e+06   3.2958984e+01
   7.4870720e+06   3.2775879e+01
   7.4882020e+06   3.4484863e+01
   7.4894450e+06   3.1982422e+01
   7.4925990e+06   3.6621094e+01
   7.5025140e+06   3.2470703e+01
   7.5151970e+06   3.2226562e+01
   7.5187670e+06   3.3081055e+01
   7.5270500e+06   3.6743164e+01
   7.5394800e+06   3.3508301e+01
   7.5439950e+06   3.2409668e+01
   7.5441560e+06   4.1931152e+01
   7.5442820e+06   3.4973145e+01
   7.5443260e+06   3.5522461e+01
   7.5456290e+06   3.2470703e+01
   7.5504870e+06   3.5949707e+01
   7.5644590e+06   3.3996582e+01
   7.5803540e+06   3.2104492e+01
   7.5855130e+06   3.8269043e+01
   7.5869570e+06   3.4118652e+01
   7.6016910e+06   3.5400391e+01
   7.6178020e+06   3.2653809e+01
   7.6319380e+06   3.2653809e+01
   7.6321070e+06   4.8522949e+01
   7.6322450e+06   4.2724609e+01
   7.6325810e+06   3.3203125e+01
   7.6330630e+06   3.3569336e+01
   7.6339140e+06   3.2714844e+01
   7.6340080e+06   3.3020020e+01
   7.6351190e+06   3.4362793e+01
   7.6364850e+06   3.6437988e+01
   7.6366500e+06   3.2287598e+01
   7.6368300e+06   3.5583496e+01
   7.6382940e+06   3.3691406e+01
   7.6387790e+06   3.3081055e+01
   7.6395520e+06   3.4484863e+01
   7.6421340e+06   3.2348633e+01
   7.6438450e+06   3.2226562e+01
   7.6640640e+06   3.2775879e+01
   7.6659140e+06   3.7414551e+01
   7.6695420e+06   3.2409668e+01
   7.6748480e+06   3.8330078e+01
   7.6776250e+06   3.1921387e+01
   7.6837860e+06   3.4179688e+01
   7.6917560e+06   3.6560059e+01
   7.6962710e+06   3.1982422e+01
   7.6993790e+06   3.4606934e+01
   7.7053470e+06   3.9001465e+01
   7.7061780e+06   3.2409668e+01
   7.7063370e+06   4.3762207e+01
   7.7064260e+06   3.2897949e+01
   7.7064590e+06   3.2958984e+01
   7.7071840e+06   3.5034180e+01
   7.7079380e+06   3.3813477e+01
   7.7080000e+06   3.4484863e+01
   7.7096450e+06   3.6926270e+01
   7.7151450e+06   3.2958984e+01
   7.7160900e+06   3.3447266e+01
   7.7206420e+06   3.5095215e+01
   7.7251470e+06   3.2592773e+01
   7.7413600e+06   3.1982422e+01
   7.7489250e+06   3.4851074e+01
   7.7493820e+06   4.2358398e+01
   7.7523780e+06   3.2531738e+01
   7.7579470e+06   3.5644531e+01
   7.7712730e+06   3.2958984e+01
   7.7724890e+06   3.3569336e+01
   7.7790110e+06   3.2470703e+01
   7.7792520e+06   3.4606934e+01
   7.7805580e+06   3.3020020e+01
   7.8117390e+06   3.7475586e+01
   7.8507390e+06   3.2043457e+01
   7.8676900e+06   3.2531738e+01
   7.8688560e+06   3.5278320e+01
   7.8720370e+06   3.5400391e+01
   7.8785070e+06   3.2958984e+01
   7.8789920e+06   3.3569336e+01
   7.8791540e+06   3.3691406e+01
   7.8791680e+06   4.0527344e+01
   7.8794200e+06   3.2775879e+01
   7.8912180e+06   3.2287598e+01
   7.9128590e+06   3.7536621e+01
   7.9593280e+06   3.3813477e+01
   7.9620150e+06   3.3630371e+01
   8.0091630e+06   3.3142090e+01
   8.0164630e+06   3.3996582e+01
   8.0300910e+06   3.3630371e+01
   8.0411720e+06   3.2470703e+01
   8.0480500e+06   3.3325195e+01
   8.0485120e+06   4.0283203e+01
   8.0487500e+06   3.4484863e+01
   8.0491610e+06   3.2104492e+01
   8.0493040e+06   3.1982422e+01
   8.0495360e+06   3.3142090e+01
   8.0503260e+06   3.3081055e+01
   8.0505400e+06   3.6071777e+01
   8.0513520e+06   3.2531738e+01
   8.0522790e+06   4.1015625e+01
   8.0538530e+06   3.6193848e+01
   8.0544750e+06   3.3813477e+01
   8.0554200e+06   3.2592773e+01
   8.0557080e+06   3.2287598e+01
   8.0568740e+06   4.1931152e+01
   8.0579070e+06   3.3447266e+01
   8.0586370e+06   3.5644531e+01
   8.0659320e+06   3.3447266e+01
   8.0685270e+06   3.3203125e+01
   8.0727160e+06   3.5156250e+01
   8.1013100e+06   3.5034180e+01
   8.1050650e+06   3.1982422e+01
   8.1254830e+06   3.5827637e+01
   8.1275420e+06   3.4973145e+01
   8.1327040e+06   3.2836914e+01
   8.1370820e+06   3.2714844e+01
   8.1454620e+06   3.2531738e+01
   8.1682470e+06   3.5400391e+01
   8.1952900e+06   3.5278320e+01
   8.2127400e+06   3.4790039e+01
   8.2402970e+06   3.2775879e+01
   8.2454840e+06   3.1921387e+01
   8.2499030e+06   3.4118652e+01
   8.2631290e+06   3.6987305e+01
   8.2688840e+06   3.2653809e+01
   8.2708680e+06   3.2531738e+01
   8.2783320e+06   3.3325195e+01
   8.2809950e+06   3.3935547e+01
   8.2813920e+06   3.2653809e+01
   8.2814430e+06   3.2592773e+01
   8.2814960e+06   3.2043457e+01
   8.2833700e+06   3.3264160e+01
   8.2900960e+06   3.4362793e+01
   8.3132420e+06   3.7170410e+01
   8.3258040e+06   3.4973145e+01
   8.3351720e+06   3.5705566e+01
   8.3535730e+06   3.3752441e+01
   8.3717350e+06   3.3386230e+01
   8.3797940e+06   3.3813477e+01
   8.3830710e+06   3.6132812e+01
   8.3839920e+06   3.2226562e+01
   8.3928490e+06   3.2531738e+01
   8.3955390e+06   3.3813477e+01
   8.3964810e+06   3.3447266e+01
   8.3976780e+06   3.3996582e+01
   8.4279610e+06   3.3813477e+01
   8.4291300e+06   3.3020020e+01
   8.4296970e+06   3.1921387e+01
   8.4348000e+06   3.1921387e+01
   8.4430210e+06   3.3508301e+01
   8.4451910e+06   3.9916992e+01
   8.4457630e+06   3.3447266e+01
   8.4460230e+06   3.5827637e+01
   8.4492640e+06   3.2287598e+01
   8.4561240e+06   3.5522461e+01
   8.4606710e+06   3.2775879e+01
   8.4625160e+06   3.4851074e+01
   8.4654920e+06   3.2958984e+01
   8.4655280e+06   3.4057617e+01
   8.4655590e+06   4.0771484e+01
   8.4656450e+06   3.3691406e+01
   8.4656930e+06   3.3874512e+01
   8.4659810e+06   4.0039063e+01
   8.4670850e+06   3.2653809e+01
   8.4893200e+06   3.4790039e+01
   8.5130750e+06   3.4423828e+01
   8.5141480e+06   3.6193848e+01
   8.5178190e+06   3.2043457e+01
   8.5207340e+06   3.2165527e+01
   8.5267020e+06   3.2043457e+01
   8.5297320e+06   3.3203125e+01
   8.5599970e+06   3.2287598e+01
   8.5648370e+06   3.3142090e+01
   8.5654380e+06   3.2836914e+01
   8.5660110e+06   3.2348633e+01
   8.5817920e+06   3.3935547e+01
   8.5820200e+06   3.7353516e+01
   8.5837480e+06   3.5766602e+01
   8.5853250e+06   3.2592773e+01
   8.5957140e+06   3.6926270e+01
   8.6006280e+06   3.5400391e+01
   8.6090940e+06   4.0100098e+01
   8.6091620e+06   3.3752441e+01
   8.6116230e+06   3.2165527e+01
   8.6187960e+06   3.2714844e+01
   8.6207760e+06   3.5095215e+01
   8.6222390e+06   3.2653809e+01
   8.6373610e+06   4.0344238e+01
   8.6390190e+06   3.4423828e+01
   8.6395040e+06   3.4362793e+01
   8.6473690e+06   3.6437988e+01
   8.6572360e+06   3.2043457e+01
   8.6815050e+06   3.2714844e+01
   8.6861210e+06   3.2592773e+01
   8.6865910e+06   3.8879395e+01
   8.6868590e+06   3.1921387e+01
   8.6885320e+06   3.4179688e+01
   8.6960360e+06   3.2775879e+01
   8.6992410e+06   3.2409668e+01
   8.7006420e+06   3.6499023e+01
   8.7026210e+06   3.5034180e+01
   8.7334790e+06   3.4484863e+01
   8.7344240e+06   3.2470703e+01
   8.7346270e+06   3.3752441e+01
   8.7392650e+06   3.2104492e+01
   8.7537830e+06   3.8940430e+01
   8.7580710e+06   3.4301758e+01
   8.7720180e+06   3.4057617e+01
   8.7738500e+06   3.4851074e+01
   8.7748810e+06   3.3447266e+01
   8.7965050e+06   3.5339355e+01
   8.7971400e+06   3.3203125e+01
   8.7978230e+06   4.1442871e+01
   8.8017670e+06   3.2714844e+01
   8.8188590e+06   3.2836914e+01
   8.8220910e+06   3.2714844e+01
   8.8232860e+06   3.4545898e+01
   8.8244420e+06   3.5278320e+01
   8.8251030e+06   3.3447266e+01
   8.8262670e+06   3.7963867e+01
   8.8266200e+06   3.4362793e+01
   8.8385810e+06   3.7841797e+01
   8.8449660e+06   3.3996582e+01
   8.8450620e+06   3.3447266e+01
   8.8619550e+06   3.3569336e+01
   8.8660510e+06   3.2470703e+01
   8.8737390e+06   3.2714844e+01
   8.8799680e+06   3.4240723e+01
   8.8880490e+06   3.7414551e+01
   8.9082670e+06   3.1921387e+01
   8.9104390e+06   3.7902832e+01
   8.9110660e+06   3.3996582e+01
   8.9118440e+06   3.4301758e+01
   8.9302880e+06   3.2104492e+01
   8.9328800e+06   3.3996582e+01
   8.9478230e+06   3.4851074e+01
   8.9487020e+06   3.3203125e+01
   8.9490950e+06   3.4729004e+01
   8.9560290e+06   3.3996582e+01
   8.9742180e+06   3.4484863e+01
   8.9925250e+06   3.3264160e+01
   8.9944210e+06   3.6621094e+01
   9.0107520e+06   3.2165527e+01
   9.0122880e+06   3.6132812e+01
   9.0135360e+06   3.1616211e+01
   9.0145560e+06   3.5583496e+01
   9.0446410e+06   3.4606934e+01
   9.0546600e+06   3.2592773e+01
   9.0564840e+06   3.7902832e+01
   9.0590970e+06   3.2287598e+01
   9.0607000e+06   3.5583496e+01
   9.0673560e+06   3.5339355e+01
   9.0759290e+06   3.6254883e+01
   9.0765440e+06   3.1860352e+01
   9.0773790e+06   3.1921387e+01
   9.0793730e+06   3.3203125e+01
   9.0798650e+06   3.4729004e+01
   9.0812550e+06   3.2958984e+01
   9.0817860e+06   3.6010742e+01
   9.0942860e+06   3.5705566e+01
   9.0971760e+06   3.5949707e+01
   9.1053890e+06   3.6193848e+01
   9.1056060e+06   3.1555176e+01
   9.1058370e+06   3.8024902e+01
   9.1093940e+06   3.3691406e+01
   9.1203630e+06   3.5766602e+01
   9.1204560e+06   3.9794922e+01
   9.1206330e+06   3.7475586e+01
   9.1206750e+06   3.2958984e+01
   9.1207180e+06   3.6254883e+01
   9.1220520e+06   3.2409668e+01
   9.1527680e+06   3.6682129e+01
   9.1538450e+06   3.1616211e+01
   9.1600150e+06   3.1616211e+01
   9.1617330e+06   3.1738281e+01
   9.1620810e+06   3.8146973e+01
   9.1621330e+06   3.1555176e+01
   9.1632110e+06   3.3447266e+01
   9.1633270e+06   3.7414551e+01
   9.1634150e+06   3.1494141e+01
   9.1892650e+06   3.4362793e+01
   9.1969630e+06   3.3203125e+01
   9.1989980e+06   3.2836914e+01
   9.1993370e+06   3.2226562e+01
   9.2006420e+06   3.2409668e+01
   9.2035140e+06   3.2287598e+01
   9.2133570e+06   3.3508301e+01
   9.2163500e+06   3.2775879e+01
   9.2187320e+06   3.1677246e+01
   9.2250260e+06   3.2592773e+01
   9.2291640e+06   3.6926270e+01
   9.2299660e+06   3.2409668e+01
   9.2302670e+06   3.4851074e+01
   9.2330900e+06   3.1921387e+01
   9.2535330e+06   3.2653809e+01
   9.2556660e+06   3.7109375e+01
   9.2615850e+06   3.3935547e+01
   9.2626970e+06   3.2226562e+01
   9.2668490e+06   3.5949707e+01
   9.2694550e+06   3.2531738e+01
   9.2706460e+06   3.2348633e+01
   9.2727510e+06   3.6254883e+01
   9.2729200e+06   4.0405273e+01
   9.2730670e+06   3.1555176e+01
   9.2733260e+06   3.3203125e+01
   9.2736160e+06   3.2043457e+01
   9.2741080e+06   3.2531738e+01
   9.2746780e+06   3.1494141e+01
   9.2856440e+06   3.1799316e+01
   9.2869810e+06   3.9367676e+01
   9.3070820e+06   3.4057617e+01
   9.3240790e+06   3.3691406e+01
   9.3383930e+06   3.1799316e+01
   9.3399360e+06   3.2043457e+01
   9.3405240e+06   3.4301758e+01
   9.3589590e+06   3.2653809e+01
   9.3965290e+06   3.1677246e+01
   9.3990130e+06   3.2165527e+01
   9.3992870e+06   3.3325195e+01
   9.4166620e+06   3.2348633e+01
   9.4176760e+06   3.4240723e+01
   9.4215680e+06   3.6743164e+01
   9.4408520e+06   3.8208008e+01
   9.4418690e+06   3.1494141e+01
   9.4702620e+06   3.1799316e+01
   9.4754540e+06   3.1982422e+01
   9.4812830e+06   3.2043457e+01
   9.4821090e+06   3.2470703e+01
   9.5142960e+06   3.2653809e+01
   9.5157430e+06   3.4484863e+01
   9.5161090e+06   3.6743164e+01
   9.5165090e+06   3.3142090e+01
   9.5172140e+06   3.5644531e+01
   9.5186880e+06   3.1616211e+01
   9.5198010e+06   3.1799316e+01
   9.5343350e+06   3.2287598e+01
   9.5534770e+06   3.4484863e+01
   9.5717630e+06   3.2165527e+01
   9.5747760e+06   3.1982422e+01
   9.5834630e+06   3.4484863e+01
   9.5863180e+06   3.2226562e+01
   9.5871060e+06   3.9123535e+01
   9.5873690e+06   3.1555176e+01
   9.5874520e+06   3.1616211e+01
   9.5886740e+06   4.0466309e+01
   9.5895140e+06   3.3203125e+01
   9.5897690e+06   3.3630371e+01
   9.6043930e+06   3.5095215e+01
   9.6089070e+06   3.4240723e+01
   9.6093560e+06   3.5827637e+01
   9.6201800e+06   3.5522461e+01
   9.6202380e+06   3.2348633e+01
   9.6213970e+06   3.7048340e+01
   9.6219200e+06   3.3935547e+01
   9.6391950e+06   3.3813477e+01
   9.6425680e+06   3.1433105e+01
   9.6439990e+06   3.5156250e+01
   9.6479270e+06   3.6926270e+01
   9.6534150e+06   3.7902832e+01
   9.6578200e+06   3.3508301e+01
   9.6661750e+06   3.1555176e+01
   9.6878540e+06   3.1677246e+01
   9.7077100e+06   3.6132812e+01
   9.7127660e+06   3.6315918e+01
   9.7153980e+06   3.3630371e+01
   9.7230010e+06   3.4545898e+01
   9.7331760e+06   3.3386230e+01
   9.7551490e+06   3.5583496e+01
   9.7558340e+06   3.1738281e+01
   9.7624130e+06   3.8391113e+01
   9.7727850e+06   3.1494141e+01
   9.7733620e+06   3.6315918e+01
   9.7949250e+06   3.3081055e+01
   9.8053780e+06   3.1982422e+01
   9.8123800e+06   3.4240723e+01
   9.8193960e+06   3.1677246e+01
   9.8306780e+06   3.1677246e+01
   9.8321370e+06   3.2348633e+01
   9.8322850e+06   3.1921387e+01
   9.8416630e+06   3.1860352e+01
   9.8428870e+06   3.3752441e+01
   9.8431200e+06   3.7963867e+01
   9.8431390e+06   3.5034180e+01
   9.8431740e+06   3.1921387e+01
   9.8526870e+06   3.6865234e+01
   9.8552460e+06   3.3142090e+01
   9.8775730e+06   3.3325195e+01
   9.8793440e+06   3.5583496e+01
   9.8824690e+06   3.2592773e+01
   9.8826280e+06   3.5034180e+01
   9.9131370e+06   3.1677246e+01
   9.9150670e+06   3.5888672e+01
   9.9157940e+06   3.6987305e+01
   9.9181570e+06   3.2104492e+01
   9.9255490e+06   3.2165527e+01
   9.9407380e+06   3.1860352e+01
   9.9457050e+06   3.1555176e+01
   9.9521800e+06   3.1982422e+01
   9.9532130e+06   3.1616211e+01
   9.9536040e+06   3.1982422e+01
   9.9539180e+06   3.3874512e+01
   9.9540630e+06   4.5532227e+01
   9.9541430e+06   3.5156250e+01
   9.9542570e+06   3.6193848e+01
   9.9546900e+06   3.7841797e+01
   9.9553740e+06   3.3935547e+01
   9.9556390e+06   3.9001465e+01
   9.9566610e+06   3.2470703e+01
   9.9567350e+06   3.4423828e+01
   9.9583330e+06   3.2714844e+01
   9.9588240e+06   3.5278320e+01
   9.9601190e+06   3.2043457e+01
   9.9603040e+06   3.5644531e+01
   9.9617890e+06   3.2653809e+01
   9.9623190e+06   3.1860352e+01
   9.9633240e+06   4.5166016e+01
   9.9638480e+06   3.4729004e+01
   9.9643140e+06   3.2470703e+01
   9.9646080e+06   4.2053223e+01
   9.9652300e+06   3.1921387e+01
   9.9742540e+06   3.2287598e+01
   9.9756730e+06   3.5217285e+01
   9.9793650e+06   3.3203125e+01
   9.9803070e+06   3.2531738e+01
   9.9855680e+06   3.4301758e+01
   9.9902490e+06   3.1982422e+01
   9.9920810e+06   3.5156250e+01
   1.0009451e+07   3.2165527e+01
   1.0009581e+07   3.2775879e+01
   1.0010434e+07   3.1982422e+01
   1.0027869e+07   3.2287598e+01
   1.0033191e+07   3.1860352e+01
   1.0037870e+07   3.1921387e+01
   1.0038393e+07   3.2104492e+01
   1.0039270e+07   3.1677246e+01
   1.0039637e+07   3.3935547e+01
   1.0040790e+07   3.6010742e+01
   1.0067671e+07   3.3203125e+01
   1.0072468e+07   3.3935547e+01
   1.0072800e+07   3.3325195e+01
   1.0073059e+07   3.1616211e+01
   1.0073117e+07   3.5766602e+01
   1.0074102e+07   3.3691406e+01
   1.0076847e+07   3.1738281e+01
   1.0082090e+07   3.5644531e+01
   1.0101895e+07   3.3264160e+01
   1.0115385e+07   3.2958984e+01
   1.0132125e+07   3.2104492e+01
   1.0137503e+07   3.1616211e+01
   1.0143240e+07   3.3081055e+01
   1.0158126e+07   3.6010742e+01
   1.0174750e+07   3.5827637e+01
   1.0175191e+07   3.3386230e+01
   1.0175910e+07   3.2836914e+01
   1.0176703e+07   3.3386230e+01
   1.0176853e+07   3.2714844e+01
   1.0179286e+07   3.5156250e+01
   1.0181891e+07   3.1677246e+01
   1.0182728e+07   3.3508301e+01
   1.0184999e+07   3.1555176e+01
   1.0200168e+07   3.2287598e+01
   1.0207343e+07   3.2348633e+01
   1.0233509e+07   3.3752441e+01
   1.0257292e+07   3.1616211e+01
   1.0257361e+07   3.3081055e+01
   1.0257403e+07   3.8208008e+01
   1.0257696e+07   3.5156250e+01
   1.0258282e+07   3.1982422e+01
   1.0258587e+07   3.5705566e+01
   1.0260681e+07   3.3264160e+01
   1.0288974e+07   3.5461426e+01
   1.0289953e+07   3.1982422e+01
   1.0291472e+07   3.1860352e+01
   1.0324019e+07   3.3020020e+01
   1.0348805e+07   3.1982422e+01
   1.0348843e+07   3.2104492e+01
   1.0362185e+07   3.4118652e+01
   1.0369362e+07   3.1677246e+01
   1.0388254e+07   3.1555176e+01
   1.0388928e+07   3.2287598e+01
   1.0421806e+07   3.6499023e+01
   1.0421828e+07   3.4118652e+01
   1.0421856e+07   3.6193848e+01
   1.0424787e+07   3.2775879e+01
   1.0456778e+07   3.9489746e+01
   1.0468836e+07   3.3752441e+01
   1.0477986e+07   3.1738281e+01
   1.0486463e+07   3.1860352e+01
   1.0510043e+07   3.3630371e+01
   1.0514680e+07   3.2775879e+01
   1.0522566e+07   3.2287598e+01
   1.0541484e+07   3.2287598e+01
   1.0549264e+07   3.2348633e+01
   1.0599027e+07   3.2775879e+01
   1.0603199e+07   3.2226562e+01
   1.0606190e+07   3.4362793e+01
   1.0607981e+07   3.6071777e+01
   1.0609892e+07   3.2470703e+01
   1.0621885e+07   3.2592773e+01
   1.0630674e+07   3.4362793e+01
   1.0633088e+07   3.4606934e+01
   1.0633604e+07   3.6987305e+01
   1.0634853e+07   3.1555176e+01
   1.0652129e+07   3.6743164e+01
   1.0653621e+07   3.2714844e+01
   1.0684741e+07   3.2714844e+01
   1.0686139e+07   3.2104492e+01
   1.0694859e+07   3.3447266e+01
   1.0695664e+07   3.7597656e+01
   1.0704410e+07   3.8024902e+01
   1.0709817e+07   3.1494141e+01
   1.0710553e+07   3.1616211e+01
   1.0711377e+07   3.2592773e+01
   1.0742687e+07   3.3142090e+01
   1.0743336e+07   3.2531738e+01
   1.0751951e+07   3.4667969e+01
   1.0757880e+07   3.1738281e+01
   1.0771922e+07   4.1320801e+01
   1.0783575e+07   3.4545898e+01
   1.0783909e+07   3.3020020e+01
   1.0785738e+07   3.2714844e+01
   1.0803668e+07   3.2714844e+01
   1.0808294e+07   3.4057617e+01
   1.0808768e+07   3.1433105e+01
   1.0820119e+07   3.3996582e+01
   1.0829672e+07   3.4301758e+01
   1.0830825e+07   3.1677246e+01
   1.0831541e+07   3.6254883e+01
   1.0835936e+07   3.8330078e+01
   1.0852973e+07   3.3447266e+01
   1.0867944e+07   3.2470703e+01
   1.0870976e+07   3.2531738e+01
   1.0879093e+07   3.1799316e+01
   1.0882883e+07   3.4484863e+01
   1.0901711e+07   3.4851074e+01
   1.0902903e+07   3.4362793e+01
   1.0910121e+07   3.3752441e+01
   1.0914091e+07   3.1799316e+01
   1.0939039e+07   3.3264160e+01
   1.0941464e+07   3.1494141e+01
   1.0944111e+07   3.3630371e+01
   1.0950299e+07   3.3020020e+01
   1.0950854e+07   3.3203125e+01
   1.0952945e+07   3.1982422e+01
   1.0962303e+07   3.3081055e+01
   1.0964787e+07   3.1433105e+01
   1.0978233e+07   3.6743164e+01
   1.0979761e+07   3.2348633e+01
   1.0980405e+07   3.2958984e+01
   1.0982519e+07   3.7170410e+01
   1.0983480e+07   3.3447266e+01
   1.0994341e+07   3.2958984e+01
   1.1007456e+07   3.4423828e+01
   1.1010161e+07   3.2531738e+01
   1.1018793e+07   3.2165527e+01
   1.1020756e+07   3.2653809e+01
   1.1024169e+07   3.2409668e+01
   1.1024287e+07   3.1555176e+01
   1.1024705e+07   3.1616211e+01
   1.1030851e+07   3.2592773e+01
   1.1040697e+07   3.3081055e+01
   1.1042197e+07   3.3325195e+01
   1.1067171e+07   3.9550781e+01
   1.1070004e+07   3.8146973e+01
   1.1080705e+07   3.6254883e+01
   1.1086641e+07   3.2775879e+01
   1.1088344e+07   3.2348633e+01
   1.1088510e+07   4.4799805e+01
   1.1099394e+07   3.1494141e+01
   1.1102305e+07   3.2775879e+01
   1.1107109e+07   3.2531738e+01
   1.1110063e+07   3.2104492e+01
   1.1123915e+07   3.4729004e+01
   1.1129057e+07   3.2958984e+01
   1.1135513e+07   3.1738281e+01
   1.1137347e+07   3.1677246e+01
   1.1137785e+07   3.3874512e+01
   1.1143851e+07   3.2287598e+01
   1.1145414e+07   3.1677246e+01
   1.1147093e+07   3.2653809e+01
   1.1165456e+07   3.3020020e+01
   1.1169482e+07   3.1738281e+01
   1.1187428e+07   3.2897949e+01
   1.1192146e+07   3.3142090e+01
   1.1193920e+07   4.3395996e+01
   1.1194569e+07   3.1799316e+01
   1.1194609e+07   3.1799316e+01
   1.1195989e+07   3.6743164e+01
   1.1224948e+07   3.4790039e+01
   1.1228167e+07   3.1677246e+01
   1.1230346e+07   3.7719727e+01
   1.1243940e+07   3.2043457e+01
   1.1250784e+07   3.1616211e+01
   1.1270844e+07   3.5156250e+01
   1.1272442e+07   3.1433105e+01
   1.1272649e+07   3.1433105e+01
   1.1274119e+07   3.2592773e+01
   1.1274702e+07   3.1494141e+01
   1.1292085e+07   3.6376953e+01
   1.1310821e+07   3.2104492e+01
   1.1312185e+07   3.4301758e+01
   1.1312628e+07   3.3630371e+01
   1.1315163e+07   3.1616211e+01
   1.1345202e+07   3.1616211e+01
   1.1350316e+07   3.2531738e+01
   1.1355976e+07   3.3569336e+01
   1.1367674e+07   3.4790039e+01
   1.1374330e+07   4.1809082e+01
   1.1377885e+07   3.1921387e+01
   1.1389852e+07   3.2287598e+01
   1.1395747e+07   3.5400391e+01
   1.1401478e+07   3.1799316e+01
   1.1407345e+07   3.1616211e+01
   1.1423694e+07   3.1799316e+01
   1.1424235e+07   3.2348633e+01
   1.1427554e+07   3.8818359e+01
   1.1432539e+07   3.1433105e+01
   1.1442083e+07   3.1799316e+01
   1.1453931e+07   3.3569336e+01
   1.1454217e+07   3.4057617e+01
   1.1460787e+07   3.3752441e+01
   1.1474166e+07   3.5095215e+01
   1.1477282e+07   3.3264160e+01
   1.1477333e+07   3.7536621e+01
   1.1477368e+07   3.8024902e+01
   1.1477611e+07   3.2592773e+01
   1.1478471e+07   3.3691406e+01
   1.1479948e+07   3.3508301e+01
   1.1480206e+07   3.5522461e+01
   1.1480326e+07   3.1982422e+01
   1.1481822e+07   3.1555176e+01
   1.1484523e+07   3.2226562e+01
   1.1485562e+07   3.1799316e+01
   1.1486104e+07   3.2043457e+01
   1.1487252e+07   3.3203125e+01
   1.1487512e+07   3.3935547e+01
   1.1489339e+07   3.3569336e+01
   1.1491046e+07   3.5644531e+01
   1.1492072e+07   3.3264160e+01
   1.1500173e+07   3.3081055e+01
   1.1501623e+07   3.3691406e+01
   1.1503120e+07   3.2958984e+01
   1.1505245e+07   3.4729004e+01
   1.1512220e+07   3.5949707e+01
   1.1516233e+07   4.1442871e+01
   1.1517702e+07   3.1677246e+01
   1.1520570e+07   3.6743164e+01
   1.1521324e+07   3.1738281e+01
   1.1524036e+07   3.1555176e+01
   1.1526568e+07   3.1799316e+01
   1.1541898e+07   3.6621094e+01
   1.1551552e+07   3.2043457e+01
   1.1551829e+07   3.4301758e+01
   1.1552103e+07   3.2165527e+01
   1.1552221e+07   3.1799316e+01
   1.1552457e+07   3.2165527e+01
   1.1552549e+07   3.3447266e+01
   1.1567233e+07   3.4057617e+01
   1.1567470e+07   3.5766602e+01
   1.1579833e+07   3.3081055e+01
   1.1580350e+07   3.2348633e+01
   1.1581192e+07   3.2165527e+01
   1.1581571e+07   4.4982910e+01
   1.1604533e+07   3.1555176e+01
   1.1612561e+07   3.1433105e+01
   1.1615738e+07   3.7414551e+01
   1.1626470e+07   3.2470703e+01
   1.1636338e+07   3.1921387e+01
   1.1652194e+07   3.2348633e+01
   1.1662245e+07   3.3447266e+01
   1.1668652e+07   3.3874512e+01
   1.1672684e+07   3.4790039e+01
   1.1683077e+07   3.4912109e+01
   1.1708172e+07   3.1555176e+01
   1.1712735e+07   3.2958984e+01
   1.1721619e+07   3.2348633e+01
   1.1722975e+07   3.1738281e+01
   1.1732252e+07   3.4118652e+01
   1.1774691e+07   3.2958984e+01
   1.1778945e+07   3.2043457e+01
   1.1789076e+07   3.4729004e+01
   1.1814944e+07   3.1433105e+01
   1.1821205e+07   3.1982422e+01
   1.1821708e+07   3.2836914e+01
   1.1822719e+07   3.2531738e+01
   1.1849328e+07   3.2165527e+01
   1.1885665e+07   3.2409668e+01
   1.1886872e+07   3.6254883e+01
   1.1898338e+07   3.6315918e+01
   1.1912732e+07   3.1616211e+01
   1.1912831e+07   3.5522461e+01
   1.1912918e+07   3.3142090e+01
   1.1912933e+07   3.4667969e+01
   1.1912944e+07   3.3996582e+01
   1.1912966e+07   4.9804688e+01
   1.1913064e+07   3.2043457e+01
   1.1913076e+07   3.2470703e+01
   1.1913172e+07   3.4729004e+01
   1.1913583e+07   3.9001465e+01
   1.1913809e+07   3.2043457e+01
   1.1913928e+07   3.2775879e+01
   1.1914116e+07   3.1982422e+01
   1.1914286e+07   4.0527344e+01
   1.1914349e+07   3.3264160e+01
   1.1914384e+07   3.2226562e+01
   1.1914451e+07   3.5400391e+01
   1.1914581e+07   3.3752441e+01
   1.1915001e+07   3.3020020e+01
   1.1919250e+07   3.2043457e+01
   1.1919472e+07   3.2043457e+01
   1.1920495e+07   3.2287598e+01
   1.1920654e+07   3.2165527e+01
   1.1921012e+07   3.3325195e+01
   1.1926512e+07   3.3020020e+01
   1.1937808e+07   3.9184570e+01
   1.1938676e+07   3.1799316e+01
   1.1949062e+07   3.5339355e+01
   1.1975431e+07   3.3752441e+01
   1.1979014e+07   3.1494141e+01
   1.1979879e+07   3.1921387e+01
   1.1980482e+07   3.6865234e+01
   1.1980628e+07   3.2043457e+01
   1.1980760e+07   3.2775879e+01
   1.1980809e+07   3.2958984e+01
   1.1980827e+07   3.1616211e+01
   1.1980902e+07   3.1799316e+01
   1.1982117e+07   3.3142090e+01
   1.1982525e+07   3.1616211e+01
   1.1982735e+07   3.3142090e+01
   1.1982918e+07   3.3874512e+01
   1.1983744e+07   3.3264160e+01
   1.1983832e+07   3.2470703e+01
   1.1984273e+07   3.3630371e+01
   1.1986083e+07   3.1494141e+01
   1.1986352e+07   3.6193848e+01
   1.1987564e+07   3.3447266e+01
   1.1995974e+07   3.2409668e+01
