   1.1996000e+07   0.0000000e+00
   1.6127000e+04   6.5124512e+01
   3.1174000e+04   7.1044922e+01
   5.3119000e+04   3.1616211e+01
   5.5823000e+04   6.6345215e+01
   5.6508000e+04   5.6762695e+01
   5.8131000e+04   6.3232422e+01
   6.7763000e+04   7.9650879e+01
   7.4722000e+04   4.6020508e+01
   7.4856000e+04   7.4218750e+01
   8.3799000e+04   7.2753906e+01
   8.4580000e+04   5.7861328e+01
   8.5262000e+04   6.4819336e+01
   1.0382000e+05   6.3476563e+01
   1.2213300e+05   6.2622070e+01
   1.2680800e+05   6.4819336e+01
   1.2739100e+05   7.8918457e+01
   1.3065200e+05   6.1157227e+01
   1.3376400e+05   5.5114746e+01
   1.5331200e+05   6.8542480e+01
   1.5407300e+05   5.9631348e+01
   1.7539600e+05   5.5297852e+01
   1.7634700e+05   6.6772461e+01
   1.7694200e+05   5.5969238e+01
   1.7773400e+05   5.6701660e+01
   1.7924900e+05   6.9885254e+01
   1.9711400e+05   7.0861816e+01
   1.9720500e+05   7.2204590e+01
   1.9725700e+05   7.2937012e+01
   1.9730400e+05   3.0883789e+01
   2.2023400e+05   6.8725586e+01
   2.2173900e+05   6.5795898e+01
   2.2184000e+05   5.8227539e+01
   2.2198300e+05   5.9997559e+01
   2.2272800e+05   6.1279297e+01
   2.2313100e+05   6.7687988e+01
   2.2404200e+05   6.3659668e+01
   2.2679200e+05   6.6589355e+01
   2.5565200e+05   7.0922852e+01
   2.5862600e+05   5.7006836e+01
   2.5953100e+05   6.5734863e+01
   2.7901000e+05   7.7087402e+01
   2.8069500e+05   5.8593750e+01
   2.8103900e+05   5.8532715e+01
   2.8226200e+05   6.6101074e+01
   2.8293200e+05   5.2551270e+01
   3.0973100e+05   2.9846191e+01
   3.1001900e+05   6.6040039e+01
   3.1022800e+05   6.6711426e+01
   3.1048300e+05   5.4443359e+01
   3.1072200e+05   5.0781250e+01
   3.1124000e+05   6.9580078e+01
   3.1153600e+05   6.8847656e+01
   3.1192800e+05   7.4218750e+01
   3.1249400e+05   5.1147461e+01
   3.4178000e+05   6.6650391e+01
   3.4334300e+05   6.1889648e+01
   3.6088500e+05   6.7687988e+01
   3.6123500e+05   6.7993164e+01
   3.6224600e+05   7.4462891e+01
   3.6248400e+05   2.9907227e+01
   3.6328500e+05   6.2866211e+01
   3.8301800e+05   6.5002441e+01
   3.8471300e+05   3.0578613e+01
   4.0108700e+05   5.6152344e+01
   4.0388900e+05   6.2133789e+01
   4.0657900e+05   6.9213867e+01
   4.2855200e+05   7.2937012e+01
   4.2983800e+05   6.0546875e+01
   4.5180700e+05   3.0273438e+01
   4.5299800e+05   7.0434570e+01
   4.5345500e+05   5.9143066e+01
   4.5355800e+05   2.9846191e+01
   4.7613700e+05   5.4077148e+01
   4.7928300e+05   5.6152344e+01
   4.8008700e+05   6.2194824e+01
   4.8335400e+05   6.5002441e+01
   5.0641900e+05   7.6354980e+01
   5.0728800e+05   6.4514160e+01
   5.3058800e+05   6.8847656e+01
   5.3100900e+05   6.1828613e+01
   5.4752100e+05   6.2561035e+01
   5.5263500e+05   5.8349609e+01
   5.5354500e+05   7.2021484e+01
   5.5396700e+05   5.7250977e+01
   5.7364400e+05   7.4829102e+01
   5.8060900e+05   6.3171387e+01
   5.8065200e+05   3.1188965e+01
   6.0816400e+05   7.2021484e+01
   6.0909400e+05   5.5725098e+01
   6.1323800e+05   6.6223145e+01
   6.1350800e+05   7.1899414e+01
   6.1370400e+05   5.9204102e+01
   6.1383200e+05   6.2805176e+01
   6.1422200e+05   5.5480957e+01
   6.3904600e+05   7.9895020e+01
   6.4011300e+05   7.1105957e+01
   6.4117600e+05   6.4392090e+01
   6.7200400e+05   6.8969727e+01
   6.7438400e+05   7.2326660e+01
   6.9555500e+05   6.8298340e+01
   6.9577700e+05   8.2092285e+01
   6.9611900e+05   6.0546875e+01
   6.9622900e+05   6.3232422e+01
   6.9632600e+05   6.1462402e+01
   6.9649800e+05   6.7810059e+01
   6.9662900e+05   5.7556152e+01
   6.9670000e+05   5.5358887e+01
   6.9677300e+05   4.6813965e+01
   7.1862200e+05   6.9702148e+01
   7.1884400e+05   5.5480957e+01
   7.1950400e+05   6.5917969e+01
   7.2001500e+05   5.9692383e+01
   7.2020900e+05   5.7739258e+01
   7.2449200e+05   6.6772461e+01
   7.2493100e+05   5.1330566e+01
   7.4392100e+05   5.3955078e+01
   7.4406800e+05   6.1401367e+01
   7.4408200e+05   3.0944824e+01
   7.6371000e+05   7.4768066e+01
   7.6378000e+05   7.4035645e+01
   7.6388900e+05   6.0974121e+01
   7.6474100e+05   4.8156738e+01
   7.6574000e+05   6.7382812e+01
   7.6584200e+05   6.9458008e+01
   7.6739200e+05   5.8837891e+01
   7.9631400e+05   6.9580078e+01
   7.9665300e+05   6.8969727e+01
   7.9676100e+05   7.1777344e+01
   7.9678300e+05   3.0334473e+01
   7.9684600e+05   6.3781738e+01
   7.9694800e+05   5.5175781e+01
   7.9780500e+05   5.6518555e+01
   7.9803400e+05   5.6823730e+01
   7.9916300e+05   5.9387207e+01
   8.0024000e+05   6.6101074e+01
   8.0094200e+05   5.6701660e+01
   8.0170500e+05   6.7016602e+01
   8.2977500e+05   6.7199707e+01
   8.2995700e+05   6.4270020e+01
   8.3021300e+05   6.7382813e+01
   8.3039000e+05   6.3964844e+01
   8.3100700e+05   5.0720215e+01
   8.3158100e+05   5.1025391e+01
   8.3233600e+05   6.1462402e+01
   8.5788400e+05   6.8481445e+01
   8.5798900e+05   6.1096191e+01
   8.5810600e+05   6.0180664e+01
   8.5861200e+05   6.1218262e+01
   8.5917300e+05   5.9143066e+01
   8.6014900e+05   6.2438965e+01
   8.6049100e+05   5.1330566e+01
   8.6145100e+05   5.7922363e+01
   8.8869700e+05   6.7810059e+01
   8.8888200e+05   6.7626953e+01
   8.8908200e+05   6.2500000e+01
   8.9026800e+05   6.2988281e+01
   8.9386400e+05   6.6772461e+01
   9.1729700e+05   7.0800781e+01
   9.1741400e+05   6.1645508e+01
   9.1764500e+05   6.2133789e+01
   9.1819300e+05   6.6345215e+01
   9.1846400e+05   5.1025391e+01
   9.1860000e+05   5.8044434e+01
   9.1897300e+05   5.2612305e+01
   9.1947700e+05   5.6030273e+01
   9.2159600e+05   6.4941406e+01
   9.2646700e+05   6.9885254e+01
   9.4774400e+05   6.6467285e+01
   9.4800600e+05   6.9763184e+01
   9.4828600e+05   5.7983398e+01
   9.4862500e+05   5.4260254e+01
   9.4904400e+05   5.5541992e+01
   9.6660700e+05   7.0800781e+01
   9.6698100e+05   6.8054199e+01
   9.6736100e+05   3.1127930e+01
   9.6817100e+05   4.9133301e+01
   9.6868900e+05   5.6701660e+01
   9.7188100e+05   6.0485840e+01
   9.9367100e+05   6.2316895e+01
   1.0187590e+06   6.2744141e+01
   1.0199640e+06   7.4829102e+01
   1.0211950e+06   5.7922363e+01
   1.0217970e+06   6.1218262e+01
   1.0240120e+06   5.2917480e+01
   1.0263470e+06   6.2194824e+01
   1.0273730e+06   5.9814453e+01
   1.0306700e+06   6.9946289e+01
   1.0308540e+06   6.0485840e+01
   1.0317510e+06   6.1096191e+01
   1.0444960e+06   6.0546875e+01
   1.0479150e+06   6.0913086e+01
   1.0479880e+06   3.0212402e+01
   1.0607540e+06   8.2702637e+01
   1.0804240e+06   6.5612793e+01
   1.1073580e+06   6.6650391e+01
   1.1087460e+06   5.8349609e+01
   1.1280600e+06   6.5429688e+01
   1.1321080e+06   6.2866211e+01
   1.1375960e+06   6.0668945e+01
   1.1376980e+06   7.8552246e+01
   1.1377520e+06   5.2917480e+01
   1.1377870e+06   3.4179688e+01
   1.1378310e+06   4.3334961e+01
   1.1378690e+06   3.1372070e+01
   1.1378980e+06   4.2419434e+01
   1.1380020e+06   6.3476562e+01
   1.1380770e+06   6.1645508e+01
   1.1381330e+06   2.9724121e+01
   1.1381470e+06   6.0302734e+01
   1.1382240e+06   6.0668945e+01
   1.1382940e+06   5.0842285e+01
   1.1383630e+06   4.6936035e+01
   1.1384250e+06   4.7241211e+01
   1.1385100e+06   4.9743652e+01
   1.1385850e+06   5.3710938e+01
   1.1386890e+06   4.5776367e+01
   1.1387800e+06   5.8898926e+01
   1.1388660e+06   5.3649902e+01
   1.1389570e+06   4.1381836e+01
   1.1390370e+06   4.8461914e+01
   1.1391260e+06   4.6142578e+01
   1.1392100e+06   4.5715332e+01
   1.1393160e+06   5.8288574e+01
   1.1393890e+06   5.2917480e+01
   1.1394610e+06   4.4738770e+01
   1.1395540e+06   5.4138184e+01
   1.1396520e+06   4.9377441e+01
   1.1397330e+06   5.0903320e+01
   1.1398280e+06   4.7119141e+01
   1.1399590e+06   5.0720215e+01
   1.1400530e+06   4.7912598e+01
   1.1401640e+06   5.9753418e+01
   1.1402710e+06   5.0537109e+01
   1.1405120e+06   5.4321289e+01
   1.1406700e+06   5.0170898e+01
   1.1408030e+06   4.7485352e+01
   1.1410240e+06   4.6997070e+01
   1.1412030e+06   4.9194336e+01
   1.1414400e+06   5.3955078e+01
   1.1415630e+06   4.6569824e+01
   1.1416630e+06   4.7668457e+01
   1.1417730e+06   5.3405762e+01
   1.1419000e+06   3.7414551e+01
   1.1420190e+06   5.3771973e+01
   1.1421890e+06   5.9204102e+01
   1.1423640e+06   4.1625977e+01
   1.1427170e+06   4.8706055e+01
   1.1433740e+06   5.0048828e+01
   1.1438700e+06   3.1066895e+01
   1.1439180e+06   5.3283691e+01
   1.1446310e+06   4.9865723e+01
   1.2023240e+06   6.4941406e+01
   1.2023970e+06   7.8308105e+01
   1.2024560e+06   6.8969727e+01
   1.2025090e+06   6.2622070e+01
   1.2025560e+06   3.0517578e+01
   1.2026020e+06   4.8583984e+01
   1.2026450e+06   4.0771484e+01
   1.2026850e+06   3.5949707e+01
   1.2027210e+06   3.3325195e+01
   1.2028220e+06   4.0100098e+01
   1.2028880e+06   3.9611816e+01
   1.2029840e+06   4.2846680e+01
   1.2032000e+06   5.0292969e+01
   1.2033520e+06   6.2988281e+01
   1.2034930e+06   3.6682129e+01
   1.2035910e+06   4.4128418e+01
   1.2037000e+06   4.9743652e+01
   1.2037820e+06   5.3833008e+01
   1.2038730e+06   5.2185059e+01
   1.2039610e+06   5.7678223e+01
   1.2040410e+06   5.0048828e+01
   1.2041930e+06   4.9255371e+01
   1.2043480e+06   6.4392090e+01
   1.2044530e+06   6.2622070e+01
   1.2045880e+06   4.8950195e+01
   1.2047090e+06   5.4077148e+01
   1.2048070e+06   5.6762695e+01
   1.2049120e+06   4.7607422e+01
   1.2050660e+06   4.7668457e+01
   1.2052600e+06   4.6203613e+01
   1.2053690e+06   4.6020508e+01
   1.2055330e+06   4.7058105e+01
   1.2056470e+06   4.6447754e+01
   1.2057370e+06   5.5786133e+01
   1.2058410e+06   5.2978516e+01
   1.2059810e+06   4.7119141e+01
   1.2061260e+06   4.9255371e+01
   1.2063250e+06   5.1025391e+01
   1.2064980e+06   4.4799805e+01
   1.2070590e+06   5.1757812e+01
   1.2072430e+06   5.0476074e+01
   1.2074370e+06   5.5175781e+01
   1.2076920e+06   4.8095703e+01
   1.2079590e+06   5.2307129e+01
   1.2095780e+06   5.4443359e+01
   1.2115370e+06   5.5969238e+01
   1.2123970e+06   6.0791016e+01
   1.2444020e+06   6.5185547e+01
   1.2444740e+06   5.6823730e+01
   1.2445030e+06   2.9785156e+01
   1.2445310e+06   5.6823730e+01
   1.2445780e+06   4.1137695e+01
   1.2446260e+06   4.8767090e+01
   1.2446750e+06   4.5532227e+01
   1.2447210e+06   3.9978027e+01
   1.2448090e+06   4.1259766e+01
   1.2449200e+06   4.1503906e+01
   1.2450790e+06   5.1940918e+01
   1.2452310e+06   5.3344727e+01
   1.2454330e+06   5.9875488e+01
   1.2456730e+06   5.5541992e+01
   1.2459740e+06   5.7067871e+01
   1.2462100e+06   5.4565430e+01
   1.2467700e+06   5.2856445e+01
   1.2762280e+06   6.4514160e+01
   1.2763020e+06   6.2377930e+01
   1.2763130e+06   3.0761719e+01
   1.2763630e+06   5.4260254e+01
   1.2764250e+06   5.3344727e+01
   1.2764900e+06   5.0659180e+01
   1.2765240e+06   3.2592773e+01
   1.2765510e+06   6.8115234e+01
   1.2766250e+06   4.9438477e+01
   1.2767580e+06   4.3945313e+01
   1.2769160e+06   5.5419922e+01
   1.2770850e+06   5.6030273e+01
   1.2771960e+06   5.4016113e+01
   1.2774130e+06   5.5786133e+01
   1.2778860e+06   5.4809570e+01
   1.2978030e+06   6.9458008e+01
   1.2979060e+06   6.5063477e+01
   1.2979790e+06   6.1706543e+01
   1.2980900e+06   5.7800293e+01
   1.2981800e+06   4.5776367e+01
   1.2982880e+06   5.9387207e+01
   1.2983520e+06   3.0395508e+01
   1.2984460e+06   6.6040039e+01
   1.2988900e+06   5.0598145e+01
   1.3307460e+06   6.1157227e+01
   1.3309560e+06   4.9133301e+01
   1.3310300e+06   5.5847168e+01
   1.3311000e+06   5.8593750e+01
   1.3311820e+06   4.7180176e+01
   1.3313010e+06   5.3039551e+01
   1.3315370e+06   5.7495117e+01
   1.3318540e+06   5.3527832e+01
   1.3322100e+06   5.5969238e+01
   1.3613490e+06   7.0739746e+01
   1.3614730e+06   6.1279297e+01
   1.3614950e+06   3.0578613e+01
   1.3615470e+06   5.6701660e+01
   1.3616600e+06   6.3537598e+01
   1.3618660e+06   5.1757812e+01
   1.3620640e+06   5.0292969e+01
   1.3626450e+06   5.5480957e+01
   1.4038310e+06   5.6396484e+01
   1.4051220e+06   7.3425293e+01
   1.4260880e+06   6.0241699e+01
   1.4285350e+06   6.1462402e+01
   1.4294490e+06   5.3833008e+01
   1.4320350e+06   6.3415527e+01
   1.4516680e+06   6.1645508e+01
   1.4529290e+06   6.2805176e+01
   1.4533960e+06   6.3781738e+01
   1.4546620e+06   6.5673828e+01
   1.4729460e+06   6.7321777e+01
   1.4738760e+06   6.8725586e+01
   1.4749880e+06   6.4453125e+01
   1.4755890e+06   5.5847168e+01
   1.4767600e+06   6.3354492e+01
   1.4997040e+06   6.1035156e+01
   1.4997970e+06   6.9519043e+01
   1.4999510e+06   5.4321289e+01
   1.5004060e+06   5.8227539e+01
   1.5016710e+06   5.4382324e+01
   1.5020420e+06   5.8898926e+01
   1.5029040e+06   6.6467285e+01
   1.5043970e+06   6.2683105e+01
   1.5066160e+06   6.4819336e+01
   1.5219990e+06   6.5429688e+01
   1.5222740e+06   2.9724121e+01
   1.5226780e+06   6.4453125e+01
   1.5231360e+06   5.7800293e+01
   1.5237540e+06   5.4931641e+01
   1.5247430e+06   3.0151367e+01
   1.5266950e+06   5.4016113e+01
   1.5279260e+06   6.9030762e+01
   1.5451270e+06   5.7556152e+01
   1.5455560e+06   6.7749023e+01
   1.5465350e+06   7.3547363e+01
   1.5475590e+06   6.5185547e+01
   1.5502800e+06   5.3161621e+01
   1.5583690e+06   5.9631348e+01
   1.5718760e+06   6.6589355e+01
   1.5728980e+06   6.5185547e+01
   1.5746770e+06   5.2673340e+01
   1.5752210e+06   6.0424805e+01
   1.5759610e+06   5.2001953e+01
   1.6083930e+06   6.7260742e+01
   1.6087740e+06   6.9213867e+01
   1.6102470e+06   5.6152344e+01
   1.6115290e+06   5.9265137e+01
   1.6120320e+06   4.9682617e+01
   1.6212700e+06   6.2316895e+01
   1.6223320e+06   6.3781738e+01
   1.6232910e+06   3.3142090e+01
   1.6369140e+06   6.5246582e+01
   1.6374930e+06   5.6030273e+01
   1.6474290e+06   7.0678711e+01
   1.6491390e+06   5.9509277e+01
   1.6494010e+06   5.4626465e+01
   1.6628280e+06   7.1594238e+01
   1.6740890e+06   6.5307617e+01
   1.6761190e+06   6.3476562e+01
   1.6792120e+06   5.9753418e+01
   1.6905460e+06   6.4392090e+01
   1.6912500e+06   5.5908203e+01
   1.6924050e+06   6.8664551e+01
   1.6928030e+06   6.0729980e+01
   1.6968610e+06   5.2001953e+01
   1.7093380e+06   5.0109863e+01
   1.7247870e+06   6.5246582e+01
   1.7251530e+06   5.9692383e+01
   1.7262270e+06   6.1462402e+01
   1.7400510e+06   6.6284180e+01
   1.7414730e+06   5.0903320e+01
   1.7447140e+06   5.7006836e+01
   1.7564140e+06   6.6223145e+01
   1.7585920e+06   6.2011719e+01
   1.7713900e+06   6.9152832e+01
   1.7714010e+06   3.3386230e+01
   1.7720600e+06   6.3964844e+01
   1.7725910e+06   6.7443848e+01
   1.7730770e+06   6.9030762e+01
   1.7748860e+06   4.9926758e+01
   1.7884670e+06   6.7016602e+01
   1.7897670e+06   6.1828613e+01
   1.7925160e+06   6.5429688e+01
   1.8048700e+06   7.0983887e+01
   1.8071470e+06   5.8044434e+01
   1.8081710e+06   5.7250977e+01
   1.8242580e+06   6.8115234e+01
   1.8257560e+06   5.8227539e+01
   1.8264910e+06   7.0190430e+01
   1.8279880e+06   5.0476074e+01
   1.8416640e+06   6.1096191e+01
   1.8436960e+06   6.4208984e+01
   1.8443110e+06   6.9824219e+01
   1.8447890e+06   5.9387207e+01
   1.8588510e+06   6.7810059e+01
   1.8593030e+06   6.4270020e+01
   1.8611480e+06   5.6335449e+01
   1.8778170e+06   6.3659668e+01
   1.8818210e+06   6.8115234e+01
   1.8927460e+06   7.1594238e+01
   1.8932250e+06   5.8471680e+01
   1.8946740e+06   5.3710938e+01
   1.8973270e+06   6.0729980e+01
   1.9152210e+06   6.7871094e+01
   1.9155920e+06   6.2072754e+01
   1.9165440e+06   7.1044922e+01
   1.9215560e+06   6.2927246e+01
   1.9366950e+06   6.3354492e+01
   1.9369300e+06   5.6152344e+01
   1.9373890e+06   5.8715820e+01
   1.9392190e+06   5.9753418e+01
   1.9399700e+06   5.9692383e+01
   1.9421260e+06   7.1594238e+01
   1.9574140e+06   6.1523438e+01
   1.9576660e+06   6.2194824e+01
   1.9584960e+06   5.7189941e+01
   1.9596040e+06   7.3608398e+01
   1.9604370e+06   6.0058594e+01
   1.9613930e+06   6.2744141e+01
   1.9818690e+06   7.0800781e+01
   1.9825430e+06   5.5969238e+01
   1.9833760e+06   6.8054199e+01
   1.9860480e+06   5.8654785e+01
   2.0024550e+06   6.3842773e+01
   2.0033660e+06   6.1096191e+01
   2.0038350e+06   7.3608398e+01
   2.0047960e+06   5.3100586e+01
   2.0056540e+06   6.2988281e+01
   2.0234830e+06   6.4880371e+01
   2.0257050e+06   6.1645508e+01
   2.0438280e+06   5.4504395e+01
   2.0445960e+06   5.9509277e+01
   2.0457800e+06   6.9702148e+01
   2.0468120e+06   5.8288574e+01
   2.0616820e+06   6.4880371e+01
   2.0864100e+06   5.7067871e+01
   2.0866160e+06   6.8298340e+01
   2.0870910e+06   5.8044434e+01
   2.0883870e+06   6.1645508e+01
   2.0887820e+06   6.0791016e+01
   2.0910730e+06   5.8898926e+01
   2.0931380e+06   5.9631348e+01
   2.1160860e+06   6.6833496e+01
   2.1165620e+06   5.2734375e+01
   2.1169020e+06   3.2104492e+01
   2.1182950e+06   6.2072754e+01
   2.1376050e+06   6.1584473e+01
   2.1543150e+06   6.6650391e+01
   2.1551720e+06   6.8420410e+01
   2.1557000e+06   6.5673828e+01
   2.1708980e+06   6.4453125e+01
   2.1725050e+06   6.1767578e+01
   2.1739380e+06   5.6091309e+01
   2.1926230e+06   6.9702148e+01
   2.1937200e+06   6.1889648e+01
   2.1952330e+06   6.5673828e+01
   2.1958320e+06   5.6457520e+01
   2.2004230e+06   6.0791016e+01
   2.2008020e+06   5.9814453e+01
   2.2152360e+06   7.3242188e+01
   2.2345790e+06   6.5368652e+01
   2.2370950e+06   5.4992676e+01
   2.2399790e+06   6.6711426e+01
   2.2758140e+06   7.3974609e+01
   2.2769750e+06   6.6345215e+01
   2.2953800e+06   7.5439453e+01
   2.2972560e+06   7.0251465e+01
   2.3004510e+06   6.2194824e+01
   2.3010700e+06   6.9152832e+01
   2.3039480e+06   5.7983398e+01
   2.3177180e+06   2.9724121e+01
   2.3200670e+06   6.9580078e+01
   2.3445790e+06   6.1767578e+01
   2.3452060e+06   6.1279297e+01
   2.3458440e+06   5.9997559e+01
   2.3475460e+06   5.5541992e+01
   2.3480910e+06   5.3344727e+01
   2.3484060e+06   6.0241699e+01
   2.3490340e+06   5.4565430e+01
   2.3500750e+06   6.4331055e+01
   2.3701820e+06   5.3710938e+01
   2.3705900e+06   6.1157227e+01
   2.3713810e+06   5.6579590e+01
   2.3717420e+06   5.4138184e+01
   2.3719230e+06   5.6091309e+01
   2.3723050e+06   6.1767578e+01
   2.3727900e+06   5.1818848e+01
   2.3732560e+06   5.0659180e+01
   2.3735820e+06   5.5297852e+01
   2.3738610e+06   5.6274414e+01
   2.3741980e+06   5.3894043e+01
   2.3748780e+06   6.3415527e+01
   2.3760260e+06   5.9753418e+01
   2.3961580e+06   6.0180664e+01
   2.3963340e+06   6.2072754e+01
   2.3966000e+06   6.0058594e+01
   2.3968190e+06   5.4809570e+01
   2.3971530e+06   5.4687500e+01
   2.3973760e+06   5.9020996e+01
   2.3975360e+06   4.7607422e+01
   2.3980130e+06   5.2490234e+01
   2.3983200e+06   5.4809570e+01
   2.3986810e+06   5.2001953e+01
   2.3994770e+06   5.6945801e+01
   2.4258210e+06   7.1899414e+01
   2.4260240e+06   7.1044922e+01
   2.4262000e+06   5.4626465e+01
   2.4264290e+06   6.2377930e+01
   2.4267980e+06   5.3833008e+01
   2.4270760e+06   5.5480957e+01
   2.4277050e+06   6.2316895e+01
   2.4281460e+06   5.3344727e+01
   2.4289400e+06   5.9570312e+01
   2.4296890e+06   5.8105469e+01
   2.4452510e+06   5.5664062e+01
   2.4503960e+06   6.5429688e+01
   2.4505400e+06   6.5673828e+01
   2.4506660e+06   5.9265137e+01
   2.4510680e+06   5.8044434e+01
   2.4512360e+06   5.2917480e+01
   2.4515810e+06   5.3222656e+01
   2.4518300e+06   4.9011230e+01
   2.4519810e+06   5.7312012e+01
   2.4523150e+06   5.9387207e+01
   2.4528720e+06   6.7016602e+01
   2.4530150e+06   5.3771973e+01
   2.4541890e+06   5.1818848e+01
   2.4774860e+06   6.2438965e+01
   2.4775950e+06   6.5795898e+01
   2.4776630e+06   6.8542480e+01
   2.4782430e+06   5.2612305e+01
   2.4783530e+06   5.9631348e+01
   2.4785990e+06   6.0363770e+01
   2.4789350e+06   5.2307129e+01
   2.4791240e+06   4.1931152e+01
   2.4792630e+06   4.9987793e+01
   2.4796070e+06   5.9753418e+01
   2.4801730e+06   5.6396484e+01
   2.5010450e+06   6.4025879e+01
   2.5011320e+06   5.6579590e+01
   2.5012120e+06   5.9326172e+01
   2.5014050e+06   5.0048828e+01
   2.5017410e+06   6.0424805e+01
   2.5020730e+06   5.9570312e+01
   2.5023960e+06   5.6030273e+01
   2.5028030e+06   5.2124023e+01
   2.5030590e+06   5.2978516e+01
   2.5031880e+06   5.8898926e+01
   2.5036330e+06   6.8176270e+01
   2.5039600e+06   5.1574707e+01
   2.5042190e+06   5.7556152e+01
   2.5254450e+06   5.7861328e+01
   2.5256370e+06   6.5917969e+01
   2.5257120e+06   5.7922363e+01
   2.5258170e+06   5.1574707e+01
   2.5263640e+06   5.8288574e+01
   2.5266390e+06   6.9091797e+01
   2.5276110e+06   6.2744141e+01
   2.5278480e+06   5.8776855e+01
   2.5284690e+06   6.4575195e+01
   2.5288070e+06   5.8349609e+01
   2.5292320e+06   5.5053711e+01
   2.5458130e+06   5.9631348e+01
   2.5458990e+06   6.2622070e+01
   2.5465580e+06   5.3894043e+01
   2.5470190e+06   5.8837891e+01
   2.5471460e+06   5.7922363e+01
   2.5473930e+06   5.3100586e+01
   2.5475890e+06   5.2673340e+01
   2.5479360e+06   5.8288574e+01
   2.5487010e+06   6.6101074e+01
   2.5515210e+06   4.9072266e+01
   2.5740450e+06   6.5368652e+01
   2.5741970e+06   5.4931641e+01
   2.5743380e+06   5.5358887e+01
   2.5748210e+06   5.3344727e+01
   2.5750390e+06   5.9265137e+01
   2.5753590e+06   6.0852051e+01
   2.5758570e+06   5.6213379e+01
   2.5763210e+06   6.1645508e+01
   2.5771570e+06   5.2368164e+01
   2.5955210e+06   6.1950684e+01
   2.5956480e+06   6.7199707e+01
   2.5957410e+06   6.2683105e+01
   2.5958390e+06   5.8105469e+01
   2.5965950e+06   5.2246094e+01
   2.5968570e+06   5.2734375e+01
   2.5974440e+06   5.6030273e+01
   2.5977560e+06   6.3903809e+01
   2.5981170e+06   4.2663574e+01
   2.5985550e+06   5.2490234e+01
   2.6170890e+06   7.0922852e+01
   2.6172060e+06   6.1218262e+01
   2.6173380e+06   4.8156738e+01
   2.6174700e+06   5.1513672e+01
   2.6178670e+06   5.7861328e+01
   2.6187010e+06   6.1584473e+01
   2.6191590e+06   4.8156738e+01
   2.6197430e+06   6.6711426e+01
   2.6394480e+06   5.9143066e+01
   2.6395610e+06   5.8959961e+01
   2.6396970e+06   5.6274414e+01
   2.6401730e+06   5.8288574e+01
   2.6405400e+06   4.4555664e+01
   2.6408050e+06   6.3842773e+01
   2.6571260e+06   6.3293457e+01
   2.6572460e+06   6.2255859e+01
   2.6573930e+06   4.9987793e+01
   2.6577790e+06   6.2316895e+01
   2.6581070e+06   5.7556152e+01
   2.6583160e+06   5.5969238e+01
   2.6591260e+06   5.8898926e+01
   2.6791620e+06   5.8349609e+01
   2.6792830e+06   5.0781250e+01
   2.6794100e+06   5.4199219e+01
   2.6796730e+06   4.9499512e+01
   2.6803230e+06   5.3405762e+01
   2.6999220e+06   7.2143555e+01
   2.7000690e+06   5.6945801e+01
   2.7002220e+06   5.9387207e+01
   2.7011940e+06   5.3405762e+01
   2.7017490e+06   5.7434082e+01
   2.7022570e+06   6.2438965e+01
   2.7030380e+06   6.1767578e+01
   2.7043360e+06   6.8359375e+01
   2.7243610e+06   5.6457520e+01
   2.7246200e+06   5.4016113e+01
   2.7248800e+06   5.8898926e+01
   2.7256240e+06   7.0251465e+01
   2.7258090e+06   6.8481445e+01
   2.7455930e+06   5.4809570e+01
   2.7458230e+06   5.4443359e+01
   2.7459490e+06   6.0607910e+01
   2.7474770e+06   5.9387207e+01
   2.7477570e+06   5.8837891e+01
   2.7480420e+06   5.5053711e+01
   2.7486420e+06   5.7800293e+01
   2.7490860e+06   6.1279297e+01
   2.7662220e+06   6.0302734e+01
   2.7666020e+06   6.6406250e+01
   2.7667970e+06   5.2734375e+01
   2.7672120e+06   6.5673828e+01
   2.7675100e+06   4.6264648e+01
   2.7681690e+06   6.4575195e+01
   2.7684070e+06   6.1584473e+01
   2.7840460e+06   6.4392090e+01
   2.7842100e+06   7.0373535e+01
   2.7846920e+06   7.0129395e+01
   2.7849230e+06   5.4382324e+01
   2.7861630e+06   4.7973633e+01
   2.8070980e+06   6.8542480e+01
   2.8074600e+06   5.7312012e+01
   2.8076510e+06   5.3222656e+01
   2.8083880e+06   6.4941406e+01
   2.8090960e+06   6.1645508e+01
   2.8108270e+06   6.3415527e+01
   2.8249430e+06   6.3171387e+01
   2.8253550e+06   6.3659668e+01
   2.8256110e+06   6.4941406e+01
   2.8258590e+06   6.2500000e+01
   2.8424140e+06   5.6213379e+01
   2.8436900e+06   5.0903320e+01
   2.8582780e+06   6.0058594e+01
   2.8590710e+06   6.5979004e+01
   2.8750220e+06   5.2551270e+01
   2.8756960e+06   6.5429688e+01
   2.8764950e+06   6.1523438e+01
   2.8768690e+06   5.5419922e+01
   2.8990930e+06   6.6406250e+01
   2.9169890e+06   5.4016113e+01
   2.9256210e+06   6.2500000e+01
   2.9257430e+06   6.3049316e+01
   2.9290450e+06   5.9387207e+01
   2.9426720e+06   5.4199219e+01
   2.9427580e+06   6.6162109e+01
   2.9427820e+06   3.1005859e+01
   2.9428080e+06   7.4035645e+01
   2.9428600e+06   4.8156738e+01
   2.9429090e+06   5.2551270e+01
   2.9429530e+06   3.2592773e+01
   2.9430040e+06   5.6518555e+01
   2.9430640e+06   3.3996582e+01
   2.9434940e+06   5.4504395e+01
   2.9436640e+06   4.0588379e+01
   2.9437750e+06   5.5236816e+01
   2.9438730e+06   4.4372559e+01
   2.9439600e+06   4.5532227e+01
   2.9440600e+06   4.8950195e+01
   2.9441380e+06   4.5715332e+01
   2.9442430e+06   4.9499512e+01
   2.9443320e+06   5.3833008e+01
   2.9444110e+06   4.7973633e+01
   2.9445150e+06   4.1931152e+01
   2.9446000e+06   6.0363770e+01
   2.9446720e+06   3.5400391e+01
   2.9447490e+06   4.9194336e+01
   2.9448370e+06   4.9682617e+01
   2.9449320e+06   4.9499512e+01
   2.9450260e+06   4.8278809e+01
   2.9451110e+06   4.8889160e+01
   2.9451980e+06   4.1870117e+01
   2.9453020e+06   4.9865723e+01
   2.9454030e+06   4.6020508e+01
   2.9455280e+06   5.0659180e+01
   2.9456410e+06   3.8085938e+01
   2.9457970e+06   4.3029785e+01
   2.9459040e+06   3.6865234e+01
   2.9461910e+06   5.0842285e+01
   2.9464050e+06   4.8034668e+01
   2.9465100e+06   3.9550781e+01
   2.9466050e+06   3.9123535e+01
   2.9467160e+06   3.5522461e+01
   2.9469130e+06   5.7617188e+01
   2.9470150e+06   3.2775879e+01
   2.9471210e+06   4.3151855e+01
   2.9472640e+06   4.0527344e+01
   2.9474330e+06   5.2734375e+01
   2.9475600e+06   4.7424316e+01
   2.9477940e+06   5.1635742e+01
   2.9479460e+06   4.6447754e+01
   2.9483320e+06   5.1635742e+01
   2.9485290e+06   5.8593750e+01
   2.9489480e+06   4.6997070e+01
   2.9494710e+06   4.6813965e+01
   2.9496750e+06   4.8095703e+01
   2.9509300e+06   4.8156738e+01
   2.9511950e+06   4.8095703e+01
   2.9524600e+06   5.0415039e+01
   2.9527810e+06   4.6691895e+01
   3.0201550e+06   5.7739258e+01
   3.0201990e+06   3.1433105e+01
   3.0202170e+06   5.7739258e+01
   3.0202310e+06   3.6071777e+01
   3.0202580e+06   4.9133301e+01
   3.0202780e+06   3.7414551e+01
   3.0202960e+06   5.0109863e+01
   3.0203330e+06   3.9001465e+01
   3.0203710e+06   3.6254883e+01
   3.0204100e+06   3.9123535e+01
   3.0204530e+06   3.7414551e+01
   3.0204850e+06   3.1738281e+01
   3.0204960e+06   3.5400391e+01
   3.0205500e+06   3.0578613e+01
   3.0206150e+06   3.9367676e+01
   3.0210880e+06   5.9448242e+01
   3.0211820e+06   4.7241211e+01
   3.0212750e+06   4.7729492e+01
   3.0213540e+06   4.7546387e+01
   3.0214280e+06   4.4372559e+01
   3.0214880e+06   6.1645508e+01
   3.0215630e+06   4.2907715e+01
   3.0216410e+06   4.5898438e+01
   3.0217140e+06   3.3935547e+01
   3.0217340e+06   4.9804688e+01
   3.0218240e+06   3.9978027e+01
   3.0218950e+06   4.9621582e+01
   3.0219720e+06   4.9621582e+01
   3.0220690e+06   4.4921875e+01
   3.0221920e+06   4.5532227e+01
   3.0223100e+06   4.1809082e+01
   3.0223950e+06   3.8269043e+01
   3.0225040e+06   4.1015625e+01
   3.0226030e+06   4.1748047e+01
   3.0227190e+06   4.7485352e+01
   3.0228730e+06   4.2114258e+01
   3.0230190e+06   4.2663574e+01
   3.0231560e+06   4.8278809e+01
   3.0232980e+06   4.5471191e+01
   3.0233970e+06   5.4382324e+01
   3.0235110e+06   3.5156250e+01
   3.0236400e+06   4.7180176e+01
   3.0238670e+06   4.3884277e+01
   3.0240350e+06   4.9560547e+01
   3.0242260e+06   4.2114258e+01
   3.0244570e+06   4.4128418e+01
   3.0246740e+06   4.6630859e+01
   3.0248560e+06   3.3264160e+01
   3.0250680e+06   5.1025391e+01
   3.0252220e+06   5.7312012e+01
   3.0253610e+06   5.7861328e+01
   3.0255610e+06   4.7546387e+01
   3.0258620e+06   4.9560547e+01
   3.0262230e+06   4.8156738e+01
   3.0264620e+06   5.5908203e+01
   3.0266660e+06   4.5654297e+01
   3.0268630e+06   4.6813965e+01
   3.0270070e+06   5.2551270e+01
   3.0275870e+06   6.1218262e+01
   3.0279880e+06   5.1879883e+01
   3.0283220e+06   4.5959473e+01
   3.0284980e+06   5.1269531e+01
   3.0289010e+06   3.8208008e+01
   3.0295030e+06   4.4250488e+01
   3.0297860e+06   4.9865723e+01
   3.0311660e+06   5.6091309e+01
   3.0321640e+06   4.7790527e+01
   3.0862020e+06   7.6782227e+01
   3.0862210e+06   3.3264160e+01
   3.0862590e+06   5.5480957e+01
   3.0862900e+06   3.5400391e+01
   3.0863370e+06   5.1635742e+01
   3.0863750e+06   3.2897949e+01
   3.0863950e+06   3.0761719e+01
   3.0864150e+06   3.7170410e+01
   3.0864540e+06   3.0639648e+01
   3.0864950e+06   3.3691406e+01
   3.0865420e+06   3.6987305e+01
   3.0866010e+06   3.9062500e+01
   3.0866780e+06   3.8696289e+01
   3.0870600e+06   4.5959473e+01
   3.0871870e+06   5.5236816e+01
   3.0872750e+06   4.6325684e+01
   3.0873670e+06   3.8391113e+01
   3.0874560e+06   4.4189453e+01
   3.0875430e+06   5.3527832e+01
   3.0876280e+06   3.8085938e+01
   3.0877330e+06   5.4992676e+01
   3.0878440e+06   5.1757813e+01
   3.0879550e+06   5.2368164e+01
   3.0880830e+06   4.2175293e+01
   3.0882720e+06   3.9550781e+01
   3.0883650e+06   5.4138184e+01
   3.0884810e+06   4.7973633e+01
   3.0885800e+06   5.1391602e+01
   3.0886850e+06   5.3344727e+01
   3.0888480e+06   6.1157227e+01
   3.0889840e+06   4.2114258e+01
   3.0891450e+06   4.2480469e+01
   3.0893270e+06   4.2480469e+01
   3.0895700e+06   4.5715332e+01
   3.0897390e+06   4.6142578e+01
   3.0899000e+06   4.7851563e+01
   3.0900170e+06   4.0405273e+01
   3.0901900e+06   4.4555664e+01
   3.0903640e+06   5.1147461e+01
   3.0904920e+06   5.8837891e+01
   3.0906330e+06   3.5949707e+01
   3.0908070e+06   3.9978027e+01
   3.0910940e+06   4.9987793e+01
   3.0913930e+06   4.7485352e+01
   3.0917090e+06   5.4199219e+01
   3.0919870e+06   4.4311523e+01
   3.0921830e+06   3.1677246e+01
   3.0927190e+06   5.4870605e+01
   3.0936300e+06   5.1940918e+01
   3.0942640e+06   4.3823242e+01
   3.0961780e+06   5.2001953e+01
   3.1481190e+06   6.7199707e+01
   3.1481780e+06   5.7678223e+01
   3.1482270e+06   4.8583984e+01
   3.1482380e+06   3.8146973e+01
   3.1482690e+06   4.6203613e+01
   3.1483130e+06   3.9001465e+01
   3.1483240e+06   3.0212402e+01
   3.1483520e+06   3.3569336e+01
   3.1483950e+06   4.2785645e+01
   3.1484500e+06   3.8818359e+01
   3.1485160e+06   3.9245605e+01
   3.1486070e+06   4.1259766e+01
   3.1489700e+06   5.0659180e+01
   3.1491040e+06   5.6640625e+01
   3.1492470e+06   4.1564941e+01
   3.1494130e+06   4.5227051e+01
   3.1495400e+06   5.5419922e+01
   3.1496530e+06   4.7119141e+01
   3.1497980e+06   4.5593262e+01
   3.1499020e+06   4.7729492e+01
   3.1500290e+06   5.1025391e+01
   3.1501540e+06   3.9733887e+01
   3.1503030e+06   4.1748047e+01
   3.1504090e+06   4.4921875e+01
   3.1504350e+06   3.0517578e+01
   3.1505410e+06   4.5104980e+01
   3.1506720e+06   4.5410156e+01
   3.1508550e+06   5.4260254e+01
   3.1509600e+06   5.0964355e+01
   3.1510970e+06   4.3395996e+01
   3.1512490e+06   5.2978516e+01
   3.1513580e+06   4.6142578e+01
   3.1515330e+06   4.9865723e+01
   3.1516990e+06   4.8767090e+01
   3.1518560e+06   4.6081543e+01
   3.1521530e+06   4.9682617e+01
   3.1524170e+06   5.0598145e+01
   3.1527760e+06   4.8278809e+01
   3.1965240e+06   5.4199219e+01
   3.1965820e+06   6.7199707e+01
   3.1966250e+06   4.1870117e+01
   3.1966570e+06   3.4851074e+01
   3.1966680e+06   5.5786133e+01
   3.1967130e+06   4.6691895e+01
   3.1967590e+06   4.9255371e+01
   3.1967930e+06   3.3447266e+01
   3.1968080e+06   3.7231445e+01
   3.1968720e+06   3.4118652e+01
   3.1969460e+06   4.0405273e+01
   3.1972470e+06   4.6630859e+01
   3.1974680e+06   5.1452637e+01
   3.1976920e+06   4.5715332e+01
   3.1978150e+06   5.5847168e+01
   3.1979680e+06   4.9011230e+01
   3.1982450e+06   5.2246094e+01
   3.1984830e+06   5.1879883e+01
   3.1986180e+06   4.9804688e+01
   3.1988200e+06   5.0415039e+01
   3.1990940e+06   5.8593750e+01
   3.1993370e+06   4.7180176e+01
   3.2432520e+06   3.1616211e+01
   3.2432710e+06   6.8481445e+01
   3.2433730e+06   5.5480957e+01
   3.2434260e+06   4.0466309e+01
   3.2434790e+06   5.0537109e+01
   3.2435290e+06   4.1076660e+01
   3.2435820e+06   3.9916992e+01
   3.2436370e+06   3.9916992e+01
   3.2437150e+06   3.3508301e+01
   3.2440220e+06   5.3039551e+01
   3.2444090e+06   5.8471680e+01
   3.2448020e+06   6.0974121e+01
   3.3084750e+06   5.1269531e+01
   3.3086310e+06   5.7128906e+01
   3.3087060e+06   6.1340332e+01
   3.4739800e+06   6.7382812e+01
   3.4741360e+06   7.2326660e+01
   3.5094680e+06   5.7861328e+01
   3.5095200e+06   4.4250488e+01
   3.5095620e+06   5.9204102e+01
   3.5096050e+06   4.2480469e+01
   3.5096640e+06   4.5471191e+01
   3.5097330e+06   3.8635254e+01
   3.5676720e+06   6.2988281e+01
   3.5691150e+06   5.6701660e+01
   3.5698930e+06   5.3771973e+01
   3.6216460e+06   7.2753906e+01
   3.6220020e+06   6.1096191e+01
   3.6268190e+06   5.8593750e+01
   3.6272800e+06   6.8237305e+01
   3.6705370e+06   6.2927246e+01
   3.7048010e+06   6.3476563e+01
   3.7048530e+06   6.9335938e+01
   3.7048690e+06   3.1311035e+01
   3.7048920e+06   4.1015625e+01
   3.7049310e+06   4.3029785e+01
   3.7049680e+06   4.0954590e+01
   3.7050110e+06   4.4067383e+01
   3.7050580e+06   5.1574707e+01
   3.7050720e+06   3.2592773e+01
   3.7051350e+06   3.9978027e+01
   3.7056820e+06   5.8593750e+01
   3.7058220e+06   5.4626465e+01
   3.7059560e+06   5.4870605e+01
   3.7061010e+06   5.0720215e+01
   3.7062250e+06   5.1574707e+01
   3.7063530e+06   4.7363281e+01
   3.7064520e+06   4.4738770e+01
   3.7065760e+06   5.9020996e+01
   3.7067920e+06   5.2368164e+01
   3.7069150e+06   5.2124023e+01
   3.7070120e+06   5.6457520e+01
   3.7071180e+06   5.6030273e+01
   3.7072220e+06   3.3813477e+01
   3.7073300e+06   4.5593262e+01
   3.7074470e+06   4.6997070e+01
   3.7075450e+06   5.2246094e+01
   3.7076690e+06   5.1574707e+01
   3.7078160e+06   5.5236816e+01
   3.7079510e+06   5.0476074e+01
   3.7080510e+06   4.8767090e+01
   3.7081570e+06   5.1757813e+01
   3.7082920e+06   5.4077148e+01
   3.7084610e+06   5.2551270e+01
   3.7086000e+06   4.3884277e+01
   3.7087060e+06   5.1330566e+01
   3.7088170e+06   4.7668457e+01
   3.7089970e+06   5.0109863e+01
   3.7090980e+06   5.0231934e+01
   3.7092810e+06   4.6752930e+01
   3.7095420e+06   5.4687500e+01
   3.7097620e+06   5.1574707e+01
   3.7102650e+06   5.8349609e+01
   3.7105190e+06   5.5725098e+01
   3.7108420e+06   4.9865723e+01
   3.7415290e+06   6.4575195e+01
   3.7423970e+06   5.4687500e+01
   3.7508170e+06   6.6284180e+01
   3.7510290e+06   6.0180664e+01
   3.7511480e+06   6.7626953e+01
   3.7512120e+06   4.9133301e+01
   3.7512790e+06   4.4189453e+01
   3.7514140e+06   4.6264648e+01
   3.7871460e+06   6.5063477e+01
   3.7872000e+06   5.1208496e+01
   3.7872300e+06   3.0944824e+01
   3.7872490e+06   5.2062988e+01
   3.7872970e+06   5.6335449e+01
   3.7873440e+06   3.6376953e+01
   3.7873920e+06   3.6682129e+01
   3.7874530e+06   4.1198730e+01
   3.7884340e+06   5.1940918e+01
   3.7887140e+06   5.2917480e+01
   3.7891350e+06   4.7851563e+01
   3.7895330e+06   5.6762695e+01
   3.7898710e+06   5.2062988e+01
   3.7903290e+06   5.2490234e+01
   3.7906240e+06   4.7912598e+01
   3.7908350e+06   5.8471680e+01
   3.7911710e+06   4.3884277e+01
   3.8363120e+06   5.6457520e+01
   3.8364190e+06   6.3049316e+01
   3.8366600e+06   6.5246582e+01
   3.8377160e+06   6.2622070e+01
   3.8582260e+06   6.6894531e+01
   3.8596870e+06   3.0151367e+01
   3.9361570e+06   6.8603516e+01
   3.9613650e+06   6.1584473e+01
   3.9616500e+06   6.8115234e+01
   3.9617880e+06   5.7495117e+01
   4.0089450e+06   6.6955566e+01
   4.0306720e+06   5.9326172e+01
   4.0362540e+06   5.4626465e+01
   4.0626840e+06   5.5664063e+01
   4.1116430e+06   5.9936523e+01
   4.1117360e+06   5.5419922e+01
   4.1117670e+06   3.0944824e+01
   4.1117950e+06   6.0058594e+01
   4.1118540e+06   5.4931641e+01
   4.1119050e+06   6.1950684e+01
   4.1119670e+06   5.1574707e+01
   4.1120610e+06   4.7973633e+01
   4.1538160e+06   6.1401367e+01
   4.1985470e+06   6.1950684e+01
   4.1990880e+06   6.1157227e+01
   4.2158460e+06   6.3598633e+01
   4.2159240e+06   6.7321777e+01
   4.2159940e+06   5.8776855e+01
   4.2160770e+06   5.7983398e+01
   4.2161450e+06   5.0781250e+01
   4.2365810e+06   6.5734863e+01
   4.2386320e+06   5.6640625e+01
   4.2530100e+06   6.7687988e+01
   4.2740180e+06   5.9020996e+01
   4.2748490e+06   6.2011719e+01
   4.2902290e+06   5.6701660e+01
   4.2903760e+06   6.6467285e+01
   4.2928820e+06   7.0434570e+01
   4.2936600e+06   6.3720703e+01
   4.3217350e+06   6.9641113e+01
   4.3285250e+06   6.5917969e+01
   4.3418860e+06   6.6162109e+01
   4.3514260e+06   6.9213867e+01
   4.3526650e+06   6.2133789e+01
   4.3594880e+06   5.7067871e+01
   4.3621820e+06   5.3588867e+01
   4.3765940e+06   6.4392090e+01
   4.3767350e+06   6.9152832e+01
   4.3777300e+06   6.0546875e+01
   4.3846300e+06   7.0739746e+01
   4.3912730e+06   6.2927246e+01
   4.4007750e+06   6.3720703e+01
   4.4018180e+06   6.3049316e+01
   4.4182790e+06   6.1035156e+01
   4.4183190e+06   3.0029297e+01
   4.4187800e+06   6.3354492e+01
   4.4305800e+06   7.6721191e+01
   4.4538470e+06   5.1818848e+01
   4.4561890e+06   6.6772461e+01
   4.4566440e+06   6.4453125e+01
   4.4665990e+06   6.1584473e+01
   4.4786450e+06   6.7565918e+01
   4.4787600e+06   6.3232422e+01
   4.4816470e+06   6.3964844e+01
   4.4948490e+06   6.4453125e+01
   4.4992720e+06   5.8776855e+01
   4.5116150e+06   6.7443848e+01
   4.5394150e+06   6.7199707e+01
   4.5408190e+06   5.8593750e+01
   4.5415690e+06   5.9020996e+01
   4.5421910e+06   6.3171387e+01
   4.5665730e+06   5.1269531e+01
   4.5688290e+06   5.9692383e+01
   4.5848360e+06   5.3833008e+01
   4.5998410e+06   5.8837891e+01
   4.6011860e+06   6.7626953e+01
   4.6034170e+06   6.4086914e+01
   4.6167630e+06   5.9387207e+01
   4.6192600e+06   6.4636230e+01
   4.6297450e+06   6.6711426e+01
   4.6469200e+06   6.0363770e+01
   4.6470080e+06   5.5908203e+01
   4.6471280e+06   5.2734375e+01
   4.6476480e+06   5.5358887e+01
   4.6477470e+06   5.0109863e+01
   4.6478630e+06   5.0964355e+01
   4.6480930e+06   4.9682617e+01
   4.6641310e+06   6.7504883e+01
   4.6833480e+06   6.0363770e+01
   4.6838540e+06   5.9082031e+01
   4.6844990e+06   5.4565430e+01
   4.6860650e+06   4.3579102e+01
   4.7168560e+06   6.1096191e+01
   4.7172080e+06   6.1462402e+01
   4.7174940e+06   5.9692383e+01
   4.7189680e+06   6.9702148e+01
   4.7326260e+06   5.8837891e+01
   4.7494690e+06   6.3781738e+01
   4.7496850e+06   5.5419922e+01
   4.7693830e+06   6.3537598e+01
   4.7701000e+06   6.0668945e+01
   4.7705330e+06   5.5969238e+01
   4.7717160e+06   6.0546875e+01
   4.7900020e+06   6.3964844e+01
   4.7902640e+06   5.1391602e+01
   4.7907130e+06   5.5358887e+01
   4.8068320e+06   6.2561035e+01
   4.8072120e+06   5.0048828e+01
   4.8097590e+06   5.8471680e+01
   4.8099660e+06   5.0231934e+01
   4.8102320e+06   5.8410645e+01
   4.8107930e+06   6.0180664e+01
   4.8278540e+06   5.3771973e+01
   4.8288300e+06   6.0485840e+01
   4.8292080e+06   5.1696777e+01
   4.8299290e+06   7.0434570e+01
   4.8466170e+06   6.4636230e+01
   4.8468720e+06   5.9509277e+01
   4.8478200e+06   5.4077148e+01
   4.8485730e+06   6.1828613e+01
   4.8487570e+06   5.6213379e+01
   4.8684320e+06   6.3293457e+01
   4.8686440e+06   6.8359375e+01
   4.8688870e+06   6.2011719e+01
   4.8693610e+06   6.1340332e+01
   4.8698160e+06   6.2561035e+01
   4.8701140e+06   5.2856445e+01
   4.8705810e+06   7.0800781e+01
   4.8714120e+06   5.2978516e+01
   4.8893830e+06   6.4208984e+01
   4.8902670e+06   6.4392090e+01
   4.8907370e+06   5.2856445e+01
   4.9073720e+06   6.3415527e+01
   4.9076280e+06   5.9387207e+01
   4.9083350e+06   5.8715820e+01
   4.9086900e+06   6.4208984e+01
   4.9103350e+06   4.7729492e+01
   4.9251030e+06   5.9753418e+01
   4.9254670e+06   4.7851563e+01
   4.9256330e+06   5.5969238e+01
   4.9260520e+06   6.7321777e+01
   4.9266160e+06   4.9194336e+01
   4.9282310e+06   5.6152344e+01
   4.9426490e+06   6.2133789e+01
   4.9428170e+06   6.0668945e+01
   4.9455780e+06   5.5847168e+01
   4.9462640e+06   5.6030273e+01
   4.9608740e+06   3.1005859e+01
   4.9626960e+06   6.6223145e+01
   4.9630490e+06   6.2438965e+01
   4.9632300e+06   6.4697266e+01
   4.9635140e+06   5.6213379e+01
   4.9642070e+06   4.7607422e+01
   4.9812040e+06   5.7861328e+01
   4.9822470e+06   6.4025879e+01
   4.9843030e+06   5.4992676e+01
   4.9990640e+06   6.2866211e+01
   4.9996770e+06   6.4208984e+01
   5.0013670e+06   5.3527832e+01
   5.0020710e+06   6.3110352e+01
   5.0191560e+06   5.4260254e+01
   5.0198930e+06   5.6884766e+01
   5.0212990e+06   5.8776855e+01
   5.0401170e+06   6.9213867e+01
   5.0403780e+06   6.9763184e+01
   5.0406670e+06   6.9213867e+01
   5.0414020e+06   5.9875488e+01
   5.0602310e+06   6.2500000e+01
   5.0603730e+06   3.2470703e+01
   5.0604320e+06   6.2438965e+01
   5.0605890e+06   5.8349609e+01
   5.0612940e+06   5.4504395e+01
   5.0621740e+06   6.2683105e+01
   5.0752290e+06   5.9020996e+01
   5.0762280e+06   6.2133789e+01
   5.0782180e+06   5.8471680e+01
   5.0784300e+06   5.4260254e+01
   5.0787540e+06   5.9875488e+01
   5.0910580e+06   5.7922363e+01
   5.0912400e+06   5.5664063e+01
   5.0913760e+06   6.0852051e+01
   5.1089550e+06   5.7189941e+01
   5.1096130e+06   5.7373047e+01
   5.1099790e+06   6.9030762e+01
   5.1221500e+06   6.5063477e+01
   5.1370570e+06   6.5551758e+01
   5.1573660e+06   6.7382812e+01
   5.1690170e+06   6.0424805e+01
   5.1799410e+06   6.5551758e+01
   5.1805200e+06   6.8115234e+01
   5.1807600e+06   6.4331055e+01
   5.1810040e+06   5.3100586e+01
   5.1814470e+06   4.6508789e+01
   5.1815240e+06   5.5847168e+01
   5.1815740e+06   4.3518066e+01
   5.1816250e+06   4.5593262e+01
   5.1816830e+06   3.2775879e+01
   5.1817370e+06   3.8635254e+01
   5.1818190e+06   4.5837402e+01
   5.2101300e+06   7.1350098e+01
   5.2117250e+06   6.2866211e+01
   5.2118620e+06   6.5307617e+01
   5.2120800e+06   5.2978516e+01
   5.2144420e+06   6.5917969e+01
   5.2415630e+06   6.0485840e+01
   5.2507490e+06   6.2316895e+01
   5.2732130e+06   6.7810059e+01
   5.2734390e+06   5.5786133e+01
   5.2738180e+06   5.0598145e+01
   5.2740510e+06   6.2072754e+01
   5.2742520e+06   5.7556152e+01
   5.2743520e+06   5.1208496e+01
   5.2744490e+06   5.5725098e+01
   5.2745660e+06   4.4372559e+01
   5.2746800e+06   5.0231934e+01
   5.2749390e+06   3.0700684e+01
   5.3064960e+06   7.5683594e+01
   5.3066600e+06   6.5246582e+01
   5.3067690e+06   5.1879883e+01
   5.3068470e+06   6.0729980e+01
   5.3069070e+06   4.7485352e+01
   5.3069880e+06   4.7973633e+01
   5.3077180e+06   5.2795410e+01
   5.3078450e+06   5.6945801e+01
   5.3083890e+06   4.7607422e+01
   5.3086450e+06   5.9143066e+01
   5.3402650e+06   6.9946289e+01
   5.3409460e+06   5.8044434e+01
   5.3421660e+06   6.0302734e+01
   5.3425070e+06   5.2490234e+01
   5.3738080e+06   6.5429688e+01
   5.3740820e+06   5.4382324e+01
   5.3741800e+06   5.5175781e+01
   5.3742690e+06   6.7993164e+01
   5.3742800e+06   3.5583496e+01
   5.3743340e+06   5.3039551e+01
   5.3744010e+06   5.4809570e+01
   5.3745000e+06   4.8950195e+01
   5.4160260e+06   6.5673828e+01
   5.4164880e+06   6.4086914e+01
   5.4167990e+06   5.4992676e+01
   5.4169190e+06   5.7861328e+01
   5.4171140e+06   3.2775879e+01
   5.4172220e+06   5.4443359e+01
   5.4172990e+06   5.0231934e+01
   5.4173900e+06   5.1452637e+01
   5.4174720e+06   4.6630859e+01
   5.4175500e+06   4.8583984e+01
   5.4176670e+06   5.2551270e+01
   5.4515900e+06   6.4941406e+01
   5.4516950e+06   6.0302734e+01
   5.4517960e+06   5.6213379e+01
   5.4522120e+06   6.0058594e+01
   5.4524670e+06   6.2011719e+01
   5.4531530e+06   5.3039551e+01
   5.4535910e+06   5.5786133e+01
   5.4879270e+06   5.5725098e+01
   5.4880920e+06   6.0119629e+01
   5.4882580e+06   5.6884766e+01
   5.4886070e+06   4.8034668e+01
   5.4888250e+06   6.1462402e+01
   5.4890430e+06   5.5969238e+01
   5.5043930e+06   6.3415527e+01
   5.5161750e+06   6.9763184e+01
   5.5163480e+06   5.9936523e+01
   5.5166800e+06   5.6396484e+01
   5.5170750e+06   5.3039551e+01
   5.5422950e+06   6.2011719e+01
   5.5425280e+06   5.6335449e+01
   5.5428520e+06   5.5358887e+01
   5.5435600e+06   5.3100586e+01
   5.5723850e+06   5.7434082e+01
   5.5725310e+06   5.6152344e+01
   5.5727900e+06   5.9326172e+01
   5.5730170e+06   5.7678223e+01
   5.5968870e+06   6.8176270e+01
   5.5970170e+06   6.4758301e+01
   5.5975710e+06   5.8654785e+01
   5.5976610e+06   4.8217773e+01
   5.5977340e+06   6.2011719e+01
   5.5977990e+06   4.5471191e+01
   5.5978550e+06   4.9499512e+01
   5.5979410e+06   3.3325195e+01
   5.6230550e+06   7.1716309e+01
   5.6231930e+06   6.9274902e+01
   5.6237670e+06   5.7434082e+01
   5.6239300e+06   5.5053711e+01
   5.6241870e+06   5.8288574e+01
   5.6249600e+06   5.6945801e+01
   5.6602040e+06   6.2194824e+01
   5.6612410e+06   6.7932129e+01
   5.6613660e+06   6.5917969e+01
   5.6619520e+06   5.3833008e+01
   5.6859630e+06   6.2988281e+01
   5.6861150e+06   6.8847656e+01
   5.6865250e+06   4.9133301e+01
   5.6871190e+06   5.0720215e+01
   5.7304650e+06   6.1035156e+01
   5.7309460e+06   5.3771973e+01
   5.7598020e+06   5.9204102e+01
   5.7599870e+06   3.5522461e+01
   5.7601220e+06   5.9326172e+01
   5.7602610e+06   5.6579590e+01
   5.7603440e+06   6.2744141e+01
   5.7604070e+06   4.4372559e+01
   5.7604640e+06   4.4311523e+01
   5.7605630e+06   5.8837891e+01
   5.8251540e+06   6.2866211e+01
   5.8391020e+06   5.8776855e+01
   5.8564630e+06   6.0424805e+01
   5.8572260e+06   5.9143066e+01
   5.8574160e+06   6.7077637e+01
   5.8581410e+06   5.5236816e+01
   5.8582170e+06   5.2429199e+01
   5.8582790e+06   4.1992188e+01
   5.8950260e+06   7.0434570e+01
   5.8972560e+06   6.4514160e+01
   5.8973600e+06   6.0424805e+01
   5.8975240e+06   6.2377930e+01
   5.8990960e+06   6.1706543e+01
   5.9246440e+06   5.5847168e+01
   5.9262610e+06   6.3171387e+01
   5.9271200e+06   6.4025879e+01
   5.9272090e+06   6.5002441e+01
   5.9272740e+06   5.5236816e+01
   5.9273250e+06   5.1208496e+01
   5.9273720e+06   4.4555664e+01
   5.9274240e+06   5.1452637e+01
   5.9274770e+06   4.4006348e+01
   5.9275380e+06   4.0710449e+01
   5.9276170e+06   4.5104980e+01
   5.9280030e+06   4.5837402e+01
   5.9281340e+06   5.4626465e+01
   5.9282690e+06   5.6945801e+01
   5.9283790e+06   5.0170898e+01
   5.9284670e+06   4.2724609e+01
   5.9285620e+06   4.2602539e+01
   5.9286660e+06   4.7119141e+01
   5.9287730e+06   4.7546387e+01
   5.9288870e+06   4.6508789e+01
   5.9289870e+06   4.7790527e+01
   5.9290640e+06   4.3762207e+01
   5.9291590e+06   4.3090820e+01
   5.9292610e+06   4.9194336e+01
   5.9293560e+06   5.0598145e+01
   5.9294600e+06   4.6752930e+01
   5.9296280e+06   5.1513672e+01
   5.9297350e+06   4.5043945e+01
   5.9298690e+06   4.2358398e+01
   5.9299670e+06   4.8339844e+01
   5.9301330e+06   4.5715332e+01
   5.9302870e+06   4.3823242e+01
   5.9304030e+06   4.1015625e+01
   5.9305420e+06   4.4921875e+01
   5.9306560e+06   4.2846680e+01
   5.9308140e+06   4.6386719e+01
   5.9309300e+06   4.8522949e+01
   5.9310880e+06   5.4931641e+01
   5.9312970e+06   4.7546387e+01
   5.9314770e+06   4.2053223e+01
   5.9317380e+06   4.4982910e+01
   5.9320020e+06   4.4494629e+01
   5.9321510e+06   5.2673340e+01
   5.9325580e+06   4.4311523e+01
   5.9328460e+06   4.5654297e+01
   5.9331150e+06   4.5776367e+01
   5.9332920e+06   3.1799316e+01
   5.9333310e+06   4.9072266e+01
   5.9338100e+06   4.0649414e+01
   5.9340520e+06   5.6152344e+01
   5.9345530e+06   5.5480957e+01
   5.9358080e+06   4.6936035e+01
   5.9919610e+06   6.2072754e+01
   5.9924860e+06   3.1127930e+01
   5.9925500e+06   6.3964844e+01
   5.9926050e+06   5.1696777e+01
   5.9926550e+06   4.6386719e+01
   5.9926990e+06   4.8706055e+01
   5.9927430e+06   3.3386230e+01
   5.9927800e+06   3.3142090e+01
   5.9928300e+06   4.3334961e+01
   5.9928530e+06   3.1860352e+01
   5.9928730e+06   3.3020020e+01
   5.9929220e+06   3.9306641e+01
   5.9929690e+06   3.0334473e+01
   5.9930390e+06   3.4362793e+01
   5.9931230e+06   3.6132812e+01
   5.9936030e+06   3.8513184e+01
   5.9937260e+06   4.1870117e+01
   5.9938420e+06   4.2724609e+01
   5.9939450e+06   4.5776367e+01
   5.9940370e+06   4.9133301e+01
   5.9941200e+06   3.8452148e+01
   5.9942130e+06   3.8818359e+01
   5.9943160e+06   5.5908203e+01
   5.9944030e+06   3.6804199e+01
   5.9945000e+06   3.8635254e+01
   5.9945840e+06   4.4067383e+01
   5.9946780e+06   4.2541504e+01
   5.9947640e+06   4.2663574e+01
   5.9948640e+06   3.8696289e+01
   5.9950020e+06   5.0109863e+01
   5.9952180e+06   4.5471191e+01
   5.9953490e+06   4.7058105e+01
   5.9954460e+06   4.5043945e+01
   5.9955860e+06   4.2541504e+01
   5.9957270e+06   4.3273926e+01
   5.9959930e+06   4.6813965e+01
   5.9961080e+06   5.0598145e+01
   5.9962630e+06   4.8339844e+01
   5.9964060e+06   4.3395996e+01
   5.9965260e+06   4.6508789e+01
   5.9966700e+06   4.7729492e+01
   5.9968740e+06   4.0283203e+01
   5.9971100e+06   4.6936035e+01
   5.9973370e+06   5.4443359e+01
   5.9978950e+06   4.2419434e+01
   5.9980950e+06   5.2612305e+01
   5.9982530e+06   4.7912598e+01
   5.9984760e+06   5.1269531e+01
   5.9989960e+06   5.1208496e+01
   5.9998760e+06   4.9499512e+01
   6.0001060e+06   5.5419922e+01
   6.0011260e+06   5.1879883e+01
   6.0150980e+06   5.7250977e+01
   6.0156000e+06   2.9968262e+01
   6.0228340e+06   6.0485840e+01
   6.0230510e+06   6.7199707e+01
   6.0320250e+06   6.3049316e+01
   6.0322240e+06   6.0852051e+01
   6.0324100e+06   5.8898926e+01
   6.0325120e+06   5.6335449e+01
   6.0326140e+06   4.6630859e+01
   6.0328630e+06   5.5236816e+01
   6.0453340e+06   5.6396484e+01
   6.0455220e+06   5.9936523e+01
   6.0456410e+06   5.6518555e+01
   6.0457280e+06   5.1208496e+01
   6.0458390e+06   4.9682617e+01
   6.0460250e+06   4.9987793e+01
   6.0589190e+06   6.4331055e+01
   6.0589950e+06   3.1250000e+01
   6.0590300e+06   5.9753418e+01
   6.0591540e+06   4.5959473e+01
   6.0592400e+06   5.2734375e+01
   6.0593350e+06   5.6701660e+01
   6.0595660e+06   5.7861328e+01
   6.0911370e+06   6.7871094e+01
   6.0912860e+06   6.7260742e+01
   6.0913690e+06   5.6396484e+01
   6.0914820e+06   5.2978516e+01
   6.0915570e+06   4.1503906e+01
   6.0918380e+06   6.1767578e+01
   6.2645430e+06   4.9804688e+01
   6.2928010e+06   6.2927246e+01
   6.2967790e+06   6.3049316e+01
   6.3487120e+06   6.5368652e+01
   6.3741350e+06   6.0607910e+01
   6.3953320e+06   6.5124512e+01
   6.3963540e+06   5.7006836e+01
   6.3989490e+06   5.8837891e+01
   6.3994740e+06   5.8105469e+01
   6.4000750e+06   5.6152344e+01
   6.4010160e+06   5.1940918e+01
   6.4141290e+06   6.4819336e+01
   6.4312760e+06   6.3171387e+01
   6.4339780e+06   5.8349609e+01
   6.4460920e+06   5.8105469e+01
   6.4635890e+06   5.5175781e+01
   6.4642050e+06   6.2805176e+01
   6.4649170e+06   5.9387207e+01
   6.4668930e+06   5.9020996e+01
   6.4766410e+06   5.4382324e+01
   6.4966970e+06   6.1096191e+01
   6.4970860e+06   5.9020996e+01
   6.5091770e+06   5.9326172e+01
   6.5100280e+06   5.4077148e+01
   6.5255900e+06   5.6701660e+01
   6.5393820e+06   5.8959961e+01
   6.5524850e+06   6.4819336e+01
   6.5531550e+06   6.6406250e+01
   6.5538720e+06   5.0842285e+01
   6.5659010e+06   6.1035156e+01
   6.5813190e+06   6.6894531e+01
   6.5817310e+06   5.7739258e+01
   6.5828410e+06   6.2561035e+01
   6.5885270e+06   6.7504883e+01
   6.5886160e+06   5.6274414e+01
   6.5886770e+06   6.8603516e+01
   6.5887190e+06   3.6132812e+01
   6.5887740e+06   4.1870117e+01
   6.5888320e+06   3.6804199e+01
   6.5889560e+06   4.0588379e+01
   6.6046310e+06   5.8227539e+01
   6.6344500e+06   6.5368652e+01
   6.6537960e+06   6.7626953e+01
   6.6564530e+06   6.5246582e+01
   6.6566120e+06   6.2927246e+01
   6.6571270e+06   5.7250977e+01
   6.6573460e+06   5.2978516e+01
   6.6575350e+06   6.1035156e+01
   6.6576190e+06   7.1472168e+01
   6.6577160e+06   5.3466797e+01
   6.6577680e+06   5.3771973e+01
   6.6578480e+06   4.9682617e+01
   6.6580100e+06   4.0771484e+01
   6.6910330e+06   6.3232422e+01
   6.6928700e+06   5.8471680e+01
   6.6935300e+06   5.6091309e+01
   6.6937750e+06   5.4321289e+01
   6.6940350e+06   5.0598145e+01
   6.6947200e+06   5.6640625e+01
   6.7561550e+06   6.9580078e+01
   6.7594550e+06   6.0668945e+01
   6.7600290e+06   6.5673828e+01
   6.7604250e+06   5.8044434e+01
   6.7914530e+06   6.2072754e+01
   6.7938700e+06   6.3232422e+01
   6.8272610e+06   6.4270020e+01
   6.8383180e+06   6.6101074e+01
   6.8384110e+06   7.1105957e+01
   6.8385870e+06   5.3710938e+01
   6.8403980e+06   5.9814453e+01
   6.8422840e+06   5.7128906e+01
   6.8580890e+06   3.0822754e+01
   6.8611910e+06   6.7932129e+01
   6.8644620e+06   5.9204102e+01
   6.8666830e+06   4.4189453e+01
   6.8670030e+06   6.2194824e+01
   6.8673400e+06   6.0485840e+01
   6.8674770e+06   5.4504395e+01
   6.8675500e+06   4.7851562e+01
   6.8676260e+06   4.4738770e+01
   6.8676890e+06   4.0649414e+01
   6.8677550e+06   3.0090332e+01
   6.8677810e+06   4.1748047e+01
   6.8997800e+06   6.2194824e+01
   6.9004420e+06   5.4626465e+01
   6.9016760e+06   6.6223145e+01
   6.9024280e+06   5.8410645e+01
   6.9264970e+06   5.6518555e+01
   6.9277110e+06   6.1218262e+01
   6.9295930e+06   6.1584473e+01
   6.9689680e+06   6.7077637e+01
   6.9693440e+06   5.4565430e+01
   6.9699970e+06   6.5673828e+01
   6.9702910e+06   6.0791016e+01
   6.9706850e+06   5.6457520e+01
   6.9720720e+06   5.7800293e+01
   6.9959570e+06   5.6884766e+01
   6.9979440e+06   6.9335938e+01
   6.9984390e+06   6.4392090e+01
   6.9994220e+06   6.0241699e+01
   7.0219920e+06   5.1391602e+01
   7.0222130e+06   5.8776855e+01
   7.0235670e+06   6.0302734e+01
   7.0248720e+06   5.5847168e+01
   7.0259780e+06   5.3100586e+01
   7.0465320e+06   6.4575195e+01
   7.0468650e+06   5.4382324e+01
   7.0474990e+06   6.2561035e+01
   7.0481200e+06   5.9814453e+01
   7.0491200e+06   5.3466797e+01
   7.0496060e+06   6.0119629e+01
   7.0504810e+06   4.9011230e+01
   7.0690110e+06   6.1340332e+01
   7.0693240e+06   5.3039551e+01
   7.0695240e+06   5.4138184e+01
   7.0697860e+06   5.1452637e+01
   7.0701360e+06   5.4016113e+01
   7.0928050e+06   7.0922852e+01
   7.0932500e+06   6.6406250e+01
   7.0942030e+06   5.9692383e+01
   7.0945840e+06   4.2785645e+01
   7.0949600e+06   4.7668457e+01
   7.0952030e+06   5.4748535e+01
   7.1126070e+06   5.4870605e+01
   7.1134700e+06   6.0974121e+01
   7.1137930e+06   5.5786133e+01
   7.1143140e+06   5.7189941e+01
   7.1154490e+06   6.3537598e+01
   7.1372520e+06   5.9509277e+01
   7.1377220e+06   5.2978516e+01
   7.1387260e+06   5.7617188e+01
   7.1391460e+06   5.7739258e+01
   7.1397260e+06   5.7983398e+01
   7.1596740e+06   6.3903809e+01
   7.1605140e+06   6.1523438e+01
   7.1615700e+06   5.8410645e+01
   7.1624780e+06   6.1340332e+01
   7.1793600e+06   6.3964844e+01
   7.1811000e+06   6.0241699e+01
   7.1812370e+06   6.2011719e+01
   7.1821460e+06   5.6640625e+01
   7.2026160e+06   6.3537598e+01
   7.2029830e+06   4.8522949e+01
   7.2034070e+06   5.7312012e+01
   7.2038800e+06   5.3588867e+01
   7.2266850e+06   6.1462402e+01
   7.2271630e+06   6.1340332e+01
   7.2273770e+06   4.9560547e+01
   7.2282670e+06   6.3293457e+01
   7.2296930e+06   6.2622070e+01
   7.2461550e+06   6.8969727e+01
   7.2467270e+06   6.2622070e+01
   7.2491770e+06   6.1401367e+01
   7.2492550e+06   6.6589355e+01
   7.2493070e+06   4.1503906e+01
   7.2493650e+06   5.5358887e+01
   7.2494190e+06   4.5593262e+01
   7.2495000e+06   4.5715332e+01
   7.2794620e+06   6.5368652e+01
   7.2798370e+06   5.1696777e+01
   7.2804060e+06   6.2927246e+01
   7.3398020e+06   6.8725586e+01
   7.3400040e+06   5.3466797e+01
   7.3400870e+06   5.8349609e+01
   7.3402230e+06   5.4016113e+01
   7.3403270e+06   4.1992188e+01
   7.3403900e+06   4.4372559e+01
   7.3404640e+06   4.9438477e+01
   7.3410310e+06   5.3771973e+01
   7.3412950e+06   5.8654785e+01
   7.3414990e+06   6.4270020e+01
   7.3416940e+06   4.9560547e+01
   7.3419140e+06   4.2236328e+01
   7.3420850e+06   4.5898438e+01
   7.3423170e+06   5.2795410e+01
   7.3424790e+06   5.9143066e+01
   7.3426670e+06   5.3466797e+01
   7.3429120e+06   5.3710938e+01
   7.3430540e+06   4.5104980e+01
   7.3431670e+06   4.5959473e+01
   7.3432700e+06   5.5664062e+01
   7.3433810e+06   4.5959473e+01
   7.3435290e+06   4.3518066e+01
   7.3436550e+06   4.1259766e+01
   7.3437280e+06   4.4311523e+01
   7.3438690e+06   4.9316406e+01
   7.3440330e+06   5.0903320e+01
   7.3442890e+06   4.4250488e+01
   7.3444230e+06   4.0283203e+01
   7.3447950e+06   4.7668457e+01
   7.3451170e+06   5.5236816e+01
   7.3912730e+06   6.3049316e+01
   7.3914130e+06   5.9204102e+01
   7.3915260e+06   6.7321777e+01
   7.3917070e+06   5.9387207e+01
   7.3918490e+06   6.6162109e+01
   7.3919480e+06   5.5603027e+01
   7.3920160e+06   4.9865723e+01
   7.3920840e+06   4.8217773e+01
   7.3921420e+06   3.4484863e+01
   7.3922460e+06   4.6325684e+01
   7.3928320e+06   4.9377441e+01
   7.3931230e+06   4.5837402e+01
   7.3932740e+06   4.8339844e+01
   7.3934270e+06   5.5175781e+01
   7.3935720e+06   5.0842285e+01
   7.3937060e+06   4.4067383e+01
   7.3938510e+06   3.9733887e+01
   7.3939560e+06   3.8391113e+01
   7.3940530e+06   4.7607422e+01
   7.3942000e+06   4.2053223e+01
   7.3943140e+06   4.0100098e+01
   7.3944460e+06   4.8767090e+01
   7.3945420e+06   3.6743164e+01
   7.3947120e+06   4.4921875e+01
   7.3948950e+06   4.3029785e+01
   7.3950500e+06   5.0170898e+01
   7.3952600e+06   4.3029785e+01
   7.3954890e+06   3.9428711e+01
   7.3956340e+06   5.2490234e+01
   7.3957970e+06   4.0344238e+01
   7.3959770e+06   4.1442871e+01
   7.3962600e+06   4.7302246e+01
   7.3964680e+06   5.6213379e+01
   7.3967340e+06   4.7607422e+01
   7.3969490e+06   4.5898438e+01
   7.3971270e+06   5.4321289e+01
   7.3974050e+06   3.7292480e+01
   7.3979030e+06   4.6264648e+01
   7.4831700e+06   6.5917969e+01
   7.4832360e+06   6.4636230e+01
   7.4832820e+06   4.3151855e+01
   7.4833290e+06   3.8391113e+01
   7.4833590e+06   3.3569336e+01
   7.4833720e+06   4.3518066e+01
   7.4834200e+06   3.8818359e+01
   7.4834690e+06   3.1494141e+01
   7.4835200e+06   3.6010742e+01
   7.4836140e+06   3.9611816e+01
   7.4842580e+06   4.6630859e+01
   7.4844080e+06   4.7729492e+01
   7.4845330e+06   6.0302734e+01
   7.4846720e+06   4.8522949e+01
   7.4848540e+06   4.3945312e+01
   7.4849790e+06   4.6264648e+01
   7.4850910e+06   5.2551270e+01
   7.4852190e+06   4.4616699e+01
   7.4853750e+06   3.6193848e+01
   7.4855890e+06   4.6691895e+01
   7.4857160e+06   4.9255371e+01
   7.4858610e+06   4.6203613e+01
   7.4859850e+06   5.1452637e+01
   7.4861160e+06   6.0119629e+01
   7.4863680e+06   4.5715332e+01
   7.4865360e+06   6.1645508e+01
   7.4867360e+06   4.6447754e+01
   7.4872790e+06   5.2856445e+01
   7.4875490e+06   5.6518555e+01
   7.5437890e+06   5.7434082e+01
   7.5439970e+06   6.2072754e+01
   7.5441570e+06   6.1340332e+01
   7.5442240e+06   4.2785645e+01
   7.5442870e+06   4.4860840e+01
   7.5443450e+06   5.0292969e+01
   7.5443960e+06   4.7912598e+01
   7.5444970e+06   4.2480469e+01
   7.6320510e+06   6.6406250e+01
   7.6321080e+06   5.9204102e+01
   7.6321550e+06   4.4921875e+01
   7.6321950e+06   4.1687012e+01
   7.6322370e+06   3.6315918e+01
   7.6323430e+06   4.1809082e+01
   7.6324010e+06   3.6865234e+01
   7.6329010e+06   5.6152344e+01
   7.6330710e+06   4.5043945e+01
   7.6332050e+06   4.4860840e+01
   7.6333210e+06   5.3710938e+01
   7.6334370e+06   4.9499512e+01
   7.6335420e+06   5.4504395e+01
   7.6336400e+06   4.3640137e+01
   7.6337310e+06   3.4973145e+01
   7.6338270e+06   4.3518066e+01
   7.6339250e+06   5.1574707e+01
   7.6340110e+06   4.7729492e+01
   7.6341060e+06   4.5227051e+01
   7.6341980e+06   4.2297363e+01
   7.6342810e+06   4.9133301e+01
   7.6344060e+06   3.8818359e+01
   7.6345260e+06   3.9978027e+01
   7.6346290e+06   4.0283203e+01
   7.6347330e+06   4.3823242e+01
   7.6348470e+06   4.3884277e+01
   7.6349920e+06   4.3518066e+01
   7.6351700e+06   5.1513672e+01
   7.6352830e+06   4.8400879e+01
   7.6354030e+06   4.5532227e+01
   7.6355130e+06   5.1635742e+01
   7.6356300e+06   4.7668457e+01
   7.6357710e+06   4.4006348e+01
   7.6360420e+06   4.7241211e+01
   7.6363520e+06   5.0048828e+01
   7.6365060e+06   4.5349121e+01
   7.6370870e+06   5.2124023e+01
   7.6375530e+06   4.9682617e+01
   7.6377810e+06   4.0832520e+01
   7.6379920e+06   4.0100098e+01
   7.6384890e+06   4.8950195e+01
   7.6390780e+06   5.5297852e+01
   7.6396360e+06   4.5654297e+01
   7.7062510e+06   6.5490723e+01
   7.7063270e+06   5.7922363e+01
   7.7063780e+06   5.7067871e+01
   7.7064230e+06   3.5461426e+01
   7.7064670e+06   3.1677246e+01
   7.7065100e+06   4.3334961e+01
   7.7065570e+06   3.6193848e+01
   7.7066020e+06   3.4423828e+01
   7.7066580e+06   3.3569336e+01
   7.7067270e+06   3.6193848e+01
   7.7068270e+06   4.2114258e+01
   7.7073640e+06   5.3100586e+01
   7.7074860e+06   4.8522949e+01
   7.7076060e+06   4.6569824e+01
   7.7076530e+06   3.0395508e+01
   7.7077080e+06   5.1635742e+01
   7.7078020e+06   4.2968750e+01
   7.7078930e+06   4.1931152e+01
   7.7079930e+06   4.9438477e+01
   7.7081130e+06   5.0720215e+01
   7.7082350e+06   5.1879883e+01
   7.7083450e+06   3.6010742e+01
   7.7084940e+06   4.6630859e+01
   7.7086010e+06   4.9743652e+01
   7.7087050e+06   3.9184570e+01
   7.7088110e+06   5.1696777e+01
   7.7089270e+06   4.6203613e+01
   7.7090780e+06   3.7414551e+01
   7.7091870e+06   4.4372559e+01
   7.7094110e+06   3.5278320e+01
   7.7095450e+06   4.4799805e+01
   7.7096540e+06   5.9082031e+01
   7.7097770e+06   4.9011230e+01
   7.7099400e+06   4.8339844e+01
   7.7100810e+06   4.1687012e+01
   7.7106140e+06   4.8645020e+01
   7.7109510e+06   4.8950195e+01
   7.7111390e+06   4.0222168e+01
   7.7114450e+06   3.5278320e+01
   7.7118010e+06   4.3701172e+01
   7.7120110e+06   5.6274414e+01
   7.7121160e+06   3.7780762e+01
   7.7788170e+06   3.0029297e+01
   7.7789420e+06   6.0119629e+01
   7.7790410e+06   5.6091309e+01
   7.7791130e+06   5.5236816e+01
   7.7791690e+06   6.2438965e+01
   7.7792160e+06   3.4729004e+01
   7.7792680e+06   3.8452148e+01
   7.7793220e+06   3.4179688e+01
   7.7798560e+06   5.8288574e+01
   7.7800150e+06   5.4138184e+01
   7.8784410e+06   5.9509277e+01
   7.8790940e+06   4.9560547e+01
   7.8791700e+06   4.6142578e+01
   7.8792480e+06   4.6875000e+01
   7.8793440e+06   4.5288086e+01
   7.9118330e+06   5.3466797e+01
   7.9122900e+06   5.4382324e+01
   7.9618730e+06   5.6518555e+01
   7.9619990e+06   5.8837891e+01
   7.9620730e+06   3.5705566e+01
   7.9620920e+06   5.9814453e+01
   7.9622540e+06   5.5114746e+01
   8.0484610e+06   6.6101074e+01
   8.0485320e+06   5.9326172e+01
   8.0485760e+06   4.6691895e+01
   8.0486150e+06   4.1259766e+01
   8.0486610e+06   3.0212402e+01
   8.0487040e+06   3.7353516e+01
   8.0487580e+06   3.0578613e+01
   8.0488190e+06   3.0578613e+01
   8.0493790e+06   5.1635742e+01
   8.0495450e+06   5.5419922e+01
   8.0496650e+06   5.6152344e+01
   8.0497680e+06   4.8522949e+01
   8.0498660e+06   4.7180176e+01
   8.0499630e+06   4.7302246e+01
   8.0500650e+06   5.4565430e+01
   8.0501730e+06   4.5715332e+01
   8.0503020e+06   4.6997070e+01
   8.0503900e+06   4.3090820e+01
   8.0504870e+06   4.5532227e+01
   8.0505950e+06   5.1025391e+01
   8.0507020e+06   4.2724609e+01
   8.0507970e+06   4.5715332e+01
   8.0509150e+06   4.6875000e+01
   8.0510130e+06   5.6030273e+01
   8.0511480e+06   4.0771484e+01
   8.0512360e+06   4.5776367e+01
   8.0513490e+06   5.9936523e+01
   8.0515180e+06   4.4921875e+01
   8.0516380e+06   5.1025391e+01
   8.0519290e+06   4.0344238e+01
   8.0522050e+06   5.3039551e+01
   8.0523990e+06   4.2968750e+01
   8.0525230e+06   3.6376953e+01
   8.0526920e+06   4.6508789e+01
   8.0528350e+06   5.0720215e+01
   8.0529520e+06   4.7058105e+01
   8.0531000e+06   4.2724609e+01
   8.0532970e+06   4.7241211e+01
   8.0536000e+06   4.4433594e+01
   8.0537980e+06   4.1320801e+01
   8.0542320e+06   4.5349121e+01
   8.0546000e+06   3.9978027e+01
   8.0549120e+06   5.6884766e+01
   8.1088480e+06   6.0119629e+01
   8.1090120e+06   5.7495117e+01
   8.1091970e+06   3.2714844e+01
   8.1093060e+06   5.6823730e+01
   8.1829560e+06   7.2143555e+01
   8.1952730e+06   6.5917969e+01
   8.2811470e+06   6.1828613e+01
   8.2811690e+06   3.1250000e+01
   8.2812520e+06   5.0292969e+01
   8.2813150e+06   5.8166504e+01
   8.2813870e+06   4.2419434e+01
   8.2814560e+06   4.7058105e+01
   8.3340700e+06   5.4016113e+01
   8.3351610e+06   5.3833008e+01
   8.3365600e+06   5.5847168e+01
   8.3368120e+06   6.3537598e+01
   8.3381300e+06   5.0109863e+01
   8.3838510e+06   5.7922363e+01
   8.3840060e+06   6.2744141e+01
   8.3849570e+06   6.2316895e+01
   8.4491390e+06   6.3903809e+01
   8.4492400e+06   5.9692383e+01
   8.4653970e+06   6.4453125e+01
   8.4654800e+06   6.3049316e+01
   8.4655070e+06   3.7963867e+01
   8.4655250e+06   5.8898926e+01
   8.4655760e+06   5.1025391e+01
   8.4656530e+06   4.0710449e+01
   8.4657660e+06   5.2001953e+01
   8.5301430e+06   6.8542480e+01
   8.5306310e+06   5.8471680e+01
   8.5479220e+06   6.2072754e+01
   8.5664420e+06   6.2072754e+01
   8.5683630e+06   6.2133789e+01
   8.6054520e+06   5.9936523e+01
   8.6391160e+06   6.4208984e+01
   8.6565090e+06   5.6518555e+01
   8.6579290e+06   6.1645508e+01
   8.6732710e+06   6.2255859e+01
   8.6880570e+06   5.8959961e+01
   8.6886070e+06   5.2062988e+01
   8.7032010e+06   6.1950684e+01
   8.7043420e+06   6.2255859e+01
   8.7150170e+06   6.6284180e+01
   8.7181780e+06   5.6945801e+01
   8.7184200e+06   6.4208984e+01
   8.7334160e+06   6.6528320e+01
   8.7335700e+06   6.1279297e+01
   8.7341750e+06   5.9509277e+01
   8.7342540e+06   6.1218262e+01
   8.7343160e+06   5.2673340e+01
   8.7343650e+06   5.1330566e+01
   8.7344240e+06   3.7658691e+01
   8.7344370e+06   3.0212402e+01
   8.7345320e+06   4.3579102e+01
   8.7345950e+06   4.1870117e+01
   8.7346900e+06   4.3884277e+01
   8.7741570e+06   5.5664062e+01
   8.7744410e+06   5.7861328e+01
   8.7747320e+06   5.7067871e+01
   8.7757360e+06   6.7321777e+01
   8.7763380e+06   6.1584473e+01
   8.7770440e+06   5.6701660e+01
   8.7987450e+06   6.5551758e+01
   8.7992610e+06   5.6701660e+01
   8.8004810e+06   5.9631348e+01
   8.8007170e+06   5.2795410e+01
   8.8233740e+06   6.3232422e+01
   8.8241590e+06   6.2744141e+01
   8.8248000e+06   5.6335449e+01
   8.8252030e+06   5.9143066e+01
   8.8261560e+06   5.4931641e+01
   8.8431840e+06   7.2265625e+01
   8.8448280e+06   5.1513672e+01
   8.8452500e+06   5.9692383e+01
   8.8632700e+06   5.8715820e+01
   8.8643470e+06   4.7729492e+01
   8.8648350e+06   5.9020996e+01
   8.8659910e+06   5.6701660e+01
   8.8849290e+06   6.4208984e+01
   8.8861000e+06   6.2011719e+01
   8.8870860e+06   5.9570312e+01
   8.8881760e+06   6.3354492e+01
   8.9104420e+06   6.8115234e+01
   8.9113140e+06   6.0363770e+01
   8.9116040e+06   5.0659180e+01
   8.9123410e+06   5.9692383e+01
   8.9128410e+06   5.5053711e+01
   8.9135870e+06   5.2673340e+01
   8.9318480e+06   5.8654785e+01
   8.9321640e+06   5.4809570e+01
   8.9326420e+06   5.3955078e+01
   8.9336490e+06   5.2185059e+01
   8.9340820e+06   5.6030273e+01
   8.9345330e+06   5.7800293e+01
   8.9519980e+06   6.3354492e+01
   8.9523790e+06   6.3842773e+01
   8.9535640e+06   6.0485840e+01
   8.9547780e+06   5.9448242e+01
   8.9733880e+06   6.8481445e+01
   8.9738960e+06   5.2307129e+01
   8.9935730e+06   5.1574707e+01
   8.9940150e+06   4.9377441e+01
   8.9952260e+06   5.3833008e+01
   9.0135760e+06   5.9265137e+01
   9.0143090e+06   6.7260742e+01
   9.0146040e+06   5.0415039e+01
   9.0322360e+06   6.0974121e+01
   9.0323610e+06   7.3425293e+01
   9.0329680e+06   7.0251465e+01
   9.0341650e+06   5.4199219e+01
   9.0344200e+06   6.1523438e+01
   9.0605190e+06   6.9763184e+01
   9.0762750e+06   7.1228027e+01
   9.0773610e+06   5.8959961e+01
   9.0794830e+06   6.0791016e+01
   9.0812150e+06   6.0729980e+01
   9.0815860e+06   5.1879883e+01
   9.1190680e+06   6.9091797e+01
   9.1195430e+06   6.4208984e+01
   9.1199020e+06   5.4382324e+01
   9.1203230e+06   5.8959961e+01
   9.1204270e+06   4.8950195e+01
   9.1204710e+06   3.4545898e+01
   9.1204910e+06   5.6518555e+01
   9.1205390e+06   6.0913086e+01
   9.1205660e+06   3.2531738e+01
   9.1205980e+06   3.7902832e+01
   9.1206560e+06   4.2541504e+01
   9.1207340e+06   4.5471191e+01
   9.1595180e+06   6.2866211e+01
   9.1840620e+06   6.1828613e+01
   9.1857380e+06   7.0556641e+01
   9.1859040e+06   6.0302734e+01
   9.2031340e+06   6.1950684e+01
   9.2035740e+06   5.5847168e+01
   9.2287120e+06   6.1035156e+01
   9.2288170e+06   5.4931641e+01
   9.2289010e+06   5.6335449e+01
   9.2290230e+06   5.2612305e+01
   9.2291030e+06   5.8898926e+01
   9.2291670e+06   5.0354004e+01
   9.2292370e+06   6.1645508e+01
   9.2293410e+06   4.9865723e+01
   9.2622100e+06   5.7861328e+01
   9.2624230e+06   5.5053711e+01
   9.2635280e+06   5.3283691e+01
   9.2726300e+06   5.6518555e+01
   9.2727070e+06   5.2673340e+01
   9.2727800e+06   5.5175781e+01
   9.2728450e+06   5.2978516e+01
   9.2729210e+06   4.8583984e+01
   9.2730470e+06   5.1818848e+01
   9.3072500e+06   6.4025879e+01
   9.3073830e+06   6.0363770e+01
   9.3084480e+06   6.4514160e+01
   9.3086300e+06   4.9987793e+01
   9.3332470e+06   6.8054199e+01
   9.3383970e+06   6.4697266e+01
   9.3395850e+06   6.1523438e+01
   9.3397510e+06   5.5908203e+01
   9.3398330e+06   5.9143066e+01
   9.3399170e+06   5.1879883e+01
   9.3399900e+06   5.2001953e+01
   9.3404430e+06   5.7434082e+01
   9.3405800e+06   4.7973633e+01
   9.3582090e+06   6.6650391e+01
   9.3748230e+06   5.5480957e+01
   9.3750230e+06   6.6101074e+01
   9.3962750e+06   6.3537598e+01
   9.3964710e+06   5.9936523e+01
   9.3976480e+06   5.1757812e+01
   9.3980200e+06   6.3476562e+01
   9.3985230e+06   5.7983398e+01
   9.4000320e+06   6.6284180e+01
   9.4018390e+06   5.7800293e+01
   9.4397340e+06   5.7861328e+01
   9.4407250e+06   6.5246582e+01
   9.4408210e+06   6.4453125e+01
   9.4409120e+06   5.2612305e+01
   9.4421260e+06   5.1513672e+01
   9.4801300e+06   7.4157715e+01
   9.4802900e+06   5.3955078e+01
   9.4804830e+06   6.4819336e+01
   9.4806610e+06   4.7729492e+01
   9.4822310e+06   5.6823730e+01
   9.5036400e+06   5.9265137e+01
   9.5163100e+06   6.3659668e+01
   9.5164630e+06   5.7373047e+01
   9.5169300e+06   6.1889648e+01
   9.5195820e+06   5.1147461e+01
   9.5508420e+06   5.9509277e+01
   9.5513460e+06   6.3842773e+01
   9.5515320e+06   5.5236816e+01
   9.5523460e+06   5.8776855e+01
   9.5803150e+06   5.4443359e+01
   9.5872580e+06   6.5917969e+01
   9.5873470e+06   5.1086426e+01
   9.5874100e+06   5.4138184e+01
   9.5875500e+06   5.0170898e+01
   9.5883150e+06   5.8593750e+01
   9.5892140e+06   5.7250977e+01
   9.6200610e+06   6.6406250e+01
   9.6201700e+06   5.8105469e+01
   9.6202300e+06   6.0974121e+01
   9.6203120e+06   4.6325684e+01
   9.6215810e+06   5.9326172e+01
   9.6217540e+06   4.7546387e+01
   9.6643510e+06   6.1706543e+01
   9.6644800e+06   5.0170898e+01
   9.6646320e+06   5.0964355e+01
   9.6654340e+06   6.5246582e+01
   9.6659260e+06   5.5175781e+01
   9.7127350e+06   5.6640625e+01
   9.7142010e+06   5.9814453e+01
   9.7148280e+06   5.5603027e+01
   9.7656440e+06   6.6772461e+01
   9.7768660e+06   5.6945801e+01
   9.7970890e+06   3.3813477e+01
   9.7971250e+06   6.5002441e+01
   9.7974450e+06   6.9396973e+01
   9.7975640e+06   6.0424805e+01
   9.8323310e+06   5.7189941e+01
   9.8415650e+06   5.5114746e+01
   9.8422590e+06   5.9570313e+01
   9.8423700e+06   4.7668457e+01
   9.8427740e+06   6.8969727e+01
   9.8428910e+06   5.5603027e+01
   9.8430350e+06   5.4809570e+01
   9.8431280e+06   4.9682617e+01
   9.8432060e+06   5.9631348e+01
   9.8433010e+06   4.7668457e+01
   9.8844130e+06   7.2753906e+01
   9.9145780e+06   6.6772461e+01
   9.9147640e+06   6.2194824e+01
   9.9530230e+06   6.0485840e+01
   9.9533100e+06   6.2255859e+01
   9.9534650e+06   6.4819336e+01
   9.9535880e+06   5.3222656e+01
   9.9538420e+06   4.6569824e+01
   9.9539970e+06   5.7434082e+01
   9.9540540e+06   4.4311523e+01
   9.9541010e+06   4.5959473e+01
   9.9542050e+06   3.7719727e+01
   9.9542180e+06   3.2897949e+01
   9.9542560e+06   4.7485352e+01
   9.9543260e+06   4.1259766e+01
   9.9544120e+06   3.4362793e+01
   9.9550350e+06   5.3649902e+01
   9.9551390e+06   5.0476074e+01
   9.9552530e+06   4.6997070e+01
   9.9553560e+06   4.2053223e+01
   9.9554650e+06   4.7241211e+01
   9.9555580e+06   3.9916992e+01
   9.9556520e+06   4.3823242e+01
   9.9557580e+06   4.8339844e+01
   9.9558520e+06   4.4372559e+01
   9.9559390e+06   4.8034668e+01
   9.9560190e+06   4.1687012e+01
   9.9561590e+06   4.7119141e+01
   9.9562540e+06   4.5227051e+01
   9.9563500e+06   3.8146973e+01
   9.9564520e+06   4.7546387e+01
   9.9565680e+06   3.9123535e+01
   9.9567030e+06   4.7729492e+01
   9.9568340e+06   4.7241211e+01
   9.9569730e+06   4.3334961e+01
   9.9570800e+06   4.8095703e+01
   9.9571770e+06   4.6508789e+01
   9.9572790e+06   4.2053223e+01
   9.9574070e+06   5.6701660e+01
   9.9576720e+06   4.3945312e+01
   9.9578190e+06   4.7851562e+01
   9.9581910e+06   4.9072266e+01
   9.9584080e+06   5.6884766e+01
   9.9586240e+06   4.3090820e+01
   9.9590040e+06   5.0109863e+01
   9.9592390e+06   4.9133301e+01
   9.9595260e+06   5.3466797e+01
   9.9597730e+06   4.8706055e+01
   9.9602150e+06   4.3334961e+01
   9.9605150e+06   5.4931641e+01
   9.9608310e+06   5.0964355e+01
   9.9681060e+06   5.9143066e+01
   9.9744390e+06   5.2673340e+01
   9.9863530e+06   5.9814453e+01
   9.9866700e+06   5.9753418e+01
   9.9869270e+06   5.6457520e+01
   1.0009221e+07   6.4270020e+01
   1.0009367e+07   5.5175781e+01
   1.0009442e+07   5.2673340e+01
   1.0009505e+07   5.6335449e+01
   1.0009557e+07   4.7424316e+01
   1.0009615e+07   4.2663574e+01
   1.0009641e+07   3.1188965e+01
   1.0009667e+07   3.5461426e+01
   1.0009726e+07   4.3090820e+01
   1.0009797e+07   3.9367676e+01
   1.0009875e+07   4.5898438e+01
   1.0010267e+07   4.5959473e+01
   1.0039366e+07   7.5012207e+01
   1.0039584e+07   6.2255859e+01
   1.0039754e+07   4.9804688e+01
   1.0040399e+07   5.7678223e+01
   1.0040622e+07   6.8542480e+01
   1.0040718e+07   5.0537109e+01
   1.0040821e+07   4.9865723e+01
   1.0040894e+07   4.6508789e+01
   1.0041008e+07   4.9072266e+01
   1.0073355e+07   6.0241699e+01
   1.0073548e+07   5.8349609e+01
   1.0075972e+07   5.0598145e+01
   1.0114703e+07   5.9204102e+01
   1.0175082e+07   6.3476562e+01
   1.0175198e+07   5.3405762e+01
   1.0175317e+07   5.9387207e+01
   1.0175381e+07   5.6091309e+01
   1.0175458e+07   3.9855957e+01
   1.0175537e+07   5.7556152e+01
   1.0175808e+07   4.5288086e+01
   1.0175883e+07   4.9987793e+01
   1.0175981e+07   3.3081055e+01
   1.0256655e+07   7.1533203e+01
   1.0256993e+07   4.9865723e+01
   1.0257245e+07   6.7321777e+01
   1.0257326e+07   6.3598633e+01
   1.0257392e+07   5.0781250e+01
   1.0257464e+07   5.6335449e+01
   1.0257516e+07   3.2897949e+01
   1.0257613e+07   4.8339844e+01
   1.0257739e+07   5.3833008e+01
   1.0258552e+07   4.8828125e+01
   1.0258789e+07   6.5063477e+01
   1.0259001e+07   5.1025391e+01
   1.0259212e+07   4.1259766e+01
   1.0259526e+07   5.0170898e+01
   1.0259760e+07   4.3762207e+01
   1.0259947e+07   5.2978516e+01
   1.0260185e+07   5.3527832e+01
   1.0384062e+07   3.0395508e+01
   1.0386512e+07   6.0668945e+01
   1.0408535e+07   6.3720703e+01
   1.0415366e+07   6.4086914e+01
   1.0420632e+07   5.9082031e+01
   1.0420778e+07   5.2490234e+01
   1.0420872e+07   5.2307129e+01
   1.0421548e+07   5.2062988e+01
   1.0421645e+07   6.2194824e+01
   1.0421717e+07   6.1340332e+01
   1.0421785e+07   4.9194336e+01
   1.0421854e+07   4.9621582e+01
   1.0421886e+07   2.9968262e+01
   1.0421926e+07   4.1137695e+01
   1.0480594e+07   5.7983398e+01
   1.0510461e+07   6.3232422e+01
   1.0552014e+07   6.4270020e+01
   1.0607594e+07   6.1340332e+01
   1.0607706e+07   5.0354004e+01
   1.0607785e+07   4.6752930e+01
   1.0607852e+07   5.2368164e+01
   1.0607931e+07   3.5034180e+01
   1.0608004e+07   4.2053223e+01
   1.0608108e+07   4.4860840e+01
   1.0652210e+07   6.2927246e+01
   1.0709673e+07   6.0302734e+01
   1.0709884e+07   5.5541992e+01
   1.0710185e+07   5.7800293e+01
   1.0710326e+07   5.7373047e+01
   1.0710428e+07   4.7851562e+01
   1.0710507e+07   5.2124023e+01
   1.0710555e+07   3.3325195e+01
   1.0710580e+07   4.2846680e+01
   1.0759759e+07   5.0720215e+01
   1.0759921e+07   6.7443848e+01
   1.0760424e+07   4.7485352e+01
   1.0761478e+07   5.9265137e+01
   1.0762143e+07   5.3283691e+01
   1.0786784e+07   6.3598633e+01
   1.0787726e+07   6.1889648e+01
   1.0788161e+07   5.1269531e+01
   1.0788595e+07   5.9570312e+01
   1.0788881e+07   5.3710938e+01
   1.0789192e+07   6.4331055e+01
   1.0804786e+07   6.2194824e+01
   1.0804956e+07   6.2194824e+01
   1.0805092e+07   5.4504395e+01
   1.0809420e+07   5.6884766e+01
   1.0820302e+07   6.5856934e+01
   1.0830142e+07   5.6030273e+01
   1.0831408e+07   6.3781738e+01
   1.0843749e+07   5.5541992e+01
   1.0848458e+07   5.2856445e+01
   1.0849635e+07   6.4208984e+01
   1.0866146e+07   5.9692383e+01
   1.0867872e+07   6.6894531e+01
   1.0869372e+07   5.2795410e+01
   1.0884569e+07   6.9091797e+01
   1.0895368e+07   7.6232910e+01
   1.0896399e+07   2.9968262e+01
   1.0901673e+07   5.6213379e+01
   1.0902693e+07   5.7983398e+01
   1.0903344e+07   6.2622070e+01
   1.0914235e+07   5.7434082e+01
   1.0917466e+07   6.2500000e+01
   1.0930328e+07   6.4331055e+01
   1.0947432e+07   6.0058594e+01
   1.0947750e+07   5.5908203e+01
   1.0949785e+07   6.5612793e+01
   1.0968620e+07   6.0302734e+01
   1.0995703e+07   5.8288574e+01
   1.1008785e+07   6.7749023e+01
   1.1021539e+07   6.2377930e+01
   1.1024245e+07   5.5480957e+01
   1.1024444e+07   5.9570313e+01
   1.1045802e+07   5.9387207e+01
   1.1058957e+07   6.0729980e+01
   1.1083767e+07   6.8298340e+01
   1.1085311e+07   5.6884766e+01
   1.1086824e+07   6.3293457e+01
   1.1087365e+07   5.4870605e+01
   1.1087796e+07   5.2368164e+01
   1.1108285e+07   6.0241699e+01
   1.1108633e+07   5.8898926e+01
   1.1110734e+07   6.3232422e+01
   1.1111039e+07   5.8471680e+01
   1.1142586e+07   5.7312012e+01
   1.1142831e+07   5.5908203e+01
   1.1143607e+07   5.7312012e+01
   1.1144240e+07   5.5358887e+01
   1.1145854e+07   6.7260742e+01
   1.1169480e+07   5.9082031e+01
   1.1193529e+07   6.9885254e+01
   1.1193675e+07   5.9814453e+01
   1.1193825e+07   6.1279297e+01
   1.1194292e+07   5.6884766e+01
   1.1194445e+07   5.3833008e+01
   1.1194544e+07   5.3039551e+01
   1.1194616e+07   6.0791016e+01
   1.1194691e+07   3.9367676e+01
   1.1194755e+07   4.2785645e+01
   1.1227966e+07   5.8837891e+01
   1.1228178e+07   6.0180664e+01
   1.1228845e+07   5.9204102e+01
   1.1230597e+07   5.8410645e+01
   1.1270447e+07   7.6721191e+01
   1.1273361e+07   6.0668945e+01
   1.1273590e+07   5.2978516e+01
   1.1274504e+07   5.7739258e+01
   1.1274695e+07   5.5175781e+01
   1.1275877e+07   5.3771973e+01
   1.1276592e+07   5.7678223e+01
   1.1311579e+07   6.5063477e+01
   1.1311775e+07   5.6152344e+01
   1.1312134e+07   3.5400391e+01
   1.1312947e+07   6.0302734e+01
   1.1314794e+07   4.8339844e+01
   1.1348579e+07   6.4575195e+01
   1.1349129e+07   6.8786621e+01
   1.1349535e+07   5.1330566e+01
   1.1349759e+07   4.8156738e+01
   1.1350238e+07   5.4504395e+01
   1.1350821e+07   5.1574707e+01
   1.1373888e+07   5.4504395e+01
   1.1380327e+07   5.3955078e+01
   1.1380566e+07   5.5175781e+01
   1.1380878e+07   6.0302734e+01
   1.1428138e+07   6.2561035e+01
   1.1458629e+07   6.0180664e+01
   1.1458745e+07   5.6396484e+01
   1.1458907e+07   4.7912598e+01
   1.1459794e+07   5.4321289e+01
   1.1460018e+07   5.4016113e+01
   1.1461006e+07   5.0415039e+01
   1.1461392e+07   5.0903320e+01
   1.1462030e+07   5.8837891e+01
   1.1476442e+07   7.1960449e+01
   1.1476528e+07   5.2551270e+01
   1.1476626e+07   5.3649902e+01
   1.1476805e+07   5.5358887e+01
   1.1477148e+07   4.7302246e+01
   1.1477213e+07   4.6569824e+01
   1.1477240e+07   3.0456543e+01
   1.1477255e+07   4.9926758e+01
   1.1477297e+07   3.4606934e+01
   1.1477341e+07   4.4677734e+01
   1.1477386e+07   3.7292480e+01
   1.1477499e+07   3.1372070e+01
   1.1477985e+07   5.6701660e+01
   1.1478298e+07   4.6386719e+01
   1.1478393e+07   4.2480469e+01
   1.1478513e+07   4.6142578e+01
   1.1478606e+07   5.1940918e+01
   1.1478702e+07   4.4250488e+01
   1.1478782e+07   4.6569824e+01
   1.1478869e+07   3.8513184e+01
   1.1478957e+07   4.3884277e+01
   1.1479044e+07   3.2897949e+01
   1.1479134e+07   3.9916992e+01
   1.1479227e+07   5.7739258e+01
   1.1479333e+07   3.2043457e+01
   1.1479442e+07   4.0893555e+01
   1.1479538e+07   4.0710449e+01
   1.1479663e+07   4.7058105e+01
   1.1479792e+07   4.4006348e+01
   1.1479916e+07   4.6081543e+01
   1.1480151e+07   4.7668457e+01
   1.1480294e+07   5.1391602e+01
   1.1480395e+07   4.0466309e+01
   1.1480557e+07   4.4067383e+01
   1.1480674e+07   4.9316406e+01
   1.1480812e+07   4.8461914e+01
   1.1480942e+07   4.6936035e+01
   1.1481087e+07   3.9916992e+01
   1.1481227e+07   4.0466309e+01
   1.1481406e+07   4.4372559e+01
   1.1481531e+07   4.5410156e+01
   1.1481758e+07   4.2968750e+01
   1.1481936e+07   4.8889160e+01
   1.1482219e+07   3.6437988e+01
   1.1482368e+07   4.4555664e+01
   1.1482629e+07   4.0222168e+01
   1.1483260e+07   3.9855957e+01
   1.1483442e+07   5.2795410e+01
   1.1483810e+07   5.0659180e+01
   1.1484032e+07   4.7851562e+01
   1.1484806e+07   5.0048828e+01
   1.1485092e+07   4.8645020e+01
   1.1485441e+07   5.7617188e+01
   1.1503077e+07   5.5541992e+01
   1.1512556e+07   5.4443359e+01
   1.1512706e+07   4.0771484e+01
   1.1512881e+07   5.2917480e+01
   1.1513034e+07   5.1635742e+01
   1.1513250e+07   4.8889160e+01
   1.1522959e+07   5.7006836e+01
   1.1523126e+07   5.6945801e+01
   1.1523328e+07   6.6589355e+01
   1.1523428e+07   4.9133301e+01
   1.1523537e+07   4.5471191e+01
   1.1523737e+07   4.9133301e+01
   1.1524004e+07   4.9743652e+01
   1.1552135e+07   6.5856934e+01
   1.1552339e+07   5.3649902e+01
   1.1552421e+07   5.4382324e+01
   1.1552487e+07   4.6447754e+01
   1.1552561e+07   4.8339844e+01
   1.1552628e+07   4.3701172e+01
   1.1552703e+07   4.5593262e+01
   1.1552808e+07   5.0659180e+01
   1.1553141e+07   5.1574707e+01
   1.1581042e+07   5.1208496e+01
   1.1581146e+07   6.7199707e+01
   1.1581213e+07   6.4758301e+01
   1.1581289e+07   5.4382324e+01
   1.1581364e+07   5.2795410e+01
   1.1581459e+07   4.2907715e+01
   1.1581545e+07   5.0964355e+01
   1.1581786e+07   4.3395996e+01
   1.1773489e+07   5.7556152e+01
   1.1851091e+07   5.1452637e+01
   1.1912899e+07   7.5866699e+01
   1.1912909e+07   3.9611816e+01
   1.1912947e+07   5.4748535e+01
   1.1912972e+07   3.0151367e+01
   1.1912986e+07   4.8889160e+01
   1.1913021e+07   3.6010742e+01
   1.1913031e+07   3.1494141e+01
   1.1913101e+07   3.8085938e+01
   1.1913148e+07   3.4667969e+01
   1.1913209e+07   3.6376953e+01
   1.1913960e+07   5.2612305e+01
   1.1914072e+07   5.4138184e+01
   1.1914185e+07   5.5358887e+01
   1.1914275e+07   4.9133301e+01
   1.1914362e+07   4.8522949e+01
   1.1914448e+07   4.7485352e+01
   1.1914537e+07   5.1147461e+01
   1.1914614e+07   3.8635254e+01
   1.1914688e+07   4.0283203e+01
   1.1914762e+07   4.0771484e+01
   1.1914854e+07   3.8146973e+01
   1.1914951e+07   4.7729492e+01
   1.1915044e+07   4.0222168e+01
   1.1915133e+07   4.4677734e+01
   1.1915228e+07   4.0100098e+01
   1.1915326e+07   5.2490234e+01
   1.1915419e+07   3.6987305e+01
   1.1915524e+07   5.2917480e+01
   1.1915649e+07   4.7668457e+01
   1.1915764e+07   4.0039062e+01
   1.1915880e+07   5.1513672e+01
   1.1916009e+07   4.5837402e+01
   1.1916156e+07   4.4067383e+01
   1.1916385e+07   4.8095703e+01
   1.1916507e+07   3.9428711e+01
   1.1916629e+07   4.7851562e+01
   1.1916777e+07   4.5776367e+01
   1.1916896e+07   4.6447754e+01
   1.1917027e+07   4.4311523e+01
   1.1917149e+07   3.6010742e+01
   1.1917322e+07   5.2856445e+01
   1.1917539e+07   4.4189453e+01
   1.1917757e+07   3.9367676e+01
   1.1917916e+07   4.3884277e+01
   1.1918106e+07   5.3710938e+01
   1.1918723e+07   3.8940430e+01
   1.1918902e+07   5.3100586e+01
   1.1919455e+07   4.6142578e+01
   1.1919683e+07   4.5776367e+01
   1.1919921e+07   5.1330566e+01
   1.1920207e+07   4.8339844e+01
   1.1920426e+07   5.0659180e+01
   1.1921004e+07   4.8217773e+01
   1.1921229e+07   5.0537109e+01
   1.1922071e+07   4.2846680e+01
   1.1922960e+07   5.3222656e+01
   1.1937682e+07   5.3649902e+01
   1.1938026e+07   5.2856445e+01
   1.1938302e+07   5.6152344e+01
   1.1938457e+07   4.9926758e+01
   1.1980450e+07   5.5541992e+01
   1.1980516e+07   3.5949707e+01
   1.1980551e+07   6.5979004e+01
   1.1980598e+07   4.3823242e+01
   1.1980652e+07   3.4606934e+01
   1.1980696e+07   3.8635254e+01
   1.1980738e+07   3.2104492e+01
   1.1980783e+07   3.9489746e+01
   1.1980828e+07   3.6132812e+01
   1.1980875e+07   3.1311035e+01
   1.1981007e+07   3.2226562e+01
   1.1981546e+07   5.4687500e+01
   1.1981699e+07   4.8950195e+01
   1.1981839e+07   6.3049316e+01
   1.1981939e+07   3.9428711e+01
   1.1982063e+07   4.9560547e+01
   1.1982202e+07   4.8461914e+01
   1.1982315e+07   4.8034668e+01
   1.1982421e+07   4.5837402e+01
   1.1982555e+07   4.1015625e+01
   1.1982694e+07   4.8400879e+01
   1.1982817e+07   5.5847168e+01
   1.1982932e+07   3.8085938e+01
   1.1983033e+07   3.9611816e+01
   1.1983179e+07   4.2907715e+01
   1.1983302e+07   4.4311523e+01
   1.1983597e+07   4.0405273e+01
   1.1983746e+07   4.3334961e+01
   1.1983929e+07   4.4372559e+01
   1.1984164e+07   4.9255371e+01
   1.1984319e+07   5.1757812e+01
   1.1984510e+07   4.5776367e+01
   1.1984929e+07   4.3395996e+01
   1.1985079e+07   5.4565430e+01
   1.1985382e+07   4.7668457e+01
