   1.1999000e+07   0.0000000e+00
   4.0939500e+05   3.7109375e+01
   4.0951800e+05   4.1748047e+01
   4.0969000e+05   4.0222168e+01
   4.9133600e+05   4.6630859e+01
   4.9143200e+05   3.9672852e+01
   4.9180900e+05   3.6132812e+01
   5.0969100e+05   3.8269043e+01
   5.0980400e+05   3.9855957e+01
   5.1001000e+05   3.6193848e+01
   5.1005400e+05   3.9001465e+01
   5.1038500e+05   4.4433594e+01
   5.1044500e+05   3.6499023e+01
   5.2240400e+05   3.9794922e+01
   5.2269900e+05   3.6621094e+01
   5.2320700e+05   4.0954590e+01
   5.2331000e+05   3.6254883e+01
   5.3632700e+05   3.6254883e+01
   5.3872000e+05   3.7231445e+01
   5.8122700e+05   3.6132813e+01
   5.8144200e+05   3.8757324e+01
   5.8147200e+05   4.0283203e+01
   6.0365600e+05   3.6560059e+01
   6.0405100e+05   3.8513184e+01
   6.2104200e+05   3.7963867e+01
   6.4939800e+05   3.8085938e+01
   6.4985300e+05   3.7475586e+01
   6.8353500e+05   3.6621094e+01
   7.1692100e+05   3.7780762e+01
   8.1546400e+05   3.9794922e+01
   8.6540000e+05   3.8696289e+01
   9.6188700e+05   4.2297363e+01
   9.6302400e+05   3.8024902e+01
   1.0115890e+06   3.6621094e+01
   1.0124260e+06   4.1381836e+01
   1.0504740e+06   3.7292480e+01
   1.0506090e+06   3.8513184e+01
   1.0935730e+06   4.5288086e+01
   1.1183720e+06   3.7963867e+01
   1.1327320e+06   3.6132812e+01
   1.1666010e+06   3.7475586e+01
   1.1668820e+06   3.8513184e+01
   1.1956490e+06   3.6682129e+01
   1.1957810e+06   4.1992188e+01
   1.1960440e+06   3.9794922e+01
   1.1964190e+06   3.9001465e+01
   1.3254670e+06   3.6926270e+01
   1.3258310e+06   4.1503906e+01
   1.3259280e+06   4.1015625e+01
   1.3265670e+06   3.9550781e+01
   1.3515270e+06   3.8269043e+01
   1.3515950e+06   3.9123535e+01
   1.3521590e+06   3.8452148e+01
   1.4794460e+06   3.6743164e+01
   1.9716430e+06   3.9733887e+01
   1.9721390e+06   3.6376953e+01
   2.0283410e+06   4.0466309e+01
   2.0284320e+06   4.0222168e+01
   2.0286650e+06   4.4128418e+01
   2.0289860e+06   3.8452148e+01
   2.0430120e+06   3.8208008e+01
   2.0435050e+06   3.6682129e+01
   2.0569990e+06   3.7963867e+01
   2.0696860e+06   3.7170410e+01
   2.0894590e+06   4.1748047e+01
   2.1037730e+06   3.8330078e+01
   2.1042940e+06   4.3640137e+01
   2.1047970e+06   3.7597656e+01
   2.1243140e+06   3.6621094e+01
   2.1251620e+06   3.7231445e+01
   2.2621710e+06   3.9184570e+01
   2.3251170e+06   4.1992188e+01
   2.3637650e+06   3.9794922e+01
   2.4213190e+06   3.6926270e+01
   2.5361610e+06   3.8085938e+01
   2.5380100e+06   3.6926270e+01
   2.5381540e+06   3.8757324e+01
   2.6762420e+06   3.6437988e+01
   2.6969550e+06   4.2846680e+01
   2.6970250e+06   3.7902832e+01
   2.7906540e+06   3.9001465e+01
   2.7915150e+06   3.7658691e+01
   2.8503020e+06   4.0283203e+01
   2.8506250e+06   3.7658691e+01
   2.8507210e+06   3.7292480e+01
   2.8511540e+06   3.8513184e+01
   2.8514950e+06   3.9367676e+01
   2.8955240e+06   3.9550781e+01
   2.8958940e+06   3.6804199e+01
   2.9290340e+06   4.2419434e+01
   2.9294680e+06   3.7170410e+01
   3.0366210e+06   3.8269043e+01
   3.0366900e+06   3.6437988e+01
   3.1152260e+06   3.6193848e+01
   3.1669900e+06   4.3945312e+01
   3.1673190e+06   3.8024902e+01
   3.1675810e+06   3.7170410e+01
   3.2250860e+06   4.2419434e+01
   3.2831580e+06   3.9733887e+01
   3.2839270e+06   3.8391113e+01
   3.3386330e+06   3.7475586e+01
   3.3388730e+06   3.6499023e+01
   3.3389580e+06   3.6865234e+01
   3.3392680e+06   4.5227051e+01
   3.3401730e+06   3.6499023e+01
   3.4128750e+06   3.8940430e+01
   3.4130850e+06   3.6254883e+01
   3.4131830e+06   3.6132812e+01
   3.4133870e+06   4.3151855e+01
   3.4136580e+06   3.7902832e+01
   3.4137510e+06   3.7170410e+01
   3.4139130e+06   3.6499023e+01
   3.4140370e+06   3.6804199e+01
   3.4144280e+06   3.7292480e+01
   3.4393530e+06   3.6132812e+01
   3.4695670e+06   3.9794922e+01
   3.4700930e+06   4.3029785e+01
   3.8657640e+06   3.7658691e+01
   3.8658170e+06   3.9428711e+01
   3.9137500e+06   3.6437988e+01
   3.9144520e+06   3.9489746e+01
   3.9159810e+06   3.6315918e+01
   3.9328110e+06   3.8452148e+01
   3.9329530e+06   3.7902832e+01
   3.9334770e+06   4.6325684e+01
   3.9339470e+06   3.7475586e+01
   3.9345370e+06   3.6376953e+01
   3.9489950e+06   4.0100098e+01
   3.9492590e+06   4.8278809e+01
   3.9493120e+06   4.2114258e+01
   3.9496970e+06   3.9550781e+01
   3.9512240e+06   3.6804199e+01
   3.9701580e+06   3.6926270e+01
   3.9706690e+06   3.6132812e+01
   3.9708300e+06   3.6376953e+01
   3.9711280e+06   3.7353516e+01
   4.0020230e+06   3.8574219e+01
   4.0025560e+06   3.6865234e+01
   4.0026750e+06   3.8391113e+01
   4.0032790e+06   3.6926270e+01
   4.0432380e+06   3.7719727e+01
   4.0443220e+06   3.7963867e+01
   4.0776800e+06   3.7231445e+01
   4.1483690e+06   3.8085938e+01
   4.3858180e+06   3.7780762e+01
   4.3859290e+06   3.8146973e+01
   4.3867170e+06   3.8146973e+01
   4.4515780e+06   3.8452148e+01
   4.4526930e+06   3.7780762e+01
   4.4551390e+06   3.6804199e+01
   4.4552600e+06   4.2602539e+01
   4.4555230e+06   4.3334961e+01
   4.4556680e+06   4.0527344e+01
   4.7873790e+06   3.6315918e+01
   4.7875750e+06   3.6560059e+01
   4.8288940e+06   3.8574219e+01
   4.9269680e+06   4.0100098e+01
   4.9275050e+06   3.6926270e+01
   4.9839160e+06   3.6682129e+01
   5.1404490e+06   3.9123535e+01
   5.2019680e+06   3.9855957e+01
   5.2032020e+06   3.7170410e+01
   5.3214930e+06   4.0161133e+01
   5.3217560e+06   4.1198730e+01
   5.3757500e+06   3.8269043e+01
   5.3759860e+06   3.7414551e+01
   5.4140520e+06   3.9062500e+01
   5.4140620e+06   3.6560059e+01
   5.4516940e+06   3.6926270e+01
   5.4519520e+06   4.1992188e+01
   5.4520400e+06   3.6315918e+01
   5.4521830e+06   3.9428711e+01
   5.4602160e+06   3.7475586e+01
   5.7059090e+06   3.6865234e+01
   5.7065770e+06   3.7963867e+01
   5.8190640e+06   3.7841797e+01
   6.0763070e+06   3.6682129e+01
   6.0764130e+06   3.8818359e+01
   6.1477440e+06   3.8513184e+01
   6.2296400e+06   4.0161133e+01
   6.2308570e+06   3.6132812e+01
   6.2314390e+06   3.6743164e+01
   6.6992660e+06   3.7048340e+01
   6.8492700e+06   3.7048340e+01
   6.8493700e+06   3.7170410e+01
   6.8494380e+06   4.0100098e+01
   6.8731280e+06   3.7475586e+01
   6.8736000e+06   3.9245605e+01
   6.8739250e+06   3.6987305e+01
   6.8744100e+06   3.9978027e+01
   6.9005940e+06   4.5776367e+01
   6.9019190e+06   3.7963867e+01
   7.3022520e+06   3.6193848e+01
   7.3024330e+06   3.9794922e+01
   7.4346270e+06   4.2358398e+01
   7.9274250e+06   3.6376953e+01
   7.9276380e+06   4.2541504e+01
   7.9287940e+06   3.6254883e+01
   8.1905300e+06   3.7963867e+01
   8.1908590e+06   4.0405273e+01
   8.1909080e+06   3.8513184e+01
   8.1910650e+06   3.7841797e+01
   8.3807670e+06   3.7170410e+01
   8.3808660e+06   3.9306641e+01
   8.5565210e+06   3.8085938e+01
   8.9450650e+06   4.0039062e+01
   9.7157250e+06   4.4616699e+01
