   1.1999000e+07   0.0000000e+00
   4.0935200e+05   3.1799316e+01
   4.0940800e+05   3.5949707e+01
   4.0944200e+05   3.0029297e+01
   4.0948000e+05   3.1372070e+01
   4.0951300e+05   3.4973145e+01
   4.0952400e+05   3.1433105e+01
   4.0957100e+05   3.2714844e+01
   4.0965100e+05   3.1005859e+01
   4.0967300e+05   3.3447266e+01
   4.1106600e+05   3.0883789e+01
   4.9135400e+05   3.1677246e+01
   4.9142900e+05   3.1860352e+01
   4.9152500e+05   3.1066895e+01
   4.9154700e+05   3.7963867e+01
   4.9164000e+05   3.3996582e+01
   4.9172300e+05   3.1677246e+01
   4.9178400e+05   3.1433105e+01
   4.9183200e+05   3.6315918e+01
   4.9186000e+05   3.3020020e+01
   4.9189000e+05   3.4057617e+01
   4.9190000e+05   3.2714844e+01
   4.9202500e+05   3.1738281e+01
   4.9226000e+05   3.3569336e+01
   4.9230600e+05   3.6437988e+01
   5.0987500e+05   3.6132812e+01
   5.0992200e+05   3.4667969e+01
   5.1005400e+05   3.5034180e+01
   5.1010900e+05   3.1433105e+01
   5.1015100e+05   4.5288086e+01
   5.1027800e+05   3.4606934e+01
   5.1030700e+05   3.5034180e+01
   5.1036500e+05   3.6499023e+01
   5.1039600e+05   3.1555176e+01
   5.1044700e+05   3.5217285e+01
   5.1051200e+05   3.0822754e+01
   5.1055600e+05   3.8146973e+01
   5.1143000e+05   3.0700684e+01
   5.1147300e+05   3.2470703e+01
   5.1174400e+05   3.0883789e+01
   5.2266000e+05   3.6499023e+01
   5.2271600e+05   3.2775879e+01
   5.2278800e+05   3.2592773e+01
   5.2280200e+05   3.0273438e+01
   5.2285700e+05   3.0090332e+01
   5.2289200e+05   4.3945312e+01
   5.2303000e+05   3.1066895e+01
   5.2308500e+05   3.0456543e+01
   5.2334800e+05   4.0832520e+01
   5.2338600e+05   3.2775879e+01
   5.2350500e+05   3.1982422e+01
   5.2369000e+05   3.0517578e+01
   5.2392500e+05   3.1250000e+01
   5.2396100e+05   3.0029297e+01
   5.2407900e+05   3.3203125e+01
   5.3814000e+05   3.5522461e+01
   5.3819600e+05   3.7536621e+01
   5.3830300e+05   3.2287598e+01
   5.3839800e+05   3.0700684e+01
   5.3841500e+05   3.1066895e+01
   5.3848000e+05   3.7353516e+01
   5.3851800e+05   3.1250000e+01
   5.3856700e+05   3.0944824e+01
   5.3859100e+05   3.6315918e+01
   5.3860800e+05   4.1503906e+01
   5.3866800e+05   3.0151367e+01
   5.3875700e+05   3.5949707e+01
   5.3889200e+05   3.0090332e+01
   5.3895900e+05   3.2836914e+01
   5.3900200e+05   3.2226562e+01
   5.3911200e+05   3.1860352e+01
   5.3915500e+05   3.9855957e+01
   5.3916700e+05   3.7536621e+01
   5.5841500e+05   3.3508301e+01
   5.5860600e+05   3.0944824e+01
   5.5864600e+05   3.2775879e+01
   5.5892200e+05   3.0273438e+01
   5.5897700e+05   3.5949707e+01
   5.5927900e+05   3.8208008e+01
   5.5947600e+05   3.1799316e+01
   5.5964700e+05   3.1738281e+01
   5.8084200e+05   3.4973145e+01
   5.8089300e+05   3.3569336e+01
   5.8102100e+05   3.6193848e+01
   5.8111100e+05   3.7963867e+01
   5.8132100e+05   3.1372070e+01
   5.8134300e+05   3.0578613e+01
   5.8153000e+05   3.3081055e+01
   5.8161600e+05   3.3996582e+01
   5.8164200e+05   3.1311035e+01
   5.8188900e+05   5.0048828e+01
   6.0355600e+05   3.0822754e+01
   6.0361600e+05   3.6743164e+01
   6.0373600e+05   3.1677246e+01
   6.0377400e+05   3.1311035e+01
   6.0382300e+05   3.0151367e+01
   6.0388500e+05   4.2602539e+01
   6.0389500e+05   3.3447266e+01
   6.0396000e+05   4.1442871e+01
   6.0397200e+05   3.5217285e+01
   6.0414700e+05   3.8574219e+01
   6.0418200e+05   3.3874512e+01
   6.0419200e+05   3.8024902e+01
   6.0431700e+05   4.1198730e+01
   6.0433000e+05   3.1677246e+01
   6.0461000e+05   3.5034180e+01
   6.0464200e+05   3.1799316e+01
   6.0522100e+05   3.0334473e+01
   6.2067800e+05   3.6987305e+01
   6.2074900e+05   3.0883789e+01
   6.2079800e+05   3.1005859e+01
   6.2090800e+05   3.2409668e+01
   6.2093100e+05   4.1137695e+01
   6.2098200e+05   3.2897949e+01
   6.2099200e+05   3.1127930e+01
   6.2110300e+05   4.4128418e+01
   6.2138200e+05   3.9550781e+01
   6.2164900e+05   3.2165527e+01
   6.2182600e+05   3.7475586e+01
   6.4949800e+05   3.2714844e+01
   6.4953900e+05   3.0944824e+01
   6.4969800e+05   3.4545898e+01
   6.4975200e+05   3.3569336e+01
   6.4990000e+05   3.8818359e+01
   6.4995800e+05   3.3325195e+01
   6.4998800e+05   3.7719727e+01
   6.5003700e+05   3.0090332e+01
   6.5020700e+05   3.2653809e+01
   6.5023000e+05   3.0395508e+01
   6.5041800e+05   3.2653809e+01
   6.5051300e+05   3.8024902e+01
   6.5066200e+05   3.2714844e+01
   6.5077700e+05   3.0029297e+01
   6.8345100e+05   3.0944824e+01
   6.8350200e+05   3.0822754e+01
   6.8355300e+05   3.8696289e+01
   6.8358200e+05   3.0883789e+01
   6.8362200e+05   3.0090332e+01
   6.8368000e+05   3.1311035e+01
   6.8372100e+05   4.8217773e+01
   6.8376200e+05   3.8818359e+01
   6.8389800e+05   3.3142090e+01
   6.8394400e+05   3.8940430e+01
   6.8398300e+05   3.4484863e+01
   6.8424200e+05   3.1860352e+01
   6.8431000e+05   3.0761719e+01
   6.8437300e+05   3.1738281e+01
   6.8446000e+05   3.7414551e+01
   7.1713400e+05   3.6621094e+01
   7.1715400e+05   3.0700684e+01
   7.1723800e+05   3.2287598e+01
   7.1733800e+05   3.6926270e+01
   7.1738700e+05   3.4667969e+01
   7.1741800e+05   3.4301758e+01
   7.1745300e+05   3.1188965e+01
   7.1759600e+05   3.0395508e+01
   7.1764800e+05   3.0944824e+01
   7.1772200e+05   3.1188965e+01
   7.1777900e+05   3.4362793e+01
   7.1781400e+05   3.2348633e+01
   7.1792900e+05   3.0395508e+01
   7.1799400e+05   3.2226562e+01
   7.1845100e+05   3.0700684e+01
   7.1852400e+05   3.0578613e+01
   8.1504900e+05   3.8513184e+01
   8.1514200e+05   3.0212402e+01
   8.1525000e+05   3.4118652e+01
   8.1529800e+05   3.9367676e+01
   8.1539300e+05   3.7109375e+01
   8.1544500e+05   3.0578613e+01
   8.1547100e+05   3.0395508e+01
   8.1562800e+05   3.4423828e+01
   8.1567000e+05   3.0700684e+01
   8.1582400e+05   3.0090332e+01
   8.1594100e+05   3.0395508e+01
   8.1602400e+05   4.2236328e+01
   8.6489600e+05   3.0517578e+01
   8.6504200e+05   3.1799316e+01
   8.6507300e+05   3.3325195e+01
   8.6527600e+05   4.4311523e+01
   8.6546800e+05   3.0761719e+01
   8.6556900e+05   3.1250000e+01
   8.6567900e+05   3.3203125e+01
   8.6596300e+05   3.2714844e+01
   9.2289100e+05   3.0700684e+01
   9.2301400e+05   3.2775879e+01
   9.2315700e+05   3.2531738e+01
   9.2324900e+05   4.4311523e+01
   9.2333300e+05   3.2470703e+01
   9.2340200e+05   3.1494141e+01
   9.2349000e+05   3.6743164e+01
   9.2351300e+05   3.1433105e+01
   9.2356800e+05   3.0578613e+01
   9.2365700e+05   3.4057617e+01
   9.2385300e+05   3.0273438e+01
   9.6204500e+05   3.3569336e+01
   9.6234500e+05   3.2531738e+01
   9.6256500e+05   3.2226562e+01
   9.6267500e+05   4.1381836e+01
   9.6280800e+05   3.3630371e+01
   9.6306200e+05   3.6743164e+01
   9.6314300e+05   3.3264160e+01
   9.6327400e+05   3.0212402e+01
   9.6347400e+05   3.3447266e+01
   9.6380600e+05   3.3203125e+01
   9.6390800e+05   3.0029297e+01
   1.0120350e+06   3.2775879e+01
   1.0120850e+06   3.1005859e+01
   1.0123620e+06   3.0029297e+01
   1.0124040e+06   3.6499023e+01
   1.0124830e+06   3.6621094e+01
   1.0127160e+06   3.6010742e+01
   1.0127350e+06   3.0029297e+01
   1.0130050e+06   3.1738281e+01
   1.0509070e+06   3.3142090e+01
   1.0510320e+06   3.0090332e+01
   1.0510820e+06   3.0273438e+01
   1.0511230e+06   3.3691406e+01
   1.0512310e+06   3.0639648e+01
   1.0512870e+06   3.6193848e+01
   1.0513050e+06   3.0822754e+01
   1.0514890e+06   3.8940430e+01
   1.0515060e+06   3.1982422e+01
   1.0934600e+06   3.0273438e+01
   1.0935730e+06   3.3874512e+01
   1.0936650e+06   3.5766602e+01
   1.0937280e+06   3.1494141e+01
   1.0937380e+06   3.1860352e+01
   1.0937740e+06   3.3325195e+01
   1.0939960e+06   3.4851074e+01
   1.0940220e+06   3.0029297e+01
   1.0940630e+06   3.1188965e+01
   1.0941830e+06   4.6020508e+01
   1.0944580e+06   3.3752441e+01
   1.0945230e+06   3.4851074e+01
   1.1323990e+06   3.0517578e+01
   1.1326590e+06   3.2043457e+01
   1.1327160e+06   3.0273438e+01
   1.1328580e+06   3.2287598e+01
   1.1329540e+06   3.4790039e+01
   1.1330780e+06   3.0944824e+01
   1.1331530e+06   3.1921387e+01
   1.1334210e+06   3.1921387e+01
   1.1670800e+06   3.1372070e+01
   1.1672040e+06   3.2470703e+01
   1.1672800e+06   3.2348633e+01
   1.1672970e+06   3.7048340e+01
   1.1675180e+06   4.6203613e+01
   1.1675900e+06   3.1127930e+01
   1.1959030e+06   3.7658691e+01
   1.1959470e+06   4.8156738e+01
   1.1962830e+06   3.9794922e+01
   1.1963020e+06   3.5278320e+01
   1.1967970e+06   3.3874512e+01
   1.3256330e+06   3.1372070e+01
   1.3257400e+06   3.5705566e+01
   1.3257980e+06   3.0090332e+01
   1.3258130e+06   3.0029297e+01
   1.3259050e+06   3.8452148e+01
   1.3259270e+06   3.0395508e+01
   1.3260310e+06   3.1066895e+01
   1.3260880e+06   3.3203125e+01
   1.3261680e+06   3.1005859e+01
   1.3262150e+06   4.7119141e+01
   1.3263660e+06   3.4057617e+01
   1.3264580e+06   3.1250000e+01
   1.3264700e+06   3.8024902e+01
   1.3267640e+06   3.0822754e+01
   1.3268070e+06   3.4484863e+01
   1.3515110e+06   3.0151367e+01
   1.3515950e+06   3.6193848e+01
   1.3516060e+06   3.2043457e+01
   1.3516500e+06   3.1616211e+01
   1.3517300e+06   4.2602539e+01
   1.3517910e+06   4.7668457e+01
   1.3518130e+06   3.1188965e+01
   1.3518870e+06   3.9672852e+01
   1.3519430e+06   3.5583496e+01
   1.3520240e+06   4.6142578e+01
   1.3520440e+06   3.4851074e+01
   1.3522820e+06   3.2104492e+01
   1.3525060e+06   3.3752441e+01
   1.3525710e+06   3.0944824e+01
   1.3528430e+06   3.0761719e+01
   1.4068680e+06   3.3020020e+01
   1.4068890e+06   3.7109375e+01
   1.4069420e+06   3.0029297e+01
   1.4070220e+06   3.8696289e+01
   1.4070970e+06   3.3935547e+01
   1.4071140e+06   3.0212402e+01
   1.4071580e+06   3.7475586e+01
   1.4072770e+06   3.0456543e+01
   1.4073820e+06   3.4545898e+01
   1.4075590e+06   3.6865234e+01
   1.4075920e+06   3.5827637e+01
   1.4076350e+06   3.1738281e+01
   1.4078800e+06   4.3273926e+01
   1.4088360e+06   3.5034180e+01
   1.4794280e+06   3.3447266e+01
   1.4794410e+06   3.8024902e+01
   1.4794870e+06   3.4545898e+01
   1.4795600e+06   4.1259766e+01
   1.4795730e+06   3.7292480e+01
   1.4796530e+06   3.9062500e+01
   1.4797180e+06   3.8391113e+01
   1.4797290e+06   4.0771484e+01
   1.4798170e+06   3.8269043e+01
   1.4798290e+06   3.6254883e+01
   1.4798740e+06   3.5400391e+01
   1.4799460e+06   3.1555176e+01
   1.4799970e+06   3.4057617e+01
   1.4800180e+06   3.7170410e+01
   1.4801080e+06   4.3762207e+01
   1.4802860e+06   3.3935547e+01
   1.4803810e+06   3.6437988e+01
   1.4805030e+06   3.3813477e+01
   1.4810470e+06   3.1433105e+01
   1.9713990e+06   3.0517578e+01
   1.9714530e+06   3.2714844e+01
   1.9715010e+06   3.4606934e+01
   1.9715710e+06   5.7189941e+01
   1.9715990e+06   3.9245605e+01
   1.9716440e+06   3.8391113e+01
   1.9716860e+06   4.8400879e+01
   1.9717440e+06   4.7180176e+01
   1.9717820e+06   3.0090332e+01
   1.9730010e+06   3.3691406e+01
   1.9730970e+06   3.6499023e+01
   1.9731600e+06   3.4240723e+01
   1.9731920e+06   4.8156738e+01
   1.9732310e+06   3.0334473e+01
   2.0286020e+06   3.0273438e+01
   2.0287220e+06   4.8278809e+01
   2.0287580e+06   3.6254883e+01
   2.0287680e+06   4.3334961e+01
   2.0288140e+06   3.8818359e+01
   2.0288370e+06   4.5410156e+01
   2.0288490e+06   3.0090332e+01
   2.0288640e+06   3.2043457e+01
   2.0289060e+06   3.0944824e+01
   2.0289660e+06   3.0090332e+01
   2.0290010e+06   3.0334473e+01
   2.0290530e+06   3.9978027e+01
   2.0291330e+06   3.5156250e+01
   2.0300080e+06   3.2348633e+01
   2.0301300e+06   3.0395508e+01
   2.0301600e+06   3.4667969e+01
   2.0427000e+06   3.1738281e+01
   2.0427860e+06   3.0273438e+01
   2.0428320e+06   3.5278320e+01
   2.0429210e+06   3.0517578e+01
   2.0429850e+06   3.4179688e+01
   2.0429950e+06   4.6875000e+01
   2.0430270e+06   4.1442871e+01
   2.0430940e+06   3.3935547e+01
   2.0432250e+06   3.1555176e+01
   2.0432380e+06   3.4606934e+01
   2.0432910e+06   3.3996582e+01
   2.0433260e+06   3.7353516e+01
   2.0433360e+06   3.6193848e+01
   2.0434420e+06   3.1311035e+01
   2.0439880e+06   3.0456543e+01
   2.0447180e+06   3.0700684e+01
   2.0447600e+06   3.0822754e+01
   2.0563810e+06   3.0090332e+01
   2.0563980e+06   3.7963867e+01
   2.0565300e+06   3.4851074e+01
   2.0565890e+06   4.1381836e+01
   2.0566290e+06   3.0273438e+01
   2.0566960e+06   3.8085938e+01
   2.0567290e+06   3.0700684e+01
   2.0567800e+06   4.0893555e+01
   2.0568130e+06   2.9968262e+01
   2.0568550e+06   3.0151367e+01
   2.0569420e+06   4.4372559e+01
   2.0569780e+06   3.0822754e+01
   2.0570560e+06   3.1433105e+01
   2.0570780e+06   3.1921387e+01
   2.0571360e+06   3.5278320e+01
   2.0572270e+06   3.0029297e+01
   2.0582950e+06   3.0822754e+01
   2.0693720e+06   3.1921387e+01
   2.0694740e+06   3.0212402e+01
   2.0695890e+06   3.6682129e+01
   2.0696670e+06   3.1066895e+01
   2.0696880e+06   3.5339355e+01
   2.0697360e+06   3.0639648e+01
   2.0698360e+06   3.7109375e+01
   2.0698590e+06   3.0822754e+01
   2.0699580e+06   3.8635254e+01
   2.0700310e+06   4.0039062e+01
   2.0701550e+06   3.4973145e+01
   2.0701670e+06   3.0456543e+01
   2.0702550e+06   3.1188965e+01
   2.0703010e+06   3.0517578e+01
   2.0709680e+06   3.0639648e+01
   2.0710470e+06   3.2226562e+01
   2.0715150e+06   3.1005859e+01
   2.0893250e+06   3.1188965e+01
   2.0893650e+06   3.3935547e+01
   2.0893870e+06   4.1564941e+01
   2.0894420e+06   3.2775879e+01
   2.0895660e+06   3.5827637e+01
   2.0895870e+06   3.6254883e+01
   2.0896680e+06   3.7231445e+01
   2.0896900e+06   4.9133301e+01
   2.0897100e+06   3.1127930e+01
   2.0897560e+06   3.5705566e+01
   2.0898620e+06   3.0395508e+01
   2.0899650e+06   3.4851074e+01
   2.0900180e+06   3.0578613e+01
   2.0901600e+06   3.5766602e+01
   2.0906600e+06   3.0273438e+01
   2.0912390e+06   3.3569336e+01
   2.1032490e+06   3.2592773e+01
   2.1034520e+06   3.1799316e+01
   2.1035490e+06   3.2226562e+01
   2.1038130e+06   3.9428711e+01
   2.1038500e+06   3.5278320e+01
   2.1038750e+06   3.0517578e+01
   2.1040000e+06   3.4301758e+01
   2.1040380e+06   4.1809082e+01
   2.1040480e+06   3.3813477e+01
   2.1041850e+06   3.4179688e+01
   2.1042190e+06   3.6682129e+01
   2.1044080e+06   3.1616211e+01
   2.1046630e+06   3.5766602e+01
   2.1249080e+06   3.5339355e+01
   2.1249490e+06   3.4484863e+01
   2.1249690e+06   3.8574219e+01
   2.1250260e+06   3.2470703e+01
   2.1250390e+06   3.2592773e+01
   2.1250940e+06   3.0578613e+01
   2.1251150e+06   3.0578613e+01
   2.1251700e+06   3.4423828e+01
   2.1251880e+06   3.8757324e+01
   2.1252680e+06   3.5949707e+01
   2.1253350e+06   3.3020020e+01
   2.1254670e+06   3.1250000e+01
   2.1255140e+06   3.5034180e+01
   2.1255940e+06   3.3020020e+01
   2.1258610e+06   3.1066895e+01
   2.1261150e+06   3.4057617e+01
   2.1263860e+06   3.0700684e+01
   2.1410030e+06   3.2043457e+01
   2.1410280e+06   3.4057617e+01
   2.1411480e+06   3.1066895e+01
   2.1412230e+06   3.2165527e+01
   2.1412520e+06   3.1738281e+01
   2.1412700e+06   3.4301758e+01
   2.1415230e+06   3.4606934e+01
   2.1415410e+06   3.3020020e+01
   2.1418310e+06   3.0883789e+01
   2.1419190e+06   3.0700684e+01
   2.1608840e+06   3.5400391e+01
   2.1610530e+06   3.1127930e+01
   2.1611980e+06   3.2958984e+01
   2.1612210e+06   3.4301758e+01
   2.1612540e+06   3.4606934e+01
   2.1613270e+06   3.0883789e+01
   2.1613690e+06   3.4057617e+01
   2.1614410e+06   3.3569336e+01
   2.1615590e+06   3.9916992e+01
   2.1616190e+06   3.2653809e+01
   2.1616900e+06   3.4423828e+01
   2.1617820e+06   3.0761719e+01
   2.1618190e+06   3.0578613e+01
   2.1618810e+06   3.0212402e+01
   2.1619090e+06   3.1982422e+01
   2.1620120e+06   3.0883789e+01
   2.1623360e+06   3.1372070e+01
   2.1623560e+06   3.6926270e+01
   2.1819950e+06   3.1921387e+01
   2.1821090e+06   4.0710449e+01
   2.1821250e+06   3.7170410e+01
   2.1821570e+06   3.1982422e+01
   2.1822350e+06   3.5888672e+01
   2.1823200e+06   4.4555664e+01
   2.1828770e+06   3.3264160e+01
   2.1829360e+06   3.0700684e+01
   2.1834910e+06   4.0283203e+01
   2.2061960e+06   3.1494141e+01
   2.2062650e+06   3.2287598e+01
   2.2063340e+06   3.4118652e+01
   2.2064170e+06   3.4667969e+01
   2.2064370e+06   3.7414551e+01
   2.2065150e+06   3.1372070e+01
   2.2065890e+06   3.0456543e+01
   2.2067120e+06   3.1555176e+01
   2.2067510e+06   3.6254883e+01
   2.2068280e+06   3.1311035e+01
   2.2068940e+06   3.2897949e+01
   2.2070270e+06   3.3630371e+01
   2.2071380e+06   3.5034180e+01
   2.2071940e+06   4.2785645e+01
   2.2279400e+06   3.1372070e+01
   2.2279550e+06   3.6804199e+01
   2.2280260e+06   3.7475586e+01
   2.2280650e+06   3.2043457e+01
   2.2281220e+06   3.6071777e+01
   2.2281590e+06   3.0395508e+01
   2.2285990e+06   3.0090332e+01
   2.2286520e+06   3.9062500e+01
   2.2287820e+06   3.3447266e+01
   2.2288080e+06   3.3386230e+01
   2.2288600e+06   3.0395508e+01
   2.2288900e+06   3.1860352e+01
   2.2290900e+06   3.4301758e+01
   2.2293890e+06   3.1127930e+01
   2.2295610e+06   3.2409668e+01
   2.2620830e+06   3.2531738e+01
   2.2622190e+06   3.1860352e+01
   2.2622840e+06   3.2226562e+01
   2.2624040e+06   3.4790039e+01
   2.2624380e+06   3.2287598e+01
   2.2624530e+06   4.4189453e+01
   2.2625010e+06   3.3630371e+01
   2.2625530e+06   3.5888672e+01
   2.2625990e+06   3.1250000e+01
   2.2626510e+06   3.8208008e+01
   2.2627660e+06   3.5095215e+01
   2.2628280e+06   3.9855957e+01
   2.2629100e+06   3.7109375e+01
   2.2630290e+06   3.4179688e+01
   2.2882260e+06   3.3630371e+01
   2.2882980e+06   3.3935547e+01
   2.2887560e+06   3.2226562e+01
   2.2889860e+06   3.4790039e+01
   2.2890510e+06   3.1372070e+01
   2.2891960e+06   3.7292480e+01
   2.2892650e+06   2.9968262e+01
   2.2892970e+06   3.0212402e+01
   2.3253770e+06   3.4729004e+01
   2.3255620e+06   3.1250000e+01
   2.3256340e+06   3.2653809e+01
   2.3256500e+06   3.0151367e+01
   2.3256930e+06   4.5471191e+01
   2.3258000e+06   3.3508301e+01
   2.3258250e+06   3.2348633e+01
   2.3258390e+06   3.4851074e+01
   2.3259810e+06   4.0283203e+01
   2.3262640e+06   3.3081055e+01
   2.3265460e+06   3.2165527e+01
   2.5376100e+06   3.4362793e+01
   2.5377850e+06   3.0151367e+01
   2.5379480e+06   3.0883789e+01
   2.5379720e+06   3.2165527e+01
   2.5380310e+06   3.2531738e+01
   2.5381180e+06   3.5217285e+01
   2.5381820e+06   3.5156250e+01
   2.5382950e+06   3.2348633e+01
   2.5383180e+06   3.0212402e+01
   2.5384190e+06   3.2714844e+01
   2.5384360e+06   4.1992188e+01
   2.5388850e+06   3.0517578e+01
   2.5390700e+06   3.4240723e+01
   2.6965930e+06   3.1616211e+01
   2.6966300e+06   3.1860352e+01
   2.6967260e+06   3.7109375e+01
   2.6967440e+06   3.3996582e+01
   2.6967670e+06   3.2348633e+01
   2.6968070e+06   3.4179688e+01
   2.6969180e+06   3.3996582e+01
   2.6970030e+06   3.8879395e+01
   2.6974080e+06   3.0822754e+01
   2.6974430e+06   3.1494141e+01
   2.6975740e+06   3.3264160e+01
   2.6976050e+06   3.0212402e+01
   2.6977590e+06   3.9855957e+01
   2.7574360e+06   3.2775879e+01
   2.7574610e+06   4.2236328e+01
   2.7576140e+06   3.1860352e+01
   2.7576330e+06   3.8024902e+01
   2.7578280e+06   3.4606934e+01
   2.7578800e+06   3.4362793e+01
   2.7580230e+06   3.3691406e+01
   2.7580720e+06   3.8574219e+01
   2.7581020e+06   3.2775879e+01
   2.7581410e+06   3.4851074e+01
   2.7581920e+06   3.2104492e+01
   2.7585400e+06   3.0700684e+01
   2.7903840e+06   3.4057617e+01
   2.7905950e+06   3.6499023e+01
   2.7907410e+06   3.0456543e+01
   2.7907650e+06   3.3264160e+01
   2.7908400e+06   3.9733887e+01
   2.7909720e+06   3.3569336e+01
   2.7910040e+06   3.1005859e+01
   2.7910320e+06   3.0883789e+01
   2.7910460e+06   3.2531738e+01
   2.7911010e+06   3.7902832e+01
   2.7911620e+06   3.8146973e+01
   2.7911810e+06   3.7902832e+01
   2.7912620e+06   3.3569336e+01
   2.7913140e+06   3.1860352e+01
   2.7913760e+06   3.6376953e+01
   2.7915240e+06   4.0710449e+01
   2.7917850e+06   3.5766602e+01
   2.7919700e+06   3.2714844e+01
   2.8505640e+06   3.4240723e+01
   2.8506600e+06   3.2226562e+01
   2.8507450e+06   3.5156250e+01
   2.8507920e+06   3.9550781e+01
   2.8509070e+06   3.5156250e+01
   2.8509660e+06   3.1921387e+01
   2.8509980e+06   3.5461426e+01
   2.8510240e+06   3.1982422e+01
   2.8511290e+06   3.0456543e+01
   2.8511750e+06   3.7048340e+01
   2.8512220e+06   3.0761719e+01
   2.8513980e+06   3.0334473e+01
   2.8952160e+06   3.0151367e+01
   2.8953550e+06   5.3894043e+01
   2.8955560e+06   4.6325684e+01
   2.8955680e+06   3.2165527e+01
   2.8956210e+06   3.5461426e+01
   2.8957910e+06   4.0893555e+01
   2.8958100e+06   3.3813477e+01
   2.8958390e+06   3.1860352e+01
   2.8961450e+06   3.5034180e+01
   2.8964620e+06   3.7231445e+01
   2.9285950e+06   3.7414551e+01
   2.9289600e+06   3.1921387e+01
   2.9289780e+06   3.1921387e+01
   2.9290420e+06   3.3569336e+01
   2.9290590e+06   3.1677246e+01
   2.9292350e+06   3.1616211e+01
   2.9292710e+06   3.8391113e+01
   2.9293620e+06   3.1250000e+01
   2.9293770e+06   3.2531738e+01
   2.9294590e+06   3.0700684e+01
   2.9295070e+06   3.7841797e+01
   2.9295880e+06   3.0578613e+01
   2.9297360e+06   3.5522461e+01
   2.9298330e+06   3.1372070e+01
   3.0362310e+06   3.2104492e+01
   3.0364140e+06   3.4240723e+01
   3.0364780e+06   3.2348633e+01
   3.0365760e+06   3.0090332e+01
   3.0366500e+06   3.6926270e+01
   3.0366920e+06   3.4179688e+01
   3.0367180e+06   4.1137695e+01
   3.0369010e+06   3.1677246e+01
   3.0369640e+06   3.0944824e+01
   3.0371080e+06   3.1921387e+01
   3.0371500e+06   3.1738281e+01
   3.0376630e+06   3.2775879e+01
   3.0377650e+06   3.3325195e+01
   3.0384480e+06   3.2104492e+01
   3.1151290e+06   3.1127930e+01
   3.1152090e+06   3.1921387e+01
   3.1152300e+06   3.0883789e+01
   3.1153100e+06   3.1860352e+01
   3.1154200e+06   3.1066895e+01
   3.1154410e+06   4.2724609e+01
   3.1154620e+06   3.5400391e+01
   3.1155190e+06   3.6376953e+01
   3.1155680e+06   3.0944824e+01
   3.1156790e+06   3.1311035e+01
   3.1157700e+06   3.4240723e+01
   3.1158620e+06   4.0405273e+01
   3.1163830e+06   3.6987305e+01
   3.1165590e+06   3.4057617e+01
   3.1166810e+06   3.1005859e+01
   3.1167120e+06   3.4912109e+01
   3.1178920e+06   3.3081055e+01
   3.1667120e+06   3.0883789e+01
   3.1667570e+06   3.5949707e+01
   3.1668370e+06   3.7841797e+01
   3.1668770e+06   3.3386230e+01
   3.1668990e+06   3.0944824e+01
   3.1669990e+06   3.0212402e+01
   3.1670310e+06   3.4790039e+01
   3.1670430e+06   3.1738281e+01
   3.1671020e+06   3.6071777e+01
   3.1671350e+06   3.7170410e+01
   3.1671520e+06   3.6071777e+01
   3.1671790e+06   3.3264160e+01
   3.1672700e+06   3.0517578e+01
   3.1672840e+06   3.2287598e+01
   3.1673650e+06   3.7475586e+01
   3.1674160e+06   3.0517578e+01
   3.1674670e+06   3.0822754e+01
   3.1675360e+06   3.0212402e+01
   3.1675910e+06   3.1066895e+01
   3.1676530e+06   3.5888672e+01
   3.1682730e+06   3.7658691e+01
   3.1683990e+06   3.1188965e+01
   3.2248400e+06   3.3874512e+01
   3.2250080e+06   3.0883789e+01
   3.2250250e+06   4.2663574e+01
   3.2251510e+06   3.1005859e+01
   3.2252320e+06   3.8452148e+01
   3.2252650e+06   3.2409668e+01
   3.2253190e+06   4.6691895e+01
   3.2253500e+06   3.4423828e+01
   3.2253660e+06   3.2958984e+01
   3.2253960e+06   4.2297363e+01
   3.2254320e+06   4.4616699e+01
   3.2255270e+06   3.3630371e+01
   3.2255680e+06   3.0578613e+01
   3.2256820e+06   3.3874512e+01
   3.2258120e+06   3.8574219e+01
   3.2258690e+06   3.8024902e+01
   3.2259280e+06   3.3386230e+01
   3.2260510e+06   3.8146973e+01
   3.2262530e+06   4.2663574e+01
   3.2836010e+06   3.3813477e+01
   3.2836920e+06   3.8208008e+01
   3.2837570e+06   3.5095215e+01
   3.2837960e+06   3.2897949e+01
   3.2838700e+06   3.2470703e+01
   3.2838800e+06   3.9001465e+01
   3.2839470e+06   4.7851562e+01
   3.2839770e+06   3.4545898e+01
   3.2840380e+06   3.6743164e+01
   3.2840620e+06   3.0029297e+01
   3.2840790e+06   3.2653809e+01
   3.2841700e+06   3.0029297e+01
   3.2843140e+06   3.1066895e+01
   3.2845290e+06   3.3935547e+01
   3.2845520e+06   3.3203125e+01
   3.2847010e+06   3.1738281e+01
   3.2848380e+06   3.0822754e+01
   3.2849680e+06   3.0822754e+01
   3.3387000e+06   3.2592773e+01
   3.3388270e+06   3.5217285e+01
   3.3390390e+06   3.9428711e+01
   3.3390910e+06   3.2836914e+01
   3.3391890e+06   3.7597656e+01
   3.3392080e+06   3.7536621e+01
   3.3392510e+06   3.0273438e+01
   3.3392810e+06   3.8818359e+01
   3.3393870e+06   3.5095215e+01
   3.3395040e+06   3.5583496e+01
   3.3395800e+06   3.5095215e+01
   3.3397420e+06   3.6865234e+01
   3.3399990e+06   3.2653809e+01
   3.3402580e+06   3.4240723e+01
   3.4130460e+06   3.2714844e+01
   3.4130880e+06   3.2226562e+01
   3.4132390e+06   3.0273438e+01
   3.4133500e+06   3.3447266e+01
   3.4134400e+06   4.8095703e+01
   3.4134910e+06   3.4057617e+01
   3.4136030e+06   3.9184570e+01
   3.4136290e+06   3.5400391e+01
   3.4137820e+06   3.0151367e+01
   3.4138320e+06   3.5827637e+01
   3.4142340e+06   3.5400391e+01
   3.4143390e+06   3.2836914e+01
   3.4145190e+06   3.0212402e+01
   3.4393960e+06   3.2226562e+01
   3.4395420e+06   3.0212402e+01
   3.4395700e+06   3.3142090e+01
   3.4395920e+06   3.0883789e+01
   3.4396390e+06   3.2226562e+01
   3.4396960e+06   4.2602539e+01
   3.4397270e+06   3.2470703e+01
   3.4397480e+06   3.0456543e+01
   3.4397860e+06   3.0334473e+01
   3.4398390e+06   3.0578613e+01
   3.4398620e+06   4.0100098e+01
   3.4399070e+06   3.0883789e+01
   3.4399430e+06   3.3142090e+01
   3.4399540e+06   3.7597656e+01
   3.4400260e+06   3.2287598e+01
   3.4401160e+06   3.6621094e+01
   3.4401520e+06   3.2043457e+01
   3.4402260e+06   3.0151367e+01
   3.4402580e+06   3.5461426e+01
   3.4403590e+06   4.1381836e+01
   3.4406080e+06   3.1982422e+01
   3.4409090e+06   3.1799316e+01
   3.4414490e+06   3.7597656e+01
   3.4699420e+06   2.9968262e+01
   3.4699520e+06   3.2897949e+01
   3.4701280e+06   3.8269043e+01
   3.4702090e+06   3.0822754e+01
   3.4702670e+06   3.0029297e+01
   3.4703360e+06   3.0578613e+01
   3.4704030e+06   4.3029785e+01
   3.4704170e+06   3.5339355e+01
   3.4704750e+06   4.8583984e+01
   3.4704950e+06   3.7841797e+01
   3.4705850e+06   3.1860352e+01
   3.4706270e+06   3.0578613e+01
   3.4706780e+06   4.1992188e+01
   3.4707650e+06   3.0944824e+01
   3.4708490e+06   3.1066895e+01
   3.4709290e+06   3.7353516e+01
   3.4709920e+06   3.0456543e+01
   3.4712010e+06   3.2287598e+01
   3.4717680e+06   3.5705566e+01
   3.4719760e+06   3.3813477e+01
   3.8656320e+06   3.1982422e+01
   3.8656610e+06   3.3569336e+01
   3.8657430e+06   3.7170410e+01
   3.8657850e+06   3.8635254e+01
   3.8658130e+06   3.7292480e+01
   3.8658340e+06   5.3283691e+01
   3.8658450e+06   3.2470703e+01
   3.8659850e+06   3.6621094e+01
   3.8660110e+06   3.0944824e+01
   3.8660310e+06   5.4748535e+01
   3.8660730e+06   3.1799316e+01
   3.8661740e+06   3.4362793e+01
   3.8662650e+06   3.3447266e+01
   3.8664520e+06   3.1311035e+01
   3.8668210e+06   3.2714844e+01
   3.8669180e+06   3.0395508e+01
   3.8670320e+06   3.2897949e+01
   3.8675790e+06   3.3081055e+01
   3.8676670e+06   3.5217285e+01
   3.9138680e+06   3.5278320e+01
   3.9138970e+06   3.8330078e+01
   3.9140310e+06   3.7902832e+01
   3.9140670e+06   3.0578613e+01
   3.9140860e+06   3.5888672e+01
   3.9141080e+06   5.9265137e+01
   3.9142230e+06   3.5644531e+01
   3.9142730e+06   3.3325195e+01
   3.9143040e+06   3.5278320e+01
   3.9143760e+06   3.3264160e+01
   3.9144040e+06   3.1311035e+01
   3.9144550e+06   3.4973145e+01
   3.9144790e+06   3.5705566e+01
   3.9145480e+06   3.2165527e+01
   3.9152700e+06   3.1799316e+01
   3.9153830e+06   3.6743164e+01
   3.9335160e+06   4.4372559e+01
   3.9335290e+06   3.1433105e+01
   3.9335860e+06   3.9794922e+01
   3.9337180e+06   3.3691406e+01
   3.9337410e+06   3.0273438e+01
   3.9337590e+06   3.1311035e+01
   3.9338190e+06   3.0578613e+01
   3.9340330e+06   3.9367676e+01
   3.9340520e+06   3.3325195e+01
   3.9341220e+06   3.8146973e+01
   3.9342310e+06   3.2714844e+01
   3.9343200e+06   3.2653809e+01
   3.9343470e+06   3.1188965e+01
   3.9344920e+06   3.1860352e+01
   3.9345080e+06   3.0395508e+01
   3.9489010e+06   3.5156250e+01
   3.9489830e+06   3.2348633e+01
   3.9491010e+06   3.2348633e+01
   3.9491190e+06   3.7902832e+01
   3.9491770e+06   3.0334473e+01
   3.9492720e+06   3.1311035e+01
   3.9493480e+06   3.3508301e+01
   3.9494460e+06   3.5522461e+01
   3.9495170e+06   3.3996582e+01
   3.9495740e+06   3.4179688e+01
   3.9496270e+06   3.0395508e+01
   3.9496850e+06   3.2897949e+01
   3.9498890e+06   3.7475586e+01
   3.9500020e+06   3.1311035e+01
   3.9501800e+06   3.4179688e+01
   3.9502850e+06   3.1799316e+01
   3.9503340e+06   3.6132812e+01
   3.9504240e+06   3.1066895e+01
   3.9506730e+06   3.0456543e+01
   3.9507270e+06   3.5217285e+01
   3.9510310e+06   3.0456543e+01
   3.9705370e+06   3.2226562e+01
   3.9705520e+06   3.8818359e+01
   3.9705720e+06   3.1250000e+01
   3.9706220e+06   4.1809082e+01
   3.9707220e+06   3.1555176e+01
   3.9707760e+06   2.9968262e+01
   3.9708200e+06   3.7048340e+01
   3.9708670e+06   2.9968262e+01
   3.9709010e+06   3.5400391e+01
   3.9709650e+06   4.1442871e+01
   3.9711250e+06   3.1250000e+01
   3.9714100e+06   3.2653809e+01
   3.9716530e+06   3.2836914e+01
   3.9717300e+06   3.0151367e+01
   4.0021790e+06   3.3203125e+01
   4.0022990e+06   3.0029297e+01
   4.0023310e+06   3.6499023e+01
   4.0024400e+06   3.2897949e+01
   4.0025830e+06   3.1738281e+01
   4.0026150e+06   3.2836914e+01
   4.0027720e+06   3.0822754e+01
   4.0030280e+06   3.0334473e+01
   4.0439930e+06   3.0639648e+01
   4.0442900e+06   3.1921387e+01
   4.0443540e+06   3.0456543e+01
   4.0444780e+06   3.1311035e+01
   4.0445160e+06   3.4118652e+01
   4.0445410e+06   3.9794922e+01
   4.0447090e+06   3.3020020e+01
   4.0447290e+06   4.0893555e+01
   4.0449350e+06   3.5766602e+01
   4.0449660e+06   3.2409668e+01
   4.0450500e+06   3.4729004e+01
   4.0451410e+06   3.1982422e+01
   4.0453610e+06   3.1372070e+01
   4.0456760e+06   3.5644531e+01
   4.0773250e+06   3.0151367e+01
   4.0773680e+06   3.5095215e+01
   4.0774820e+06   3.0334473e+01
   4.0776650e+06   4.0039062e+01
   4.0777340e+06   3.2348633e+01
   4.0777860e+06   4.0832520e+01
   4.0778120e+06   3.8330078e+01
   4.0778430e+06   3.3813477e+01
   4.0779820e+06   4.5104980e+01
   4.0780340e+06   3.0029297e+01
   4.0781110e+06   3.4606934e+01
   4.0781350e+06   3.3630371e+01
   4.0782220e+06   2.9968262e+01
   4.0782750e+06   3.4790039e+01
   4.0783690e+06   3.4667969e+01
   4.0784040e+06   3.0029297e+01
   4.0786610e+06   3.5034180e+01
   4.3854330e+06   3.4667969e+01
   4.3855680e+06   3.0456543e+01
   4.3855870e+06   3.2775879e+01
   4.3856770e+06   3.1372070e+01
   4.3857520e+06   3.2043457e+01
   4.3857730e+06   4.0771484e+01
   4.3858560e+06   4.4372559e+01
   4.3858760e+06   3.0456543e+01
   4.3859040e+06   3.3752441e+01
   4.3860210e+06   3.7841797e+01
   4.3861360e+06   3.3081055e+01
   4.3869240e+06   3.8269043e+01
   4.3877530e+06   3.5888672e+01
   4.4553440e+06   3.1616211e+01
   4.4553840e+06   3.6621094e+01
   4.4554260e+06   3.2409668e+01
   4.4554690e+06   3.3569336e+01
   4.4555750e+06   3.0578613e+01
   4.4556500e+06   3.0029297e+01
   4.4557210e+06   4.7546387e+01
   4.4558930e+06   5.3283691e+01
   4.4560840e+06   3.6743164e+01
   4.4561750e+06   3.0944824e+01
   4.5604000e+06   3.1982422e+01
   4.5604340e+06   3.3447266e+01
   4.5604600e+06   3.2836914e+01
   4.5605360e+06   3.2897949e+01
   4.5605770e+06   3.5461426e+01
   4.5606190e+06   3.6621094e+01
   4.5606420e+06   4.4494629e+01
   4.5606670e+06   3.5888672e+01
   4.5607040e+06   4.2785645e+01
   4.5607530e+06   3.1250000e+01
   4.5608120e+06   3.9367676e+01
   4.5609250e+06   3.4973145e+01
   4.5611110e+06   3.7048340e+01
   4.5611430e+06   3.0639648e+01
   4.5613300e+06   4.8034668e+01
   4.5617970e+06   3.0578613e+01
   4.6875600e+06   3.0090332e+01
   4.6875880e+06   3.1677246e+01
   4.6876460e+06   3.3264160e+01
   4.6877010e+06   3.1616211e+01
   4.6877490e+06   3.5217285e+01
   4.6877810e+06   3.6254883e+01
   4.6878100e+06   3.1066895e+01
   4.6879620e+06   3.9733887e+01
   4.6879830e+06   3.7780762e+01
   4.6880160e+06   3.1555176e+01
   4.6880490e+06   3.1921387e+01
   4.6881390e+06   3.1555176e+01
   4.6882160e+06   4.6997070e+01
   4.6883040e+06   3.2897949e+01
   4.6889240e+06   3.4912109e+01
   4.6894140e+06   3.1494141e+01
   4.7871630e+06   3.7536621e+01
   4.7872060e+06   3.1494141e+01
   4.7872220e+06   4.2358398e+01
   4.7872890e+06   3.2165527e+01
   4.7873390e+06   3.2592773e+01
   4.7873590e+06   3.7841797e+01
   4.7873910e+06   3.4057617e+01
   4.7874270e+06   3.2165527e+01
   4.7874610e+06   4.8645020e+01
   4.7875290e+06   3.3447266e+01
   4.7876180e+06   4.1870117e+01
   4.7877700e+06   4.0527344e+01
   4.7881310e+06   3.1494141e+01
   4.7881910e+06   3.1982422e+01
   4.7882110e+06   3.6315918e+01
   4.7883490e+06   3.2592773e+01
   4.7883720e+06   3.4301758e+01
   4.7887350e+06   3.0517578e+01
   4.8285860e+06   3.3691406e+01
   4.8286570e+06   3.3020020e+01
   4.8287300e+06   3.1494141e+01
   4.8287940e+06   3.3447266e+01
   4.8288050e+06   3.3020020e+01
   4.8288350e+06   4.0527344e+01
   4.8289090e+06   3.2531738e+01
   4.8289470e+06   3.2958984e+01
   4.8289840e+06   5.0537109e+01
   4.8291040e+06   3.2165527e+01
   4.8291550e+06   3.1982422e+01
   4.8292200e+06   3.5217285e+01
   4.8294130e+06   4.1076660e+01
   4.8295540e+06   3.0761719e+01
   4.8298310e+06   3.1555176e+01
   4.8299880e+06   3.2836914e+01
   4.8301990e+06   3.0761719e+01
   4.8303540e+06   4.0161133e+01
   4.8710710e+06   3.6743164e+01
   4.8712100e+06   2.9968262e+01
   4.8712590e+06   3.2165527e+01
   4.8712870e+06   3.1372070e+01
   4.8713270e+06   3.9489746e+01
   4.8714660e+06   3.5156250e+01
   4.8715440e+06   3.4729004e+01
   4.8716650e+06   4.7668457e+01
   4.8716950e+06   4.5104980e+01
   4.8717650e+06   3.3386230e+01
   4.8719460e+06   3.4729004e+01
   4.8720400e+06   3.3264160e+01
   4.8720810e+06   3.5949707e+01
   4.8723110e+06   3.5949707e+01
   4.8727190e+06   3.4118652e+01
   4.9270060e+06   3.1616211e+01
   4.9270260e+06   3.1311035e+01
   4.9271640e+06   3.1005859e+01
   4.9273210e+06   3.5888672e+01
   4.9273720e+06   2.9968262e+01
   4.9274820e+06   3.4667969e+01
   4.9275610e+06   3.2104492e+01
   4.9277140e+06   3.0395508e+01
   4.9278530e+06   3.1921387e+01
   4.9279580e+06   3.3447266e+01
   4.9279910e+06   3.1677246e+01
   4.9281130e+06   3.3325195e+01
   4.9281690e+06   3.2226562e+01
   4.9838170e+06   3.1127930e+01
   4.9839400e+06   3.0517578e+01
   4.9840820e+06   3.6804199e+01
   4.9841300e+06   3.5034180e+01
   4.9842300e+06   4.3212891e+01
   4.9842540e+06   4.0832520e+01
   4.9842930e+06   3.9306641e+01
   4.9844090e+06   3.0761719e+01
   4.9844750e+06   3.8635254e+01
   4.9845130e+06   3.3752441e+01
   4.9845550e+06   3.0090332e+01
   4.9846460e+06   4.1076660e+01
   4.9846560e+06   3.7902832e+01
   4.9847310e+06   3.0273438e+01
   4.9847660e+06   3.2043457e+01
   4.9848020e+06   3.1066895e+01
   4.9848420e+06   4.2114258e+01
   4.9848990e+06   3.2714844e+01
   4.9850440e+06   3.0029297e+01
   4.9850760e+06   3.2653809e+01
   4.9856080e+06   3.3996582e+01
   5.1398330e+06   3.0151367e+01
   5.1399430e+06   3.5522461e+01
   5.1400420e+06   3.2592773e+01
   5.1400600e+06   3.2714844e+01
   5.1400870e+06   3.3996582e+01
   5.1401040e+06   3.6132812e+01
   5.1401520e+06   3.5156250e+01
   5.1402090e+06   4.3151855e+01
   5.1402480e+06   3.9978027e+01
   5.1403020e+06   3.2165527e+01
   5.1404740e+06   3.0212402e+01
   5.1405180e+06   3.0944824e+01
   5.1407870e+06   3.0822754e+01
   5.1408910e+06   3.0761719e+01
   5.1413200e+06   3.0944824e+01
   5.2019850e+06   3.0639648e+01
   5.2020770e+06   3.0883789e+01
   5.2020980e+06   3.1494141e+01
   5.2021640e+06   3.0639648e+01
   5.2022120e+06   3.1188965e+01
   5.2023080e+06   5.1147461e+01
   5.2023290e+06   4.2968750e+01
   5.2023550e+06   3.1433105e+01
   5.2024190e+06   3.6499023e+01
   5.2025560e+06   3.1799316e+01
   5.2029060e+06   3.1799316e+01
   5.2032560e+06   3.1677246e+01
   5.2033120e+06   3.4606934e+01
   5.2034500e+06   3.6315918e+01
   5.3213240e+06   3.2104492e+01
   5.3213410e+06   3.2409668e+01
   5.3213650e+06   3.2836914e+01
   5.3214080e+06   2.9968262e+01
   5.3214630e+06   3.3020020e+01
   5.3214850e+06   3.3325195e+01
   5.3216070e+06   3.2409668e+01
   5.3216340e+06   3.5095215e+01
   5.3217310e+06   3.7414551e+01
   5.3217540e+06   3.6254883e+01
   5.3217760e+06   3.6437988e+01
   5.3218210e+06   3.0578613e+01
   5.3219430e+06   3.2958984e+01
   5.3219680e+06   3.2592773e+01
   5.3220560e+06   3.2043457e+01
   5.3222440e+06   3.0578613e+01
   5.3224570e+06   3.4790039e+01
   5.3224800e+06   3.2165527e+01
   5.3228490e+06   3.5766602e+01
   5.3232150e+06   3.8146973e+01
   5.3759530e+06   3.1860352e+01
   5.3760130e+06   3.2775879e+01
   5.3761240e+06   3.0212402e+01
   5.3761350e+06   3.1311035e+01
   5.3762150e+06   3.6499023e+01
   5.3763140e+06   4.2846680e+01
   5.3763420e+06   2.9968262e+01
   5.3771450e+06   3.3264160e+01
   5.3776860e+06   3.0700684e+01
   5.4134240e+06   3.0456543e+01
   5.4135840e+06   3.5034180e+01
   5.4136180e+06   3.3020020e+01
   5.4136390e+06   3.1433105e+01
   5.4136880e+06   3.4179688e+01
   5.4137200e+06   3.0822754e+01
   5.4138540e+06   5.0476074e+01
   5.4138810e+06   3.8696289e+01
   5.4139240e+06   3.6560059e+01
   5.4139340e+06   3.0395508e+01
   5.4140750e+06   3.9367676e+01
   5.4141230e+06   3.6193848e+01
   5.4142030e+06   3.1921387e+01
   5.4142210e+06   3.1921387e+01
   5.4143220e+06   4.8095703e+01
   5.4144870e+06   3.0700684e+01
   5.4152490e+06   3.8269043e+01
   5.4153840e+06   3.1188965e+01
   5.4157450e+06   3.0151367e+01
   5.4515580e+06   3.2897949e+01
   5.4516070e+06   3.1372070e+01
   5.4517710e+06   3.2104492e+01
   5.4518630e+06   3.4484863e+01
   5.4521360e+06   3.1311035e+01
   5.4522020e+06   4.2663574e+01
   5.4522670e+06   3.1433105e+01
   5.4523120e+06   3.0029297e+01
   5.4523300e+06   3.3691406e+01
   5.4523960e+06   3.3874512e+01
   5.4524690e+06   3.4790039e+01
   5.4524890e+06   3.1311035e+01
   5.4525780e+06   3.7719727e+01
   5.4526860e+06   3.4667969e+01
   5.4528060e+06   3.0151367e+01
   5.4533220e+06   3.2592773e+01
   5.4535090e+06   3.7475586e+01
   5.5153920e+06   3.3081055e+01
   5.5154380e+06   3.1005859e+01
   5.5154860e+06   3.2409668e+01
   5.5156120e+06   3.2958984e+01
   5.5156270e+06   3.0700684e+01
   5.5156620e+06   3.1188965e+01
   5.5156970e+06   4.1320801e+01
   5.5157450e+06   3.0822754e+01
   5.5157780e+06   3.6926270e+01
   5.5157910e+06   3.3203125e+01
   5.5158760e+06   3.1677246e+01
   5.5159360e+06   4.5349121e+01
   5.5160400e+06   3.4179688e+01
   5.5162170e+06   3.2836914e+01
   5.5162780e+06   3.2409668e+01
   5.5165170e+06   3.1982422e+01
   5.5168810e+06   3.1188965e+01
   5.7060870e+06   3.0090332e+01
   5.7061820e+06   3.5034180e+01
   5.7062170e+06   3.2470703e+01
   5.7063440e+06   3.1188965e+01
   5.7063650e+06   3.0883789e+01
   5.7063990e+06   3.0090332e+01
   5.7064990e+06   5.1818848e+01
   5.7065790e+06   3.0578613e+01
   5.7066390e+06   3.2409668e+01
   5.7066950e+06   3.1250000e+01
   5.7067720e+06   3.0212402e+01
   5.7073070e+06   3.6499023e+01
   5.7078520e+06   3.3569336e+01
   5.8194930e+06   3.0639648e+01
   5.8196340e+06   3.4729004e+01
   5.8196780e+06   3.3203125e+01
   5.8198160e+06   4.5166016e+01
   5.8198900e+06   3.7597656e+01
   5.8199270e+06   3.3386230e+01
   5.8199690e+06   4.6875000e+01
   5.8200010e+06   3.1311035e+01
   5.8200280e+06   3.5705566e+01
   5.8200990e+06   3.0029297e+01
   5.8202110e+06   3.1311035e+01
   5.8202320e+06   3.1494141e+01
   5.8205320e+06   3.1066895e+01
   5.8207480e+06   3.5217285e+01
   5.8213400e+06   3.4301758e+01
   6.0763200e+06   3.8391113e+01
   6.0763530e+06   3.0700684e+01
   6.0764430e+06   3.3508301e+01
   6.0765100e+06   3.2836914e+01
   6.0765220e+06   3.2165527e+01
   6.0765580e+06   3.2104492e+01
   6.0765790e+06   3.3020020e+01
   6.0765930e+06   5.6335449e+01
   6.0766140e+06   4.3151855e+01
   6.0767530e+06   3.5888672e+01
   6.0768400e+06   3.4545898e+01
   6.0769160e+06   3.3142090e+01
   6.1473890e+06   3.0334473e+01
   6.1475080e+06   3.4729004e+01
   6.1475490e+06   3.3325195e+01
   6.1476540e+06   3.0090332e+01
   6.1476730e+06   3.2653809e+01
   6.1476900e+06   3.2775879e+01
   6.1477370e+06   3.3996582e+01
   6.1478620e+06   3.8085938e+01
   6.1478910e+06   3.3447266e+01
   6.1479790e+06   3.7048340e+01
   6.1480390e+06   3.3691406e+01
   6.1482020e+06   3.0029297e+01
   6.1482130e+06   4.4738770e+01
   6.1483270e+06   3.0395508e+01
   6.1485930e+06   3.0578613e+01
   6.2300780e+06   3.1250000e+01
   6.2302380e+06   3.1982422e+01
   6.2303090e+06   3.1738281e+01
   6.2303570e+06   4.1748047e+01
   6.2304360e+06   3.0090332e+01
   6.2304710e+06   4.0771484e+01
   6.2305330e+06   3.3752441e+01
   6.2305600e+06   3.0273438e+01
   6.2306100e+06   3.4790039e+01
   6.2306350e+06   3.8024902e+01
   6.2307400e+06   3.6499023e+01
   6.2308530e+06   3.1005859e+01
   6.2310040e+06   3.5461426e+01
   6.2310640e+06   3.1616211e+01
   6.2312150e+06   3.0395508e+01
   6.6991250e+06   3.0029297e+01
   6.6992210e+06   3.8146973e+01
   6.6992410e+06   3.6315918e+01
   6.6992670e+06   3.6987305e+01
   6.6993000e+06   3.2287598e+01
   6.6993430e+06   3.0395508e+01
   6.6994260e+06   3.4057617e+01
   6.6994490e+06   3.5095215e+01
   6.6994600e+06   3.0090332e+01
   6.6995030e+06   3.2287598e+01
   6.6996200e+06   3.6193848e+01
   6.6996740e+06   3.3447266e+01
   6.6996960e+06   3.0944824e+01
   6.6997990e+06   3.0700684e+01
   6.7000730e+06   3.1799316e+01
   6.7003800e+06   3.1250000e+01
   6.8490270e+06   3.0334473e+01
   6.8491770e+06   3.1555176e+01
   6.8492080e+06   3.4301758e+01
   6.8492970e+06   3.6621094e+01
   6.8493440e+06   3.4118652e+01
   6.8493810e+06   4.1870117e+01
   6.8494010e+06   3.9916992e+01
   6.8494450e+06   3.1005859e+01
   6.8494700e+06   3.4606934e+01
   6.8495090e+06   3.6987305e+01
   6.8495230e+06   3.3813477e+01
   6.8495750e+06   3.0029297e+01
   6.8495920e+06   3.0151367e+01
   6.8509410e+06   3.0822754e+01
   6.8512590e+06   3.6926270e+01
   6.8731390e+06   3.0212402e+01
   6.8733230e+06   3.5339355e+01
   6.8734260e+06   3.5339355e+01
   6.8735000e+06   3.6315918e+01
   6.8735430e+06   3.6193848e+01
   6.8735630e+06   3.1188965e+01
   6.8735950e+06   3.4423828e+01
   6.8737030e+06   3.9062500e+01
   6.8737190e+06   3.2470703e+01
   6.8737400e+06   3.3935547e+01
   6.8738450e+06   3.3630371e+01
   6.8738740e+06   3.2043457e+01
   6.8738920e+06   3.3996582e+01
   6.8739240e+06   3.2592773e+01
   6.9008640e+06   3.4240723e+01
   6.9010640e+06   3.7231445e+01
   6.9010820e+06   3.4240723e+01
   6.9011040e+06   3.4118652e+01
   6.9011710e+06   3.0700684e+01
   6.9012060e+06   3.4912109e+01
   6.9012390e+06   3.1616211e+01
   6.9012620e+06   3.6132812e+01
   6.9013190e+06   3.3203125e+01
   6.9013870e+06   3.5339355e+01
   6.9014410e+06   3.3142090e+01
   6.9015850e+06   3.3264160e+01
   6.9016300e+06   3.0029297e+01
   6.9020390e+06   3.3081055e+01
   6.9020660e+06   3.2043457e+01
   7.3022480e+06   3.6010742e+01
   7.3023090e+06   3.2409668e+01
   7.3023910e+06   3.1372070e+01
   7.3024620e+06   5.4870605e+01
   7.3025460e+06   3.2165527e+01
   7.3025610e+06   3.1066895e+01
   7.3026190e+06   4.7485352e+01
   7.3026580e+06   3.0273438e+01
   7.3027330e+06   3.3142090e+01
   7.3032310e+06   3.3813477e+01
   7.3039010e+06   3.2531738e+01
   7.3043150e+06   3.0090332e+01
   7.4347310e+06   3.1982422e+01
   7.4347940e+06   3.0822754e+01
   7.4348150e+06   3.2226562e+01
   7.4348880e+06   3.3752441e+01
   7.4349150e+06   4.3518066e+01
   7.4349460e+06   3.4240723e+01
   7.4349850e+06   3.6254883e+01
   7.4350160e+06   3.9367676e+01
   7.4350460e+06   3.0761719e+01
   7.4350660e+06   3.0517578e+01
   7.4350870e+06   3.8269043e+01
   7.4351090e+06   4.6142578e+01
   7.4351440e+06   3.7231445e+01
   7.4351540e+06   4.6813965e+01
   7.4351820e+06   3.7170410e+01
   7.4353750e+06   3.0700684e+01
   7.4364060e+06   3.1494141e+01
   7.4366980e+06   3.4912109e+01
   7.4369450e+06   3.1555176e+01
   7.5574760e+06   3.6010742e+01
   7.5575210e+06   3.0517578e+01
   7.5575700e+06   4.6997070e+01
   7.5576250e+06   4.5593262e+01
   7.5576560e+06   3.5644531e+01
   7.5576850e+06   3.2348633e+01
   7.5577000e+06   3.0090332e+01
   7.5577370e+06   3.3081055e+01
   7.5577500e+06   3.2836914e+01
   7.5578050e+06   4.5349121e+01
   7.5579900e+06   3.1677246e+01
   7.5585500e+06   3.5034180e+01
   7.5593260e+06   3.9489746e+01
   7.5594410e+06   3.1311035e+01
   7.5595310e+06   3.4118652e+01
   7.9273690e+06   3.2287598e+01
   7.9275480e+06   4.1564941e+01
   7.9275920e+06   4.2053223e+01
   7.9276220e+06   3.1188965e+01
   7.9277140e+06   3.0944824e+01
   7.9277450e+06   4.4006348e+01
   7.9278170e+06   3.2531738e+01
   7.9280650e+06   3.2287598e+01
   7.9287780e+06   3.1005859e+01
   8.1906060e+06   3.8879395e+01
   8.1907080e+06   3.0883789e+01
   8.1907940e+06   4.2114258e+01
   8.1909020e+06   3.0151367e+01
   8.1909340e+06   3.0273438e+01
   8.1909640e+06   4.6569824e+01
   8.1919870e+06   3.0639648e+01
   8.1924490e+06   3.0090332e+01
   8.1925210e+06   3.0761719e+01
   8.3806650e+06   3.4606934e+01
   8.3807230e+06   3.2775879e+01
   8.3807740e+06   3.4851074e+01
   8.3808320e+06   3.2287598e+01
   8.3808900e+06   3.3752441e+01
   8.3809200e+06   3.4973145e+01
   8.3809630e+06   4.5654297e+01
   8.3809940e+06   4.3884277e+01
   8.3810060e+06   3.5217285e+01
   8.3810890e+06   4.0710449e+01
   8.3813370e+06   3.0700684e+01
   8.3813480e+06   3.0151367e+01
   8.5563060e+06   3.1799316e+01
   8.5564620e+06   3.3752441e+01
   8.5564750e+06   3.3813477e+01
   8.5565330e+06   3.7902832e+01
   8.5565920e+06   3.1372070e+01
   8.5566110e+06   3.5644531e+01
   8.5566390e+06   3.3081055e+01
   8.5566640e+06   3.0883789e+01
   8.5567010e+06   3.7597656e+01
   8.5567740e+06   4.0283203e+01
   8.9448670e+06   3.2348633e+01
   8.9449660e+06   4.0100098e+01
   8.9449890e+06   3.0578613e+01
   8.9450250e+06   3.3691406e+01
   8.9450850e+06   3.0273438e+01
   8.9451230e+06   3.7414551e+01
   8.9451780e+06   3.7475586e+01
   8.9452100e+06   3.3264160e+01
   8.9452430e+06   3.0029297e+01
   8.9453030e+06   3.2348633e+01
   8.9453200e+06   3.5766602e+01
   8.9459490e+06   3.0090332e+01
   9.7154630e+06   3.1860352e+01
   9.7154870e+06   3.0090332e+01
   9.7155150e+06   3.8574219e+01
   9.7155410e+06   4.9621582e+01
   9.7156200e+06   3.6193848e+01
   9.7156410e+06   3.3874512e+01
   9.7156630e+06   3.0151367e+01
   9.7157460e+06   3.0456543e+01
   9.7158420e+06   3.1982422e+01
   9.7158660e+06   3.0517578e+01
