   1.1999000e+07   0.0000000e+00
   4.0920300e+05   4.1137695e+01
   4.0923900e+05   4.8339844e+01
   4.0926500e+05   4.9804688e+01
   4.0931900e+05   3.7353516e+01
   4.0933300e+05   1.1590576e+02
   4.0936900e+05   4.9438477e+01
   4.0940700e+05   7.2631836e+01
   4.0946200e+05   3.4545898e+01
   4.0949000e+05   7.8613281e+01
   4.0958400e+05   6.3171387e+01
   4.0961900e+05   3.5705566e+01
   4.0976000e+05   7.6904297e+01
   4.1003500e+05   8.5632324e+01
   4.9097200e+05   3.3142090e+01
   4.9128600e+05   3.8574219e+01
   4.9134400e+05   4.0832520e+01
   4.9136500e+05   5.1513672e+01
   4.9142200e+05   4.1320801e+01
   4.9147400e+05   3.6804199e+01
   4.9151000e+05   4.1503906e+01
   4.9156100e+05   4.1198730e+01
   4.9160700e+05   8.8012695e+01
   4.9163200e+05   3.5400391e+01
   4.9165100e+05   3.7353516e+01
   4.9168300e+05   4.8583984e+01
   4.9179100e+05   6.4453125e+01
   4.9194200e+05   6.9641113e+01
   4.9214300e+05   9.2041016e+01
   4.9302000e+05   3.6010742e+01
   4.9308700e+05   3.7719727e+01
   5.0986700e+05   3.4973145e+01
   5.0990300e+05   6.2805176e+01
   5.0992100e+05   4.1564941e+01
   5.0997600e+05   1.2017822e+02
   5.1000500e+05   3.4973145e+01
   5.1003700e+05   5.2429199e+01
   5.1005900e+05   4.7790527e+01
   5.1009500e+05   3.7658691e+01
   5.1012700e+05   9.1735840e+01
   5.1015600e+05   4.0466309e+01
   5.1021100e+05   3.6437988e+01
   5.1027500e+05   4.9865723e+01
   5.1029900e+05   3.7719727e+01
   5.1039600e+05   8.5266113e+01
   5.1054500e+05   8.4350586e+01
   5.1070300e+05   7.9406738e+01
   5.1097200e+05   9.9548340e+01
   5.1116300e+05   3.7475586e+01
   5.1144900e+05   3.3264160e+01
   5.1170200e+05   3.5461426e+01
   5.2262800e+05   3.9428711e+01
   5.2273900e+05   7.5561523e+01
   5.2276800e+05   3.4729004e+01
   5.2279400e+05   3.5095215e+01
   5.2292100e+05   1.1749268e+02
   5.2294400e+05   3.5766602e+01
   5.2296600e+05   4.7729492e+01
   5.2304200e+05   3.3386230e+01
   5.2308500e+05   7.6354980e+01
   5.2311300e+05   3.5705566e+01
   5.2312900e+05   4.2480469e+01
   5.2317800e+05   3.6987305e+01
   5.2331100e+05   1.0705566e+02
   5.2332100e+05   4.6508789e+01
   5.2339100e+05   3.5827637e+01
   5.2351900e+05   8.5021973e+01
   5.2373700e+05   1.0186768e+02
   5.2398500e+05   4.6447754e+01
   5.2405500e+05   9.1674805e+01
   5.2416400e+05   3.5888672e+01
   5.2427900e+05   3.3752441e+01
   5.2458500e+05   3.8146973e+01
   5.3803200e+05   3.8146973e+01
   5.3818400e+05   4.0039062e+01
   5.3820500e+05   3.4423828e+01
   5.3823600e+05   1.2567139e+02
   5.3836700e+05   9.8632812e+01
   5.3840900e+05   3.5705566e+01
   5.3845600e+05   5.7678223e+01
   5.3852900e+05   9.5458984e+01
   5.3857200e+05   3.3691406e+01
   5.3866800e+05   4.6630859e+01
   5.3872300e+05   9.5397949e+01
   5.3886400e+05   4.0710449e+01
   5.3890600e+05   9.4360352e+01
   5.3892900e+05   3.3752441e+01
   5.3914300e+05   3.8208008e+01
   5.3926600e+05   3.5522461e+01
   5.5784000e+05   4.3457031e+01
   5.5797700e+05   3.6437988e+01
   5.5816700e+05   4.0161133e+01
   5.5818200e+05   6.5917969e+01
   5.5824500e+05   4.3395996e+01
   5.5837600e+05   3.7109375e+01
   5.5840400e+05   1.1340332e+02
   5.5846700e+05   3.9855957e+01
   5.5863200e+05   1.2408447e+02
   5.5868100e+05   3.8513184e+01
   5.5881100e+05   1.0998535e+02
   5.5890500e+05   4.1503906e+01
   5.5904700e+05   1.0473633e+02
   5.5917200e+05   3.4423828e+01
   5.5932000e+05   1.0614014e+02
   5.5969900e+05   3.7475586e+01
   5.5973800e+05   3.5034180e+01
   5.8068600e+05   6.5429688e+01
   5.8076100e+05   3.3081055e+01
   5.8079400e+05   1.1444092e+02
   5.8082100e+05   3.9184570e+01
   5.8085700e+05   3.4606934e+01
   5.8088800e+05   4.2602539e+01
   5.8093800e+05   1.0620117e+02
   5.8104400e+05   5.9936523e+01
   5.8108900e+05   8.7951660e+01
   5.8111800e+05   5.2734375e+01
   5.8115800e+05   3.4118652e+01
   5.8127200e+05   8.8195801e+01
   5.8131500e+05   3.8940430e+01
   5.8143800e+05   3.3508301e+01
   5.8147400e+05   9.1125488e+01
   5.8162000e+05   3.3081055e+01
   5.8173900e+05   8.3374023e+01
   5.8188100e+05   3.3264160e+01
   5.8198900e+05   9.1796875e+01
   5.8242000e+05   3.8208008e+01
   5.9356000e+05   3.3081055e+01
   6.0314800e+05   3.3325195e+01
   6.0320200e+05   3.8940430e+01
   6.0324300e+05   5.1879883e+01
   6.0344800e+05   3.3752441e+01
   6.0348300e+05   1.2078857e+02
   6.0352500e+05   4.8339844e+01
   6.0360000e+05   3.3813477e+01
   6.0363800e+05   3.6071777e+01
   6.0368200e+05   1.2890625e+02
   6.0372100e+05   3.9306641e+01
   6.0384200e+05   8.3801270e+01
   6.0390800e+05   3.3142090e+01
   6.0399100e+05   3.6804199e+01
   6.0403300e+05   9.2590332e+01
   6.0405600e+05   3.5888672e+01
   6.0418600e+05   8.3923340e+01
   6.0424400e+05   4.0039062e+01
   6.0449500e+05   1.0888672e+02
   6.0452700e+05   3.9428711e+01
   6.0470900e+05   3.5766602e+01
   6.0480500e+05   3.4301758e+01
   6.2051100e+05   3.6743164e+01
   6.2062300e+05   3.9306641e+01
   6.2067900e+05   1.0955811e+02
   6.2073600e+05   4.8217773e+01
   6.2081200e+05   4.1015625e+01
   6.2084900e+05   3.8635254e+01
   6.2085900e+05   1.1419678e+02
   6.2095800e+05   3.6071777e+01
   6.2097100e+05   3.6132812e+01
   6.2107600e+05   5.2612305e+01
   6.2110600e+05   1.0736084e+02
   6.2112600e+05   3.5827637e+01
   6.2119500e+05   3.9794922e+01
   6.2123900e+05   3.3203125e+01
   6.2126500e+05   8.5388184e+01
   6.2133900e+05   3.7536621e+01
   6.2143400e+05   3.3569336e+01
   6.2144600e+05   3.8391113e+01
   6.2153900e+05   3.3386230e+01
   6.2162900e+05   9.9304199e+01
   6.2171500e+05   5.2185059e+01
   6.2201700e+05   1.0864258e+02
   6.2204000e+05   3.7597656e+01
   6.2207400e+05   3.3813477e+01
   6.4937000e+05   3.8574219e+01
   6.4943500e+05   4.1076660e+01
   6.4948400e+05   1.1547852e+02
   6.4954600e+05   3.5949707e+01
   6.4958000e+05   3.3630371e+01
   6.4959200e+05   6.7382812e+01
   6.4963900e+05   4.6142578e+01
   6.4966700e+05   1.1602783e+02
   6.4969000e+05   3.3325195e+01
   6.4971000e+05   3.8452148e+01
   6.4976200e+05   3.7597656e+01
   6.4979300e+05   3.6987305e+01
   6.4981900e+05   1.0412598e+02
   6.4994800e+05   4.2724609e+01
   6.4997400e+05   8.8500977e+01
   6.5004400e+05   4.4921875e+01
   6.5010300e+05   6.4880371e+01
   6.5024400e+05   8.0017090e+01
   6.5040600e+05   7.7026367e+01
   6.5061100e+05   3.6193848e+01
   6.5062400e+05   9.8632812e+01
   6.5097200e+05   9.5214844e+01
   6.8320800e+05   3.6499023e+01
   6.8326400e+05   1.2634277e+02
   6.8327800e+05   4.5959473e+01
   6.8338600e+05   3.3508301e+01
   6.8341200e+05   3.7231445e+01
   6.8343000e+05   1.1431885e+02
   6.8359100e+05   1.0772705e+02
   6.8367200e+05   3.5766602e+01
   6.8370500e+05   4.1748047e+01
   6.8372600e+05   9.7595215e+01
   6.8376800e+05   3.4057617e+01
   6.8390600e+05   9.5520020e+01
   6.8400600e+05   3.9062500e+01
   6.8411400e+05   1.0064697e+02
   6.8427100e+05   4.1442871e+01
   6.8430800e+05   7.9956055e+01
   6.8442400e+05   3.4179688e+01
   6.8450100e+05   8.9782715e+01
   6.8451400e+05   3.6376953e+01
   7.1699800e+05   4.8461914e+01
   7.1703500e+05   4.1564941e+01
   7.1704700e+05   9.6801758e+01
   7.1713500e+05   3.8513184e+01
   7.1718500e+05   1.1169434e+02
   7.1719800e+05   5.7434082e+01
   7.1731900e+05   3.3874512e+01
   7.1733800e+05   8.7524414e+01
   7.1736200e+05   3.7475586e+01
   7.1749800e+05   8.5754395e+01
   7.1750900e+05   3.8574219e+01
   7.1758300e+05   3.5766602e+01
   7.1762800e+05   8.8256836e+01
   7.1764900e+05   4.2907715e+01
   7.1776900e+05   7.3852539e+01
   7.1795900e+05   7.8063965e+01
   7.1820400e+05   9.1430664e+01
   7.3010000e+05   3.7292480e+01
   8.1483300e+05   4.3151855e+01
   8.1495200e+05   1.1535645e+02
   8.1498900e+05   3.6376953e+01
   8.1500300e+05   3.6437988e+01
   8.1503400e+05   4.6325684e+01
   8.1507700e+05   6.3598633e+01
   8.1509200e+05   3.7536621e+01
   8.1512600e+05   3.6193848e+01
   8.1521900e+05   1.1096191e+02
   8.1525700e+05   3.5583496e+01
   8.1537000e+05   8.0932617e+01
   8.1552200e+05   5.0354004e+01
   8.1565100e+05   3.6804199e+01
   8.1566500e+05   7.2326660e+01
   8.1582500e+05   4.0039062e+01
   8.1587100e+05   3.4545898e+01
   8.1620100e+05   9.2712402e+01
   8.6431100e+05   4.2602539e+01
   8.6463500e+05   6.1218262e+01
   8.6471600e+05   3.4851074e+01
   8.6480000e+05   1.0968018e+02
   8.6481700e+05   4.3090820e+01
   8.6484600e+05   3.3752441e+01
   8.6489900e+05   3.7841797e+01
   8.6492400e+05   8.7036133e+01
   8.6498300e+05   4.0893555e+01
   8.6502800e+05   3.3569336e+01
   8.6507700e+05   8.8317871e+01
   8.6510000e+05   4.4616699e+01
   8.6518900e+05   3.4301758e+01
   8.6526200e+05   8.3374023e+01
   8.6540800e+05   4.2175293e+01
   8.6560400e+05   9.5703125e+01
   9.2246500e+05   4.2358398e+01
   9.2276800e+05   4.2968750e+01
   9.2292500e+05   3.3264160e+01
   9.2295300e+05   1.0443115e+02
   9.2301200e+05   4.1748047e+01
   9.2304700e+05   3.8085938e+01
   9.2310200e+05   9.2590332e+01
   9.2325000e+05   8.8012695e+01
   9.2327400e+05   4.4067383e+01
   9.2343200e+05   1.0241699e+02
   9.2356500e+05   7.6843262e+01
   9.2367800e+05   3.6682129e+01
   9.2374900e+05   1.1120605e+02
   9.2396800e+05   9.4055176e+01
   9.3947300e+05   3.3386230e+01
   9.6194400e+05   4.3945312e+01
   9.6227400e+05   4.3518066e+01
   9.6235000e+05   1.1810303e+02
   9.6241200e+05   3.4790039e+01
   9.6249800e+05   3.9916992e+01
   9.6252000e+05   9.1979980e+01
   9.6255400e+05   3.7780762e+01
   9.6258500e+05   4.3640137e+01
   9.6267600e+05   8.8317871e+01
   9.6281200e+05   3.4851074e+01
   9.6284700e+05   1.0809326e+02
   9.6289400e+05   3.4057617e+01
   9.6305000e+05   9.4360352e+01
   9.6327100e+05   3.5583496e+01
   9.6342800e+05   9.8449707e+01
   1.0109420e+06   3.5827637e+01
   1.0111260e+06   3.8208008e+01
   1.0111860e+06   3.4606934e+01
   1.0116800e+06   3.3264160e+01
   1.0120780e+06   1.1145020e+02
   1.0121740e+06   4.1259766e+01
   1.0121870e+06   3.3447266e+01
   1.0122960e+06   1.0467529e+02
   1.0124240e+06   6.5612793e+01
   1.0124460e+06   9.6130371e+01
   1.0125480e+06   3.7780762e+01
   1.0127230e+06   3.3325195e+01
   1.0127710e+06   8.9294434e+01
   1.0128950e+06   4.1625977e+01
   1.0502030e+06   3.9001465e+01
   1.0505420e+06   3.5644531e+01
   1.0507610e+06   4.4433594e+01
   1.0508220e+06   1.0949707e+02
   1.0508580e+06   3.3996582e+01
   1.0508790e+06   4.1381836e+01
   1.0509480e+06   1.0168457e+02
   1.0510330e+06   3.4057617e+01
   1.0510580e+06   3.6376953e+01
   1.0511080e+06   3.3447266e+01
   1.0511530e+06   4.1748047e+01
   1.0512520e+06   3.9978027e+01
   1.0513180e+06   9.4116211e+01
   1.0513500e+06   3.9855957e+01
   1.0515400e+06   9.1369629e+01
   1.0516040e+06   3.4118652e+01
   1.0517350e+06   9.0087891e+01
   1.0518670e+06   3.7231445e+01
   1.0522280e+06   3.4362793e+01
   1.0930350e+06   4.0649414e+01
   1.0931940e+06   3.3447266e+01
   1.0932450e+06   5.2307129e+01
   1.0934250e+06   3.5888672e+01
   1.0934540e+06   9.8754883e+01
   1.0935620e+06   3.6376953e+01
   1.0936150e+06   9.5642090e+01
   1.0937460e+06   3.4851074e+01
   1.0937570e+06   7.1838379e+01
   1.0938700e+06   3.3142090e+01
   1.0938980e+06   8.1909180e+01
   1.0940030e+06   3.4484863e+01
   1.0940280e+06   3.7414551e+01
   1.0941270e+06   8.7341309e+01
   1.0942510e+06   3.3874512e+01
   1.0942990e+06   7.8552246e+01
   1.0947690e+06   1.0028076e+02
   1.1319400e+06   3.3630371e+01
   1.1322720e+06   3.4545898e+01
   1.1324460e+06   1.0644531e+02
   1.1324570e+06   3.7048340e+01
   1.1324920e+06   3.4057617e+01
   1.1325410e+06   4.7241211e+01
   1.1325920e+06   4.0283203e+01
   1.1326840e+06   1.1395264e+02
   1.1328590e+06   1.0345459e+02
   1.1329400e+06   4.5471191e+01
   1.1330600e+06   8.7341309e+01
   1.1331610e+06   4.8034668e+01
   1.1332270e+06   3.7841797e+01
   1.1333640e+06   3.4606934e+01
   1.1334560e+06   1.0156250e+02
   1.1664420e+06   3.4790039e+01
   1.1666340e+06   3.6499023e+01
   1.1667250e+06   3.4973145e+01
   1.1668560e+06   3.4545898e+01
   1.1668710e+06   3.5400391e+01
   1.1669160e+06   1.0601807e+02
   1.1669780e+06   4.7729492e+01
   1.1670530e+06   8.9233398e+01
   1.1670660e+06   5.4626465e+01
   1.1672130e+06   1.0681152e+02
   1.1673730e+06   1.2243652e+02
   1.1675530e+06   9.2651367e+01
   1.1676240e+06   3.7170410e+01
   1.1677560e+06   8.7707520e+01
   1.1679960e+06   1.0870361e+02
   1.1683360e+06   4.4799805e+01
   1.1951230e+06   3.6437988e+01
   1.1954870e+06   4.3029785e+01
   1.1956250e+06   1.1456299e+02
   1.1956370e+06   3.6804199e+01
   1.1956750e+06   3.7048340e+01
   1.1957360e+06   4.0100098e+01
   1.1957670e+06   1.0144043e+02
   1.1957840e+06   4.2541504e+01
   1.1958000e+06   3.6865234e+01
   1.1958370e+06   4.3945312e+01
   1.1959360e+06   1.0522461e+02
   1.1959630e+06   3.6499023e+01
   1.1960010e+06   3.5461426e+01
   1.1960600e+06   3.7475586e+01
   1.1961250e+06   9.1613770e+01
   1.1962640e+06   3.4240723e+01
   1.1963430e+06   9.4665527e+01
   1.1965320e+06   9.8022461e+01
   1.1965710e+06   3.5339355e+01
   1.1966650e+06   3.6071777e+01
   1.1966920e+06   3.7780762e+01
   1.1967580e+06   8.5998535e+01
   1.1969600e+06   3.6926270e+01
   1.3254410e+06   3.6560059e+01
   1.3255610e+06   3.8452148e+01
   1.3256110e+06   5.4321289e+01
   1.3256330e+06   4.0039062e+01
   1.3257090e+06   1.0870361e+02
   1.3257710e+06   4.8950195e+01
   1.3257830e+06   3.3752441e+01
   1.3258240e+06   3.4301758e+01
   1.3258420e+06   9.9731445e+01
   1.3258770e+06   3.4362793e+01
   1.3259320e+06   4.0893555e+01
   1.3259530e+06   9.3078613e+01
   1.3260690e+06   6.5551758e+01
   1.3262200e+06   9.7534180e+01
   1.3263910e+06   8.6120605e+01
   1.3265600e+06   7.2082520e+01
   1.3267700e+06   8.4899902e+01
   1.3270710e+06   9.2285156e+01
   1.3510660e+06   3.5339355e+01
   1.3514070e+06   4.4738770e+01
   1.3514490e+06   4.4189453e+01
   1.3514610e+06   3.3996582e+01
   1.3514800e+06   3.7475586e+01
   1.3514980e+06   3.9367676e+01
   1.3515370e+06   1.1352539e+02
   1.3516190e+06   3.8513184e+01
   1.3516390e+06   3.5156250e+01
   1.3516710e+06   3.4912109e+01
   1.3517140e+06   9.8815918e+01
   1.3518120e+06   3.8635254e+01
   1.3518280e+06   3.4667969e+01
   1.3518470e+06   8.3312988e+01
   1.3519330e+06   4.2968750e+01
   1.3519860e+06   7.6965332e+01
   1.3521380e+06   7.5439453e+01
   1.3522750e+06   7.6660156e+01
   1.3522870e+06   4.4921875e+01
   1.3523750e+06   3.3447266e+01
   1.3524640e+06   7.6049805e+01
   1.3527000e+06   9.0393066e+01
   1.3528760e+06   3.4790039e+01
   1.3529180e+06   8.4045410e+01
   1.3531760e+06   9.0270996e+01
   1.4065960e+06   3.5522461e+01
   1.4066550e+06   3.3752441e+01
   1.4067370e+06   4.1687012e+01
   1.4067710e+06   3.9550781e+01
   1.4068600e+06   1.1474609e+02
   1.4068830e+06   4.0161133e+01
   1.4069320e+06   3.8208008e+01
   1.4069640e+06   3.4729004e+01
   1.4069940e+06   9.3933105e+01
   1.4070140e+06   3.7841797e+01
   1.4070450e+06   4.0527344e+01
   1.4071370e+06   1.0150146e+02
   1.4072120e+06   3.9123535e+01
   1.4072760e+06   8.7890625e+01
   1.4074130e+06   5.9692383e+01
   1.4074340e+06   3.8330078e+01
   1.4075480e+06   6.7626953e+01
   1.4077270e+06   4.2968750e+01
   1.4079000e+06   8.1604004e+01
   1.4081030e+06   7.9589844e+01
   1.4791370e+06   3.4240723e+01
   1.4791860e+06   3.7597656e+01
   1.4792910e+06   4.1137695e+01
   1.4793320e+06   3.6621094e+01
   1.4793610e+06   3.8208008e+01
   1.4793990e+06   3.3630371e+01
   1.4794210e+06   3.5461426e+01
   1.4794670e+06   3.7536621e+01
   1.4794820e+06   9.2285156e+01
   1.4795000e+06   3.4118652e+01
   1.4795950e+06   1.1016846e+02
   1.4796720e+06   3.7231445e+01
   1.4797020e+06   9.4848633e+01
   1.4798260e+06   7.2631836e+01
   1.4798750e+06   3.3325195e+01
   1.4799440e+06   7.0861816e+01
   1.4801160e+06   7.3730469e+01
   1.4802790e+06   7.5378418e+01
   1.4804830e+06   9.9182129e+01
   1.4807090e+06   8.5937500e+01
   1.9712560e+06   5.7312012e+01
   1.9712950e+06   5.4504395e+01
   1.9713110e+06   3.7170410e+01
   1.9713460e+06   3.4545898e+01
   1.9713710e+06   3.5888672e+01
   1.9714360e+06   1.1035156e+02
   1.9715130e+06   9.5397949e+01
   1.9715310e+06   4.2724609e+01
   1.9715960e+06   6.8115234e+01
   1.9716140e+06   3.3081055e+01
   1.9716510e+06   3.7170410e+01
   1.9716810e+06   3.8513184e+01
   1.9717480e+06   3.5522461e+01
   1.9720590e+06   6.0791016e+01
   1.9722260e+06   6.0363770e+01
   1.9724200e+06   9.1674805e+01
   1.9726710e+06   4.0100098e+01
   1.9728000e+06   9.5703125e+01
   1.9728970e+06   3.3630371e+01
   1.9730450e+06   8.4960938e+01
   1.9733700e+06   3.6926270e+01
   1.9734190e+06   9.0209961e+01
   1.9738070e+06   3.3081055e+01
   2.0283880e+06   3.6010742e+01
   2.0284390e+06   6.4086914e+01
   2.0286140e+06   3.7536621e+01
   2.0286340e+06   1.2188721e+02
   2.0286610e+06   3.9794922e+01
   2.0287330e+06   1.1694336e+02
   2.0287460e+06   5.3466797e+01
   2.0287990e+06   4.8278809e+01
   2.0288410e+06   6.3598633e+01
   2.0288770e+06   3.7292480e+01
   2.0289080e+06   3.4606934e+01
   2.0289300e+06   3.8208008e+01
   2.0293380e+06   3.6560059e+01
   2.0295080e+06   5.2429199e+01
   2.0296490e+06   4.9316406e+01
   2.0297680e+06   5.4565430e+01
   2.0299720e+06   7.5866699e+01
   2.0301050e+06   6.2622070e+01
   2.0302360e+06   6.5368652e+01
   2.0304600e+06   5.6884766e+01
   2.0306280e+06   6.1218262e+01
   2.0308460e+06   6.8237305e+01
   2.0426870e+06   3.8208008e+01
   2.0427140e+06   3.6010742e+01
   2.0428100e+06   9.9670410e+01
   2.0428810e+06   6.7932129e+01
   2.0429450e+06   1.0882568e+02
   2.0430290e+06   3.4973145e+01
   2.0430440e+06   7.9406738e+01
   2.0431400e+06   6.6467285e+01
   2.0431970e+06   3.6865234e+01
   2.0432330e+06   5.2307129e+01
   2.0432730e+06   3.5339355e+01
   2.0433150e+06   4.0039062e+01
   2.0433520e+06   3.6254883e+01
   2.0440930e+06   3.3264160e+01
   2.0444130e+06   3.3447266e+01
   2.0445530e+06   4.4433594e+01
   2.0448090e+06   4.5532227e+01
   2.0449830e+06   6.1584473e+01
   2.0452550e+06   7.4707031e+01
   2.0458620e+06   3.3142090e+01
   2.0561690e+06   3.5278320e+01
   2.0564010e+06   1.1108398e+02
   2.0564190e+06   6.9274902e+01
   2.0565390e+06   1.0784912e+02
   2.0566080e+06   3.7841797e+01
   2.0566190e+06   3.7658691e+01
   2.0566980e+06   6.0607910e+01
   2.0567340e+06   3.7109375e+01
   2.0568070e+06   3.4484863e+01
   2.0568420e+06   8.4533691e+01
   2.0569660e+06   4.7607422e+01
   2.0570170e+06   3.4423828e+01
   2.0570810e+06   4.9621582e+01
   2.0571340e+06   3.7597656e+01
   2.0572180e+06   5.2978516e+01
   2.0573920e+06   4.7241211e+01
   2.0575010e+06   3.6254883e+01
   2.0576620e+06   4.3945312e+01
   2.0578470e+06   4.3762207e+01
   2.0580360e+06   6.5368652e+01
   2.0582550e+06   6.3415527e+01
   2.0584050e+06   3.4667969e+01
   2.0585780e+06   7.6049805e+01
   2.0690590e+06   4.1870117e+01
   2.0692760e+06   3.9367676e+01
   2.0694130e+06   1.1022949e+02
   2.0694370e+06   3.3630371e+01
   2.0694920e+06   4.1259766e+01
   2.0695460e+06   1.1407471e+02
   2.0696580e+06   4.6752930e+01
   2.0697090e+06   1.0888672e+02
   2.0698440e+06   3.6376953e+01
   2.0698550e+06   8.3557129e+01
   2.0700180e+06   7.0861816e+01
   2.0700710e+06   3.3386230e+01
   2.0701530e+06   5.6945801e+01
   2.0703140e+06   6.5307617e+01
   2.0703680e+06   3.4606934e+01
   2.0704590e+06   6.7443848e+01
   2.0706000e+06   5.7189941e+01
   2.0706110e+06   3.7353516e+01
   2.0707560e+06   5.3710938e+01
   2.0709080e+06   5.1635742e+01
   2.0711070e+06   6.9152832e+01
   2.0713450e+06   7.9895020e+01
   2.0884470e+06   3.3081055e+01
   2.0890280e+06   3.8879395e+01
   2.0892070e+06   1.1602783e+02
   2.0892170e+06   3.9184570e+01
   2.0892730e+06   4.9499512e+01
   2.0893680e+06   9.6862793e+01
   2.0894080e+06   4.2968750e+01
   2.0894260e+06   3.4423828e+01
   2.0895140e+06   4.4433594e+01
   2.0896550e+06   7.9895020e+01
   2.0897350e+06   3.4545898e+01
   2.0897640e+06   6.4392090e+01
   2.0899050e+06   4.9926758e+01
   2.0900500e+06   7.0251465e+01
   2.0901680e+06   5.9692383e+01
   2.0903550e+06   6.1584473e+01
   2.0905270e+06   6.5124512e+01
   2.0907460e+06   8.0566406e+01
   2.0909510e+06   8.2946777e+01
   2.1031870e+06   3.3508301e+01
   2.1033080e+06   5.2490234e+01
   2.1033720e+06   4.0832520e+01
   2.1034640e+06   3.6132812e+01
   2.1035710e+06   1.2188721e+02
   2.1036320e+06   3.4667969e+01
   2.1036870e+06   3.5522461e+01
   2.1037370e+06   1.0498047e+02
   2.1037740e+06   4.0527344e+01
   2.1038150e+06   3.9855957e+01
   2.1038990e+06   4.1015625e+01
   2.1039170e+06   1.0430908e+02
   2.1040030e+06   4.4982910e+01
   2.1040910e+06   9.1552734e+01
   2.1041800e+06   4.0344238e+01
   2.1042260e+06   8.3618164e+01
   2.1043670e+06   6.2500000e+01
   2.1045540e+06   7.0251465e+01
   2.1047070e+06   6.8969727e+01
   2.1047510e+06   3.3081055e+01
   2.1048820e+06   7.1350098e+01
   2.1049160e+06   3.4851074e+01
   2.1050650e+06   8.0139160e+01
   2.1055340e+06   3.5522461e+01
   2.1062180e+06   3.4545898e+01
   2.1067140e+06   4.0405273e+01
   2.1138050e+06   3.7292480e+01
   2.1246500e+06   7.7697754e+01
   2.1248070e+06   1.1468506e+02
   2.1248350e+06   3.4118652e+01
   2.1248810e+06   3.3203125e+01
   2.1249390e+06   8.1909180e+01
   2.1249900e+06   4.3395996e+01
   2.1250660e+06   3.6071777e+01
   2.1251060e+06   9.3017578e+01
   2.1251930e+06   3.5827637e+01
   2.1252380e+06   9.7595215e+01
   2.1253690e+06   3.4484863e+01
   2.1254080e+06   3.7719727e+01
   2.1255310e+06   5.7250977e+01
   2.1256720e+06   8.2092285e+01
   2.1258070e+06   5.8776855e+01
   2.1259830e+06   5.9020996e+01
   2.1261520e+06   7.5012207e+01
   2.1263620e+06   6.3354492e+01
   2.1266050e+06   7.1960449e+01
   2.1401560e+06   4.4555664e+01
   2.1405140e+06   3.6071777e+01
   2.1405710e+06   3.5217285e+01
   2.1409360e+06   4.0832520e+01
   2.1409800e+06   4.9987793e+01
   2.1409910e+06   1.0852051e+02
   2.1410660e+06   3.6254883e+01
   2.1411760e+06   1.0070801e+02
   2.1412230e+06   3.8818359e+01
   2.1412340e+06   4.1137695e+01
   2.1413510e+06   1.0235596e+02
   2.1415190e+06   1.0589600e+02
   2.1416900e+06   8.5937500e+01
   2.1417650e+06   4.0039062e+01
   2.1418640e+06   9.1064453e+01
   2.1420330e+06   8.9050293e+01
   2.1420430e+06   3.4301758e+01
   2.1422380e+06   8.6791992e+01
   2.1422600e+06   3.3691406e+01
   2.1424200e+06   3.6071777e+01
   2.1425310e+06   7.5622559e+01
   2.1604800e+06   3.5217285e+01
   2.1606210e+06   3.4973145e+01
   2.1608310e+06   3.7841797e+01
   2.1609220e+06   1.1132813e+02
   2.1610380e+06   3.3203125e+01
   2.1610570e+06   4.3029785e+01
   2.1610800e+06   9.1918945e+01
   2.1612430e+06   5.4504395e+01
   2.1612550e+06   3.5949707e+01
   2.1613190e+06   4.2663574e+01
   2.1614110e+06   9.0942383e+01
   2.1614450e+06   4.1137695e+01
   2.1615790e+06   7.0556641e+01
   2.1616330e+06   4.1442871e+01
   2.1617450e+06   7.3547363e+01
   2.1619620e+06   8.6730957e+01
   2.1621600e+06   8.8928223e+01
   2.1625100e+06   7.7270508e+01
   2.1747680e+06   4.2053223e+01
   2.1815410e+06   5.8654785e+01
   2.1817780e+06   3.4545898e+01
   2.1818060e+06   3.8208008e+01
   2.1818590e+06   1.1010742e+02
   2.1820340e+06   1.0858154e+02
   2.1820640e+06   4.6264648e+01
   2.1821970e+06   9.5581055e+01
   2.1822730e+06   4.2663574e+01
   2.1822950e+06   3.3996582e+01
   2.1823720e+06   8.4106445e+01
   2.1824580e+06   3.9794922e+01
   2.1825080e+06   9.7534180e+01
   2.1826120e+06   3.4851074e+01
   2.1826640e+06   7.9895020e+01
   2.1827100e+06   3.3142090e+01
   2.1828270e+06   8.3740234e+01
   2.1829950e+06   7.6843262e+01
   2.1831880e+06   9.1613770e+01
   2.1832070e+06   3.4545898e+01
   2.1834500e+06   8.0810547e+01
   2.1835000e+06   3.5888672e+01
   2.1837890e+06   3.3447266e+01
   2.2058230e+06   3.5766602e+01
   2.2061060e+06   4.6630859e+01
   2.2061820e+06   4.2968750e+01
   2.2062010e+06   3.3081055e+01
   2.2062280e+06   1.0345459e+02
   2.2063980e+06   1.1340332e+02
   2.2064090e+06   4.4128418e+01
   2.2065890e+06   8.9538574e+01
   2.2066130e+06   4.3395996e+01
   2.2067580e+06   9.4543457e+01
   2.2068290e+06   3.4912109e+01
   2.2069090e+06   8.7463379e+01
   2.2069500e+06   4.1442871e+01
   2.2071070e+06   7.2204590e+01
   2.2072940e+06   9.3750000e+01
   2.2074870e+06   7.8918457e+01
   2.2078270e+06   9.5642090e+01
   2.2275300e+06   3.6743164e+01
   2.2276820e+06   4.3029785e+01
   2.2277910e+06   5.4016113e+01
   2.2278730e+06   1.1596680e+02
   2.2278930e+06   3.3325195e+01
   2.2279310e+06   4.2053223e+01
   2.2280430e+06   4.4738770e+01
   2.2281470e+06   5.6579590e+01
   2.2282340e+06   1.0211182e+02
   2.2283320e+06   4.1198730e+01
   2.2283800e+06   9.1308594e+01
   2.2285430e+06   3.4301758e+01
   2.2285710e+06   7.8247070e+01
   2.2287380e+06   8.4716797e+01
   2.2289360e+06   9.3200684e+01
   2.2291300e+06   7.3974609e+01
   2.2292620e+06   3.4851074e+01
   2.2293460e+06   9.3078613e+01
   2.2298060e+06   3.5217285e+01
   2.2618610e+06   3.5644531e+01
   2.2618960e+06   3.7475586e+01
   2.2620590e+06   1.0998535e+02
   2.2622170e+06   9.6252441e+01
   2.2622300e+06   4.2419434e+01
   2.2623410e+06   8.9721680e+01
   2.2623740e+06   3.8513184e+01
   2.2623980e+06   3.3142090e+01
   2.2624620e+06   8.8195801e+01
   2.2624860e+06   3.6804199e+01
   2.2625700e+06   3.7048340e+01
   2.2625960e+06   7.0373535e+01
   2.2627470e+06   9.2590332e+01
   2.2629050e+06   7.5500488e+01
   2.2630530e+06   8.3557129e+01
   2.2632660e+06   8.8928223e+01
   2.2634570e+06   7.6965332e+01
   2.2872610e+06   4.0466309e+01
   2.2876720e+06   4.2968750e+01
   2.2878180e+06   3.9489746e+01
   2.2879710e+06   3.7109375e+01
   2.2880470e+06   3.6926270e+01
   2.2880640e+06   1.0412598e+02
   2.2881860e+06   3.9489746e+01
   2.2882180e+06   8.9843750e+01
   2.2882950e+06   3.7170410e+01
   2.2883640e+06   3.8696289e+01
   2.2884610e+06   1.0308838e+02
   2.2886280e+06   3.8818359e+01
   2.2886950e+06   9.0393066e+01
   2.2888250e+06   3.6804199e+01
   2.2888650e+06   3.8452148e+01
   2.2889300e+06   1.1651611e+02
   2.2891910e+06   3.9794922e+01
   2.3242740e+06   3.4545898e+01
   2.3248930e+06   3.4423828e+01
   2.3249740e+06   4.6752930e+01
   2.3250660e+06   3.5949707e+01
   2.3251760e+06   1.3085938e+02
   2.3252030e+06   3.3142090e+01
   2.3253310e+06   1.3146973e+02
   2.3253640e+06   4.2297363e+01
   2.3254160e+06   3.7841797e+01
   2.3254910e+06   9.1796875e+01
   2.3255720e+06   3.9062500e+01
   2.3256290e+06   1.0968018e+02
   2.3258220e+06   8.6791992e+01
   2.3258860e+06   3.3752441e+01
   2.3259900e+06   7.8430176e+01
   2.3261560e+06   8.5388184e+01
   2.3263980e+06   8.7341309e+01
   2.3266890e+06   8.6975098e+01
   2.4639870e+06   4.4189453e+01
   2.5364450e+06   4.1564941e+01
   2.5364550e+06   4.7668457e+01
   2.5370490e+06   3.4423828e+01
   2.5373500e+06   3.4606934e+01
   2.5373630e+06   3.7963867e+01
   2.5377630e+06   3.9550781e+01
   2.5378650e+06   4.3518066e+01
   2.5379510e+06   3.4423828e+01
   2.5379790e+06   1.1138916e+02
   2.5379970e+06   4.6447754e+01
   2.5380620e+06   3.3691406e+01
   2.5381110e+06   9.5886230e+01
   2.5382580e+06   1.0736084e+02
   2.5383140e+06   3.9611816e+01
   2.5384130e+06   9.8876953e+01
   2.5385440e+06   9.6008301e+01
   2.5387590e+06   8.9355469e+01
   2.5390210e+06   8.8073730e+01
   2.6529350e+06   3.4240723e+01
   2.6531840e+06   3.5400391e+01
   2.6952710e+06   3.4912109e+01
   2.6956080e+06   4.1870117e+01
   2.6957050e+06   4.6386719e+01
   2.6963880e+06   4.6203613e+01
   2.6965140e+06   3.6010742e+01
   2.6965820e+06   1.1535645e+02
   2.6966290e+06   3.4667969e+01
   2.6966470e+06   3.3630371e+01
   2.6966680e+06   4.8095703e+01
   2.6966990e+06   3.3081055e+01
   2.6967330e+06   1.0119629e+02
   2.6968600e+06   9.4665527e+01
   2.6968930e+06   3.3630371e+01
   2.6970210e+06   1.0681152e+02
   2.6970330e+06   3.3325195e+01
   2.6971300e+06   6.3415527e+01
   2.6972940e+06   1.0211182e+02
   2.6974810e+06   8.8012695e+01
   2.6976870e+06   9.8632812e+01
   2.7556910e+06   3.3569336e+01
   2.7557550e+06   3.4362793e+01
   2.7558520e+06   3.3203125e+01
   2.7564600e+06   3.9916992e+01
   2.7567870e+06   3.4484863e+01
   2.7570380e+06   4.1442871e+01
   2.7571110e+06   3.5949707e+01
   2.7574340e+06   4.2236328e+01
   2.7574600e+06   1.1407471e+02
   2.7575100e+06   4.8706055e+01
   2.7575360e+06   4.0771484e+01
   2.7576140e+06   6.0180664e+01
   2.7576340e+06   3.7841797e+01
   2.7577340e+06   3.8452148e+01
   2.7577550e+06   1.1291504e+02
   2.7578850e+06   9.9060059e+01
   2.7579630e+06   3.3813477e+01
   2.7580320e+06   7.3486328e+01
   2.7580620e+06   3.5766602e+01
   2.7581160e+06   3.4179688e+01
   2.7581630e+06   7.8186035e+01
   2.7583050e+06   3.3264160e+01
   2.7583430e+06   7.8430176e+01
   2.7585040e+06   8.0383301e+01
   2.7587360e+06   7.9833984e+01
   2.7897820e+06   3.4545898e+01
   2.7900690e+06   4.4982910e+01
   2.7901190e+06   3.3325195e+01
   2.7901310e+06   3.4118652e+01
   2.7903040e+06   3.3264160e+01
   2.7903330e+06   3.6132812e+01
   2.7904060e+06   3.3325195e+01
   2.7905230e+06   3.4912109e+01
   2.7905480e+06   4.4433594e+01
   2.7905740e+06   1.1566162e+02
   2.7906040e+06   3.8879395e+01
   2.7906290e+06   3.5827637e+01
   2.7907280e+06   9.7595215e+01
   2.7907940e+06   3.9611816e+01
   2.7908330e+06   3.4912109e+01
   2.7908620e+06   9.0026855e+01
   2.7910090e+06   9.5336914e+01
   2.7911180e+06   3.4851074e+01
   2.7911300e+06   4.6447754e+01
   2.7913130e+06   8.9111328e+01
   2.7914620e+06   7.1594238e+01
   2.7914990e+06   3.3447266e+01
   2.7917390e+06   7.4523926e+01
   2.7920220e+06   8.5205078e+01
   2.8492320e+06   3.6132812e+01
   2.8495420e+06   4.4250488e+01
   2.8498650e+06   3.4851074e+01
   2.8502260e+06   4.5227051e+01
   2.8503730e+06   3.5278320e+01
   2.8503960e+06   1.1212158e+02
   2.8504220e+06   3.5278320e+01
   2.8504320e+06   4.0100098e+01
   2.8505340e+06   1.0479736e+02
   2.8505850e+06   4.7912598e+01
   2.8506490e+06   3.5522461e+01
   2.8506940e+06   9.7839355e+01
   2.8507960e+06   8.1787109e+01
   2.8509540e+06   6.3964844e+01
   2.8510930e+06   7.3303223e+01
   2.8511680e+06   3.3935547e+01
   2.8512970e+06   8.9721680e+01
   2.8514740e+06   6.7626953e+01
   2.8516730e+06   9.2468262e+01
   2.8516920e+06   3.4973145e+01
   2.8522590e+06   3.6132812e+01
   2.8943740e+06   3.4729004e+01
   2.8947160e+06   3.8818359e+01
   2.8949350e+06   3.3874512e+01
   2.8950230e+06   3.5827637e+01
   2.8950420e+06   4.2846680e+01
   2.8950920e+06   3.7109375e+01
   2.8951440e+06   1.0699463e+02
   2.8953020e+06   1.2890625e+02
   2.8953240e+06   3.3081055e+01
   2.8954690e+06   8.9416504e+01
   2.8955320e+06   3.3691406e+01
   2.8955930e+06   6.3903809e+01
   2.8957310e+06   8.4533691e+01
   2.8958660e+06   3.5278320e+01
   2.8958890e+06   6.9458008e+01
   2.8960580e+06   7.2570801e+01
   2.8962540e+06   8.7951660e+01
   2.8964510e+06   3.7597656e+01
   2.8964840e+06   7.8491211e+01
   2.9274700e+06   3.3508301e+01
   2.9285980e+06   4.6264648e+01
   2.9286400e+06   3.5278320e+01
   2.9286530e+06   1.2103271e+02
   2.9286720e+06   4.2480469e+01
   2.9286830e+06   5.3344727e+01
   2.9288090e+06   9.6618652e+01
   2.9288200e+06   3.5522461e+01
   2.9289200e+06   4.6691895e+01
   2.9289720e+06   8.0200195e+01
   2.9290050e+06   3.3691406e+01
   2.9290620e+06   3.3508301e+01
   2.9291110e+06   9.2346191e+01
   2.9292630e+06   8.8562012e+01
   2.9294110e+06   7.6782227e+01
   2.9295810e+06   8.8745117e+01
   2.9296160e+06   3.6193848e+01
   2.9298140e+06   8.8928223e+01
   2.9300350e+06   9.8022461e+01
   2.9301170e+06   3.4667969e+01
   3.0361490e+06   5.1269531e+01
   3.0362770e+06   5.5786133e+01
   3.0363140e+06   1.2152100e+02
   3.0363580e+06   3.9855957e+01
   3.0364450e+06   3.9733887e+01
   3.0364730e+06   3.9733887e+01
   3.0365070e+06   3.6865234e+01
   3.0365450e+06   6.5979004e+01
   3.0365800e+06   3.9306641e+01
   3.0366690e+06   9.4543457e+01
   3.0367830e+06   7.6477051e+01
   3.0369340e+06   7.2143555e+01
   3.0371410e+06   8.4960938e+01
   3.0373010e+06   8.8623047e+01
   3.0375250e+06   8.9416504e+01
   3.0377660e+06   8.4899902e+01
   3.0381100e+06   9.5153809e+01
   3.1148310e+06   3.6987305e+01
   3.1150330e+06   4.0222168e+01
   3.1151680e+06   3.3386230e+01
   3.1151960e+06   3.6437988e+01
   3.1152350e+06   1.2615967e+02
   3.1152480e+06   3.8452148e+01
   3.1153660e+06   9.7412109e+01
   3.1154840e+06   9.1064453e+01
   3.1155320e+06   3.4790039e+01
   3.1156580e+06   7.5073242e+01
   3.1157570e+06   6.4453125e+01
   3.1157690e+06   3.3081055e+01
   3.1158830e+06   7.1289062e+01
   3.1160490e+06   8.8317871e+01
   3.1160740e+06   3.4240723e+01
   3.1162250e+06   3.3142090e+01
   3.1162400e+06   8.0505371e+01
   3.1164380e+06   9.4848633e+01
   3.1664290e+06   4.9316406e+01
   3.1664470e+06   4.0100098e+01
   3.1666350e+06   4.0222168e+01
   3.1666790e+06   3.8635254e+01
   3.1667540e+06   3.5827637e+01
   3.1668430e+06   1.2933350e+02
   3.1668590e+06   3.4362793e+01
   3.1668860e+06   3.8208008e+01
   3.1669110e+06   3.7353516e+01
   3.1669670e+06   5.0415039e+01
   3.1669810e+06   8.6242676e+01
   3.1670450e+06   5.5053711e+01
   3.1670960e+06   7.7819824e+01
   3.1671520e+06   3.8330078e+01
   3.1672640e+06   9.5214844e+01
   3.1673970e+06   7.8063965e+01
   3.1675230e+06   7.6049805e+01
   3.1675490e+06   4.0405273e+01
   3.1676700e+06   8.7280273e+01
   3.1678510e+06   8.1359863e+01
   3.1680330e+06   8.3435059e+01
   3.1682680e+06   8.7036133e+01
   3.1685740e+06   9.3444824e+01
   3.2244960e+06   4.3212891e+01
   3.2246480e+06   4.6020508e+01
   3.2247390e+06   3.7353516e+01
   3.2248570e+06   5.6335449e+01
   3.2249060e+06   3.5522461e+01
   3.2249350e+06   4.0588379e+01
   3.2249550e+06   9.1613770e+01
   3.2250170e+06   5.2001953e+01
   3.2251110e+06   4.8522949e+01
   3.2252060e+06   3.8513184e+01
   3.2252160e+06   8.0566406e+01
   3.2253260e+06   6.8847656e+01
   3.2254440e+06   6.1523438e+01
   3.2256070e+06   7.3303223e+01
   3.2257590e+06   7.8613281e+01
   3.2259400e+06   5.8471680e+01
   3.2261200e+06   5.1452637e+01
   3.2262870e+06   6.3598633e+01
   3.2265130e+06   3.5827637e+01
   3.2265610e+06   7.9772949e+01
   3.2268270e+06   9.1613770e+01
   3.2270560e+06   3.6071777e+01
   3.2832150e+06   3.3813477e+01
   3.2834160e+06   3.5339355e+01
   3.2834530e+06   3.9367676e+01
   3.2835630e+06   3.5156250e+01
   3.2835890e+06   3.4667969e+01
   3.2836400e+06   1.0906982e+02
   3.2836650e+06   3.5522461e+01
   3.2837570e+06   9.9731445e+01
   3.2838220e+06   4.3518066e+01
   3.2838800e+06   1.0327148e+02
   3.2839140e+06   3.6743164e+01
   3.2839960e+06   4.4372559e+01
   3.2840360e+06   8.2946777e+01
   3.2841580e+06   7.3730469e+01
   3.2842040e+06   4.8339844e+01
   3.2842650e+06   5.6945801e+01
   3.2844090e+06   5.0659180e+01
   3.2845690e+06   6.7382812e+01
   3.2846060e+06   3.3569336e+01
   3.2846610e+06   3.6865234e+01
   3.2847770e+06   7.6293945e+01
   3.2849420e+06   9.1125488e+01
   3.2851620e+06   7.9650879e+01
   3.2854190e+06   9.0759277e+01
   3.2856930e+06   3.3081055e+01
   3.3384320e+06   3.5461426e+01
   3.3385160e+06   3.8024902e+01
   3.3386780e+06   4.1381836e+01
   3.3387050e+06   4.3823242e+01
   3.3387410e+06   3.4912109e+01
   3.3388440e+06   1.0595703e+02
   3.3388740e+06   3.6926270e+01
   3.3389100e+06   3.5034180e+01
   3.3389650e+06   9.1613770e+01
   3.3389940e+06   3.3264160e+01
   3.3390600e+06   3.7231445e+01
   3.3390760e+06   7.7331543e+01
   3.3391050e+06   3.4667969e+01
   3.3391900e+06   1.0119629e+02
   3.3393210e+06   7.5134277e+01
   3.3394320e+06   3.3630371e+01
   3.3395060e+06   7.2753906e+01
   3.3397120e+06   8.2519531e+01
   3.3398560e+06   7.1960449e+01
   3.3400140e+06   3.4851074e+01
   3.3400240e+06   7.9406738e+01
   3.3402540e+06   8.3618164e+01
   3.3404370e+06   6.9030762e+01
   3.3405300e+06   3.4423828e+01
   3.4126650e+06   4.1198730e+01
   3.4127360e+06   3.6071777e+01
   3.4129120e+06   3.7353516e+01
   3.4130860e+06   4.4860840e+01
   3.4131210e+06   1.1193848e+02
   3.4131870e+06   3.6376953e+01
   3.4132110e+06   3.8696289e+01
   3.4132520e+06   1.0229492e+02
   3.4132830e+06   3.3508301e+01
   3.4133760e+06   8.6853027e+01
   3.4134300e+06   4.7973633e+01
   3.4135200e+06   7.1716309e+01
   3.4135500e+06   3.7597656e+01
   3.4136490e+06   7.0861816e+01
   3.4137670e+06   5.8471680e+01
   3.4139080e+06   7.8063965e+01
   3.4140790e+06   8.0200195e+01
   3.4142310e+06   7.4401855e+01
   3.4144530e+06   7.7575684e+01
   3.4146490e+06   8.7402344e+01
   3.4148880e+06   8.4167480e+01
   3.4388380e+06   3.7536621e+01
   3.4389990e+06   4.1198730e+01
   3.4390690e+06   3.6926270e+01
   3.4391110e+06   3.7719727e+01
   3.4392470e+06   4.3701172e+01
   3.4393140e+06   5.7983398e+01
   3.4393800e+06   1.2377930e+02
   3.4394480e+06   3.4790039e+01
   3.4394670e+06   3.6743164e+01
   3.4394870e+06   3.3325195e+01
   3.4395030e+06   1.0314941e+02
   3.4395370e+06   3.8146973e+01
   3.4396060e+06   3.8085938e+01
   3.4396420e+06   8.6608887e+01
   3.4397270e+06   3.4790039e+01
   3.4397850e+06   8.7646484e+01
   3.4399200e+06   5.2856445e+01
   3.4399860e+06   3.3691406e+01
   3.4400460e+06   3.3996582e+01
   3.4400790e+06   6.4697266e+01
   3.4402300e+06   8.2885742e+01
   3.4403770e+06   5.7495117e+01
   3.4405760e+06   6.9824219e+01
   3.4407540e+06   7.2448730e+01
   3.4409640e+06   7.2509766e+01
   3.4409840e+06   3.6560059e+01
   3.4697660e+06   3.7109375e+01
   3.4697800e+06   3.9184570e+01
   3.4699730e+06   4.3518066e+01
   3.4700030e+06   1.3995361e+02
   3.4701110e+06   3.7231445e+01
   3.4701520e+06   1.2005615e+02
   3.4702000e+06   3.7780762e+01
   3.4702760e+06   3.3691406e+01
   3.4702980e+06   9.9060059e+01
   3.4703250e+06   4.0039063e+01
   3.4704330e+06   8.9782715e+01
   3.4704950e+06   3.8574219e+01
   3.4705650e+06   6.2500000e+01
   3.4707010e+06   6.8603516e+01
   3.4708450e+06   8.1542969e+01
   3.4708680e+06   4.2663574e+01
   3.4709580e+06   3.4301758e+01
   3.4710120e+06   6.0546875e+01
   3.4711870e+06   6.6833496e+01
   3.4713550e+06   7.4584961e+01
   3.4715790e+06   7.9467773e+01
   3.4717810e+06   3.3935547e+01
   3.4723500e+06   3.5705566e+01
   3.8655200e+06   5.1391602e+01
   3.8656720e+06   3.9062500e+01
   3.8656910e+06   3.4606934e+01
   3.8657060e+06   1.2683105e+02
   3.8657390e+06   3.4362793e+01
   3.8657770e+06   4.0222168e+01
   3.8657990e+06   9.5336914e+01
   3.8658140e+06   3.4057617e+01
   3.8658910e+06   7.2021484e+01
   3.8659840e+06   6.1279297e+01
   3.8660330e+06   4.1320801e+01
   3.8661360e+06   3.7841797e+01
   3.8662870e+06   5.9692383e+01
   3.8662970e+06   3.3813477e+01
   3.8664460e+06   5.5847168e+01
   3.8666330e+06   5.9997559e+01
   3.8668370e+06   6.7321777e+01
   3.8669960e+06   7.4218750e+01
   3.8674150e+06   8.9050293e+01
   3.9136480e+06   3.6560059e+01
   3.9136880e+06   4.2114258e+01
   3.9137130e+06   3.3081055e+01
   3.9138570e+06   1.1566162e+02
   3.9139600e+06   4.7607422e+01
   3.9139870e+06   1.0388184e+02
   3.9140130e+06   4.5227051e+01
   3.9140720e+06   3.9306641e+01
   3.9140920e+06   8.2946777e+01
   3.9141880e+06   5.9875488e+01
   3.9142850e+06   4.9072266e+01
   3.9144480e+06   5.2673340e+01
   3.9145680e+06   3.3203125e+01
   3.9146950e+06   3.9184570e+01
   3.9149310e+06   4.7546387e+01
   3.9150880e+06   4.7607422e+01
   3.9152300e+06   6.5551758e+01
   3.9154030e+06   4.6936035e+01
   3.9155680e+06   4.8461914e+01
   3.9157170e+06   6.2438965e+01
   3.9158910e+06   5.8227539e+01
   3.9159170e+06   3.5949707e+01
   3.9160310e+06   3.5156250e+01
   3.9161130e+06   6.3476563e+01
   3.9328830e+06   3.8146973e+01
   3.9330580e+06   3.6499023e+01
   3.9330990e+06   4.0100098e+01
   3.9331210e+06   3.7658691e+01
   3.9332150e+06   4.0649414e+01
   3.9332540e+06   4.1259766e+01
   3.9332810e+06   8.7158203e+01
   3.9333730e+06   4.4128418e+01
   3.9334090e+06   9.7167969e+01
   3.9334550e+06   3.5095215e+01
   3.9334890e+06   3.4362793e+01
   3.9335400e+06   9.7167969e+01
   3.9336770e+06   8.4350586e+01
   3.9337010e+06   3.9184570e+01
   3.9337870e+06   6.4453125e+01
   3.9338780e+06   3.6315918e+01
   3.9339850e+06   5.7128906e+01
   3.9341240e+06   4.0527344e+01
   3.9342520e+06   4.9621582e+01
   3.9343090e+06   3.5766602e+01
   3.9344220e+06   5.0292969e+01
   3.9346000e+06   4.9316406e+01
   3.9347560e+06   5.5358887e+01
   3.9349370e+06   6.4453125e+01
   3.9351690e+06   7.3608398e+01
   3.9484180e+06   3.3752441e+01
   3.9484710e+06   3.3935547e+01
   3.9486260e+06   3.8391113e+01
   3.9487730e+06   3.4667969e+01
   3.9488620e+06   3.5705566e+01
   3.9489010e+06   3.6743164e+01
   3.9489530e+06   3.4423828e+01
   3.9489890e+06   5.2185059e+01
   3.9490350e+06   1.0784912e+02
   3.9490630e+06   3.5583496e+01
   3.9492030e+06   9.6252441e+01
   3.9493370e+06   3.3142090e+01
   3.9493480e+06   8.0566406e+01
   3.9494240e+06   3.4606934e+01
   3.9494970e+06   6.4270020e+01
   3.9496360e+06   6.4880371e+01
   3.9497770e+06   5.9875488e+01
   3.9498460e+06   3.5339355e+01
   3.9499160e+06   5.3405762e+01
   3.9500630e+06   7.0983887e+01
   3.9502370e+06   6.2194824e+01
   3.9504430e+06   7.0800781e+01
   3.9506310e+06   7.2326660e+01
   3.9509040e+06   7.8002930e+01
   3.9700380e+06   3.5766602e+01
   3.9702750e+06   5.1330566e+01
   3.9703120e+06   1.0028076e+02
   3.9703760e+06   3.9611816e+01
   3.9704620e+06   1.0589600e+02
   3.9705230e+06   4.9499512e+01
   3.9706070e+06   1.0064697e+02
   3.9707410e+06   8.6303711e+01
   3.9708490e+06   3.4606934e+01
   3.9708590e+06   4.3518066e+01
   3.9709140e+06   3.3264160e+01
   3.9709700e+06   6.5673828e+01
   3.9710800e+06   3.9001465e+01
   3.9710900e+06   3.6193848e+01
   3.9712070e+06   5.1513672e+01
   3.9713530e+06   4.4799805e+01
   3.9714430e+06   3.8024902e+01
   3.9714830e+06   4.3029785e+01
   3.9716810e+06   5.6396484e+01
   3.9719170e+06   5.9570312e+01
   3.9720870e+06   7.9162598e+01
   3.9723260e+06   8.5998535e+01
   3.9919170e+06   3.9428711e+01
   3.9926180e+06   3.6132812e+01
   4.0011670e+06   3.7109375e+01
   4.0018670e+06   3.5705566e+01
   4.0019810e+06   3.3325195e+01
   4.0021010e+06   1.0302734e+02
   4.0021310e+06   3.9306641e+01
   4.0022300e+06   3.6376953e+01
   4.0022660e+06   1.2396240e+02
   4.0023110e+06   3.4729004e+01
   4.0023360e+06   3.6010742e+01
   4.0023990e+06   9.2041016e+01
   4.0024280e+06   4.4738770e+01
   4.0024810e+06   3.9306641e+01
   4.0025250e+06   7.5500488e+01
   4.0026260e+06   3.5888672e+01
   4.0026630e+06   7.5012207e+01
   4.0028050e+06   7.1777344e+01
   4.0029520e+06   7.8979492e+01
   4.0029970e+06   3.7353516e+01
   4.0030870e+06   5.9204102e+01
   4.0032460e+06   4.1809082e+01
   4.0034030e+06   7.1533203e+01
   4.0035740e+06   8.0993652e+01
   4.0039600e+06   8.9294434e+01
   4.0436890e+06   3.7109375e+01
   4.0437990e+06   5.8959961e+01
   4.0440120e+06   4.0710449e+01
   4.0440530e+06   3.3325195e+01
   4.0441220e+06   1.1401367e+02
   4.0442120e+06   4.6325684e+01
   4.0442620e+06   9.5581055e+01
   4.0442860e+06   3.6926270e+01
   4.0444010e+06   8.4838867e+01
   4.0444350e+06   3.3203125e+01
   4.0445450e+06   7.0617676e+01
   4.0446880e+06   8.2824707e+01
   4.0448380e+06   6.4025879e+01
   4.0450010e+06   9.1247559e+01
   4.0451440e+06   5.8166504e+01
   4.0452870e+06   5.4504395e+01
   4.0454830e+06   8.7402344e+01
   4.0455030e+06   3.3691406e+01
   4.0456760e+06   7.5073242e+01
   4.0460630e+06   3.4667969e+01
   4.0767310e+06   3.7536621e+01
   4.0769930e+06   3.6987305e+01
   4.0770980e+06   4.1076660e+01
   4.0772000e+06   3.9550781e+01
   4.0773280e+06   1.1877441e+02
   4.0774570e+06   4.1259766e+01
   4.0775210e+06   1.0321045e+02
   4.0775330e+06   4.1259766e+01
   4.0776440e+06   3.3569336e+01
   4.0776610e+06   9.2468262e+01
   4.0776980e+06   4.8339844e+01
   4.0778080e+06   8.5021973e+01
   4.0778350e+06   3.8635254e+01
   4.0779450e+06   7.5256348e+01
   4.0779560e+06   3.4179688e+01
   4.0780380e+06   4.2602539e+01
   4.0780780e+06   7.5683594e+01
   4.0782380e+06   7.1777344e+01
   4.0783960e+06   6.7993164e+01
   4.0785610e+06   6.2255859e+01
   4.0787310e+06   6.9641113e+01
   4.0789370e+06   8.1237793e+01
   4.0792460e+06   8.4899902e+01
   4.1486000e+06   4.3273926e+01
   4.3848690e+06   3.6071777e+01
   4.3850050e+06   3.3508301e+01
   4.3853250e+06   3.5400391e+01
   4.3854030e+06   3.5461426e+01
   4.3855150e+06   4.4128418e+01
   4.3855250e+06   4.3029785e+01
   4.3855680e+06   8.7219238e+01
   4.3856130e+06   4.2785645e+01
   4.3856420e+06   3.6499023e+01
   4.3856730e+06   3.8513184e+01
   4.3856840e+06   8.7829590e+01
   4.3857080e+06   3.3874512e+01
   4.3857940e+06   8.7463379e+01
   4.3858130e+06   3.9306641e+01
   4.3859050e+06   8.1848145e+01
   4.3860060e+06   5.7983398e+01
   4.3861410e+06   6.1523437e+01
   4.3862850e+06   5.7678223e+01
   4.3863940e+06   3.8330078e+01
   4.3865690e+06   5.2978516e+01
   4.3867210e+06   5.7189941e+01
   4.3869110e+06   7.9162598e+01
   4.3870690e+06   5.5541992e+01
   4.3877960e+06   3.3142090e+01
   4.4542810e+06   4.0527344e+01
   4.4544680e+06   4.7790527e+01
   4.4548250e+06   3.6132812e+01
   4.4548490e+06   3.6376953e+01
   4.4551290e+06   3.6437988e+01
   4.4551590e+06   3.4240723e+01
   4.4552310e+06   3.8635254e+01
   4.4552760e+06   1.0388184e+02
   4.4553930e+06   3.7109375e+01
   4.4554130e+06   1.1676025e+02
   4.4554960e+06   3.6499023e+01
   4.4555410e+06   8.7158203e+01
   4.4555730e+06   4.2175293e+01
   4.4556780e+06   7.7514648e+01
   4.4558300e+06   7.0251465e+01
   4.4560070e+06   6.8847656e+01
   4.4561630e+06   5.9753418e+01
   4.4563080e+06   5.5053711e+01
   4.4564710e+06   7.2082520e+01
   4.4566270e+06   7.6599121e+01
   4.4567950e+06   5.9448242e+01
   4.4570470e+06   6.1828613e+01
   4.4572940e+06   9.0698242e+01
   4.5598110e+06   3.9550781e+01
   4.5601690e+06   4.0771484e+01
   4.5603660e+06   3.3691406e+01
   4.5604000e+06   3.7231445e+01
   4.5604280e+06   1.1352539e+02
   4.5605430e+06   4.1870117e+01
   4.5605540e+06   9.2163086e+01
   4.5605730e+06   3.4240723e+01
   4.5605910e+06   4.0344238e+01
   4.5606750e+06   3.7963867e+01
   4.5607820e+06   6.6772461e+01
   4.5609000e+06   7.3669434e+01
   4.5610230e+06   6.6833496e+01
   4.5612100e+06   5.6213379e+01
   4.5612590e+06   3.4912109e+01
   4.5613520e+06   4.2846680e+01
   4.5615140e+06   4.2236328e+01
   4.5616730e+06   6.2500000e+01
   4.5618700e+06   6.2194824e+01
   4.5620860e+06   7.4035645e+01
   4.5623810e+06   8.9172363e+01
   4.6865270e+06   3.8757324e+01
   4.6870570e+06   4.3334961e+01
   4.6871370e+06   3.5583496e+01
   4.6873980e+06   4.5166016e+01
   4.6874520e+06   3.9123535e+01
   4.6875020e+06   4.1137695e+01
   4.6875430e+06   1.0827637e+02
   4.6875890e+06   3.4606934e+01
   4.6876470e+06   3.8085938e+01
   4.6877220e+06   3.6865234e+01
   4.6877440e+06   3.5949707e+01
   4.6877730e+06   3.3142090e+01
   4.6877910e+06   8.0139160e+01
   4.6879040e+06   8.4106445e+01
   4.6880250e+06   5.9692383e+01
   4.6881600e+06   6.8908691e+01
   4.6882870e+06   4.6264648e+01
   4.6884200e+06   5.6762695e+01
   4.6885920e+06   6.0729980e+01
   4.6887270e+06   4.0466309e+01
   4.6889710e+06   6.3293457e+01
   4.6892240e+06   7.3242188e+01
   4.6892670e+06   3.4362793e+01
   4.6894440e+06   7.4340820e+01
   4.6895500e+06   3.3264160e+01
   4.6899130e+06   4.1564941e+01
   4.7866270e+06   3.6682129e+01
   4.7868990e+06   3.6315918e+01
   4.7869290e+06   3.9916992e+01
   4.7871210e+06   3.5705566e+01
   4.7871390e+06   3.6010742e+01
   4.7871630e+06   1.0070801e+02
   4.7872900e+06   1.1322021e+02
   4.7873110e+06   4.7180176e+01
   4.7873230e+06   3.9672852e+01
   4.7873710e+06   3.3691406e+01
   4.7873990e+06   8.5571289e+01
   4.7874460e+06   3.6682129e+01
   4.7875140e+06   6.6650391e+01
   4.7875360e+06   3.8024902e+01
   4.7875770e+06   4.4921875e+01
   4.7876210e+06   4.7363281e+01
   4.7877620e+06   5.1879883e+01
   4.7878940e+06   5.1635742e+01
   4.7880170e+06   5.1269531e+01
   4.7882040e+06   5.0231934e+01
   4.7883510e+06   6.1828613e+01
   4.7885370e+06   7.2998047e+01
   4.7887150e+06   6.3903809e+01
   4.7888640e+06   3.4057617e+01
   4.7889860e+06   7.6538086e+01
   4.7892420e+06   8.5571289e+01
   4.8272510e+06   3.3691406e+01
   4.8280140e+06   3.3081055e+01
   4.8280550e+06   3.4729004e+01
   4.8283590e+06   4.8828125e+01
   4.8285190e+06   3.4973145e+01
   4.8285540e+06   3.5278320e+01
   4.8285940e+06   1.0302734e+02
   4.8286980e+06   3.6560059e+01
   4.8287290e+06   9.0026855e+01
   4.8288180e+06   3.3447266e+01
   4.8288540e+06   4.4189453e+01
   4.8288660e+06   9.9304199e+01
   4.8289750e+06   7.4035645e+01
   4.8290830e+06   8.0627441e+01
   4.8292070e+06   4.4006348e+01
   4.8292320e+06   7.2448730e+01
   4.8293490e+06   5.8776855e+01
   4.8294730e+06   4.9072266e+01
   4.8295030e+06   3.3935547e+01
   4.8296580e+06   5.3039551e+01
   4.8297860e+06   3.4545898e+01
   4.8299610e+06   5.5480957e+01
   4.8301210e+06   6.6833496e+01
   4.8303170e+06   7.5439453e+01
   4.8305220e+06   6.5917969e+01
   4.8697840e+06   4.1992187e+01
   4.8708390e+06   3.6315918e+01
   4.8708630e+06   3.4179688e+01
   4.8710920e+06   4.4433594e+01
   4.8711310e+06   3.8879395e+01
   4.8711850e+06   1.1517334e+02
   4.8711970e+06   4.4067383e+01
   4.8712750e+06   3.7658691e+01
   4.8713240e+06   1.2420654e+02
   4.8713590e+06   3.4790039e+01
   4.8714070e+06   3.6499023e+01
   4.8714650e+06   9.7290039e+01
   4.8715180e+06   3.8391113e+01
   4.8715910e+06   7.4401855e+01
   4.8716290e+06   3.3691406e+01
   4.8716610e+06   3.3935547e+01
   4.8717210e+06   8.0139160e+01
   4.8718430e+06   7.9040527e+01
   4.8719580e+06   4.8889160e+01
   4.8720850e+06   5.8288574e+01
   4.8722390e+06   4.9926758e+01
   4.8724130e+06   6.7199707e+01
   4.8725960e+06   6.6406250e+01
   4.8727580e+06   3.7048340e+01
   4.8728120e+06   6.6223145e+01
   4.8731940e+06   8.5327148e+01
   4.9262800e+06   3.7536621e+01
   4.9263350e+06   3.7536621e+01
   4.9265890e+06   3.3386230e+01
   4.9267260e+06   4.3457031e+01
   4.9269450e+06   3.8757324e+01
   4.9269690e+06   4.3701172e+01
   4.9269830e+06   1.0247803e+02
   4.9271000e+06   4.7912598e+01
   4.9272380e+06   9.0209961e+01
   4.9272980e+06   3.8391113e+01
   4.9273520e+06   8.0627441e+01
   4.9274790e+06   8.1787109e+01
   4.9276040e+06   7.0495605e+01
   4.9276710e+06   3.8635254e+01
   4.9277220e+06   5.4260254e+01
   4.9278300e+06   4.2053223e+01
   4.9279480e+06   3.9855957e+01
   4.9279740e+06   5.0170898e+01
   4.9281130e+06   6.5856934e+01
   4.9282650e+06   6.4575195e+01
   4.9282810e+06   3.3996582e+01
   4.9284430e+06   6.5917969e+01
   4.9286010e+06   7.0373535e+01
   4.9288610e+06   7.5561523e+01
   4.9290770e+06   8.3190918e+01
   4.9302480e+06   3.3569336e+01
   4.9307740e+06   3.9733887e+01
   4.9832480e+06   3.8330078e+01
   4.9835960e+06   4.4616699e+01
   4.9838760e+06   3.4667969e+01
   4.9839200e+06   6.1340332e+01
   4.9840280e+06   1.1151123e+02
   4.9841300e+06   4.4677734e+01
   4.9841540e+06   1.0620117e+02
   4.9842200e+06   3.6254883e+01
   4.9842990e+06   1.0662842e+02
   4.9844420e+06   6.8542480e+01
   4.9845820e+06   6.7260742e+01
   4.9845980e+06   3.7414551e+01
   4.9847150e+06   7.6965332e+01
   4.9848390e+06   5.8654785e+01
   4.9849730e+06   5.0109863e+01
   4.9851450e+06   6.6162109e+01
   4.9852810e+06   5.0781250e+01
   4.9854680e+06   7.1777344e+01
   4.9856660e+06   8.3679199e+01
   4.9858900e+06   8.4106445e+01
   4.9866050e+06   3.3203125e+01
   5.1394980e+06   3.5095215e+01
   5.1395510e+06   4.7363281e+01
   5.1397100e+06   4.4311523e+01
   5.1398640e+06   1.2524414e+02
   5.1399160e+06   4.3273926e+01
   5.1399650e+06   4.8583984e+01
   5.1399910e+06   8.1726074e+01
   5.1400580e+06   3.3691406e+01
   5.1401010e+06   1.0241699e+02
   5.1401970e+06   7.9711914e+01
   5.1402070e+06   4.4921875e+01
   5.1403020e+06   7.4768066e+01
   5.1404360e+06   7.6904297e+01
   5.1405070e+06   3.3325195e+01
   5.1406350e+06   5.3222656e+01
   5.1407770e+06   5.5358887e+01
   5.1409230e+06   5.4321289e+01
   5.1410970e+06   6.1157227e+01
   5.1412590e+06   6.9213867e+01
   5.1413200e+06   3.4057617e+01
   5.1414310e+06   8.1054688e+01
   5.1416660e+06   6.1706543e+01
   5.1419610e+06   7.9467773e+01
   5.2015710e+06   3.9123535e+01
   5.2017230e+06   3.6376953e+01
   5.2017700e+06   4.9194336e+01
   5.2019220e+06   3.9367676e+01
   5.2019600e+06   1.0565186e+02
   5.2020120e+06   3.3813477e+01
   5.2020300e+06   4.2907715e+01
   5.2020860e+06   4.6813965e+01
   5.2021220e+06   3.5339355e+01
   5.2022230e+06   1.0272217e+02
   5.2023330e+06   7.5134277e+01
   5.2024450e+06   6.9641113e+01
   5.2025850e+06   8.8623047e+01
   5.2025950e+06   3.7536621e+01
   5.2027250e+06   7.3120117e+01
   5.2028560e+06   5.4565430e+01
   5.2030040e+06   6.5795898e+01
   5.2031500e+06   6.3964844e+01
   5.2033260e+06   6.0607910e+01
   5.2034950e+06   7.0800781e+01
   5.2037910e+06   9.5520020e+01
   5.3209520e+06   4.3090820e+01
   5.3210540e+06   4.0100098e+01
   5.3212170e+06   3.6193848e+01
   5.3212620e+06   4.0283203e+01
   5.3213260e+06   1.1474609e+02
   5.3213890e+06   3.6743164e+01
   5.3214390e+06   1.0430908e+02
   5.3214530e+06   3.8818359e+01
   5.3214780e+06   3.3142090e+01
   5.3215020e+06   3.3447266e+01
   5.3215330e+06   3.4423828e+01
   5.3215430e+06   7.4340820e+01
   5.3216360e+06   6.5917969e+01
   5.3217610e+06   7.0190430e+01
   5.3217990e+06   3.6743164e+01
   5.3218850e+06   6.7626953e+01
   5.3220210e+06   6.7382812e+01
   5.3221590e+06   6.6162109e+01
   5.3222800e+06   6.2866211e+01
   5.3224530e+06   7.5439453e+01
   5.3226240e+06   5.8471680e+01
   5.3227870e+06   7.2631836e+01
   5.3229690e+06   7.2875977e+01
   5.3231900e+06   7.6965332e+01
   5.3233120e+06   3.3325195e+01
   5.3753630e+06   3.3508301e+01
   5.3754860e+06   4.3029785e+01
   5.3756350e+06   5.0842285e+01
   5.3756830e+06   3.3691406e+01
   5.3757970e+06   3.3813477e+01
   5.3758080e+06   9.0820312e+01
   5.3758280e+06   3.6682129e+01
   5.3758580e+06   3.9489746e+01
   5.3759220e+06   4.0893555e+01
   5.3759340e+06   1.1157227e+02
   5.3760430e+06   7.4462891e+01
   5.3761330e+06   7.3486328e+01
   5.3762350e+06   4.8950195e+01
   5.3763560e+06   6.2133789e+01
   5.3764800e+06   6.8420410e+01
   5.3766000e+06   5.1696777e+01
   5.3767320e+06   4.6325684e+01
   5.3767800e+06   3.3569336e+01
   5.3768800e+06   6.4819336e+01
   5.3770370e+06   6.1462402e+01
   5.3771980e+06   6.3964844e+01
   5.3773820e+06   7.2937012e+01
   5.3775890e+06   7.2937012e+01
   5.3778390e+06   7.3852539e+01
   5.3780840e+06   4.5043945e+01
   5.3784840e+06   3.7963867e+01
   5.3956910e+06   3.5156250e+01
   5.4131390e+06   3.4179688e+01
   5.4131690e+06   3.3142090e+01
   5.4132370e+06   3.4484863e+01
   5.4134570e+06   3.6254883e+01
   5.4135540e+06   1.0211182e+02
   5.4135790e+06   3.8024902e+01
   5.4136060e+06   3.3630371e+01
   5.4137040e+06   1.0858154e+02
   5.4138080e+06   3.5583496e+01
   5.4138400e+06   8.6547852e+01
   5.4138960e+06   3.5705566e+01
   5.4139770e+06   8.6364746e+01
   5.4140970e+06   6.6589355e+01
   5.4141780e+06   3.7109375e+01
   5.4142420e+06   6.4025879e+01
   5.4143770e+06   6.2255859e+01
   5.4145220e+06   6.1462402e+01
   5.4146590e+06   5.9326172e+01
   5.4148010e+06   5.8105469e+01
   5.4149710e+06   6.7932129e+01
   5.4151240e+06   7.0129395e+01
   5.4153460e+06   7.1655273e+01
   5.4510500e+06   3.3569336e+01
   5.4511730e+06   4.1015625e+01
   5.4513340e+06   5.2124023e+01
   5.4515180e+06   4.0954590e+01
   5.4516740e+06   3.4057617e+01
   5.4516920e+06   3.5339355e+01
   5.4517960e+06   9.6313477e+01
   5.4518870e+06   3.7841797e+01
   5.4519180e+06   3.3874512e+01
   5.4519450e+06   8.2153320e+01
   5.4519860e+06   3.7963867e+01
   5.4520690e+06   7.9650879e+01
   5.4521330e+06   3.7475586e+01
   5.4522040e+06   1.1065674e+02
   5.4523290e+06   8.0139160e+01
   5.4524490e+06   8.1481934e+01
   5.4525830e+06   6.3964844e+01
   5.4527290e+06   6.8481445e+01
   5.4528660e+06   5.9692383e+01
   5.4530220e+06   6.3781738e+01
   5.4530970e+06   3.4179688e+01
   5.4531920e+06   6.0791016e+01
   5.4532780e+06   3.4667969e+01
   5.4534210e+06   7.7270508e+01
   5.5133040e+06   3.7231445e+01
   5.5136560e+06   3.4606934e+01
   5.5137720e+06   4.4555664e+01
   5.5138360e+06   4.4372559e+01
   5.5141080e+06   3.3447266e+01
   5.5141950e+06   3.7597656e+01
   5.5145900e+06   4.1809082e+01
   5.5147680e+06   3.9733887e+01
   5.5150320e+06   4.6447754e+01
   5.5150890e+06   3.7170410e+01
   5.5151960e+06   9.1003418e+01
   5.5152240e+06   3.3752441e+01
   5.5152740e+06   3.6621094e+01
   5.5153500e+06   1.1492920e+02
   5.5154750e+06   4.5166016e+01
   5.5155120e+06   9.6435547e+01
   5.5155720e+06   3.4973145e+01
   5.5156780e+06   9.1003418e+01
   5.5158260e+06   7.0129395e+01
   5.5159690e+06   7.5744629e+01
   5.5161330e+06   8.3312988e+01
   5.5163150e+06   7.9406738e+01
   5.5165350e+06   8.6181641e+01
   5.5167920e+06   9.4421387e+01
   5.5168790e+06   3.3325195e+01
   5.5172350e+06   3.3996582e+01
   5.7054320e+06   3.4973145e+01
   5.7055950e+06   4.0283203e+01
   5.7056230e+06   3.4851074e+01
   5.7057520e+06   4.1992188e+01
   5.7058960e+06   4.2297363e+01
   5.7059670e+06   4.0161133e+01
   5.7060000e+06   1.0437012e+02
   5.7060190e+06   3.7475586e+01
   5.7060600e+06   3.7780762e+01
   5.7060930e+06   1.0815430e+02
   5.7061160e+06   3.3813477e+01
   5.7062100e+06   1.0101318e+02
   5.7062230e+06   3.5461426e+01
   5.7062580e+06   3.7170410e+01
   5.7063300e+06   8.0444336e+01
   5.7064730e+06   7.8613281e+01
   5.7065870e+06   6.7016602e+01
   5.7066950e+06   7.3852539e+01
   5.7067580e+06   3.3203125e+01
   5.7068150e+06   5.8837891e+01
   5.7069570e+06   5.5908203e+01
   5.7071010e+06   7.0007324e+01
   5.7072770e+06   7.1166992e+01
   5.7074640e+06   7.3486328e+01
   5.7078030e+06   7.6416016e+01
   5.7081350e+06   8.4228516e+01
   5.7471030e+06   4.1015625e+01
   5.8185710e+06   4.0954590e+01
   5.8187580e+06   3.5400391e+01
   5.8191380e+06   4.3640137e+01
   5.8195190e+06   5.4626465e+01
   5.8195830e+06   4.4616699e+01
   5.8196170e+06   1.1425781e+02
   5.8196550e+06   3.3264160e+01
   5.8197100e+06   3.3325195e+01
   5.8197430e+06   8.9172363e+01
   5.8197770e+06   4.1503906e+01
   5.8198110e+06   3.6987305e+01
   5.8198830e+06   8.5815430e+01
   5.8199230e+06   3.3264160e+01
   5.8200070e+06   9.3566895e+01
   5.8201500e+06   7.9895020e+01
   5.8202910e+06   6.8176270e+01
   5.8204150e+06   5.3833008e+01
   5.8205950e+06   6.4941406e+01
   5.8207610e+06   7.2692871e+01
   6.0015950e+06   3.3630371e+01
   6.0751510e+06   4.3884277e+01
   6.0756380e+06   3.5400391e+01
   6.0760450e+06   3.6804199e+01
   6.0761330e+06   4.1992187e+01
   6.0761800e+06   3.4057617e+01
   6.0762720e+06   3.3874512e+01
   6.0763020e+06   1.1352539e+02
   6.0763170e+06   3.5522461e+01
   6.0763580e+06   3.8085938e+01
   6.0763800e+06   4.1687012e+01
   6.0764190e+06   9.6069336e+01
   6.0764420e+06   3.9550781e+01
   6.0764740e+06   3.8085938e+01
   6.0765430e+06   8.0261230e+01
   6.0765660e+06   3.5034180e+01
   6.0766590e+06   6.4636230e+01
   6.0767690e+06   7.0678711e+01
   6.0768010e+06   3.7048340e+01
   6.0769270e+06   5.7861328e+01
   6.0770410e+06   4.4311523e+01
   6.0771540e+06   4.8339844e+01
   6.0771640e+06   3.8146973e+01
   6.0772960e+06   6.0913086e+01
   6.0774900e+06   6.4941406e+01
   6.0776450e+06   6.4758301e+01
   6.0779760e+06   3.6376953e+01
   6.0782800e+06   8.5693359e+01
   6.0796530e+06   3.7658691e+01
   6.1460440e+06   3.5827637e+01
   6.1465940e+06   3.6682129e+01
   6.1467620e+06   4.0649414e+01
   6.1470580e+06   3.6743164e+01
   6.1470860e+06   3.5949707e+01
   6.1472270e+06   3.9123535e+01
   6.1474090e+06   4.0649414e+01
   6.1474590e+06   3.8757324e+01
   6.1475320e+06   3.6926270e+01
   6.1475670e+06   1.0528564e+02
   6.1475940e+06   3.3630371e+01
   6.1476080e+06   3.4729004e+01
   6.1476590e+06   4.5898438e+01
   6.1476880e+06   9.8999023e+01
   6.1477010e+06   4.1809082e+01
   6.1477890e+06   7.2021484e+01
   6.1479130e+06   7.3486328e+01
   6.1480230e+06   6.6162109e+01
   6.1481610e+06   7.2692871e+01
   6.1483290e+06   6.3598633e+01
   6.1484850e+06   7.0495605e+01
   6.1486730e+06   7.4157715e+01
   6.1488990e+06   7.8735352e+01
   6.1491420e+06   7.9833984e+01
   6.2292110e+06   3.4118652e+01
   6.2297430e+06   3.6010742e+01
   6.2298520e+06   4.4921875e+01
   6.2299860e+06   4.4250488e+01
   6.2300420e+06   3.4179688e+01
   6.2301610e+06   1.0400391e+02
   6.2301830e+06   3.7292480e+01
   6.2302050e+06   5.2673340e+01
   6.2302820e+06   9.8205566e+01
   6.2303470e+06   3.5827637e+01
   6.2303880e+06   3.3752441e+01
   6.2304200e+06   9.9060059e+01
   6.2305360e+06   1.0754395e+02
   6.2306570e+06   6.9641113e+01
   6.2306980e+06   3.4423828e+01
   6.2307970e+06   6.8542480e+01
   6.2309490e+06   5.7067871e+01
   6.2311050e+06   6.2133789e+01
   6.2312580e+06   7.0861816e+01
   6.2314460e+06   6.4147949e+01
   6.2316210e+06   6.5490723e+01
   6.2319560e+06   6.9885254e+01
   6.2324570e+06   4.5349121e+01
   6.6990630e+06   3.3142090e+01
   6.6991120e+06   4.9804688e+01
   6.6992200e+06   5.0720215e+01
   6.6992410e+06   1.0919189e+02
   6.6992700e+06   3.9733887e+01
   6.6993280e+06   1.3952637e+02
   6.6993910e+06   4.3151855e+01
   6.6994130e+06   7.8308105e+01
   6.6994770e+06   4.0649414e+01
   6.6995010e+06   6.2561035e+01
   6.6995860e+06   3.6926270e+01
   6.6996630e+06   3.4851074e+01
   6.6998540e+06   3.7963867e+01
   6.6999460e+06   3.9855957e+01
   6.7000720e+06   4.4067383e+01
   6.7002090e+06   5.2307129e+01
   6.7003530e+06   6.4147949e+01
   6.7005170e+06   7.0129395e+01
   6.7007080e+06   8.3618164e+01
   6.7009910e+06   7.2937012e+01
   6.7013510e+06   3.9062500e+01
   6.7015970e+06   3.4606934e+01
   6.7018320e+06   3.6193848e+01
   6.7038890e+06   3.7109375e+01
   6.8488980e+06   3.3081055e+01
   6.8489830e+06   4.0893555e+01
   6.8490540e+06   5.9814453e+01
   6.8491460e+06   4.0283203e+01
   6.8491920e+06   5.2917480e+01
   6.8492140e+06   9.2163086e+01
   6.8492260e+06   4.6875000e+01
   6.8493050e+06   9.8510742e+01
   6.8493830e+06   7.2509766e+01
   6.8494690e+06   6.2500000e+01
   6.8495810e+06   4.8217773e+01
   6.8496680e+06   3.4362793e+01
   6.8498080e+06   3.4301758e+01
   6.8498790e+06   3.5339355e+01
   6.8500090e+06   3.5827637e+01
   6.8501430e+06   3.5888672e+01
   6.8503160e+06   5.2795410e+01
   6.8505070e+06   7.1838379e+01
   6.8506460e+06   6.8725586e+01
   6.8508960e+06   8.0627441e+01
   6.8511100e+06   7.8613281e+01
   6.8528350e+06   3.8635254e+01
   6.8730840e+06   3.5705566e+01
   6.8732120e+06   3.3630371e+01
   6.8732760e+06   3.8146973e+01
   6.8733300e+06   3.9733887e+01
   6.8733490e+06   9.7656250e+01
   6.8733800e+06   3.5400391e+01
   6.8734170e+06   4.4067383e+01
   6.8734640e+06   5.5480957e+01
   6.8734760e+06   5.9875488e+01
   6.8735090e+06   3.6010742e+01
   6.8735850e+06   9.1796875e+01
   6.8736310e+06   3.7536621e+01
   6.8736500e+06   4.3029785e+01
   6.8736920e+06   7.2326660e+01
   6.8737970e+06   3.7170410e+01
   6.8739070e+06   4.6447754e+01
   6.8739690e+06   3.4301758e+01
   6.8747940e+06   3.6743164e+01
   6.8749380e+06   6.3232422e+01
   6.8751590e+06   6.0058594e+01
   6.8755300e+06   3.5217285e+01
   6.8761310e+06   4.2968750e+01
   6.8992970e+06   3.3874512e+01
   6.9005440e+06   3.7658691e+01
   6.9008700e+06   4.3640137e+01
   6.9008860e+06   3.3081055e+01
   6.9009180e+06   9.7900391e+01
   6.9009390e+06   3.6315918e+01
   6.9009530e+06   4.2175293e+01
   6.9010530e+06   1.0412598e+02
   6.9010840e+06   4.4128418e+01
   6.9011200e+06   4.1809082e+01
   6.9011850e+06   1.1328125e+02
   6.9012800e+06   3.8757324e+01
   6.9013190e+06   1.0467529e+02
   6.9013990e+06   3.7048340e+01
   6.9014190e+06   3.5644531e+01
   6.9014320e+06   6.9763184e+01
   6.9015550e+06   7.1594238e+01
   6.9016780e+06   4.4372559e+01
   6.9018270e+06   5.4199219e+01
   6.9019580e+06   5.3283691e+01
   6.9021200e+06   5.0537109e+01
   6.9022560e+06   5.7434082e+01
   6.9024410e+06   5.3405762e+01
   6.9024560e+06   3.7963867e+01
   6.9026040e+06   6.3598633e+01
   6.9028730e+06   7.0983887e+01
   6.9453800e+06   3.7170410e+01
   7.0342980e+06   3.4484863e+01
   7.2340550e+06   3.3569336e+01
   7.3020420e+06   3.3203125e+01
   7.3021010e+06   4.2175293e+01
   7.3021580e+06   4.9316406e+01
   7.3022230e+06   9.8266602e+01
   7.3022760e+06   3.4423828e+01
   7.3023030e+06   4.3518066e+01
   7.3023190e+06   3.4606934e+01
   7.3023500e+06   1.0516357e+02
   7.3024340e+06   3.5461426e+01
   7.3024470e+06   9.8083496e+01
   7.3025540e+06   5.7189941e+01
   7.3026420e+06   3.8085938e+01
   7.3027500e+06   5.7250977e+01
   7.3028480e+06   3.7902832e+01
   7.3029400e+06   5.0964355e+01
   7.3030790e+06   3.7475586e+01
   7.3032460e+06   6.2744141e+01
   7.3034240e+06   5.0598145e+01
   7.3035700e+06   5.4626465e+01
   7.3037630e+06   8.1237793e+01
   7.3039840e+06   3.3264160e+01
   7.3040180e+06   8.0444336e+01
   7.3046740e+06   3.4423828e+01
   7.3063480e+06   4.4128418e+01
   7.4346480e+06   3.7658691e+01
   7.4347010e+06   3.9306641e+01
   7.4347610e+06   9.3811035e+01
   7.4348100e+06   5.2307129e+01
   7.4348210e+06   3.9733887e+01
   7.4348660e+06   9.4726563e+01
   7.4349710e+06   7.4340820e+01
   7.4350260e+06   3.5156250e+01
   7.4350570e+06   5.4992676e+01
   7.4351490e+06   5.5480957e+01
   7.4352500e+06   3.5949707e+01
   7.4353060e+06   3.3996582e+01
   7.4354190e+06   3.5217285e+01
   7.4357340e+06   4.5959473e+01
   7.4358590e+06   4.3945312e+01
   7.4360190e+06   6.0241699e+01
   7.4361650e+06   5.9143066e+01
   7.4363810e+06   7.5134277e+01
   7.4364660e+06   3.4729004e+01
   7.5571500e+06   4.0161133e+01
   7.5571720e+06   3.3447266e+01
   7.5572820e+06   1.0430908e+02
   7.5573740e+06   4.2114258e+01
   7.5574160e+06   1.0437012e+02
   7.5574380e+06   4.2541504e+01
   7.5575250e+06   9.1125488e+01
   7.5575470e+06   3.3325195e+01
   7.5575860e+06   3.7292480e+01
   7.5576140e+06   4.2541504e+01
   7.5576370e+06   8.3618164e+01
   7.5577000e+06   3.7170410e+01
   7.5577530e+06   6.1645508e+01
   7.5577820e+06   3.8879395e+01
   7.5578480e+06   6.5185547e+01
   7.5579490e+06   3.7048340e+01
   7.5580620e+06   4.1198730e+01
   7.5583060e+06   3.7780762e+01
   7.5584530e+06   4.8645020e+01
   7.5586040e+06   7.0068359e+01
   7.5587550e+06   3.5705566e+01
   7.5587660e+06   6.7810059e+01
   7.5589130e+06   7.2998047e+01
   7.5591320e+06   6.9824219e+01
   7.5594630e+06   3.6499023e+01
   7.9272300e+06   4.7729492e+01
   7.9272440e+06   3.9367676e+01
   7.9273860e+06   1.0223389e+02
   7.9274290e+06   4.0893555e+01
   7.9274550e+06   4.1992188e+01
   7.9274830e+06   9.4360352e+01
   7.9275430e+06   3.4545898e+01
   7.9275770e+06   7.0312500e+01
   7.9276040e+06   3.9672852e+01
   7.9276610e+06   7.0556641e+01
   7.9277400e+06   5.4809570e+01
   7.9278210e+06   3.5766602e+01
   7.9279030e+06   4.1320801e+01
   7.9282660e+06   4.6142578e+01
   7.9284620e+06   6.7810059e+01
   7.9286410e+06   5.9814453e+01
   7.9288000e+06   7.1594238e+01
   7.9291550e+06   7.3364258e+01
   7.9321460e+06   4.4921875e+01
   8.1905050e+06   3.6071777e+01
   8.1905800e+06   3.9978027e+01
   8.1906460e+06   1.1773682e+02
   8.1906790e+06   4.2419434e+01
   8.1907200e+06   3.6926270e+01
   8.1907480e+06   3.7109375e+01
   8.1907770e+06   3.6499023e+01
   8.1907990e+06   4.2358398e+01
   8.1908360e+06   7.0617676e+01
   8.1909250e+06   5.7617188e+01
   8.1909960e+06   4.5715332e+01
   8.1911180e+06   4.6813965e+01
   8.1913090e+06   3.7292480e+01
   8.1914410e+06   3.5583496e+01
   8.1916480e+06   5.3283691e+01
   8.1917930e+06   4.9987793e+01
   8.1919480e+06   5.6518555e+01
   8.1921350e+06   6.5368652e+01
   8.1922000e+06   3.8635254e+01
   8.1923010e+06   7.3730469e+01
   8.1925780e+06   8.6059570e+01
   8.1932800e+06   3.5766602e+01
   8.3806680e+06   3.8208008e+01
   8.3806860e+06   3.4729004e+01
   8.3807170e+06   1.0821533e+02
   8.3808200e+06   4.9560547e+01
   8.3808440e+06   3.9001465e+01
   8.3808700e+06   5.1269531e+01
   8.3809180e+06   7.6293945e+01
   8.3809460e+06   5.2062988e+01
   8.3810160e+06   6.4208984e+01
   8.3810960e+06   3.7902832e+01
   8.3811930e+06   3.3813477e+01
   8.3812920e+06   3.4606934e+01
   8.3813720e+06   3.7109375e+01
   8.3814500e+06   3.6987305e+01
   8.3815600e+06   3.7536621e+01
   8.3816840e+06   4.0771484e+01
   8.3818070e+06   3.9794922e+01
   8.3819840e+06   5.6640625e+01
   8.3821580e+06   7.7331543e+01
   8.3823340e+06   6.9702148e+01
   8.3824600e+06   4.3701172e+01
   8.3826390e+06   8.3740234e+01
   8.3828370e+06   9.0393066e+01
   8.5561380e+06   4.1137695e+01
   8.5563090e+06   3.3447266e+01
   8.5563600e+06   1.0168457e+02
   8.5563900e+06   3.6376953e+01
   8.5564230e+06   4.4982910e+01
   8.5564820e+06   1.2158203e+02
   8.5565060e+06   3.5278320e+01
   8.5565530e+06   3.8879395e+01
   8.5565630e+06   3.4545898e+01
   8.5565800e+06   6.0241699e+01
   8.5566670e+06   6.2072754e+01
   8.5566830e+06   4.1259766e+01
   8.5567450e+06   5.3894043e+01
   8.5568530e+06   4.7729492e+01
   8.5573240e+06   5.0109863e+01
   8.5574760e+06   4.8095703e+01
   8.5576100e+06   5.2246094e+01
   8.5577570e+06   7.1105957e+01
   8.5579260e+06   5.9875488e+01
   8.5582830e+06   8.7707520e+01
   8.5588960e+06   3.4362793e+01
   8.9447380e+06   3.7658691e+01
   8.9448480e+06   1.0473633e+02
   8.9449270e+06   3.6560059e+01
   8.9449390e+06   3.6010742e+01
   8.9449590e+06   8.0017090e+01
   8.9449790e+06   4.1870117e+01
   8.9449970e+06   4.0405273e+01
   8.9450430e+06   8.0017090e+01
   8.9450550e+06   4.0893555e+01
   8.9450890e+06   3.5522461e+01
   8.9451380e+06   6.1767578e+01
   8.9451840e+06   3.6254883e+01
   8.9452440e+06   5.3283691e+01
   8.9453520e+06   4.3823242e+01
   8.9454710e+06   3.4667969e+01
   8.9456670e+06   3.8330078e+01
   8.9457920e+06   3.4667969e+01
   8.9459160e+06   4.8767090e+01
   8.9460650e+06   6.8176270e+01
   8.9462080e+06   5.5175781e+01
   8.9463970e+06   7.3486328e+01
   8.9465760e+06   7.8186035e+01
   8.9476010e+06   3.8330078e+01
   8.9479650e+06   4.0039062e+01
   9.7153300e+06   3.5278320e+01
   9.7153450e+06   1.0400391e+02
   9.7154320e+06   8.7219238e+01
   9.7154760e+06   3.4545898e+01
   9.7154990e+06   3.4606934e+01
   9.7155280e+06   6.3354492e+01
   9.7155710e+06   4.1931152e+01
   9.7156270e+06   3.8452148e+01
   9.7156720e+06   3.7292480e+01
   9.7156850e+06   3.8269043e+01
   9.7163710e+06   3.7780762e+01
   9.7165210e+06   4.2053223e+01
   9.7167010e+06   3.9245605e+01
   9.7168580e+06   6.0668945e+01
   9.7170550e+06   7.3059082e+01
   9.7180210e+06   3.3508301e+01
