   1.1999000e+07   0.0000000e+00
   4.0928300e+05   4.2175293e+01
   4.0934000e+05   3.7597656e+01
   4.0937900e+05   3.6865234e+01
   4.0949700e+05   4.3823242e+01
   4.9125300e+05   3.8574219e+01
   4.9136400e+05   3.7353516e+01
   4.9144800e+05   3.8024902e+01
   4.9171600e+05   3.8757324e+01
   4.9230100e+05   3.6560059e+01
   4.9250600e+05   3.8879395e+01
   5.0986600e+05   4.1076660e+01
   5.0997100e+05   3.6437988e+01
   5.1013000e+05   3.6865234e+01
   5.2243900e+05   3.7597656e+01
   5.2272200e+05   3.5339355e+01
   5.2285300e+05   4.2297363e+01
   5.3829600e+05   3.8146973e+01
   5.5801400e+05   4.0100098e+01
   5.5821600e+05   3.8269043e+01
   5.5868800e+05   3.6804199e+01
   5.8124300e+05   3.6743164e+01
   6.0350700e+05   3.5705566e+01
   6.0420700e+05   4.1442871e+01
   6.4965300e+05   3.6071777e+01
   6.4972200e+05   3.6865234e+01
   6.4978900e+05   3.5400391e+01
   6.5024400e+05   4.4555664e+01
   7.1708100e+05   3.6499023e+01
   7.1719900e+05   4.9438477e+01
   7.1730800e+05   4.4738770e+01
   7.1750000e+05   3.6254883e+01
   7.1752100e+05   3.5522461e+01
   8.1468700e+05   3.5705566e+01
   8.1494200e+05   3.6315918e+01
   8.1503500e+05   4.1625977e+01
   8.1522200e+05   4.4494629e+01
   8.1549200e+05   3.7536621e+01
   8.6435900e+05   3.6132812e+01
   8.6468300e+05   3.6315918e+01
   9.2326700e+05   3.5827637e+01
   9.2346000e+05   4.0710449e+01
   9.6195200e+05   3.6804199e+01
   9.6241500e+05   3.5461426e+01
   9.6252400e+05   3.5644531e+01
   9.6265000e+05   4.1137695e+01
   1.0130360e+06   4.1198730e+01
   1.0504600e+06   3.6926270e+01
   1.0514430e+06   3.7536621e+01
   1.0933000e+06   3.7353516e+01
   1.0939100e+06   3.8696289e+01
   1.0940970e+06   3.5949707e+01
   1.0943440e+06   3.6804199e+01
   1.1333340e+06   4.5288086e+01
   1.1669640e+06   4.2419434e+01
   1.1669900e+06   3.5156250e+01
   1.1955760e+06   3.6499023e+01
   1.1958430e+06   3.5949707e+01
   1.3258020e+06   3.8391113e+01
   1.3259510e+06   3.6682129e+01
   1.3516800e+06   3.8940430e+01
   1.3518970e+06   3.6193848e+01
   1.3522540e+06   3.5400391e+01
   1.4070870e+06   4.0405273e+01
   1.4072960e+06   3.6437988e+01
   1.4791100e+06   4.1198730e+01
   1.4791960e+06   3.6621094e+01
   1.4795620e+06   3.6010742e+01
   1.4797620e+06   3.7292480e+01
   1.4797770e+06   3.5278320e+01
   1.9715630e+06   3.9794922e+01
   1.9716150e+06   3.7658691e+01
   1.9723050e+06   3.8818359e+01
   1.9724760e+06   3.6560059e+01
   1.9729200e+06   3.5766602e+01
   2.0284780e+06   3.7963867e+01
   2.0285410e+06   3.8513184e+01
   2.0285540e+06   3.9123535e+01
   2.0286410e+06   4.2236328e+01
   2.0286770e+06   4.1381836e+01
   2.0427420e+06   3.7963867e+01
   2.0552080e+06   3.5522461e+01
   2.0566040e+06   3.5644531e+01
   2.0579180e+06   3.5583496e+01
   2.0693020e+06   4.0893555e+01
   2.0695050e+06   3.5705566e+01
   2.0898070e+06   3.5278320e+01
   2.0898770e+06   3.6010742e+01
   2.1040040e+06   3.7841797e+01
   2.1047590e+06   3.8330078e+01
   2.1250800e+06   3.5644531e+01
   2.1251580e+06   4.4494629e+01
   2.1254970e+06   3.5278320e+01
   2.1407030e+06   3.6071777e+01
   2.1610230e+06   3.6010742e+01
   2.1612760e+06   3.9245605e+01
   2.1619480e+06   3.6254883e+01
   2.1820260e+06   3.7658691e+01
   2.2063840e+06   3.7414551e+01
   2.2068510e+06   3.7414551e+01
   2.2283390e+06   3.9916992e+01
   2.2287510e+06   4.4738770e+01
   2.2621990e+06   3.8146973e+01
   2.2626790e+06   3.8146973e+01
   2.2882210e+06   4.0954590e+01
   2.3253200e+06   4.1564941e+01
   2.5380570e+06   3.6926270e+01
   2.5383840e+06   3.8818359e+01
   2.5384280e+06   3.6193848e+01
   2.6965900e+06   4.0222168e+01
   2.6966730e+06   3.6682129e+01
   2.6975950e+06   3.5705566e+01
   2.7573800e+06   3.5278320e+01
   2.7579630e+06   3.9306641e+01
   2.7905910e+06   3.7658691e+01
   2.7907970e+06   3.8818359e+01
   2.7908140e+06   3.9306641e+01
   2.7912220e+06   4.1564941e+01
   2.8503960e+06   3.6804199e+01
   2.8506460e+06   3.5522461e+01
   2.8955790e+06   3.8208008e+01
   2.8956260e+06   4.0893555e+01
   2.8957680e+06   3.6010742e+01
   3.0360270e+06   3.6193848e+01
   3.0363080e+06   3.6987305e+01
   3.0365050e+06   3.6010742e+01
   3.0367980e+06   3.6071777e+01
   3.1148600e+06   4.0466309e+01
   3.1153270e+06   3.5949707e+01
   3.1671010e+06   3.7902832e+01
   3.2249130e+06   4.4616699e+01
   3.2251720e+06   3.5583496e+01
   3.2252490e+06   4.3151855e+01
   3.2252940e+06   3.5766602e+01
   3.2840280e+06   3.7048340e+01
   3.2847240e+06   3.6621094e+01
   3.3387270e+06   4.0771484e+01
   3.3391420e+06   4.0283203e+01
   3.4133050e+06   4.0466309e+01
   3.4134510e+06   4.4738770e+01
   3.4136160e+06   3.8085938e+01
   3.4395690e+06   3.6071777e+01
   3.4403600e+06   3.6010742e+01
   3.4700550e+06   3.6254883e+01
   3.4705120e+06   3.5400391e+01
   3.8408860e+06   3.8574219e+01
   3.8657450e+06   4.3579102e+01
   3.8657990e+06   4.1687012e+01
   3.9138520e+06   3.5583496e+01
   3.9138870e+06   3.5827637e+01
   3.9141320e+06   4.0588379e+01
   3.9146000e+06   3.6926270e+01
   3.9153890e+06   3.9367676e+01
   3.9329570e+06   4.4677734e+01
   3.9334570e+06   4.4311523e+01
   3.9491250e+06   3.5156250e+01
   3.9703710e+06   3.9184570e+01
   4.0779220e+06   4.1198730e+01
   4.3849670e+06   3.9978027e+01
   4.3856450e+06   3.5949707e+01
   4.3859000e+06   3.6132812e+01
   4.5605230e+06   3.5827637e+01
   4.5606490e+06   3.9428711e+01
   4.5607210e+06   3.6376953e+01
   4.5610780e+06   4.0100098e+01
   4.5612420e+06   3.9489746e+01
   4.6877780e+06   3.8208008e+01
   4.7873090e+06   4.0710449e+01
   4.8286850e+06   3.7109375e+01
   4.8287720e+06   3.5644531e+01
   4.8294870e+06   3.5583496e+01
   4.8710190e+06   3.5705566e+01
   4.8711340e+06   3.8269043e+01
   4.8713480e+06   4.3090820e+01
   4.8715370e+06   3.7719727e+01
   4.8716670e+06   3.6682129e+01
   4.9267910e+06   3.5644531e+01
   4.9271330e+06   3.8452148e+01
   4.9272220e+06   4.5898438e+01
   4.9279920e+06   3.6987305e+01
   4.9847970e+06   3.8085938e+01
   4.9851960e+06   3.7109375e+01
   5.1401840e+06   3.6132812e+01
   5.1406040e+06   3.5278320e+01
   5.2023580e+06   4.0344238e+01
   5.3214270e+06   3.9306641e+01
   5.3760540e+06   3.8696289e+01
   5.3764150e+06   3.9550781e+01
   5.4136640e+06   3.5217285e+01
   5.4137520e+06   3.6499023e+01
   5.4521420e+06   4.1503906e+01
   5.5151420e+06   3.6315918e+01
   5.5152720e+06   3.5278320e+01
   5.5153820e+06   3.7353516e+01
   5.5155620e+06   3.7109375e+01
   5.5156690e+06   3.5339355e+01
   5.7059960e+06   3.8635254e+01
   5.7062820e+06   3.7414551e+01
   5.7068040e+06   3.5644531e+01
   5.7068310e+06   3.6621094e+01
   5.8187580e+06   4.0893555e+01
   5.8196390e+06   3.5217285e+01
   6.0762780e+06   3.8940430e+01
   6.0767710e+06   3.5827637e+01
   6.1477630e+06   3.6437988e+01
   6.2302560e+06   3.5156250e+01
   6.2304050e+06   3.8085938e+01
   6.6990070e+06   3.6743164e+01
   6.6994670e+06   3.8574219e+01
   6.8491150e+06   3.6621094e+01
   6.8492150e+06   3.7902832e+01
   6.8493390e+06   3.5705566e+01
   6.8494350e+06   3.6987305e+01
   6.8728240e+06   3.5949707e+01
   6.8734690e+06   4.9438477e+01
   6.8737750e+06   3.5217285e+01
   6.9008350e+06   3.6193848e+01
   6.9014090e+06   3.5766602e+01
   7.4346540e+06   3.8940430e+01
   7.5571760e+06   3.8330078e+01
   7.5575510e+06   4.1503906e+01
   7.9273470e+06   3.7231445e+01
   7.9276530e+06   3.7109375e+01
   8.1906990e+06   4.2297363e+01
   8.1908650e+06   3.5156250e+01
   8.5562070e+06   3.5278320e+01
   8.5564090e+06   3.8269043e+01
   8.5564910e+06   3.5888672e+01
   8.5565930e+06   4.1442871e+01
   9.7154680e+06   3.7780762e+01
   1.1207036e+07   3.5644531e+01
