   1.1999000e+07   0.0000000e+00
   6.7490000e+03   6.2927246e+01
   7.5450000e+03   6.6711426e+01
   8.5210000e+03   6.7993164e+01
   4.0905200e+05   7.1289063e+01
   4.0921700e+05   8.5510254e+01
   4.0930600e+05   4.2724609e+01
   4.0933200e+05   6.9641113e+01
   4.0942500e+05   4.0893555e+01
   4.0950000e+05   4.2480469e+01
   4.0956000e+05   4.0100098e+01
   4.0961400e+05   3.8330078e+01
   4.1108400e+05   4.1931152e+01
   4.1133400e+05   3.9611816e+01
   4.1158400e+05   4.8034668e+01
   4.1169500e+05   3.9978027e+01
   4.1181400e+05   4.6569824e+01
   4.1198800e+05   4.6447754e+01
   4.1214300e+05   4.2419434e+01
   4.1229500e+05   3.8635254e+01
   4.1247200e+05   5.5908203e+01
   4.1276300e+05   5.1208496e+01
   4.9101900e+05   3.8757324e+01
   4.9116900e+05   6.6223145e+01
   4.9136900e+05   7.9833984e+01
   4.9149000e+05   6.5246582e+01
   4.9159200e+05   6.4758301e+01
   4.9161500e+05   3.8330078e+01
   4.9167600e+05   4.7790527e+01
   4.9237900e+05   3.8818359e+01
   4.9389700e+05   4.0405273e+01
   4.9410300e+05   5.1025391e+01
   4.9425500e+05   3.9367676e+01
   4.9451300e+05   4.1259766e+01
   5.0947200e+05   6.0363770e+01
   5.0977500e+05   6.0485840e+01
   5.0997200e+05   7.4951172e+01
   5.1007700e+05   6.3476562e+01
   5.1018300e+05   5.7983398e+01
   5.1028700e+05   5.6579590e+01
   5.1036600e+05   4.1198730e+01
   5.1162800e+05   4.4616699e+01
   5.1189200e+05   4.0344238e+01
   5.1204200e+05   3.9978027e+01
   5.1220300e+05   4.0466309e+01
   5.1234900e+05   4.1992188e+01
   5.1257000e+05   5.0598145e+01
   5.1276800e+05   4.8583984e+01
   5.2250800e+05   7.0983887e+01
   5.2268100e+05   4.2358398e+01
   5.2270800e+05   6.7138672e+01
   5.2272900e+05   4.0710449e+01
   5.2286200e+05   7.2875977e+01
   5.2299500e+05   6.3232422e+01
   5.2309100e+05   4.3945312e+01
   5.2320200e+05   5.1940918e+01
   5.2341200e+05   4.5715332e+01
   5.2386200e+05   4.0832520e+01
   5.2418000e+05   4.3823242e+01
   5.2433400e+05   4.0588379e+01
   5.2460100e+05   4.1870117e+01
   5.2477200e+05   3.9184570e+01
   5.2499800e+05   4.4006348e+01
   5.2533600e+05   6.0974121e+01
   5.3809900e+05   6.4758301e+01
   5.3828900e+05   6.1157227e+01
   5.3842600e+05   6.5551758e+01
   5.3856700e+05   6.0058594e+01
   5.3869600e+05   5.7983398e+01
   5.3883100e+05   4.3395996e+01
   5.3895900e+05   5.3894043e+01
   5.3909000e+05   3.9550781e+01
   5.3921200e+05   4.7790527e+01
   5.3935600e+05   4.9255371e+01
   5.3960300e+05   4.5837402e+01
   5.3975700e+05   5.3649902e+01
   5.4000600e+05   5.7189941e+01
   5.4018100e+05   6.5124512e+01
   5.4045200e+05   4.7302246e+01
   5.5833400e+05   6.8359375e+01
   5.5851500e+05   8.2336426e+01
   5.5868100e+05   6.8176270e+01
   5.5887600e+05   6.1279297e+01
   5.5900300e+05   6.2438965e+01
   5.5914300e+05   6.0668945e+01
   5.5932300e+05   5.1940918e+01
   5.5948600e+05   5.2978516e+01
   5.5964300e+05   4.8156738e+01
   5.5984200e+05   5.4870605e+01
   5.6002100e+05   5.3039551e+01
   5.6032200e+05   6.0791016e+01
   5.8072500e+05   5.1696777e+01
   5.8088900e+05   6.4941406e+01
   5.8103300e+05   7.2082520e+01
   5.8115700e+05   6.8542480e+01
   5.8127100e+05   4.3029785e+01
   5.8137500e+05   4.1442871e+01
   5.8149900e+05   5.0781250e+01
   5.8217800e+05   3.8330078e+01
   5.8260800e+05   4.8400879e+01
   5.8278800e+05   4.6325684e+01
   5.8297400e+05   4.8095703e+01
   5.8321600e+05   4.6020508e+01
   6.0342800e+05   6.2438965e+01
   6.0359800e+05   7.9162598e+01
   6.0374900e+05   6.9519043e+01
   6.0389900e+05   7.1655273e+01
   6.0404100e+05   5.9387207e+01
   6.0415900e+05   5.6640625e+01
   6.0430600e+05   5.4931641e+01
   6.0441800e+05   4.3273926e+01
   6.0452400e+05   3.9550781e+01
   6.0466700e+05   4.3701172e+01
   6.0480700e+05   4.3579102e+01
   6.0494900e+05   4.5166016e+01
   6.0510300e+05   4.7729492e+01
   6.0529800e+05   4.6997070e+01
   6.0546800e+05   5.0354004e+01
   6.0571500e+05   5.7128906e+01
   6.2057000e+05   6.1157227e+01
   6.2076800e+05   6.7687988e+01
   6.2094300e+05   5.4321289e+01
   6.2110900e+05   5.3283691e+01
   6.2124100e+05   5.7128906e+01
   6.2139300e+05   5.0415039e+01
   6.2151000e+05   5.1147461e+01
   6.2164000e+05   4.7973633e+01
   6.2175300e+05   4.4982910e+01
   6.2188600e+05   3.9306641e+01
   6.2204500e+05   4.2663574e+01
   6.2220700e+05   4.0466309e+01
   6.2236800e+05   3.9367676e+01
   6.2253100e+05   4.2480469e+01
   6.2275400e+05   4.6264648e+01
   6.4928800e+05   5.7983398e+01
   6.4951600e+05   7.5195312e+01
   6.4966200e+05   8.1359863e+01
   6.4978900e+05   5.2673340e+01
   6.4990900e+05   6.1706543e+01
   6.5003000e+05   4.8400879e+01
   6.5015000e+05   4.5104980e+01
   6.5025600e+05   4.4555664e+01
   6.5038900e+05   5.0415039e+01
   6.5064700e+05   4.2541504e+01
   6.5093100e+05   4.6020508e+01
   6.5119700e+05   4.1809082e+01
   6.5136800e+05   3.9245605e+01
   6.5158300e+05   5.6945801e+01
   6.8323600e+05   7.0373535e+01
   6.8336700e+05   6.9702148e+01
   6.8351100e+05   5.6152344e+01
   6.8363300e+05   4.2663574e+01
   6.8375000e+05   5.4626465e+01
   6.8384300e+05   4.4616699e+01
   6.8395200e+05   4.2541504e+01
   6.8406000e+05   4.1687012e+01
   6.8424400e+05   4.1809082e+01
   6.8435100e+05   3.8391113e+01
   6.8456000e+05   4.1381836e+01
   6.8489900e+05   3.9794922e+01
   6.8504300e+05   4.0893555e+01
   6.8519900e+05   4.4372559e+01
   6.8540000e+05   4.6203613e+01
   6.8563200e+05   4.1320801e+01
   6.8590400e+05   6.5124512e+01
   7.1688900e+05   8.1604004e+01
   7.1708100e+05   6.8176270e+01
   7.1721300e+05   5.6823730e+01
   7.1728400e+05   3.9550781e+01
   7.1733600e+05   4.0344238e+01
   7.1744500e+05   6.4270020e+01
   7.1753700e+05   6.5734863e+01
   7.1765400e+05   4.8156738e+01
   7.1778000e+05   3.9611816e+01
   7.1788000e+05   3.9245605e+01
   7.1807800e+05   4.2541504e+01
   7.1849800e+05   3.8940430e+01
   7.1862900e+05   4.4006348e+01
   7.1887300e+05   4.5654297e+01
   7.1902400e+05   4.0283203e+01
   7.1919400e+05   4.9011230e+01
   7.1941700e+05   4.0466309e+01
   8.1476000e+05   7.3913574e+01
   8.1497400e+05   7.3120117e+01
   8.1510800e+05   8.1420898e+01
   8.1524700e+05   5.0354004e+01
   8.1535900e+05   5.1940918e+01
   8.1546900e+05   5.1879883e+01
   8.1555000e+05   4.3823242e+01
   8.1561100e+05   3.8940430e+01
   8.1573100e+05   4.5410156e+01
   8.1625600e+05   4.0039062e+01
   8.1640500e+05   4.2724609e+01
   8.1668400e+05   4.3457031e+01
   8.1682800e+05   4.7607422e+01
   8.1698400e+05   4.1442871e+01
   8.1714800e+05   4.4433594e+01
   8.1733200e+05   3.9916992e+01
   8.1755900e+05   5.8044434e+01
   8.6446100e+05   5.5053711e+01
   8.6465600e+05   8.1542969e+01
   8.6478200e+05   3.8269043e+01
   8.6482300e+05   5.9997559e+01
   8.6494400e+05   5.4565430e+01
   8.6506900e+05   5.8959961e+01
   8.6518000e+05   6.1645508e+01
   8.6528700e+05   3.8513184e+01
   8.6541600e+05   4.1809082e+01
   8.6554400e+05   4.4738770e+01
   8.6564500e+05   3.9245605e+01
   8.6577200e+05   4.5898438e+01
   8.6588200e+05   4.9255371e+01
   8.6604900e+05   4.6447754e+01
   8.6623200e+05   4.9499512e+01
   8.6640100e+05   4.5593262e+01
   8.6660900e+05   4.5410156e+01
   8.6679400e+05   4.2663574e+01
   8.6717700e+05   5.9936523e+01
   8.9256800e+05   3.9306641e+01
   9.2133000e+05   6.3232422e+01
   9.2287000e+05   7.3303223e+01
   9.2304400e+05   6.0974121e+01
   9.2318900e+05   4.4006348e+01
   9.2331600e+05   5.5908203e+01
   9.2342500e+05   5.7067871e+01
   9.2352500e+05   5.0048828e+01
   9.2363800e+05   4.3457031e+01
   9.2375600e+05   5.3466797e+01
   9.2386400e+05   4.8217773e+01
   9.2412100e+05   4.3334961e+01
   9.2430000e+05   4.9804688e+01
   9.2444700e+05   4.1015625e+01
   9.2459900e+05   5.2795410e+01
   9.2478300e+05   4.7729492e+01
   9.2503300e+05   5.5114746e+01
   9.2524000e+05   5.7678223e+01
   9.6228100e+05   6.9335938e+01
   9.6246700e+05   7.1960449e+01
   9.6262700e+05   6.4880371e+01
   9.6276800e+05   5.6396484e+01
   9.6291000e+05   6.2011719e+01
   9.6292400e+05   3.9306641e+01
   9.6304300e+05   6.2011719e+01
   9.6316000e+05   4.4555664e+01
   9.6330700e+05   4.9743652e+01
   9.6349500e+05   5.4870605e+01
   9.6364800e+05   3.8330078e+01
   9.6386400e+05   4.3762207e+01
   9.6409700e+05   4.1625977e+01
   9.6430100e+05   5.1147461e+01
   1.0118720e+06   7.6599121e+01
   1.0121260e+06   7.8308105e+01
   1.0122180e+06   4.5837402e+01
   1.0123260e+06   6.9091797e+01
   1.0124560e+06   6.5612793e+01
   1.0126110e+06   4.3823242e+01
   1.0127470e+06   5.5297852e+01
   1.0129170e+06   5.3161621e+01
   1.0130820e+06   4.9316406e+01
   1.0132400e+06   5.1391602e+01
   1.0134260e+06   5.2795410e+01
   1.0135960e+06   5.7067871e+01
   1.0138120e+06   5.4931641e+01
   1.0142060e+06   5.9448242e+01
   1.0503140e+06   7.1716309e+01
   1.0506680e+06   6.9396973e+01
   1.0508620e+06   6.6345215e+01
   1.0510340e+06   7.3791504e+01
   1.0511740e+06   6.3232422e+01
   1.0513090e+06   6.3781738e+01
   1.0514620e+06   5.6579590e+01
   1.0515830e+06   5.2429199e+01
   1.0517160e+06   4.9133301e+01
   1.0518370e+06   4.4860840e+01
   1.0519610e+06   5.3894043e+01
   1.0520950e+06   4.6508789e+01
   1.0522370e+06   4.4921875e+01
   1.0522670e+06   3.8330078e+01
   1.0524190e+06   5.9326172e+01
   1.0525880e+06   4.8095703e+01
   1.0528510e+06   6.5063477e+01
   1.0932270e+06   7.0251465e+01
   1.0933380e+06   4.2907715e+01
   1.0934900e+06   6.5429688e+01
   1.0935650e+06   4.0039062e+01
   1.0936380e+06   6.7138672e+01
   1.0937720e+06   7.1838379e+01
   1.0938760e+06   6.2194824e+01
   1.0940000e+06   4.8828125e+01
   1.0940860e+06   4.1076660e+01
   1.0941850e+06   3.9489746e+01
   1.0943050e+06   4.5349121e+01
   1.0943940e+06   4.1320801e+01
   1.0945120e+06   3.9916992e+01
   1.0946190e+06   4.0039062e+01
   1.0947400e+06   3.9306641e+01
   1.0949860e+06   4.9743652e+01
   1.0951320e+06   3.9001465e+01
   1.0953100e+06   4.1748047e+01
   1.0955450e+06   5.4992676e+01
   1.0959120e+06   4.8156738e+01
   1.1323870e+06   7.8735352e+01
   1.1325980e+06   8.4472656e+01
   1.1327310e+06   7.0617676e+01
   1.1328700e+06   6.2072754e+01
   1.1329950e+06   4.8767090e+01
   1.1331310e+06   5.0292969e+01
   1.1332230e+06   4.5898438e+01
   1.1332660e+06   5.1391602e+01
   1.1333860e+06   4.9011230e+01
   1.1335000e+06   3.9123535e+01
   1.1336310e+06   4.5654297e+01
   1.1338040e+06   4.3762207e+01
   1.1339460e+06   4.0771484e+01
   1.1341280e+06   4.3579102e+01
   1.1342960e+06   4.7546387e+01
   1.1345210e+06   4.8767090e+01
   1.1348770e+06   5.1025391e+01
   1.1658150e+06   7.0617676e+01
   1.1667460e+06   6.5368652e+01
   1.1669570e+06   6.2438965e+01
   1.1670880e+06   4.9316406e+01
   1.1672460e+06   4.6813965e+01
   1.1673940e+06   5.6335449e+01
   1.1675380e+06   5.9265137e+01
   1.1676420e+06   4.3334961e+01
   1.1676520e+06   3.8696289e+01
   1.1677430e+06   4.8645020e+01
   1.1678400e+06   4.0283203e+01
   1.1679530e+06   4.6691895e+01
   1.1680660e+06   4.3518066e+01
   1.1682050e+06   4.7546387e+01
   1.1683590e+06   4.6691895e+01
   1.1685280e+06   5.0292969e+01
   1.1687360e+06   5.2062988e+01
   1.1689510e+06   4.9743652e+01
   1.1692820e+06   6.9396973e+01
   1.1952380e+06   3.9733887e+01
   1.1954030e+06   7.3730469e+01
   1.1956200e+06   7.3364258e+01
   1.1958380e+06   6.8969727e+01
   1.1959780e+06   5.1635742e+01
   1.1961220e+06   6.1645508e+01
   1.1962540e+06   5.7434082e+01
   1.1963640e+06   4.8767090e+01
   1.1965030e+06   5.3588867e+01
   1.1966560e+06   4.3762207e+01
   1.1967920e+06   4.5104980e+01
   1.1969110e+06   4.1198730e+01
   1.1970700e+06   5.1696777e+01
   1.1972570e+06   4.2053223e+01
   1.1974930e+06   5.0964355e+01
   1.1977560e+06   6.0424805e+01
   1.3253840e+06   6.3537598e+01
   1.3256440e+06   7.3242188e+01
   1.3257960e+06   7.6782227e+01
   1.3259020e+06   6.3415527e+01
   1.3259960e+06   6.7565918e+01
   1.3260920e+06   4.2236328e+01
   1.3263420e+06   4.0832520e+01
   1.3267620e+06   4.2053223e+01
   1.3270510e+06   4.3273926e+01
   1.3273610e+06   4.7912598e+01
   1.3275440e+06   4.5898438e+01
   1.3277010e+06   4.8706055e+01
   1.3278790e+06   6.2805176e+01
   1.3281330e+06   4.7363281e+01
   1.3283910e+06   6.1950684e+01
   1.3285990e+06   6.3476562e+01
   1.3508870e+06   8.0871582e+01
   1.3512740e+06   7.3852539e+01
   1.3514980e+06   7.7331543e+01
   1.3516590e+06   7.7209473e+01
   1.3517890e+06   6.7260742e+01
   1.3519180e+06   5.5908203e+01
   1.3520490e+06   5.3649902e+01
   1.3521500e+06   4.5227051e+01
   1.3525860e+06   3.8574219e+01
   1.3532310e+06   3.8635254e+01
   1.3533730e+06   4.4433594e+01
   1.3535960e+06   3.9184570e+01
   1.3537970e+06   5.4077148e+01
   1.4061240e+06   6.1584473e+01
   1.4065060e+06   6.7016602e+01
   1.4067450e+06   7.3974609e+01
   1.4069380e+06   6.0546875e+01
   1.4070520e+06   5.2673340e+01
   1.4071710e+06   4.7912598e+01
   1.4072650e+06   4.7973633e+01
   1.4073620e+06   3.9184570e+01
   1.4075590e+06   4.4555664e+01
   1.4076630e+06   3.8574219e+01
   1.4084760e+06   4.1687012e+01
   1.4087650e+06   4.1381836e+01
   1.4090910e+06   4.2541504e+01
   1.4093760e+06   4.6997070e+01
   1.4790220e+06   6.3171387e+01
   1.4792420e+06   6.1462402e+01
   1.4794260e+06   6.1096191e+01
   1.4795510e+06   6.6162109e+01
   1.4796850e+06   4.6936035e+01
   1.4797860e+06   4.5471191e+01
   1.4798710e+06   4.0527344e+01
   1.4808780e+06   4.1625977e+01
   1.4811120e+06   3.9428711e+01
   1.4812450e+06   4.1076660e+01
   1.4813590e+06   4.0405273e+01
   1.4815240e+06   4.3823242e+01
   1.4816650e+06   4.3518066e+01
   1.4818780e+06   4.3701172e+01
   1.4820730e+06   4.8217773e+01
   1.9711370e+06   6.7993164e+01
   1.9713540e+06   4.2419434e+01
   1.9714770e+06   3.9855957e+01
   1.9714890e+06   7.5927734e+01
   1.9715610e+06   5.1391602e+01
   1.9716360e+06   3.9611816e+01
   1.9717040e+06   4.0893555e+01
   1.9732340e+06   4.1992188e+01
   1.9735810e+06   4.0344238e+01
   1.9739460e+06   4.6630859e+01
   1.9740660e+06   3.8757324e+01
   1.9742520e+06   4.4494629e+01
   1.9744310e+06   4.6081543e+01
   1.9747450e+06   4.5288086e+01
   2.0283350e+06   6.5734863e+01
   2.0285530e+06   7.8979492e+01
   2.0285890e+06   3.8696289e+01
   2.0286990e+06   5.7189941e+01
   2.0288070e+06   4.6875000e+01
   2.0288920e+06   4.5532227e+01
   2.0292180e+06   4.0344238e+01
   2.0297570e+06   4.1809082e+01
   2.0299740e+06   3.9489746e+01
   2.0300580e+06   3.8757324e+01
   2.0302700e+06   4.6691895e+01
   2.0303470e+06   3.8879395e+01
   2.0306470e+06   4.3151855e+01
   2.0308080e+06   4.3640137e+01
   2.0309620e+06   4.4372559e+01
   2.0311110e+06   4.4555664e+01
   2.0312890e+06   4.2419434e+01
   2.0315170e+06   5.1818848e+01
   2.0425750e+06   7.7575684e+01
   2.0428230e+06   6.1828613e+01
   2.0429660e+06   7.2753906e+01
   2.0430050e+06   3.8757324e+01
   2.0431040e+06   6.2072754e+01
   2.0431160e+06   3.9733887e+01
   2.0431960e+06   4.3945312e+01
   2.0432060e+06   4.9926758e+01
   2.0432980e+06   5.3161621e+01
   2.0433580e+06   4.1503906e+01
   2.0433810e+06   4.3518066e+01
   2.0434620e+06   3.8208008e+01
   2.0437420e+06   4.1809082e+01
   2.0445190e+06   4.7363281e+01
   2.0447650e+06   4.8217773e+01
   2.0448810e+06   3.8940430e+01
   2.0451430e+06   3.8635254e+01
   2.0452950e+06   3.8391113e+01
   2.0455060e+06   4.7485352e+01
   2.0457230e+06   4.7241211e+01
   2.0563850e+06   7.4035645e+01
   2.0564780e+06   4.1076660e+01
   2.0565470e+06   7.1228027e+01
   2.0566780e+06   6.5612793e+01
   2.0568190e+06   4.8950195e+01
   2.0569220e+06   4.5715332e+01
   2.0570470e+06   4.8461914e+01
   2.0571680e+06   5.2673340e+01
   2.0572740e+06   4.6569824e+01
   2.0577270e+06   4.1198730e+01
   2.0578460e+06   4.5227051e+01
   2.0579610e+06   4.2297363e+01
   2.0580860e+06   4.0161133e+01
   2.0582500e+06   3.9550781e+01
   2.0583850e+06   4.1015625e+01
   2.0585180e+06   4.7607422e+01
   2.0586860e+06   4.4860840e+01
   2.0588970e+06   4.3029785e+01
   2.0591130e+06   5.6823730e+01
   2.0693740e+06   5.1574707e+01
   2.0696240e+06   5.8044434e+01
   2.0696820e+06   4.3640137e+01
   2.0697610e+06   6.9396973e+01
   2.0699210e+06   4.8950195e+01
   2.0700470e+06   6.4086914e+01
   2.0701720e+06   4.0466309e+01
   2.0702740e+06   4.4433594e+01
   2.0703960e+06   4.7241211e+01
   2.0705360e+06   5.2490234e+01
   2.0711030e+06   3.9245605e+01
   2.0714220e+06   4.8645020e+01
   2.0716110e+06   4.9194336e+01
   2.0717990e+06   4.5166016e+01
   2.0720230e+06   5.5480957e+01
   2.0890570e+06   7.4462891e+01
   2.0892780e+06   7.9406738e+01
   2.0894160e+06   7.0007324e+01
   2.0895440e+06   5.4748535e+01
   2.0896550e+06   6.4880371e+01
   2.0897830e+06   5.2307129e+01
   2.0900000e+06   4.7729492e+01
   2.0901010e+06   3.9428711e+01
   2.0906630e+06   4.3395996e+01
   2.0909280e+06   4.5410156e+01
   2.0910540e+06   3.8391113e+01
   2.0912200e+06   4.2175293e+01
   2.0914120e+06   5.1269531e+01
   2.0917660e+06   5.7617188e+01
   2.1033420e+06   7.3242188e+01
   2.1036120e+06   6.3354492e+01
   2.1037650e+06   4.5104980e+01
   2.1039330e+06   6.7626953e+01
   2.1040780e+06   6.1401367e+01
   2.1041040e+06   3.8879395e+01
   2.1041430e+06   3.8574219e+01
   2.1042240e+06   4.6142578e+01
   2.1043530e+06   4.8217773e+01
   2.1044800e+06   4.3579102e+01
   2.1046290e+06   4.9194336e+01
   2.1047510e+06   4.0283203e+01
   2.1049720e+06   3.8269043e+01
   2.1051130e+06   5.0842285e+01
   2.1052510e+06   4.0039062e+01
   2.1054400e+06   4.5532227e+01
   2.1056020e+06   5.2001953e+01
   2.1058440e+06   4.9072266e+01
   2.1061520e+06   5.6213379e+01
   2.1246280e+06   6.4880371e+01
   2.1248280e+06   5.4504395e+01
   2.1249720e+06   5.9448242e+01
   2.1251130e+06   6.9702148e+01
   2.1252240e+06   4.6386719e+01
   2.1253360e+06   5.4199219e+01
   2.1255540e+06   4.7241211e+01
   2.1263470e+06   3.9916992e+01
   2.1267700e+06   5.5419922e+01
   2.1269540e+06   5.8227539e+01
   2.1272280e+06   5.3466797e+01
   2.1410640e+06   6.7993164e+01
   2.1412490e+06   5.8410645e+01
   2.1414120e+06   6.2622070e+01
   2.1415730e+06   5.9387207e+01
   2.1417250e+06   5.3771973e+01
   2.1418460e+06   4.5043945e+01
   2.1420050e+06   5.2062988e+01
   2.1421710e+06   5.6152344e+01
   2.1423550e+06   5.1147461e+01
   2.1425000e+06   4.5471191e+01
   2.1427370e+06   5.3283691e+01
   2.1429570e+06   6.8603516e+01
   2.1607830e+06   7.1289062e+01
   2.1608500e+06   4.1381836e+01
   2.1609980e+06   6.9030762e+01
   2.1611610e+06   6.3964844e+01
   2.1612250e+06   4.6569824e+01
   2.1612960e+06   5.8044434e+01
   2.1614470e+06   5.6213379e+01
   2.1615240e+06   3.9062500e+01
   2.1615810e+06   4.9072266e+01
   2.1617010e+06   6.1157227e+01
   2.1618530e+06   5.0476074e+01
   2.1619710e+06   4.1748047e+01
   2.1621190e+06   4.1687012e+01
   2.1624370e+06   4.7973633e+01
   2.1625800e+06   4.4555664e+01
   2.1627840e+06   5.1391602e+01
   2.1630010e+06   5.3283691e+01
   2.1816470e+06   6.1218262e+01
   2.1819120e+06   7.1533203e+01
   2.1821000e+06   6.7932129e+01
   2.1822210e+06   5.3710937e+01
   2.1823630e+06   6.1523438e+01
   2.1825000e+06   6.0607910e+01
   2.1826180e+06   4.0039062e+01
   2.1827460e+06   4.4128418e+01
   2.1828770e+06   5.9997559e+01
   2.1829960e+06   4.0405273e+01
   2.1831290e+06   4.2724609e+01
   2.1834290e+06   4.9377441e+01
   2.1835810e+06   4.6325684e+01
   2.1837220e+06   4.4677734e+01
   2.1839190e+06   5.3955078e+01
   2.1842440e+06   5.7128906e+01
   2.2062700e+06   6.2622070e+01
   2.2064300e+06   6.7016602e+01
   2.2065640e+06   6.9946289e+01
   2.2067060e+06   5.6579590e+01
   2.2068430e+06   7.0373535e+01
   2.2069690e+06   4.9377441e+01
   2.2070850e+06   5.3466797e+01
   2.2071920e+06   4.5593262e+01
   2.2073210e+06   4.3945312e+01
   2.2074570e+06   4.7180176e+01
   2.2077290e+06   3.8330078e+01
   2.2078850e+06   4.5837402e+01
   2.2080670e+06   5.1635742e+01
   2.2082610e+06   5.9936523e+01
   2.2277350e+06   7.0556641e+01
   2.2279730e+06   6.3964844e+01
   2.2281270e+06   6.0119629e+01
   2.2282800e+06   6.3049316e+01
   2.2284110e+06   6.5185547e+01
   2.2285600e+06   5.3161621e+01
   2.2286540e+06   4.9255371e+01
   2.2287660e+06   3.9550781e+01
   2.2288800e+06   5.0231934e+01
   2.2290130e+06   4.6569824e+01
   2.2291370e+06   5.5480957e+01
   2.2294080e+06   3.9611816e+01
   2.2295640e+06   3.9916992e+01
   2.2297400e+06   4.4311523e+01
   2.2300080e+06   4.3762207e+01
   2.2615430e+06   6.7077637e+01
   2.2619170e+06   6.1706543e+01
   2.2621520e+06   6.4575195e+01
   2.2622940e+06   6.7749023e+01
   2.2623950e+06   4.4677734e+01
   2.2625290e+06   4.4921875e+01
   2.2626480e+06   4.4921875e+01
   2.2627570e+06   5.0964355e+01
   2.2628550e+06   4.4555664e+01
   2.2629470e+06   3.8269043e+01
   2.2630530e+06   4.1870117e+01
   2.2632730e+06   4.5288086e+01
   2.2633760e+06   3.8635254e+01
   2.2634980e+06   4.0405273e+01
   2.2636170e+06   3.9245605e+01
   2.2639400e+06   4.6386719e+01
   2.2641190e+06   4.2907715e+01
   2.2643950e+06   4.7851562e+01
   2.2880800e+06   7.2326660e+01
   2.2882650e+06   6.0974121e+01
   2.2884240e+06   6.6162109e+01
   2.2885920e+06   5.2124023e+01
   2.2887710e+06   5.7495117e+01
   2.2889150e+06   5.4199219e+01
   2.2890830e+06   6.5246582e+01
   2.2892750e+06   5.4748535e+01
   2.2895100e+06   6.2561035e+01
   2.2898910e+06   6.6589355e+01
   2.3248430e+06   6.9213867e+01
   2.3251280e+06   7.4768066e+01
   2.3253330e+06   5.3405762e+01
   2.3255020e+06   4.5349121e+01
   2.3256190e+06   4.6447754e+01
   2.3256470e+06   4.2114258e+01
   2.3257550e+06   5.8471680e+01
   2.3258720e+06   4.5959473e+01
   2.3260220e+06   5.1208496e+01
   2.3261630e+06   4.3151855e+01
   2.3263020e+06   5.2246094e+01
   2.3264470e+06   4.8767090e+01
   2.3265970e+06   4.6569824e+01
   2.3267390e+06   4.3212891e+01
   2.3268960e+06   5.8288574e+01
   2.3270720e+06   4.5043945e+01
   2.3274520e+06   5.9265137e+01
   2.5375520e+06   6.1584473e+01
   2.5379960e+06   5.7556152e+01
   2.5381600e+06   5.4443359e+01
   2.5382970e+06   6.1462402e+01
   2.5384050e+06   4.5715332e+01
   2.5384960e+06   4.5288086e+01
   2.5386220e+06   4.3029785e+01
   2.5387300e+06   4.4616699e+01
   2.5388580e+06   5.0659180e+01
   2.5389910e+06   5.6701660e+01
   2.5391000e+06   5.1086426e+01
   2.5394070e+06   4.4189453e+01
   2.5395860e+06   4.2297363e+01
   2.5397440e+06   5.0720215e+01
   2.5400010e+06   4.7241211e+01
   2.6763880e+06   7.4584961e+01
   2.6948570e+06   7.9772949e+01
   2.6965070e+06   6.7199707e+01
   2.6967360e+06   6.5307617e+01
   2.6968320e+06   4.3884277e+01
   2.6968590e+06   5.2429199e+01
   2.6969680e+06   6.2133789e+01
   2.6970640e+06   5.2001953e+01
   2.6971480e+06   4.3640137e+01
   2.6972360e+06   4.1503906e+01
   2.6978150e+06   4.7729492e+01
   2.6982830e+06   4.6203613e+01
   2.6984560e+06   5.2734375e+01
   2.6986210e+06   4.7729492e+01
   2.6988150e+06   4.4433594e+01
   2.6990130e+06   5.3955078e+01
   2.7572560e+06   5.6884766e+01
   2.7575820e+06   7.1228027e+01
   2.7576010e+06   4.2053223e+01
   2.7577200e+06   5.8654785e+01
   2.7578490e+06   5.3283691e+01
   2.7579780e+06   4.5166016e+01
   2.7580640e+06   4.6813965e+01
   2.7581720e+06   4.6264648e+01
   2.7582810e+06   4.0893555e+01
   2.7583430e+06   4.3273926e+01
   2.7586630e+06   3.9367676e+01
   2.7587830e+06   3.8452148e+01
   2.7589330e+06   4.0405273e+01
   2.7590740e+06   4.9316406e+01
   2.7592240e+06   5.2001953e+01
   2.7594060e+06   4.7668457e+01
   2.7597400e+06   5.7678223e+01
   2.7899990e+06   5.7922363e+01
   2.7904350e+06   6.0791016e+01
   2.7906870e+06   6.8481445e+01
   2.7908740e+06   6.6894531e+01
   2.7910000e+06   6.0668945e+01
   2.7911060e+06   4.3457031e+01
   2.7912340e+06   5.4809570e+01
   2.7913480e+06   4.0039062e+01
   2.7914130e+06   3.8635254e+01
   2.7914440e+06   4.3640137e+01
   2.7915540e+06   4.4921875e+01
   2.7916860e+06   3.9978027e+01
   2.7918020e+06   4.0100098e+01
   2.7919680e+06   3.8818359e+01
   2.7920970e+06   4.7119141e+01
   2.7922450e+06   4.6081543e+01
   2.7924900e+06   4.3701172e+01
   2.7927160e+06   4.6508789e+01
   2.8494880e+06   6.6894531e+01
   2.8502490e+06   6.5307617e+01
   2.8504890e+06   7.8857422e+01
   2.8505530e+06   4.1137695e+01
   2.8506160e+06   4.8828125e+01
   2.8507540e+06   6.8298340e+01
   2.8508580e+06   4.6386719e+01
   2.8509620e+06   4.1320801e+01
   2.8510620e+06   4.2480469e+01
   2.8511680e+06   4.7912598e+01
   2.8512470e+06   3.8391113e+01
   2.8513710e+06   4.2053223e+01
   2.8516820e+06   4.1931152e+01
   2.8519240e+06   3.9123535e+01
   2.8522110e+06   3.8879395e+01
   2.8523600e+06   4.6691895e+01
   2.8525480e+06   4.5776367e+01
   2.8528630e+06   5.3894043e+01
   2.8950530e+06   7.2937012e+01
   2.8952270e+06   7.0373535e+01
   2.8953730e+06   7.0556641e+01
   2.8954040e+06   4.2907715e+01
   2.8955060e+06   5.9936523e+01
   2.8956160e+06   4.5104980e+01
   2.8957120e+06   4.9926758e+01
   2.8958110e+06   3.8513184e+01
   2.8959430e+06   4.5166016e+01
   2.8960470e+06   4.0954590e+01
   2.8966030e+06   4.7363281e+01
   2.8967610e+06   5.9387207e+01
   2.8969610e+06   5.2185059e+01
   2.8972340e+06   4.9804687e+01
   2.9285570e+06   7.7514648e+01
   2.9287340e+06   7.3364258e+01
   2.9288720e+06   4.2358398e+01
   2.9288930e+06   5.5175781e+01
   2.9290110e+06   5.3955078e+01
   2.9291410e+06   5.8288574e+01
   2.9292700e+06   4.2724609e+01
   2.9293800e+06   3.8269043e+01
   2.9294930e+06   3.9428711e+01
   2.9296040e+06   4.1870117e+01
   2.9297360e+06   5.0048828e+01
   2.9299380e+06   4.1992188e+01
   2.9300970e+06   4.4677734e+01
   2.9302460e+06   4.8645020e+01
   2.9304150e+06   3.8818359e+01
   2.9305810e+06   4.5532227e+01
   2.9307970e+06   5.1757812e+01
   3.0360900e+06   6.9152832e+01
   3.0362430e+06   4.4616699e+01
   3.0363120e+06   5.5175781e+01
   3.0364540e+06   6.5551758e+01
   3.0365760e+06   5.8288574e+01
   3.0366990e+06   4.8828125e+01
   3.0367780e+06   4.2846680e+01
   3.0376390e+06   3.8635254e+01
   3.0382650e+06   4.3762207e+01
   3.0384310e+06   5.2124023e+01
   3.0385890e+06   4.2480469e+01
   3.0387970e+06   5.0659180e+01
   3.0389810e+06   5.4077148e+01
   3.1150130e+06   7.6660156e+01
   3.1151910e+06   6.7626953e+01
   3.1153420e+06   7.4340820e+01
   3.1154640e+06   5.8593750e+01
   3.1155680e+06   5.3100586e+01
   3.1156710e+06   4.6997070e+01
   3.1157590e+06   4.7546387e+01
   3.1160130e+06   3.9794922e+01
   3.1164220e+06   3.8208008e+01
   3.1165260e+06   4.1137695e+01
   3.1167680e+06   4.2785645e+01
   3.1168930e+06   4.1015625e+01
   3.1170740e+06   4.0649414e+01
   3.1172110e+06   5.1879883e+01
   3.1173980e+06   4.8950195e+01
   3.1176390e+06   3.9611816e+01
   3.1179630e+06   5.1452637e+01
   3.1667300e+06   6.8969727e+01
   3.1669060e+06   6.1035156e+01
   3.1669210e+06   3.9794922e+01
   3.1670540e+06   6.7382812e+01
   3.1670940e+06   4.3457031e+01
   3.1671670e+06   3.9245605e+01
   3.1671940e+06   3.8452148e+01
   3.1672640e+06   4.9926758e+01
   3.1673550e+06   4.4555664e+01
   3.1675280e+06   4.4006348e+01
   3.1680250e+06   4.1870117e+01
   3.1681380e+06   3.8757324e+01
   3.1682490e+06   3.8635254e+01
   3.1683710e+06   4.2175293e+01
   3.1685000e+06   4.2297363e+01
   3.1686820e+06   5.3344727e+01
   3.1688270e+06   5.1452637e+01
   3.1690410e+06   5.1940918e+01
   3.1692870e+06   5.3955078e+01
   3.2248460e+06   7.4279785e+01
   3.2250350e+06   6.4147949e+01
   3.2251940e+06   5.6884766e+01
   3.2252830e+06   6.8786621e+01
   3.2253310e+06   4.3457031e+01
   3.2253780e+06   5.9143066e+01
   3.2254720e+06   3.9978027e+01
   3.2255620e+06   4.2358398e+01
   3.2256590e+06   4.3762207e+01
   3.2259750e+06   4.0588379e+01
   3.2266590e+06   4.2480469e+01
   3.2268420e+06   5.8898926e+01
   3.2270370e+06   5.3344727e+01
   3.2272510e+06   5.3161621e+01
   3.2275910e+06   5.6579590e+01
   3.2279200e+06   5.2612305e+01
   3.2834940e+06   5.8959961e+01
   3.2836660e+06   5.1879883e+01
   3.2838300e+06   6.4575195e+01
   3.2839170e+06   4.8156738e+01
   3.2840390e+06   5.0109863e+01
   3.2841430e+06   4.5532227e+01
   3.2842160e+06   4.0405273e+01
   3.2845080e+06   4.4494629e+01
   3.2848860e+06   3.8330078e+01
   3.2851370e+06   4.2724609e+01
   3.2852830e+06   4.7546387e+01
   3.2854030e+06   4.1198730e+01
   3.2856860e+06   4.2114258e+01
   3.2860140e+06   4.9926758e+01
   3.2862530e+06   5.8898926e+01
   3.3386170e+06   8.2641602e+01
   3.3386440e+06   4.6081543e+01
   3.3388220e+06   6.5063477e+01
   3.3389630e+06   5.1818848e+01
   3.3390840e+06   7.1105957e+01
   3.3391870e+06   6.1096191e+01
   3.3392790e+06   4.3701172e+01
   3.3393740e+06   4.5593262e+01
   3.3394410e+06   4.1198730e+01
   3.3395380e+06   4.0527344e+01
   3.3396460e+06   4.2663574e+01
   3.3401760e+06   4.3701172e+01
   3.3404200e+06   3.9550781e+01
   3.3405580e+06   4.0039062e+01
   3.3407260e+06   5.6518555e+01
   3.3409220e+06   3.8208008e+01
   3.3411160e+06   4.5715332e+01
   3.3414970e+06   5.8349609e+01
   3.4128590e+06   5.9204102e+01
   3.4131390e+06   6.0424805e+01
   3.4132710e+06   8.0810547e+01
   3.4133790e+06   6.4208984e+01
   3.4134880e+06   4.8156738e+01
   3.4135140e+06   4.1992188e+01
   3.4135650e+06   3.8696289e+01
   3.4137580e+06   4.0771484e+01
   3.4143230e+06   4.0954590e+01
   3.4145680e+06   3.8208008e+01
   3.4148450e+06   5.0354004e+01
   3.4150060e+06   4.2602539e+01
   3.4151670e+06   5.4443359e+01
   3.4154230e+06   5.3955078e+01
   3.4156590e+06   5.4016113e+01
   3.4390950e+06   6.9030762e+01
   3.4391390e+06   3.9489746e+01
   3.4393640e+06   6.6833496e+01
   3.4395160e+06   7.5256348e+01
   3.4396570e+06   5.7128906e+01
   3.4397560e+06   5.1330566e+01
   3.4398250e+06   4.1320801e+01
   3.4398830e+06   5.1635742e+01
   3.4399830e+06   4.7912598e+01
   3.4400820e+06   4.3457031e+01
   3.4401960e+06   3.8391113e+01
   3.4402880e+06   3.9001465e+01
   3.4403820e+06   4.9499512e+01
   3.4405870e+06   4.8645020e+01
   3.4407020e+06   4.6325684e+01
   3.4409830e+06   4.4128418e+01
   3.4411260e+06   4.2907715e+01
   3.4413890e+06   5.0720215e+01
   3.4416030e+06   7.4035645e+01
   3.4418300e+06   5.1025391e+01
   3.4698980e+06   6.5124512e+01
   3.4701030e+06   6.2866211e+01
   3.4702890e+06   6.1462402e+01
   3.4704060e+06   7.6416016e+01
   3.4705030e+06   6.2316895e+01
   3.4706230e+06   6.6162109e+01
   3.4707330e+06   5.1391602e+01
   3.4708270e+06   4.5898437e+01
   3.4710110e+06   4.2419434e+01
   3.4711210e+06   3.9550781e+01
   3.4713510e+06   3.9062500e+01
   3.4716170e+06   4.0161133e+01
   3.4720190e+06   5.3039551e+01
   3.4722370e+06   5.7067871e+01
   3.4724820e+06   5.3344727e+01
   3.8653830e+06   7.9589844e+01
   3.8656270e+06   6.1218262e+01
   3.8657600e+06   5.6335449e+01
   3.8658570e+06   6.2805176e+01
   3.8659470e+06   4.7180176e+01
   3.8660120e+06   3.8513184e+01
   3.8671260e+06   4.1137695e+01
   3.8675670e+06   3.8879395e+01
   3.8678260e+06   4.1259766e+01
   3.8679770e+06   4.1687012e+01
   3.8681230e+06   4.7180176e+01
   3.8682960e+06   4.8522949e+01
   3.8684990e+06   5.4016113e+01
   3.9134570e+06   6.7565918e+01
   3.9136970e+06   8.9782715e+01
   3.9138690e+06   5.3161621e+01
   3.9138920e+06   4.0222168e+01
   3.9140230e+06   6.6711426e+01
   3.9140480e+06   4.0710449e+01
   3.9141380e+06   5.7495117e+01
   3.9142140e+06   4.1503906e+01
   3.9142950e+06   4.5410156e+01
   3.9144890e+06   3.8574219e+01
   3.9155890e+06   4.0954590e+01
   3.9160010e+06   3.9489746e+01
   3.9161430e+06   4.0466309e+01
   3.9163350e+06   5.0842285e+01
   3.9166360e+06   5.8471680e+01
   3.9328360e+06   7.1228027e+01
   3.9331060e+06   6.7321777e+01
   3.9333250e+06   6.1950684e+01
   3.9334600e+06   6.7321777e+01
   3.9335960e+06   5.2795410e+01
   3.9336920e+06   5.8166504e+01
   3.9337860e+06   4.7729492e+01
   3.9338850e+06   4.4311523e+01
   3.9340510e+06   3.9672852e+01
   3.9350670e+06   4.6142578e+01
   3.9353520e+06   3.8818359e+01
   3.9355210e+06   4.2602539e+01
   3.9357600e+06   5.4382324e+01
   3.9360810e+06   5.0109863e+01
   3.9486790e+06   6.6894531e+01
   3.9489800e+06   7.1655273e+01
   3.9491370e+06   5.6396484e+01
   3.9492850e+06   6.5673828e+01
   3.9494210e+06   6.0119629e+01
   3.9495490e+06   6.7382812e+01
   3.9496670e+06   4.3273926e+01
   3.9496830e+06   3.8208008e+01
   3.9497770e+06   3.9672852e+01
   3.9498640e+06   4.0893555e+01
   3.9503940e+06   3.9001465e+01
   3.9505200e+06   4.0283203e+01
   3.9506480e+06   4.1015625e+01
   3.9507810e+06   3.9123535e+01
   3.9509370e+06   3.8208008e+01
   3.9510980e+06   4.9133301e+01
   3.9513120e+06   5.5725098e+01
   3.9515820e+06   5.4809570e+01
   3.9701790e+06   5.5786133e+01
   3.9704740e+06   7.3791504e+01
   3.9706420e+06   6.0913086e+01
   3.9707660e+06   5.1269531e+01
   3.9708810e+06   5.0903320e+01
   3.9709820e+06   4.3945312e+01
   3.9711710e+06   3.9916992e+01
   3.9713830e+06   4.3762207e+01
   3.9714790e+06   3.8391113e+01
   3.9719720e+06   4.1564941e+01
   3.9722510e+06   4.1198730e+01
   3.9724300e+06   4.3884277e+01
   3.9726390e+06   5.1086426e+01
   3.9728960e+06   4.5654297e+01
   4.0017740e+06   6.7993164e+01
   4.0020900e+06   7.1105957e+01
   4.0022790e+06   7.6416016e+01
   4.0024310e+06   6.1889648e+01
   4.0025630e+06   6.7321777e+01
   4.0026120e+06   3.8818359e+01
   4.0027010e+06   6.5429688e+01
   4.0028450e+06   5.5175781e+01
   4.0028570e+06   3.9611816e+01
   4.0029640e+06   5.2307129e+01
   4.0032050e+06   4.9743652e+01
   4.0033350e+06   4.6813965e+01
   4.0034520e+06   4.8583984e+01
   4.0035700e+06   4.3823242e+01
   4.0037240e+06   4.0039062e+01
   4.0038900e+06   5.1696777e+01
   4.0040770e+06   3.8330078e+01
   4.0042750e+06   4.7973633e+01
   4.0439080e+06   5.9082031e+01
   4.0441300e+06   6.0363770e+01
   4.0442340e+06   4.0283203e+01
   4.0442900e+06   3.8208008e+01
   4.0444270e+06   4.2480469e+01
   4.0445370e+06   6.0913086e+01
   4.0446510e+06   4.5715332e+01
   4.0447550e+06   4.4799805e+01
   4.0457760e+06   3.9733887e+01
   4.0459250e+06   5.4199219e+01
   4.0461120e+06   4.4372559e+01
   4.0464280e+06   4.9804688e+01
   4.0773590e+06   8.1665039e+01
   4.0775110e+06   5.7922363e+01
   4.0776670e+06   6.1462402e+01
   4.0777870e+06   6.3293457e+01
   4.0779160e+06   5.3100586e+01
   4.0780430e+06   3.9062500e+01
   4.0781750e+06   3.9123535e+01
   4.0782750e+06   5.4077148e+01
   4.0783900e+06   3.8818359e+01
   4.0785100e+06   4.0039062e+01
   4.0786260e+06   4.6997070e+01
   4.0787520e+06   4.6081543e+01
   4.0788950e+06   4.1381836e+01
   4.0790760e+06   4.5227051e+01
   4.0792620e+06   5.0964355e+01
   4.0796570e+06   5.4626465e+01
   4.3854380e+06   6.2194824e+01
   4.3856340e+06   6.6467285e+01
   4.3857760e+06   7.5744629e+01
   4.3858840e+06   5.6030273e+01
   4.3859660e+06   6.3232422e+01
   4.3860650e+06   3.8391113e+01
   4.3861500e+06   4.8889160e+01
   4.3862220e+06   3.8391113e+01
   4.3867790e+06   4.0588379e+01
   4.3870000e+06   3.9062500e+01
   4.3871040e+06   3.9611816e+01
   4.3872380e+06   4.4128418e+01
   4.3873800e+06   4.3212891e+01
   4.3875230e+06   4.6875000e+01
   4.3877020e+06   4.4067383e+01
   4.3879200e+06   5.2551270e+01
   4.3881120e+06   5.2368164e+01
   4.3884330e+06   5.8044434e+01
   4.4553500e+06   6.2744141e+01
   4.4555280e+06   7.0678711e+01
   4.4556390e+06   6.3232422e+01
   4.4557210e+06   5.6579590e+01
   4.4558020e+06   3.8757324e+01
   4.4558240e+06   5.2612305e+01
   4.4559170e+06   4.3457031e+01
   4.4560080e+06   4.0832520e+01
   4.4561270e+06   4.0405273e+01
   4.4562260e+06   3.9916992e+01
   4.4563020e+06   3.8696289e+01
   4.4566300e+06   4.0771484e+01
   4.4574550e+06   4.4555664e+01
   4.4576880e+06   5.3527832e+01
   4.5604260e+06   7.3852539e+01
   4.5605750e+06   6.1157227e+01
   4.5607290e+06   7.5073242e+01
   4.5608450e+06   6.3049316e+01
   4.5610250e+06   4.3029785e+01
   4.5611170e+06   4.3518066e+01
   4.5615050e+06   4.4982910e+01
   4.5616890e+06   3.9916992e+01
   4.5624120e+06   3.8574219e+01
   4.5625510e+06   4.7363281e+01
   4.5627440e+06   5.3466797e+01
   4.5630670e+06   5.1086426e+01
   4.6876360e+06   7.0251465e+01
   4.6877560e+06   6.8725586e+01
   4.6878590e+06   5.6335449e+01
   4.6879550e+06   6.0424805e+01
   4.6880500e+06   6.0424805e+01
   4.6881290e+06   3.9978027e+01
   4.6882090e+06   4.0771484e+01
   4.6883150e+06   4.3640137e+01
   4.6883920e+06   4.0222168e+01
   4.6884820e+06   4.0405273e+01
   4.6888550e+06   4.4799805e+01
   4.6893250e+06   4.3884277e+01
   4.6894880e+06   3.8635254e+01
   4.6896830e+06   4.5715332e+01
   4.6900150e+06   5.2307129e+01
   4.7871660e+06   4.5471191e+01
   4.7871930e+06   6.5246582e+01
   4.7873410e+06   6.0607910e+01
   4.7873800e+06   4.6081543e+01
   4.7874360e+06   6.2866211e+01
   4.7875110e+06   4.2907715e+01
   4.7875900e+06   5.2490234e+01
   4.7876900e+06   5.6335449e+01
   4.7883820e+06   3.9367676e+01
   4.7887880e+06   4.2114258e+01
   4.7889150e+06   4.1198730e+01
   4.7890700e+06   4.4128418e+01
   4.7892820e+06   4.9194336e+01
   4.7894650e+06   4.6142578e+01
   4.7896940e+06   4.9865723e+01
   4.8283620e+06   4.4128418e+01
   4.8284090e+06   4.2236328e+01
   4.8285490e+06   6.9946289e+01
   4.8287370e+06   6.5551758e+01
   4.8288780e+06   5.7739258e+01
   4.8290090e+06   6.7382812e+01
   4.8291080e+06   4.9743652e+01
   4.8291630e+06   3.8818359e+01
   4.8292070e+06   4.7546387e+01
   4.8293770e+06   4.1931152e+01
   4.8294640e+06   4.4250488e+01
   4.8296510e+06   3.9794922e+01
   4.8297600e+06   4.0893555e+01
   4.8299760e+06   4.3762207e+01
   4.8302360e+06   3.8879395e+01
   4.8303590e+06   4.3029785e+01
   4.8305290e+06   3.9672852e+01
   4.8307210e+06   4.5837402e+01
   4.8308970e+06   5.0537109e+01
   4.8311200e+06   5.7006836e+01
   4.8711790e+06   6.7687988e+01
   4.8713580e+06   7.0556641e+01
   4.8715200e+06   6.4697266e+01
   4.8716020e+06   4.2114258e+01
   4.8716570e+06   5.6457520e+01
   4.8717450e+06   5.7189941e+01
   4.8722000e+06   3.9245605e+01
   4.8725230e+06   3.9306641e+01
   4.8726560e+06   4.6447754e+01
   4.8729330e+06   4.4433594e+01
   4.8731330e+06   4.1992188e+01
   4.8732780e+06   4.3151855e+01
   4.8734500e+06   4.0649414e+01
   4.9269410e+06   6.8786621e+01
   4.9271290e+06   6.0668945e+01
   4.9272800e+06   6.7810059e+01
   4.9273830e+06   5.8959961e+01
   4.9274670e+06   4.2968750e+01
   4.9275540e+06   4.1076660e+01
   4.9276460e+06   5.7739258e+01
   4.9278200e+06   4.0405273e+01
   4.9280040e+06   4.1137695e+01
   4.9281560e+06   3.9794922e+01
   4.9284260e+06   3.8513184e+01
   4.9285610e+06   4.2419434e+01
   4.9286820e+06   4.2785645e+01
   4.9288050e+06   4.9926758e+01
   4.9289900e+06   5.5480957e+01
   4.9291870e+06   3.9978027e+01
   4.9294380e+06   4.9316406e+01
   4.9841080e+06   6.2500000e+01
   4.9842680e+06   6.5246582e+01
   4.9844040e+06   5.4809570e+01
   4.9845360e+06   5.7617188e+01
   4.9846160e+06   6.0913086e+01
   4.9847160e+06   5.5236816e+01
   4.9848090e+06   3.8330078e+01
   4.9849890e+06   3.9794922e+01
   4.9850880e+06   3.9855957e+01
   4.9856300e+06   4.5043945e+01
   4.9857950e+06   4.8278809e+01
   4.9859580e+06   4.5349121e+01
   4.9861650e+06   5.0842285e+01
   4.9864130e+06   6.4392090e+01
   5.1399090e+06   7.3852539e+01
   5.1400510e+06   5.4321289e+01
   5.1401560e+06   7.7819824e+01
   5.1402380e+06   5.5725098e+01
   5.1403260e+06   3.9550781e+01
   5.1404030e+06   4.3457031e+01
   5.1404800e+06   4.1564941e+01
   5.1414920e+06   4.8950195e+01
   5.1419040e+06   4.8400879e+01
   5.1420380e+06   4.5227051e+01
   5.1422200e+06   5.3588867e+01
   5.1424740e+06   4.0771484e+01
   5.2018280e+06   6.6284180e+01
   5.2020440e+06   5.1574707e+01
   5.2022050e+06   6.0424805e+01
   5.2023300e+06   5.3710938e+01
   5.2024320e+06   5.9082031e+01
   5.2024700e+06   3.9123535e+01
   5.2025250e+06   5.3466797e+01
   5.2026080e+06   4.6630859e+01
   5.2029510e+06   3.9001465e+01
   5.2031360e+06   3.8818359e+01
   5.2032490e+06   3.9611816e+01
   5.2035750e+06   4.0588379e+01
   5.2036960e+06   3.8330078e+01
   5.2038270e+06   3.8513184e+01
   5.2042530e+06   5.4077148e+01
   5.2044750e+06   4.7485352e+01
   5.3213280e+06   6.0974121e+01
   5.3214570e+06   5.8715820e+01
   5.3215710e+06   5.7006836e+01
   5.3216380e+06   3.8513184e+01
   5.3216680e+06   5.8715820e+01
   5.3217560e+06   5.2978516e+01
   5.3219940e+06   3.8452148e+01
   5.3229300e+06   4.5593262e+01
   5.3231020e+06   4.4433594e+01
   5.3232310e+06   4.0039062e+01
   5.3234300e+06   4.2663574e+01
   5.3236020e+06   4.7424316e+01
   5.3238620e+06   4.0161133e+01
   5.3756750e+06   6.9641113e+01
   5.3758810e+06   7.3181152e+01
   5.3760070e+06   5.6030273e+01
   5.3761220e+06   6.2255859e+01
   5.3762130e+06   5.7189941e+01
   5.3763300e+06   5.5664062e+01
   5.3764260e+06   4.2846680e+01
   5.3765140e+06   4.2297363e+01
   5.3775460e+06   3.8452148e+01
   5.3776850e+06   4.4067383e+01
   5.3778200e+06   4.1809082e+01
   5.3779930e+06   4.2480469e+01
   5.3781650e+06   4.0588379e+01
   5.3783790e+06   4.7241211e+01
   5.3786230e+06   4.9682617e+01
   5.4134200e+06   7.5500488e+01
   5.4136740e+06   6.5063477e+01
   5.4138120e+06   6.9091797e+01
   5.4139390e+06   6.2133789e+01
   5.4140620e+06   4.1625977e+01
   5.4141570e+06   4.0161133e+01
   5.4142570e+06   5.3405762e+01
   5.4143550e+06   4.1442871e+01
   5.4145440e+06   4.3640137e+01
   5.4148510e+06   4.1198730e+01
   5.4151010e+06   4.2297363e+01
   5.4153830e+06   4.6264648e+01
   5.4155450e+06   4.4128418e+01
   5.4157110e+06   3.8574219e+01
   5.4159570e+06   4.7973633e+01
   5.4517980e+06   5.8593750e+01
   5.4519680e+06   4.8583984e+01
   5.4521040e+06   7.0434570e+01
   5.4522210e+06   6.8298340e+01
   5.4523430e+06   5.6396484e+01
   5.4524480e+06   5.8105469e+01
   5.4525420e+06   4.9072266e+01
   5.4526510e+06   4.5471191e+01
   5.4527530e+06   3.8574219e+01
   5.4528540e+06   3.9489746e+01
   5.4529650e+06   4.7729492e+01
   5.4530700e+06   4.1564941e+01
   5.4534500e+06   3.8269043e+01
   5.4535960e+06   4.8828125e+01
   5.4538140e+06   4.0832520e+01
   5.4540610e+06   4.8461914e+01
   5.5151820e+06   5.4870605e+01
   5.5153780e+06   6.2866211e+01
   5.5155420e+06   5.5969238e+01
   5.5156770e+06   5.5908203e+01
   5.5157860e+06   5.5358887e+01
   5.5158930e+06   4.2053223e+01
   5.5161100e+06   4.0771484e+01
   5.5162230e+06   5.0170898e+01
   5.5163370e+06   3.9123535e+01
   5.5164740e+06   5.4199219e+01
   5.5166050e+06   3.9855957e+01
   5.5167460e+06   4.2114258e+01
   5.5169200e+06   5.0476074e+01
   5.5171360e+06   4.8889160e+01
   5.5173480e+06   5.4992676e+01
   5.5177830e+06   5.7189941e+01
   5.7060180e+06   7.3669434e+01
   5.7060680e+06   4.3701172e+01
   5.7061570e+06   5.5297852e+01
   5.7062470e+06   5.9814453e+01
   5.7063430e+06   4.3518066e+01
   5.7064250e+06   5.4077148e+01
   5.7065000e+06   4.2663574e+01
   5.7066530e+06   3.8818359e+01
   5.7076080e+06   4.1015625e+01
   5.7077520e+06   3.9306641e+01
   5.7079120e+06   5.2673340e+01
   5.7080630e+06   5.3100586e+01
   5.7083340e+06   4.9926758e+01
   5.7085980e+06   4.7790527e+01
   5.8195200e+06   6.9213867e+01
   5.8197320e+06   4.7119141e+01
   5.8198700e+06   6.0546875e+01
   5.8199820e+06   5.5236816e+01
   5.8200670e+06   5.1330566e+01
   5.8201540e+06   3.8330078e+01
   5.8202530e+06   4.7485352e+01
   5.8203350e+06   4.4311523e+01
   5.8209130e+06   3.8940430e+01
   5.8211240e+06   4.1625977e+01
   5.8214140e+06   3.9367676e+01
   5.8215530e+06   4.6020508e+01
   5.8217410e+06   4.3151855e+01
   5.8219930e+06   5.0842285e+01
   6.0762430e+06   7.7148438e+01
   6.0764210e+06   5.8471680e+01
   6.0765030e+06   4.3640137e+01
   6.0765260e+06   4.5471191e+01
   6.0766150e+06   6.0791016e+01
   6.0767140e+06   3.9062500e+01
   6.0767850e+06   4.0649414e+01
   6.0778130e+06   3.8269043e+01
   6.0782320e+06   4.7546387e+01
   6.0783940e+06   4.1503906e+01
   6.0785680e+06   4.4006348e+01
   6.0788080e+06   4.7851563e+01
   6.1473810e+06   6.2011719e+01
   6.1475760e+06   6.2377930e+01
   6.1477270e+06   7.5500488e+01
   6.1477730e+06   3.9916992e+01
   6.1478200e+06   4.8400879e+01
   6.1479190e+06   5.6640625e+01
   6.1480050e+06   3.9916992e+01
   6.1481760e+06   4.1320801e+01
   6.1482510e+06   3.9672852e+01
   6.1493780e+06   4.7546387e+01
   6.1495230e+06   4.2480469e+01
   6.1497580e+06   5.1086426e+01
   6.1500420e+06   4.3151855e+01
   6.2301440e+06   5.8410645e+01
   6.2303250e+06   6.0668945e+01
   6.2304590e+06   6.3415527e+01
   6.2304850e+06   4.2663574e+01
   6.2305670e+06   4.3151855e+01
   6.2306450e+06   3.8696289e+01
   6.2307280e+06   4.4067383e+01
   6.2308920e+06   4.1687012e+01
   6.2313430e+06   3.8513184e+01
   6.2314680e+06   3.9794922e+01
   6.2316750e+06   4.0527344e+01
   6.2319780e+06   4.1320801e+01
   6.2321310e+06   4.1870117e+01
   6.2323150e+06   5.2917480e+01
   6.2325290e+06   4.0832520e+01
   6.2327690e+06   5.3588867e+01
   6.6990810e+06   6.4086914e+01
   6.6992520e+06   5.0415039e+01
   6.6993630e+06   6.6223145e+01
   6.6994490e+06   5.1940918e+01
   6.6995190e+06   4.0344238e+01
   6.7008300e+06   4.5654297e+01
   6.7011620e+06   3.9978027e+01
   6.7014080e+06   4.1564941e+01
   6.7016040e+06   4.1931152e+01
   6.7017730e+06   4.9560547e+01
   6.7019750e+06   4.9316406e+01
   6.8489980e+06   5.9997559e+01
   6.8492160e+06   7.3242188e+01
   6.8493330e+06   7.0861816e+01
   6.8494070e+06   5.4138184e+01
   6.8494220e+06   4.3884277e+01
   6.8494780e+06   4.1076660e+01
   6.8495650e+06   4.1625977e+01
   6.8504240e+06   4.2358398e+01
   6.8512980e+06   3.9855957e+01
   6.8516430e+06   4.2236328e+01
   6.8518330e+06   4.8095703e+01
   6.8729480e+06   6.4697266e+01
   6.8733120e+06   6.9519043e+01
   6.8734790e+06   7.3730469e+01
   6.8735910e+06   5.3222656e+01
   6.8736960e+06   4.3273926e+01
   6.8738750e+06   4.1992188e+01
   6.8741140e+06   4.3945312e+01
   6.8754480e+06   4.5654297e+01
   6.8758330e+06   5.0598145e+01
   6.8761630e+06   4.8706055e+01
   6.9007810e+06   6.2133789e+01
   6.9009720e+06   6.3659668e+01
   6.9011350e+06   6.4941406e+01
   6.9012540e+06   6.2927246e+01
   6.9013660e+06   5.8105469e+01
   6.9014870e+06   5.3283691e+01
   6.9016010e+06   5.6030273e+01
   6.9017970e+06   3.9489746e+01
   6.9021010e+06   4.1259766e+01
   6.9022810e+06   3.8391113e+01
   6.9025070e+06   4.3395996e+01
   6.9026540e+06   4.0710449e+01
   6.9027890e+06   3.9978027e+01
   6.9029420e+06   3.8391113e+01
   6.9031060e+06   5.1208496e+01
   7.3017980e+06   3.9123535e+01
   7.3021880e+06   6.5368652e+01
   7.3023550e+06   6.4025879e+01
   7.3024500e+06   5.3527832e+01
   7.3025340e+06   4.2541504e+01
   7.3026910e+06   4.1259766e+01
   7.3042600e+06   5.0842285e+01
   7.3044640e+06   4.6936035e+01
   7.3046630e+06   5.3161621e+01
   7.3049010e+06   5.6640625e+01
   7.4346780e+06   7.4096680e+01
   7.4348840e+06   5.5480957e+01
   7.4349900e+06   7.5317383e+01
   7.4350680e+06   5.9082031e+01
   7.4352070e+06   4.8828125e+01
   7.4363660e+06   4.2846680e+01
   7.4365070e+06   4.0222168e+01
   7.4366270e+06   4.1259766e+01
   7.4368100e+06   4.2297363e+01
   7.4369970e+06   5.0537109e+01
   7.4372070e+06   4.3701172e+01
   7.4376250e+06   5.0842285e+01
   7.5573910e+06   6.4331055e+01
   7.5575390e+06   5.5664062e+01
   7.5576250e+06   6.2194824e+01
   7.5577300e+06   5.3710938e+01
   7.5577960e+06   4.4799805e+01
   7.5578690e+06   3.9550781e+01
   7.5592720e+06   4.5410156e+01
   7.5594720e+06   4.0405273e+01
   7.5596680e+06   4.3334961e+01
   7.5599210e+06   4.2175293e+01
   7.9273690e+06   6.9274902e+01
   7.9275200e+06   7.0800781e+01
   7.9275990e+06   4.8095703e+01
   7.9276130e+06   7.2753906e+01
   7.9276930e+06   4.9621582e+01
   7.9277540e+06   3.9978027e+01
   7.9288210e+06   3.8574219e+01
   7.9290230e+06   3.9733887e+01
   7.9292570e+06   4.3334961e+01
   7.9294010e+06   4.4616699e+01
   7.9295270e+06   3.9367676e+01
   7.9297300e+06   5.0537109e+01
   7.9299300e+06   5.3894043e+01
   7.9301730e+06   5.0598145e+01
   7.9944560e+06   3.8635254e+01
   8.1905230e+06   5.1269531e+01
   8.1906970e+06   7.2265625e+01
   8.1908050e+06   5.0170898e+01
   8.1908870e+06   5.2490234e+01
   8.1910910e+06   4.1809082e+01
   8.1920170e+06   4.0893555e+01
   8.1925710e+06   4.6875000e+01
   8.1926930e+06   3.9245605e+01
   8.1928580e+06   3.9916992e+01
   8.1930470e+06   4.7180176e+01
   8.1933230e+06   5.2673340e+01
   8.3807660e+06   5.9143066e+01
   8.3807800e+06   3.9123535e+01
   8.3808720e+06   5.9875488e+01
   8.3809740e+06   5.6274414e+01
   8.3810540e+06   4.8278809e+01
   8.3826080e+06   3.8818359e+01
   8.3828820e+06   4.6752930e+01
   8.3830860e+06   4.9865723e+01
   8.3832560e+06   4.4250488e+01
   8.3836010e+06   5.3039551e+01
   8.5563710e+06   6.4392090e+01
   8.5565330e+06   7.1533203e+01
   8.5565870e+06   4.0832520e+01
   8.5566300e+06   5.2124023e+01
   8.5567020e+06   4.9255371e+01
   8.5567770e+06   4.3823242e+01
   8.5568490e+06   4.5959473e+01
   8.5579600e+06   3.9855957e+01
   8.5581900e+06   3.8391113e+01
   8.5583490e+06   4.2175293e+01
   8.5584850e+06   4.0954590e+01
   8.5586490e+06   5.2185059e+01
   8.5588270e+06   4.0893555e+01
   8.5590810e+06   4.6142578e+01
   8.9448820e+06   6.8420410e+01
   8.9450090e+06   6.7626953e+01
   8.9450940e+06   6.0058594e+01
   8.9451790e+06   3.9062500e+01
   8.9452640e+06   4.0527344e+01
   8.9468440e+06   4.3457031e+01
   8.9469870e+06   4.8339844e+01
   8.9471370e+06   3.8330078e+01
   8.9473210e+06   4.3579102e+01
   8.9475540e+06   4.0832520e+01
   9.7153290e+06   6.0302734e+01
   9.7154840e+06   5.5725098e+01
   9.7155640e+06   5.4626465e+01
   9.7156320e+06   5.1086426e+01
   9.7156520e+06   3.9794922e+01
   9.7157010e+06   4.3273926e+01
   9.7173090e+06   3.9367676e+01
   9.7176020e+06   4.1381836e+01
   9.7177240e+06   4.0832520e+01
   9.7181070e+06   5.1391602e+01
   1.0119948e+07   7.3303223e+01
   1.0120185e+07   5.4260254e+01
   1.0120684e+07   5.0048828e+01
