   1.1999000e+07   0.0000000e+00
   4.0918900e+05   9.1064453e+01
   4.0932000e+05   7.4096680e+01
   4.0934900e+05   3.7231445e+01
   4.0956200e+05   4.8278809e+01
   4.0960500e+05   3.7231445e+01
   4.1072500e+05   3.6865234e+01
   4.9124300e+05   3.9855957e+01
   4.9141800e+05   9.0209961e+01
   4.9154100e+05   5.4626465e+01
   4.9157100e+05   4.5654297e+01
   4.9254200e+05   5.0659180e+01
   4.9316600e+05   7.9162598e+01
   5.0991400e+05   9.0026855e+01
   5.1000800e+05   3.8574219e+01
   5.1010400e+05   8.5144043e+01
   5.1015600e+05   3.7170410e+01
   5.1025300e+05   4.0893555e+01
   5.1028800e+05   5.9509277e+01
   5.1088000e+05   3.7536621e+01
   5.1114300e+05   4.5410156e+01
   5.1146100e+05   6.0913086e+01
   5.1192600e+05   6.2988281e+01
   5.2262300e+05   8.1298828e+01
   5.2289300e+05   8.3862305e+01
   5.2310700e+05   6.7626953e+01
   5.2315200e+05   3.7658691e+01
   5.2335600e+05   4.5532227e+01
   5.2363700e+05   4.7424316e+01
   5.2397500e+05   6.1889648e+01
   5.3812300e+05   8.6486816e+01
   5.3841900e+05   8.0444336e+01
   5.3850200e+05   3.8269043e+01
   5.3872700e+05   5.7250977e+01
   5.3899700e+05   5.4382324e+01
   5.3937700e+05   6.4636230e+01
   5.5840900e+05   7.7758789e+01
   5.5872600e+05   7.5012207e+01
   5.5884600e+05   3.6743164e+01
   5.5912100e+05   7.4035645e+01
   5.5964600e+05   7.8979492e+01
   5.8082500e+05   7.7880859e+01
   5.8106800e+05   7.6599121e+01
   5.8133200e+05   7.2082520e+01
   5.8141700e+05   3.7048340e+01
   5.8158000e+05   3.6437988e+01
   5.8161900e+05   7.4401855e+01
   5.8197100e+05   7.9284668e+01
   6.0350500e+05   3.9916992e+01
   6.0356100e+05   7.7087402e+01
   6.0363200e+05   3.7475586e+01
   6.0384500e+05   8.4777832e+01
   6.0418200e+05   9.0270996e+01
   6.0423200e+05   3.6254883e+01
   6.0449800e+05   9.2956543e+01
   6.2073100e+05   7.8613281e+01
   6.2106500e+05   9.2285156e+01
   6.2139900e+05   6.5734863e+01
   6.2185400e+05   7.8613281e+01
   6.4734500e+05   3.7963867e+01
   6.4948000e+05   7.4340820e+01
   6.4975400e+05   8.2824707e+01
   6.5004500e+05   3.6621094e+01
   6.5007100e+05   7.5622559e+01
   6.5015200e+05   3.6071777e+01
   6.5026000e+05   3.6743164e+01
   6.5056900e+05   7.5683594e+01
   6.8328700e+05   9.2285156e+01
   6.8353700e+05   9.1674805e+01
   6.8380400e+05   6.2805176e+01
   6.8416000e+05   6.5734863e+01
   7.1714600e+05   9.1735840e+01
   7.1740900e+05   6.7687988e+01
   7.1749600e+05   3.7841797e+01
   7.1766200e+05   3.7597656e+01
   7.1768000e+05   6.0607910e+01
   7.1800300e+05   7.7148438e+01
   8.1493200e+05   7.4218750e+01
   8.1512100e+05   6.7260742e+01
   8.1534300e+05   5.6579590e+01
   8.1539700e+05   3.6071777e+01
   8.1561000e+05   7.7697754e+01
   8.1597900e+05   6.0302734e+01
   8.6459700e+05   7.8613281e+01
   8.6481100e+05   7.5378418e+01
   8.6502200e+05   4.1503906e+01
   8.6512000e+05   4.4860840e+01
   8.6533600e+05   8.2885742e+01
   8.6571100e+05   6.4086914e+01
   9.2297700e+05   7.9772949e+01
   9.2318800e+05   7.1960449e+01
   9.2338400e+05   4.6142578e+01
   9.2349600e+05   4.6142578e+01
   9.2369200e+05   7.8308105e+01
   9.2405100e+05   7.4096680e+01
   9.6231900e+05   8.6181641e+01
   9.6262500e+05   8.7951660e+01
   9.6290300e+05   6.5673828e+01
   9.6323300e+05   7.3974609e+01
   9.6392200e+05   6.3537598e+01
   1.0120020e+06   8.0871582e+01
   1.0122470e+06   8.1481934e+01
   1.0124380e+06   3.6743164e+01
   1.0125080e+06   3.6071777e+01
   1.0125670e+06   7.4157715e+01
   1.0126760e+06   3.8696289e+01
   1.0129030e+06   6.0485840e+01
   1.0508110e+06   8.2214355e+01
   1.0510800e+06   7.9467773e+01
   1.0511150e+06   4.3273926e+01
   1.0513250e+06   5.5541992e+01
   1.0515330e+06   5.0659180e+01
   1.0516370e+06   7.1716309e+01
   1.0520470e+06   6.8908691e+01
   1.0934350e+06   6.8481445e+01
   1.0934800e+06   3.6193848e+01
   1.0936830e+06   7.4768066e+01
   1.0939140e+06   3.7963867e+01
   1.0939670e+06   6.8298340e+01
   1.0942430e+06   6.2133789e+01
   1.0946400e+06   5.0598145e+01
   1.1185540e+06   3.6499023e+01
   1.1324530e+06   7.6293945e+01
   1.1327010e+06   7.5927734e+01
   1.1329520e+06   7.3547363e+01
   1.1332140e+06   6.2866211e+01
   1.1335250e+06   6.7321777e+01
   1.1337430e+06   4.0222168e+01
   1.1667390e+06   3.6926270e+01
   1.1668890e+06   6.7565918e+01
   1.1671450e+06   6.2316895e+01
   1.1671740e+06   3.8940430e+01
   1.1672300e+06   3.6743164e+01
   1.1673660e+06   7.4035645e+01
   1.1674070e+06   3.6804199e+01
   1.1676180e+06   7.9650879e+01
   1.1678590e+06   6.5185547e+01
   1.1956210e+06   7.5256348e+01
   1.1958870e+06   7.7697754e+01
   1.1960020e+06   3.7109375e+01
   1.1961730e+06   8.2153320e+01
   1.1964900e+06   6.3537598e+01
   1.1967930e+06   7.6538086e+01
   1.1972040e+06   7.9589844e+01
   1.3256460e+06   8.1970215e+01
   1.3258060e+06   5.8288574e+01
   1.3259520e+06   3.7902832e+01
   1.3259720e+06   3.8818359e+01
   1.3262730e+06   3.8208008e+01
   1.3265820e+06   3.6743164e+01
   1.3268170e+06   4.7363281e+01
   1.3515090e+06   9.5581055e+01
   1.3516120e+06   3.9062500e+01
   1.3517540e+06   8.7036133e+01
   1.3519960e+06   6.7749023e+01
   1.3522970e+06   4.0832520e+01
   1.3523600e+06   5.4809570e+01
   1.3526070e+06   6.6528320e+01
   1.3528870e+06   3.7231445e+01
   1.3529480e+06   5.7495117e+01
   1.4068440e+06   9.0270996e+01
   1.4070340e+06   6.2011719e+01
   1.4070670e+06   3.9245605e+01
   1.4072140e+06   5.8654785e+01
   1.4074000e+06   5.4077148e+01
   1.4076890e+06   4.8828125e+01
   1.4078660e+06   3.7841797e+01
   1.4080220e+06   6.4941406e+01
   1.4083820e+06   6.2805176e+01
   1.4794280e+06   8.5449219e+01
   1.4796210e+06   6.4758301e+01
   1.4797380e+06   3.7719727e+01
   1.4797540e+06   3.8696289e+01
   1.4800750e+06   4.3701172e+01
   1.4805190e+06   6.8420410e+01
   1.4808130e+06   5.8776855e+01
   1.4813130e+06   6.2927246e+01
   1.9713940e+06   8.7524414e+01
   1.9714990e+06   3.8940430e+01
   1.9715220e+06   3.6804199e+01
   1.9716340e+06   3.7414551e+01
   1.9723790e+06   6.3964844e+01
   1.9727230e+06   6.7077637e+01
   1.9737980e+06   3.8757324e+01
   2.0286360e+06   8.4411621e+01
   2.0287480e+06   3.8574219e+01
   2.0287860e+06   7.9223633e+01
   2.0288980e+06   4.5043945e+01
   2.0291940e+06   3.8085938e+01
   2.0296480e+06   5.1940918e+01
   2.0299680e+06   5.3955078e+01
   2.0304010e+06   6.2622070e+01
   2.0429350e+06   8.9843750e+01
   2.0431290e+06   4.4738770e+01
   2.0431390e+06   7.5622559e+01
   2.0433420e+06   6.7626953e+01
   2.0435540e+06   5.4687500e+01
   2.0438030e+06   5.3833008e+01
   2.0440810e+06   6.0913086e+01
   2.0444350e+06   8.0078125e+01
   2.0565460e+06   8.0810547e+01
   2.0565990e+06   3.8146973e+01
   2.0566870e+06   3.8208008e+01
   2.0568250e+06   8.3435059e+01
   2.0569130e+06   3.6193848e+01
   2.0570590e+06   7.6477051e+01
   2.0573710e+06   7.2448730e+01
   2.0576870e+06   6.6772461e+01
   2.0696560e+06   9.3872070e+01
   2.0699800e+06   8.8012695e+01
   2.0703190e+06   8.4777832e+01
   2.0893370e+06   8.1909180e+01
   2.0895900e+06   7.4523926e+01
   2.0898720e+06   8.4838867e+01
   2.0902090e+06   6.5063477e+01
   2.0907080e+06   8.1848145e+01
   2.1038000e+06   7.4645996e+01
   2.1041360e+06   8.0993652e+01
   2.1044960e+06   8.3312988e+01
   2.1249760e+06   8.7768555e+01
   2.1250050e+06   3.9672852e+01
   2.1252630e+06   7.3608398e+01
   2.1255490e+06   7.0617676e+01
   2.1258950e+06   7.2326660e+01
   2.1264500e+06   6.7138672e+01
   2.1412180e+06   8.1115723e+01
   2.1416520e+06   9.9243164e+01
   2.1421180e+06   7.3425293e+01
   2.1611040e+06   8.5876465e+01
   2.1614160e+06   7.0434570e+01
   2.1617830e+06   4.1625977e+01
   2.1617990e+06   6.7810059e+01
   2.1623270e+06   7.7453613e+01
   2.1820570e+06   8.3618164e+01
   2.1823160e+06   8.8989258e+01
   2.1823560e+06   3.6437988e+01
   2.1826130e+06   7.3059082e+01
   2.1830040e+06   6.6223145e+01
   2.2064870e+06   9.3994141e+01
   2.2067560e+06   7.7575684e+01
   2.2069020e+06   3.8513184e+01
   2.2070970e+06   5.9020996e+01
   2.2281110e+06   8.8012695e+01
   2.2284050e+06   7.0556641e+01
   2.2287830e+06   7.9833984e+01
   2.2292110e+06   7.2875977e+01
   2.2622280e+06   8.9050293e+01
   2.2624640e+06   3.8330078e+01
   2.2624830e+06   8.6303711e+01
   2.2628160e+06   8.4533691e+01
   2.2630540e+06   4.0832520e+01
   2.2631510e+06   7.0739746e+01
   2.2883170e+06   7.3486328e+01
   2.2887520e+06   7.6965332e+01
   2.3253170e+06   9.0393066e+01
   2.3256210e+06   8.2763672e+01
   2.3257240e+06   3.6682129e+01
   2.3259580e+06   8.7402344e+01
   2.3264560e+06   6.5979004e+01
   2.5378490e+06   7.9589844e+01
   2.5381170e+06   8.9172363e+01
   2.5381380e+06   3.6560059e+01
   2.5383380e+06   6.5856934e+01
   2.5384680e+06   3.9794922e+01
   2.5386100e+06   4.9560547e+01
   2.5390830e+06   6.3110352e+01
   2.6965690e+06   8.5998535e+01
   2.6967080e+06   3.7536621e+01
   2.6967460e+06   7.7636719e+01
   2.6968920e+06   3.7170410e+01
   2.6969570e+06   4.6508789e+01
   2.6974570e+06   4.6691895e+01
   2.6978400e+06   7.3181152e+01
   2.7574020e+06   8.5876465e+01
   2.7576490e+06   6.7260742e+01
   2.7578980e+06   6.7810059e+01
   2.7579120e+06   3.6682129e+01
   2.7581950e+06   5.0292969e+01
   2.7905390e+06   9.6496582e+01
   2.7907240e+06   4.4494629e+01
   2.7907740e+06   7.4340820e+01
   2.7908090e+06   3.7475586e+01
   2.7909680e+06   7.9162598e+01
   2.7912050e+06   5.7006836e+01
   2.7916520e+06   7.2753906e+01
   2.8501280e+06   3.6071777e+01
   2.8504100e+06   7.7087402e+01
   2.8506460e+06   7.7941895e+01
   2.8508360e+06   7.3547363e+01
   2.8510360e+06   4.5654297e+01
   2.8514460e+06   5.1452637e+01
   2.8515350e+06   3.6315918e+01
   2.8952290e+06   9.0026855e+01
   2.8954370e+06   8.1115723e+01
   2.8956150e+06   3.6682129e+01
   2.8956270e+06   5.4321289e+01
   2.8958170e+06   4.0039062e+01
   2.8961600e+06   8.0078125e+01
   2.9287170e+06   7.7941895e+01
   2.9289610e+06   7.2021484e+01
   2.9290140e+06   3.9855957e+01
   2.9293220e+06   6.9458008e+01
   2.9296300e+06   6.5063477e+01
   2.9301550e+06   6.6406250e+01
   3.0362930e+06   7.6110840e+01
   3.0364810e+06   7.8247070e+01
   3.0365160e+06   3.9367676e+01
   3.0366280e+06   3.7170410e+01
   3.0368590e+06   3.9001465e+01
   3.0374170e+06   6.2988281e+01
   3.0375250e+06   3.9550781e+01
   3.1151940e+06   9.2590332e+01
   3.1153870e+06   7.1899414e+01
   3.1156530e+06   3.6926270e+01
   3.1163510e+06   4.4372559e+01
   3.1668480e+06   7.8002930e+01
   3.1670300e+06   7.4584961e+01
   3.1672170e+06   6.6406250e+01
   3.1672660e+06   3.8330078e+01
   3.1674470e+06   5.1940918e+01
   3.1677450e+06   4.7058105e+01
   3.1681560e+06   7.4523926e+01
   3.2250190e+06   7.9223633e+01
   3.2252220e+06   6.7138672e+01
   3.2255130e+06   4.2541504e+01
   3.2256090e+06   3.7109375e+01
   3.2256400e+06   3.6926270e+01
   3.2257120e+06   4.0283203e+01
   3.2260860e+06   6.1523438e+01
   3.2836940e+06   8.5998535e+01
   3.2838880e+06   6.4697266e+01
   3.2840700e+06   5.0964355e+01
   3.2842660e+06   3.6804199e+01
   3.2843440e+06   6.0180664e+01
   3.2845860e+06   6.2866211e+01
   3.2849530e+06   6.6650391e+01
   3.3388640e+06   7.5256348e+01
   3.3390600e+06   8.9965820e+01
   3.3392360e+06   4.5959473e+01
   3.3397040e+06   6.2744141e+01
   3.3401170e+06   4.9316406e+01
   3.4132140e+06   6.5917969e+01
   3.4133970e+06   7.0495605e+01
   3.4135010e+06   4.1076660e+01
   3.4136300e+06   3.8635254e+01
   3.4137550e+06   5.9326172e+01
   3.4137910e+06   3.9001465e+01
   3.4140260e+06   6.0913086e+01
   3.4141860e+06   3.6926270e+01
   3.4142100e+06   3.7841797e+01
   3.4143670e+06   6.3110352e+01
   3.4394950e+06   7.2326660e+01
   3.4397760e+06   8.3435059e+01
   3.4400270e+06   5.3161621e+01
   3.4403370e+06   7.0007324e+01
   3.4406460e+06   6.2866211e+01
   3.4407010e+06   3.6132813e+01
   3.4702010e+06   7.6599121e+01
   3.4702110e+06   3.8024902e+01
   3.4704840e+06   8.1604004e+01
   3.4706000e+06   4.0222168e+01
   3.4707440e+06   7.0739746e+01
   3.4708520e+06   3.8391113e+01
   3.4710110e+06   7.2143555e+01
   3.4713640e+06   7.9284668e+01
   3.8657260e+06   7.8186035e+01
   3.8658030e+06   4.4555664e+01
   3.8658530e+06   7.6599121e+01
   3.8659640e+06   4.5043945e+01
   3.8659900e+06   3.9062500e+01
   3.8669340e+06   5.4199219e+01
   3.9137270e+06   3.7353516e+01
   3.9139430e+06   9.0209961e+01
   3.9140890e+06   6.3232422e+01
   3.9141920e+06   4.0405273e+01
   3.9142200e+06   5.0048828e+01
   3.9142380e+06   3.6682129e+01
   3.9143100e+06   4.1015625e+01
   3.9150370e+06   6.8725586e+01
   3.9333270e+06   7.0922852e+01
   3.9335630e+06   7.8002930e+01
   3.9335970e+06   3.7292480e+01
   3.9337880e+06   6.3171387e+01
   3.9340140e+06   5.9753418e+01
   3.9340720e+06   4.2846680e+01
   3.9342820e+06   6.1218262e+01
   3.9345410e+06   7.3059082e+01
   3.9490940e+06   9.1247559e+01
   3.9493600e+06   8.0261230e+01
   3.9496310e+06   7.4218750e+01
   3.9498880e+06   6.6345215e+01
   3.9502070e+06   7.5134277e+01
   3.9512950e+06   3.6437988e+01
   3.9705710e+06   7.2448730e+01
   3.9708930e+06   7.3181152e+01
   3.9711280e+06   4.1015625e+01
   3.9712010e+06   7.3120117e+01
   3.9716060e+06   7.1899414e+01
   4.0017470e+06   3.8513184e+01
   4.0023290e+06   8.2519531e+01
   4.0026260e+06   8.0383301e+01
   4.0029290e+06   9.0148926e+01
   4.0034720e+06   3.8146973e+01
   4.0442890e+06   7.7392578e+01
   4.0444040e+06   4.0161133e+01
   4.0445860e+06   8.4838867e+01
   4.0448830e+06   6.2377930e+01
   4.0451740e+06   3.7475586e+01
   4.0452660e+06   7.1716309e+01
   4.0774480e+06   3.6437988e+01
   4.0776080e+06   9.3994141e+01
   4.0778690e+06   7.1594238e+01
   4.0781820e+06   6.1340332e+01
   4.0783780e+06   3.8635254e+01
   4.0787610e+06   7.8979492e+01
   4.1377110e+06   3.8146973e+01
   4.3855500e+06   8.2702637e+01
   4.3856490e+06   3.6437988e+01
   4.3857400e+06   6.6284180e+01
   4.3858330e+06   3.6926270e+01
   4.3858810e+06   3.9428711e+01
   4.3858950e+06   4.7424316e+01
   4.3859760e+06   3.7109375e+01
   4.3865230e+06   4.5593262e+01
   4.4553400e+06   7.9650879e+01
   4.4554780e+06   3.9367676e+01
   4.4555240e+06   8.0261230e+01
   4.4557250e+06   3.8818359e+01
   4.4557580e+06   6.5246582e+01
   4.4559820e+06   3.6376953e+01
   4.4562560e+06   5.7922363e+01
   4.4566560e+06   7.3913574e+01
   4.5604990e+06   9.3322754e+01
   4.5606800e+06   6.8176270e+01
   4.5607350e+06   3.6987305e+01
   4.5608310e+06   4.1748047e+01
   4.5614770e+06   5.6335449e+01
   4.6875380e+06   7.4584961e+01
   4.6877270e+06   3.7780762e+01
   4.6877500e+06   6.5307617e+01
   4.6878740e+06   3.8085938e+01
   4.6879330e+06   5.5480957e+01
   4.6881460e+06   4.8583984e+01
   4.6888970e+06   6.3232422e+01
   4.6889310e+06   3.7841797e+01
   4.7872020e+06   8.4838867e+01
   4.7873180e+06   3.9367676e+01
   4.7873890e+06   6.6162109e+01
   4.7874300e+06   3.6193848e+01
   4.7875270e+06   3.6804199e+01
   4.7881800e+06   5.9326172e+01
   4.7887030e+06   7.3425293e+01
   4.8286870e+06   8.2275391e+01
   4.8288330e+06   4.1748047e+01
   4.8289000e+06   7.0251465e+01
   4.8289470e+06   3.7231445e+01
   4.8290780e+06   4.3090820e+01
   4.8291580e+06   3.6926270e+01
   4.8291730e+06   3.7597656e+01
   4.8291890e+06   3.6376953e+01
   4.8292590e+06   6.3476562e+01
   4.8293440e+06   4.4921875e+01
   4.8295280e+06   6.3110352e+01
   4.8298750e+06   5.7312012e+01
   4.8712970e+06   7.5439453e+01
   4.8715490e+06   7.7087402e+01
   4.8717460e+06   5.4809570e+01
   4.8718690e+06   3.9001465e+01
   4.8720510e+06   6.3293457e+01
   4.8724290e+06   7.0007324e+01
   4.8728640e+06   6.6894531e+01
   4.9271150e+06   8.4228516e+01
   4.9273090e+06   7.2814941e+01
   4.9273740e+06   3.7231445e+01
   4.9274660e+06   4.1381836e+01
   4.9275890e+06   4.1809082e+01
   4.9276990e+06   5.4443359e+01
   4.9280300e+06   6.1767578e+01
   4.9841680e+06   8.2458496e+01
   4.9843620e+06   7.2814941e+01
   4.9845610e+06   4.8034668e+01
   4.9846010e+06   3.6926270e+01
   4.9848210e+06   7.0251465e+01
   4.9850920e+06   5.8715820e+01
   5.1399280e+06   7.0983887e+01
   5.1401050e+06   6.2194824e+01
   5.1401850e+06   3.8146973e+01
   5.1404400e+06   3.6193848e+01
   5.1406040e+06   3.6254883e+01
   5.1406250e+06   3.6987305e+01
   5.1408850e+06   5.6274414e+01
   5.2021050e+06   7.6171875e+01
   5.2022800e+06   6.1035156e+01
   5.2022950e+06   3.7780762e+01
   5.2024540e+06   7.3791504e+01
   5.2025400e+06   3.7353516e+01
   5.2026500e+06   6.3964844e+01
   5.2029720e+06   4.6386719e+01
   5.2034670e+06   6.9702148e+01
   5.2036550e+06   3.7597656e+01
   5.3213880e+06   7.8063965e+01
   5.3215530e+06   6.5246582e+01
   5.3217910e+06   4.3701172e+01
   5.3218970e+06   3.6315918e+01
   5.3221490e+06   3.6254883e+01
   5.3225590e+06   5.5175781e+01
   5.3752290e+06   3.6560059e+01
   5.3758690e+06   8.4655762e+01
   5.3760770e+06   7.9772949e+01
   5.3762640e+06   5.3161621e+01
   5.3763140e+06   3.8024902e+01
   5.3770400e+06   5.0964355e+01
   5.4137570e+06   7.2204590e+01
   5.4139800e+06   5.7739258e+01
   5.4140050e+06   3.6743164e+01
   5.4141740e+06   5.5358887e+01
   5.4144030e+06   5.1269531e+01
   5.4147300e+06   5.7189941e+01
   5.4152190e+06   6.3781738e+01
   5.4520130e+06   9.1186523e+01
   5.4522650e+06   8.9294434e+01
   5.4525260e+06   6.1340332e+01
   5.4525660e+06   4.0710449e+01
   5.4527670e+06   6.3232422e+01
   5.4531090e+06   6.5795898e+01
   5.5152940e+06   8.6975098e+01
   5.5155690e+06   7.7026367e+01
   5.5157960e+06   3.8696289e+01
   5.5158590e+06   6.4453125e+01
   5.5160340e+06   3.6926270e+01
   5.5164260e+06   6.4575195e+01
   5.7060570e+06   8.0627441e+01
   5.7061970e+06   7.4096680e+01
   5.7062330e+06   3.8208008e+01
   5.7063000e+06   3.8696289e+01
   5.7063690e+06   5.6579590e+01
   5.7064170e+06   4.1259766e+01
   5.7067070e+06   3.6560059e+01
   5.7067470e+06   4.1992188e+01
   5.7070620e+06   6.7260742e+01
   5.8196950e+06   8.4350586e+01
   5.8198860e+06   9.6496582e+01
   5.8200500e+06   4.8278809e+01
   5.8201460e+06   3.6987305e+01
   5.8205760e+06   3.7963867e+01
   6.0762910e+06   4.0588379e+01
   6.0763440e+06   8.9294434e+01
   6.0764550e+06   3.6560059e+01
   6.0765040e+06   7.7636719e+01
   6.0767450e+06   3.8024902e+01
   6.0770450e+06   3.6376953e+01
   6.0771140e+06   3.9001465e+01
   6.1475920e+06   8.8012695e+01
   6.1478000e+06   6.5979004e+01
   6.1479770e+06   4.1320801e+01
   6.1480060e+06   6.1340332e+01
   6.1482980e+06   5.9265137e+01
   6.1488860e+06   5.4443359e+01
   6.2302300e+06   8.1787109e+01
   6.2302950e+06   3.8146973e+01
   6.2304520e+06   8.8684082e+01
   6.2306190e+06   4.3334961e+01
   6.2306680e+06   5.6457520e+01
   6.2311790e+06   6.6894531e+01
   6.6992850e+06   7.1228027e+01
   6.6994050e+06   5.3527832e+01
   6.6995620e+06   3.6071777e+01
   6.8492360e+06   8.5083008e+01
   6.8493500e+06   3.8146973e+01
   6.8493620e+06   5.8593750e+01
   6.8494490e+06   3.6621094e+01
   6.8496190e+06   3.6926270e+01
   6.8496430e+06   3.6804199e+01
   6.8497000e+06   4.0527344e+01
   6.8503640e+06   7.0190430e+01
   6.8734060e+06   7.0556641e+01
   6.8736050e+06   3.9855957e+01
   6.8736190e+06   6.6284180e+01
   6.8736660e+06   3.8513184e+01
   6.8737990e+06   4.8461914e+01
   6.8740560e+06   5.6091309e+01
   6.8742900e+06   4.9133301e+01
   6.8747050e+06   5.7495117e+01
   6.9009120e+06   7.9467773e+01
   6.9012420e+06   7.1960449e+01
   6.9013190e+06   3.7719727e+01
   6.9015150e+06   6.9641113e+01
   6.9016110e+06   3.6743164e+01
   6.9016350e+06   4.3884277e+01
   6.9017970e+06   7.0251465e+01
   6.9021190e+06   6.7443848e+01
   7.0902680e+06   3.6254883e+01
   7.3022840e+06   8.5083008e+01
   7.3024370e+06   6.9885254e+01
   7.3031860e+06   6.1523438e+01
   7.4348250e+06   8.1420898e+01
   7.4349870e+06   6.3232422e+01
   7.4360130e+06   4.9194336e+01
   7.5574380e+06   7.4707031e+01
   7.5575950e+06   9.0515137e+01
   7.5577810e+06   5.6335449e+01
   7.5577990e+06   3.7963867e+01
   7.5578270e+06   4.0405273e+01
   7.5579160e+06   4.0222168e+01
   7.5581120e+06   3.6499023e+01
   7.5581390e+06   4.9438477e+01
   7.5585070e+06   5.8166504e+01
   7.9274380e+06   8.9416504e+01
   7.9275880e+06   7.2509766e+01
   7.9277070e+06   4.6142578e+01
   7.9277890e+06   3.9062500e+01
   7.9282260e+06   3.7231445e+01
   7.9287040e+06   7.3852539e+01
   8.1906960e+06   6.8786621e+01
   8.1908460e+06   6.1035156e+01
   8.3807880e+06   8.1359863e+01
   8.3809150e+06   3.6315918e+01
   8.3809320e+06   4.1503906e+01
   8.3809940e+06   3.9184570e+01
   8.3810390e+06   4.2602539e+01
   8.3813380e+06   3.9123535e+01
   8.3818680e+06   6.5368652e+01
   8.5564890e+06   7.9406738e+01
   8.5566160e+06   3.6987305e+01
   8.5566310e+06   5.0292969e+01
   8.5566540e+06   3.9916992e+01
   8.5566850e+06   3.6682129e+01
   8.5567360e+06   4.2175293e+01
   8.5568710e+06   4.0588379e+01
   8.5572170e+06   4.2846680e+01
   8.5576410e+06   5.9143066e+01
   8.9449490e+06   7.8796387e+01
   8.9450830e+06   5.5053711e+01
   8.9451910e+06   3.9916992e+01
   8.9460420e+06   5.0598145e+01
   9.7154220e+06   8.8989258e+01
   9.7155550e+06   6.1462402e+01
   9.7164530e+06   4.1809082e+01
   1.0760062e+07   3.8879395e+01
