   1.1999000e+07   0.0000000e+00
   4.4856000e+04   2.5695801e+01
   3.0779200e+05   2.6367188e+01
   4.2014200e+05   2.8076172e+01
   6.2348300e+05   2.6062012e+01
   9.4498900e+05   2.5268555e+01
   1.3271450e+06   2.5817871e+01
   1.5636270e+06   2.5268555e+01
   1.6274470e+06   2.7770996e+01
   1.9411310e+06   2.5390625e+01
   2.2478650e+06   2.8686523e+01
   2.2760190e+06   3.1616211e+01
   2.2915500e+06   2.5207520e+01
   2.6240300e+06   2.8930664e+01
   2.7430590e+06   2.5207520e+01
   3.0150130e+06   2.7526855e+01
   4.2724220e+06   2.8686523e+01
   4.3276920e+06   2.6123047e+01
   4.5918530e+06   3.4545898e+01
   4.5962590e+06   2.9724121e+01
   4.8251230e+06   2.8015137e+01
   4.8357790e+06   3.3691406e+01
   4.8446020e+06   2.7526855e+01
   4.9919340e+06   3.1799316e+01
   5.5702550e+06   2.6184082e+01
   5.7153890e+06   2.6000977e+01
   7.6943230e+06   2.6855469e+01
   1.1591453e+07   2.6184082e+01
