   1.1999000e+07   0.0000000e+00
   1.1623020e+06   3.3630371e+01
   1.4906190e+06   3.2165527e+01
   1.5773350e+06   3.3813477e+01
   1.6278400e+06   3.3508301e+01
   1.9997820e+06   3.3081055e+01
   2.0222570e+06   3.2592773e+01
   2.0366950e+06   3.5156250e+01
   2.0489890e+06   3.3752441e+01
   2.0724880e+06   3.4484863e+01
   2.0980950e+06   3.2653809e+01
   2.1824650e+06   3.2653809e+01
   2.3362680e+06   3.2287598e+01
   2.5957040e+06   3.2409668e+01
   2.9352690e+06   3.4301758e+01
   3.3585810e+06   3.9733887e+01
   3.4059270e+06   4.2663574e+01
   3.4154180e+06   3.5583496e+01
   3.4267330e+06   3.5888672e+01
   3.6664880e+06   3.5461426e+01
   3.9765320e+06   3.5339355e+01
   4.1798590e+06   3.4912109e+01
   4.3109420e+06   3.4851074e+01
   4.3638390e+06   3.7170410e+01
   4.4128780e+06   3.5034180e+01
   4.4951260e+06   3.5583496e+01
   4.5174120e+06   3.5522461e+01
   4.9446370e+06   3.5644531e+01
   5.0680560e+06   3.6315918e+01
   5.4131700e+06   3.5644531e+01
   5.7781560e+06   3.4912109e+01
   6.0036470e+06   3.3203125e+01
   6.0427560e+06   3.3447266e+01
   6.0497350e+06   3.3203125e+01
   6.0841170e+06   3.3081055e+01
   6.2069180e+06   3.3081055e+01
   6.2824860e+06   3.3264160e+01
   6.6720230e+06   3.5583496e+01
   6.6739360e+06   3.5095215e+01
   6.6876570e+06   3.3630371e+01
   6.7209510e+06   3.3447266e+01
   6.7354580e+06   3.3752441e+01
   6.7401910e+06   3.4118652e+01
   6.7628920e+06   3.3386230e+01
   6.7650670e+06   3.7292480e+01
   6.7733910e+06   3.7353516e+01
   6.7831030e+06   3.4790039e+01
   6.7898780e+06   3.6499023e+01
   6.7918480e+06   3.3508301e+01
   6.7994260e+06   3.4606934e+01
   6.8042330e+06   3.4118652e+01
   6.8074280e+06   3.3020020e+01
   6.8193110e+06   3.3142090e+01
   6.8424320e+06   3.3508301e+01
   6.8436880e+06   3.3264160e+01
   6.8463990e+06   3.7841797e+01
   6.8695400e+06   3.4057617e+01
   6.8736840e+06   3.3691406e+01
   6.8786180e+06   3.6254883e+01
   6.8891570e+06   3.4667969e+01
   6.8960210e+06   3.6682129e+01
   6.9052850e+06   3.5644531e+01
   6.9380260e+06   3.4851074e+01
   6.9869730e+06   3.3752441e+01
   6.9948070e+06   3.3630371e+01
   7.0180510e+06   3.4179688e+01
   7.0615210e+06   3.4606934e+01
   7.1013960e+06   3.3264160e+01
   7.1058110e+06   3.3142090e+01
   7.1080660e+06   3.3935547e+01
   7.1169820e+06   3.2958984e+01
   7.1329170e+06   3.3020020e+01
   7.1388770e+06   3.4606934e+01
   7.1505740e+06   3.3325195e+01
   7.2033550e+06   3.6560059e+01
   7.2909100e+06   3.4057617e+01
   7.5771440e+06   3.3508301e+01
   7.6232370e+06   3.3081055e+01
   7.6630670e+06   3.4729004e+01
   7.6652200e+06   3.7170410e+01
   7.8308170e+06   3.3081055e+01
   7.8370310e+06   3.3386230e+01
   7.8462440e+06   3.3203125e+01
   7.9008440e+06   3.3691406e+01
   7.9775560e+06   3.4545898e+01
   8.0417820e+06   3.3081055e+01
   8.0480920e+06   3.4729004e+01
   8.0573300e+06   3.3142090e+01
   8.0641770e+06   3.5705566e+01
   8.0816340e+06   3.3386230e+01
   8.0848800e+06   3.3203125e+01
   8.1002940e+06   3.4606934e+01
   8.1016890e+06   3.4179688e+01
   8.1044730e+06   3.5766602e+01
   8.1046700e+06   3.6560059e+01
   8.1075890e+06   3.4851074e+01
   8.1132590e+06   3.8024902e+01
   8.1159460e+06   3.5278320e+01
   8.1229640e+06   3.2958984e+01
   8.1235120e+06   3.4912109e+01
   8.1274190e+06   3.5461426e+01
   8.1320570e+06   3.3508301e+01
   8.1478620e+06   3.3935547e+01
   8.1512490e+06   3.3935547e+01
   8.1692210e+06   3.4790039e+01
   8.1720850e+06   3.4790039e+01
   8.1724210e+06   3.3813477e+01
   8.1849750e+06   3.3447266e+01
   8.1851960e+06   3.4118652e+01
   8.1935700e+06   3.3630371e+01
   8.1956110e+06   3.5766602e+01
   8.1989540e+06   3.4606934e+01
   8.2126620e+06   3.4851074e+01
   8.2181290e+06   3.4240723e+01
   8.2212970e+06   3.5034180e+01
   8.2238450e+06   3.3081055e+01
   8.2317050e+06   3.4118652e+01
   8.2357770e+06   3.3508301e+01
   8.2358380e+06   3.5095215e+01
   8.2374030e+06   3.8269043e+01
   8.2460610e+06   3.3142090e+01
   8.2509070e+06   3.3142090e+01
   8.2516500e+06   3.6865234e+01
   8.2526290e+06   3.4973145e+01
   8.2600810e+06   3.7414551e+01
   8.2603750e+06   3.3264160e+01
   8.2618670e+06   3.3142090e+01
   8.2644650e+06   3.6010742e+01
   8.2657630e+06   3.3569336e+01
   8.2746000e+06   3.3447266e+01
   8.2820130e+06   3.3142090e+01
   8.2839080e+06   3.3020020e+01
   8.2963170e+06   3.5705566e+01
   8.2980560e+06   3.4973145e+01
   8.3012420e+06   3.3142090e+01
   8.3044280e+06   3.3569336e+01
   8.3073590e+06   3.4790039e+01
   8.3183640e+06   3.3447266e+01
   8.3259560e+06   3.4240723e+01
   8.3295230e+06   3.5705566e+01
   8.3471080e+06   3.4118652e+01
   8.3558170e+06   3.3813477e+01
   8.3761170e+06   3.7902832e+01
   8.4100800e+06   3.4667969e+01
   8.4271930e+06   3.4667969e+01
   8.4296310e+06   3.4667969e+01
   8.4495590e+06   3.5156250e+01
   8.4995700e+06   3.3508301e+01
   8.5078830e+06   3.4545898e+01
   8.5109220e+06   3.3081055e+01
   8.5155420e+06   3.5278320e+01
   8.5195270e+06   3.6560059e+01
   8.5198170e+06   3.3264160e+01
   8.5234370e+06   3.3203125e+01
   8.5259550e+06   3.4301758e+01
   8.5266760e+06   3.3142090e+01
   8.5282630e+06   3.3874512e+01
   8.5436370e+06   3.4484863e+01
   8.5461980e+06   3.3020020e+01
   8.5466170e+06   3.3203125e+01
   8.5677540e+06   3.4973145e+01
   8.5850190e+06   3.6254883e+01
   8.5857410e+06   3.3935547e+01
   8.6038480e+06   3.2958984e+01
   8.6052410e+06   3.2958984e+01
   9.0461320e+06   3.3203125e+01
   9.1180610e+06   3.7109375e+01
   9.1814890e+06   3.4973145e+01
   9.2275220e+06   3.2348633e+01
   9.2348950e+06   3.2775879e+01
   9.4221810e+06   3.3142090e+01
   9.4277540e+06   3.3386230e+01
   9.6298970e+06   3.2531738e+01
   9.6529540e+06   3.2897949e+01
   9.9758200e+06   3.2470703e+01
   1.0024038e+07   3.3020020e+01
   1.0062921e+07   3.2836914e+01
   1.0246997e+07   3.2531738e+01
   1.0283363e+07   3.4301758e+01
   1.1218050e+07   3.3264160e+01
   1.1222974e+07   3.2958984e+01
   1.1443288e+07   3.2287598e+01
   1.1854343e+07   3.2409668e+01
   1.1880060e+07   3.3874512e+01
   1.1944757e+07   3.2409668e+01
