   1.1996000e+07   0.0000000e+00
   1.2187000e+04   3.0639648e+01
   1.2211000e+04   2.7587891e+01
   1.2238000e+04   3.6132812e+01
   8.2262000e+04   2.7160645e+01
   8.2647000e+04   2.9113770e+01
   1.2811600e+05   2.8930664e+01
   2.2858000e+05   3.8269043e+01
   2.6751100e+05   2.7770996e+01
   2.8496400e+05   2.9357910e+01
   3.5046800e+05   4.9865723e+01
   3.5051200e+05   2.9296875e+01
   3.6995200e+05   2.7832031e+01
   4.2581600e+05   2.8076172e+01
   4.2583400e+05   2.7954102e+01
   4.2587300e+05   2.7770996e+01
   4.4349200e+05   2.8320312e+01
   4.4360000e+05   3.3081055e+01
   4.7662600e+05   5.4687500e+01
   4.9356300e+05   4.7912598e+01
   5.0631000e+05   2.8442383e+01
   5.3470800e+05   2.8930664e+01
   5.3479100e+05   3.1860352e+01
   5.7325500e+05   2.9418945e+01
   5.7333900e+05   2.7770996e+01
   6.1063600e+05   3.3569336e+01
   6.5281800e+05   2.8259277e+01
   6.9463800e+05   2.7648926e+01
   6.9466500e+05   3.0639648e+01
   6.9475800e+05   2.7770996e+01
   6.9485000e+05   3.1311035e+01
   6.9489200e+05   2.7893066e+01
   6.9493100e+05   6.3537598e+01
   6.9508000e+05   3.7841797e+01
   7.0960300e+05   2.8015137e+01
   7.0989300e+05   2.7160645e+01
   7.4032500e+05   6.2561035e+01
   7.6738900e+05   3.3142090e+01
   7.6741500e+05   2.8442383e+01
   8.3206300e+05   4.7973633e+01
   8.3208900e+05   2.7770996e+01
   8.3216800e+05   3.7353516e+01
   8.3280800e+05   2.8503418e+01
   8.3567800e+05   2.9907227e+01
   8.3575100e+05   3.5217285e+01
   9.7228100e+05   5.1330566e+01
   9.9140600e+05   2.8564453e+01
   1.0178420e+06   3.6926270e+01
   1.0178980e+06   3.2592773e+01
   1.0803100e+06   2.8076172e+01
   1.0804490e+06   2.8869629e+01
   1.1337570e+06   4.9011230e+01
   1.1338440e+06   3.3569336e+01
   1.1450260e+06   3.1005859e+01
   1.1453610e+06   4.1137695e+01
   1.1455290e+06   3.3935547e+01
   1.1604770e+06   2.8198242e+01
   1.1863290e+06   2.8686523e+01
   1.1864190e+06   4.0039062e+01
   1.1865470e+06   3.5217285e+01
   1.1867020e+06   2.8564453e+01
   1.1870090e+06   3.1372070e+01
   1.2095840e+06   4.4250488e+01
   1.2097050e+06   3.0151367e+01
   1.2098610e+06   3.6682129e+01
   1.2100670e+06   3.2348633e+01
   1.2309520e+06   5.0598145e+01
   1.2312500e+06   4.2602539e+01
   1.2314380e+06   3.0639648e+01
   1.2316870e+06   3.7292480e+01
   1.2477700e+06   3.6254883e+01
   1.2480630e+06   4.6142578e+01
   1.2482090e+06   5.3039551e+01
   1.2484600e+06   4.6325684e+01
   1.2487860e+06   3.3813477e+01
   1.2692420e+06   3.6376953e+01
   1.2693520e+06   3.8391113e+01
   1.2695480e+06   3.7780762e+01
   1.2697470e+06   2.9785156e+01
   1.2701810e+06   3.6743164e+01
   1.2704690e+06   4.3640137e+01
   1.2869120e+06   3.2653809e+01
   1.2869450e+06   3.0761719e+01
   1.2871890e+06   2.7282715e+01
   1.2873570e+06   3.2775879e+01
   1.2875260e+06   3.6010742e+01
   1.2878360e+06   3.6560059e+01
   1.2880140e+06   3.1188965e+01
   1.3107480e+06   4.7851562e+01
   1.3109040e+06   3.5217285e+01
   1.3112900e+06   3.5034180e+01
   1.3434780e+06   5.0598145e+01
   1.3435350e+06   3.2043457e+01
   1.3436170e+06   3.8391113e+01
   1.3437620e+06   4.4921875e+01
   1.3472620e+06   3.0090332e+01
   1.3476890e+06   3.2470703e+01
   1.3481150e+06   4.2236328e+01
   1.3483800e+06   3.0334473e+01
   1.3496320e+06   2.7160645e+01
   1.3523520e+06   2.8442383e+01
   1.3617470e+06   3.2104492e+01
   1.3651080e+06   2.7648926e+01
   1.4307630e+06   3.8269043e+01
   1.4310950e+06   3.5766602e+01
   1.4312090e+06   2.8198242e+01
   1.4312530e+06   2.7343750e+01
   1.4312920e+06   2.8137207e+01
   1.4318950e+06   3.1799316e+01
   1.4602040e+06   3.4057617e+01
   1.4602400e+06   2.7343750e+01
   1.4602910e+06   3.0212402e+01
   1.5025740e+06   2.8503418e+01
   1.5337850e+06   2.8564453e+01
   1.5338490e+06   3.8024902e+01
   1.5548130e+06   3.6071777e+01
   1.6396830e+06   4.6264648e+01
   1.6843920e+06   2.8015137e+01
   1.6868450e+06   2.7465820e+01
   1.7172040e+06   3.1555176e+01
   1.7546220e+06   2.7282715e+01
   1.8189440e+06   2.9296875e+01
   1.8189850e+06   3.6315918e+01
   1.8628510e+06   4.6630859e+01
   1.8794590e+06   3.1372070e+01
   1.8794800e+06   2.7465820e+01
   1.8834200e+06   2.7221680e+01
   1.8970680e+06   2.9174805e+01
   1.9340030e+06   3.1677246e+01
   2.0232550e+06   2.8808594e+01
   2.0234200e+06   2.8808594e+01
   2.0880350e+06   2.8442383e+01
   2.0889820e+06   4.8156738e+01
   2.0890420e+06   2.8808594e+01
   2.0894400e+06   2.9724121e+01
   2.0897640e+06   3.3691406e+01
   2.1146340e+06   2.9663086e+01
   2.1148020e+06   3.9672852e+01
   2.1151770e+06   4.4494629e+01
   2.1154950e+06   3.1921387e+01
   2.1156790e+06   3.4057617e+01
   2.1159880e+06   3.4973145e+01
   2.1163780e+06   3.1250000e+01
   2.1306850e+06   2.7343750e+01
   2.1317960e+06   3.1188965e+01
   2.1547160e+06   2.8015137e+01
   2.1549740e+06   2.7282715e+01
   2.1550070e+06   4.2663574e+01
   2.1550470e+06   2.8930664e+01
   2.1551430e+06   4.1564941e+01
   2.1553340e+06   4.7302246e+01
   2.1701750e+06   4.4921875e+01
   2.1715160e+06   2.8747559e+01
   2.2267230e+06   3.0578613e+01
   2.2277450e+06   4.9499512e+01
   2.2941890e+06   2.8869629e+01
   2.3138340e+06   3.2104492e+01
   2.3438960e+06   4.8034668e+01
   2.3551040e+06   3.0639648e+01
   2.3551390e+06   3.1433105e+01
   2.3553010e+06   4.9621582e+01
   2.3554140e+06   4.4555664e+01
   2.4174420e+06   2.8564453e+01
   2.4174680e+06   2.8076172e+01
   2.4709600e+06   2.9418945e+01
   2.4709710e+06   3.4118652e+01
   2.4709860e+06   2.7099609e+01
   2.5005730e+06   2.7526855e+01
   2.5486900e+06   2.9602051e+01
   2.5487360e+06   2.9296875e+01
   2.5589020e+06   5.8166504e+01
   2.5761590e+06   4.8767090e+01
   2.5769630e+06   3.2531738e+01
   2.5867290e+06   2.7038574e+01
   2.5868150e+06   3.2287598e+01
   2.5868530e+06   2.7709961e+01
   2.5869280e+06   4.2175293e+01
   2.5870450e+06   2.7709961e+01
   2.5870660e+06   3.7719727e+01
   2.5924470e+06   2.8625488e+01
   2.6419200e+06   3.8452148e+01
   2.6419600e+06   3.0761719e+01
   2.6432390e+06   5.3771973e+01
   2.6534800e+06   3.0456543e+01
   2.6535580e+06   2.7099609e+01
   2.6536450e+06   2.8625488e+01
   2.6536810e+06   4.7851562e+01
   2.6792920e+06   5.3466797e+01
   2.6795640e+06   2.8198242e+01
   2.6847010e+06   4.3273926e+01
   2.7168000e+06   2.9724121e+01
   2.7169410e+06   3.2043457e+01
   2.7170430e+06   3.1921387e+01
   2.7535760e+06   3.7536621e+01
   2.7539550e+06   3.5705566e+01
   2.7851380e+06   2.9235840e+01
   2.7872880e+06   2.9052734e+01
   2.8098800e+06   3.0578613e+01
   2.8114270e+06   2.8259277e+01
   2.8118610e+06   3.1311035e+01
   2.8291370e+06   2.8625488e+01
   2.8306810e+06   5.2551270e+01
   2.8408790e+06   2.7038574e+01
   2.8627260e+06   2.7954102e+01
   2.8631030e+06   2.7832031e+01
   2.8672210e+06   2.7832031e+01
   2.8859210e+06   4.1870117e+01
   2.9326120e+06   3.2470703e+01
   2.9633690e+06   3.9611816e+01
   2.9644040e+06   2.7832031e+01
   3.0445920e+06   3.0090332e+01
   3.1065450e+06   3.9184570e+01
   3.1067300e+06   3.5095215e+01
   3.1068330e+06   4.0100098e+01
   3.1258430e+06   5.2062988e+01
   3.1831610e+06   5.1879883e+01
   3.1832420e+06   3.4118652e+01
   3.2162560e+06   2.8625488e+01
   3.2162710e+06   3.9550781e+01
   3.2211370e+06   5.1635742e+01
   3.2301210e+06   2.8991699e+01
   3.2302170e+06   2.9357910e+01
   3.2304940e+06   3.4667969e+01
   3.2305370e+06   3.0822754e+01
   3.2755350e+06   3.2897949e+01
   3.3947290e+06   4.4433594e+01
   3.3976070e+06   2.7343750e+01
   3.4001300e+06   4.3273926e+01
   3.4140420e+06   2.7282715e+01
   3.4145080e+06   2.7648926e+01
   3.4146580e+06   5.4321289e+01
   3.4361630e+06   3.3813477e+01
   3.4375270e+06   4.9804688e+01
   3.4390740e+06   4.5593262e+01
   3.4391070e+06   2.6916504e+01
   3.4840210e+06   2.9785156e+01
   3.4878140e+06   4.4311523e+01
   3.4898550e+06   4.9133301e+01
   3.5296540e+06   3.2470703e+01
   3.5323670e+06   5.4748535e+01
   3.5575870e+06   3.8635254e+01
   3.5588560e+06   4.6997070e+01
   3.5631830e+06   4.1748047e+01
   3.5643710e+06   3.2714844e+01
   3.5660700e+06   4.5959473e+01
   3.6000610e+06   3.1555176e+01
   3.6016080e+06   2.8747559e+01
   3.6035380e+06   2.8137207e+01
   3.6036300e+06   3.0273438e+01
   3.6056980e+06   4.3640137e+01
   3.6563960e+06   2.8991699e+01
   3.6569490e+06   2.7648926e+01
   3.7021720e+06   2.8076172e+01
   3.7023870e+06   5.0781250e+01
   3.7071510e+06   3.5278320e+01
   3.7129830e+06   3.0883789e+01
   3.7130800e+06   2.7221680e+01
   3.7577840e+06   3.1372070e+01
   3.7582160e+06   3.2958984e+01
   3.7638000e+06   2.7038574e+01
   3.8086960e+06   2.8320313e+01
   3.8088620e+06   2.7832031e+01
   3.8709720e+06   3.3630371e+01
   3.8715390e+06   3.0212402e+01
   3.8715850e+06   2.8564453e+01
   3.8716310e+06   3.1372070e+01
   3.9162900e+06   2.7038574e+01
   3.9203500e+06   5.7128906e+01
   3.9204800e+06   3.5278320e+01
   3.9212010e+06   2.8564453e+01
   3.9413540e+06   2.9235840e+01
   4.1099960e+06   2.8259277e+01
   4.1100860e+06   2.8503418e+01
   4.1102600e+06   5.1452637e+01
   4.1103750e+06   3.9550781e+01
   4.1903070e+06   6.3354492e+01
   4.2179870e+06   2.9174805e+01
   4.2181250e+06   4.1198730e+01
   4.2182520e+06   4.1259766e+01
   4.3661100e+06   5.0170898e+01
   4.4510030e+06   2.8869629e+01
   4.4894710e+06   4.2785645e+01
   4.4903730e+06   4.4250488e+01
   4.5971600e+06   2.6977539e+01
   4.5971820e+06   5.0659180e+01
   4.5972260e+06   3.2653809e+01
   4.6613360e+06   3.5339355e+01
   4.7945160e+06   4.0893555e+01
   4.8816730e+06   5.3283691e+01
   4.9375960e+06   5.0720215e+01
   5.0096060e+06   2.9663086e+01
   5.0096730e+06   2.8686523e+01
   5.0097640e+06   5.3955078e+01
   5.0547670e+06   2.7526855e+01
   5.0547770e+06   5.9204102e+01
   5.1213800e+06   3.2470703e+01
   5.1839900e+06   2.8625488e+01
   5.1840080e+06   3.6010742e+01
   5.2328730e+06   3.1616211e+01
   5.2329450e+06   3.0151367e+01
   5.2584390e+06   3.2958984e+01
   5.3049310e+06   2.9418945e+01
   5.3164930e+06   2.7832031e+01
   5.3166790e+06   2.7038574e+01
   5.3167470e+06   5.4931641e+01
   5.3168350e+06   2.9541016e+01
   5.3168530e+06   2.8625488e+01
   5.3168650e+06   4.4494629e+01
   5.3729380e+06   2.9296875e+01
   5.4105820e+06   3.0578613e+01
   5.4107650e+06   4.0771484e+01
   5.4109450e+06   2.8015137e+01
   5.4112890e+06   2.9174805e+01
   5.4579970e+06   2.7709961e+01
   5.4581590e+06   2.7954102e+01
   5.4771130e+06   2.7160645e+01
   5.5644370e+06   3.6621094e+01
   5.5645840e+06   4.3762207e+01
   5.5647640e+06   2.7648926e+01
   5.5823600e+06   2.8442383e+01
   5.5847110e+06   5.1696777e+01
   5.5848080e+06   2.9846191e+01
   5.6770110e+06   2.6916504e+01
   5.7245010e+06   3.0578613e+01
   5.7248560e+06   2.8747559e+01
   5.7250470e+06   3.0395508e+01
   5.7671010e+06   5.2490234e+01
   5.8101780e+06   4.9560547e+01
   5.8600180e+06   2.7160645e+01
   5.9309670e+06   2.7832031e+01
   5.9321570e+06   2.7038574e+01
   5.9322140e+06   2.7709961e+01
   5.9322890e+06   3.3752441e+01
   5.9323010e+06   3.6743164e+01
   5.9324110e+06   3.1066895e+01
   5.9324270e+06   4.3823242e+01
   5.9325350e+06   3.3020020e+01
   5.9326760e+06   4.2236328e+01
   5.9703270e+06   3.5827637e+01
   5.9704280e+06   3.2897949e+01
   6.0052250e+06   3.2592773e+01
   6.0053030e+06   3.5888672e+01
   6.0055220e+06   3.6010742e+01
   6.0314300e+06   3.6804199e+01
   6.0315160e+06   2.9785156e+01
   6.0317060e+06   3.5461426e+01
   6.0319190e+06   3.3996582e+01
   6.0320770e+06   2.9968262e+01
   6.0724320e+06   4.5288086e+01
   6.0725560e+06   3.1860352e+01
   6.0730870e+06   2.8381348e+01
   6.0732460e+06   2.7038574e+01
   6.0734550e+06   3.1372070e+01
   6.1060080e+06   4.6081543e+01
   6.1060800e+06   2.8259277e+01
   6.1062950e+06   3.1066895e+01
   6.1066460e+06   3.1738281e+01
   6.1370220e+06   4.9743652e+01
   6.1371090e+06   3.5949707e+01
   6.1373720e+06   3.6560059e+01
   6.1375530e+06   3.3020020e+01
   6.1386210e+06   3.3386230e+01
   6.1624800e+06   5.4626465e+01
   6.1625490e+06   3.0212402e+01
   6.1629750e+06   3.2653809e+01
   6.1790940e+06   5.0476074e+01
   6.1793540e+06   3.1616211e+01
   6.1795200e+06   2.8808594e+01
   6.1797200e+06   2.9663086e+01
   6.1799280e+06   3.4362793e+01
   6.2069600e+06   4.2236328e+01
   6.2072770e+06   3.8757324e+01
   6.2074900e+06   3.3569336e+01
   6.2076870e+06   3.2043457e+01
   6.2084220e+06   3.5400391e+01
   6.2262290e+06   2.8320312e+01
   6.2265350e+06   2.7221680e+01
   6.2555320e+06   4.2907715e+01
   6.2556590e+06   3.5217285e+01
   6.2558070e+06   3.3325195e+01
   6.2559470e+06   2.9968262e+01
   6.2560750e+06   2.6855469e+01
   6.2731870e+06   3.2836914e+01
   6.2735510e+06   2.9479980e+01
   6.2737260e+06   2.8564453e+01
   6.2739590e+06   3.0456543e+01
   6.2751340e+06   3.1066895e+01
   6.2924690e+06   4.1870117e+01
   6.2928100e+06   3.0029297e+01
   6.2944890e+06   2.9663086e+01
   6.3157830e+06   2.7343750e+01
   6.3158860e+06   3.4667969e+01
   6.3163330e+06   3.0639648e+01
   6.3165440e+06   2.8381348e+01
   6.3169760e+06   2.7648926e+01
   6.3173490e+06   3.7048340e+01
   6.3513840e+06   3.9367676e+01
   6.3515420e+06   3.6376953e+01
   6.3517910e+06   3.8269043e+01
   6.3520260e+06   3.0517578e+01
   6.3914150e+06   3.8513184e+01
   6.3914410e+06   3.2104492e+01
   6.3917560e+06   4.4799805e+01
   6.3919760e+06   3.0334473e+01
   6.4126790e+06   3.2226562e+01
   6.4126960e+06   2.8747559e+01
   6.4130200e+06   2.9052734e+01
   6.4132500e+06   3.4179688e+01
   6.4135040e+06   2.8686523e+01
   6.4141660e+06   3.6254883e+01
   6.4219250e+06   2.8015137e+01
   6.4220230e+06   3.0639648e+01
   6.4220620e+06   3.4606934e+01
   6.4221130e+06   2.8747559e+01
   6.4221890e+06   3.2592773e+01
   6.4223910e+06   4.3395996e+01
   6.4475230e+06   3.3630371e+01
   6.4476310e+06   3.1494141e+01
   6.4483370e+06   4.3212891e+01
   6.4783040e+06   3.4362793e+01
   6.4783440e+06   3.0578613e+01
   6.4783930e+06   2.8015137e+01
   6.4791050e+06   3.5583496e+01
   6.4794150e+06   3.7170410e+01
   6.5005460e+06   3.1188965e+01
   6.5008300e+06   2.8259277e+01
   6.5010420e+06   3.3569336e+01
   6.5013090e+06   4.0649414e+01
   6.5015760e+06   2.8076172e+01
   6.5019170e+06   2.7954102e+01
   6.5363290e+06   3.7475586e+01
   6.5364670e+06   4.7302246e+01
   6.5367360e+06   3.3813477e+01
   6.5370470e+06   3.5766602e+01
   6.5556940e+06   4.9560547e+01
   6.5560230e+06   3.0334473e+01
   6.5561710e+06   3.0578613e+01
   6.5563620e+06   3.0090332e+01
   6.5565390e+06   2.7160645e+01
   6.5568240e+06   3.1555176e+01
   6.5574420e+06   3.1066895e+01
   6.5986450e+06   3.7414551e+01
   6.5987070e+06   2.9235840e+01
   6.5990770e+06   3.4606934e+01
   6.5992990e+06   2.9846191e+01
   6.5996180e+06   2.7160645e+01
   6.6239010e+06   2.8503418e+01
   6.6242200e+06   3.6560059e+01
   6.6244380e+06   3.3264160e+01
   6.6247190e+06   4.1931152e+01
   6.6519820e+06   3.4606934e+01
   6.6519930e+06   3.7658691e+01
   6.6538660e+06   3.7658691e+01
   6.6541260e+06   2.7221680e+01
   6.6545650e+06   3.8085938e+01
   6.6666430e+06   3.7658691e+01
   6.6705760e+06   4.3457031e+01
   6.6706740e+06   3.0944824e+01
   6.6708690e+06   3.5156250e+01
   6.6710880e+06   3.1250000e+01
   6.6713150e+06   2.7587891e+01
   6.6716640e+06   2.9602051e+01
   6.6719330e+06   3.6132812e+01
   6.7038990e+06   4.1198730e+01
   6.7042520e+06   2.8137207e+01
   6.7045970e+06   3.7597656e+01
   6.7048300e+06   2.9479980e+01
   6.7311870e+06   4.7851562e+01
   6.7315950e+06   2.7832031e+01
   6.7488200e+06   4.6997070e+01
   6.7489290e+06   2.9541016e+01
   6.7491540e+06   3.8879395e+01
   6.7494400e+06   3.3203125e+01
   6.7496500e+06   3.0273438e+01
   6.7788530e+06   3.1738281e+01
   6.7789290e+06   2.7099609e+01
   6.7790380e+06   2.6855469e+01
   6.7794110e+06   3.3569336e+01
   6.9504310e+06   2.8808594e+01
   6.9504600e+06   2.7099609e+01
   6.9505180e+06   2.9296875e+01
   6.9505610e+06   2.7709961e+01
   7.0273740e+06   4.4433594e+01
   7.0642220e+06   2.8198242e+01
   7.1062690e+06   3.0151367e+01
   7.1062820e+06   2.8259277e+01
   7.1063510e+06   2.7038574e+01
   7.1064470e+06   3.8146973e+01
   7.1513770e+06   2.8503418e+01
   7.1953730e+06   3.9794922e+01
   7.1953890e+06   2.7038574e+01
   7.2930320e+06   4.6447754e+01
   7.3317340e+06   3.4667969e+01
   7.3979650e+06   3.2653809e+01
   7.3979870e+06   4.3884277e+01
   7.4193400e+06   2.7404785e+01
   7.4816610e+06   2.7587891e+01
   7.5590000e+06   3.2958984e+01
   7.5661870e+06   4.0222168e+01
   7.5825080e+06   4.4860840e+01
   7.6061090e+06   2.9785156e+01
   7.6067580e+06   2.6916504e+01
   7.6067950e+06   2.7404785e+01
   7.6068750e+06   4.9621582e+01
   7.6070350e+06   4.1137695e+01
   7.7260820e+06   2.8747559e+01
   7.7669120e+06   2.7465820e+01
   7.7982980e+06   4.0832520e+01
   7.8156030e+06   2.7221680e+01
   7.8269770e+06   5.5541992e+01
   7.8270850e+06   3.9916992e+01
   7.8275550e+06   4.7058105e+01
   7.8278650e+06   4.1564941e+01
   7.8280980e+06   3.9245605e+01
   7.9397020e+06   2.7465820e+01
   7.9921530e+06   3.3752441e+01
   8.0434570e+06   3.0151367e+01
   8.1473560e+06   5.5725098e+01
   8.1575190e+06   2.7587891e+01
   8.1678430e+06   3.8818359e+01
   8.1854070e+06   4.0466309e+01
   8.1881160e+06   3.0273438e+01
   8.2070880e+06   2.7343750e+01
   8.2072170e+06   4.9804688e+01
   8.2408350e+06   3.6743164e+01
   8.2776420e+06   2.8747559e+01
   8.2777100e+06   2.8442383e+01
   8.2777350e+06   2.7832031e+01
   8.2777630e+06   2.7709961e+01
   8.2778320e+06   2.7832031e+01
   8.2779380e+06   5.1086426e+01
   8.2779640e+06   2.7832031e+01
   8.2780520e+06   4.8522949e+01
   8.3197390e+06   3.0151367e+01
   8.3198560e+06   4.0466309e+01
   8.3505790e+06   3.2531738e+01
   8.4127840e+06   2.8137207e+01
   8.4401590e+06   3.8940430e+01
   8.4801560e+06   3.5827637e+01
   8.5078020e+06   4.4189453e+01
   8.5632670e+06   4.9682617e+01
   8.5702620e+06   4.6936035e+01
   8.5967900e+06   5.0048828e+01
   8.6335710e+06   4.6569824e+01
   8.6430080e+06   2.8564453e+01
   8.6431440e+06   5.1757812e+01
   8.6432530e+06   3.1372070e+01
   8.6434020e+06   4.7485352e+01
   8.7022050e+06   2.9113770e+01
   8.7447600e+06   3.7414551e+01
   8.7447860e+06   2.7404785e+01
   8.8055160e+06   5.0415039e+01
   8.8460770e+06   4.8645020e+01
   8.8476260e+06   2.8015137e+01
   8.8477650e+06   2.9907227e+01
   8.8477830e+06   2.8259277e+01
   8.8478440e+06   4.6630859e+01
   8.8479890e+06   4.0893555e+01
   8.9264160e+06   2.7282715e+01
   8.9923660e+06   3.2897949e+01
   9.0382490e+06   2.9663086e+01
   9.0383350e+06   3.0395508e+01
   9.1079060e+06   2.7709961e+01
   9.1080170e+06   2.9846191e+01
   9.1429730e+06   3.8452148e+01
   9.1430560e+06   3.5217285e+01
   9.1799770e+06   2.8442383e+01
   9.2067740e+06   4.2541504e+01
   9.2081970e+06   2.7160645e+01
   9.2082770e+06   2.7526855e+01
   9.2083020e+06   2.7160645e+01
   9.2083680e+06   5.4992676e+01
   9.2084010e+06   2.8869629e+01
   9.2084860e+06   3.7658691e+01
   9.2086150e+06   5.2612305e+01
   9.2087770e+06   4.0954590e+01
   9.2545030e+06   2.8015137e+01
   9.2840110e+06   2.7954102e+01
   9.3140580e+06   2.7709961e+01
   9.3582350e+06   4.1748047e+01
   9.3590610e+06   3.0212402e+01
   9.3592150e+06   4.9865723e+01
   9.3593370e+06   2.6550293e+01
   9.3595120e+06   4.4189453e+01
   9.3596670e+06   4.7119141e+01
   9.3890850e+06   4.0466309e+01
   9.3891970e+06   2.8320312e+01
   9.3892350e+06   3.6560059e+01
   9.3893690e+06   3.3813477e+01
   9.4214880e+06   3.6987305e+01
   9.4215890e+06   2.6855469e+01
   9.4239050e+06   3.9733887e+01
   9.4655770e+06   3.4118652e+01
   9.4656620e+06   2.8625488e+01
   9.4925660e+06   3.0456543e+01
   9.5167560e+06   3.9367676e+01
   9.5904540e+06   4.7729492e+01
   9.5904700e+06   3.0578613e+01
   9.6626270e+06   4.0893555e+01
   9.7275760e+06   3.5034180e+01
   9.7740180e+06   4.0039062e+01
   9.7741400e+06   3.5278320e+01
   9.8224840e+06   2.8503418e+01
   9.9284960e+06   2.7709961e+01
   1.0019368e+07   3.0517578e+01
   1.0030352e+07   2.7709961e+01
   1.0087860e+07   2.9296875e+01
   1.0131789e+07   5.0170898e+01
   1.0132315e+07   4.3884277e+01
   1.0132635e+07   3.5034180e+01
   1.0162428e+07   2.9541016e+01
   1.0162582e+07   3.3020020e+01
   1.0162774e+07   3.8085938e+01
   1.0163138e+07   3.3691406e+01
   1.0163269e+07   2.7893066e+01
   1.0163519e+07   2.8381348e+01
   1.0187811e+07   4.6142578e+01
   1.0188050e+07   3.5095215e+01
   1.0188220e+07   3.3447266e+01
   1.0189074e+07   3.2653809e+01
   1.0202118e+07   4.2236328e+01
   1.0202196e+07   3.1250000e+01
   1.0202537e+07   3.0273438e+01
   1.0202715e+07   2.7954102e+01
   1.0234111e+07   3.4790039e+01
   1.0234178e+07   2.7770996e+01
   1.0234459e+07   3.7536621e+01
   1.0234853e+07   2.9724121e+01
   1.0235316e+07   2.8259277e+01
   1.0260924e+07   3.3569336e+01
   1.0261000e+07   2.8869629e+01
   1.0261119e+07   2.6489258e+01
   1.0261333e+07   3.1066895e+01
   1.0261551e+07   3.1433105e+01
   1.0261744e+07   3.1860352e+01
   1.0279497e+07   3.2104492e+01
   1.0279561e+07   2.8442383e+01
   1.0279884e+07   3.3081055e+01
   1.0280109e+07   3.1799316e+01
   1.0280328e+07   3.0578613e+01
   1.0280970e+07   2.7832031e+01
   1.0281301e+07   3.1860352e+01
   1.0313211e+07   4.1870117e+01
   1.0313512e+07   2.7465820e+01
   1.0313714e+07   3.1982422e+01
   1.0314108e+07   3.2897949e+01
   1.0314542e+07   3.1188965e+01
   1.0329606e+07   4.1809082e+01
   1.0329670e+07   2.9663086e+01
   1.0329797e+07   2.6489258e+01
   1.0329979e+07   3.1799316e+01
   1.0330209e+07   2.7343750e+01
   1.0352932e+07   4.0588379e+01
   1.0353316e+07   3.4545898e+01
   1.0353505e+07   3.2714844e+01
   1.0353684e+07   3.1494141e+01
   1.0354986e+07   2.7343750e+01
   1.0363417e+07   3.1799316e+01
   1.0363643e+07   3.0456543e+01
   1.0363847e+07   2.9052734e+01
   1.0364076e+07   2.8442383e+01
   1.0364370e+07   3.0883789e+01
   1.0364827e+07   3.2287598e+01
   1.0411168e+07   3.1555176e+01
   1.0411197e+07   2.7587891e+01
   1.0411232e+07   2.6733398e+01
   1.0411563e+07   2.9357910e+01
   1.0411924e+07   2.6733398e+01
   1.0438305e+07   2.6794434e+01
   1.0438337e+07   3.7353516e+01
   1.0438360e+07   2.8869629e+01
   1.0438542e+07   2.8259277e+01
   1.0438844e+07   3.6010742e+01
   1.0439079e+07   3.9123535e+01
   1.0439345e+07   2.8869629e+01
   1.0439586e+07   3.0822754e+01
   1.0466407e+07   2.7832031e+01
   1.0466579e+07   4.0100098e+01
   1.0466788e+07   3.0639648e+01
   1.0467080e+07   3.4973145e+01
   1.0467367e+07   3.4423828e+01
   1.0467800e+07   3.1188965e+01
   1.0489260e+07   3.8879395e+01
   1.0489375e+07   3.1372070e+01
   1.0489562e+07   2.7343750e+01
   1.0489792e+07   3.2287598e+01
   1.0490045e+07   2.7465820e+01
   1.0490403e+07   3.3386230e+01
   1.0506295e+07   3.9489746e+01
   1.0506546e+07   3.4851074e+01
   1.0506643e+07   2.7038574e+01
   1.0506796e+07   3.1250000e+01
   1.0507110e+07   3.6193848e+01
   1.0507405e+07   3.1616211e+01
   1.0538961e+07   5.5786133e+01
   1.0538991e+07   3.3264160e+01
   1.0539338e+07   2.8137207e+01
   1.0539609e+07   3.9062500e+01
   1.0554884e+07   4.2663574e+01
   1.0555170e+07   3.8208008e+01
   1.0555381e+07   3.3996582e+01
   1.0555607e+07   2.8442383e+01
   1.0555930e+07   3.5827637e+01
   1.0592983e+07   3.7902832e+01
   1.0593228e+07   2.8686523e+01
   1.0637555e+07   4.4067383e+01
   1.0637891e+07   3.8146973e+01
   1.0638192e+07   4.3579102e+01
   1.0656992e+07   3.0029297e+01
   1.0657063e+07   5.0659180e+01
   1.0657236e+07   4.2846680e+01
   1.0657407e+07   3.5522461e+01
   1.0657826e+07   3.2043457e+01
   1.0665463e+07   2.9907227e+01
   1.0665485e+07   2.8198242e+01
   1.0665555e+07   3.4729004e+01
   1.0665566e+07   2.7282715e+01
   1.0665585e+07   2.9785156e+01
   1.0665647e+07   3.5156250e+01
   1.0665677e+07   3.0151367e+01
   1.0665761e+07   3.6437988e+01
   1.0666110e+07   3.3264160e+01
   1.0692050e+07   2.6916504e+01
   1.0692144e+07   2.7221680e+01
   1.0692300e+07   3.3874512e+01
   1.0692454e+07   3.4606934e+01
   1.0725797e+07   2.7954102e+01
   1.0725875e+07   3.1982422e+01
   1.0726017e+07   2.6550293e+01
   1.0726050e+07   4.1442871e+01
   1.0737368e+07   2.6550293e+01
   1.0757479e+07   2.7160645e+01
   1.0757502e+07   4.0832520e+01
   1.0821092e+07   5.1147461e+01
   1.0847098e+07   3.0029297e+01
   1.0874852e+07   3.0700684e+01
   1.0875089e+07   4.1503906e+01
   1.0933175e+07   3.1738281e+01
   1.1025333e+07   2.8808594e+01
   1.1025592e+07   3.8635254e+01
   1.1025725e+07   3.3447266e+01
   1.1100388e+07   2.6611328e+01
   1.1120079e+07   2.9418945e+01
   1.1154814e+07   5.3527832e+01
   1.1261101e+07   5.1452637e+01
   1.1261238e+07   4.4921875e+01
   1.1275702e+07   2.8747559e+01
   1.1276966e+07   2.7038574e+01
   1.1316735e+07   3.1555176e+01
   1.1317580e+07   2.7099609e+01
   1.1329666e+07   2.7404785e+01
   1.1331937e+07   2.9846191e+01
   1.1334966e+07   4.2785645e+01
   1.1347781e+07   4.5410156e+01
   1.1353274e+07   3.5461426e+01
   1.1353370e+07   4.0893555e+01
   1.1358623e+07   3.2836914e+01
   1.1358769e+07   4.6447754e+01
   1.1358891e+07   3.3752441e+01
   1.1372631e+07   2.7160645e+01
   1.1379090e+07   4.2846680e+01
   1.1389111e+07   3.2287598e+01
   1.1418526e+07   3.1433105e+01
   1.1457247e+07   2.6916504e+01
   1.1458819e+07   2.8503418e+01
   1.1480176e+07   2.8869629e+01
   1.1686065e+07   2.9968262e+01
   1.1817200e+07   2.7160645e+01
   1.1823043e+07   2.8686523e+01
   1.1861239e+07   2.8076172e+01
   1.1983148e+07   3.2226562e+01
   1.1993892e+07   2.6550293e+01
   1.1993953e+07   4.8095703e+01
