   1.1996000e+07   0.0000000e+00
   6.3417000e+04   3.2287598e+01
   6.3649000e+04   4.8217773e+01
   6.3899000e+04   7.1655273e+01
   6.4144000e+04   5.7617187e+01
   1.3890300e+05   6.6406250e+01
   1.3906600e+05   6.8420410e+01
   2.0187800e+05   5.3833008e+01
   2.1681200e+05   3.3325195e+01
   2.8784500e+05   6.8481445e+01
   2.8788000e+05   3.3020020e+01
   2.8793200e+05   6.0058594e+01
   2.8801200e+05   5.9326172e+01
   2.8815000e+05   7.5134277e+01
   2.8851500e+05   6.0119629e+01
   3.6684300e+05   6.1706543e+01
   3.6694300e+05   7.3364258e+01
   3.6703800e+05   5.2795410e+01
   3.6717100e+05   5.4992676e+01
   3.6816900e+05   5.5480957e+01
   5.0781700e+05   6.6223145e+01
   5.0792900e+05   6.9885254e+01
   5.0800800e+05   4.6020508e+01
   5.0810400e+05   5.8593750e+01
   5.0828100e+05   5.5114746e+01
   5.0847600e+05   4.9133301e+01
   5.8284100e+05   3.7658691e+01
   5.8288800e+05   3.3447266e+01
   5.8306800e+05   6.3415527e+01
   5.8316800e+05   6.1767578e+01
   5.8330400e+05   6.2316895e+01
   5.8336000e+05   3.5522461e+01
   5.8348500e+05   5.5053711e+01
   6.4567400e+05   3.4179688e+01
   6.4572500e+05   3.2836914e+01
   6.4580100e+05   6.2744141e+01
   6.4591400e+05   6.5795898e+01
   6.4602300e+05   5.3649902e+01
   6.4610900e+05   5.0964355e+01
   6.4621900e+05   5.9631348e+01
   6.4648100e+05   5.8044434e+01
   7.8087700e+05   6.6406250e+01
   7.8097400e+05   6.7138672e+01
   7.8106800e+05   6.3903809e+01
   7.8123000e+05   5.1635742e+01
   7.8138500e+05   4.8461914e+01
   7.8148800e+05   5.3283691e+01
   7.8170600e+05   5.7922363e+01
   8.4276300e+05   4.9255371e+01
   8.4297100e+05   5.9204102e+01
   8.4333400e+05   5.2856445e+01
   8.4347300e+05   4.7241211e+01
   8.4359600e+05   5.0354004e+01
   8.9748800e+05   6.7016602e+01
   8.9764500e+05   5.3527832e+01
   8.9785900e+05   5.7983398e+01
   8.9799600e+05   5.5664062e+01
   9.4301400e+05   3.8574219e+01
   9.4327600e+05   6.8481445e+01
   9.4340600e+05   7.6538086e+01
   9.4380100e+05   6.8847656e+01
   9.9428100e+05   6.1828613e+01
   9.9435800e+05   6.3171387e+01
   9.9447900e+05   6.5795898e+01
   9.9459100e+05   6.2927246e+01
   9.9479000e+05   5.2429199e+01
   9.9484500e+05   3.5217285e+01
   9.9516800e+05   6.1157227e+01
   1.0262350e+06   6.8115234e+01
   1.0265580e+06   6.5856934e+01
   1.0270350e+06   5.7678223e+01
   1.0780770e+06   5.7800293e+01
   1.0781500e+06   5.7250977e+01
   1.0782720e+06   6.1462402e+01
   1.0783500e+06   6.3293457e+01
   1.0784690e+06   5.3894043e+01
   1.0786230e+06   4.8217773e+01
   1.0788210e+06   6.3476562e+01
   1.1058660e+06   3.2592773e+01
   1.1072690e+06   6.2744141e+01
   1.1074180e+06   7.0739746e+01
   1.1075100e+06   5.2368164e+01
   1.1076570e+06   7.0495605e+01
   1.1077120e+06   3.5827637e+01
   1.1079060e+06   5.6091309e+01
   1.1081420e+06   5.0964355e+01
   1.1490810e+06   6.7443848e+01
   1.1491250e+06   3.6010742e+01
   1.1492030e+06   5.8959961e+01
   1.1493200e+06   6.1767578e+01
   1.1494250e+06   5.0415039e+01
   1.1495220e+06   4.9377441e+01
   1.1497060e+06   5.2734375e+01
   1.1725320e+06   6.9885254e+01
   1.1726390e+06   5.8227539e+01
   1.1727450e+06   4.4799805e+01
   1.1728650e+06   6.8298340e+01
   1.1731780e+06   6.4758301e+01
   1.1737740e+06   4.1870117e+01
   1.2158000e+06   3.3142090e+01
   1.2158170e+06   5.4199219e+01
   1.2159220e+06   5.4626465e+01
   1.2160660e+06   5.9753418e+01
   1.2162270e+06   5.3100586e+01
   1.2164610e+06   5.0354004e+01
   1.2615410e+06   6.0302734e+01
   1.2616800e+06   6.8115234e+01
   1.2617890e+06   5.9448242e+01
   1.2619270e+06   5.8959961e+01
   1.2620140e+06   4.6020508e+01
   1.2622100e+06   4.2358398e+01
   1.2921530e+06   6.2988281e+01
   1.2922350e+06   5.2368164e+01
   1.2923140e+06   4.5837402e+01
   1.2924860e+06   6.0119629e+01
   1.2926950e+06   6.2438965e+01
   1.3245940e+06   7.6904297e+01
   1.3247370e+06   5.9692383e+01
   1.3248510e+06   4.9743652e+01
   1.3249640e+06   4.1687012e+01
   1.3251400e+06   4.8156738e+01
   1.3252860e+06   4.8583984e+01
   1.3258410e+06   5.9143066e+01
   1.3602570e+06   6.9763184e+01
   1.3603380e+06   6.2744141e+01
   1.3604220e+06   5.4626465e+01
   1.3605280e+06   6.8847656e+01
   1.3606910e+06   5.9631348e+01
   1.3608640e+06   5.5419922e+01
   1.3926970e+06   5.7495117e+01
   1.3928630e+06   5.2307129e+01
   1.3930700e+06   5.7983398e+01
   1.3932780e+06   6.7199707e+01
   1.3935190e+06   5.0354004e+01
   1.3937050e+06   3.9672852e+01
   1.4292830e+06   5.7922363e+01
   1.4293770e+06   6.1035156e+01
   1.4294480e+06   4.6325684e+01
   1.4295880e+06   5.6396484e+01
   1.4296960e+06   6.1340332e+01
   1.4298520e+06   5.9448242e+01
   1.4682760e+06   6.6162109e+01
   1.4684230e+06   6.4147949e+01
   1.4685140e+06   5.2673340e+01
   1.4687300e+06   4.5654297e+01
   1.4963850e+06   3.2653809e+01
   1.4971080e+06   5.7006836e+01
   1.4972630e+06   5.4687500e+01
   1.4974050e+06   5.3588867e+01
   1.4976510e+06   6.4208984e+01
   1.4981670e+06   4.6813965e+01
   1.5632830e+06   7.8002930e+01
   1.5634560e+06   6.1035156e+01
   1.5635770e+06   5.5908203e+01
   1.5637560e+06   5.9936523e+01
   1.5638560e+06   4.9499512e+01
   1.5639560e+06   3.6804199e+01
   1.5640600e+06   4.4494629e+01
   1.5642610e+06   5.1147461e+01
   1.5646190e+06   5.1879883e+01
   1.5898110e+06   4.6630859e+01
   1.5902380e+06   5.3222656e+01
   1.5903810e+06   7.8063965e+01
   1.5906450e+06   5.9814453e+01
   1.5908660e+06   5.2978516e+01
   1.5909410e+06   3.7902832e+01
   1.6201420e+06   7.5073242e+01
   1.6203990e+06   5.8471680e+01
   1.6435120e+06   6.6223145e+01
   1.6437120e+06   6.7016602e+01
   1.6445050e+06   6.2500000e+01
   1.7283800e+06   5.7312012e+01
   2.5389890e+06   6.7199707e+01
   2.5390800e+06   6.5612793e+01
   2.5391800e+06   4.9804688e+01
   2.5392450e+06   3.9550781e+01
   2.5394480e+06   6.2927246e+01
   2.9238190e+06   5.9326172e+01
   2.9239720e+06   7.4035645e+01
   2.9241140e+06   5.0354004e+01
   2.9242570e+06   5.3894043e+01
   2.9245740e+06   6.3354492e+01
   2.9251000e+06   5.4809570e+01
   3.0258180e+06   5.7800293e+01
   3.0258950e+06   6.5429688e+01
   3.0259930e+06   5.3588867e+01
   3.0261260e+06   5.7373047e+01
   3.0261980e+06   4.2053223e+01
   3.0263290e+06   4.6203613e+01
   3.0269510e+06   5.6579590e+01
   3.0270520e+06   3.8757324e+01
   3.2409980e+06   7.0922852e+01
   3.2411480e+06   6.1218262e+01
   3.2412700e+06   5.9204102e+01
   3.2413810e+06   4.9621582e+01
   3.2415530e+06   5.7434082e+01
   3.2416310e+06   3.7841797e+01
   3.2421930e+06   5.2124023e+01
   3.3158700e+06   5.9875488e+01
   3.3159480e+06   4.6813965e+01
   3.3160660e+06   5.8715820e+01
   3.3161830e+06   5.3588867e+01
   3.3163000e+06   5.3466797e+01
   3.3165530e+06   5.7678223e+01
   3.3169240e+06   5.1025391e+01
   3.3171930e+06   5.0964355e+01
   3.3650080e+06   5.4504395e+01
   3.3650330e+06   3.3874512e+01
   3.3651130e+06   5.9570312e+01
   3.3651800e+06   5.7861328e+01
   3.3652550e+06   5.4016113e+01
   3.3654150e+06   4.4799805e+01
   3.3656260e+06   5.9692383e+01
   3.3657060e+06   3.6376953e+01
   3.3662770e+06   4.7668457e+01
   3.3664310e+06   4.9926758e+01
   3.4123930e+06   6.4819336e+01
   3.4124730e+06   6.1645508e+01
   3.4125410e+06   4.3640137e+01
   3.4126040e+06   3.7231445e+01
   3.4128350e+06   3.6865234e+01
   3.4131030e+06   5.1818848e+01
   3.4135240e+06   6.0180664e+01
   3.4465310e+06   5.6213379e+01
   3.4466050e+06   7.2814941e+01
   3.4467420e+06   5.2673340e+01
   3.4468760e+06   4.6142578e+01
   3.4470490e+06   5.5908203e+01
   3.4471290e+06   3.3386230e+01
   3.4478500e+06   5.9936523e+01
   3.5118250e+06   7.2021484e+01
   3.5119190e+06   6.4453125e+01
   3.5119800e+06   3.6682129e+01
   3.5120590e+06   4.8889160e+01
   3.5121470e+06   4.8583984e+01
   3.5122280e+06   3.9062500e+01
   3.5123190e+06   3.7414551e+01
   3.5125980e+06   5.6335449e+01
   3.5743670e+06   7.2387695e+01
   3.5744480e+06   5.7739258e+01
   3.5745580e+06   6.7871094e+01
   3.5746300e+06   3.4179688e+01
   3.5748970e+06   3.3813477e+01
   3.5753000e+06   6.6162109e+01
   3.5757160e+06   5.8898926e+01
   3.5760820e+06   6.5979004e+01
   4.3281690e+06   5.5541992e+01
   4.3282310e+06   6.5612793e+01
   4.3283340e+06   6.6345215e+01
   4.3285350e+06   6.1950684e+01
   4.3757520e+06   5.4870605e+01
   4.3758070e+06   6.2133789e+01
   4.3758640e+06   4.9926758e+01
   4.3759540e+06   5.9326172e+01
   4.3761960e+06   5.8837891e+01
   4.3763100e+06   4.3884277e+01
   4.3764360e+06   3.6254883e+01
   4.3766360e+06   5.3405762e+01
   4.3767540e+06   3.3996582e+01
   4.4774130e+06   5.6274414e+01
   4.4774810e+06   5.7006836e+01
   4.4775550e+06   5.1940918e+01
   4.4776410e+06   7.3242188e+01
   4.4779350e+06   5.4504395e+01
   4.4782560e+06   5.2185059e+01
   4.4785540e+06   7.6599121e+01
   4.5926880e+06   3.4179688e+01
   4.5927250e+06   3.3203125e+01
   4.5928170e+06   6.8542480e+01
   4.5929000e+06   6.0668945e+01
   4.5929790e+06   5.6762695e+01
   4.5930410e+06   3.5949707e+01
   4.5931160e+06   3.2836914e+01
   4.5932550e+06   4.2846680e+01
   4.5934030e+06   5.5297852e+01
   4.5939930e+06   5.3161621e+01
   4.5942030e+06   5.4077148e+01
   4.6507820e+06   6.1950684e+01
   4.6508760e+06   6.1950684e+01
   4.6510130e+06   5.8715820e+01
   4.6512040e+06   4.4311523e+01
   4.6513840e+06   6.3354492e+01
   4.6950900e+06   6.3903809e+01
   4.6951460e+06   6.4392090e+01
   4.6952160e+06   4.7790527e+01
   4.6956330e+06   5.3894043e+01
   4.7297470e+06   7.8552246e+01
   4.7298150e+06   6.0852051e+01
   4.7298970e+06   5.9509277e+01
   4.7299920e+06   6.2988281e+01
   4.7300750e+06   4.3395996e+01
   4.7305250e+06   4.2297363e+01
   4.7308460e+06   4.7119141e+01
   4.7309860e+06   4.9194336e+01
   4.7850600e+06   6.1462402e+01
   4.7851360e+06   4.9682617e+01
   4.7852180e+06   4.9011230e+01
   4.7852780e+06   4.5288086e+01
   4.7861940e+06   5.0842285e+01
   4.7863070e+06   3.4484863e+01
   4.8234980e+06   7.8369141e+01
   4.8235700e+06   6.0668945e+01
   4.8236440e+06   6.1950684e+01
   4.8237050e+06   4.3945312e+01
   4.8237900e+06   4.0344238e+01
   4.8245070e+06   4.2053223e+01
   4.8248190e+06   3.7902832e+01
   4.8612230e+06   7.0556641e+01
   4.8613080e+06   5.6457520e+01
   4.8614120e+06   6.4880371e+01
   4.8614990e+06   6.2194824e+01
   4.8615940e+06   4.5166016e+01
   4.8617210e+06   4.5532227e+01
   4.9066240e+06   4.0710449e+01
   4.9067330e+06   5.5664062e+01
   4.9067850e+06   5.9204102e+01
   4.9068800e+06   5.9265137e+01
   4.9069460e+06   4.2968750e+01
   4.9074870e+06   3.3142090e+01
   4.9077150e+06   4.7790527e+01
   4.9082810e+06   6.0974121e+01
   4.9084110e+06   4.2724609e+01
   4.9601780e+06   6.0058594e+01
   4.9602480e+06   6.8786621e+01
   4.9603290e+06   5.2612305e+01
   4.9604320e+06   5.9448242e+01
   4.9605110e+06   3.9978027e+01
   4.9606080e+06   4.9011230e+01
   4.9610310e+06   3.3813477e+01
   5.0033030e+06   5.4687500e+01
   5.0034370e+06   6.0791016e+01
   5.0034760e+06   3.6804199e+01
   5.0035570e+06   6.2438965e+01
   5.0036110e+06   3.7353516e+01
   5.0036820e+06   3.4912109e+01
   5.0038840e+06   3.9855957e+01
   5.0047110e+06   5.1025391e+01
   5.0050390e+06   5.1818848e+01
   5.0051800e+06   4.8278809e+01
   5.0444200e+06   6.2377930e+01
   5.0445250e+06   4.8583984e+01
   5.0446410e+06   6.1706543e+01
   5.0448030e+06   5.6762695e+01
   5.0448640e+06   4.0954590e+01
   5.0450920e+06   5.6335449e+01
   5.0451820e+06   3.7658691e+01
   5.0454390e+06   5.6884766e+01
   5.0459990e+06   5.8837891e+01
   5.1109400e+06   3.6376953e+01
   5.1110050e+06   5.3771973e+01
   5.1111520e+06   4.8645020e+01
   5.1112960e+06   5.6945801e+01
   5.1114740e+06   4.9133301e+01
   5.1115420e+06   4.2846680e+01
   5.1117290e+06   5.7128906e+01
   5.1596990e+06   3.5888672e+01
   5.1599800e+06   6.1462402e+01
   5.1601420e+06   5.2429199e+01
   5.1602470e+06   5.6213379e+01
   5.1603210e+06   4.3151855e+01
   5.1605930e+06   5.2734375e+01
   5.1609200e+06   3.7048340e+01
   5.1613730e+06   5.4077148e+01
   5.2013920e+06   5.9265137e+01
   5.2015750e+06   5.4138184e+01
   5.2017410e+06   5.4016113e+01
   5.2018740e+06   4.8095703e+01
   5.2019630e+06   4.4128418e+01
   5.2020740e+06   4.7241211e+01
   5.2024840e+06   5.4504395e+01
   5.2771770e+06   6.1828613e+01
   5.2772970e+06   5.6213379e+01
   5.2774790e+06   7.6354980e+01
   5.2776120e+06   5.0415039e+01
   5.2776980e+06   5.0659180e+01
   5.2779620e+06   7.1228027e+01
   5.2780560e+06   3.7658691e+01
   5.3383750e+06   6.8298340e+01
   5.3384790e+06   7.7087402e+01
   5.3388550e+06   4.7058105e+01
   5.3389540e+06   5.1696777e+01
   5.3390390e+06   3.7658691e+01
   5.3391820e+06   3.5766602e+01
   5.3393870e+06   5.6701660e+01
   5.3793620e+06   6.8786621e+01
   5.3794430e+06   6.1645508e+01
   5.3797320e+06   6.3171387e+01
   5.3799210e+06   5.7067871e+01
   5.3801000e+06   5.2734375e+01
   5.3803910e+06   5.8959961e+01
   5.4011550e+06   5.6030273e+01
   5.4014060e+06   6.5856934e+01
   5.4014980e+06   5.8410645e+01
   5.4016840e+06   6.1950684e+01
   5.4017980e+06   4.3762207e+01
   5.4018790e+06   3.3996582e+01
   5.4020410e+06   4.7119141e+01
   5.4024260e+06   6.0424805e+01
   5.4024960e+06   3.2897949e+01
   5.4262130e+06   3.6132812e+01
   5.4263810e+06   5.4626465e+01
   5.4266300e+06   6.4025879e+01
   5.4268150e+06   5.0842285e+01
   5.4496260e+06   7.1166992e+01
   5.4498030e+06   6.4331055e+01
   5.4498750e+06   5.1269531e+01
   5.4500610e+06   6.4147949e+01
   5.4503580e+06   5.6823730e+01
   5.4683980e+06   6.7504883e+01
   5.4686530e+06   5.6518555e+01
   5.4687350e+06   5.0598145e+01
   5.4688790e+06   5.2673340e+01
   5.4690790e+06   5.8776855e+01
   5.4896420e+06   6.5490723e+01
   5.4900930e+06   5.7189941e+01
   5.4902640e+06   5.5541992e+01
   5.4904090e+06   5.7983398e+01
   5.5148920e+06   7.2998047e+01
   5.5150560e+06   5.6152344e+01
   5.5151880e+06   4.4921875e+01
   5.5152840e+06   5.0109863e+01
   5.5154320e+06   5.9020996e+01
   5.5404680e+06   6.7993164e+01
   5.5406340e+06   5.2856445e+01
   5.5407010e+06   4.5776367e+01
   5.5407860e+06   4.5227051e+01
   5.5409440e+06   4.8339844e+01
   5.5410320e+06   4.1748047e+01
   5.6134450e+06   5.6762695e+01
   5.6137510e+06   6.4575195e+01
   5.6140120e+06   5.2124023e+01
   5.6143500e+06   6.2622070e+01
   5.6612270e+06   6.8908691e+01
   5.6615210e+06   6.6894531e+01
   5.6618630e+06   6.1157227e+01
   5.6623460e+06   6.5795898e+01
   5.7582830e+06   6.1462402e+01
   5.7589780e+06   4.3518066e+01
   6.2444090e+06   6.7199707e+01
   6.2444810e+06   5.7739258e+01
   6.2446000e+06   5.9814453e+01
   6.2446600e+06   3.7841797e+01
   6.2447860e+06   6.4086914e+01
   6.2453340e+06   4.7790527e+01
   6.3144020e+06   5.7861328e+01
   6.3144670e+06   5.0231934e+01
   6.3145560e+06   5.3344727e+01
   6.3146480e+06   5.1818848e+01
   6.3147160e+06   3.9550781e+01
   6.3151420e+06   4.4250488e+01
   6.4558380e+06   6.4392090e+01
   6.4559150e+06   6.3293457e+01
   6.4559640e+06   7.0434570e+01
   6.4560240e+06   3.7841797e+01
   6.4560920e+06   4.8645020e+01
   6.4561750e+06   3.9855957e+01
   6.4573020e+06   6.3110352e+01
   6.4909140e+06   6.5551758e+01
   6.4909760e+06   5.8227539e+01
   6.4910350e+06   5.2673340e+01
   6.4911180e+06   4.0649414e+01
   6.4913270e+06   5.3039551e+01
   6.4914040e+06   3.9123535e+01
   6.4915700e+06   5.6518555e+01
   6.4918180e+06   5.6396484e+01
   6.6156800e+06   5.7006836e+01
   6.6157440e+06   5.3649902e+01
   6.6158140e+06   5.9448242e+01
   6.6158900e+06   4.8706055e+01
   6.6159860e+06   5.4077148e+01
   6.6161020e+06   5.7922363e+01
   6.6161800e+06   3.7048340e+01
   6.6164760e+06   5.1513672e+01
   6.7196650e+06   6.4819336e+01
   6.7197280e+06   6.3964844e+01
   6.7198350e+06   5.9692383e+01
   6.7199280e+06   5.0964355e+01
   6.7199980e+06   3.8146973e+01
   6.7201880e+06   4.3823242e+01
   6.7203280e+06   3.2836914e+01
   6.7210390e+06   4.6691895e+01
   6.7211230e+06   4.5227051e+01
   6.7214600e+06   4.7119141e+01
   6.7216530e+06   3.4362793e+01
   6.7701460e+06   5.0109863e+01
   6.7702720e+06   3.4606934e+01
   6.7703470e+06   6.1950684e+01
   6.7704030e+06   3.6254883e+01
   6.7707710e+06   3.5095215e+01
   6.7711190e+06   5.0598145e+01
   6.7715690e+06   5.4138184e+01
   6.7717530e+06   4.6936035e+01
   6.8248670e+06   6.9091797e+01
   6.8249460e+06   5.8898926e+01
   6.8250540e+06   4.6264648e+01
   6.8251170e+06   4.1137695e+01
   6.8255170e+06   5.3955078e+01
   6.8259550e+06   4.3762207e+01
   6.8262340e+06   6.6223145e+01
   6.8709320e+06   3.5705566e+01
   6.8709710e+06   6.9580078e+01
   6.8710430e+06   5.8227539e+01
   6.8711590e+06   5.7373047e+01
   6.8714950e+06   4.8156738e+01
   6.8715730e+06   3.6010742e+01
   6.8718670e+06   4.1503906e+01
   6.9281980e+06   6.7810059e+01
   6.9282760e+06   5.2062988e+01
   6.9283700e+06   5.5175781e+01
   6.9284400e+06   3.7719727e+01
   6.9285330e+06   3.4729004e+01
   6.9287260e+06   3.8513184e+01
   6.9290500e+06   5.2795410e+01
   6.9292330e+06   5.2917480e+01
   6.9294360e+06   5.0415039e+01
   6.9296950e+06   4.3518066e+01
   6.9299750e+06   4.4128418e+01
   6.9735750e+06   3.4301758e+01
   6.9738130e+06   5.4687500e+01
   6.9738770e+06   6.3354492e+01
   6.9739650e+06   4.1564941e+01
   6.9740450e+06   5.0048828e+01
   6.9742850e+06   3.7780762e+01
   6.9750500e+06   4.4006348e+01
   6.9751430e+06   3.7048340e+01
   6.9755400e+06   5.3222656e+01
   7.0141260e+06   6.4392090e+01
   7.0142010e+06   5.4443359e+01
   7.0142850e+06   5.4992676e+01
   7.0143660e+06   4.6936035e+01
   7.0147770e+06   3.8696289e+01
   7.0149570e+06   4.8095703e+01
   7.0153460e+06   6.2316895e+01
   7.0154890e+06   4.0222168e+01
   7.0156260e+06   3.5888672e+01
   7.1055510e+06   5.2124023e+01
   7.1056520e+06   6.3903809e+01
   7.1057430e+06   5.2185059e+01
   7.1058080e+06   4.6997070e+01
   7.1059200e+06   5.7617188e+01
   7.1061170e+06   3.8513184e+01
   7.1066610e+06   4.9438477e+01
   7.1071770e+06   4.6813965e+01
   7.1289970e+06   5.3710938e+01
   7.1290920e+06   6.6284180e+01
   7.1291690e+06   5.8166504e+01
   7.1292900e+06   5.9204102e+01
   7.1294090e+06   4.3090820e+01
   7.1295600e+06   4.0954590e+01
   7.1297780e+06   5.9997559e+01
   7.1302190e+06   6.1645508e+01
   7.1304810e+06   5.0354004e+01
   7.1310460e+06   4.8767090e+01
   7.1809160e+06   3.2836914e+01
   7.1809750e+06   5.1330566e+01
   7.1810430e+06   5.2368164e+01
   7.1810960e+06   3.8391113e+01
   7.1811810e+06   5.7189941e+01
   7.1814950e+06   3.8391113e+01
   7.1818410e+06   4.8583984e+01
   7.1821970e+06   5.9692383e+01
   7.1829570e+06   5.3894043e+01
   7.2224440e+06   5.3466797e+01
   7.2225320e+06   6.1157227e+01
   7.2225950e+06   5.4870605e+01
   7.2226710e+06   3.8696289e+01
   7.2227560e+06   4.6264648e+01
   7.2228280e+06   3.5888672e+01
   7.2232590e+06   4.2297363e+01
   7.2233860e+06   4.9987793e+01
   7.2236920e+06   6.3964844e+01
   7.2961950e+06   3.3447266e+01
   7.2962810e+06   7.8552246e+01
   7.2964250e+06   5.0354004e+01
   7.2965060e+06   5.9875488e+01
   7.2965920e+06   4.5166016e+01
   7.2970670e+06   3.5705566e+01
   7.2975970e+06   5.2246094e+01
   7.3318130e+06   5.8410645e+01
   7.3319020e+06   3.5888672e+01
   7.3319280e+06   5.0598145e+01
   7.3320570e+06   6.2377930e+01
   7.3321150e+06   4.8217773e+01
   7.3322090e+06   3.4667969e+01
   7.3322980e+06   3.4057617e+01
   7.3326430e+06   3.5522461e+01
   7.3327900e+06   4.1137695e+01
   7.3331100e+06   4.7851562e+01
   7.3336290e+06   6.0119629e+01
   7.3677000e+06   6.7932129e+01
   7.3677900e+06   6.6772461e+01
   7.3678850e+06   6.4880371e+01
   7.3680520e+06   4.9499512e+01
   7.3681220e+06   3.4790039e+01
   7.3682480e+06   3.8696289e+01
   7.3683650e+06   3.3264160e+01
   7.3690940e+06   5.5847168e+01
   7.3691740e+06   4.1015625e+01
   7.4164420e+06   7.4890137e+01
   7.4165590e+06   7.2631836e+01
   7.4166380e+06   5.5419922e+01
   7.4167230e+06   4.6997070e+01
   7.4168290e+06   4.1381836e+01
   7.4171730e+06   4.6997070e+01
   7.4173960e+06   4.6386719e+01
   7.4174810e+06   3.4423828e+01
   7.4597700e+06   6.4086914e+01
   7.4598750e+06   4.8217773e+01
   7.4599550e+06   4.5227051e+01
   7.4600590e+06   5.1086426e+01
   7.4601870e+06   5.1391602e+01
   7.4602680e+06   3.4484863e+01
   7.4604470e+06   5.6457520e+01
   7.4609650e+06   5.2978516e+01
   7.4862890e+06   5.7922363e+01
   7.4863830e+06   4.3273926e+01
   7.4865210e+06   4.9865723e+01
   7.4865770e+06   3.6987305e+01
   7.4866660e+06   4.0039062e+01
   7.4868920e+06   4.5959473e+01
   7.4870110e+06   3.9062500e+01
   7.4871770e+06   4.0344238e+01
   7.4877730e+06   5.5297852e+01
   7.4878570e+06   3.3386230e+01
   7.5268940e+06   7.2814941e+01
   7.5271290e+06   7.5561523e+01
   7.5272280e+06   4.7302246e+01
   7.5273680e+06   5.5297852e+01
   7.5274480e+06   4.1931152e+01
   7.5276070e+06   6.7687988e+01
   7.5277830e+06   3.9245605e+01
   7.5280470e+06   5.9631348e+01
   7.5283320e+06   4.7058105e+01
   7.5719160e+06   5.1757812e+01
   7.5720110e+06   6.5185547e+01
   7.5720970e+06   5.4260254e+01
   7.5721750e+06   5.4748535e+01
   7.5724890e+06   4.9377441e+01
   7.5727000e+06   5.3344727e+01
   7.5728860e+06   4.8583984e+01
   7.5731470e+06   5.5969238e+01
   7.5734480e+06   5.1086426e+01
   7.6114890e+06   5.5908203e+01
   7.6115800e+06   4.7607422e+01
   7.6117250e+06   6.4697266e+01
   7.6118290e+06   4.8583984e+01
   7.6119950e+06   5.8227539e+01
   7.6121510e+06   4.9560547e+01
   7.6125950e+06   5.8349609e+01
   7.6134490e+06   5.5603027e+01
   7.6137120e+06   4.4860840e+01
   7.6139730e+06   4.8217773e+01
   7.6377420e+06   5.6640625e+01
   7.6378720e+06   6.1828613e+01
   7.6379900e+06   5.6091309e+01
   7.6380800e+06   4.7302246e+01
   7.6382020e+06   4.7729492e+01
   7.6384320e+06   5.4260254e+01
   7.6386430e+06   6.5063477e+01
   7.6398140e+06   5.0415039e+01
   7.6402350e+06   4.9682617e+01
   7.6585590e+06   7.9040527e+01
   7.6585900e+06   3.5095215e+01
   7.6586690e+06   5.5297852e+01
   7.6587570e+06   4.9621582e+01
   7.6588540e+06   5.4199219e+01
   7.6589270e+06   4.9743652e+01
   7.6590380e+06   3.6132812e+01
   7.6591410e+06   5.0659180e+01
   7.6593640e+06   5.3527832e+01
   7.6594950e+06   3.5461426e+01
   7.6599150e+06   4.7424316e+01
   7.6600310e+06   4.0405273e+01
   7.6757400e+06   6.1035156e+01
   7.6759030e+06   5.7617188e+01
   7.6760130e+06   5.5236816e+01
   7.6761450e+06   5.1513672e+01
   7.6762400e+06   5.3649902e+01
   7.6764530e+06   5.0537109e+01
   7.6765970e+06   3.8269043e+01
   7.6772400e+06   4.6325684e+01
   7.6997200e+06   7.0495605e+01
   7.6998830e+06   5.6396484e+01
   7.7001530e+06   5.0231934e+01
   7.7003430e+06   4.6936035e+01
   7.7004750e+06   5.1391602e+01
   7.7006320e+06   4.4616699e+01
   7.7008010e+06   5.3344727e+01
   7.7012350e+06   5.5847168e+01
   8.1605790e+06   6.1218262e+01
   8.1607660e+06   7.0373535e+01
   8.1614510e+06   5.0842285e+01
   8.1618410e+06   5.8593750e+01
   8.3007290e+06   3.4240723e+01
   8.3008040e+06   4.6020508e+01
   8.3009350e+06   4.9804688e+01
   8.3010570e+06   6.4697266e+01
   8.3011180e+06   4.7363281e+01
   8.3020750e+06   5.4077148e+01
   8.3717550e+06   3.3691406e+01
   8.3718970e+06   4.9682617e+01
   8.3719900e+06   6.0668945e+01
   8.3720570e+06   6.3537598e+01
   8.3722040e+06   5.2246094e+01
   8.3724960e+06   5.5053711e+01
   8.6031930e+06   7.1350098e+01
   8.6032580e+06   3.3081055e+01
   8.6033700e+06   5.9631348e+01
   8.6034850e+06   6.0607910e+01
   8.6039050e+06   4.6325684e+01
   8.6747540e+06   8.0200195e+01
   8.6748760e+06   5.2062988e+01
   8.6749870e+06   5.4687500e+01
   8.6750840e+06   5.3894043e+01
   8.6751780e+06   4.1320801e+01
   8.6754270e+06   5.4077148e+01
   8.7684690e+06   3.4851074e+01
   8.7685110e+06   5.6518555e+01
   8.7685670e+06   4.6997070e+01
   8.7686410e+06   5.0231934e+01
   8.7688040e+06   5.7861328e+01
   8.7689090e+06   4.4372559e+01
   8.7690180e+06   4.0039062e+01
   8.7691940e+06   4.0832520e+01
   8.7701460e+06   6.1035156e+01
   8.8501140e+06   7.3120117e+01
   8.8501940e+06   6.2805176e+01
   8.8502700e+06   6.0424805e+01
   8.8504230e+06   5.7800293e+01
   8.9192020e+06   5.5297852e+01
   8.9193040e+06   6.1889648e+01
   8.9194700e+06   5.9753418e+01
   8.9198150e+06   4.9072266e+01
   8.9200150e+06   5.6152344e+01
   8.9206240e+06   6.6101074e+01
   8.9929020e+06   7.1899414e+01
   8.9930280e+06   6.7138672e+01
   8.9930950e+06   5.9692383e+01
   8.9931660e+06   3.7841797e+01
   8.9933070e+06   4.4982910e+01
   8.9934690e+06   5.6030273e+01
   8.9942690e+06   5.1818848e+01
   9.0649040e+06   4.7668457e+01
   9.0649610e+06   5.7250977e+01
   9.0650860e+06   5.3466797e+01
   9.0652370e+06   6.2805176e+01
   9.0653450e+06   5.0537109e+01
   9.0654550e+06   5.6213379e+01
   9.0657640e+06   6.4575195e+01
   9.0667140e+06   6.3171387e+01
   9.1404990e+06   6.6406250e+01
   9.1406340e+06   5.0842285e+01
   9.1406900e+06   3.3447266e+01
   9.1407090e+06   6.0607910e+01
   9.1409840e+06   5.8715820e+01
   9.1410970e+06   6.0058594e+01
   9.1412110e+06   4.3945312e+01
   9.1413240e+06   3.8024902e+01
   9.1415350e+06   5.9326172e+01
   9.1954760e+06   3.4118652e+01
   9.1957750e+06   3.5461426e+01
   9.1958820e+06   5.7800293e+01
   9.1959790e+06   5.4077148e+01
   9.1960840e+06   5.3100586e+01
   9.1961840e+06   5.2673340e+01
   9.1962640e+06   4.7119141e+01
   9.1964210e+06   4.6630859e+01
   9.1965680e+06   5.5908203e+01
   9.1968910e+06   5.5847168e+01
   9.1972900e+06   5.4809570e+01
   9.2649300e+06   6.1523438e+01
   9.2650250e+06   5.7556152e+01
   9.2651620e+06   5.4748535e+01
   9.2652420e+06   4.4433594e+01
   9.2653710e+06   5.6640625e+01
   9.2655370e+06   3.4484863e+01
   9.2663190e+06   6.0119629e+01
   9.3024130e+06   6.8054199e+01
   9.3025010e+06   6.9030762e+01
   9.3026300e+06   5.1513672e+01
   9.3026940e+06   4.7180176e+01
   9.3028010e+06   4.9499512e+01
   9.3030450e+06   7.0678711e+01
   9.3031470e+06   4.1442871e+01
   9.3581690e+06   6.7260742e+01
   9.3582540e+06   5.2246094e+01
   9.3583180e+06   5.6152344e+01
   9.3584500e+06   6.3110352e+01
   9.3586210e+06   5.3710938e+01
   9.3588960e+06   5.6701660e+01
   9.3595450e+06   5.2001953e+01
   9.4157850e+06   7.1166992e+01
   9.4158500e+06   7.0617676e+01
   9.4159250e+06   6.5124512e+01
   9.4160160e+06   5.8471680e+01
   9.4161130e+06   4.2480469e+01
   9.4162960e+06   3.6254883e+01
   9.4167590e+06   4.2297363e+01
   9.4175270e+06   4.8706055e+01
   9.4551760e+06   5.4077148e+01
   9.4552530e+06   5.5236816e+01
   9.4553220e+06   4.6875000e+01
   9.4554520e+06   5.9997559e+01
   9.4556180e+06   5.2978516e+01
   9.4556930e+06   3.6376953e+01
   9.4559030e+06   4.8950195e+01
   9.4561000e+06   4.9072266e+01
   9.4565570e+06   5.2673340e+01
   9.4969090e+06   5.7556152e+01
   9.4969840e+06   5.9570312e+01
   9.4970560e+06   4.9255371e+01
   9.4971550e+06   5.8044434e+01
   9.4973110e+06   4.1320801e+01
   9.4973820e+06   3.5766602e+01
   9.4974870e+06   3.6315918e+01
   9.4976260e+06   3.9245605e+01
   9.4978780e+06   4.1687012e+01
   9.4979960e+06   3.5461426e+01
   9.5360950e+06   6.5490723e+01
   9.5361680e+06   7.8552246e+01
   9.5362890e+06   6.2377930e+01
   9.5364000e+06   5.3527832e+01
   9.5365190e+06   3.7170410e+01
   9.5366420e+06   4.1381836e+01
   9.5367480e+06   3.5766602e+01
   9.5372710e+06   5.2795410e+01
   9.5375210e+06   3.6376953e+01
   9.5377460e+06   3.9123535e+01
   9.5692380e+06   6.3232422e+01
   9.5693180e+06   6.7138672e+01
   9.5694550e+06   6.2011719e+01
   9.5695700e+06   4.8889160e+01
   9.5698870e+06   5.6457520e+01
   9.5701120e+06   3.9855957e+01
   9.5704860e+06   4.4433594e+01
   9.5706700e+06   5.2246094e+01
   9.5923230e+06   6.2744141e+01
   9.5924660e+06   5.8593750e+01
   9.5925410e+06   6.0974121e+01
   9.5926400e+06   5.2917480e+01
   9.5928590e+06   5.0415039e+01
   9.5930060e+06   5.7739258e+01
   9.5935930e+06   6.1218262e+01
   9.6183610e+06   6.8420410e+01
   9.6184340e+06   5.8044434e+01
   9.6185300e+06   5.3466797e+01
   9.6187010e+06   6.4208984e+01
   9.6188740e+06   5.5541992e+01
   9.6193680e+06   6.0852051e+01
   9.6413390e+06   3.6987305e+01
   9.6414040e+06   7.3364258e+01
   9.6414950e+06   5.6945801e+01
   9.6415800e+06   5.5236816e+01
   9.6416590e+06   4.8461914e+01
   9.6417560e+06   5.2124023e+01
   9.6418770e+06   4.7546387e+01
   9.6420020e+06   3.6682129e+01
   9.6421560e+06   4.3029785e+01
   9.6423180e+06   3.9306641e+01
   9.6642690e+06   6.3415527e+01
   9.6643680e+06   5.6152344e+01
   9.6645310e+06   5.1269531e+01
   9.6646090e+06   5.2490234e+01
   9.6646940e+06   4.2663574e+01
   9.6647830e+06   4.1625977e+01
   9.6648890e+06   3.9855957e+01
   9.6650640e+06   4.6936035e+01
   9.6653190e+06   5.0781250e+01
   9.6655920e+06   5.0170898e+01
   9.6854090e+06   4.5898438e+01
   9.6854960e+06   5.8959961e+01
   9.6855880e+06   5.7067871e+01
   9.6857330e+06   4.3457031e+01
   9.6858560e+06   4.1381836e+01
   9.6859600e+06   3.3630371e+01
   9.6861640e+06   3.3752441e+01
   9.6862910e+06   3.2714844e+01
   9.6866890e+06   4.4616699e+01
   9.7069230e+06   5.3283691e+01
   9.7070060e+06   5.3039551e+01
   9.7071370e+06   5.1879883e+01
   9.7072400e+06   4.3151855e+01
   9.7073780e+06   5.9631348e+01
   9.7075660e+06   5.4992676e+01
   9.7076430e+06   3.8085938e+01
   9.7078090e+06   3.5766602e+01
   9.7251400e+06   4.8400879e+01
   9.7253030e+06   6.5246582e+01
   9.7254570e+06   6.9030762e+01
   9.7255880e+06   5.9020996e+01
   9.7257640e+06   5.6152344e+01
   9.7259590e+06   4.3579102e+01
   9.7260660e+06   3.8085938e+01
   9.7264300e+06   5.7312012e+01
   9.7448010e+06   5.7067871e+01
   9.7450350e+06   5.9265137e+01
   9.7452220e+06   4.9865723e+01
   9.7453630e+06   5.7189941e+01
   9.7455790e+06   4.9194336e+01
   9.7456680e+06   4.0588379e+01
   9.7458190e+06   3.7658691e+01
   9.7460220e+06   4.1564941e+01
   9.7623250e+06   6.2866211e+01
   9.7626010e+06   4.8095703e+01
   9.7629330e+06   4.8828125e+01
   9.7631210e+06   6.4086914e+01
   9.7633640e+06   5.3222656e+01
   9.7833610e+06   6.4514160e+01
   9.7835180e+06   4.7973633e+01
   9.7836800e+06   5.7006836e+01
   9.7839010e+06   5.2856445e+01
   9.7840350e+06   4.6081543e+01
   9.7841620e+06   4.4738770e+01
   9.7843500e+06   3.6499023e+01
   9.7846250e+06   5.8532715e+01
   1.0503055e+07   6.5124512e+01
   1.0503137e+07   5.5603027e+01
   1.0503258e+07   5.5969238e+01
   1.0503355e+07   5.1757812e+01
   1.0503521e+07   5.4382324e+01
   1.0503593e+07   3.5217285e+01
   1.0503941e+07   5.7800293e+01
   1.0756294e+07   5.5541992e+01
   1.0756360e+07   6.7871094e+01
   1.0756442e+07   4.8339844e+01
   1.0756526e+07   4.4067383e+01
   1.0756619e+07   5.0476074e+01
   1.0756945e+07   5.7189941e+01
   1.0781423e+07   5.4443359e+01
   1.0781544e+07   6.7138672e+01
   1.0781683e+07   5.9875488e+01
   1.0781828e+07   5.8593750e+01
   1.0781928e+07   5.0842285e+01
   1.0783272e+07   5.0109863e+01
   1.0845033e+07   7.2753906e+01
   1.0845129e+07   6.2805176e+01
   1.0845198e+07   6.5368652e+01
   1.0845321e+07   4.2419434e+01
   1.0845422e+07   4.5104980e+01
   1.0845576e+07   4.2602539e+01
   1.0845658e+07   3.4423828e+01
   1.0878267e+07   6.9580078e+01
   1.0878328e+07   5.7434082e+01
   1.0878484e+07   6.1584473e+01
   1.0878571e+07   4.9377441e+01
   1.0878720e+07   4.8034668e+01
   1.0878837e+07   3.8818359e+01
   1.0878936e+07   4.3884277e+01
   1.0879235e+07   4.9072266e+01
   1.0879764e+07   5.3955078e+01
   1.0938277e+07   5.9082031e+01
   1.0938350e+07   5.2124023e+01
   1.0938437e+07   7.2326660e+01
   1.0938511e+07   5.6396484e+01
   1.0938604e+07   4.6997070e+01
   1.0938741e+07   5.3466797e+01
   1.0938849e+07   4.4860840e+01
   1.0938985e+07   4.6691895e+01
   1.0939289e+07   5.3894043e+01
   1.0939817e+07   5.0964355e+01
   1.1062322e+07   7.5195313e+01
   1.1062409e+07   6.9030762e+01
   1.1062471e+07   4.4189453e+01
   1.1062547e+07   5.6152344e+01
   1.1062610e+07   3.2775879e+01
   1.1062846e+07   3.7414551e+01
   1.1063515e+07   4.9499512e+01
   1.1106916e+07   3.4057617e+01
   1.1156180e+07   5.0537109e+01
   1.1156281e+07   5.3100586e+01
   1.1156353e+07   5.0659180e+01
   1.1156416e+07   4.2480469e+01
   1.1156488e+07   3.7536621e+01
   1.1156672e+07   4.5959473e+01
   1.1156994e+07   3.5644531e+01
   1.1217631e+07   7.0556641e+01
   1.1217691e+07   5.1818848e+01
   1.1217766e+07   4.9194336e+01
   1.1217864e+07   5.3222656e+01
   1.1217948e+07   4.3701172e+01
   1.1218052e+07   3.4729004e+01
   1.1218219e+07   5.3771973e+01
   1.1218436e+07   5.3833008e+01
   1.1218965e+07   5.3100586e+01
   1.1293821e+07   5.7250977e+01
   1.1293954e+07   6.0119629e+01
   1.1294066e+07   6.6101074e+01
   1.1294154e+07   5.8288574e+01
   1.1294255e+07   5.2429199e+01
   1.1294348e+07   3.2775879e+01
   1.1294438e+07   3.5339355e+01
   1.1294682e+07   5.0720215e+01
   1.1497388e+07   5.9143066e+01
   1.1497505e+07   5.9814453e+01
   1.1497590e+07   6.7993164e+01
   1.1497674e+07   4.4616699e+01
   1.1497776e+07   4.8583984e+01
   1.1497959e+07   5.1086426e+01
   1.1498347e+07   4.8706055e+01
   1.1498434e+07   3.5156250e+01
   1.1601277e+07   3.2592773e+01
   1.1601336e+07   5.9997559e+01
   1.1601410e+07   4.8461914e+01
   1.1601529e+07   5.0231934e+01
   1.1601583e+07   3.2958984e+01
   1.1602142e+07   3.6804199e+01
   1.1684873e+07   6.6711426e+01
   1.1684961e+07   7.3120117e+01
   1.1685049e+07   7.8308105e+01
   1.1685129e+07   4.5776367e+01
   1.1685194e+07   4.0344238e+01
   1.1685326e+07   3.5522461e+01
   1.1685962e+07   3.4484863e+01
   1.1787665e+07   5.8105469e+01
   1.1787731e+07   6.5795898e+01
   1.1787801e+07   5.2062988e+01
   1.1787940e+07   4.5227051e+01
   1.1789105e+07   5.0659180e+01
   1.1864994e+07   6.2194824e+01
   1.1865069e+07   6.4147949e+01
   1.1865140e+07   4.4250488e+01
   1.1865304e+07   6.7321777e+01
   1.1865414e+07   4.9438477e+01
   1.1865689e+07   5.5358887e+01
   1.1922280e+07   3.3874512e+01
   1.1922450e+07   5.9326172e+01
   1.1922568e+07   5.4199219e+01
   1.1922681e+07   6.0241699e+01
   1.1922754e+07   5.7006836e+01
   1.1922842e+07   4.2358398e+01
   1.1923251e+07   5.6091309e+01
   1.1923351e+07   4.0771484e+01
   1.1923885e+07   4.8278809e+01
   1.1979453e+07   6.7565918e+01
   1.1979525e+07   6.0913086e+01
   1.1979655e+07   6.1096191e+01
   1.1979758e+07   4.7546387e+01
   1.1979859e+07   4.4616699e+01
   1.1979960e+07   3.3203125e+01
   1.1980751e+07   6.2316895e+01
   1.1981300e+07   5.8776855e+01
