   1.1996000e+07   0.0000000e+00
   6.2385000e+04   2.9907227e+01
   6.3055000e+04   2.9541016e+01
   6.3322000e+04   3.1188965e+01
   6.3475000e+04   3.0761719e+01
   6.3904000e+04   2.9968262e+01
   1.3827000e+05   3.0090332e+01
   1.3838700e+05   3.3203125e+01
   1.4606700e+05   3.0212402e+01
   1.5720300e+05   3.2409668e+01
   1.5779200e+05   3.4790039e+01
   2.0137100e+05   3.0212402e+01
   2.0155900e+05   3.0273438e+01
   2.0192300e+05   3.1311035e+01
   2.0217300e+05   3.1555176e+01
   2.8719900e+05   3.0273438e+01
   2.8726200e+05   3.2958984e+01
   2.8743600e+05   3.1005859e+01
   2.8749300e+05   3.1799316e+01
   3.6474200e+05   2.9907227e+01
   3.6626800e+05   3.2287598e+01
   3.6634500e+05   3.3325195e+01
   3.6640400e+05   3.2043457e+01
   3.6649300e+05   3.3813477e+01
   3.6671900e+05   3.5095215e+01
   4.7419700e+05   3.0029297e+01
   5.0557200e+05   3.3325195e+01
   5.0732500e+05   3.0090332e+01
   5.0774800e+05   3.1250000e+01
   5.0781700e+05   3.1005859e+01
   5.8249200e+05   3.0395508e+01
   5.8251200e+05   3.3935547e+01
   5.8253200e+05   3.1677246e+01
   5.8272200e+05   3.0883789e+01
   5.8280900e+05   3.4057617e+01
   6.0063200e+05   3.0761719e+01
   6.4452200e+05   3.0090332e+01
   6.4478300e+05   3.8757324e+01
   6.4492600e+05   3.1372070e+01
   6.4494600e+05   3.4729004e+01
   6.4523700e+05   3.1250000e+01
   6.4540300e+05   3.8269043e+01
   6.4556800e+05   2.9785156e+01
   6.4581300e+05   3.1860352e+01
   6.4597000e+05   3.0212402e+01
   6.8215300e+05   3.1066895e+01
   7.2671200e+05   2.9602051e+01
   7.8037400e+05   3.1127930e+01
   7.8041600e+05   2.9846191e+01
   7.8043900e+05   3.4973145e+01
   7.8078000e+05   2.9846191e+01
   7.8087100e+05   3.0151367e+01
   7.8098700e+05   3.4729004e+01
   7.8105200e+05   3.1127930e+01
   8.2841700e+05   3.0273438e+01
   8.2871700e+05   3.0883789e+01
   8.4181000e+05   3.0761719e+01
   8.4300600e+05   3.2897949e+01
   8.4305200e+05   3.3691406e+01
   8.9585300e+05   2.9602051e+01
   8.9752600e+05   3.0029297e+01
   9.0634500e+05   3.3386230e+01
   9.4181100e+05   3.3874512e+01
   9.4345000e+05   3.3081055e+01
   9.9256500e+05   3.2165527e+01
   9.9284000e+05   3.1738281e+01
   9.9429700e+05   3.3569336e+01
   1.0252330e+06   2.9785156e+01
   1.0263740e+06   3.2958984e+01
   1.1054920e+06   2.9785156e+01
   1.1478180e+06   3.0883789e+01
   1.1488720e+06   3.0456543e+01
   1.1491430e+06   3.0395508e+01
   1.2149470e+06   3.0395508e+01
   1.2153850e+06   3.0761719e+01
   1.2410980e+06   3.1555176e+01
   1.2603650e+06   3.0212402e+01
   1.2605830e+06   3.3874512e+01
   1.2611030e+06   3.0944824e+01
   1.2613030e+06   3.0883789e+01
   1.2614300e+06   3.0212402e+01
   1.2906400e+06   3.0517578e+01
   1.2909950e+06   3.4362793e+01
   1.3233270e+06   3.1677246e+01
   1.3233920e+06   3.0883789e+01
   1.3235870e+06   3.0761719e+01
   1.3236690e+06   3.3813477e+01
   1.3587730e+06   3.0761719e+01
   1.3596390e+06   3.2592773e+01
   1.3602170e+06   3.6987305e+01
   1.3909910e+06   3.0639648e+01
   1.4278210e+06   3.1677246e+01
   1.4292110e+06   3.1433105e+01
   1.4668380e+06   3.0090332e+01
   1.4669390e+06   3.3325195e+01
   1.4675280e+06   3.0090332e+01
   1.4960260e+06   3.0090332e+01
   1.5243860e+06   3.0883789e+01
   1.5246860e+06   3.3569336e+01
   1.5882370e+06   3.0334473e+01
   1.6417860e+06   3.1738281e+01
   1.6655090e+06   2.9602051e+01
   1.6661630e+06   3.1860352e+01
   1.6663300e+06   3.0639648e+01
   1.7023440e+06   3.0029297e+01
   1.8162300e+06   3.1494141e+01
   1.8383590e+06   2.9785156e+01
   1.8385250e+06   2.9968262e+01
   1.8393960e+06   3.0883789e+01
   1.8683790e+06   3.0334473e+01
   1.9331110e+06   3.2226562e+01
   1.9337520e+06   3.2531738e+01
   1.9542330e+06   3.5766602e+01
   1.9552660e+06   3.0029297e+01
   2.0138540e+06   3.0334473e+01
   2.0358080e+06   2.9541016e+01
   2.0372090e+06   3.1494141e+01
   2.1435620e+06   3.0517578e+01
   2.2257270e+06   2.9785156e+01
   2.2743580e+06   3.7170410e+01
   2.3132040e+06   3.2775879e+01
   2.4700800e+06   3.4179688e+01
   2.4713520e+06   3.1555176e+01
   2.5030260e+06   3.0273438e+01
   2.5380740e+06   3.0944824e+01
   2.5385230e+06   3.5278320e+01
   2.5385460e+06   3.0883789e+01
   2.5386900e+06   3.3874512e+01
   2.5387700e+06   3.2958984e+01
   2.6018480e+06   3.1433105e+01
   2.6575510e+06   3.0578613e+01
   2.7737980e+06   3.2592773e+01
   2.8284390e+06   3.2287598e+01
   2.9235860e+06   3.1066895e+01
   2.9238620e+06   3.2775879e+01
   2.9607300e+06   3.1127930e+01
   3.0253390e+06   3.1860352e+01
   3.0253600e+06   3.1372070e+01
   3.0256200e+06   3.5949707e+01
   3.1776630e+06   3.0883789e+01
   3.2405700e+06   3.1799316e+01
   3.2406080e+06   3.2531738e+01
   3.2406720e+06   3.2958984e+01
   3.2407260e+06   3.0090332e+01
   3.2407530e+06   3.1738281e+01
   3.2408090e+06   3.1066895e+01
   3.2783600e+06   3.0517578e+01
   3.3156870e+06   3.0456543e+01
   3.3649090e+06   3.1127930e+01
   3.3909320e+06   2.9968262e+01
   3.3909790e+06   3.0029297e+01
   3.4121720e+06   3.6010742e+01
   3.4122080e+06   3.0578613e+01
   3.4122510e+06   4.0588379e+01
   3.4458620e+06   3.0212402e+01
   3.4460640e+06   2.9724121e+01
   3.4462270e+06   3.5888672e+01
   3.4674740e+06   3.0700684e+01
   3.5115080e+06   3.0151367e+01
   3.5115670e+06   3.5400391e+01
   3.5116110e+06   3.0334473e+01
   3.5116720e+06   3.3508301e+01
   3.5117350e+06   3.0334473e+01
   3.5740240e+06   3.5461426e+01
   3.5741260e+06   4.0344238e+01
   3.5742230e+06   3.3386230e+01
   3.6493820e+06   3.1555176e+01
   4.0688570e+06   3.3325195e+01
   4.2189500e+06   3.5095215e+01
   4.2312020e+06   3.3020020e+01
   4.3280710e+06   3.1311035e+01
   4.3280890e+06   3.2043457e+01
   4.3283000e+06   3.0578613e+01
   4.3614900e+06   3.8024902e+01
   4.3754450e+06   3.1005859e+01
   4.3754860e+06   3.9367676e+01
   4.4771430e+06   3.0822754e+01
   4.4771590e+06   3.2165527e+01
   4.4772630e+06   2.9907227e+01
   4.4773430e+06   3.0151367e+01
   4.5515570e+06   2.9785156e+01
   4.5926160e+06   3.1677246e+01
   4.6503730e+06   3.3691406e+01
   4.6504080e+06   3.8269043e+01
   4.6504590e+06   3.0029297e+01
   4.6505610e+06   3.1860352e+01
   4.6506190e+06   3.4973145e+01
   4.6938510e+06   3.1311035e+01
   4.6941790e+06   3.2043457e+01
   4.6950580e+06   2.9785156e+01
   4.7296420e+06   3.2104492e+01
   4.7297910e+06   3.6315918e+01
   4.7482720e+06   2.9724121e+01
   4.7850980e+06   3.5461426e+01
   4.7853030e+06   3.1921387e+01
   4.8173790e+06   3.4057617e+01
   4.8188090e+06   3.0334473e+01
   4.8235970e+06   3.2470703e+01
   4.8237590e+06   2.9907227e+01
   4.8239840e+06   3.2348633e+01
   4.8602680e+06   3.0151367e+01
   4.9052140e+06   3.1188965e+01
   4.9062590e+06   3.7536621e+01
   4.9063160e+06   3.0761719e+01
   4.9065950e+06   3.5400391e+01
   4.9507020e+06   3.0883789e+01
   4.9601460e+06   3.2165527e+01
   4.9605240e+06   2.9968262e+01
   5.0026420e+06   3.0822754e+01
   5.0035360e+06   2.9968262e+01
   5.0040230e+06   3.1127930e+01
   5.0258810e+06   3.0578613e+01
   5.0434420e+06   3.1860352e+01
   5.0438860e+06   3.0578613e+01
   5.0839760e+06   3.2775879e+01
   5.1042230e+06   2.9785156e+01
   5.1105620e+06   3.1127930e+01
   5.1112170e+06   2.9846191e+01
   5.1400010e+06   2.9907227e+01
   5.2550270e+06   3.5705566e+01
   5.2769790e+06   3.0517578e+01
   5.3371590e+06   2.9846191e+01
   5.3387740e+06   2.9846191e+01
   5.3750380e+06   3.2043457e+01
   5.3753570e+06   3.1372070e+01
   5.3797780e+06   3.3691406e+01
   5.3798390e+06   3.0273438e+01
   5.3994270e+06   3.0578613e+01
   5.4015130e+06   3.1433105e+01
   5.4471380e+06   3.0273438e+01
   5.4471750e+06   3.1982422e+01
   5.4475400e+06   3.0761719e+01
   5.4480270e+06   3.0395508e+01
   5.4661080e+06   3.2897949e+01
   5.4872400e+06   2.9907227e+01
   5.4897700e+06   3.0029297e+01
   5.5705660e+06   3.0029297e+01
   5.5709380e+06   3.0212402e+01
   5.6044570e+06   3.0212402e+01
   5.6315610e+06   3.1250000e+01
   5.6589490e+06   3.0517578e+01
   5.7057280e+06   3.8818359e+01
   5.7561720e+06   3.2043457e+01
   5.7715350e+06   2.9724121e+01
   5.8264070e+06   3.1799316e+01
   5.8761110e+06   2.9785156e+01
   5.8932310e+06   3.1860352e+01
   5.9097690e+06   3.6621094e+01
   5.9853730e+06   3.1433105e+01
   5.9856170e+06   3.2409668e+01
   6.0333640e+06   3.1738281e+01
   6.2443620e+06   3.0273438e+01
   6.2443850e+06   3.0212402e+01
   6.2444220e+06   3.4484863e+01
   6.2444420e+06   3.0395508e+01
   6.2446040e+06   3.4484863e+01
   6.2447250e+06   3.0090332e+01
   6.3144690e+06   3.7475586e+01
   6.4297700e+06   3.0090332e+01
   6.4558370e+06   4.0710449e+01
   6.4559520e+06   3.0761719e+01
   6.4559800e+06   3.2409668e+01
   6.4908050e+06   3.0090332e+01
   6.4909100e+06   3.4973145e+01
   6.4909480e+06   3.4362793e+01
   6.5719450e+06   3.1494141e+01
   6.6154050e+06   3.0456543e+01
   6.7193730e+06   3.2775879e+01
   6.7194560e+06   3.6499023e+01
   6.7699880e+06   3.6132812e+01
   6.7701240e+06   3.4057617e+01
   6.8247830e+06   4.2602539e+01
   6.8248080e+06   3.1799316e+01
   6.8708220e+06   3.3752441e+01
   6.8708560e+06   3.5278320e+01
   6.8715710e+06   3.0029297e+01
   6.9138580e+06   3.1799316e+01
   6.9269960e+06   3.1311035e+01
   6.9279350e+06   3.3264160e+01
   6.9281310e+06   3.1555176e+01
   6.9735850e+06   3.0700684e+01
   6.9736060e+06   3.0944824e+01
   6.9737290e+06   3.4484863e+01
   6.9737580e+06   3.5766602e+01
   6.9741780e+06   3.0883789e+01
   7.0122590e+06   3.1005859e+01
   7.0128770e+06   3.0639648e+01
   7.0132080e+06   3.0822754e+01
   7.0486060e+06   3.0761719e+01
   7.1054170e+06   3.4912109e+01
   7.1056710e+06   3.0151367e+01
   7.1061660e+06   3.1799316e+01
   7.1809510e+06   3.0883789e+01
   7.2223420e+06   3.0700684e+01
   7.2223650e+06   3.0090332e+01
   7.2962410e+06   3.0456543e+01
   7.3317280e+06   3.8574219e+01
   7.3319150e+06   3.9855957e+01
   7.3653450e+06   3.2470703e+01
   7.4144100e+06   3.0395508e+01
   7.4154530e+06   3.4362793e+01
   7.4164850e+06   3.6682129e+01
   7.4166840e+06   3.2104492e+01
   7.4582120e+06   3.2165527e+01
   7.4595760e+06   3.2043457e+01
   7.4828320e+06   3.0456543e+01
   7.5266350e+06   3.2958984e+01
   7.5268070e+06   3.1311035e+01
   7.5269040e+06   3.1188965e+01
   7.5680420e+06   3.1494141e+01
   7.5716530e+06   3.2226562e+01
   7.5719200e+06   3.6071777e+01
   7.6375960e+06   3.7414551e+01
   7.6376450e+06   3.1066895e+01
   7.6377090e+06   3.2470703e+01
   7.6377900e+06   3.3264160e+01
   7.6379130e+06   3.0334473e+01
   7.6587430e+06   3.1066895e+01
   7.6999500e+06   3.0822754e+01
   7.7001030e+06   3.2775879e+01
   7.7583210e+06   3.0395508e+01
   7.7785970e+06   3.1188965e+01
   7.8159390e+06   3.0883789e+01
   8.0834890e+06   3.1250000e+01
   8.1576670e+06   3.1188965e+01
   8.3002090e+06   3.6315918e+01
   8.3007240e+06   3.0517578e+01
   8.3010010e+06   3.1127930e+01
   8.3715900e+06   3.0761719e+01
   8.3716300e+06   3.6254883e+01
   8.3717110e+06   3.1616211e+01
   8.3723710e+06   3.0090332e+01
   8.5379440e+06   3.1372070e+01
   8.5754380e+06   3.4484863e+01
   8.6032010e+06   4.2053223e+01
   8.6748600e+06   3.0639648e+01
   8.8492320e+06   3.0273438e+01
   8.8494080e+06   3.1616211e+01
   8.8496590e+06   3.7780762e+01
   8.8497410e+06   3.3325195e+01
   8.8499340e+06   3.1555176e+01
   8.8502460e+06   3.1494141e+01
   8.9183870e+06   3.0578613e+01
   8.9186770e+06   3.6193848e+01
   8.9186920e+06   3.6682129e+01
   8.9187800e+06   3.7292480e+01
   8.9189200e+06   3.2653809e+01
   8.9189510e+06   3.5217285e+01
   8.9713020e+06   3.1555176e+01
   8.9921350e+06   3.1188965e+01
   8.9922030e+06   3.3691406e+01
   8.9928980e+06   3.3447266e+01
   9.0643230e+06   3.1250000e+01
   9.0643490e+06   3.1188965e+01
   9.0645430e+06   2.9785156e+01
   9.0646690e+06   3.7902832e+01
   9.0939430e+06   2.9785156e+01
   9.1232140e+06   3.1127930e+01
   9.1951760e+06   3.1127930e+01
   9.1952620e+06   3.4301758e+01
   9.1954110e+06   3.1005859e+01
   9.1955850e+06   3.0456543e+01
   9.1961440e+06   3.0578613e+01
   9.2644600e+06   3.4240723e+01
   9.2647790e+06   3.2470703e+01
   9.3016110e+06   3.3691406e+01
   9.3026340e+06   3.2104492e+01
   9.3578840e+06   3.1127930e+01
   9.4156890e+06   3.3386230e+01
   9.4157320e+06   3.1494141e+01
   9.4161180e+06   3.1433105e+01
   9.4544910e+06   3.3020020e+01
   9.5679600e+06   3.4545898e+01
   9.5693550e+06   3.1433105e+01
   9.6834760e+06   3.0456543e+01
   9.7049440e+06   2.9846191e+01
   9.7427840e+06   3.0578613e+01
   9.8736440e+06   3.5827637e+01
   9.8873150e+06   3.5888672e+01
   9.9056710e+06   3.0273438e+01
   1.0265423e+07   2.9968262e+01
   1.0334759e+07   3.0761719e+01
   1.0449250e+07   3.0944824e+01
   1.0503006e+07   3.0334473e+01
   1.0503226e+07   3.1005859e+01
   1.0755859e+07   3.4545898e+01
   1.0781578e+07   2.9846191e+01
   1.0781636e+07   3.3691406e+01
   1.0781692e+07   3.0395508e+01
   1.0781804e+07   3.1677246e+01
   1.0845209e+07   3.3325195e+01
   1.0878130e+07   3.7231445e+01
   1.0878158e+07   3.1066895e+01
   1.0878241e+07   3.1921387e+01
   1.0878372e+07   3.4545898e+01
   1.0878425e+07   3.1555176e+01
   1.0878484e+07   3.0212402e+01
   1.0938398e+07   3.1616211e+01
   1.1062311e+07   3.0517578e+01
   1.1062416e+07   3.2226562e+01
   1.1062624e+07   3.0151367e+01
   1.1156093e+07   3.0273438e+01
   1.1217160e+07   3.0029297e+01
   1.1217283e+07   2.9724121e+01
   1.1217318e+07   3.1250000e+01
   1.1293572e+07   3.0761719e+01
   1.1293601e+07   3.2531738e+01
   1.1293625e+07   3.2531738e+01
   1.1293668e+07   2.9724121e+01
   1.1389317e+07   3.1311035e+01
   1.1402961e+07   3.2104492e+01
   1.1495781e+07   2.9968262e+01
   1.1496999e+07   2.9785156e+01
   1.1550069e+07   3.0212402e+01
   1.1601158e+07   3.4118652e+01
   1.1601285e+07   3.0212402e+01
   1.1601295e+07   3.6682129e+01
   1.1601804e+07   3.0639648e+01
   1.1684771e+07   3.0151367e+01
   1.1684943e+07   3.1433105e+01
   1.1787573e+07   3.3752441e+01
   1.1787604e+07   3.3203125e+01
   1.1787628e+07   3.3325195e+01
   1.1787786e+07   3.0090332e+01
   1.1843218e+07   3.2470703e+01
   1.1864731e+07   3.2592773e+01
   1.1922255e+07   3.0151367e+01
   1.1922352e+07   2.9724121e+01
   1.1978627e+07   3.2287598e+01
   1.1979018e+07   3.0761719e+01
   1.1979138e+07   3.0822754e+01
   1.1979184e+07   3.3996582e+01
   1.1979312e+07   3.0273438e+01
   1.1987363e+07   3.0395508e+01
