   1.1996000e+07   0.0000000e+00
   6.3389000e+04   3.4851074e+01
   1.3884800e+05   3.5705566e+01
   1.7846700e+05   3.2470703e+01
   2.0181000e+05   3.4729004e+01
   5.0771000e+05   3.3020020e+01
   5.0779000e+05   3.2836914e+01
   5.0794200e+05   3.2409668e+01
   5.8298200e+05   3.1555176e+01
   6.4553700e+05   3.6132812e+01
   6.4565000e+05   3.2470703e+01
   6.4583600e+05   3.2226562e+01
   7.8076200e+05   3.4790039e+01
   7.8092000e+05   3.6865234e+01
   7.9709800e+05   3.1616211e+01
   8.4268500e+05   3.8940430e+01
   8.9692900e+05   3.1799316e+01
   8.9722900e+05   3.3325195e+01
   9.4296300e+05   3.3447266e+01
   9.4307500e+05   3.7109375e+01
   9.9415100e+05   3.3325195e+01
   1.0260640e+06   3.1677246e+01
   1.0271710e+06   3.8208008e+01
   1.1489910e+06   3.2226562e+01
   1.1491350e+06   3.2592773e+01
   1.1713800e+06   3.3264160e+01
   1.1720250e+06   3.1555176e+01
   1.1720880e+06   3.2531738e+01
   1.2152350e+06   3.2714844e+01
   1.2605990e+06   3.2043457e+01
   1.2916940e+06   3.1555176e+01
   1.2920360e+06   3.1921387e+01
   1.3592900e+06   3.2470703e+01
   1.3602250e+06   3.4057617e+01
   1.3925260e+06   3.4118652e+01
   1.4290670e+06   3.9245605e+01
   1.4680140e+06   3.4912109e+01
   1.4682420e+06   3.6193848e+01
   1.5248890e+06   3.8879395e+01
   1.7365140e+06   3.1982422e+01
   1.8692790e+06   3.1494141e+01
   1.8700220e+06   3.3264160e+01
   1.8700680e+06   3.2775879e+01
   1.8702040e+06   3.1555176e+01
   1.9343140e+06   3.1799316e+01
   2.3557620e+06   3.1372070e+01
   2.5386860e+06   3.3691406e+01
   2.5705480e+06   3.2592773e+01
   2.7985150e+06   3.3020020e+01
   2.8164900e+06   3.1372070e+01
   3.0256140e+06   3.7963867e+01
   3.0257510e+06   4.0527344e+01
   3.3157270e+06   3.4423828e+01
   3.3648570e+06   3.1616211e+01
   3.3649040e+06   3.2226562e+01
   3.4112420e+06   3.3691406e+01
   3.4121450e+06   3.2470703e+01
   3.4463370e+06   3.4912109e+01
   3.5115290e+06   3.2470703e+01
   3.5115670e+06   3.2287598e+01
   3.5117290e+06   3.2104492e+01
   3.5740950e+06   3.5217285e+01
   4.3756890e+06   3.2836914e+01
   4.3768570e+06   3.1555176e+01
   4.4772720e+06   3.3996582e+01
   4.5926090e+06   3.5095215e+01
   4.5926450e+06   3.8513184e+01
   4.5928020e+06   3.3020020e+01
   4.6939650e+06   3.1982422e+01
   4.7294910e+06   3.7170410e+01
   4.7295690e+06   3.4790039e+01
   4.8613030e+06   3.2714844e+01
   4.9065140e+06   3.6254883e+01
   4.9066690e+06   3.1982422e+01
   4.9597600e+06   3.3508301e+01
   4.9601450e+06   3.3020020e+01
   5.0030150e+06   3.1921387e+01
   5.0030870e+06   3.2165527e+01
   5.0033670e+06   3.2287598e+01
   5.0281390e+06   3.2287598e+01
   5.0444210e+06   3.3447266e+01
   5.0837000e+06   3.2653809e+01
   5.0844190e+06   3.3630371e+01
   5.1109310e+06   4.0832520e+01
   5.1599340e+06   3.4729004e+01
   5.2772280e+06   3.1921387e+01
   5.3793250e+06   3.3325195e+01
   5.4010180e+06   3.1799316e+01
   5.4252960e+06   3.4362793e+01
   5.6606180e+06   3.2836914e+01
   5.6608910e+06   3.2287598e+01
   5.7574020e+06   3.1921387e+01
   5.7932540e+06   3.4240723e+01
   5.8592960e+06   3.3508301e+01
   5.8776620e+06   3.3813477e+01
   6.1864200e+06   3.1555176e+01
   6.2442870e+06   3.2165527e+01
   6.2444610e+06   3.6987305e+01
   6.3144390e+06   3.4179688e+01
   6.4557800e+06   3.4240723e+01
   6.4910110e+06   3.3142090e+01
   6.4911240e+06   3.7658691e+01
   6.6156240e+06   3.6132812e+01
   6.6156890e+06   3.2531738e+01
   6.7195200e+06   3.6804199e+01
   6.7196360e+06   3.5217285e+01
   6.7198030e+06   3.2165527e+01
   6.7699160e+06   3.2104492e+01
   6.7699890e+06   3.9367676e+01
   6.7701310e+06   3.2653809e+01
   6.8246990e+06   3.2165527e+01
   6.8247810e+06   3.3813477e+01
   6.9558900e+06   3.1372070e+01
   6.9735780e+06   3.5583496e+01
   7.1054100e+06   3.3874512e+01
   7.1055070e+06   3.3691406e+01
   7.1289670e+06   4.0710449e+01
   7.1807940e+06   3.3569336e+01
   7.2223080e+06   3.3752441e+01
   7.3318020e+06   3.6010742e+01
   7.3318790e+06   4.2297363e+01
   7.3676350e+06   3.5583496e+01
   7.4162780e+06   3.1372070e+01
   7.4596750e+06   3.1250000e+01
   7.4597460e+06   4.2846680e+01
   7.4598050e+06   3.1799316e+01
   7.4861460e+06   3.1677246e+01
   7.5267880e+06   3.6987305e+01
   7.5270130e+06   3.1677246e+01
   7.5718770e+06   3.2592773e+01
   7.6114640e+06   3.2470703e+01
   7.6375700e+06   3.1555176e+01
   7.6376370e+06   3.6193848e+01
   7.6377330e+06   3.2775879e+01
   7.6385080e+06   3.3325195e+01
   7.6586210e+06   3.2897949e+01
   7.7236210e+06   3.1677246e+01
   7.9916410e+06   3.4973145e+01
   8.1605370e+06   3.3447266e+01
   8.2674240e+06   3.8940430e+01
   8.3007020e+06   4.0344238e+01
   8.3716370e+06   3.3020020e+01
   8.3717040e+06   3.6987305e+01
   8.5537980e+06   3.1372070e+01
   8.6031840e+06   3.1799316e+01
   8.6745860e+06   3.3508301e+01
   8.6746730e+06   3.5217285e+01
   8.7683250e+06   3.1799316e+01
   8.7684060e+06   3.4118652e+01
   8.9927350e+06   3.3325195e+01
   8.9929070e+06   3.4118652e+01
   9.0647530e+06   3.6865234e+01
   9.1331620e+06   3.1677246e+01
   9.1404770e+06   3.4179688e+01
   9.1956760e+06   3.3447266e+01
   9.1958030e+06   3.1738281e+01
   9.2647940e+06   3.1616211e+01
   9.2648530e+06   3.3691406e+01
   9.3022370e+06   3.3203125e+01
   9.3023450e+06   3.8024902e+01
   9.3023970e+06   3.2653809e+01
   9.3580740e+06   3.3264160e+01
   9.4156580e+06   3.1799316e+01
   9.4550660e+06   3.8452148e+01
   9.4551770e+06   3.3813477e+01
   9.4962390e+06   3.2470703e+01
   9.4967700e+06   3.4423828e+01
   9.5360400e+06   3.4729004e+01
   9.5691400e+06   3.9489746e+01
   9.6640710e+06   3.2775879e+01
   9.6650010e+06   3.2226562e+01
   9.6853110e+06   3.2287598e+01
   9.7067900e+06   3.6437988e+01
   9.7247200e+06   3.4606934e+01
   9.7252210e+06   3.2348633e+01
   1.0502776e+07   3.4484863e+01
   1.0502919e+07   3.3203125e+01
   1.0502984e+07   3.1982422e+01
   1.0756012e+07   3.4423828e+01
   1.0781398e+07   3.5095215e+01
   1.0781440e+07   3.2287598e+01
   1.0845098e+07   3.2592773e+01
   1.0878254e+07   3.1616211e+01
   1.0878307e+07   3.5156250e+01
   1.0932705e+07   3.3386230e+01
   1.0938281e+07   3.1921387e+01
   1.1154972e+07   3.2409668e+01
   1.1217527e+07   3.1738281e+01
   1.1217710e+07   3.2165527e+01
   1.1293550e+07   3.2775879e+01
   1.1497269e+07   3.3935547e+01
   1.1568826e+07   3.2104492e+01
   1.1601192e+07   3.3264160e+01
   1.1787514e+07   4.1198730e+01
   1.1864734e+07   3.3447266e+01
   1.1864947e+07   3.2104492e+01
   1.1922046e+07   3.3996582e+01
   1.1922327e+07   3.3691406e+01
   1.1979345e+07   3.7231445e+01
   1.1980929e+07   3.2409668e+01
