   1.1996000e+07   0.0000000e+00
   3.0696000e+04   2.9296875e+01
   5.9895000e+04   2.9174805e+01
   1.5371500e+05   3.2653809e+01
   1.8258600e+05   2.7893066e+01
   3.4956500e+05   3.1372070e+01
   4.7239400e+05   2.7954102e+01
   4.8376000e+05   2.8869629e+01
   7.1026100e+05   2.8259277e+01
   7.2718600e+05   2.7648926e+01
   7.6966600e+05   2.8991699e+01
   8.0445200e+05   3.3691406e+01
   9.0881400e+05   2.7893066e+01
   9.1838900e+05   2.8442383e+01
   9.6871800e+05   2.8015137e+01
   9.9437200e+05   2.8808594e+01
   1.0490360e+06   3.1005859e+01
   1.1268240e+06   2.9052734e+01
   1.1427810e+06   3.1982422e+01
   1.1895620e+06   3.0273438e+01
   1.2145350e+06   2.9602051e+01
   1.2149870e+06   2.9113770e+01
   1.2869130e+06   3.0273438e+01
   1.2869800e+06   3.0029297e+01
   1.3289500e+06   3.0639648e+01
   1.3336100e+06   2.7709961e+01
   1.3555180e+06   3.0212402e+01
   1.4472070e+06   3.0151367e+01
   1.5014840e+06   2.7770996e+01
   1.5095520e+06   2.8381348e+01
   1.5194090e+06   2.8442383e+01
   1.5820950e+06   2.7709961e+01
   1.6400540e+06   2.7893066e+01
   1.7093660e+06   2.7648926e+01
   1.7793630e+06   3.0334473e+01
   1.8276700e+06   2.9724121e+01
   1.8507860e+06   2.7648926e+01
   1.9306110e+06   2.8686523e+01
   2.0310660e+06   2.8137207e+01
   2.1158670e+06   2.8015137e+01
   2.1707990e+06   2.8076172e+01
   2.1930280e+06   2.8259277e+01
   2.1959570e+06   3.2226562e+01
   2.2327860e+06   2.9296875e+01
   2.2416920e+06   3.1677246e+01
   2.2507810e+06   3.1494141e+01
   2.3532830e+06   2.7770996e+01
   2.3931910e+06   3.0456543e+01
   2.4971050e+06   2.8625488e+01
   2.5307290e+06   2.9724121e+01
   2.5823620e+06   2.7893066e+01
   2.6638530e+06   2.7648926e+01
   2.6800380e+06   2.7954102e+01
   2.6896590e+06   2.8991699e+01
   2.7186650e+06   2.8198242e+01
   2.7308870e+06   2.8564453e+01
   2.7850270e+06   2.8137207e+01
   2.7966710e+06   3.0517578e+01
   2.8344530e+06   2.9479980e+01
   2.8440330e+06   2.8442383e+01
   2.9178780e+06   2.9296875e+01
   2.9755810e+06   2.7770996e+01
   3.1315230e+06   2.8930664e+01
   3.2182970e+06   3.2287598e+01
   3.2595520e+06   3.1860352e+01
   3.2606700e+06   2.8381348e+01
   3.2805200e+06   3.2775879e+01
   3.3814360e+06   2.8015137e+01
   3.3923430e+06   2.8625488e+01
   3.4440500e+06   2.8137207e+01
   3.4921250e+06   3.0578613e+01
   3.5807420e+06   2.7893066e+01
   3.5941720e+06   3.0639648e+01
   3.6006120e+06   3.0151367e+01
   3.6053980e+06   2.9479980e+01
   3.6186400e+06   2.7893066e+01
   3.6525660e+06   2.9174805e+01
   3.6675320e+06   2.9479980e+01
   3.6752070e+06   2.9663086e+01
   3.7218010e+06   2.8381348e+01
   3.7420330e+06   2.9296875e+01
   3.7861690e+06   2.8137207e+01
   3.7941940e+06   2.7893066e+01
   3.8613860e+06   2.7770996e+01
   3.8798160e+06   2.8625488e+01
   3.8861750e+06   2.9602051e+01
   3.9160010e+06   2.9479980e+01
   3.9200300e+06   3.2470703e+01
   3.9322700e+06   2.8320312e+01
   3.9597630e+06   2.8869629e+01
   3.9623230e+06   3.0151367e+01
   3.9974640e+06   3.1433105e+01
   4.0065130e+06   2.8198242e+01
   4.0116570e+06   3.5095215e+01
   4.0560970e+06   2.9479980e+01
   4.0566020e+06   2.8686523e+01
   4.0593920e+06   3.0700684e+01
   4.0691510e+06   2.9602051e+01
   4.0851160e+06   2.8015137e+01
   4.0999160e+06   2.7770996e+01
   4.1041220e+06   2.8259277e+01
   4.1530120e+06   2.9296875e+01
   4.1532330e+06   2.9663086e+01
   4.1534720e+06   2.8381348e+01
   4.2538480e+06   2.9663086e+01
   4.2539690e+06   2.9113770e+01
   4.2543240e+06   2.8747559e+01
   4.2552470e+06   2.7893066e+01
   4.2929320e+06   2.9968262e+01
   4.3399040e+06   2.7954102e+01
   4.4684920e+06   2.9296875e+01
   4.4759280e+06   2.8930664e+01
   4.4955120e+06   2.7954102e+01
   4.5081680e+06   2.8503418e+01
   4.5623220e+06   2.8015137e+01
   4.6420710e+06   2.8747559e+01
   4.6541210e+06   2.9785156e+01
   4.6614940e+06   2.9418945e+01
   4.7174770e+06   2.9174805e+01
   4.7438040e+06   3.0944824e+01
   4.7806400e+06   2.8137207e+01
   4.9013150e+06   2.8625488e+01
   4.9688230e+06   2.8259277e+01
   4.9844060e+06   2.7770996e+01
   5.0394580e+06   2.8686523e+01
   5.0606850e+06   2.8198242e+01
   5.0697600e+06   3.2104492e+01
   5.1188240e+06   2.8320313e+01
   5.1400850e+06   3.1921387e+01
   5.1756960e+06   3.6987305e+01
   5.1782510e+06   2.8259277e+01
   5.2310270e+06   3.4729004e+01
   5.2939480e+06   2.8625488e+01
   5.3006250e+06   2.7954102e+01
   5.3676870e+06   3.0090332e+01
   5.4304530e+06   2.7770996e+01
   5.4579800e+06   2.9907227e+01
   5.5903720e+06   2.9968262e+01
   5.6010280e+06   2.8808594e+01
   5.6244110e+06   3.3264160e+01
   5.6857440e+06   2.8564453e+01
   5.7548130e+06   3.0151367e+01
   5.7894370e+06   2.8747559e+01
   5.8280370e+06   2.8991699e+01
   5.8767070e+06   2.8137207e+01
   5.8856850e+06   2.8381348e+01
   5.8929750e+06   3.2531738e+01
   5.8983940e+06   2.9296875e+01
   6.0036720e+06   2.8625488e+01
   6.0683170e+06   2.8259277e+01
   6.1026350e+06   2.9418945e+01
   6.1137200e+06   2.8442383e+01
   6.1410770e+06   3.0517578e+01
   6.2293670e+06   2.8564453e+01
   6.2416420e+06   2.8869629e+01
   6.2692960e+06   2.8564453e+01
   6.3187840e+06   2.8198242e+01
   6.4214720e+06   3.8818359e+01
   6.4758570e+06   2.7954102e+01
   6.5047380e+06   2.8381348e+01
   6.5394150e+06   2.8259277e+01
   6.6072840e+06   2.9052734e+01
   6.6451660e+06   2.9235840e+01
   6.6912340e+06   2.7954102e+01
   6.7383420e+06   3.0944824e+01
   6.8694690e+06   2.8198242e+01
   6.9959920e+06   2.8381348e+01
   7.0097840e+06   2.9846191e+01
   7.0484870e+06   2.8442383e+01
   7.1215120e+06   2.8747559e+01
   7.1432240e+06   2.9602051e+01
   7.2006830e+06   2.8259277e+01
   7.2649240e+06   3.3264160e+01
   7.3775110e+06   2.7954102e+01
   7.4083090e+06   2.9235840e+01
   7.4852090e+06   3.1616211e+01
   7.6520090e+06   2.9296875e+01
   7.6524670e+06   2.8076172e+01
   7.6830330e+06   2.9357910e+01
   7.6893480e+06   3.2592773e+01
   7.7012790e+06   2.8198242e+01
   7.7185290e+06   2.8625488e+01
   7.7533020e+06   2.8320312e+01
   7.7980490e+06   2.8320312e+01
   7.8371520e+06   3.1066895e+01
   7.8384670e+06   2.9724121e+01
   7.8820800e+06   2.8381348e+01
   7.8826220e+06   2.8625488e+01
   7.8981720e+06   2.9235840e+01
   7.9039920e+06   3.0090332e+01
   7.9370860e+06   3.0151367e+01
   7.9996260e+06   3.5339355e+01
   8.0005180e+06   3.0700684e+01
   8.0339300e+06   2.8137207e+01
   8.0423700e+06   3.4057617e+01
   8.2452260e+06   2.8076172e+01
   8.3336650e+06   2.8503418e+01
   8.3380350e+06   2.8747559e+01
   8.3460610e+06   2.8747559e+01
   8.4228420e+06   2.9235840e+01
   8.4636940e+06   2.9846191e+01
   8.4692280e+06   2.8320312e+01
   8.5390140e+06   2.9968262e+01
   8.5426870e+06   2.8869629e+01
   8.6201020e+06   2.8076172e+01
   8.6227150e+06   3.0944824e+01
   8.6979640e+06   2.9296875e+01
   8.7107740e+06   2.8198242e+01
   8.7611890e+06   3.1127930e+01
   8.8045450e+06   2.8625488e+01
   8.8251360e+06   3.2287598e+01
   8.8475540e+06   2.8930664e+01
   8.8574800e+06   2.8930664e+01
   8.8620050e+06   2.8076172e+01
   8.8905010e+06   3.0456543e+01
   8.9835730e+06   2.9113770e+01
   8.9873190e+06   3.0883789e+01
   9.0270260e+06   3.0273438e+01
   9.0392640e+06   2.9235840e+01
   9.2168150e+06   2.9846191e+01
   9.3092640e+06   3.0822754e+01
   9.4090680e+06   2.8015137e+01
   9.4595680e+06   2.9113770e+01
   9.4942420e+06   2.8991699e+01
   9.5021350e+06   2.7954102e+01
   9.5733970e+06   2.8076172e+01
   9.6228290e+06   2.8625488e+01
   9.6608240e+06   2.8015137e+01
   9.6871040e+06   2.7954102e+01
   9.7668930e+06   2.8442383e+01
   9.8018700e+06   3.4973145e+01
   9.8187950e+06   3.1677246e+01
   9.8240480e+06   2.8442383e+01
   9.8474980e+06   2.8686523e+01
   9.9057380e+06   3.1738281e+01
   9.9394450e+06   2.9418945e+01
   9.9761210e+06   2.8198242e+01
   1.0243878e+07   2.8320312e+01
   1.0258796e+07   3.2775879e+01
   1.0265183e+07   3.1311035e+01
   1.0280890e+07   2.8198242e+01
   1.0336680e+07   3.1982422e+01
   1.0451117e+07   2.8442383e+01
   1.0498343e+07   3.0639648e+01
   1.0607589e+07   2.8259277e+01
   1.0675645e+07   2.9296875e+01
   1.0677178e+07   2.8137207e+01
   1.0719059e+07   2.9235840e+01
   1.0744761e+07   2.8137207e+01
   1.0748821e+07   2.8991699e+01
   1.0802058e+07   2.7893066e+01
   1.0857461e+07   2.8320312e+01
   1.0929276e+07   2.8808594e+01
   1.0949621e+07   2.7954102e+01
   1.0968382e+07   3.0334473e+01
   1.0971732e+07   2.8930664e+01
   1.1074468e+07   2.9541016e+01
   1.1082234e+07   2.8320313e+01
   1.1216798e+07   2.9418945e+01
   1.1499802e+07   2.7954102e+01
   1.1616433e+07   2.9479980e+01
   1.1686176e+07   2.9296875e+01
   1.1718516e+07   2.8015137e+01
   1.1855254e+07   2.9968262e+01
