   1.1996000e+07   0.0000000e+00
   6.6994000e+04   3.1921387e+01
   4.9350100e+05   2.8930664e+01
   6.2855500e+05   2.8991699e+01
   1.2871170e+06   3.0883789e+01
   1.2875200e+06   2.9479980e+01
   1.3984820e+06   3.0700684e+01
   1.4168400e+06   3.3081055e+01
   1.7284490e+06   2.9357910e+01
   2.0202190e+06   3.0334473e+01
   4.4996430e+06   3.0639648e+01
   4.9813560e+06   2.9113770e+01
   5.7922640e+06   2.9174805e+01
   6.5610060e+06   2.9418945e+01
   7.8633420e+06   3.0883789e+01
   8.3227930e+06   2.9602051e+01
   1.0519118e+07   2.9357910e+01
