   1.1996000e+07   0.0000000e+00
   3.7440000e+03   3.0334473e+01
   7.4358000e+04   3.3020020e+01
   1.5371200e+05   3.3691406e+01
   1.5631400e+05   3.3203125e+01
   5.9720000e+05   3.2409668e+01
   6.7753300e+05   3.1311035e+01
   8.7150700e+05   3.2470703e+01
   1.0268360e+06   3.0334473e+01
   1.0413410e+06   3.1799316e+01
   1.0436440e+06   3.0517578e+01
   1.0453120e+06   3.4545898e+01
   1.1423820e+06   4.5715332e+01
   1.1426050e+06   2.9602051e+01
   1.1956610e+06   2.9418945e+01
   1.2156710e+06   3.1066895e+01
   1.2159250e+06   3.0029297e+01
   1.2192830e+06   2.9846191e+01
   1.2869300e+06   4.2419434e+01
   1.2872410e+06   2.9663086e+01
   1.2878230e+06   3.0395508e+01
   1.2915080e+06   3.1799316e+01
   1.2917500e+06   2.9846191e+01
   1.3549890e+06   3.4118652e+01
   1.3553930e+06   2.9602051e+01
   1.4169010e+06   3.1188965e+01
   1.4191270e+06   2.9724121e+01
   1.5284600e+06   2.9479980e+01
   1.7396410e+06   2.9724121e+01
   1.9546600e+06   2.9418945e+01
   2.1429910e+06   3.3508301e+01
   2.1440870e+06   2.9602051e+01
   2.1819540e+06   3.0334473e+01
   2.3171050e+06   3.0029297e+01
   2.4153140e+06   3.0761719e+01
   2.6656740e+06   3.2287598e+01
   2.7963180e+06   3.2226562e+01
   2.7968610e+06   3.2165527e+01
   2.7972650e+06   2.9846191e+01
   3.0057820e+06   2.9541016e+01
   3.0104450e+06   2.9235840e+01
   3.0162910e+06   3.2836914e+01
   3.1072350e+06   3.2958984e+01
   3.1076790e+06   3.2531738e+01
   3.1709870e+06   3.0822754e+01
   3.1710690e+06   2.9174805e+01
   3.1715710e+06   3.0151367e+01
   3.1739190e+06   3.0639648e+01
   3.2590800e+06   2.9663086e+01
   3.2593460e+06   3.0029297e+01
   3.2599510e+06   2.9663086e+01
   3.5338600e+06   3.2714844e+01
   3.6800480e+06   3.0822754e+01
   3.6809400e+06   2.9602051e+01
   3.7034200e+06   2.9663086e+01
   3.7151310e+06   2.9174805e+01
   3.7162320e+06   3.0151367e+01
   3.7725840e+06   2.9663086e+01
   3.7742100e+06   2.8991699e+01
   4.0554560e+06   3.1677246e+01
   4.0558550e+06   3.6560059e+01
   4.0560840e+06   3.3447266e+01
   4.0574890e+06   3.0944824e+01
   4.1038260e+06   3.0822754e+01
   4.1039360e+06   3.0517578e+01
   4.1039810e+06   3.0578613e+01
   4.1042410e+06   3.8757324e+01
   4.1056030e+06   3.2531738e+01
   4.1066920e+06   2.9846191e+01
   4.1537130e+06   3.0395508e+01
   4.1541200e+06   3.1188965e+01
   4.1550340e+06   2.9479980e+01
   4.2011910e+06   3.8085938e+01
   4.2014320e+06   2.9785156e+01
   4.2014620e+06   2.9052734e+01
   4.2016280e+06   2.9357910e+01
   4.2016820e+06   3.0212402e+01
   4.2017830e+06   3.0639648e+01
   4.2038450e+06   3.0639648e+01
   4.2536630e+06   2.9052734e+01
   4.2543380e+06   2.9357910e+01
   4.2544390e+06   3.0273438e+01
   4.2548690e+06   3.0212402e+01
   4.2555920e+06   3.0395508e+01
   4.5253830e+06   3.2714844e+01
   4.5444520e+06   3.0822754e+01
   4.5449670e+06   3.3264160e+01
   4.6320580e+06   2.8991699e+01
   4.8116180e+06   2.9541016e+01
   4.9339120e+06   3.0944824e+01
   4.9840470e+06   3.0029297e+01
   5.0666210e+06   2.9907227e+01
   5.0670830e+06   3.6315918e+01
   5.0675580e+06   3.0212402e+01
   5.0696640e+06   2.9235840e+01
   5.1186650e+06   3.0090332e+01
   5.1753520e+06   4.5410156e+01
   5.1768210e+06   3.0273438e+01
   5.2302800e+06   2.9785156e+01
   5.2315670e+06   3.3020020e+01
   5.3574840e+06   2.9663086e+01
   5.8854960e+06   2.9357910e+01
   5.9443150e+06   2.9846191e+01
   6.0325220e+06   3.0883789e+01
   6.1014700e+06   2.9357910e+01
   6.3477840e+06   2.9602051e+01
   6.4352010e+06   3.2287598e+01
   6.6710490e+06   3.0944824e+01
   6.7614240e+06   2.9479980e+01
   7.0090170e+06   3.7353516e+01
   7.1205520e+06   2.9418945e+01
   7.2973000e+06   2.9479980e+01
   7.3795980e+06   3.3447266e+01
   7.3796910e+06   3.1311035e+01
   7.4253140e+06   3.3264160e+01
   7.4259140e+06   2.9357910e+01
   7.4310680e+06   3.0639648e+01
   7.5390730e+06   3.7719727e+01
   7.6529210e+06   3.1799316e+01
   7.7161130e+06   3.0944824e+01
   7.8376710e+06   3.3508301e+01
   7.8378070e+06   3.0090332e+01
   7.8378490e+06   3.0517578e+01
   7.8380920e+06   3.1127930e+01
   7.8388600e+06   3.1250000e+01
   7.8780740e+06   3.1494141e+01
   7.8793130e+06   3.2958984e+01
   7.8824110e+06   2.9663086e+01
   7.8828070e+06   2.9418945e+01
   7.8830690e+06   2.9357910e+01
   7.8845480e+06   3.5156250e+01
   7.9357190e+06   3.1738281e+01
   7.9357690e+06   3.1616211e+01
   7.9366320e+06   2.9907227e+01
   7.9367950e+06   2.9846191e+01
   7.9381620e+06   2.9907227e+01
   8.0000900e+06   3.0273437e+01
   8.0001950e+06   3.0090332e+01
   8.0003170e+06   3.0334473e+01
   8.0008390e+06   3.1677246e+01
   8.0012050e+06   3.7841797e+01
   8.1158740e+06   3.0273438e+01
   8.3068140e+06   3.0517578e+01
   8.3136730e+06   3.3081055e+01
   8.3154640e+06   2.9541016e+01
   8.3158340e+06   3.1616211e+01
   8.3835110e+06   3.0822754e+01
   8.3856500e+06   3.2531738e+01
   8.4877950e+06   3.1005859e+01
   8.6478580e+06   2.9541016e+01
   8.7617690e+06   3.2348633e+01
   8.9074240e+06   3.0334473e+01
   9.1759940e+06   2.9602051e+01
   9.3460850e+06   3.3813477e+01
   9.4955830e+06   2.9602051e+01
   9.7044520e+06   2.9846191e+01
   9.7226900e+06   3.0822754e+01
   9.7233310e+06   3.1311035e+01
   9.8020710e+06   3.1433105e+01
   9.8601730e+06   3.3264160e+01
   9.8605180e+06   3.1127930e+01
   9.8625910e+06   2.9785156e+01
   9.9164240e+06   3.1860352e+01
   9.9177230e+06   2.9968262e+01
   9.9764140e+06   3.1188965e+01
   9.9766960e+06   3.1494141e+01
   9.9769730e+06   3.4118652e+01
   1.0214586e+07   3.1982422e+01
   1.0321461e+07   3.1738281e+01
   1.0477113e+07   3.4362793e+01
   1.0480394e+07   3.0090332e+01
   1.0929462e+07   3.2653809e+01
   1.1012566e+07   3.4484863e+01
   1.1223246e+07   3.1250000e+01
   1.1352036e+07   2.9602051e+01
   1.1675731e+07   2.9602051e+01
   1.1732591e+07   3.0761719e+01
   1.1733074e+07   2.9663086e+01
   1.1733260e+07   3.0212402e+01
