   1.1999000e+07   0.0000000e+00
   1.8370000e+03   4.6081543e+01
   4.6670000e+03   4.7241211e+01
   1.7925000e+04   4.5227051e+01
   1.8422000e+04   5.0231934e+01
   3.1014000e+04   4.6264648e+01
   4.2353000e+04   4.5043945e+01
   4.2468000e+04   4.5288086e+01
   4.4602000e+04   4.4250488e+01
   4.6013000e+04   7.9772949e+01
   4.6171000e+04   5.8288574e+01
   7.0648000e+04   4.7973633e+01
   8.3177000e+04   5.4504395e+01
   8.4404000e+04   4.6142578e+01
   8.5528000e+04   5.0720215e+01
   8.7863000e+04   9.1552734e+01
   8.8049000e+04   5.6335449e+01
   1.1995000e+05   4.4616699e+01
   1.2241700e+05   4.4555664e+01
   1.4095300e+05   4.6997070e+01
   1.4432500e+05   4.5349121e+01
   1.4464100e+05   5.2368164e+01
   1.4561500e+05   4.5166016e+01
   1.4616100e+05   4.7180176e+01
   1.4805900e+05   4.5227051e+01
   1.4826500e+05   6.3171387e+01
   1.4852600e+05   6.8603516e+01
   1.4870300e+05   4.8156738e+01
   1.4904700e+05   4.4311523e+01
   1.6603400e+05   4.5776367e+01
   1.7073500e+05   5.0659180e+01
   1.9291700e+05   4.4311523e+01
   1.9669200e+05   4.6264648e+01
   2.2921400e+05   4.7302246e+01
   2.3075600e+05   4.4189453e+01
   2.3093600e+05   4.6875000e+01
   2.3134500e+05   4.9011230e+01
   2.3244700e+05   8.2153320e+01
   2.3260800e+05   5.1391602e+01
   2.4377300e+05   4.7302246e+01
   2.4626800e+05   4.8889160e+01
   2.5105000e+05   4.6569824e+01
   2.5686500e+05   4.4982910e+01
   2.6037600e+05   4.5166016e+01
   2.7648500e+05   4.5166016e+01
   2.8035200e+05   7.0129395e+01
   2.8050400e+05   5.2001953e+01
   2.8054000e+05   5.7739258e+01
   2.8094100e+05   4.7119141e+01
   2.9864600e+05   4.5104980e+01
   3.0303500e+05   4.6264648e+01
   3.2357900e+05   4.9255371e+01
   3.2624600e+05   4.9804688e+01
   3.2690000e+05   6.2438965e+01
   3.2761400e+05   7.0495605e+01
   3.6784900e+05   7.8918457e+01
   3.6805600e+05   4.4921875e+01
   3.6875900e+05   4.7180176e+01
   3.8141800e+05   6.3232422e+01
   3.8211700e+05   5.5969238e+01
   4.0945500e+05   4.5654297e+01
   4.0973700e+05   7.7453613e+01
   4.0998000e+05   6.0913086e+01
   4.1020400e+05   4.5898438e+01
   4.1042400e+05   4.6447754e+01
   4.2383500e+05   6.0852051e+01
   4.4247100e+05   4.8339844e+01
   4.4401200e+05   5.1452637e+01
   4.4734600e+05   6.8176270e+01
   4.4756200e+05   5.5969238e+01
   4.6555400e+05   5.0048828e+01
   4.6573100e+05   4.7729492e+01
   4.6875500e+05   4.5471191e+01
   4.7389500e+05   4.7546387e+01
   4.8562200e+05   8.2214355e+01
   4.8583000e+05   6.3049316e+01
   4.8585500e+05   4.4921875e+01
   5.2057500e+05   4.9438477e+01
   5.2479900e+05   4.6752930e+01
   5.3454900e+05   7.3059082e+01
   5.3474700e+05   4.6081543e+01
   5.6049800e+05   4.4433594e+01
   5.8503900e+05   4.9865723e+01
   5.9506900e+05   4.4372559e+01
   6.1659200e+05   4.6203613e+01
   6.6830600e+05   5.0842285e+01
   6.7157700e+05   4.7180176e+01
   6.8570100e+05   4.9438477e+01
   6.9905100e+05   4.5410156e+01
   7.1806200e+05   4.5959473e+01
   7.3508300e+05   4.5227051e+01
   7.3839700e+05   4.4189453e+01
   7.4094900e+05   5.0109863e+01
   7.4354200e+05   4.6264648e+01
   7.4478500e+05   4.8889160e+01
   7.4516300e+05   4.4494629e+01
   7.5627900e+05   4.4250488e+01
   7.5628900e+05   6.1828613e+01
   7.5691300e+05   4.5288086e+01
   7.5869000e+05   5.2062988e+01
   7.7629500e+05   4.7302246e+01
   7.7891000e+05   4.5715332e+01
   7.8221400e+05   4.8767090e+01
   8.0415600e+05   5.2246094e+01
   8.0651600e+05   7.5500488e+01
   8.2465700e+05   4.8034668e+01
   8.2720600e+05   4.8767090e+01
   8.4744900e+05   5.1391602e+01
   8.5114000e+05   4.4921875e+01
   8.5419600e+05   4.5471191e+01
   8.5472000e+05   4.7729492e+01
   8.7674000e+05   4.6813965e+01
   8.7964900e+05   4.4372559e+01
   8.8428800e+05   4.9804688e+01
   8.9389300e+05   4.5532227e+01
   8.9421700e+05   4.4616699e+01
   9.0528900e+05   4.4738770e+01
   9.0979300e+05   4.7973633e+01
   9.1080100e+05   4.9316406e+01
   9.1093000e+05   6.2255859e+01
   9.1163000e+05   4.6020508e+01
   9.2939600e+05   4.6997070e+01
   9.3599900e+05   4.7546387e+01
   9.4623800e+05   4.5471191e+01
   9.4903700e+05   4.5837402e+01
   9.7248100e+05   4.4372559e+01
   9.7534900e+05   4.4616699e+01
   9.8113100e+05   7.5988770e+01
   9.8144600e+05   6.1889648e+01
   9.9936900e+05   4.6508789e+01
   1.0069290e+06   4.5532227e+01
   1.0123560e+06   4.5410156e+01
   1.0130060e+06   6.3659668e+01
   1.0391780e+06   4.6447754e+01
   1.0401230e+06   4.9194336e+01
   1.0405310e+06   4.5227051e+01
   1.0595070e+06   4.5104980e+01
   1.0696240e+06   5.0231934e+01
   1.0821990e+06   4.9255371e+01
   1.0911000e+06   4.7668457e+01
   1.1068400e+06   4.7119141e+01
   1.1165670e+06   5.6091309e+01
   1.1170740e+06   5.1757813e+01
   1.1389110e+06   4.9865723e+01
   1.1424660e+06   4.7058105e+01
   1.1451100e+06   4.8156738e+01
   1.1747530e+06   4.9011230e+01
   1.1771130e+06   6.5490723e+01
   1.1773050e+06   4.7241211e+01
   1.1945920e+06   4.6081543e+01
   1.1968140e+06   4.4372559e+01
   1.1985560e+06   7.8613281e+01
   1.1987430e+06   7.0007324e+01
   1.2151740e+06   4.6508789e+01
   1.2246700e+06   5.0292969e+01
   1.2254390e+06   5.4077148e+01
   1.2296760e+06   6.5368652e+01
   1.2309940e+06   4.7546387e+01
   1.2313330e+06   6.6650391e+01
   1.2315820e+06   5.9387207e+01
   1.2321410e+06   4.5898438e+01
   1.2545760e+06   4.7119141e+01
   1.2547990e+06   4.5349121e+01
   1.2577910e+06   5.8288574e+01
   1.2583890e+06   7.2509766e+01
   1.2586300e+06   4.9255371e+01
   1.2758780e+06   4.5959473e+01
   1.2896800e+06   6.3964844e+01
   1.2900020e+06   4.9499512e+01
   1.2901100e+06   7.0251465e+01
   1.2903210e+06   4.9255371e+01
   1.3340510e+06   4.6508789e+01
   1.3354150e+06   4.7424316e+01
   1.3448700e+06   4.5043945e+01
   1.4973260e+06   4.5532227e+01
   1.5101780e+06   4.7119141e+01
   1.5347120e+06   4.5471191e+01
   1.5368050e+06   4.5104980e+01
   1.5369430e+06   5.0476074e+01
   1.5370940e+06   4.6325684e+01
   1.5375550e+06   7.1350098e+01
   1.5377240e+06   8.3129883e+01
   1.5378530e+06   6.1035156e+01
   1.5380480e+06   5.1635742e+01
   1.5380790e+06   6.1767578e+01
   1.5381580e+06   4.6691895e+01
   1.5571700e+06   4.7912598e+01
   1.5572900e+06   6.6040039e+01
   1.5575020e+06   5.6335449e+01
   1.5577140e+06   4.4738770e+01
   1.5597170e+06   4.9560547e+01
   1.6361870e+06   4.4677734e+01
   1.6367170e+06   5.2734375e+01
   1.6371460e+06   5.1879883e+01
   1.6373330e+06   5.0781250e+01
   1.6382420e+06   4.4616699e+01
   1.6452510e+06   4.5043945e+01
   1.6462190e+06   4.4616699e+01
   1.6531230e+06   5.7312012e+01
   1.6533340e+06   4.9072266e+01
   1.6561620e+06   4.6691895e+01
   1.6590800e+06   4.4921875e+01
   1.6689750e+06   5.3588867e+01
   1.6712410e+06   4.6691895e+01
   1.6746180e+06   4.6691895e+01
   1.6805760e+06   4.5837402e+01
   1.6829720e+06   4.5166016e+01
   1.6861840e+06   4.6203613e+01
   1.6863090e+06   4.6203613e+01
   1.6871360e+06   4.4555664e+01
   1.7033310e+06   5.0842285e+01
   1.7048830e+06   4.5288086e+01
   1.7059390e+06   4.4738770e+01
   1.7262170e+06   4.5227051e+01
   1.7351480e+06   4.5532227e+01
   1.7410840e+06   5.2795410e+01
   1.7415000e+06   5.2917480e+01
   1.7431010e+06   4.6997070e+01
   1.7462800e+06   4.5410156e+01
   1.7464850e+06   4.7607422e+01
   1.7468140e+06   4.5227051e+01
   1.7473110e+06   8.1848145e+01
   1.7474800e+06   5.7495117e+01
   1.7478170e+06   4.8583984e+01
   1.7479920e+06   4.5410156e+01
   1.7664740e+06   5.1330566e+01
   1.7668210e+06   4.5349121e+01
   1.7669710e+06   6.7993164e+01
   1.7673240e+06   5.5664063e+01
   1.7760790e+06   4.4860840e+01
   1.7880780e+06   5.3649902e+01
   1.7880950e+06   7.8186035e+01
   1.7881360e+06   4.6752930e+01
   1.7885300e+06   4.8889160e+01
   1.8271710e+06   4.5349121e+01
   1.8334770e+06   4.8461914e+01
   1.8346210e+06   5.2429199e+01
   1.8356550e+06   4.6325684e+01
   1.8372530e+06   8.4960938e+01
   1.8633580e+06   4.9682617e+01
   1.8671780e+06   4.8095703e+01
   1.8693720e+06   4.9011230e+01
   1.8795700e+06   4.8034668e+01
   1.8846040e+06   4.4372559e+01
   1.8854960e+06   4.6997070e+01
   1.8900750e+06   4.7424316e+01
   1.8936510e+06   4.7912598e+01
   1.8958110e+06   4.9072266e+01
   1.8961130e+06   4.5104980e+01
   1.8966150e+06   4.4372559e+01
   1.8973980e+06   4.4616699e+01
   1.9064160e+06   4.4433594e+01
   1.9070990e+06   4.7851563e+01
   1.9128820e+06   4.6447754e+01
   1.9204310e+06   5.1513672e+01
   1.9228350e+06   4.5104980e+01
   1.9253940e+06   4.5043945e+01
   1.9273540e+06   4.9194336e+01
   1.9278710e+06   4.5532227e+01
   1.9312390e+06   6.7565918e+01
   1.9315140e+06   6.8664551e+01
   1.9317060e+06   4.4433594e+01
   1.9317430e+06   4.4189453e+01
   1.9318140e+06   4.7851562e+01
   1.9687730e+06   4.5349121e+01
   1.9711130e+06   4.8828125e+01
   1.9739570e+06   4.4189453e+01
   1.9746570e+06   5.4138184e+01
   1.9761030e+06   6.6711426e+01
   1.9763740e+06   7.4707031e+01
   1.9765250e+06   7.1472168e+01
   1.9773080e+06   4.5227051e+01
   2.0074650e+06   4.4189453e+01
   2.0092820e+06   5.0292969e+01
   2.0094570e+06   7.7758789e+01
   2.0096630e+06   6.5917969e+01
   2.0098650e+06   5.0842285e+01
   2.0471910e+06   4.8400879e+01
   2.0491260e+06   6.0302734e+01
   2.0492360e+06   4.5410156e+01
   2.0493990e+06   4.6203613e+01
   2.0792180e+06   4.8034668e+01
   2.0793090e+06   4.5593262e+01
   2.0799130e+06   4.9987793e+01
   2.0804080e+06   4.5593262e+01
   2.0805050e+06   7.3608398e+01
   2.0807250e+06   6.7932129e+01
   2.0810640e+06   4.5288086e+01
   2.1022380e+06   4.5349121e+01
   2.1023580e+06   4.9560547e+01
   2.1036710e+06   5.0415039e+01
   2.1047710e+06   4.7241211e+01
   2.1049090e+06   8.5266113e+01
   2.1049300e+06   4.7058105e+01
   2.1051150e+06   4.5593262e+01
   2.1214660e+06   5.4748535e+01
   2.1237310e+06   5.9753418e+01
   2.1239580e+06   6.1645508e+01
   2.1244610e+06   4.5654297e+01
   2.1434010e+06   4.4555664e+01
   2.1459680e+06   5.7678223e+01
   2.1462220e+06   5.4382324e+01
   2.1740450e+06   6.0058594e+01
   2.1752970e+06   6.2683105e+01
   2.1756610e+06   4.9255371e+01
   2.1957070e+06   4.7973633e+01
   2.1959480e+06   4.5471191e+01
   2.2021830e+06   4.7912598e+01
   2.2074580e+06   4.6203613e+01
   2.2088920e+06   4.4616699e+01
   2.2107610e+06   6.8786621e+01
   2.2109350e+06   5.2612305e+01
   2.2109760e+06   4.5104980e+01
   2.2111330e+06   4.9438477e+01
   2.2368870e+06   4.6691895e+01
   2.2382400e+06   7.0617676e+01
   2.2384530e+06   5.3161621e+01
   2.2386550e+06   4.7363281e+01
   2.2667790e+06   5.3894043e+01
   2.2690440e+06   7.0861816e+01
   2.2692330e+06   6.3476563e+01
   2.2948940e+06   4.6569824e+01
   2.2950920e+06   4.7058105e+01
   2.2973080e+06   4.5288086e+01
   2.2978830e+06   6.8298340e+01
   2.2979170e+06   4.6569824e+01
   2.2980670e+06   6.7749023e+01
   2.2982970e+06   4.6386719e+01
   2.3891510e+06   5.0170898e+01
   2.3893200e+06   4.6752930e+01
   2.3894930e+06   5.0048828e+01
   2.3909420e+06   4.6569824e+01
   2.3917630e+06   4.4738770e+01
   2.4629070e+06   4.6569824e+01
   2.4997790e+06   4.5654297e+01
   2.5001250e+06   4.4433594e+01
   2.5017080e+06   4.5166016e+01
   2.5018920e+06   4.5471191e+01
   2.5023240e+06   4.4738770e+01
   2.5154280e+06   4.5776367e+01
   2.5271740e+06   4.5104980e+01
   2.5622170e+06   4.5288086e+01
   2.5840420e+06   4.4433594e+01
   2.5868130e+06   4.4921875e+01
   2.5879490e+06   5.0048828e+01
   2.6055250e+06   4.4921875e+01
   2.6089530e+06   4.5043945e+01
   2.6262670e+06   4.6997070e+01
   2.6427040e+06   5.1513672e+01
   2.6445270e+06   6.7321777e+01
   2.6447620e+06   7.3913574e+01
   2.6449350e+06   4.6142578e+01
   2.6451000e+06   4.6752930e+01
   2.6452650e+06   5.2551270e+01
   2.6454900e+06   4.8461914e+01
   2.6632270e+06   4.6142578e+01
   2.6707660e+06   4.6875000e+01
   2.6923010e+06   4.7119141e+01
   2.7159990e+06   4.7607422e+01
   2.7179020e+06   4.9194336e+01
   2.7190940e+06   5.1269531e+01
   2.7198810e+06   4.4860840e+01
   2.7206070e+06   4.6997070e+01
   2.7270670e+06   5.2001953e+01
   2.7314770e+06   5.0415039e+01
   2.7318730e+06   4.5288086e+01
   2.7329300e+06   4.4311523e+01
   2.7467860e+06   4.9743652e+01
   2.7638800e+06   4.9377441e+01
   2.7658610e+06   4.8828125e+01
   2.7965050e+06   5.0598145e+01
   2.8033290e+06   7.0800781e+01
   2.8035570e+06   5.8532715e+01
   2.8039540e+06   4.8583984e+01
   2.8270230e+06   4.6997070e+01
   2.8303230e+06   5.0354004e+01
   2.8370860e+06   4.5898438e+01
   2.8598970e+06   4.9560547e+01
   2.8637870e+06   6.8481445e+01
   2.8898540e+06   4.5166016e+01
   2.8900080e+06   4.5227051e+01
   2.8930380e+06   8.3068848e+01
   2.9173980e+06   6.9702148e+01
   2.9370500e+06   4.9133301e+01
   2.9392260e+06   5.0109863e+01
   2.9394520e+06   4.5043945e+01
   2.9406780e+06   4.5715332e+01
   2.9593450e+06   4.8706055e+01
   2.9758460e+06   4.5471191e+01
   2.9853370e+06   5.5541992e+01
   2.9894810e+06   8.7280273e+01
   2.9897480e+06   7.1716309e+01
   3.0111180e+06   8.3679199e+01
   3.0113090e+06   5.4443359e+01
   3.0329870e+06   4.7485352e+01
   3.0350470e+06   5.9875488e+01
   3.0357060e+06   6.8054199e+01
   3.0359730e+06   5.3649902e+01
   3.0361900e+06   4.6325684e+01
   3.0539280e+06   4.7180176e+01
   3.0559970e+06   4.5410156e+01
   3.0575260e+06   6.7810059e+01
   3.0578180e+06   5.6823730e+01
   3.0772530e+06   4.6691895e+01
   3.0833690e+06   4.5959473e+01
   3.0864450e+06   4.7058105e+01
   3.0907140e+06   4.6081543e+01
   3.0978620e+06   4.5288086e+01
   3.1490950e+06   4.4494629e+01
   3.2509710e+06   4.6081543e+01
   3.2589270e+06   5.4870605e+01
   3.3134240e+06   4.7302246e+01
   3.3212970e+06   5.3771973e+01
   3.3219010e+06   6.1096191e+01
   3.3221870e+06   5.6335449e+01
   3.3223290e+06   4.9377441e+01
   3.3224060e+06   4.4799805e+01
   3.3356780e+06   4.5715332e+01
   3.3410800e+06   5.7128906e+01
   3.3411560e+06   4.6325684e+01
   3.3413490e+06   4.4616699e+01
   3.3414500e+06   4.6508789e+01
   3.3415920e+06   4.8278809e+01
   3.3619170e+06   4.4799805e+01
   3.3619280e+06   7.2387695e+01
   3.3621260e+06   4.9072266e+01
   3.3623600e+06   4.6081543e+01
   3.4063220e+06   5.2124023e+01
   3.4161300e+06   5.0415039e+01
   3.4249320e+06   5.7983398e+01
   3.4465480e+06   4.9865723e+01
   3.4470780e+06   4.4616699e+01
   3.4484550e+06   4.6875000e+01
   3.4748730e+06   4.9011230e+01
   3.4789830e+06   4.9560547e+01
   3.4802880e+06   4.7424316e+01
   3.5115910e+06   5.3100586e+01
   3.5122130e+06   7.0800781e+01
   3.5124120e+06   5.7983398e+01
   3.5127610e+06   5.1757812e+01
   3.5128750e+06   4.4982910e+01
   3.5284800e+06   5.0598145e+01
   3.5292690e+06   7.3974609e+01
   3.5294610e+06   6.6894531e+01
   3.5487930e+06   6.4392090e+01
   3.5489070e+06   7.0739746e+01
   3.5490980e+06   4.7729492e+01
   3.5789390e+06   4.6752930e+01
   3.5879240e+06   5.7922363e+01
   3.5881560e+06   5.1086426e+01
   3.5883090e+06   4.6325684e+01
   3.5904390e+06   4.6203613e+01
   3.5937210e+06   7.7514648e+01
   3.5938950e+06   4.4677734e+01
   3.5939210e+06   4.9621582e+01
   3.6121860e+06   6.3110352e+01
   3.6123880e+06   5.0292969e+01
   3.6128870e+06   4.8950195e+01
   3.6281890e+06   4.9377441e+01
   3.6284410e+06   6.3598633e+01
   3.6286350e+06   5.7373047e+01
   3.6409690e+06   6.2500000e+01
   3.6414050e+06   5.8532715e+01
   3.6418620e+06   5.0170898e+01
   3.6423610e+06   4.6691895e+01
   3.6695020e+06   5.0476074e+01
   3.6765440e+06   4.4860840e+01
   3.6785130e+06   6.5612793e+01
   3.6787170e+06   4.8400879e+01
   3.7067630e+06   5.2246094e+01
   3.7085610e+06   4.7790527e+01
   3.7086690e+06   7.8979492e+01
   3.7088500e+06   6.1706543e+01
   3.7090550e+06   4.9865723e+01
   3.7252350e+06   4.7912598e+01
   3.7328220e+06   4.5776367e+01
   3.7341860e+06   4.9743652e+01
   3.7357190e+06   8.0810547e+01
   3.7357660e+06   4.6752930e+01
   3.7359080e+06   5.7556152e+01
   3.7360950e+06   5.0598145e+01
   3.7809530e+06   7.1411133e+01
   3.7811240e+06   5.1208496e+01
   3.7827740e+06   4.4250488e+01
   3.8038280e+06   4.4250488e+01
   3.8322930e+06   5.3344727e+01
   3.8325100e+06   4.8278809e+01
   3.8334840e+06   5.4382324e+01
   3.8346690e+06   9.9121094e+01
   3.8347310e+06   4.9377441e+01
   3.8348680e+06   6.8481445e+01
   3.8770000e+06   4.6630859e+01
   3.8775590e+06   4.7180176e+01
   3.8791390e+06   8.1359863e+01
   3.8791860e+06   4.5104980e+01
   3.8793170e+06   5.2612305e+01
   3.8860150e+06   4.6875000e+01
   3.9478310e+06   4.4616699e+01
   3.9480880e+06   4.7119141e+01
   3.9482780e+06   4.4189453e+01
   3.9503890e+06   4.4799805e+01
   3.9505740e+06   5.0109863e+01
   3.9512680e+06   4.8339844e+01
   3.9922270e+06   4.4860840e+01
   4.0102590e+06   4.5288086e+01
   4.0165750e+06   4.7424316e+01
   4.0182190e+06   6.8298340e+01
   4.0184030e+06   4.4433594e+01
   4.0184260e+06   4.8400879e+01
   4.0184560e+06   4.9377441e+01
   4.0185960e+06   5.1696777e+01
   4.0186490e+06   4.8583984e+01
   4.0188010e+06   4.5776367e+01
   4.0188380e+06   5.2856445e+01
   4.0551450e+06   4.9987793e+01
   4.0612820e+06   4.8339844e+01
   4.0705110e+06   4.8889160e+01
   4.0722460e+06   9.5520020e+01
   4.0723880e+06   4.9804688e+01
   4.0724150e+06   4.6752930e+01
   4.0726480e+06   4.5104980e+01
   4.1196090e+06   4.6691895e+01
   4.1217280e+06   4.8950195e+01
   4.1226940e+06   6.9274902e+01
   4.1228600e+06   4.7363281e+01
   4.1229120e+06   6.1523438e+01
   4.1229860e+06   4.6875000e+01
   4.1230770e+06   5.0842285e+01
   4.1231260e+06   4.7363281e+01
   4.1497530e+06   4.5104980e+01
   4.1503530e+06   5.0781250e+01
   4.1507310e+06   6.2133789e+01
   4.1509640e+06   6.2438965e+01
   4.1520530e+06   4.6386719e+01
   4.1524130e+06   4.8095703e+01
   4.1561360e+06   4.5898438e+01
   4.1766010e+06   4.9255371e+01
   4.1770530e+06   6.6711426e+01
   4.1772950e+06   4.6752930e+01
   4.1917400e+06   5.2734375e+01
   4.1920260e+06   4.8339844e+01
   4.1932750e+06   5.2185059e+01
   4.2166720e+06   4.5532227e+01
   4.2170180e+06   4.4616699e+01
   4.2174110e+06   5.4077148e+01
   4.2176620e+06   5.4565430e+01
   4.2177590e+06   4.4433594e+01
   4.2178870e+06   5.1391602e+01
   4.2379760e+06   4.6020508e+01
   4.2390010e+06   4.4433594e+01
   4.2392280e+06   7.5683594e+01
   4.2394640e+06   5.1025391e+01
   4.2402710e+06   4.5288086e+01
   4.2734090e+06   4.5959473e+01
   4.2740920e+06   4.7607422e+01
   4.2751980e+06   6.1035156e+01
   4.2754150e+06   6.4025879e+01
   4.2757670e+06   4.6020508e+01
   4.2988270e+06   4.4982910e+01
   4.3000600e+06   4.6691895e+01
   4.3007640e+06   4.6264648e+01
   4.3016260e+06   6.9396973e+01
   4.3018280e+06   4.4616699e+01
   4.3020990e+06   5.6274414e+01
   4.3267250e+06   4.7485352e+01
   4.3347930e+06   4.4982910e+01
   4.3372400e+06   5.0109863e+01
   4.3398340e+06   6.8054199e+01
   4.3400580e+06   5.6335449e+01
   4.3574990e+06   5.0170898e+01
   4.3646770e+06   4.4494629e+01
   4.3718880e+06   5.0109863e+01
   4.3723420e+06   4.8278809e+01
   4.3727960e+06   6.4575195e+01
   4.3730290e+06   4.8706055e+01
   4.3732690e+06   5.3588867e+01
   4.4102690e+06   4.8278809e+01
   4.4121150e+06   4.6691895e+01
   4.4129120e+06   4.5104980e+01
   4.4130550e+06   7.0556641e+01
   4.4132500e+06   4.8156738e+01
   4.4336540e+06   5.1757812e+01
   4.4436580e+06   4.7058105e+01
   4.4912380e+06   4.4189453e+01
   4.5055000e+06   4.7729492e+01
   4.5128180e+06   4.4433594e+01
   4.5172980e+06   4.4433594e+01
   4.5253290e+06   4.4982910e+01
   4.5289900e+06   4.9194336e+01
   4.5352020e+06   5.1513672e+01
   4.5360400e+06   4.5410156e+01
   4.5383310e+06   4.7180176e+01
   4.5385780e+06   7.2509766e+01
   4.5388270e+06   7.1228027e+01
   4.5810990e+06   4.4494629e+01
   4.5813390e+06   4.5227051e+01
   4.5844610e+06   7.1166992e+01
   4.5846660e+06   5.0537109e+01
   4.6077750e+06   4.4738770e+01
   4.6160710e+06   4.4189453e+01
   4.6276940e+06   4.5837402e+01
   4.6333760e+06   4.7058105e+01
   4.6352750e+06   6.0668945e+01
   4.6353030e+06   4.8156738e+01
   4.6354740e+06   5.0598145e+01
   4.6795240e+06   4.7180176e+01
   4.6802490e+06   4.4860840e+01
   4.7008260e+06   4.4799805e+01
   4.7148110e+06   4.5959473e+01
   4.7157500e+06   8.0749512e+01
   4.7159700e+06   4.7912598e+01
   4.7160010e+06   6.5551758e+01
   4.7160820e+06   4.9865723e+01
   4.7161920e+06   5.3283691e+01
   4.7483910e+06   5.2307129e+01
   4.7602120e+06   5.0903320e+01
   4.7602470e+06   6.8908691e+01
   4.7602890e+06   4.6752930e+01
   4.7604110e+06   5.8410645e+01
   4.7921450e+06   4.8400879e+01
   4.7921640e+06   7.5744629e+01
   4.7923770e+06   5.8532715e+01
   4.8211290e+06   4.5104980e+01
   4.8214500e+06   4.4677734e+01
   4.8216750e+06   6.0729980e+01
   4.8217300e+06   7.6171875e+01
   4.8219350e+06   4.8339844e+01
   4.8509570e+06   5.3649902e+01
   4.8511620e+06   4.7912598e+01
   4.8513140e+06   8.0078125e+01
   4.8514170e+06   4.5166016e+01
   4.8514970e+06   6.4941406e+01
   4.8782670e+06   4.8339844e+01
   4.8783820e+06   7.8796387e+01
   4.8785720e+06   6.0302734e+01
   4.8794650e+06   4.5959473e+01
   4.8913010e+06   5.7434082e+01
   4.8916120e+06   6.7199707e+01
   4.8920480e+06   6.8786621e+01
   4.8924630e+06   5.6640625e+01
   4.9288900e+06   4.9316406e+01
   4.9292000e+06   4.6203613e+01
   4.9292610e+06   6.8725586e+01
   4.9294350e+06   5.8715820e+01
   4.9685920e+06   5.1452637e+01
   4.9689430e+06   7.2509766e+01
   4.9690100e+06   5.4687500e+01
   4.9691230e+06   5.3771973e+01
   4.9693840e+06   4.9194336e+01
   5.0146430e+06   4.9194336e+01
   5.0148030e+06   4.7241211e+01
   5.0150100e+06   7.2692871e+01
   5.0151560e+06   4.4616699e+01
   5.0521300e+06   4.7119141e+01
   5.0525290e+06   8.5937500e+01
   5.0525940e+06   4.7973633e+01
   5.0527180e+06   5.7617188e+01
   5.0957720e+06   4.9804688e+01
   5.0967360e+06   4.5288086e+01
   5.0969730e+06   7.3974609e+01
   5.0970240e+06   4.6020508e+01
   5.0971050e+06   4.8400879e+01
   5.0971420e+06   5.6884766e+01
   5.0971760e+06   4.7058105e+01
   5.1357520e+06   8.0017090e+01
   5.1357700e+06   4.6081543e+01
   5.1359430e+06   5.0415039e+01
   5.1720500e+06   5.0231934e+01
   5.1720760e+06   5.1147461e+01
   5.1723920e+06   5.1574707e+01
   5.1726000e+06   5.7617188e+01
   5.1726690e+06   6.5673828e+01
   5.1728490e+06   5.2001953e+01
   5.1730850e+06   5.0903320e+01
   5.2065360e+06   4.6325684e+01
   5.2067430e+06   4.5776367e+01
   5.2071140e+06   4.5715332e+01
   5.2073450e+06   7.3242188e+01
   5.2073830e+06   5.1635742e+01
   5.2075580e+06   5.2001953e+01
   5.2077830e+06   5.4260254e+01
   5.2440490e+06   4.9194336e+01
   5.2452910e+06   5.2612305e+01
   5.2455260e+06   4.6997070e+01
   5.2458560e+06   6.9946289e+01
   5.2460250e+06   5.8532715e+01
   5.2462330e+06   4.5104980e+01
   5.2892430e+06   4.6081543e+01
   5.2894270e+06   4.4433594e+01
   5.2895280e+06   4.4555664e+01
   5.2900590e+06   7.8857422e+01
   5.2902030e+06   4.5166016e+01
   5.2902650e+06   6.3964844e+01
   5.2906940e+06   4.9682617e+01
   5.3277980e+06   5.3283691e+01
   5.3286190e+06   9.9670410e+01
   5.3287750e+06   4.6936035e+01
   5.3631200e+06   4.7302246e+01
   5.3634750e+06   5.3161621e+01
   5.3637620e+06   4.5227051e+01
   5.3644620e+06   5.1208496e+01
   5.3658310e+06   7.4523926e+01
   5.3660160e+06   4.4616699e+01
   5.3660890e+06   5.2124023e+01
   5.3663520e+06   4.6142578e+01
   5.3889710e+06   4.5715332e+01
   5.3989910e+06   4.5654297e+01
   5.3992880e+06   8.2153320e+01
   5.3994880e+06   5.7312012e+01
   5.3997840e+06   4.9926758e+01
   5.3999380e+06   4.8889160e+01
   5.4165970e+06   4.9316406e+01
   5.4284130e+06   4.4677734e+01
   5.4290990e+06   5.4016113e+01
   5.4293630e+06   6.1462402e+01
   5.4295850e+06   5.4687500e+01
   5.4433130e+06   6.7993164e+01
   5.4436220e+06   4.4433594e+01
   5.4440420e+06   5.3894043e+01
   5.4736910e+06   8.4350586e+01
   5.4739220e+06   6.8847656e+01
   5.4877250e+06   5.5358887e+01
   5.4880380e+06   4.5227051e+01
   5.4883590e+06   4.5532227e+01
   5.5083200e+06   7.3364258e+01
   5.5086400e+06   6.6955566e+01
   5.5089150e+06   4.8950195e+01
   5.5341160e+06   4.9255371e+01
   5.5379310e+06   4.5532227e+01
   5.5383740e+06   4.6630859e+01
   5.5392400e+06   6.7382812e+01
   5.5394670e+06   4.6081543e+01
   5.5396880e+06   4.7424316e+01
   5.5574720e+06   4.5410156e+01
   5.5667610e+06   4.6020508e+01
   5.5712320e+06   5.7067871e+01
   5.5714290e+06   6.5429688e+01
   5.6128190e+06   4.4433594e+01
   5.6162100e+06   4.8583984e+01
   5.6169240e+06   5.2429199e+01
   5.6192420e+06   4.8217773e+01
   5.6236550e+06   4.9072266e+01
   5.6246240e+06   5.6945801e+01
   5.6248210e+06   6.2255859e+01
   5.6250140e+06   5.7250977e+01
   5.6251000e+06   4.9072266e+01
   5.6385990e+06   5.2856445e+01
   5.6650380e+06   4.5410156e+01
   5.7160940e+06   4.9682617e+01
   5.7853000e+06   5.6762695e+01
   5.8043190e+06   4.6081543e+01
   5.8364150e+06   4.8828125e+01
   5.8418450e+06   4.5043945e+01
   5.8420250e+06   4.5349121e+01
   5.8429220e+06   4.8278809e+01
   5.8438860e+06   4.6020508e+01
   5.8455770e+06   4.4555664e+01
   5.8815830e+06   4.5593262e+01
   5.8863020e+06   4.6569824e+01
   5.8960700e+06   4.5227051e+01
   5.9001060e+06   4.6203613e+01
   5.9253490e+06   5.0842285e+01
   5.9254250e+06   4.6447754e+01
   5.9498100e+06   5.1940918e+01
   5.9951830e+06   4.4616699e+01
   6.0016450e+06   4.5104980e+01
   6.0164470e+06   4.8828125e+01
   6.0180440e+06   5.0903320e+01
   6.0386220e+06   5.2856445e+01
   6.0390700e+06   4.7607422e+01
   6.0434260e+06   6.9580078e+01
   6.0441070e+06   6.3049316e+01
   6.0443060e+06   5.2673340e+01
   6.0443760e+06   5.0537109e+01
   6.0445410e+06   4.9194336e+01
   6.0593740e+06   4.5532227e+01
   6.0600150e+06   4.5471191e+01
   6.0614460e+06   5.0354004e+01
   6.0694950e+06   4.8889160e+01
   6.0700750e+06   6.3598633e+01
   6.0706010e+06   6.2438965e+01
   6.0707620e+06   4.6142578e+01
   6.0708260e+06   5.6274414e+01
   6.0936380e+06   4.5166016e+01
   6.0948200e+06   5.1147461e+01
   6.1003430e+06   4.4677734e+01
   6.1003940e+06   6.8908691e+01
   6.1006070e+06   6.0974121e+01
   6.1008010e+06   4.8889160e+01
   6.1198780e+06   4.4189453e+01
   6.1208370e+06   5.1513672e+01
   6.1218030e+06   5.1635742e+01
   6.1220920e+06   5.5175781e+01
   6.1223150e+06   4.7241211e+01
   6.1431680e+06   6.3171387e+01
   6.1434350e+06   4.7302246e+01
   6.1436740e+06   4.6081543e+01
   6.1613430e+06   7.4157715e+01
   6.1615610e+06   5.1452637e+01
   6.1617090e+06   4.5776367e+01
   6.1779580e+06   5.8349609e+01
   6.1781600e+06   4.8645020e+01
   6.1956110e+06   5.0537109e+01
   6.1969650e+06   6.3964844e+01
   6.1971800e+06   5.2001953e+01
   6.1976480e+06   4.5227051e+01
   6.2126000e+06   4.8828125e+01
   6.2141180e+06   5.3405762e+01
   6.2142460e+06   5.2856445e+01
   6.2144720e+06   5.2062988e+01
   6.2147150e+06   5.4016113e+01
   6.2301910e+06   4.6203613e+01
   6.2304660e+06   7.6538086e+01
   6.2307080e+06   6.7138672e+01
   6.2475370e+06   5.0842285e+01
   6.2481880e+06   6.3354492e+01
   6.2484060e+06   5.1757812e+01
   6.2486480e+06   5.3527832e+01
   6.2666660e+06   5.7373047e+01
   6.2668870e+06   4.5776367e+01
   6.2851480e+06   6.4392090e+01
   6.2853530e+06   4.9194336e+01
   6.4005900e+06   4.5288086e+01
   6.4160520e+06   4.6325684e+01
   6.4787100e+06   4.6936035e+01
   6.5451460e+06   4.4677734e+01
   6.5669920e+06   4.5837402e+01
   6.5885430e+06   4.5654297e+01
   6.5941180e+06   4.6386719e+01
   6.6174390e+06   4.8583984e+01
   6.6178460e+06   7.6293945e+01
   6.6181560e+06   6.6406250e+01
   6.6181980e+06   5.3710938e+01
   6.6183410e+06   4.6569824e+01
   6.6184570e+06   5.0659180e+01
   6.6185170e+06   4.6203613e+01
   6.6185520e+06   4.5593262e+01
   6.6186780e+06   5.4504395e+01
   6.6409690e+06   4.5715332e+01
   6.6432130e+06   4.6264648e+01
   6.6433750e+06   7.2937012e+01
   6.6435720e+06   4.9255371e+01
   6.7146570e+06   5.4870605e+01
   6.7421220e+06   4.4738770e+01
   6.7454130e+06   4.6997070e+01
   6.7462220e+06   7.6660156e+01
   6.7464080e+06   5.1147461e+01
   6.7464330e+06   6.0791016e+01
   6.7466360e+06   4.9316406e+01
   6.7466800e+06   5.0292969e+01
   6.7467540e+06   5.0659180e+01
   6.7673980e+06   4.7668457e+01
   6.7674310e+06   7.0007324e+01
   6.7676160e+06   4.8950195e+01
   6.7677950e+06   4.5715332e+01
   6.7681840e+06   4.4616699e+01
   6.7848270e+06   5.1574707e+01
   6.7863780e+06   5.4443359e+01
   6.7864620e+06   4.9377441e+01
   6.7864910e+06   8.9477539e+01
   6.7871010e+06   4.5654297e+01
   6.8079360e+06   4.8889160e+01
   6.8080440e+06   4.5532227e+01
   6.8082410e+06   4.9499512e+01
   6.8277600e+06   5.5114746e+01
   6.8278110e+06   6.2866211e+01
   6.8278650e+06   4.6875000e+01
   6.8280000e+06   4.4677734e+01
   6.8280420e+06   6.1645508e+01
   6.8456990e+06   4.7790527e+01
   6.8457350e+06   5.7739258e+01
   6.8459310e+06   5.3833008e+01
   6.8627880e+06   7.1411133e+01
   6.8629990e+06   4.6447754e+01
   6.8692540e+06   4.8156738e+01
   6.8802490e+06   4.4982910e+01
   6.8803050e+06   4.8828125e+01
   6.8804190e+06   7.5378418e+01
   6.8806300e+06   5.2734375e+01
   6.8811140e+06   4.4250488e+01
   6.8969990e+06   5.5847168e+01
   6.8973550e+06   6.4758301e+01
   6.8975790e+06   4.7180176e+01
   6.8978220e+06   5.8288574e+01
   6.9144180e+06   6.3598633e+01
   6.9146330e+06   4.6752930e+01
   6.9294430e+06   5.6884766e+01
   6.9296640e+06   4.5837402e+01
   6.9555120e+06   4.7790527e+01
   6.9556060e+06   7.6232910e+01
   6.9557220e+06   4.4189453e+01
   6.9557930e+06   5.7617188e+01
   6.9816180e+06   4.5959473e+01
   6.9845820e+06   6.3171387e+01
   7.0115680e+06   4.5837402e+01
   7.0116600e+06   6.7932129e+01
   7.0117100e+06   4.5166016e+01
   7.0118640e+06   5.5541992e+01
   7.0398470e+06   4.7485352e+01
   7.0399600e+06   6.5124512e+01
   7.0401440e+06   4.7119141e+01
   7.0605090e+06   4.7851563e+01
   7.0657480e+06   5.4687500e+01
   7.0659900e+06   4.6813965e+01
   7.0892060e+06   4.7729492e+01
   7.0940920e+06   4.9499512e+01
   7.0942410e+06   6.2072754e+01
   7.0944380e+06   5.5847168e+01
   7.1275670e+06   4.4555664e+01
   7.1275820e+06   6.6650391e+01
   7.1277770e+06   5.2001953e+01
   7.1284210e+06   4.8828125e+01
   7.1565120e+06   4.4982910e+01
   7.1567430e+06   4.5043945e+01
   7.1567610e+06   4.8095703e+01
   7.1568990e+06   4.8095703e+01
   7.1569760e+06   5.6152344e+01
   7.1572120e+06   4.4250488e+01
   7.1902160e+06   4.5654297e+01
   7.1917160e+06   4.7241211e+01
   7.1928250e+06   6.2561035e+01
   7.1929590e+06   4.6203613e+01
   7.1930700e+06   5.5236816e+01
   7.1949560e+06   4.7241211e+01
   7.2334400e+06   4.8400879e+01
   7.2645850e+06   4.6081543e+01
   7.2652670e+06   6.3842773e+01
   7.2655190e+06   5.7739258e+01
   7.2655670e+06   4.4921875e+01
   7.3064160e+06   4.8645020e+01
   7.3066090e+06   4.9133301e+01
   7.3072010e+06   6.1767578e+01
   7.3074380e+06   4.9499512e+01
   7.3074780e+06   4.4494629e+01
   7.3076620e+06   4.9255371e+01
   7.3076860e+06   4.4494629e+01
   7.3516750e+06   4.6752930e+01
   7.3520980e+06   8.4960938e+01
   7.3522070e+06   4.5593262e+01
   7.3523920e+06   6.4392090e+01
   7.3524580e+06   4.7424316e+01
   7.3525620e+06   4.5837402e+01
   7.3526440e+06   6.4819336e+01
   7.3896730e+06   5.4809570e+01
   7.3903510e+06   6.3659668e+01
   7.3907360e+06   7.3181152e+01
   7.3908960e+06   4.4311523e+01
   7.3909610e+06   5.6579590e+01
   7.3910650e+06   4.6875000e+01
   7.3911360e+06   4.4372559e+01
   7.3916300e+06   4.8400879e+01
   7.4377900e+06   5.6152344e+01
   7.4387140e+06   6.5734863e+01
   7.4389950e+06   7.6843262e+01
   7.4392180e+06   4.6630859e+01
   7.4395530e+06   4.9987793e+01
   7.4678100e+06   4.5043945e+01
   7.4778690e+06   4.5532227e+01
   7.4793690e+06   5.6823730e+01
   7.4796670e+06   6.6711426e+01
   7.4799260e+06   4.5043945e+01
   7.4801200e+06   5.3344727e+01
   7.4861400e+06   4.9377441e+01
   7.5011450e+06   4.6081543e+01
   7.5188530e+06   4.4616699e+01
   7.5194950e+06   6.8786621e+01
   7.5197630e+06   6.0363770e+01
   7.5198490e+06   4.6508789e+01
   7.5540250e+06   4.5043945e+01
   7.5552810e+06   6.6772461e+01
   7.5555360e+06   5.3894043e+01
   7.5557910e+06   8.5388184e+01
   7.5561460e+06   5.4565430e+01
   7.5857090e+06   4.6325684e+01
   7.5858140e+06   4.5410156e+01
   7.5872290e+06   6.1706543e+01
   7.5875500e+06   5.8898926e+01
   7.5876080e+06   4.4555664e+01
   7.5878160e+06   4.9133301e+01
   7.6261560e+06   5.0109863e+01
   7.6263350e+06   4.5471191e+01
   7.6277410e+06   6.7016602e+01
   7.6280290e+06   7.5073242e+01
   7.6282580e+06   5.0598145e+01
   7.6289730e+06   4.6264648e+01
   7.6628280e+06   4.6997070e+01
   7.6633750e+06   4.6508789e+01
   7.6638490e+06   6.8115234e+01
   7.6640770e+06   4.7119141e+01
   7.6644070e+06   4.4189453e+01
   7.7036350e+06   5.4077148e+01
   7.7291130e+06   4.7180176e+01
   7.7375330e+06   5.0964355e+01
   7.7484350e+06   5.0354004e+01
   7.7497100e+06   6.7687988e+01
   7.7499630e+06   5.5786133e+01
   7.7501810e+06   4.4738770e+01
   7.7501980e+06   7.6477051e+01
   7.7503860e+06   5.2124023e+01
   7.7506070e+06   5.0720215e+01
   7.7964620e+06   4.4799805e+01
   7.8047340e+06   4.7241211e+01
   7.8071640e+06   7.8063965e+01
   7.8074290e+06   5.5664062e+01
   7.8076590e+06   4.7790527e+01
   7.8453430e+06   4.4311523e+01
   7.8516590e+06   5.2551270e+01
   7.8518350e+06   4.5898438e+01
   7.8527190e+06   4.6020508e+01
   7.8533870e+06   5.9265137e+01
   7.8536590e+06   6.8237305e+01
   7.8537800e+06   5.1269531e+01
   7.8538650e+06   4.7424316e+01
   7.8542570e+06   4.7363281e+01
   7.8860180e+06   4.4616699e+01
   7.8867010e+06   4.5593262e+01
   7.8870860e+06   4.6325684e+01
   7.8873930e+06   4.4982910e+01
   7.8875090e+06   6.9641113e+01
   7.8877800e+06   7.1350098e+01
   7.8882510e+06   4.5898438e+01
   7.9113200e+06   4.7546387e+01
   7.9126570e+06   4.4555664e+01
   7.9128870e+06   5.1757813e+01
   7.9133430e+06   4.6264648e+01
   7.9139210e+06   4.4921875e+01
   7.9160340e+06   7.5317383e+01
   7.9162480e+06   7.5927734e+01
   7.9411110e+06   5.0231934e+01
   7.9421460e+06   4.5410156e+01
   7.9468290e+06   6.7016602e+01
   7.9470230e+06   4.6875000e+01
   7.9475110e+06   4.7485352e+01
   7.9750850e+06   4.5043945e+01
   7.9752170e+06   4.4616699e+01
   7.9777090e+06   6.4819336e+01
   7.9779680e+06   5.2124023e+01
   7.9781620e+06   4.8828125e+01
   8.0064220e+06   4.6813965e+01
   8.0079300e+06   4.4860840e+01
   8.0081360e+06   4.5166016e+01
   8.0088400e+06   7.6599121e+01
   8.0090900e+06   6.4880371e+01
   8.0092810e+06   4.7912598e+01
   8.0236400e+06   5.7739258e+01
   8.0239050e+06   5.5664062e+01
   8.0242060e+06   4.6875000e+01
   8.0245260e+06   4.7241211e+01
   8.0450540e+06   4.5593262e+01
   8.0468200e+06   5.3161621e+01
   8.0469300e+06   4.4189453e+01
   8.0470420e+06   5.2001953e+01
   8.0723050e+06   4.4738770e+01
   8.0777190e+06   4.5532227e+01
   8.0777730e+06   6.8420410e+01
   8.0779770e+06   4.6997070e+01
   8.0779910e+06   4.9682617e+01
   8.0782400e+06   4.6569824e+01
   8.0785050e+06   4.4555664e+01
   8.1078780e+06   5.5114746e+01
   8.1115620e+06   5.0354004e+01
   8.1119820e+06   6.5185547e+01
   8.1121990e+06   5.6518555e+01
   8.1376580e+06   4.5471191e+01
   8.1623610e+06   4.9316406e+01
   8.1643220e+06   4.6997070e+01
   8.1646510e+06   4.8889160e+01
   8.1664900e+06   6.3964844e+01
   8.1667100e+06   6.3415527e+01
   8.1670070e+06   4.4616699e+01
   8.1993120e+06   4.6691895e+01
   8.2031290e+06   4.5227051e+01
   8.2038170e+06   4.7668457e+01
   8.2058830e+06   4.5043945e+01
   8.2061470e+06   4.4738770e+01
   8.2068480e+06   4.4250488e+01
   8.2071430e+06   4.5532227e+01
   8.2091910e+06   6.0302734e+01
   8.2093870e+06   6.1584473e+01
   8.2476770e+06   4.6203613e+01
   8.2478760e+06   5.4626465e+01
   8.2489790e+06   4.7790527e+01
   8.2509980e+06   7.5500488e+01
   8.2512080e+06   5.6030273e+01
   8.3069670e+06   4.7119141e+01
   8.3081920e+06   4.6447754e+01
   8.3089830e+06   4.4738770e+01
   8.3107550e+06   4.9499512e+01
   8.3222270e+06   4.5959473e+01
   8.3595610e+06   4.5654297e+01
   8.3765010e+06   4.4372559e+01
   8.3983850e+06   4.6081543e+01
   8.4313790e+06   4.9377441e+01
   8.4408140e+06   4.5410156e+01
   8.4413330e+06   5.3588867e+01
   8.4763900e+06   4.7973633e+01
   8.4766510e+06   4.6142578e+01
   8.5032730e+06   4.6569824e+01
   8.5300060e+06   5.3344727e+01
   8.5303790e+06   4.6325684e+01
   8.5573220e+06   4.5532227e+01
   8.5577840e+06   4.5043945e+01
   8.5582700e+06   4.5471191e+01
   8.5652430e+06   4.4433594e+01
   8.5844230e+06   4.9926758e+01
   8.5846530e+06   4.7607422e+01
   8.5855690e+06   4.8706055e+01
   8.6053520e+06   4.4799805e+01
   8.6068860e+06   8.6486816e+01
   8.6071090e+06   7.5378418e+01
   8.6073670e+06   4.6447754e+01
   8.6257260e+06   4.4189453e+01
   8.6433130e+06   5.1818848e+01
   8.6441610e+06   4.6936035e+01
   8.6456320e+06   7.5805664e+01
   8.6466450e+06   5.7495117e+01
   8.6469890e+06   6.6467285e+01
   8.6472200e+06   5.4809570e+01
   8.6734240e+06   6.5063477e+01
   8.6737170e+06   7.4218750e+01
   8.6739480e+06   4.4311523e+01
   8.6741360e+06   4.4860840e+01
   8.7059570e+06   5.2124023e+01
   8.7071800e+06   6.5002441e+01
   8.7072250e+06   4.9804688e+01
   8.7073220e+06   5.0842285e+01
   8.7074010e+06   5.0537109e+01
   8.7075000e+06   4.5227051e+01
   8.7369530e+06   5.0170898e+01
   8.7376920e+06   8.2519531e+01
   8.7377230e+06   4.5959473e+01
   8.7379010e+06   6.5307617e+01
   8.7380880e+06   4.7851563e+01
   8.7495020e+06   4.9560547e+01
   8.7665620e+06   4.7058105e+01
   8.7671590e+06   4.7241211e+01
   8.7672810e+06   4.8889160e+01
   8.7673200e+06   5.9387207e+01
   8.7674200e+06   4.6020508e+01
   8.7675880e+06   4.4982910e+01
   8.7677160e+06   4.5227051e+01
   8.7744430e+06   4.4860840e+01
   8.7919690e+06   4.6875000e+01
   8.7923300e+06   4.7607422e+01
   8.7926390e+06   4.6142578e+01
   8.7926950e+06   4.5410156e+01
   8.7928440e+06   5.6762695e+01
   8.7930340e+06   5.4199219e+01
   8.7932280e+06   4.9804688e+01
   8.8219160e+06   4.7119141e+01
   8.8221050e+06   4.5288086e+01
   8.8222890e+06   7.4096680e+01
   8.8222990e+06   5.4443359e+01
   8.8224150e+06   4.5471191e+01
   8.8224730e+06   4.5715332e+01
   8.8227380e+06   4.5104980e+01
   8.8231820e+06   5.0476074e+01
   8.8539280e+06   6.6406250e+01
   8.8541070e+06   6.5856934e+01
   8.8543570e+06   5.3039551e+01
   8.8784770e+06   4.9499512e+01
   8.8787410e+06   5.2429199e+01
   8.8788630e+06   7.4890137e+01
   8.8790450e+06   4.8828125e+01
   8.9104330e+06   5.1086426e+01
   8.9109310e+06   5.0231934e+01
   8.9110640e+06   5.1452637e+01
   8.9111350e+06   6.6955566e+01
   8.9111650e+06   4.9194336e+01
   8.9112810e+06   4.4372559e+01
   8.9113270e+06   5.6640625e+01
   8.9117620e+06   5.1513672e+01
   8.9396390e+06   4.8645020e+01
   8.9400290e+06   4.5288086e+01
   8.9403350e+06   4.5776367e+01
   8.9404140e+06   5.4504395e+01
   8.9405860e+06   4.7180176e+01
   9.2117120e+06   5.7678223e+01
   9.2119810e+06   5.7128906e+01
   9.2127960e+06   4.5898438e+01
   9.2136960e+06   4.4494629e+01
   9.2140100e+06   4.6203613e+01
   9.2722660e+06   5.4077148e+01
   9.2724490e+06   4.5104980e+01
   9.2726730e+06   5.3955078e+01
   9.2729490e+06   7.6538086e+01
   9.2733340e+06   5.5419922e+01
   9.2734850e+06   4.8400879e+01
   9.2837920e+06   4.6936035e+01
   9.2842810e+06   4.6630859e+01
   9.2929180e+06   4.6508789e+01
   9.3160490e+06   4.4860840e+01
   9.3164750e+06   8.3068848e+01
   9.3164900e+06   5.6396484e+01
   9.3165820e+06   5.5847168e+01
   9.3166380e+06   6.3232422e+01
   9.3169670e+06   4.6142578e+01
   9.3179080e+06   4.6325684e+01
   9.3300490e+06   4.5410156e+01
   9.3525980e+06   5.6518555e+01
   9.3545090e+06   4.9194336e+01
   9.3555450e+06   4.9560547e+01
   9.3560920e+06   5.4809570e+01
   9.3561230e+06   5.7006836e+01
   9.3561940e+06   5.2001953e+01
   9.3562310e+06   4.6813965e+01
   9.3562500e+06   6.2500000e+01
   9.3564160e+06   4.4677734e+01
   9.3574790e+06   4.4372559e+01
   9.3670420e+06   5.3771973e+01
   9.3976070e+06   4.8278809e+01
   9.4032140e+06   4.6386719e+01
   9.4032280e+06   6.2133789e+01
   9.4033800e+06   4.4555664e+01
   9.4034320e+06   5.4504395e+01
   9.4220160e+06   4.8278809e+01
   9.4221650e+06   7.5439453e+01
   9.4223690e+06   5.6701660e+01
   9.4226320e+06   6.0119629e+01
   9.4410850e+06   5.7678223e+01
   9.4411110e+06   8.3068848e+01
   9.4412840e+06   5.3222656e+01
   9.4414980e+06   5.4199219e+01
   9.4503370e+06   4.4738770e+01
   9.4588150e+06   5.3100586e+01
   9.4589800e+06   6.5368652e+01
   9.4591920e+06   5.7861328e+01
   9.4595580e+06   4.5654297e+01
   9.4754260e+06   5.1147461e+01
   9.4756670e+06   5.7739258e+01
   9.4758810e+06   4.9926758e+01
   9.4761500e+06   5.0598145e+01
   9.4917740e+06   4.4311523e+01
   9.4925150e+06   5.5603027e+01
   9.4927150e+06   6.4636230e+01
   9.4929670e+06   4.4189453e+01
   9.5079920e+06   4.4189453e+01
   9.5083230e+06   6.4636230e+01
   9.5085480e+06   6.0729980e+01
   9.5087920e+06   5.7250977e+01
   9.5294860e+06   4.7851562e+01
   9.5295930e+06   5.8349609e+01
   9.5296290e+06   5.1086426e+01
   9.5298130e+06   6.0058594e+01
   9.5493820e+06   5.1025391e+01
   9.5495930e+06   4.6020508e+01
   9.5498340e+06   7.8491211e+01
   9.5500610e+06   5.1208496e+01
   9.5502720e+06   4.7912598e+01
   9.5731520e+06   4.6630859e+01
   9.5754380e+06   4.5654297e+01
   9.5756180e+06   7.5256348e+01
   9.5758100e+06   4.9926758e+01
   9.5995070e+06   4.4921875e+01
   9.5997690e+06   4.6569824e+01
   9.5999640e+06   5.6030273e+01
   9.6001350e+06   5.2551270e+01
   9.6003890e+06   5.0903320e+01
   9.6225650e+06   4.6997070e+01
   9.6230390e+06   5.2429199e+01
   9.6232470e+06   4.7668457e+01
   9.6235070e+06   4.8522949e+01
   9.6466690e+06   4.5227051e+01
   9.6473930e+06   4.5898438e+01
   9.6490840e+06   4.5898438e+01
   9.6491760e+06   5.9936523e+01
   9.6492890e+06   5.5297852e+01
   9.6494170e+06   4.4738770e+01
   9.6496320e+06   5.3894043e+01
   9.6505990e+06   4.8217773e+01
   9.6723310e+06   5.0170898e+01
   9.6726600e+06   4.5654297e+01
   9.6733090e+06   4.6508789e+01
   9.6740410e+06   4.7180176e+01
   9.6742360e+06   7.4707031e+01
   9.7009470e+06   5.1086426e+01
   9.7010480e+06   7.0251465e+01
   9.7012400e+06   4.8583984e+01
   9.7312250e+06   4.7851562e+01
   9.7328000e+06   6.3842773e+01
   9.7593240e+06   4.9682617e+01
   9.7614800e+06   4.7119141e+01
   9.7620220e+06   5.2062988e+01
   9.7622650e+06   4.9316406e+01
   9.7622750e+06   6.9519043e+01
   9.7624030e+06   4.7180176e+01
   9.7625000e+06   5.9936523e+01
   9.9182160e+06   4.9072266e+01
   9.9467390e+06   4.6936035e+01
   9.9624200e+06   5.3039551e+01
   9.9876780e+06   4.4799805e+01
   9.9953370e+06   4.4494629e+01
   1.0005220e+07   4.4616699e+01
   1.0005857e+07   4.6936035e+01
   1.0006347e+07   5.3833008e+01
   1.0006608e+07   4.4433594e+01
   1.0007679e+07   6.9030762e+01
   1.0007868e+07   6.6772461e+01
   1.0008323e+07   4.6142578e+01
   1.0008583e+07   4.5471191e+01
   1.0033304e+07   4.8583984e+01
   1.0085871e+07   4.9682617e+01
   1.0094639e+07   4.8950195e+01
   1.0096000e+07   4.6875000e+01
   1.0103072e+07   4.5593262e+01
   1.0129837e+07   4.5227051e+01
   1.0142109e+07   4.5654297e+01
   1.0142266e+07   4.5898438e+01
   1.0143525e+07   4.9987793e+01
   1.0146201e+07   4.5959473e+01
   1.0149314e+07   4.6936035e+01
   1.0152963e+07   4.9194336e+01
   1.0164763e+07   4.7424316e+01
   1.0165964e+07   4.8767090e+01
   1.0166509e+07   4.7119141e+01
   1.0166725e+07   4.4982910e+01
   1.0166843e+07   4.5349121e+01
   1.0181827e+07   4.7241211e+01
   1.0182036e+07   4.6936035e+01
   1.0182674e+07   4.4616699e+01
   1.0183825e+07   4.4250488e+01
   1.0184156e+07   4.6203613e+01
   1.0185320e+07   4.5227051e+01
   1.0186655e+07   5.0903320e+01
   1.0186850e+07   8.0627441e+01
   1.0187012e+07   4.7668457e+01
   1.0187306e+07   4.7302246e+01
   1.0187391e+07   4.9560547e+01
   1.0198823e+07   4.5898438e+01
   1.0218310e+07   4.5654297e+01
   1.0232575e+07   4.5593262e+01
   1.0232789e+07   4.6203613e+01
   1.0233965e+07   7.6782227e+01
   1.0234185e+07   5.5175781e+01
   1.0234536e+07   4.9804688e+01
   1.0263973e+07   4.5532227e+01
   1.0274367e+07   4.4799805e+01
   1.0275681e+07   4.4433594e+01
   1.0275865e+07   8.2641602e+01
   1.0276064e+07   6.0607910e+01
   1.0276096e+07   4.7912598e+01
   1.0297899e+07   4.8217773e+01
   1.0298230e+07   4.5715332e+01
   1.0298357e+07   7.4829102e+01
   1.0298532e+07   5.8837891e+01
   1.0298703e+07   5.4260254e+01
   1.0310664e+07   4.7790527e+01
   1.0313831e+07   4.7180176e+01
   1.0316268e+07   5.2734375e+01
   1.0317169e+07   4.5532227e+01
   1.0317478e+07   4.6447754e+01
   1.0317706e+07   6.7077637e+01
   1.0317895e+07   5.8105469e+01
   1.0335870e+07   5.2429199e+01
   1.0335940e+07   6.2866211e+01
   1.0336153e+07   4.7119141e+01
   1.0355228e+07   4.9865723e+01
   1.0355338e+07   7.2021484e+01
   1.0355430e+07   4.4189453e+01
   1.0355553e+07   4.7607422e+01
   1.0371540e+07   4.6813965e+01
   1.0371767e+07   7.2082520e+01
   1.0371980e+07   5.2795410e+01
   1.0388337e+07   7.0556641e+01
   1.0388555e+07   5.3344727e+01
   1.0388823e+07   4.4921875e+01
   1.0389455e+07   4.4860840e+01
   1.0405700e+07   4.4555664e+01
   1.0407943e+07   7.7148438e+01
   1.0408157e+07   5.2307129e+01
   1.0419941e+07   4.7973633e+01
   1.0425111e+07   4.7241211e+01
   1.0426106e+07   7.6965332e+01
   1.0426322e+07   5.3283691e+01
   1.0426601e+07   5.4504395e+01
   1.0444320e+07   4.8461914e+01
   1.0444461e+07   7.0922852e+01
   1.0444683e+07   5.0598145e+01
   1.0446296e+07   4.8278809e+01
   1.0461210e+07   4.4189453e+01
   1.0463612e+07   7.0129395e+01
   1.0463820e+07   5.2185059e+01
   1.0486717e+07   5.7067871e+01
   1.0486950e+07   4.9133301e+01
   1.0487177e+07   4.7485352e+01
   1.0506959e+07   4.6325684e+01
   1.0507371e+07   4.4982910e+01
   1.0507765e+07   7.6110840e+01
   1.0507993e+07   4.4738770e+01
   1.0531148e+07   4.6875000e+01
   1.0531738e+07   4.4555664e+01
   1.0532293e+07   7.2509766e+01
   1.0532489e+07   5.5175781e+01
   1.0532521e+07   4.6630859e+01
   1.0532716e+07   4.5532227e+01
   1.0552348e+07   4.6447754e+01
   1.0553290e+07   4.4982910e+01
   1.0554079e+07   5.8776855e+01
   1.0554311e+07   4.7729492e+01
   1.0564917e+07   4.6997070e+01
   1.0576152e+07   5.4687500e+01
   1.0579835e+07   4.4250488e+01
   1.0580548e+07   6.0607910e+01
   1.0580771e+07   4.7363281e+01
   1.0603318e+07   4.4616699e+01
   1.0612412e+07   5.0476074e+01
   1.0612679e+07   4.5227051e+01
   1.0613167e+07   6.7504883e+01
   1.0613366e+07   6.1828613e+01
   1.0613567e+07   4.4799805e+01
   1.0750978e+07   4.9865723e+01
   1.0835546e+07   4.4433594e+01
   1.0859491e+07   4.5410156e+01
   1.0889761e+07   5.1574707e+01
   1.0895723e+07   4.7119141e+01
   1.0900449e+07   4.6142578e+01
   1.0914158e+07   4.5104980e+01
   1.0914960e+07   6.0913086e+01
   1.0915144e+07   5.6579590e+01
   1.0915331e+07   5.2856445e+01
   1.0915462e+07   5.8044434e+01
   1.0915664e+07   4.4433594e+01
   1.0916730e+07   4.5410156e+01
   1.0972193e+07   4.7119141e+01
   1.1014202e+07   5.7861328e+01
   1.1015336e+07   5.2551270e+01
   1.1015540e+07   4.6142578e+01
   1.1015722e+07   4.9987793e+01
   1.1016489e+07   6.9152832e+01
   1.1016691e+07   5.5725098e+01
   1.1016944e+07   6.7077637e+01
   1.1017207e+07   4.6508789e+01
   1.1043806e+07   4.5288086e+01
   1.1067198e+07   4.6630859e+01
   1.1072036e+07   4.4921875e+01
   1.1072068e+07   7.3608398e+01
   1.1072205e+07   4.4982910e+01
   1.1072250e+07   6.2072754e+01
   1.1072405e+07   4.6386719e+01
   1.1072483e+07   4.6203613e+01
   1.1134235e+07   4.5593262e+01
   1.1135592e+07   4.9804688e+01
   1.1138863e+07   4.4494629e+01
   1.1141183e+07   4.4189453e+01
   1.1141666e+07   5.1513672e+01
   1.1141768e+07   4.4250488e+01
   1.1142029e+07   4.5837402e+01
   1.1142313e+07   6.2683105e+01
   1.1142475e+07   4.5959473e+01
   1.1142690e+07   5.6884766e+01
   1.1164132e+07   5.0048828e+01
   1.1173576e+07   4.4189453e+01
   1.1175234e+07   4.5288086e+01
   1.1175822e+07   6.2561035e+01
   1.1175974e+07   4.8400879e+01
   1.1176033e+07   4.4738770e+01
   1.1176171e+07   5.6457520e+01
   1.1199734e+07   4.5532227e+01
   1.1199797e+07   7.8369141e+01
   1.1199830e+07   4.5654297e+01
   1.1199978e+07   5.6213379e+01
   1.1200175e+07   4.8950195e+01
   1.1215387e+07   4.7729492e+01
   1.1218761e+07   8.0261230e+01
   1.1218830e+07   4.8889160e+01
   1.1218975e+07   5.0720215e+01
   1.1235235e+07   7.0373535e+01
   1.1235438e+07   5.5725098e+01
   1.1235669e+07   4.7607422e+01
   1.1251192e+07   5.6457520e+01
   1.1251669e+07   5.2124023e+01
   1.1268414e+07   6.2988281e+01
   1.1268614e+07   6.7260742e+01
   1.1268860e+07   4.5166016e+01
   1.1286649e+07   5.8715820e+01
   1.1286866e+07   5.6762695e+01
   1.1286910e+07   4.6936035e+01
   1.1306438e+07   4.8522949e+01
   1.1307205e+07   5.9753418e+01
   1.1307425e+07   5.5236816e+01
   1.1326872e+07   6.2622070e+01
   1.1327353e+07   4.9560547e+01
   1.1348732e+07   4.5593262e+01
   1.1349707e+07   4.4250488e+01
   1.1350852e+07   7.3364258e+01
   1.1351100e+07   4.8828125e+01
   1.1368191e+07   4.4738770e+01
   1.1371095e+07   4.8400879e+01
   1.1371147e+07   8.8684082e+01
   1.1371357e+07   4.9804688e+01
   1.1390892e+07   7.0007324e+01
   1.1391100e+07   5.4809570e+01
   1.1391343e+07   4.9560547e+01
   1.1408618e+07   6.3964844e+01
   1.1408781e+07   4.5227051e+01
   1.1408863e+07   5.4077148e+01
   1.1409170e+07   4.5410156e+01
   1.1409470e+07   4.8767090e+01
   1.1425681e+07   4.6386719e+01
   1.1427925e+07   4.4616699e+01
   1.1427984e+07   7.9833984e+01
   1.1447819e+07   4.5227051e+01
   1.1448517e+07   5.7495117e+01
   1.1448745e+07   5.7861328e+01
   1.1449029e+07   4.5166016e+01
   1.1469563e+07   7.1899414e+01
   1.1469821e+07   5.1757812e+01
   1.1470110e+07   4.6997070e+01
   1.1492817e+07   4.8706055e+01
   1.1493822e+07   5.2246094e+01
   1.1493927e+07   4.8645020e+01
   1.1494145e+07   5.2673340e+01
   1.1525576e+07   6.3049316e+01
   1.1525771e+07   4.7912598e+01
   1.1526034e+07   5.1086426e+01
   1.1543984e+07   4.6508789e+01
   1.1678859e+07   4.4555664e+01
   1.1687370e+07   4.4494629e+01
   1.1742702e+07   4.8828125e+01
   1.1790230e+07   4.5654297e+01
   1.1871890e+07   4.7485352e+01
   1.1872237e+07   4.5959473e+01
   1.1872967e+07   7.6843262e+01
   1.1873166e+07   6.5185547e+01
   1.1873230e+07   4.5410156e+01
   1.1907431e+07   4.4372559e+01
   1.1929433e+07   4.5410156e+01
   1.1929969e+07   5.1818848e+01
   1.1930461e+07   4.7119141e+01
   1.1931758e+07   5.1147461e+01
   1.1935196e+07   5.4016113e+01
   1.1950325e+07   5.1330566e+01
   1.1955391e+07   5.3344727e+01
   1.1987155e+07   4.5410156e+01
   1.1987800e+07   4.9377441e+01
   1.1988110e+07   4.6081543e+01
   1.1990435e+07   4.5532227e+01
   1.1993648e+07   4.6081543e+01
   1.1995973e+07   4.4189453e+01
   1.1996146e+07   4.5349121e+01
   1.1996332e+07   5.3344727e+01
