   1.1999000e+07   0.0000000e+00
   4.6452000e+04   5.1025391e+01
   8.8038000e+04   4.9865723e+01
   8.8856000e+04   4.5288086e+01
   2.3249900e+05   4.7424316e+01
   2.3263700e+05   4.7119141e+01
   2.3370700e+05   4.5410156e+01
   2.8048100e+05   6.4697266e+01
   3.6801600e+05   4.6081543e+01
   3.6888000e+05   4.9011230e+01
   4.1040500e+05   4.5532227e+01
   4.8647900e+05   4.6203613e+01
   9.8196900e+05   4.9194336e+01
   1.1774980e+06   4.6386719e+01
   1.1782830e+06   4.6752930e+01
   1.2318100e+06   4.7119141e+01
   1.2320880e+06   5.0292969e+01
   1.2586570e+06   4.5288086e+01
   1.2587780e+06   4.5043945e+01
   1.2594490e+06   4.5471191e+01
   1.2901610e+06   4.8522949e+01
   1.5378600e+06   4.6752930e+01
   1.5379750e+06   4.6936035e+01
   1.5380650e+06   4.9194336e+01
   1.5381000e+06   5.2795410e+01
   1.5381440e+06   4.7119141e+01
   1.5382080e+06   4.6875000e+01
   1.5573340e+06   4.5471191e+01
   1.5575970e+06   4.7851563e+01
   1.7474820e+06   5.2246094e+01
   1.7475170e+06   5.1086426e+01
   1.7475930e+06   5.0964355e+01
   1.7477420e+06   5.0170898e+01
   1.7673510e+06   4.7668457e+01
   1.7675610e+06   4.5959473e+01
   1.7676700e+06   5.1635742e+01
   1.8376550e+06   4.4799805e+01
   1.9320690e+06   4.8095703e+01
   1.9768400e+06   4.5532227e+01
   1.9771510e+06   4.6569824e+01
   2.0096270e+06   4.5776367e+01
   2.0810110e+06   4.5593262e+01
   2.0811850e+06   4.5898438e+01
   2.1053180e+06   5.4870605e+01
   2.1053300e+06   4.6203613e+01
   2.1465700e+06   4.5959473e+01
   2.1758820e+06   4.7790527e+01
   2.2981960e+06   5.0537109e+01
   2.2983760e+06   4.4921875e+01
   2.2992370e+06   4.4860840e+01
   2.6448020e+06   4.7119141e+01
   2.6452350e+06   4.4982910e+01
   2.8037380e+06   4.4860840e+01
   2.8039160e+06   4.7241211e+01
   2.8042410e+06   5.3344727e+01
   2.9898150e+06   5.1269531e+01
   2.9898720e+06   4.7363281e+01
   2.9900070e+06   4.9621582e+01
   3.0117390e+06   5.0598145e+01
   3.0120250e+06   4.4982910e+01
   3.0121590e+06   4.5654297e+01
   3.0578980e+06   4.8156738e+01
   3.3220350e+06   5.7067871e+01
   3.3221330e+06   4.8400879e+01
   3.3221590e+06   4.9560547e+01
   3.3222780e+06   5.4992676e+01
   3.3421290e+06   4.5471191e+01
   3.3623000e+06   4.9011230e+01
   3.3638160e+06   4.6691895e+01
   3.5124340e+06   5.4443359e+01
   3.5125030e+06   4.5654297e+01
   3.5125290e+06   5.8349609e+01
   3.5129420e+06   4.8828125e+01
   3.5942090e+06   4.6081543e+01
   3.6788300e+06   4.5166016e+01
   3.7087430e+06   4.8889160e+01
   3.7087730e+06   4.7241211e+01
   3.7091400e+06   4.5593262e+01
   3.7097150e+06   4.7668457e+01
   3.7812970e+06   4.7546387e+01
   3.8348130e+06   5.2185059e+01
   3.8792380e+06   4.8400879e+01
   3.8792990e+06   4.6997070e+01
   3.8795190e+06   4.5532227e+01
   3.8800720e+06   4.6142578e+01
   3.9505510e+06   4.6508789e+01
   4.0189280e+06   4.6997070e+01
   4.0190010e+06   4.4799805e+01
   4.0727350e+06   4.7363281e+01
   4.0733800e+06   4.6386719e+01
   4.0734860e+06   4.4799805e+01
   4.1774540e+06   5.0964355e+01
   4.2177750e+06   4.6569824e+01
   4.2753070e+06   4.6264648e+01
   4.3017390e+06   4.4799805e+01
   4.3022670e+06   4.9011230e+01
   4.4133420e+06   4.7851562e+01
   4.5389270e+06   4.5654297e+01
   4.5389440e+06   4.9743652e+01
   4.7607930e+06   5.0354004e+01
   4.7608560e+06   4.5654297e+01
   4.7928520e+06   4.6875000e+01
   4.8516020e+06   4.8706055e+01
   4.8785240e+06   4.6752930e+01
   4.9296550e+06   4.6142578e+01
   4.9700760e+06   4.9438477e+01
   5.0152870e+06   4.9682617e+01
   5.0530340e+06   5.3527832e+01
   5.0972550e+06   4.6020508e+01
   5.0973420e+06   4.6569824e+01
   5.0975500e+06   4.5104980e+01
   5.0975750e+06   4.6630859e+01
   5.1359150e+06   4.5715332e+01
   5.2078880e+06   4.4982910e+01
   5.2461030e+06   5.1025391e+01
   5.2903300e+06   4.5043945e+01
   5.3288810e+06   4.5898438e+01
   5.3290610e+06   4.6386719e+01
   5.4000680e+06   4.5227051e+01
   5.4001600e+06   4.9560547e+01
   5.4299260e+06   4.5959473e+01
   5.4299470e+06   4.4982910e+01
   5.4740050e+06   4.7363281e+01
   5.5095050e+06   4.7973633e+01
   5.5397850e+06   4.7912598e+01
   5.5399180e+06   5.1513672e+01
   5.5402340e+06   4.9316406e+01
   6.0443690e+06   5.0659180e+01
   6.0710300e+06   4.5898438e+01
   6.0717160e+06   4.5349121e+01
   6.1013480e+06   4.7302246e+01
   6.1225260e+06   4.7668457e+01
   6.1438500e+06   4.4982910e+01
   6.1780980e+06   4.4799805e+01
   6.1974800e+06   4.5959473e+01
   6.6439550e+06   5.2856445e+01
   6.7465790e+06   4.5349121e+01
   6.7466840e+06   4.6508789e+01
   6.7468690e+06   5.1269531e+01
   6.7675100e+06   4.5166016e+01
   6.7678560e+06   4.9926758e+01
   6.7867510e+06   4.4921875e+01
   6.8459970e+06   4.6386719e+01
   6.8460620e+06   4.6508789e+01
   6.8463570e+06   4.7058105e+01
   6.9849520e+06   4.8583984e+01
   7.0118690e+06   4.5471191e+01
   7.0122480e+06   5.5908203e+01
   7.0941940e+06   4.8034668e+01
   7.1573400e+06   4.5837402e+01
   7.1934090e+06   4.7119141e+01
   7.3078820e+06   4.6508789e+01
   7.3081920e+06   4.8583984e+01
   7.3082080e+06   4.7363281e+01
   7.3912620e+06   4.7302246e+01
   7.3915300e+06   4.8522949e+01
   7.5205500e+06   4.5959473e+01
   7.5560370e+06   5.1330566e+01
   7.6292270e+06   5.9387207e+01
   7.7501550e+06   5.0598145e+01
   7.7506090e+06   4.4921875e+01
   7.8086540e+06   4.8889160e+01
   7.8881460e+06   4.7119141e+01
   8.0784110e+06   4.5104980e+01
   8.1668060e+06   4.5166016e+01
   8.2524320e+06   4.6264648e+01
   8.6071270e+06   5.6213379e+01
   8.6474590e+06   5.2551270e+01
   8.6741840e+06   5.1391602e+01
   8.6744040e+06   4.6325684e+01
   8.6748180e+06   4.5043945e+01
   8.6752160e+06   4.6203613e+01
   8.7073580e+06   4.8095703e+01
   8.7381370e+06   4.6447754e+01
   8.7676650e+06   4.5349121e+01
   8.7687940e+06   4.9011230e+01
   8.8542550e+06   5.2368164e+01
   8.8543070e+06   5.1025391e+01
   8.8548980e+06   4.7851562e+01
   8.8794840e+06   4.9072266e+01
   8.8796180e+06   4.5227051e+01
   8.8799160e+06   5.3955078e+01
   9.2732810e+06   4.8217773e+01
   9.4033710e+06   5.4870605e+01
   9.4034300e+06   4.7058105e+01
   9.4035160e+06   5.2612305e+01
   9.4037520e+06   4.4799805e+01
   9.4420580e+06   4.6142578e+01
   9.5767810e+06   5.1269531e+01
   9.6742870e+06   4.5776367e+01
   9.7336600e+06   4.5715332e+01
   9.7626120e+06   5.5541992e+01
   9.7629960e+06   4.7729492e+01
   1.0008074e+07   4.6142578e+01
   1.0187233e+07   4.5043945e+01
   1.0276118e+07   4.6020508e+01
   1.0276531e+07   4.5715332e+01
   1.0408295e+07   4.7790527e+01
   1.0915200e+07   4.5349121e+01
   1.0915713e+07   4.6203613e+01
   1.1016842e+07   5.9631348e+01
   1.1142441e+07   4.5837402e+01
   1.1142545e+07   4.8767090e+01
   1.1142816e+07   4.8217773e+01
   1.1145084e+07   4.5837402e+01
   1.1219134e+07   4.6813965e+01
   1.1219804e+07   4.6447754e+01
   1.1268998e+07   5.0109863e+01
   1.1351836e+07   4.5349121e+01
   1.1391939e+07   5.1574707e+01
   1.1470751e+07   5.0109863e+01
   1.1494839e+07   4.8278809e+01
