   1.1999000e+07   0.0000000e+00
   4.6197000e+04   6.8847656e+01
   4.6393000e+04   5.8471680e+01
   4.6630000e+04   6.0058594e+01
   4.7174000e+04   5.1513672e+01
   4.8048000e+04   5.1574707e+01
   8.8057000e+04   7.9467773e+01
   8.8211000e+04   5.6152344e+01
   8.8430000e+04   5.2368164e+01
   8.9507000e+04   5.9387207e+01
   1.4867000e+05   6.3171387e+01
   1.4887500e+05   6.2622070e+01
   1.4923500e+05   5.4870605e+01
   1.4946500e+05   5.3222656e+01
   1.5053000e+05   5.0415039e+01
   2.3269100e+05   8.2153320e+01
   2.3312000e+05   5.8044434e+01
   2.3375800e+05   4.9133301e+01
   2.3447700e+05   5.3833008e+01
   2.8047500e+05   6.8176270e+01
   2.8073400e+05   5.4443359e+01
   2.8112500e+05   5.2429199e+01
   2.8157900e+05   5.1757812e+01
   2.8181100e+05   5.1696777e+01
   3.2773400e+05   7.1105957e+01
   3.2842300e+05   6.1462402e+01
   3.2865200e+05   5.8593750e+01
   3.2915700e+05   4.9438477e+01
   3.2977200e+05   5.7739258e+01
   3.6806600e+05   7.9589844e+01
   3.6856500e+05   5.5664063e+01
   3.8112600e+05   5.8776855e+01
   3.8162000e+05   5.3222656e+01
   4.1004300e+05   5.8349609e+01
   4.1018200e+05   5.1452637e+01
   4.1116500e+05   4.9926758e+01
   4.2381900e+05   6.8298340e+01
   4.2407300e+05   5.9875488e+01
   4.2467000e+05   4.9743652e+01
   4.4742300e+05   6.8786621e+01
   4.4768500e+05   5.7067871e+01
   4.4825500e+05   5.8471680e+01
   4.4858000e+05   5.8532715e+01
   4.4940100e+05   4.9499512e+01
   4.8575600e+05   5.7434082e+01
   4.8592800e+05   6.0852051e+01
   4.8630400e+05   5.0292969e+01
   4.8709700e+05   5.0354004e+01
   5.3468400e+05   6.8542480e+01
   5.3485700e+05   6.2805176e+01
   5.3523200e+05   6.1950684e+01
   5.3683500e+05   5.3771973e+01
   9.8175900e+05   7.4096680e+01
   9.8193800e+05   7.4890137e+01
   9.8226300e+05   5.6030273e+01
   9.8327800e+05   4.8767090e+01
   1.1775600e+06   7.2570801e+01
   1.1778700e+06   5.6518555e+01
   1.1791800e+06   5.6701660e+01
   1.1985340e+06   7.4645996e+01
   1.1987930e+06   5.8166504e+01
   1.1991330e+06   6.0363770e+01
   1.1994130e+06   5.1147461e+01
   1.2315900e+06   6.6528320e+01
   1.2317430e+06   6.4147949e+01
   1.2319790e+06   5.1452637e+01
   1.2333290e+06   5.0170898e+01
   1.2585270e+06   6.9091797e+01
   1.2587170e+06   5.7006836e+01
   1.2590860e+06   5.0903320e+01
   1.2901800e+06   7.1166992e+01
   1.2903460e+06   5.0415039e+01
   1.2907970e+06   4.9560547e+01
   1.5378360e+06   7.1350098e+01
   1.5379900e+06   6.2988281e+01
   1.5381800e+06   5.6945801e+01
   1.5383910e+06   5.1147461e+01
   1.5393210e+06   5.3405762e+01
   1.5396910e+06   5.8105469e+01
   1.5573650e+06   6.9458008e+01
   1.5580170e+06   5.3222656e+01
   1.5582740e+06   5.5480957e+01
   1.5586060e+06   5.0659180e+01
   1.5592450e+06   4.8767090e+01
   1.5597440e+06   5.3527832e+01
   1.7476450e+06   6.1462402e+01
   1.7478360e+06   7.2082520e+01
   1.7481800e+06   5.4138184e+01
   1.7485660e+06   5.0415039e+01
   1.7488990e+06   5.9448242e+01
   1.7493870e+06   5.0720215e+01
   1.7670270e+06   6.1706543e+01
   1.7675610e+06   7.3791504e+01
   1.7677420e+06   5.0781250e+01
   1.7680470e+06   5.6579590e+01
   1.7881700e+06   7.2937012e+01
   1.7885770e+06   4.9865723e+01
   1.7888020e+06   5.9936523e+01
   1.7891700e+06   5.4992676e+01
   1.8374160e+06   6.0852051e+01
   1.8378570e+06   6.3903809e+01
   1.9317000e+06   6.2072754e+01
   1.9318670e+06   5.2490234e+01
   1.9320800e+06   5.3283691e+01
   1.9322560e+06   5.2978516e+01
   1.9328320e+06   5.8227539e+01
   1.9765820e+06   7.3852539e+01
   1.9768650e+06   5.3405762e+01
   1.9771070e+06   5.2368164e+01
   1.9773160e+06   5.3527832e+01
   1.9780600e+06   5.2001953e+01
   2.0097580e+06   6.8908691e+01
   2.0102220e+06   5.5908203e+01
   2.0104480e+06   4.8706055e+01
   2.0107650e+06   6.1889648e+01
   2.0121610e+06   5.2551270e+01
   2.0491650e+06   7.6171875e+01
   2.0493390e+06   6.8664551e+01
   2.0496550e+06   5.8471680e+01
   2.0500600e+06   4.8400879e+01
   2.0504100e+06   4.9926758e+01
   2.0511570e+06   5.2124023e+01
   2.0807510e+06   6.0302734e+01
   2.0808910e+06   5.5725098e+01
   2.0815280e+06   5.5908203e+01
   2.0818840e+06   5.2368164e+01
   2.1049640e+06   6.1157227e+01
   2.1052430e+06   4.8278809e+01
   2.1055990e+06   5.5541992e+01
   2.1063220e+06   5.0415039e+01
   2.1238040e+06   7.1716309e+01
   2.1240160e+06   4.9255371e+01
   2.1243750e+06   6.7321777e+01
   2.1460980e+06   6.5124512e+01
   2.1463430e+06   5.0415039e+01
   2.1468640e+06   6.3415527e+01
   2.1753930e+06   7.4645996e+01
   2.1757890e+06   5.5847168e+01
   2.1761490e+06   5.0415039e+01
   2.1764100e+06   5.6030273e+01
   2.1767390e+06   5.5969238e+01
   2.1775350e+06   5.1330566e+01
   2.2108760e+06   6.7138672e+01
   2.2112160e+06   7.1166992e+01
   2.2114890e+06   5.0964355e+01
   2.2124560e+06   5.8044434e+01
   2.2383810e+06   6.4575195e+01
   2.2385810e+06   6.0852051e+01
   2.2389590e+06   6.7077637e+01
   2.2394120e+06   5.1879883e+01
   2.2693160e+06   7.0068359e+01
   2.2695780e+06   5.0476074e+01
   2.2699600e+06   5.5847168e+01
   2.2980210e+06   6.4636230e+01
   2.2986300e+06   5.9448242e+01
   2.2989150e+06   5.4565430e+01
   2.6450200e+06   6.9458008e+01
   2.6452690e+06   6.7382812e+01
   2.6457500e+06   5.3955078e+01
   2.6460020e+06   4.9072266e+01
   2.8038450e+06   7.0983887e+01
   2.8039740e+06   5.0292969e+01
   2.8041360e+06   5.4138184e+01
   2.8048800e+06   5.0476074e+01
   2.8052580e+06   4.9316406e+01
   2.9899590e+06   6.9152832e+01
   2.9901480e+06   5.1147461e+01
   2.9903240e+06   5.1757812e+01
   2.9904860e+06   4.9621582e+01
   2.9907190e+06   5.1086426e+01
   2.9909350e+06   4.8767090e+01
   2.9911620e+06   4.9438477e+01
   2.9916490e+06   5.1574707e+01
   2.9925810e+06   5.3161621e+01
   3.0112190e+06   7.7270508e+01
   3.0116420e+06   5.2062988e+01
   3.0119860e+06   5.7434082e+01
   3.0122000e+06   5.8837891e+01
   3.0125200e+06   4.9011230e+01
   3.0129400e+06   4.9926758e+01
   3.0360660e+06   6.4819336e+01
   3.0363980e+06   4.8522949e+01
   3.0366630e+06   5.7250977e+01
   3.0368920e+06   4.9377441e+01
   3.0372530e+06   5.7861328e+01
   3.0578780e+06   7.2387695e+01
   3.0581910e+06   6.3049316e+01
   3.0589220e+06   5.6213379e+01
   3.3223250e+06   6.5979004e+01
   3.3224990e+06   5.2612305e+01
   3.3229470e+06   5.3771973e+01
   3.3235510e+06   5.0598145e+01
   3.3244730e+06   5.4687500e+01
   3.3412640e+06   5.2124023e+01
   3.3416050e+06   6.5063477e+01
   3.3419180e+06   6.2438965e+01
   3.3425380e+06   6.5002441e+01
   3.3429460e+06   4.9072266e+01
   3.3621130e+06   5.6518555e+01
   3.3631420e+06   5.7861328e+01
   3.5127310e+06   6.0119629e+01
   3.5129100e+06   6.0119629e+01
   3.5131770e+06   5.8410645e+01
   3.5133900e+06   4.9804688e+01
   3.5136600e+06   4.8522949e+01
   3.5142600e+06   6.1401367e+01
   3.5294300e+06   6.0058594e+01
   3.5299010e+06   4.9377441e+01
   3.5302620e+06   5.8898926e+01
   3.5489680e+06   6.3049316e+01
   3.5494950e+06   5.6335449e+01
   3.5499240e+06   5.3344727e+01
   3.5939160e+06   6.8359375e+01
   3.5940600e+06   5.2795410e+01
   3.5943180e+06   5.9082031e+01
   3.5946090e+06   4.8522949e+01
   3.5950770e+06   5.6823730e+01
   3.5957410e+06   5.6213379e+01
   3.5961010e+06   4.8400879e+01
   3.6122230e+06   8.3312988e+01
   3.6123960e+06   6.3720703e+01
   3.6133810e+06   5.3588867e+01
   3.6137120e+06   5.0781250e+01
   3.6284810e+06   5.7128906e+01
   3.6287740e+06   5.6945801e+01
   3.6291650e+06   6.8786621e+01
   3.6299500e+06   5.5236816e+01
   3.6786670e+06   5.5786133e+01
   3.6787980e+06   5.3527832e+01
   3.7087600e+06   6.5429688e+01
   3.7089660e+06   6.4208984e+01
   3.7091790e+06   5.3955078e+01
   3.7097300e+06   5.1391602e+01
   3.7111220e+06   5.4565430e+01
   3.7359020e+06   6.3171387e+01
   3.7363090e+06   5.2429199e+01
   3.7366080e+06   5.8654785e+01
   3.7372660e+06   5.0964355e+01
   3.7375590e+06   4.9011230e+01
   3.7810370e+06   6.6162109e+01
   3.7811780e+06   5.5358887e+01
   3.7814100e+06   6.2255859e+01
   3.7816230e+06   5.2673340e+01
   3.8348830e+06   6.0058594e+01
   3.8352470e+06   5.3833008e+01
   3.8354690e+06   5.8227539e+01
   3.8357930e+06   5.5358887e+01
   3.8364770e+06   5.2978516e+01
   3.8793350e+06   7.1289062e+01
   3.8795760e+06   6.1950684e+01
   3.8798800e+06   5.8227539e+01
   3.8803000e+06   5.2917480e+01
   3.8807200e+06   5.5969238e+01
   3.9507940e+06   5.9082031e+01
   3.9511480e+06   6.2438965e+01
   4.0188520e+06   6.8481445e+01
   4.0190600e+06   5.1208496e+01
   4.0724960e+06   6.5246582e+01
   4.0731200e+06   6.3232422e+01
   4.1233840e+06   6.4514160e+01
   4.1235640e+06   5.2490234e+01
   4.1239730e+06   5.8105469e+01
   4.1516940e+06   6.1645508e+01
   4.1920680e+06   6.4453125e+01
   4.2177440e+06   6.9396973e+01
   4.2182240e+06   5.6091309e+01
   4.2754440e+06   6.8725586e+01
   4.2757630e+06   6.4636230e+01
   4.2768250e+06   5.8715820e+01
   4.3019270e+06   7.0312500e+01
   4.3022130e+06   5.6274414e+01
   4.3026770e+06   6.1279297e+01
   4.3401520e+06   7.2753906e+01
   4.3406900e+06   5.4199219e+01
   4.3414810e+06   5.6762695e+01
   4.3731830e+06   7.4951172e+01
   4.3736730e+06   5.7495117e+01
   4.4133520e+06   7.6171875e+01
   4.4137010e+06   6.4270020e+01
   4.5391040e+06   7.0739746e+01
   4.5393070e+06   7.2082520e+01
   4.5397870e+06   7.1716309e+01
   4.5400690e+06   4.9377441e+01
   4.5403590e+06   6.2316895e+01
   4.5408100e+06   5.4687500e+01
   4.5847710e+06   7.9711914e+01
   4.5850790e+06   6.3476563e+01
   4.5853160e+06   7.2265625e+01
   4.5856130e+06   4.8400879e+01
   4.5859150e+06   4.9865723e+01
   4.5862380e+06   5.5725098e+01
   4.6355480e+06   7.8857422e+01
   4.6358410e+06   5.2490234e+01
   4.6360650e+06   5.3771973e+01
   4.6370750e+06   5.7922363e+01
   4.6372980e+06   4.8706055e+01
   4.7161820e+06   7.1044922e+01
   4.7163790e+06   6.1096191e+01
   4.7166400e+06   5.8776855e+01
   4.7168440e+06   5.2001953e+01
   4.7174930e+06   5.2062988e+01
   4.7603840e+06   7.0068359e+01
   4.7606320e+06   5.0231934e+01
   4.7608580e+06   4.8645020e+01
   4.7611180e+06   5.4199219e+01
   4.7615270e+06   5.1391602e+01
   4.7618530e+06   5.0170898e+01
   4.7623310e+06   5.3161621e+01
   4.7630160e+06   5.0598145e+01
   4.7923860e+06   6.7626953e+01
   4.7927170e+06   5.6457520e+01
   4.7930160e+06   4.9743652e+01
   4.7935970e+06   4.9438477e+01
   4.8218420e+06   5.9692383e+01
   4.8222920e+06   7.4340820e+01
   4.8230320e+06   5.1147461e+01
   4.8514500e+06   5.1025391e+01
   4.8515990e+06   5.7006836e+01
   4.8518490e+06   5.3100586e+01
   4.8533740e+06   5.0415039e+01
   4.8541390e+06   4.9316406e+01
   4.8784270e+06   6.5795898e+01
   4.8912330e+06   5.1757813e+01
   4.8921470e+06   6.0546875e+01
   4.8928110e+06   5.2856445e+01
   4.9293550e+06   6.0485840e+01
   4.9297500e+06   5.4321289e+01
   4.9691070e+06   6.6345215e+01
   4.9692670e+06   4.9987793e+01
   4.9695220e+06   5.2246094e+01
   4.9696840e+06   4.8767090e+01
   4.9710820e+06   4.9499512e+01
   5.0151140e+06   7.1533203e+01
   5.0152730e+06   5.2124023e+01
   5.0155620e+06   5.0415039e+01
   5.0157540e+06   5.6457520e+01
   5.0160550e+06   5.5053711e+01
   5.0162760e+06   5.0476074e+01
   5.0175030e+06   4.9560547e+01
   5.0526510e+06   6.7932129e+01
   5.0528140e+06   5.2124023e+01
   5.0532640e+06   5.1696777e+01
   5.0535740e+06   4.8278809e+01
   5.0971370e+06   8.1604004e+01
   5.0972590e+06   4.9072266e+01
   5.0975370e+06   5.8044434e+01
   5.0981340e+06   5.7556152e+01
   5.1359550e+06   6.8481445e+01
   5.1361080e+06   4.8767090e+01
   5.1364580e+06   5.6640625e+01
   5.1367100e+06   4.9682617e+01
   5.1728350e+06   6.7932129e+01
   5.1729720e+06   4.9987793e+01
   5.1737240e+06   5.4626465e+01
   5.1741520e+06   5.2978516e+01
   5.2076070e+06   6.0058594e+01
   5.2081730e+06   6.1828613e+01
   5.2085320e+06   5.0354004e+01
   5.2460240e+06   6.8054199e+01
   5.2462260e+06   6.0546875e+01
   5.2465940e+06   5.6884766e+01
   5.2469100e+06   5.4565430e+01
   5.2904150e+06   6.3903809e+01
   5.2906100e+06   5.6091309e+01
   5.2909540e+06   5.2062988e+01
   5.3288650e+06   7.0678711e+01
   5.3292790e+06   5.2185059e+01
   5.3296880e+06   5.3588867e+01
   5.3661180e+06   6.2011719e+01
   5.3662910e+06   6.5734863e+01
   5.3668310e+06   5.2795410e+01
   5.3996150e+06   6.1950684e+01
   5.3999030e+06   5.9143066e+01
   5.4009660e+06   5.2612305e+01
   5.4295480e+06   6.2072754e+01
   5.4298360e+06   6.9213867e+01
   5.4439460e+06   5.2429199e+01
   5.4741520e+06   7.1044922e+01
   5.4746840e+06   4.8400879e+01
   5.4750050e+06   5.6457520e+01
   5.4882530e+06   5.5908203e+01
   5.5087060e+06   6.9580078e+01
   5.5089410e+06   6.9519043e+01
   5.5093500e+06   6.0607910e+01
   5.5395720e+06   6.0424805e+01
   5.5400370e+06   5.5297852e+01
   5.5403360e+06   5.0903320e+01
   5.5715320e+06   5.6396484e+01
   5.5718120e+06   5.8715820e+01
   5.5722090e+06   5.0109863e+01
   5.5727380e+06   4.9560547e+01
   5.6249730e+06   6.9030762e+01
   5.6252070e+06   5.5603027e+01
   5.6255200e+06   6.6589355e+01
   5.6259790e+06   6.5246582e+01
   6.0443720e+06   8.4838867e+01
   6.0444970e+06   6.3964844e+01
   6.0449130e+06   5.4809570e+01
   6.0709160e+06   6.2500000e+01
   6.0711300e+06   6.0546875e+01
   6.0722620e+06   5.1635742e+01
   6.0726410e+06   5.2490234e+01
   6.1007060e+06   7.1228027e+01
   6.1009050e+06   5.3283691e+01
   6.1012240e+06   5.4565430e+01
   6.1013990e+06   4.8461914e+01
   6.1222340e+06   5.6701660e+01
   6.1225110e+06   5.4321289e+01
   6.1227090e+06   4.8767090e+01
   6.1236600e+06   4.9621582e+01
   6.1434760e+06   5.8471680e+01
   6.1437120e+06   5.7312012e+01
   6.1439600e+06   4.8278809e+01
   6.1442350e+06   5.1147461e+01
   6.1450160e+06   4.9499512e+01
   6.1614550e+06   5.7250977e+01
   6.1621450e+06   4.8583984e+01
   6.1779520e+06   6.8359375e+01
   6.1784470e+06   5.3466797e+01
   6.1790670e+06   5.0231934e+01
   6.1971370e+06   5.5847168e+01
   6.1974410e+06   5.3222656e+01
   6.2142760e+06   5.3833008e+01
   6.2145940e+06   4.8767090e+01
   6.2149360e+06   5.2124023e+01
   6.2154500e+06   5.0170898e+01
   6.2160810e+06   5.4199219e+01
   6.2305790e+06   6.6955566e+01
   6.2312120e+06   5.1574707e+01
   6.2316910e+06   5.4504395e+01
   6.2482710e+06   6.0974121e+01
   6.2485020e+06   5.0231934e+01
   6.2487710e+06   4.9743652e+01
   6.2666410e+06   5.7250977e+01
   6.2669290e+06   6.1706543e+01
   6.2852160e+06   6.0913086e+01
   6.2854570e+06   5.6579590e+01
   6.2862220e+06   5.0170898e+01
   6.6183860e+06   6.3537598e+01
   6.6186040e+06   6.0852051e+01
   6.6187490e+06   5.3100586e+01
   6.6189140e+06   5.4748535e+01
   6.6192300e+06   5.6518555e+01
   6.6197050e+06   5.0292969e+01
   6.6435270e+06   7.2143555e+01
   6.6441520e+06   6.4819336e+01
   6.6444730e+06   5.3771973e+01
   6.6450400e+06   5.4504395e+01
   6.7467600e+06   6.5734863e+01
   6.7469060e+06   4.9255371e+01
   6.7470450e+06   5.5725098e+01
   6.7472000e+06   5.2612305e+01
   6.7475260e+06   5.1696777e+01
   6.7676100e+06   5.2368164e+01
   6.7680040e+06   5.6762695e+01
   6.7683890e+06   5.1269531e+01
   6.7687030e+06   6.1279297e+01
   6.7867340e+06   6.6284180e+01
   6.7870560e+06   4.9072266e+01
   6.7873000e+06   5.0598145e+01
   6.7883480e+06   5.9326172e+01
   6.8081580e+06   6.6711426e+01
   6.8085750e+06   5.6823730e+01
   6.8088630e+06   6.2866211e+01
   6.8090420e+06   6.1828613e+01
   6.8097440e+06   5.5236816e+01
   6.8282730e+06   5.1635742e+01
   6.8285680e+06   5.6701660e+01
   6.8458390e+06   5.5725098e+01
   6.8460880e+06   6.9763184e+01
   6.8464010e+06   5.4626465e+01
   6.8629910e+06   6.6101074e+01
   6.8633110e+06   5.2917480e+01
   6.8635550e+06   4.9682617e+01
   6.8649210e+06   5.0964355e+01
   6.8805720e+06   6.4086914e+01
   6.8808610e+06   5.4626465e+01
   6.8818130e+06   5.5541992e+01
   6.8975990e+06   5.2734375e+01
   6.8979150e+06   5.1208496e+01
   6.8982650e+06   5.4626465e+01
   6.8985110e+06   6.1706543e+01
   6.8987450e+06   5.3588867e+01
   6.9145630e+06   5.7373047e+01
   6.9152740e+06   5.0720215e+01
   6.9159660e+06   5.7739258e+01
   6.9294290e+06   5.7189941e+01
   6.9300700e+06   5.7434082e+01
   6.9557530e+06   6.9641113e+01
   6.9559930e+06   5.5847168e+01
   6.9563390e+06   5.2246094e+01
   6.9567520e+06   5.6091309e+01
   6.9847060e+06   6.1340332e+01
   6.9849110e+06   6.7260742e+01
   6.9850980e+06   5.1696777e+01
   6.9853850e+06   5.5480957e+01
   6.9857580e+06   4.8767090e+01
   7.0118650e+06   6.0424805e+01
   7.0122110e+06   5.7800293e+01
   7.0401690e+06   6.3537598e+01
   7.0403740e+06   6.2133789e+01
   7.0406350e+06   5.0964355e+01
   7.0409880e+06   4.9011230e+01
   7.0660350e+06   6.9519043e+01
   7.0663050e+06   5.2917480e+01
   7.0666030e+06   5.9814453e+01
   7.0675580e+06   5.4687500e+01
   7.0945490e+06   6.1157227e+01
   7.0947870e+06   5.1208496e+01
   7.0950730e+06   5.6762695e+01
   7.0959680e+06   5.3222656e+01
   7.1277240e+06   6.3781738e+01
   7.1279260e+06   5.2917480e+01
   7.1282170e+06   6.3232422e+01
   7.1285710e+06   5.2490234e+01
   7.1569520e+06   6.7138672e+01
   7.1571500e+06   6.5246582e+01
   7.1580600e+06   5.6884766e+01
   7.1583430e+06   4.8278809e+01
   7.1930870e+06   6.7810059e+01
   7.1935200e+06   6.6528320e+01
   7.1938180e+06   5.6945801e+01
   7.1941080e+06   5.0659180e+01
   7.2657310e+06   6.0791016e+01
   7.2659780e+06   6.8908691e+01
   7.2662580e+06   5.8837891e+01
   7.2666940e+06   5.4199219e+01
   7.3076350e+06   7.8369141e+01
   7.3082150e+06   6.5246582e+01
   7.3085040e+06   5.2185059e+01
   7.3526670e+06   6.7321777e+01
   7.3531290e+06   6.5795898e+01
   7.3915570e+06   7.0373535e+01
   7.3922980e+06   4.9804688e+01
   7.4394560e+06   5.8776855e+01
   7.4402060e+06   6.5673828e+01
   7.4803470e+06   6.7382812e+01
   7.4807860e+06   5.6030273e+01
   7.5204470e+06   4.8522949e+01
   7.5562560e+06   6.2316895e+01
   7.5566850e+06   6.1889648e+01
   7.5884170e+06   6.8115234e+01
   7.6287400e+06   5.6274414e+01
   7.6291760e+06   5.7861328e+01
   7.6650310e+06   6.4331055e+01
   7.7503960e+06   6.5612793e+01
   7.7506150e+06   5.8959961e+01
   7.7509110e+06   5.8593750e+01
   7.7511470e+06   5.3710938e+01
   7.7515600e+06   5.5969238e+01
   7.7518500e+06   4.9987793e+01
   7.8078430e+06   6.3598633e+01
   7.8080270e+06   5.2734375e+01
   7.8085110e+06   4.9926758e+01
   7.8088090e+06   4.9499512e+01
   7.8095980e+06   5.7312012e+01
   7.8538230e+06   8.0444336e+01
   7.8541030e+06   6.2438965e+01
   7.8546600e+06   5.2795410e+01
   7.8549530e+06   5.1086426e+01
   7.8879730e+06   6.3720703e+01
   7.8882510e+06   6.3903809e+01
   7.8884450e+06   5.1696777e+01
   7.8887800e+06   6.0058594e+01
   7.8900350e+06   4.9621582e+01
   7.9162930e+06   6.2072754e+01
   7.9166100e+06   6.2438965e+01
   7.9470930e+06   6.7260742e+01
   7.9473930e+06   5.9265137e+01
   7.9478900e+06   5.5908203e+01
   7.9486830e+06   5.1025391e+01
   7.9779630e+06   7.6843262e+01
   7.9781580e+06   5.8288574e+01
   7.9783940e+06   5.0109863e+01
   7.9786160e+06   4.8522949e+01
   7.9798210e+06   4.9438477e+01
   8.0090640e+06   6.6467285e+01
   8.0091970e+06   5.8227539e+01
   8.0095590e+06   5.1757812e+01
   8.0099240e+06   5.5053711e+01
   8.0104250e+06   5.2734375e+01
   8.0238800e+06   6.0119629e+01
   8.0241340e+06   5.1879883e+01
   8.0247480e+06   5.7434082e+01
   8.0469610e+06   6.5429688e+01
   8.0476690e+06   5.5541992e+01
   8.0482840e+06   6.0913086e+01
   8.0780590e+06   6.7077637e+01
   8.0782850e+06   6.5917969e+01
   8.0794060e+06   4.9011230e+01
   8.1121950e+06   6.3659668e+01
   8.1123940e+06   4.9987793e+01
   8.1667440e+06   6.3598633e+01
   8.1668910e+06   5.9753418e+01
   8.1670490e+06   6.0302734e+01
   8.1673540e+06   5.8044434e+01
   8.2093980e+06   5.8288574e+01
   8.2095690e+06   5.3588867e+01
   8.2098600e+06   5.6030273e+01
   8.2100890e+06   5.3161621e+01
   8.2103940e+06   5.0842285e+01
   8.2107480e+06   5.2062988e+01
   8.2512930e+06   6.9030762e+01
   8.2514930e+06   5.2795410e+01
   8.2520950e+06   5.2246094e+01
   8.2525080e+06   4.8828125e+01
   8.6073680e+06   6.2683105e+01
   8.6075690e+06   5.5664062e+01
   8.6077570e+06   6.5185547e+01
   8.6081890e+06   6.1279297e+01
   8.6085980e+06   5.3039551e+01
   8.6472540e+06   7.1899414e+01
   8.6475440e+06   7.5744629e+01
   8.6477560e+06   7.0190430e+01
   8.6481320e+06   6.5185547e+01
   8.6483900e+06   7.4035645e+01
   8.6742690e+06   5.7739258e+01
   8.6746300e+06   5.4870605e+01
   8.6749580e+06   4.9255371e+01
   8.6753280e+06   5.2001953e+01
   8.7076220e+06   6.7626953e+01
   8.7078240e+06   5.2001953e+01
   8.7080660e+06   5.1513672e+01
   8.7083170e+06   5.0720215e+01
   8.7086330e+06   5.0048828e+01
   8.7380350e+06   6.0607910e+01
   8.7382890e+06   5.1696777e+01
   8.7385780e+06   5.7861328e+01
   8.7388740e+06   5.3649902e+01
   8.7675030e+06   7.3669434e+01
   8.7676840e+06   5.4443359e+01
   8.7679710e+06   5.7495117e+01
   8.7684820e+06   5.4687500e+01
   8.7929960e+06   7.3547363e+01
   8.7933390e+06   5.2062988e+01
   8.7936200e+06   5.1086426e+01
   8.7945020e+06   4.9194336e+01
   8.8225360e+06   5.0964355e+01
   8.8231120e+06   4.9194336e+01
   8.8236060e+06   5.1513672e+01
   8.8541130e+06   6.5490723e+01
   8.8545130e+06   6.3964844e+01
   8.8547180e+06   5.2551270e+01
   8.8555350e+06   5.0048828e+01
   8.8560520e+06   4.9682617e+01
   8.8789690e+06   7.2692871e+01
   8.8791940e+06   5.3344727e+01
   8.8797970e+06   5.4077148e+01
   8.8805730e+06   5.3955078e+01
   8.8810600e+06   5.0964355e+01
   8.9112540e+06   6.1096191e+01
   8.9114690e+06   5.5664062e+01
   8.9116720e+06   5.0109863e+01
   8.9123090e+06   5.4016113e+01
   8.9405960e+06   6.4758301e+01
   8.9408250e+06   5.1513672e+01
   8.9410100e+06   5.7434082e+01
   8.9413240e+06   5.7434082e+01
   8.9416220e+06   4.9377441e+01
   9.2731970e+06   6.3415527e+01
   9.2733780e+06   5.8288574e+01
   9.2737260e+06   5.3955078e+01
   9.2748670e+06   5.2124023e+01
   9.3167390e+06   6.1828613e+01
   9.3169330e+06   7.8613281e+01
   9.3171510e+06   6.4514160e+01
   9.3178410e+06   4.9072266e+01
   9.3182870e+06   5.0048828e+01
   9.3186130e+06   5.0842285e+01
   9.3563500e+06   7.1594238e+01
   9.3565230e+06   7.5805664e+01
   9.3568740e+06   5.4626465e+01
   9.3578330e+06   5.3283691e+01
   9.4034730e+06   7.3669434e+01
   9.4036200e+06   5.2246094e+01
   9.4038070e+06   5.2246094e+01
   9.4050580e+06   5.1208496e+01
   9.4223870e+06   6.3537598e+01
   9.4228450e+06   5.3588867e+01
   9.4230870e+06   5.1818848e+01
   9.4237830e+06   5.4199219e+01
   9.4412980e+06   7.0312500e+01
   9.4415950e+06   5.4809570e+01
   9.4418800e+06   4.8339844e+01
   9.4421330e+06   4.8339844e+01
   9.4591510e+06   5.9326172e+01
   9.4596220e+06   6.0119629e+01
   9.4757960e+06   6.3171387e+01
   9.4761970e+06   4.9316406e+01
   9.4769340e+06   5.1452637e+01
   9.4926070e+06   5.7128906e+01
   9.4929300e+06   6.4514160e+01
   9.5084740e+06   6.4636230e+01
   9.5090580e+06   6.0729980e+01
   9.5096430e+06   4.9987793e+01
   9.5297060e+06   7.0617676e+01
   9.5300080e+06   4.8339844e+01
   9.5302450e+06   5.8227539e+01
   9.5308840e+06   4.8583984e+01
   9.5499390e+06   6.2805176e+01
   9.5503670e+06   5.7800293e+01
   9.5506400e+06   5.0964355e+01
   9.5516400e+06   4.8522949e+01
   9.5756890e+06   6.1706543e+01
   9.5759440e+06   5.8776855e+01
   9.6000760e+06   5.6274414e+01
   9.6002390e+06   5.7800293e+01
   9.6005830e+06   5.1086426e+01
   9.6231520e+06   6.4208984e+01
   9.6234070e+06   5.5236816e+01
   9.6238580e+06   5.5236816e+01
   9.6247860e+06   5.7983398e+01
   9.6493060e+06   7.5378418e+01
   9.6496510e+06   5.7922363e+01
   9.6505040e+06   5.9387207e+01
   9.6512040e+06   5.4687500e+01
   9.6743820e+06   6.9946289e+01
   9.6746610e+06   5.8715820e+01
   9.6749690e+06   4.9926758e+01
   9.6752970e+06   5.0109863e+01
   9.7012230e+06   6.1889648e+01
   9.7014720e+06   5.2734375e+01
   9.7020010e+06   6.3354492e+01
   9.7329850e+06   6.9274902e+01
   9.7332710e+06   6.4147949e+01
   9.7336630e+06   5.6884766e+01
   9.7340440e+06   5.8349609e+01
   9.7624680e+06   5.8837891e+01
   9.7628270e+06   5.7373047e+01
   9.7631230e+06   5.7617188e+01
   1.0008122e+07   6.7687988e+01
   1.0008327e+07   6.8603516e+01
   1.0008648e+07   6.2011719e+01
   1.0009172e+07   5.4748535e+01
   1.0009461e+07   5.4077148e+01
   1.0187285e+07   6.3964844e+01
   1.0187425e+07   5.1025391e+01
   1.0187605e+07   5.1879883e+01
   1.0187933e+07   5.1330566e+01
   1.0188426e+07   5.4321289e+01
   1.0188818e+07   4.8767090e+01
   1.0234407e+07   6.4208984e+01
   1.0234625e+07   6.4331055e+01
   1.0234842e+07   4.9011230e+01
   1.0235106e+07   5.6274414e+01
   1.0235317e+07   4.8278809e+01
   1.0235709e+07   5.5603027e+01
   1.0276274e+07   5.1147461e+01
   1.0276471e+07   6.0729980e+01
   1.0276730e+07   6.2988281e+01
   1.0276921e+07   4.9194336e+01
   1.0298545e+07   5.9509277e+01
   1.0298863e+07   5.8349609e+01
   1.0299326e+07   4.8278809e+01
   1.0299589e+07   5.0720215e+01
   1.0317914e+07   5.7250977e+01
   1.0318233e+07   5.2429199e+01
   1.0336262e+07   5.0598145e+01
   1.0336541e+07   5.8959961e+01
   1.0336853e+07   4.8889160e+01
   1.0337094e+07   4.8767090e+01
   1.0355601e+07   6.7321777e+01
   1.0355883e+07   5.7983398e+01
   1.0356462e+07   4.8645020e+01
   1.0357115e+07   4.9987793e+01
   1.0371864e+07   6.6101074e+01
   1.0372071e+07   7.3120117e+01
   1.0372657e+07   5.6884766e+01
   1.0373008e+07   6.1340332e+01
   1.0373260e+07   5.7434082e+01
   1.0388520e+07   5.8044434e+01
   1.0388860e+07   4.9133301e+01
   1.0389266e+07   5.5786133e+01
   1.0390052e+07   5.4016113e+01
   1.0408112e+07   7.1472168e+01
   1.0408356e+07   5.6823730e+01
   1.0408672e+07   5.1879883e+01
   1.0408976e+07   5.5969238e+01
   1.0409410e+07   4.8889160e+01
   1.0409737e+07   5.0292969e+01
   1.0426316e+07   5.7617188e+01
   1.0426702e+07   5.0354004e+01
   1.0427049e+07   5.6701660e+01
   1.0444612e+07   6.4636230e+01
   1.0444964e+07   4.8950195e+01
   1.0445487e+07   5.3649902e+01
   1.0446172e+07   5.0720215e+01
   1.0463749e+07   6.0668945e+01
   1.0464255e+07   5.2429199e+01
   1.0464643e+07   5.1513672e+01
   1.0464969e+07   5.7495117e+01
   1.0486981e+07   6.5185547e+01
   1.0487352e+07   6.5490723e+01
   1.0487645e+07   5.1086426e+01
   1.0507968e+07   6.2622070e+01
   1.0508211e+07   5.4382324e+01
   1.0508549e+07   4.9743652e+01
   1.0532736e+07   4.8278809e+01
   1.0533041e+07   5.7128906e+01
   1.0533454e+07   4.8645020e+01
   1.0554325e+07   5.3771973e+01
   1.0554670e+07   6.0668945e+01
   1.0554907e+07   5.1208496e+01
   1.0555493e+07   4.8583984e+01
   1.0580865e+07   6.6894531e+01
   1.0581243e+07   6.2194824e+01
   1.0581491e+07   6.3659668e+01
   1.0581952e+07   4.9804688e+01
   1.0613339e+07   6.9519043e+01
   1.0613632e+07   6.0302734e+01
   1.0613964e+07   5.4016113e+01
   1.0614669e+07   4.8339844e+01
   1.0915318e+07   6.3842773e+01
   1.0915489e+07   6.5979004e+01
   1.0916158e+07   5.3588867e+01
   1.0916409e+07   5.2612305e+01
   1.1016978e+07   6.9335938e+01
   1.1017228e+07   4.8889160e+01
   1.1017450e+07   5.5725098e+01
   1.1017696e+07   5.1696777e+01
   1.1018106e+07   5.7922363e+01
   1.1072400e+07   5.9448242e+01
   1.1072598e+07   5.6762695e+01
   1.1073089e+07   5.9204102e+01
   1.1142657e+07   7.5073242e+01
   1.1142887e+07   5.7250977e+01
   1.1143076e+07   5.2673340e+01
   1.1143366e+07   5.4138184e+01
   1.1144064e+07   4.8400879e+01
   1.1176110e+07   7.3791504e+01
   1.1176392e+07   5.9509277e+01
   1.1176719e+07   6.4025879e+01
   1.1177058e+07   5.1696777e+01
   1.1200139e+07   6.0302734e+01
   1.1200368e+07   6.7016602e+01
   1.1200589e+07   5.1635742e+01
   1.1200931e+07   6.0119629e+01
   1.1219035e+07   7.3303223e+01
   1.1219387e+07   5.4443359e+01
   1.1219780e+07   5.3955078e+01
   1.1220129e+07   5.5847168e+01
   1.1235400e+07   5.2246094e+01
   1.1235686e+07   5.2917480e+01
   1.1236032e+07   4.9316406e+01
   1.1236671e+07   5.7434082e+01
   1.1251358e+07   6.0791016e+01
   1.1251708e+07   5.0231934e+01
   1.1268514e+07   6.1462402e+01
   1.1270210e+07   5.2307129e+01
   1.1286928e+07   5.2124023e+01
   1.1287238e+07   4.8950195e+01
   1.1287743e+07   5.1025391e+01
   1.1288311e+07   5.1147461e+01
   1.1307375e+07   5.8776855e+01
   1.1307595e+07   5.6823730e+01
   1.1307878e+07   6.5246582e+01
   1.1308106e+07   4.9926758e+01
   1.1327193e+07   6.0119629e+01
   1.1327636e+07   4.9621582e+01
   1.1328144e+07   5.9082031e+01
   1.1351054e+07   6.0241699e+01
   1.1351531e+07   5.0537109e+01
   1.1351957e+07   5.2551270e+01
   1.1352538e+07   4.8522949e+01
   1.1371503e+07   5.7678223e+01
   1.1371978e+07   5.9570312e+01
   1.1372316e+07   6.0241699e+01
   1.1372801e+07   4.9377441e+01
   1.1391326e+07   6.4819336e+01
   1.1392167e+07   4.9621582e+01
   1.1392393e+07   5.2917480e+01
   1.1408835e+07   5.7678223e+01
   1.1409143e+07   5.9692383e+01
   1.1409506e+07   5.3405762e+01
   1.1409899e+07   5.7617188e+01
   1.1428920e+07   5.1574707e+01
   1.1429512e+07   5.5603027e+01
   1.1448869e+07   5.8105469e+01
   1.1449205e+07   5.6518555e+01
   1.1449512e+07   5.4321289e+01
   1.1469772e+07   5.1269531e+01
   1.1470303e+07   7.1655273e+01
   1.1470783e+07   5.1269531e+01
   1.1494318e+07   6.7138672e+01
   1.1494683e+07   7.0983887e+01
   1.1495619e+07   4.9011230e+01
   1.1525759e+07   5.9570312e+01
   1.1526087e+07   8.8317871e+01
   1.1526375e+07   5.1208496e+01
   1.1873373e+07   7.2753906e+01
   1.1873519e+07   4.9621582e+01
   1.1873748e+07   6.0424805e+01
