   1.1999000e+07   0.0000000e+00
   7.0800000e+02   7.7209473e+01
   7.7100000e+02   5.3222656e+01
   3.9340000e+03   6.7199707e+01
   4.1120000e+03   5.6152344e+01
   5.8700000e+03   6.9458008e+01
   8.0040000e+03   7.3242188e+01
   1.0792000e+04   7.1044922e+01
   1.2184000e+04   5.8776855e+01
   1.4652000e+04   6.0058594e+01
   1.6597000e+04   6.1157227e+01
   2.0047000e+04   6.5612793e+01
   2.2232000e+04   6.8603516e+01
   2.3986000e+04   6.0607910e+01
   2.8758000e+04   7.2998047e+01
   3.3193000e+04   7.2937012e+01
   3.5924000e+04   6.6406250e+01
   3.8531000e+04   6.6284180e+01
   4.0484000e+04   5.7006836e+01
   4.1425000e+04   6.6101074e+01
   4.6643000e+04   6.4636230e+01
   4.6823000e+04   5.5969238e+01
   4.7040000e+04   5.8410645e+01
   4.7544000e+04   6.5307617e+01
   4.8813000e+04   5.4931641e+01
   6.4474000e+04   9.0148926e+01
   6.7975000e+04   7.0739746e+01
   7.1085000e+04   8.0200195e+01
   7.2572000e+04   7.9345703e+01
   7.5668000e+04   6.2744141e+01
   7.7627000e+04   6.6162109e+01
   8.0506000e+04   7.7880859e+01
   8.7670000e+04   8.0627441e+01
   8.8548000e+04   6.8908691e+01
   8.9060000e+04   7.0922852e+01
   9.8940000e+04   7.4707031e+01
   1.0323100e+05   6.5063477e+01
   1.0524500e+05   6.1279297e+01
   1.0780300e+05   6.6894531e+01
   1.1107300e+05   6.6711426e+01
   1.1444400e+05   6.5246582e+01
   1.2249200e+05   8.7036133e+01
   1.2445400e+05   7.0495605e+01
   1.2671300e+05   6.8542480e+01
   1.2869400e+05   7.3974609e+01
   1.3114800e+05   7.3181152e+01
   1.3395300e+05   8.2275391e+01
   1.3730900e+05   6.3293457e+01
   1.4023800e+05   7.3364258e+01
   1.4291800e+05   7.3181152e+01
   1.4853000e+05   5.4565430e+01
   1.4901800e+05   7.1716309e+01
   1.4927600e+05   5.7678223e+01
   1.4962300e+05   6.0180664e+01
   1.5047400e+05   6.2072754e+01
   1.5897700e+05   5.6457520e+01
   1.6245700e+05   8.4472656e+01
   1.6501700e+05   6.9641113e+01
   1.6689500e+05   6.7138672e+01
   1.6911800e+05   7.0068359e+01
   1.7447100e+05   6.8908691e+01
   1.7449200e+05   5.6091309e+01
   1.7697000e+05   5.9326172e+01
   1.7919300e+05   7.3608398e+01
   1.8194400e+05   7.7392578e+01
   1.8849800e+05   6.0363770e+01
   1.9341400e+05   6.9824219e+01
   1.9519700e+05   6.2744141e+01
   1.9767800e+05   7.3059082e+01
   2.0000000e+05   7.1044922e+01
   2.0624700e+05   6.8176270e+01
   2.0923200e+05   7.3913574e+01
   2.1178700e+05   6.1157227e+01
   2.1254400e+05   5.4504395e+01
   2.1486100e+05   7.8002930e+01
   2.1984000e+05   6.6528320e+01
   2.2241800e+05   5.9326172e+01
   2.2565500e+05   8.5144043e+01
   2.2882900e+05   6.0607910e+01
   2.3319600e+05   7.3425293e+01
   2.3337400e+05   7.4768066e+01
   2.3411500e+05   5.4809570e+01
   2.4914100e+05   7.5805664e+01
   2.5297800e+05   6.7199707e+01
   2.5454900e+05   6.4697266e+01
   2.6055700e+05   8.3251953e+01
   2.6462500e+05   7.1777344e+01
   2.6742300e+05   6.5368652e+01
   2.7114600e+05   6.4758301e+01
   2.7305400e+05   5.6213379e+01
   2.8093800e+05   7.0312500e+01
   2.8113200e+05   6.5979004e+01
   2.8139700e+05   7.5683594e+01
   2.8170100e+05   6.0363770e+01
   2.8259900e+05   6.8481445e+01
   2.8958300e+05   8.2458496e+01
   3.0000200e+05   7.7026367e+01
   3.0720300e+05   6.5063477e+01
   3.1253400e+05   7.7514648e+01
   3.1618800e+05   7.5683594e+01
   3.1895900e+05   6.2194824e+01
   3.2178600e+05   7.2631836e+01
   3.2359300e+05   5.6396484e+01
   3.2361300e+05   7.6843262e+01
   3.2810400e+05   8.6059570e+01
   3.2840500e+05   6.9824219e+01
   3.2890500e+05   5.7434082e+01
   3.4280200e+05   7.6416016e+01
   3.4674000e+05   6.7321777e+01
   3.5064300e+05   6.4880371e+01
   3.5471300e+05   9.1552734e+01
   3.6157400e+05   8.1726074e+01
   3.6393500e+05   8.1787109e+01
   3.6451000e+05   5.3222656e+01
   3.6546500e+05   6.6345215e+01
   3.6842400e+05   8.3557129e+01
   3.6871900e+05   6.8786621e+01
   3.6914000e+05   7.3364258e+01
   3.7924400e+05   6.6223145e+01
   3.8029800e+05   7.5317383e+01
   3.8104800e+05   6.4880371e+01
   3.8381500e+05   5.3161621e+01
   3.8483900e+05   6.2011719e+01
   3.8510700e+05   5.8593750e+01
   4.1026400e+05   6.0607910e+01
   4.1047600e+05   7.0068359e+01
   4.1076600e+05   8.0932617e+01
   4.2035900e+05   7.6049805e+01
   4.2317400e+05   8.4533691e+01
   4.2561300e+05   7.1411133e+01
   4.2644100e+05   6.5246582e+01
   4.2805200e+05   7.2265625e+01
   4.2857100e+05   5.5358887e+01
   4.2887500e+05   5.8898926e+01
   4.4826700e+05   6.6711426e+01
   4.4866800e+05   7.5500488e+01
   4.6784700e+05   8.1237793e+01
   4.8159200e+05   8.1237793e+01
   4.8606000e+05   1.0015869e+02
   4.8643100e+05   8.6364746e+01
   4.8673100e+05   6.6772461e+01
   4.8715600e+05   7.3913574e+01
   4.8746500e+05   5.6518555e+01
   5.0373700e+05   6.4514160e+01
   5.0642500e+05   7.5195313e+01
   5.0804400e+05   8.1054688e+01
   5.3283300e+05   9.1857910e+01
   5.3420000e+05   7.1105957e+01
   5.3513000e+05   7.7941895e+01
   5.3537700e+05   6.4208984e+01
   5.3562400e+05   6.5002441e+01
   5.3604100e+05   5.8532715e+01
   5.3692700e+05   6.2988281e+01
   5.5785900e+05   6.9580078e+01
   5.6988400e+05   8.8256836e+01
   5.7393600e+05   7.9650879e+01
   5.7560000e+05   6.2133789e+01
   5.7964700e+05   8.0871582e+01
   5.8476300e+05   7.3303223e+01
   5.9274200e+05   8.2763672e+01
   5.9317800e+05   9.6008301e+01
   6.0306900e+05   6.3842773e+01
   6.1138300e+05   8.5083008e+01
   6.1201200e+05   8.4228516e+01
   6.1400300e+05   7.3913574e+01
   6.2140000e+05   8.6669922e+01
   6.2407500e+05   7.8735352e+01
   6.2925100e+05   7.3059082e+01
   6.3272200e+05   7.3059082e+01
   6.3385300e+05   5.5297852e+01
   6.3564400e+05   6.5551758e+01
   6.3669900e+05   6.5490723e+01
   6.4186600e+05   7.6477051e+01
   6.4518600e+05   8.0810547e+01
   6.4574900e+05   5.5786133e+01
   6.4683100e+05   6.9091797e+01
   6.5062900e+05   6.8359375e+01
   6.6018900e+05   6.9824219e+01
   6.6410600e+05   8.2031250e+01
   6.6912400e+05   8.3068848e+01
   6.7292800e+05   7.5012207e+01
   6.7440200e+05   7.1777344e+01
   6.7628800e+05   7.2326660e+01
   6.8272900e+05   6.3598633e+01
   6.8827100e+05   6.5612793e+01
   6.9204300e+05   8.6975098e+01
   6.9478200e+05   5.4382324e+01
   6.9776700e+05   7.0617676e+01
   7.0050400e+05   6.8420410e+01
   7.0453100e+05   7.1289062e+01
   7.1249300e+05   8.8439941e+01
   7.1495300e+05   6.7932129e+01
   7.1912800e+05   8.2519531e+01
   7.2196500e+05   7.4645996e+01
   7.2284400e+05   7.9589844e+01
   7.2483800e+05   5.8471680e+01
   7.2803800e+05   6.8603516e+01
   7.3057800e+05   6.5612793e+01
   7.3358300e+05   6.3964844e+01
   7.4080200e+05   6.6040039e+01
   7.4257100e+05   7.4890137e+01
   7.4457800e+05   7.0190430e+01
   7.4624700e+05   5.4016113e+01
   7.4660200e+05   6.9152832e+01
   7.4951500e+05   7.7758789e+01
   7.5547100e+05   8.6547852e+01
   7.5599400e+05   6.0852051e+01
   7.6677900e+05   9.3627930e+01
   7.7241700e+05   6.8420410e+01
   7.7321000e+05   9.5703125e+01
   7.7767300e+05   7.5805664e+01
   7.8090600e+05   7.0556641e+01
   7.8832000e+05   7.5195313e+01
   7.9171200e+05   6.9641113e+01
   7.9379900e+05   7.8613281e+01
   7.9456300e+05   6.5185547e+01
   7.9633600e+05   6.9580078e+01
   8.0140000e+05   7.7697754e+01
   8.0802500e+05   8.2519531e+01
   8.1321800e+05   7.6354980e+01
   8.1464400e+05   6.4880371e+01
   8.1749700e+05   6.6284180e+01
   8.2346500e+05   6.2805176e+01
   8.2613400e+05   8.0200195e+01
   8.2934000e+05   8.1481934e+01
   8.3294200e+05   7.1411133e+01
   8.3504900e+05   5.6457520e+01
   8.3633700e+05   6.8603516e+01
   8.3838400e+05   5.8227539e+01
   8.4100300e+05   6.9702148e+01
   8.4370000e+05   7.2265625e+01
   8.4689000e+05   9.2468262e+01
   8.5073500e+05   6.9824219e+01
   8.5247000e+05   6.6406250e+01
   8.5400400e+05   7.5256348e+01
   8.7620700e+05   8.6242676e+01
   8.7860600e+05   7.6660156e+01
   8.8033500e+05   6.8420410e+01
   8.8156200e+05   8.2275391e+01
   8.8364900e+05   6.3659668e+01
   8.8685000e+05   7.9711914e+01
   8.9344500e+05   6.5612793e+01
   8.9430700e+05   8.4106445e+01
   8.9642300e+05   7.4279785e+01
   8.9833200e+05   6.5429688e+01
   9.0229600e+05   7.3852539e+01
   9.0493200e+05   7.3364258e+01
   9.0830000e+05   7.3608398e+01
   9.2320300e+05   8.0627441e+01
   9.2535600e+05   5.4870605e+01
   9.3557100e+05   7.9956055e+01
   9.3722100e+05   8.4899902e+01
   9.3878300e+05   6.3293457e+01
   9.4057200e+05   7.8735352e+01
   9.4114900e+05   7.0312500e+01
   9.4497300e+05   6.1767578e+01
   9.4952600e+05   5.2978516e+01
   9.5013700e+05   8.3618164e+01
   9.5389800e+05   7.8186035e+01
   9.5954400e+05   6.6406250e+01
   9.6138400e+05   6.8237305e+01
   9.6651100e+05   7.1838379e+01
   9.7200500e+05   8.8989258e+01
   9.7391300e+05   8.5876465e+01
   9.7697500e+05   8.2275391e+01
   9.7831400e+05   8.8317871e+01
   9.8195000e+05   9.1552734e+01
   1.0021300e+06   8.2031250e+01
   1.0039030e+06   7.9040527e+01
   1.0175090e+06   6.5917969e+01
   1.0186620e+06   7.6904297e+01
   1.0272200e+06   7.8613281e+01
   1.0332430e+06   8.6914063e+01
   1.0345230e+06   7.9345703e+01
   1.0359800e+06   6.9030762e+01
   1.0373550e+06   7.5561523e+01
   1.0536190e+06   6.9030762e+01
   1.0558650e+06   7.9467773e+01
   1.0591980e+06   8.5327148e+01
   1.0606810e+06   7.9772949e+01
   1.0619090e+06   7.6171875e+01
   1.0663600e+06   6.7138672e+01
   1.0681670e+06   5.9814453e+01
   1.0761380e+06   8.3740234e+01
   1.0813470e+06   8.2214355e+01
   1.0832230e+06   6.2927246e+01
   1.0846140e+06   6.9030762e+01
   1.0881750e+06   7.0983887e+01
   1.0925790e+06   8.0139160e+01
   1.0979600e+06   9.4909668e+01
   1.1006070e+06   7.5866699e+01
   1.1033510e+06   6.8908691e+01
   1.1042590e+06   7.3303223e+01
   1.1070010e+06   6.4392090e+01
   1.1121200e+06   8.5266113e+01
   1.1143170e+06   7.1166992e+01
   1.1250560e+06   8.3068848e+01
   1.1299230e+06   7.9223633e+01
   1.1328040e+06   5.9570312e+01
   1.1357740e+06   8.1665039e+01
   1.1389990e+06   7.5195312e+01
   1.1406790e+06   8.1237793e+01
   1.1425060e+06   6.5368652e+01
   1.1440090e+06   6.3110352e+01
   1.1470770e+06   7.2448730e+01
   1.1590980e+06   8.4472656e+01
   1.1624770e+06   7.5012207e+01
   1.1659110e+06   7.6293945e+01
   1.1691320e+06   7.7819824e+01
   1.1709500e+06   7.5317383e+01
   1.1726390e+06   6.8115234e+01
   1.1776130e+06   7.4707031e+01
   1.1777330e+06   5.6518555e+01
   1.1778990e+06   5.8898926e+01
   1.1982530e+06   8.2519531e+01
   1.1988770e+06   8.1359863e+01
   1.1991340e+06   6.2011719e+01
   1.1993730e+06   6.7749023e+01
   1.1995790e+06   5.7983398e+01
   1.2000450e+06   6.4941406e+01
   1.2005680e+06   6.1828613e+01
   1.2201520e+06   8.4350586e+01
   1.2231210e+06   7.4951172e+01
   1.2318040e+06   6.7443848e+01
   1.2320330e+06   6.3903809e+01
   1.2322490e+06   5.8654785e+01
   1.2326540e+06   6.2744141e+01
   1.2334170e+06   6.0668945e+01
   1.2339700e+06   5.4260254e+01
   1.2498150e+06   9.1979980e+01
   1.2533230e+06   8.7829590e+01
   1.2565560e+06   6.2988281e+01
   1.2588440e+06   6.5917969e+01
   1.2590630e+06   6.6955566e+01
   1.2593630e+06   6.9274902e+01
   1.2596030e+06   5.4626465e+01
   1.2770790e+06   6.9763184e+01
   1.2807210e+06   6.5979004e+01
   1.2838930e+06   8.1665039e+01
   1.2888160e+06   7.3730469e+01
   1.2904240e+06   7.6416016e+01
   1.2906560e+06   6.7810059e+01
   1.2908830e+06   5.7006836e+01
   1.2910910e+06   5.3161621e+01
   1.3081070e+06   8.5205078e+01
   1.3102510e+06   7.5439453e+01
   1.3145490e+06   7.4401855e+01
   1.3162080e+06   7.4096680e+01
   1.3184440e+06   6.9641113e+01
   1.3217300e+06   6.3720703e+01
   1.3278420e+06   6.2255859e+01
   1.3336750e+06   6.7199707e+01
   1.3388090e+06   6.1340332e+01
   1.3419550e+06   8.4411621e+01
   1.3438790e+06   7.1289062e+01
   1.3504500e+06   7.0678711e+01
   1.3531670e+06   8.8073730e+01
   1.3561490e+06   8.5144043e+01
   1.3629050e+06   7.0861816e+01
   1.3675540e+06   7.9406738e+01
   1.3699020e+06   5.9448242e+01
   1.3730090e+06   7.8430176e+01
   1.3785220e+06   7.7575684e+01
   1.3813850e+06   8.7707520e+01
   1.3872420e+06   6.3232422e+01
   1.3904360e+06   7.1289062e+01
   1.3945510e+06   6.5124512e+01
   1.3966060e+06   6.9946289e+01
   1.4081260e+06   8.4533691e+01
   1.4130840e+06   7.6110840e+01
   1.4155350e+06   6.9030762e+01
   1.4185960e+06   7.3486328e+01
   1.4233250e+06   6.6467285e+01
   1.4255170e+06   6.9885254e+01
   1.4296000e+06   7.2204590e+01
   1.4320750e+06   6.9091797e+01
   1.4351600e+06   7.7087402e+01
   1.4386040e+06   6.7932129e+01
   1.4440360e+06   8.1359863e+01
   1.4462060e+06   6.7871094e+01
   1.4492680e+06   8.1237793e+01
   1.4534430e+06   6.4392090e+01
   1.4582820e+06   7.2082520e+01
   1.4661640e+06   8.7219238e+01
   1.4683480e+06   6.5734863e+01
   1.4734420e+06   8.9721680e+01
   1.4766390e+06   7.6110840e+01
   1.4792220e+06   5.9387207e+01
   1.4882180e+06   8.1176758e+01
   1.4955020e+06   6.3903809e+01
   1.5019020e+06   7.0983887e+01
   1.5041580e+06   7.7758789e+01
   1.5081880e+06   7.0251465e+01
   1.5122040e+06   7.9956055e+01
   1.5166060e+06   7.8613281e+01
   1.5210430e+06   6.2805176e+01
   1.5234860e+06   7.0556641e+01
   1.5283450e+06   8.4045410e+01
   1.5344030e+06   8.6608887e+01
   1.5363820e+06   8.3496094e+01
   1.5380960e+06   9.1247559e+01
   1.5382450e+06   5.7556152e+01
   1.5386530e+06   5.5053711e+01
   1.5577740e+06   7.6110840e+01
   1.5580790e+06   7.0129395e+01
   1.5827050e+06   9.3505859e+01
   1.5907260e+06   9.7229004e+01
   1.5939750e+06   8.8745117e+01
   1.5997330e+06   8.3374023e+01
   1.6023540e+06   7.3059082e+01
   1.6089230e+06   7.9956055e+01
   1.6166980e+06   8.3312988e+01
   1.6205310e+06   7.4523926e+01
   1.6229910e+06   8.3557129e+01
   1.6282560e+06   7.1716309e+01
   1.6309560e+06   7.2814941e+01
   1.6360780e+06   8.5388184e+01
   1.6423760e+06   6.6955566e+01
   1.6448510e+06   6.5551758e+01
   1.6474650e+06   8.7280273e+01
   1.6528730e+06   7.5256348e+01
   1.6621570e+06   8.2519531e+01
   1.6651790e+06   7.5195312e+01
   1.6683440e+06   7.7209473e+01
   1.6711850e+06   5.9936523e+01
   1.6747010e+06   5.8654785e+01
   1.6782120e+06   8.0749512e+01
   1.6829500e+06   5.4138184e+01
   1.6836900e+06   7.0800781e+01
   1.6897360e+06   8.5571289e+01
   1.6940810e+06   6.9030762e+01
   1.6980260e+06   6.2072754e+01
   1.7098180e+06   7.2631836e+01
   1.7150810e+06   8.8684082e+01
   1.7196930e+06   8.7585449e+01
   1.7223980e+06   8.7890625e+01
   1.7245450e+06   7.9040527e+01
   1.7279440e+06   5.7067871e+01
   1.7328440e+06   6.4086914e+01
   1.7363530e+06   7.0068359e+01
   1.7423300e+06   7.2753906e+01
   1.7470220e+06   5.9265137e+01
   1.7479100e+06   8.6120605e+01
   1.7480580e+06   6.7382812e+01
   1.7482370e+06   6.5063477e+01
   1.7674980e+06   8.1359863e+01
   1.7676770e+06   6.1767578e+01
   1.7680830e+06   6.7626953e+01
   1.7683310e+06   7.4584961e+01
   1.7688130e+06   6.0058594e+01
   1.7887110e+06   8.4106445e+01
   1.7893480e+06   8.0322266e+01
   1.8095200e+06   8.5937500e+01
   1.8140140e+06   9.3261719e+01
   1.8246740e+06   8.7280273e+01
   1.8279400e+06   8.2885742e+01
   1.8289360e+06   8.1542969e+01
   1.8301880e+06   7.2753906e+01
   1.8334950e+06   8.2275391e+01
   1.8377490e+06   6.1096191e+01
   1.8379690e+06   5.5358887e+01
   1.8384570e+06   6.1584473e+01
   1.8392730e+06   6.6955566e+01
   1.8565940e+06   6.4758301e+01
   1.8591090e+06   8.7219238e+01
   1.8608470e+06   6.4208984e+01
   1.8663520e+06   8.5632324e+01
   1.8775180e+06   7.9223633e+01
   1.8812960e+06   5.4382324e+01
   1.8843350e+06   7.8369141e+01
   1.8879620e+06   6.6345215e+01
   1.8898380e+06   7.8125000e+01
   1.8930320e+06   6.8786621e+01
   1.8986380e+06   7.9772949e+01
   1.9027390e+06   6.0119629e+01
   1.9112240e+06   5.5175781e+01
   1.9133750e+06   8.3984375e+01
   1.9178880e+06   8.0017090e+01
   1.9230320e+06   6.7810059e+01
   1.9269720e+06   7.8979492e+01
   1.9318860e+06   7.4279785e+01
   1.9320690e+06   6.9824219e+01
   1.9322530e+06   9.3444824e+01
   1.9329650e+06   5.8593750e+01
   1.9341480e+06   5.4565430e+01
   1.9503100e+06   8.6059570e+01
   1.9532810e+06   8.6486816e+01
   1.9568360e+06   7.8063965e+01
   1.9652140e+06   8.5449219e+01
   1.9736700e+06   8.0444336e+01
   1.9768200e+06   8.5510254e+01
   1.9770280e+06   7.5012207e+01
   1.9772680e+06   6.0668945e+01
   1.9775200e+06   6.2744141e+01
   1.9777910e+06   5.3649902e+01
   1.9782660e+06   5.5664062e+01
   1.9784850e+06   5.7861328e+01
   2.0041280e+06   7.8369141e+01
   2.0066520e+06   6.6406250e+01
   2.0082560e+06   6.7687988e+01
   2.0099270e+06   8.5937500e+01
   2.0101770e+06   5.3100586e+01
   2.0104500e+06   6.2133789e+01
   2.0107870e+06   5.7434082e+01
   2.0386220e+06   8.3435059e+01
   2.0417580e+06   6.5856934e+01
   2.0464860e+06   7.2082520e+01
   2.0475200e+06   7.8979492e+01
   2.0495170e+06   6.8542480e+01
   2.0497310e+06   6.5795898e+01
   2.0500730e+06   6.3598633e+01
   2.0507060e+06   5.6823730e+01
   2.0509640e+06   5.5175781e+01
   2.0765630e+06   8.9843750e+01
   2.0809830e+06   8.0871582e+01
   2.0812180e+06   9.4238281e+01
   2.0814490e+06   7.9467773e+01
   2.0817730e+06   6.0791016e+01
   2.0820190e+06   6.4086914e+01
   2.1052780e+06   6.0180664e+01
   2.1053170e+06   7.9589844e+01
   2.1055660e+06   8.1176758e+01
   2.1058580e+06   6.0424805e+01
   2.1062370e+06   6.2377930e+01
   2.1066810e+06   6.2561035e+01
   2.1073690e+06   5.5847168e+01
   2.1242840e+06   7.5134277e+01
   2.1246770e+06   7.4462891e+01
   2.1252840e+06   7.3608398e+01
   2.1258700e+06   5.4626465e+01
   2.1295470e+06   6.7382812e+01
   2.1306630e+06   8.0078125e+01
   2.1318610e+06   7.1228027e+01
   2.1322220e+06   5.5175781e+01
   2.1328840e+06   5.6945801e+01
   2.1757430e+06   7.8918457e+01
   2.1759710e+06   8.2580566e+01
   2.1763480e+06   6.7077637e+01
   2.1766060e+06   6.8237305e+01
   2.1770050e+06   6.6772461e+01
   2.1976380e+06   6.7138672e+01
   2.2100800e+06   8.4960938e+01
   2.2111880e+06   1.2457275e+02
   2.2114090e+06   5.5480957e+01
   2.2117600e+06   7.1777344e+01
   2.2121340e+06   8.8562012e+01
   2.2184470e+06   6.4819336e+01
   2.2336100e+06   8.5876465e+01
   2.2370590e+06   5.3833008e+01
   2.2386960e+06   9.9182129e+01
   2.2390270e+06   7.5500488e+01
   2.2394090e+06   6.4941406e+01
   2.2399060e+06   7.5256348e+01
   2.2454940e+06   7.8552246e+01
   2.2674750e+06   5.4809570e+01
   2.2675800e+06   5.3405762e+01
   2.2694810e+06   7.2204590e+01
   2.2697550e+06   9.0148926e+01
   2.2701720e+06   7.7453613e+01
   2.2706620e+06   7.8002930e+01
   2.2970410e+06   8.0566406e+01
   2.2983630e+06   7.8735352e+01
   2.2986460e+06   6.6833496e+01
   2.2989860e+06   7.3974609e+01
   2.2993260e+06   7.5866699e+01
   2.3565320e+06   9.6313477e+01
   2.3664200e+06   7.0678711e+01
   2.3915130e+06   8.9172363e+01
   2.3973730e+06   5.8959961e+01
   2.3982850e+06   7.6538086e+01
   2.3995720e+06   9.3505859e+01
   2.4555140e+06   8.4350586e+01
   2.4699410e+06   1.0229492e+02
   2.4868180e+06   8.1481934e+01
   2.4960830e+06   7.0129395e+01
   2.5032170e+06   5.3161621e+01
   2.5038910e+06   8.1726074e+01
   2.5101510e+06   7.0556641e+01
   2.5116000e+06   7.7087402e+01
   2.5131880e+06   7.6782227e+01
   2.5478790e+06   7.6599121e+01
   2.5565660e+06   8.3007812e+01
   2.5601910e+06   7.4951172e+01
   2.5752800e+06   9.9548340e+01
   2.5788100e+06   7.9528809e+01
   2.5879590e+06   5.6396484e+01
   2.6112150e+06   9.2407227e+01
   2.6177870e+06   8.3740234e+01
   2.6336660e+06   8.3190918e+01
   2.6451330e+06   7.5622559e+01
   2.6452920e+06   7.2570801e+01
   2.6453080e+06   5.4565430e+01
   2.6454250e+06   6.2683105e+01
   2.6461550e+06   6.0974121e+01
   2.6464360e+06   5.7434082e+01
   2.6467400e+06   5.7800293e+01
   2.6899730e+06   8.2824707e+01
   2.6922850e+06   8.2153320e+01
   2.7018650e+06   9.6496582e+01
   2.7308410e+06   8.8806152e+01
   2.7788970e+06   8.5449219e+01
   2.8040150e+06   9.6557617e+01
   2.8041830e+06   9.7412109e+01
   2.8043220e+06   7.0983887e+01
   2.8044640e+06   5.4199219e+01
   2.8046900e+06   6.2866211e+01
   2.8048950e+06   6.0119629e+01
   2.8051940e+06   6.5124512e+01
   2.8054920e+06   6.5368652e+01
   2.8058770e+06   6.2988281e+01
   2.8306890e+06   5.4809570e+01
   2.8374940e+06   8.4167480e+01
   2.8415270e+06   8.2458496e+01
   2.8615500e+06   5.7617188e+01
   2.8670770e+06   8.6425781e+01
   2.8688110e+06   7.3669434e+01
   2.9464640e+06   7.6232910e+01
   2.9490160e+06   8.7463379e+01
   2.9684500e+06   7.6965332e+01
   2.9757050e+06   7.1105957e+01
   2.9900990e+06   8.3862305e+01
   2.9902430e+06   6.6955566e+01
   2.9904550e+06   6.9885254e+01
   2.9923150e+06   5.3466797e+01
   3.0116920e+06   8.9843750e+01
   3.0118690e+06   8.0322266e+01
   3.0120700e+06   6.7504883e+01
   3.0123480e+06   7.6599121e+01
   3.0127030e+06   6.8115234e+01
   3.0362110e+06   7.8247070e+01
   3.0365140e+06   5.4382324e+01
   3.0365830e+06   8.0322266e+01
   3.0368570e+06   7.8613281e+01
   3.0371170e+06   8.5266113e+01
   3.0528850e+06   8.7158203e+01
   3.0583370e+06   8.2275391e+01
   3.0585270e+06   8.3068848e+01
   3.0588000e+06   6.6223145e+01
   3.0600890e+06   6.0974121e+01
   3.1006290e+06   9.1735840e+01
   3.1042030e+06   6.8237305e+01
   3.1155090e+06   9.4543457e+01
   3.1237630e+06   8.2763672e+01
   3.1482790e+06   9.5153809e+01
   3.1606170e+06   9.4177246e+01
   3.1638730e+06   8.2092285e+01
   3.1697610e+06   7.6721191e+01
   3.1742070e+06   8.4838867e+01
   3.1927210e+06   6.9824219e+01
   3.1960790e+06   8.5449219e+01
   3.2145340e+06   9.6069336e+01
   3.2217420e+06   8.1359863e+01
   3.2332420e+06   8.2763672e+01
   3.2414470e+06   7.5561523e+01
   3.2526340e+06   9.3566895e+01
   3.2576950e+06   8.1237793e+01
   3.2692400e+06   9.8144531e+01
   3.2740680e+06   8.0261230e+01
   3.2906610e+06   7.2753906e+01
   3.3062940e+06   7.8857422e+01
   3.3099780e+06   9.1552734e+01
   3.3215510e+06   5.5358887e+01
   3.3223350e+06   6.8420410e+01
   3.3224990e+06   8.8134766e+01
   3.3226200e+06   6.6284180e+01
   3.3227420e+06   5.4687500e+01
   3.3231470e+06   5.5358887e+01
   3.3235770e+06   7.1594238e+01
   3.3241710e+06   6.2072754e+01
   3.3245400e+06   5.8044434e+01
   3.3387770e+06   8.0505371e+01
   3.3421070e+06   1.0015869e+02
   3.3423770e+06   7.4768066e+01
   3.3426060e+06   6.0119629e+01
   3.3429210e+06   6.4819336e+01
   3.3608210e+06   7.9895020e+01
   3.3634210e+06   8.0322266e+01
   3.3802050e+06   9.5275879e+01
   3.3839590e+06   8.5754395e+01
   3.3884760e+06   9.1308594e+01
   3.3910640e+06   6.5002441e+01
   3.4103890e+06   7.7026367e+01
   3.4151640e+06   6.7810059e+01
   3.4163950e+06   8.2702637e+01
   3.4245900e+06   6.7321777e+01
   3.4271720e+06   7.8247070e+01
   3.4276530e+06   7.4157715e+01
   3.4337080e+06   8.6853027e+01
   3.4396410e+06   8.7829590e+01
   3.4410650e+06   6.7565918e+01
   3.4441860e+06   7.2814941e+01
   3.4577220e+06   7.4462891e+01
   3.4593560e+06   6.5307617e+01
   3.4674980e+06   8.6059570e+01
   3.4733210e+06   7.1838379e+01
   3.4809810e+06   8.6730957e+01
   3.4889250e+06   1.0321045e+02
   3.4898140e+06   5.6579590e+01
   3.4952120e+06   9.1369629e+01
   3.4975720e+06   7.8125000e+01
   3.5072330e+06   7.6599121e+01
   3.5128210e+06   7.0556641e+01
   3.5130240e+06   9.3017578e+01
   3.5132100e+06   6.3476563e+01
   3.5133810e+06   5.3283691e+01
   3.5136850e+06   6.4575195e+01
   3.5140240e+06   5.6762695e+01
   3.5144180e+06   6.5979004e+01
   3.5299330e+06   7.5073242e+01
   3.5302640e+06   1.0119629e+02
   3.5491410e+06   5.3405762e+01
   3.5495800e+06   8.5937500e+01
   3.5501750e+06   9.1003418e+01
   3.5670340e+06   5.3222656e+01
   3.5710130e+06   1.0089111e+02
   3.5728200e+06   7.1655273e+01
   3.5770300e+06   8.4960938e+01
   3.5790860e+06   8.0139160e+01
   3.5849940e+06   8.6853027e+01
   3.5899570e+06   6.2683105e+01
   3.5937820e+06   7.4768066e+01
   3.5942770e+06   9.2224121e+01
   3.5947360e+06   5.7861328e+01
   3.5951210e+06   6.2805176e+01
   3.6127540e+06   7.3791504e+01
   3.6130560e+06   7.0678711e+01
   3.6134080e+06   6.7077637e+01
   3.6137590e+06   6.3964844e+01
   3.6290530e+06   8.0444336e+01
   3.6293750e+06   6.4147949e+01
   3.6346150e+06   6.4575195e+01
   3.6364800e+06   6.2622070e+01
   3.6376420e+06   8.4533691e+01
   3.6644410e+06   8.6853027e+01
   3.6661160e+06   8.1176758e+01
   3.6740250e+06   7.6599121e+01
   3.6789310e+06   7.9223633e+01
   3.6791120e+06   6.0363770e+01
   3.6793250e+06   6.2744141e+01
   3.6795950e+06   6.3415527e+01
   3.6798290e+06   5.5175781e+01
   3.6801240e+06   6.1401367e+01
   3.6804630e+06   5.3588867e+01
   3.6954110e+06   8.3557129e+01
   3.7011470e+06   8.5266113e+01
   3.7051630e+06   7.2143555e+01
   3.7070980e+06   8.1298828e+01
   3.7090930e+06   8.5815430e+01
   3.7093050e+06   5.9143066e+01
   3.7094220e+06   5.5725098e+01
   3.7098100e+06   5.9020996e+01
   3.7221750e+06   7.4707031e+01
   3.7321080e+06   9.7106934e+01
   3.7361010e+06   5.4748535e+01
   3.7363660e+06   7.6416016e+01
   3.7365460e+06   6.4941406e+01
   3.7369190e+06   6.2194824e+01
   3.7373390e+06   5.3894043e+01
   3.7377110e+06   6.2255859e+01
   3.7526780e+06   7.8613281e+01
   3.7551570e+06   7.3730469e+01
   3.7593170e+06   6.8115234e+01
   3.7619040e+06   7.9345703e+01
   3.7684900e+06   6.8664551e+01
   3.7703420e+06   6.5307617e+01
   3.7751430e+06   9.3200684e+01
   3.7767500e+06   6.3903809e+01
   3.7785530e+06   5.6335449e+01
   3.7786620e+06   7.5683594e+01
   3.7814070e+06   7.1044922e+01
   3.7816760e+06   5.6518555e+01
   3.7827620e+06   5.9814453e+01
   3.7967120e+06   7.9040527e+01
   3.8020720e+06   7.7087402e+01
   3.8073500e+06   6.3842773e+01
   3.8085480e+06   5.7861328e+01
   3.8110770e+06   7.5317383e+01
   3.8157660e+06   8.7036133e+01
   3.8193350e+06   7.2814941e+01
   3.8220100e+06   7.7697754e+01
   3.8241990e+06   7.5439453e+01
   3.8274860e+06   6.8481445e+01
   3.8308590e+06   7.1594238e+01
   3.8352740e+06   8.0383301e+01
   3.8354790e+06   7.4523926e+01
   3.8357290e+06   6.6772461e+01
   3.8504090e+06   8.3862305e+01
   3.8527840e+06   6.1523438e+01
   3.8548270e+06   7.9650879e+01
   3.8576850e+06   6.4086914e+01
   3.8606880e+06   5.7495117e+01
   3.8663710e+06   6.4758301e+01
   3.8683410e+06   6.0119629e+01
   3.8713870e+06   6.5002441e+01
   3.8752930e+06   8.1848145e+01
   3.8775240e+06   5.5358887e+01
   3.8796880e+06   8.1604004e+01
   3.8799160e+06   6.4453125e+01
   3.8807280e+06   5.9570312e+01
   3.8916110e+06   8.1115723e+01
   3.8976860e+06   7.4401855e+01
   3.9013720e+06   6.5246582e+01
   3.9074440e+06   8.4167480e+01
   3.9097340e+06   6.6772461e+01
   3.9126080e+06   8.2031250e+01
   3.9146990e+06   7.6660156e+01
   3.9195450e+06   7.9101562e+01
   3.9223120e+06   6.8054199e+01
   3.9263290e+06   6.9274902e+01
   3.9335330e+06   7.1350098e+01
   3.9370400e+06   7.2265625e+01
   3.9401210e+06   6.3415527e+01
   3.9423610e+06   5.6579590e+01
   3.9482540e+06   6.3293457e+01
   3.9508750e+06   7.1411133e+01
   3.9510420e+06   7.1960449e+01
   3.9524030e+06   6.8481445e+01
   3.9703030e+06   8.6181641e+01
   3.9752550e+06   6.8481445e+01
   3.9796350e+06   6.5246582e+01
   3.9827270e+06   7.7819824e+01
   3.9850210e+06   7.7148438e+01
   3.9895170e+06   7.4340820e+01
   3.9934780e+06   6.8481445e+01
   3.9955310e+06   7.3852539e+01
   4.0002000e+06   8.4594727e+01
   4.0038360e+06   5.3100586e+01
   4.0057790e+06   7.5500488e+01
   4.0109350e+06   7.6904297e+01
   4.0142010e+06   7.8369141e+01
   4.0163980e+06   6.1340332e+01
   4.0188590e+06   7.8125000e+01
   4.0190790e+06   7.0983887e+01
   4.0192580e+06   5.6335449e+01
   4.0195540e+06   5.8105469e+01
   4.0198730e+06   7.5256348e+01
   4.0214890e+06   5.7312012e+01
   4.0411660e+06   8.2214355e+01
   4.0460260e+06   8.3190918e+01
   4.0492770e+06   6.9519043e+01
   4.0519170e+06   7.7636719e+01
   4.0572160e+06   6.5856934e+01
   4.0611560e+06   7.7453613e+01
   4.0636890e+06   7.3486328e+01
   4.0703920e+06   6.3598633e+01
   4.0727980e+06   7.6904297e+01
   4.0729560e+06   5.7006836e+01
   4.0731610e+06   5.8776855e+01
   4.0735060e+06   5.6457520e+01
   4.0741900e+06   6.0668945e+01
   4.0747550e+06   5.5908203e+01
   4.0912400e+06   9.2590332e+01
   4.1040010e+06   7.4401855e+01
   4.1070250e+06   8.7829590e+01
   4.1123510e+06   7.4951172e+01
   4.1165210e+06   8.1970215e+01
   4.1233290e+06   9.3322754e+01
   4.1235420e+06   5.9143066e+01
   4.1238280e+06   5.6701660e+01
   4.1240480e+06   6.6284180e+01
   4.1243350e+06   6.0485840e+01
   4.1245870e+06   5.6091309e+01
   4.1257130e+06   6.0302734e+01
   4.1486530e+06   1.0778809e+02
   4.1514140e+06   7.6538086e+01
   4.1517130e+06   6.0363770e+01
   4.1520180e+06   6.7565918e+01
   4.1656290e+06   7.6782227e+01
   4.1711060e+06   8.4045410e+01
   4.1758180e+06   1.0327148e+02
   4.1779870e+06   6.3293457e+01
   4.1789950e+06   7.2448730e+01
   4.1858570e+06   7.0129395e+01
   4.1908720e+06   7.0129395e+01
   4.2055820e+06   9.4055176e+01
   4.2160880e+06   7.7941895e+01
   4.2180350e+06   8.2336426e+01
   4.2303950e+06   7.0556641e+01
   4.2381570e+06   7.6171875e+01
   4.2401680e+06   8.3496094e+01
   4.2404110e+06   5.9936523e+01
   4.2557820e+06   9.1796875e+01
   4.2646360e+06   8.9538574e+01
   4.2673460e+06   7.7453613e+01
   4.2715970e+06   5.4992676e+01
   4.2735620e+06   8.4777832e+01
   4.2758380e+06   8.4533691e+01
   4.2762960e+06   7.2082520e+01
   4.2766570e+06   6.3476562e+01
   4.2934880e+06   7.6904297e+01
   4.2985990e+06   8.7341309e+01
   4.3023030e+06   9.2285156e+01
   4.3131730e+06   8.5021973e+01
   4.3157080e+06   7.0739746e+01
   4.3230430e+06   8.1237793e+01
   4.3260560e+06   6.4880371e+01
   4.3292990e+06   6.1889648e+01
   4.3382080e+06   7.8613281e+01
   4.3405880e+06   1.0888672e+02
   4.3409040e+06   7.3303223e+01
   4.3417670e+06   6.3964844e+01
   4.3564350e+06   1.0278320e+02
   4.3596890e+06   8.7158203e+01
   4.3695010e+06   8.8867188e+01
   4.3735640e+06   7.6599121e+01
   4.3739080e+06   6.3293457e+01
   4.3742660e+06   8.2275391e+01
   4.3749960e+06   7.4645996e+01
   4.3864590e+06   6.5917969e+01
   4.3927540e+06   6.2011719e+01
   4.3971860e+06   7.1289062e+01
   4.3993660e+06   7.0007324e+01
   4.4085440e+06   7.6354980e+01
   4.4137890e+06   7.3059082e+01
   4.4140460e+06   9.8327637e+01
   4.4143600e+06   6.5551758e+01
   4.4146390e+06   7.1472168e+01
   4.4308320e+06   8.3557129e+01
   4.4343770e+06   8.7524414e+01
   4.4384670e+06   7.3364258e+01
   4.4445520e+06   7.1472168e+01
   4.4497840e+06   7.3669434e+01
   4.4537100e+06   7.4096680e+01
   4.4587040e+06   7.0434570e+01
   4.4649670e+06   8.1665039e+01
   4.4699640e+06   7.9895020e+01
   4.4724160e+06   7.8552246e+01
   4.4793750e+06   8.4716797e+01
   4.4832190e+06   7.3730469e+01
   4.4913360e+06   6.4025879e+01
   4.4943200e+06   7.1166992e+01
   4.4980070e+06   7.3974609e+01
   4.5007390e+06   6.9396973e+01
   4.5052600e+06   7.4768066e+01
   4.5079580e+06   6.4941406e+01
   4.5119760e+06   6.0913086e+01
   4.5148460e+06   6.9824219e+01
   4.5205880e+06   8.7097168e+01
   4.5260600e+06   6.5856934e+01
   4.5339610e+06   7.1838379e+01
   4.5393000e+06   6.3903809e+01
   4.5394840e+06   6.4941406e+01
   4.5394960e+06   6.6284180e+01
   4.5403010e+06   5.3405762e+01
   4.5407990e+06   5.7434082e+01
   4.5849470e+06   1.0638428e+02
   4.5851180e+06   8.9416504e+01
   4.5853660e+06   7.5622559e+01
   4.5857190e+06   8.0322266e+01
   4.5860160e+06   6.7687988e+01
   4.5863500e+06   5.8410645e+01
   4.5866650e+06   6.5551758e+01
   4.5869770e+06   5.9143066e+01
   4.6071500e+06   9.1735840e+01
   4.6142860e+06   7.7819824e+01
   4.6181390e+06   7.2387695e+01
   4.6242650e+06   5.7128906e+01
   4.6279000e+06   7.4645996e+01
   4.6339110e+06   5.3283691e+01
   4.6357490e+06   7.7758789e+01
   4.6359940e+06   7.6416016e+01
   4.6362140e+06   5.8044434e+01
   4.6364720e+06   6.1584473e+01
   4.6369510e+06   5.3100586e+01
   4.6374590e+06   6.0302734e+01
   4.6721830e+06   9.8754883e+01
   4.6823730e+06   8.4472656e+01
   4.6839340e+06   7.9345703e+01
   4.6877740e+06   6.7871094e+01
   4.6962760e+06   6.8298340e+01
   4.7035360e+06   9.1003418e+01
   4.7082430e+06   6.3171387e+01
   4.7163360e+06   8.6303711e+01
   4.7165160e+06   6.6711426e+01
   4.7167800e+06   5.7617188e+01
   4.7169510e+06   5.7800293e+01
   4.7487030e+06   8.3251953e+01
   4.7514260e+06   6.9702148e+01
   4.7553960e+06   8.4167480e+01
   4.7606830e+06   6.5979004e+01
   4.7608580e+06   7.1350098e+01
   4.7610950e+06   6.7077637e+01
   4.7613210e+06   6.8420410e+01
   4.7615850e+06   5.8349609e+01
   4.7618650e+06   5.4382324e+01
   4.7625040e+06   6.1279297e+01
   4.7800920e+06   7.0312500e+01
   4.7927070e+06   8.3984375e+01
   4.7929660e+06   7.2814941e+01
   4.7931700e+06   6.3415527e+01
   4.7934570e+06   7.0434570e+01
   4.7938100e+06   6.2622070e+01
   4.7941210e+06   5.4443359e+01
   4.7946940e+06   5.9326172e+01
   4.8136350e+06   8.3435059e+01
   4.8202970e+06   5.3833008e+01
   4.8206390e+06   5.3039551e+01
   4.8221410e+06   7.3120117e+01
   4.8226170e+06   8.6242676e+01
   4.8230920e+06   5.4870605e+01
   4.8234740e+06   5.4260254e+01
   4.8516570e+06   9.0148926e+01
   4.8519060e+06   6.9213867e+01
   4.8521460e+06   7.1044922e+01
   4.8523930e+06   6.4453125e+01
   4.8526700e+06   5.7678223e+01
   4.8529550e+06   5.8410645e+01
   4.8533660e+06   6.6223145e+01
   4.8788920e+06   9.9914551e+01
   4.8791580e+06   7.8674316e+01
   4.8794490e+06   6.9152832e+01
   4.8796850e+06   6.7687988e+01
   4.8799640e+06   6.8176270e+01
   4.8803550e+06   5.7800293e+01
   4.8808010e+06   5.2978516e+01
   4.8813600e+06   5.6823730e+01
   4.8818270e+06   5.8044434e+01
   4.8922570e+06   7.6599121e+01
   4.8935210e+06   7.4645996e+01
   4.8968020e+06   6.1950684e+01
   4.9212820e+06   8.1054688e+01
   4.9287850e+06   5.5236816e+01
   4.9297490e+06   8.2153320e+01
   4.9300350e+06   6.6772461e+01
   4.9302410e+06   8.3374023e+01
   4.9305130e+06   6.5490723e+01
   4.9308640e+06   6.3659668e+01
   4.9313510e+06   5.3649902e+01
   4.9693160e+06   7.8796387e+01
   4.9695820e+06   5.5297852e+01
   4.9696240e+06   9.0270996e+01
   4.9698520e+06   5.8105469e+01
   4.9704950e+06   6.7199707e+01
   4.9717280e+06   6.0119629e+01
   5.0079800e+06   8.2641602e+01
   5.0154040e+06   7.5683594e+01
   5.0156370e+06   7.9589844e+01
   5.0158870e+06   6.5063477e+01
   5.0160800e+06   5.7678223e+01
   5.0164060e+06   6.5185547e+01
   5.0167550e+06   5.5175781e+01
   5.0170090e+06   7.0678711e+01
   5.0173580e+06   5.5419922e+01
   5.0177250e+06   5.7739258e+01
   5.0512850e+06   9.2651367e+01
   5.0529840e+06   5.8227539e+01
   5.0532830e+06   8.5144043e+01
   5.0535910e+06   7.5439453e+01
   5.0539010e+06   5.8471680e+01
   5.0545910e+06   5.7495117e+01
   5.0973820e+06   8.3740234e+01
   5.0977280e+06   9.6008301e+01
   5.0979780e+06   6.9702148e+01
   5.0982550e+06   5.8349609e+01
   5.0985340e+06   6.5551758e+01
   5.0993210e+06   6.6406250e+01
   5.1346470e+06   5.6701660e+01
   5.1361440e+06   7.9528809e+01
   5.1364340e+06   8.6547852e+01
   5.1366390e+06   1.0577393e+02
   5.1370580e+06   7.3242188e+01
   5.1374480e+06   5.8471680e+01
   5.1378090e+06   7.0983887e+01
   5.1383630e+06   6.4270020e+01
   5.1388780e+06   7.9223633e+01
   5.1732330e+06   7.7331543e+01
   5.1734750e+06   8.2214355e+01
   5.1737820e+06   7.4218750e+01
   5.1741520e+06   7.8369141e+01
   5.1744250e+06   7.5805664e+01
   5.2080590e+06   9.8083496e+01
   5.2084770e+06   7.0739746e+01
   5.2090310e+06   6.6406250e+01
   5.2093260e+06   7.8491211e+01
   5.2456870e+06   7.6049805e+01
   5.2464760e+06   8.0139160e+01
   5.2467340e+06   8.3251953e+01
   5.2472710e+06   6.5612793e+01
   5.2906410e+06   1.0552979e+02
   5.2910300e+06   1.0900879e+02
   5.2913360e+06   7.0800781e+01
   5.2916960e+06   7.6904297e+01
   5.3291980e+06   9.9731445e+01
   5.3294530e+06   8.3557129e+01
   5.3296800e+06   9.3627930e+01
   5.3300120e+06   7.7392578e+01
   5.3304640e+06   7.5317383e+01
   5.3666170e+06   9.4116211e+01
   5.3670110e+06   7.2448730e+01
   5.3672950e+06   8.7768555e+01
   5.3999890e+06   9.3688965e+01
   5.4003130e+06   7.5622559e+01
   5.4006100e+06   8.5815430e+01
   5.4279510e+06   5.3405762e+01
   5.4299480e+06   5.4077148e+01
   5.4299730e+06   1.0034180e+02
   5.4303750e+06   7.7270508e+01
   5.4312260e+06   7.2448730e+01
   5.4444700e+06   1.0729980e+02
   5.4731990e+06   5.9509277e+01
   5.4743300e+06   8.3435059e+01
   5.4746190e+06   5.7678223e+01
   5.4749320e+06   7.4707031e+01
   5.4803110e+06   5.5908203e+01
   5.4839940e+06   8.0261230e+01
   5.4869510e+06   1.0351563e+02
   5.5092820e+06   1.0400391e+02
   5.5185170e+06   8.7402344e+01
   5.5399750e+06   8.5144043e+01
   5.5405090e+06   6.8359375e+01
   5.5411400e+06   7.6477051e+01
   5.5710380e+06   5.4687500e+01
   5.5721060e+06   7.8613281e+01
   5.5727640e+06   8.1542969e+01
   5.5730290e+06   6.0302734e+01
   5.5731130e+06   6.8481445e+01
   5.5790550e+06   9.5397949e+01
   5.6254200e+06   1.0083008e+02
   5.6259300e+06   8.2153320e+01
   5.6262450e+06   7.9895020e+01
   5.6281880e+06   5.3894043e+01
   5.8568500e+06   9.1003418e+01
   5.8866000e+06   5.9387207e+01
   5.9344740e+06   8.1298828e+01
   5.9604960e+06   5.5847168e+01
   5.9682820e+06   8.1115723e+01
   6.0062980e+06   8.0200195e+01
   6.0152400e+06   5.4870605e+01
   6.0189900e+06   8.2641602e+01
   6.0248530e+06   1.0113525e+02
   6.0264160e+06   7.9345703e+01
   6.0280830e+06   9.0148926e+01
   6.0407190e+06   5.6335449e+01
   6.0435750e+06   8.5510254e+01
   6.0445350e+06   7.2448730e+01
   6.0447130e+06   6.7993164e+01
   6.0448380e+06   6.8359375e+01
   6.0475950e+06   5.5419922e+01
   6.0711420e+06   9.4543457e+01
   6.0713070e+06   8.7829590e+01
   6.0715870e+06   6.8054199e+01
   6.0719710e+06   6.4331055e+01
   6.0723120e+06   7.7697754e+01
   6.0727130e+06   5.5908203e+01
   6.1010870e+06   1.1145020e+02
   6.1013600e+06   8.1115723e+01
   6.1016500e+06   7.7453613e+01
   6.1020640e+06   8.4106445e+01
   6.1025630e+06   7.1960449e+01
   6.1205570e+06   5.7250977e+01
   6.1224620e+06   8.8195801e+01
   6.1228320e+06   7.4035645e+01
   6.1233770e+06   5.7678223e+01
   6.1439010e+06   7.6354980e+01
   6.1442040e+06   7.5317383e+01
   6.1445260e+06   9.1430664e+01
   6.1449100e+06   7.6354980e+01
   6.1618450e+06   1.0095215e+02
   6.1623500e+06   8.4594727e+01
   6.1631080e+06   6.5124512e+01
   6.1755370e+06   9.2346191e+01
   6.1785010e+06   8.5388184e+01
   6.1789600e+06   6.6894531e+01
   6.1793270e+06   6.2561035e+01
   6.1803170e+06   7.8735352e+01
   6.1965740e+06   8.6486816e+01
   6.1976550e+06   5.9814453e+01
   6.1979860e+06   6.2927246e+01
   6.1980450e+06   5.3588867e+01
   6.1985370e+06   7.9101562e+01
   6.1990190e+06   7.6354980e+01
   6.2150650e+06   7.9162598e+01
   6.2153220e+06   9.1186523e+01
   6.2156220e+06   7.6293945e+01
   6.2160520e+06   5.7434082e+01
   6.2162930e+06   5.4016113e+01
   6.2163710e+06   5.7495117e+01
   6.2309970e+06   8.3129883e+01
   6.2313130e+06   7.2753906e+01
   6.2315620e+06   7.7514648e+01
   6.2318370e+06   5.4077148e+01
   6.2319260e+06   6.9824219e+01
   6.2488380e+06   9.5092773e+01
   6.2491330e+06   6.9519043e+01
   6.2495420e+06   8.9477539e+01
   6.2497990e+06   7.9162598e+01
   6.2502760e+06   7.4157715e+01
   6.2673620e+06   8.0932617e+01
   6.2677000e+06   7.4218750e+01
   6.2680230e+06   7.0922852e+01
   6.2689740e+06   8.0810547e+01
   6.2858060e+06   8.6242676e+01
   6.2861710e+06   5.8166504e+01
   6.2864250e+06   6.6284180e+01
   6.6185450e+06   9.6496582e+01
   6.6186990e+06   8.9660645e+01
   6.6188590e+06   6.7321777e+01
   6.6189740e+06   6.4025879e+01
   6.6194900e+06   5.2917480e+01
   6.6196660e+06   5.9814453e+01
   6.6203720e+06   6.2438965e+01
   6.6206410e+06   6.3049316e+01
   6.6432110e+06   8.2824707e+01
   6.6439760e+06   1.0156250e+02
   6.6442020e+06   7.9467773e+01
   6.6445010e+06   9.8083496e+01
   6.6448320e+06   6.2927246e+01
   6.6456190e+06   6.9702148e+01
   6.7467580e+06   9.4665527e+01
   6.7469350e+06   8.9233398e+01
   6.7470840e+06   7.2265625e+01
   6.7472530e+06   8.1359863e+01
   6.7475200e+06   6.9702148e+01
   6.7478170e+06   7.3547363e+01
   6.7481320e+06   5.6762695e+01
   6.7484280e+06   7.4279785e+01
   6.7487860e+06   6.1279297e+01
   6.7491330e+06   6.5979004e+01
   6.7679330e+06   7.7514648e+01
   6.7683160e+06   1.0034180e+02
   6.7688400e+06   5.9631348e+01
   6.7696270e+06   7.5256348e+01
   6.7862850e+06   9.9060059e+01
   6.7873460e+06   1.0955811e+02
   6.7876140e+06   6.3354492e+01
   6.7881030e+06   6.3659668e+01
   6.8088060e+06   7.8002930e+01
   6.8090720e+06   7.1472168e+01
   6.8093650e+06   7.9772949e+01
   6.8098960e+06   6.7993164e+01
   6.8276770e+06   9.9121094e+01
   6.8289360e+06   7.6965332e+01
   6.8294740e+06   7.9101562e+01
   6.8457360e+06   7.7209473e+01
   6.8465860e+06   6.8603516e+01
   6.8472220e+06   7.4157715e+01
   6.8618840e+06   8.6120605e+01
   6.8626270e+06   6.4453125e+01
   6.8640760e+06   7.1166992e+01
   6.8810990e+06   9.3444824e+01
   6.8821130e+06   7.6782227e+01
   6.8826410e+06   7.9223633e+01
   6.8983100e+06   9.1186523e+01
   6.8993240e+06   7.2204590e+01
   6.9152880e+06   9.3139648e+01
   6.9156750e+06   9.0759277e+01
   6.9303050e+06   6.9458008e+01
   6.9306890e+06   8.2214355e+01
   6.9563100e+06   8.5937500e+01
   6.9565920e+06   8.8806152e+01
   6.9569520e+06   7.5134277e+01
   6.9579070e+06   7.2875977e+01
   6.9852380e+06   9.6252441e+01
   6.9856530e+06   8.2580566e+01
   7.0123810e+06   9.3627930e+01
   7.0127090e+06   7.3242188e+01
   7.0130080e+06   7.5988770e+01
   7.0405850e+06   9.9487305e+01
   7.0411270e+06   8.5083008e+01
   7.0664080e+06   8.1115723e+01
   7.0669570e+06   9.3994141e+01
   7.0949540e+06   9.4604492e+01
   7.0953660e+06   1.0424805e+02
   7.1263010e+06   5.4199219e+01
   7.1281870e+06   7.7026367e+01
   7.1285040e+06   8.7585449e+01
   7.1288050e+06   7.0312500e+01
   7.1291720e+06   7.2509766e+01
   7.1570870e+06   5.8654785e+01
   7.1573640e+06   9.2529297e+01
   7.1577600e+06   8.3251953e+01
   7.1582090e+06   6.1279297e+01
   7.1934950e+06   9.4543457e+01
   7.1938710e+06   7.3791504e+01
   7.1940550e+06   6.8359375e+01
   7.1944010e+06   8.6181641e+01
   7.1967930e+06   5.5969238e+01
   7.2640740e+06   5.4199219e+01
   7.2646580e+06   5.2978516e+01
   7.2660330e+06   9.6008301e+01
   7.2662280e+06   8.4899902e+01
   7.2664500e+06   7.3242188e+01
   7.2666560e+06   8.0200195e+01
   7.2669180e+06   7.6782227e+01
   7.2673710e+06   6.1584473e+01
   7.2678500e+06   6.5490723e+01
   7.3056280e+06   5.3588867e+01
   7.3080050e+06   9.4360352e+01
   7.3082980e+06   8.0322266e+01
   7.3085330e+06   7.5744629e+01
   7.3091200e+06   8.7036133e+01
   7.3095080e+06   7.0922852e+01
   7.3099070e+06   6.5612793e+01
   7.3506340e+06   5.5175781e+01
   7.3511750e+06   5.9204102e+01
   7.3529350e+06   8.4167480e+01
   7.3535240e+06   9.7534180e+01
   7.3538580e+06   8.6059570e+01
   7.3541360e+06   5.7983398e+01
   7.3546750e+06   6.5246582e+01
   7.3550410e+06   5.7678223e+01
   7.3912950e+06   8.5449219e+01
   7.3915530e+06   9.0698242e+01
   7.3917790e+06   9.3566895e+01
   7.3920740e+06   6.0180664e+01
   7.3924890e+06   7.5134277e+01
   7.3927920e+06   6.7504883e+01
   7.3933910e+06   6.0241699e+01
   7.4395380e+06   7.5500488e+01
   7.4398270e+06   7.7758789e+01
   7.4400990e+06   7.2143555e+01
   7.4403010e+06   7.2143555e+01
   7.4404890e+06   8.5327148e+01
   7.4408440e+06   6.0485840e+01
   7.4413210e+06   6.2622070e+01
   7.4776090e+06   5.5297852e+01
   7.4776980e+06   9.5581055e+01
   7.4804160e+06   8.4716797e+01
   7.4806170e+06   8.1420898e+01
   7.4808450e+06   7.3974609e+01
   7.4811880e+06   6.0607910e+01
   7.4814320e+06   5.5908203e+01
   7.4818000e+06   7.0983887e+01
   7.4823050e+06   5.7067871e+01
   7.4827540e+06   6.0852051e+01
   7.5203810e+06   9.3750000e+01
   7.5206470e+06   8.8806152e+01
   7.5209250e+06   7.3669434e+01
   7.5213090e+06   6.8237305e+01
   7.5217180e+06   6.8664551e+01
   7.5219720e+06   7.7026367e+01
   7.5531210e+06   5.7067871e+01
   7.5543020e+06   6.1340332e+01
   7.5559590e+06   9.5458984e+01
   7.5563260e+06   7.6782227e+01
   7.5565400e+06   7.7758789e+01
   7.5568110e+06   6.5368652e+01
   7.5570140e+06   7.1960449e+01
   7.5572000e+06   5.3833008e+01
   7.5861090e+06   5.5175781e+01
   7.5880690e+06   6.8847656e+01
   7.5883650e+06   7.1105957e+01
   7.5886820e+06   6.7626953e+01
   7.5890210e+06   7.1411133e+01
   7.5893480e+06   7.4523926e+01
   7.6259620e+06   6.1950684e+01
   7.6285650e+06   8.5144043e+01
   7.6288230e+06   8.4777832e+01
   7.6290480e+06   7.7819824e+01
   7.6293650e+06   6.7199707e+01
   7.6295730e+06   6.3903809e+01
   7.6297900e+06   6.1340332e+01
   7.6302910e+06   6.4697266e+01
   7.6306340e+06   6.3293457e+01
   7.6624320e+06   5.4260254e+01
   7.6628910e+06   5.7006836e+01
   7.6645840e+06   9.4970703e+01
   7.6648960e+06   1.0040283e+02
   7.6651070e+06   7.5195312e+01
   7.6653620e+06   7.2387695e+01
   7.6656130e+06   6.3537598e+01
   7.6659170e+06   7.2998047e+01
   7.6661590e+06   5.9448242e+01
   7.6665690e+06   7.4829102e+01
   7.6671260e+06   5.5847168e+01
   7.7493370e+06   5.2978516e+01
   7.7503420e+06   7.2326660e+01
   7.7505210e+06   8.5754395e+01
   7.7506540e+06   7.6599121e+01
   7.7508010e+06   5.7250977e+01
   7.7511350e+06   5.7067871e+01
   7.7513350e+06   5.9509277e+01
   7.8058430e+06   5.3649902e+01
   7.8062050e+06   5.6518555e+01
   7.8077830e+06   8.9294434e+01
   7.8080070e+06   1.0009766e+02
   7.8082140e+06   7.4218750e+01
   7.8084690e+06   6.7382812e+01
   7.8086270e+06   7.1228027e+01
   7.8089910e+06   5.9875488e+01
   7.8093080e+06   5.7373047e+01
   7.8096300e+06   6.3293457e+01
   7.8100560e+06   5.3100586e+01
   7.8106570e+06   5.2917480e+01
   7.8521620e+06   5.4504395e+01
   7.8528260e+06   8.8623047e+01
   7.8532960e+06   5.6945801e+01
   7.8540400e+06   7.5256348e+01
   7.8542990e+06   6.2133789e+01
   7.8545390e+06   7.0251465e+01
   7.8547170e+06   5.4931641e+01
   7.8549710e+06   6.5673828e+01
   7.8552320e+06   6.4392090e+01
   7.8555760e+06   6.7871094e+01
   7.8558630e+06   5.6823730e+01
   7.8565350e+06   5.7067871e+01
   7.8860810e+06   5.3649902e+01
   7.8876670e+06   5.9631348e+01
   7.8881900e+06   8.8012695e+01
   7.8884140e+06   7.1228027e+01
   7.8887060e+06   6.9885254e+01
   7.8889660e+06   6.7260742e+01
   7.8892120e+06   6.8359375e+01
   7.8895700e+06   7.0434570e+01
   7.8899710e+06   6.8176270e+01
   7.8905810e+06   6.8786621e+01
   7.9146310e+06   6.1584473e+01
   7.9159570e+06   7.7392578e+01
   7.9165920e+06   7.4462891e+01
   7.9168690e+06   8.6730957e+01
   7.9171430e+06   6.2438965e+01
   7.9173660e+06   6.4758301e+01
   7.9176630e+06   7.7270508e+01
   7.9180230e+06   5.7434082e+01
   7.9459720e+06   8.8806152e+01
   7.9473200e+06   8.5815430e+01
   7.9477400e+06   5.9753418e+01
   7.9480050e+06   6.4941406e+01
   7.9482660e+06   7.3486328e+01
   7.9485870e+06   5.7739258e+01
   7.9721450e+06   8.3496094e+01
   7.9764410e+06   5.4016113e+01
   7.9768780e+06   5.4077148e+01
   7.9771600e+06   5.3405762e+01
   7.9782080e+06   6.6833496e+01
   7.9784730e+06   8.0200195e+01
   7.9788920e+06   8.1909180e+01
   7.9791120e+06   6.5002441e+01
   7.9796320e+06   6.6467285e+01
   8.0093390e+06   9.2834473e+01
   8.0097010e+06   8.0810547e+01
   8.0099580e+06   6.6040039e+01
   8.0102440e+06   6.3171387e+01
   8.0105990e+06   7.1899414e+01
   8.0110240e+06   5.4626465e+01
   8.0231550e+06   8.4228516e+01
   8.0242320e+06   5.5908203e+01
   8.0247490e+06   6.0974121e+01
   8.0250910e+06   7.0434570e+01
   8.0447110e+06   5.5358887e+01
   8.0474880e+06   1.0211182e+02
   8.0475310e+06   5.5541992e+01
   8.0477920e+06   6.8481445e+01
   8.0481750e+06   7.6721191e+01
   8.0484240e+06   7.6232910e+01
   8.0488820e+06   6.1035156e+01
   8.0711410e+06   7.7758789e+01
   8.0784500e+06   8.4899902e+01
   8.0787690e+06   7.7026367e+01
   8.0790140e+06   6.2744141e+01
   8.0793050e+06   7.1960449e+01
   8.0801110e+06   5.7861328e+01
   8.1124170e+06   6.7077637e+01
   8.1126700e+06   7.6477051e+01
   8.1128160e+06   5.7373047e+01
   8.1129250e+06   6.6040039e+01
   8.1132530e+06   6.5979004e+01
   8.1136460e+06   6.4392090e+01
   8.1140200e+06   5.7739258e+01
   8.1647050e+06   5.7128906e+01
   8.1670500e+06   1.1248779e+02
   8.1672460e+06   8.0566406e+01
   8.1674330e+06   6.4025879e+01
   8.1677210e+06   7.9895020e+01
   8.1679630e+06   6.5856934e+01
   8.1681510e+06   5.6335449e+01
   8.1685530e+06   7.0861816e+01
   8.1689840e+06   7.4645996e+01
   8.2063660e+06   5.5480957e+01
   8.2090460e+06   6.0241699e+01
   8.2096040e+06   7.2448730e+01
   8.2098180e+06   8.8439941e+01
   8.2100930e+06   7.1838379e+01
   8.2103800e+06   5.4931641e+01
   8.2106880e+06   6.2255859e+01
   8.2110440e+06   6.2866211e+01
   8.2114080e+06   5.7922363e+01
   8.2486000e+06   5.8166504e+01
   8.2516270e+06   7.5927734e+01
   8.2518890e+06   7.0983887e+01
   8.2522130e+06   8.0627441e+01
   8.2525190e+06   8.5510254e+01
   8.2529170e+06   5.8898926e+01
   8.2532210e+06   6.0546875e+01
   8.4413580e+06   5.5908203e+01
   8.4425400e+06   9.6862793e+01
   8.4778620e+06   9.2956543e+01
   8.5029610e+06   7.5927734e+01
   8.5300070e+06   5.7434082e+01
   8.5301390e+06   9.6008301e+01
   8.5589230e+06   5.6457520e+01
   8.5589790e+06   1.0363770e+02
   8.6044390e+06   8.7829590e+01
   8.6056950e+06   9.7595215e+01
   8.6075280e+06   7.2937012e+01
   8.6076580e+06   7.0739746e+01
   8.6079050e+06   5.6213379e+01
   8.6090870e+06   6.0180664e+01
   8.6431510e+06   5.3100586e+01
   8.6474290e+06   8.8684082e+01
   8.6474970e+06   6.0791016e+01
   8.6476830e+06   8.9355469e+01
   8.6478940e+06   5.9936523e+01
   8.6482360e+06   6.5673828e+01
   8.6486420e+06   6.9335938e+01
   8.6489730e+06   5.7983398e+01
   8.6493960e+06   6.8786621e+01
   8.6496600e+06   6.2316895e+01
   8.6499950e+06   6.1340332e+01
   8.6502900e+06   5.7556152e+01
   8.6742230e+06   5.9875488e+01
   8.6742340e+06   1.0620117e+02
   8.6745020e+06   6.5856934e+01
   8.6748560e+06   9.4665527e+01
   8.6751990e+06   7.3730469e+01
   8.6754860e+06   6.1096191e+01
   8.7078280e+06   8.6791992e+01
   8.7080930e+06   6.5734863e+01
   8.7082880e+06   7.3852539e+01
   8.7085260e+06   7.5378418e+01
   8.7087840e+06   7.6110840e+01
   8.7089890e+06   5.7678223e+01
   8.7091910e+06   5.7128906e+01
   8.7095980e+06   5.6701660e+01
   8.7384040e+06   9.9670410e+01
   8.7386110e+06   9.7229004e+01
   8.7387130e+06   5.4687500e+01
   8.7388840e+06   6.4758301e+01
   8.7392210e+06   7.3425293e+01
   8.7571010e+06   8.5998535e+01
   8.7655110e+06   7.5561523e+01
   8.7679310e+06   7.1655273e+01
   8.7681800e+06   8.8500977e+01
   8.7684280e+06   6.4636230e+01
   8.7686590e+06   7.0373535e+01
   8.7688610e+06   7.1472168e+01
   8.7692230e+06   6.3354492e+01
   8.7934660e+06   8.1848145e+01
   8.7935220e+06   6.2438965e+01
   8.7936630e+06   9.0270996e+01
   8.7940210e+06   6.2866211e+01
   8.7945020e+06   6.4819336e+01
   8.7948520e+06   7.2448730e+01
   8.8222200e+06   6.2072754e+01
   8.8227300e+06   9.0759277e+01
   8.8231610e+06   7.0068359e+01
   8.8233630e+06   7.1472168e+01
   8.8236570e+06   7.3242188e+01
   8.8239880e+06   6.9946289e+01
   8.8247560e+06   5.9143066e+01
   8.8542110e+06   6.9946289e+01
   8.8543540e+06   8.6303711e+01
   8.8545260e+06   8.0566406e+01
   8.8548790e+06   8.3068848e+01
   8.8551200e+06   6.0241699e+01
   8.8553970e+06   6.0058594e+01
   8.8558110e+06   7.4401855e+01
   8.8562400e+06   7.1105957e+01
   8.8790820e+06   5.3283691e+01
   8.8793520e+06   1.0260010e+02
   8.8796660e+06   7.8674316e+01
   8.8798930e+06   6.2133789e+01
   8.8802290e+06   6.5490723e+01
   8.8804980e+06   6.0791016e+01
   8.9114400e+06   5.4565430e+01
   8.9116190e+06   8.3251953e+01
   8.9119110e+06   1.0552979e+02
   8.9123330e+06   8.2214355e+01
   8.9126770e+06   7.6904297e+01
   8.9132500e+06   8.6425781e+01
   8.9408190e+06   9.4299316e+01
   8.9411860e+06   8.6059570e+01
   8.9414480e+06   7.0312500e+01
   8.9417150e+06   6.4025879e+01
   8.9420490e+06   6.5795898e+01
   8.9439180e+06   5.4138184e+01
   9.2707440e+06   5.6823730e+01
   9.2711020e+06   5.4199219e+01
   9.2728600e+06   5.8166504e+01
   9.2733690e+06   7.4157715e+01
   9.2735240e+06   9.4116211e+01
   9.2736680e+06   6.5063477e+01
   9.2740660e+06   6.5307617e+01
   9.2743990e+06   5.6762695e+01
   9.2751750e+06   5.8898926e+01
   9.2762980e+06   5.4565430e+01
   9.3123810e+06   9.0454102e+01
   9.3152740e+06   7.0312500e+01
   9.3168320e+06   7.5195312e+01
   9.3170600e+06   8.1054688e+01
   9.3172560e+06   7.8247070e+01
   9.3174870e+06   6.1340332e+01
   9.3177420e+06   5.5725098e+01
   9.3179460e+06   6.3476562e+01
   9.3185920e+06   5.6701660e+01
   9.3557900e+06   5.5053711e+01
   9.3564330e+06   9.2407227e+01
   9.3566590e+06   7.6660156e+01
   9.3568280e+06   6.8725586e+01
   9.3571400e+06   6.6101074e+01
   9.3573430e+06   6.4514160e+01
   9.3575560e+06   5.9143066e+01
   9.3590620e+06   5.5236816e+01
   9.3869460e+06   8.9843750e+01
   9.3932130e+06   1.1035156e+02
   9.4027900e+06   5.5358887e+01
   9.4035810e+06   6.5124512e+01
   9.4037490e+06   8.4838867e+01
   9.4039280e+06   6.7016602e+01
   9.4041180e+06   5.7312012e+01
   9.4043220e+06   6.7871094e+01
   9.4045300e+06   5.9204102e+01
   9.4047030e+06   6.0363770e+01
   9.4054700e+06   6.5368652e+01
   9.4219730e+06   8.0749512e+01
   9.4226630e+06   7.9956055e+01
   9.4230050e+06   7.4951172e+01
   9.4234950e+06   7.0678711e+01
   9.4407340e+06   8.1115723e+01
   9.4414180e+06   8.3435059e+01
   9.4415180e+06   5.4199219e+01
   9.4420660e+06   6.1584473e+01
   9.4424060e+06   7.0190430e+01
   9.4430120e+06   6.3598633e+01
   9.4586350e+06   7.6965332e+01
   9.4597100e+06   6.5673828e+01
   9.4600390e+06   6.7687988e+01
   9.4759590e+06   5.2856445e+01
   9.4760170e+06   1.2683105e+02
   9.4763280e+06   5.5053711e+01
   9.4764650e+06   6.6284180e+01
   9.4769250e+06   6.8786621e+01
   9.4775080e+06   5.3771973e+01
   9.4928910e+06   8.0627441e+01
   9.4929250e+06   6.2072754e+01
   9.4931710e+06   5.4321289e+01
   9.4932210e+06   6.9702148e+01
   9.4935340e+06   6.4270020e+01
   9.4942800e+06   6.1279297e+01
   9.5080930e+06   6.8298340e+01
   9.5085550e+06   6.5979004e+01
   9.5088700e+06   6.4880371e+01
   9.5092260e+06   6.7504883e+01
   9.5096820e+06   6.0974121e+01
   9.5100210e+06   5.2856445e+01
   9.5259550e+06   8.2214355e+01
   9.5299920e+06   5.2856445e+01
   9.5301140e+06   8.5510254e+01
   9.5304060e+06   7.3059082e+01
   9.5309640e+06   6.5063477e+01
   9.5502440e+06   5.5480957e+01
   9.5503770e+06   8.7768555e+01
   9.5504700e+06   5.2795410e+01
   9.5507100e+06   6.6772461e+01
   9.5510300e+06   6.2133789e+01
   9.5513620e+06   7.6904297e+01
   9.5517600e+06   7.8247070e+01
   9.5754880e+06   7.8613281e+01
   9.5760190e+06   8.1970215e+01
   9.5762870e+06   9.5275879e+01
   9.5766190e+06   6.3171387e+01
   9.5770820e+06   7.2143555e+01
   9.6003060e+06   7.9528809e+01
   9.6005470e+06   6.5795898e+01
   9.6008110e+06   6.7077637e+01
   9.6011240e+06   8.1970215e+01
   9.6015520e+06   5.9326172e+01
   9.6234150e+06   5.3283691e+01
   9.6234940e+06   9.0759277e+01
   9.6237810e+06   7.8674316e+01
   9.6239540e+06   7.6110840e+01
   9.6242200e+06   6.1096191e+01
   9.6245210e+06   6.8176270e+01
   9.6250910e+06   5.9265137e+01
   9.6480710e+06   6.0363770e+01
   9.6483660e+06   9.1369629e+01
   9.6498250e+06   7.4951172e+01
   9.6501100e+06   7.1289062e+01
   9.6504350e+06   7.0922852e+01
   9.6511110e+06   6.9580078e+01
   9.6734380e+06   5.6579590e+01
   9.6740450e+06   9.2956543e+01
   9.6748570e+06   9.3811035e+01
   9.6752190e+06   7.4951172e+01
   9.6755240e+06   7.4279785e+01
   9.6756580e+06   5.4504395e+01
   9.6762780e+06   6.8969727e+01
   9.7013250e+06   5.5236816e+01
   9.7013510e+06   9.0942383e+01
   9.7016590e+06   9.1552734e+01
   9.7019280e+06   6.3415527e+01
   9.7021930e+06   7.3913574e+01
   9.7026070e+06   5.2917480e+01
   9.7029870e+06   5.9936523e+01
   9.7331170e+06   8.8562012e+01
   9.7333140e+06   5.4809570e+01
   9.7334150e+06   8.5266113e+01
   9.7336590e+06   6.4270020e+01
   9.7339300e+06   7.1289062e+01
   9.7343360e+06   8.4167480e+01
   9.7346740e+06   5.8166504e+01
   9.7350480e+06   6.7443848e+01
   9.7627050e+06   8.8867188e+01
   9.7627260e+06   5.6152344e+01
   9.7629900e+06   6.7932129e+01
   9.7630630e+06   5.3222656e+01
   9.7632460e+06   7.8186035e+01
   9.7635520e+06   7.7941895e+01
   9.7638220e+06   5.5969238e+01
   9.9419030e+06   8.8989258e+01
   9.9637620e+06   9.8022461e+01
   9.9727390e+06   7.6232910e+01
   9.9852360e+06   8.2702637e+01
   1.0002362e+07   7.4645996e+01
   1.0004954e+07   6.4880371e+01
   1.0005831e+07   8.5937500e+01
   1.0008148e+07   9.0148926e+01
   1.0008298e+07   6.3720703e+01
   1.0008437e+07   6.0913086e+01
   1.0008625e+07   5.6945801e+01
   1.0009155e+07   5.3771973e+01
   1.0045623e+07   6.8359375e+01
   1.0067394e+07   7.1350098e+01
   1.0077679e+07   9.8632812e+01
   1.0088244e+07   7.8063965e+01
   1.0092359e+07   9.5947266e+01
   1.0106807e+07   8.1542969e+01
   1.0110186e+07   7.5073242e+01
   1.0127697e+07   8.2275391e+01
   1.0138798e+07   9.9060059e+01
   1.0144871e+07   5.4931641e+01
   1.0147152e+07   1.0046387e+02
   1.0153013e+07   9.6313477e+01
   1.0169697e+07   8.3679199e+01
   1.0181202e+07   6.6101074e+01
   1.0187271e+07   7.5866699e+01
   1.0187369e+07   7.1166992e+01
   1.0187498e+07   5.5908203e+01
   1.0187685e+07   6.1523438e+01
   1.0190123e+07   5.7006836e+01
   1.0190722e+07   5.4748535e+01
   1.0210478e+07   8.4899902e+01
   1.0220114e+07   8.5754395e+01
   1.0228009e+07   6.9213867e+01
   1.0232429e+07   8.8073730e+01
   1.0234448e+07   7.2998047e+01
   1.0234640e+07   5.5480957e+01
   1.0234819e+07   5.8227539e+01
   1.0235081e+07   5.4199219e+01
   1.0235299e+07   5.4809570e+01
   1.0235786e+07   5.3222656e+01
   1.0260148e+07   8.7585449e+01
   1.0270409e+07   7.5073242e+01
   1.0274857e+07   6.7687988e+01
   1.0276209e+07   7.4584961e+01
   1.0276474e+07   6.4880371e+01
   1.0296663e+07   7.8308105e+01
   1.0298639e+07   8.9355469e+01
   1.0298886e+07   6.2438965e+01
   1.0299404e+07   5.7128906e+01
   1.0300533e+07   6.0607910e+01
   1.0316305e+07   9.4238281e+01
   1.0317752e+07   7.7758789e+01
   1.0318267e+07   6.9213867e+01
   1.0318563e+07   6.0791016e+01
   1.0318961e+07   6.1767578e+01
   1.0319210e+07   5.4626465e+01
   1.0336247e+07   9.3383789e+01
   1.0336421e+07   5.3039551e+01
   1.0336506e+07   8.1787109e+01
   1.0336806e+07   5.6396484e+01
   1.0337082e+07   5.3649902e+01
   1.0337379e+07   6.9152832e+01
   1.0337811e+07   5.4199219e+01
   1.0338492e+07   5.6213379e+01
   1.0355169e+07   7.4584961e+01
   1.0355817e+07   7.1838379e+01
   1.0355843e+07   5.6884766e+01
   1.0356217e+07   7.9406738e+01
   1.0356634e+07   6.0302734e+01
   1.0356922e+07   5.8105469e+01
   1.0357264e+07   5.7128906e+01
   1.0371446e+07   7.2814941e+01
   1.0372192e+07   7.3791504e+01
   1.0372544e+07   6.4575195e+01
   1.0372882e+07   6.0241699e+01
   1.0373295e+07   5.8410645e+01
   1.0373805e+07   5.8471680e+01
   1.0388243e+07   7.0678711e+01
   1.0388658e+07   5.9143066e+01
   1.0388867e+07   6.4758301e+01
   1.0389126e+07   6.5002441e+01
   1.0389153e+07   6.5429688e+01
   1.0389384e+07   6.1340332e+01
   1.0389768e+07   5.4443359e+01
   1.0406770e+07   5.2856445e+01
   1.0407788e+07   6.9702148e+01
   1.0408357e+07   8.8806152e+01
   1.0408718e+07   5.6030273e+01
   1.0408923e+07   6.0974121e+01
   1.0409285e+07   5.7739258e+01
   1.0426628e+07   7.0861816e+01
   1.0426819e+07   7.8002930e+01
   1.0427069e+07   7.0678711e+01
   1.0427390e+07   5.4870605e+01
   1.0427753e+07   5.4931641e+01
   1.0428858e+07   5.7800293e+01
   1.0444404e+07   8.3190918e+01
   1.0444698e+07   6.9213867e+01
   1.0444927e+07   8.1054688e+01
   1.0445216e+07   6.4575195e+01
   1.0445509e+07   7.4768066e+01
   1.0445839e+07   5.9875488e+01
   1.0446195e+07   6.3171387e+01
   1.0446519e+07   5.6091309e+01
   1.0463813e+07   5.3283691e+01
   1.0463854e+07   7.9895020e+01
   1.0464280e+07   7.4035645e+01
   1.0464344e+07   5.7495117e+01
   1.0464500e+07   6.2255859e+01
   1.0464950e+07   5.4077148e+01
   1.0465272e+07   5.6030273e+01
   1.0486070e+07   5.7983398e+01
   1.0486805e+07   8.3557129e+01
   1.0487202e+07   7.4462891e+01
   1.0487481e+07   7.3791504e+01
   1.0487726e+07   6.4086914e+01
   1.0488220e+07   5.9265137e+01
   1.0488485e+07   8.2336426e+01
   1.0488972e+07   5.6762695e+01
   1.0507346e+07   5.4321289e+01
   1.0507939e+07   6.0180664e+01
   1.0508116e+07   5.2856445e+01
   1.0508237e+07   7.5256348e+01
   1.0508482e+07   6.8908691e+01
   1.0508956e+07   5.3894043e+01
   1.0509203e+07   5.5664062e+01
   1.0531834e+07   5.6213379e+01
   1.0532613e+07   6.4575195e+01
   1.0532865e+07   7.7087402e+01
   1.0533100e+07   8.7585449e+01
   1.0533320e+07   5.4748535e+01
   1.0534195e+07   5.3222656e+01
   1.0534677e+07   6.4575195e+01
   1.0554388e+07   6.3232422e+01
   1.0554666e+07   6.7504883e+01
   1.0554872e+07   6.2194824e+01
   1.0555129e+07   7.4829102e+01
   1.0555381e+07   6.5917969e+01
   1.0580521e+07   8.8317871e+01
   1.0580793e+07   5.4443359e+01
   1.0581071e+07   7.5256348e+01
   1.0581307e+07   6.8603516e+01
   1.0581449e+07   5.7983398e+01
   1.0581619e+07   5.7556152e+01
   1.0581901e+07   5.2856445e+01
   1.0582511e+07   6.2683105e+01
   1.0612865e+07   8.9111328e+01
   1.0613450e+07   7.9589844e+01
   1.0613748e+07   7.8491211e+01
   1.0613991e+07   7.5073242e+01
   1.0614213e+07   6.0668945e+01
   1.0614468e+07   5.3771973e+01
   1.0614870e+07   6.7749023e+01
   1.0806967e+07   9.2651367e+01
   1.0818953e+07   9.0148926e+01
   1.0837544e+07   7.4584961e+01
   1.0860718e+07   9.7717285e+01
   1.0881875e+07   9.0759277e+01
   1.0907325e+07   7.6843262e+01
   1.0911158e+07   8.6669922e+01
   1.0913236e+07   8.7951660e+01
   1.0914599e+07   5.7373047e+01
   1.0915454e+07   8.3251953e+01
   1.0915658e+07   7.2570801e+01
   1.0915843e+07   6.0180664e+01
   1.0916165e+07   6.3476563e+01
   1.0951042e+07   8.9233398e+01
   1.0955678e+07   7.7331543e+01
   1.0966525e+07   7.5256348e+01
   1.0973744e+07   7.5256348e+01
   1.0983979e+07   8.5083008e+01
   1.0995810e+07   6.9824219e+01
   1.1000195e+07   6.5429688e+01
   1.1003715e+07   6.2866211e+01
   1.1011996e+07   7.5073242e+01
   1.1015870e+07   5.4809570e+01
   1.1016398e+07   5.2795410e+01
   1.1016964e+07   8.8623047e+01
   1.1017149e+07   7.9162598e+01
   1.1045992e+07   8.8256836e+01
   1.1052216e+07   8.1848145e+01
   1.1062227e+07   6.4941406e+01
   1.1072458e+07   9.8693848e+01
   1.1072642e+07   7.1960449e+01
   1.1072827e+07   5.6030273e+01
   1.1074175e+07   5.3039551e+01
   1.1101000e+07   8.0139160e+01
   1.1102304e+07   6.8969727e+01
   1.1119104e+07   7.7148438e+01
   1.1122640e+07   6.4697266e+01
   1.1135950e+07   9.3078613e+01
   1.1139378e+07   6.7260742e+01
   1.1142777e+07   9.8815918e+01
   1.1142943e+07   6.4636230e+01
   1.1143092e+07   6.2133789e+01
   1.1143274e+07   5.9082031e+01
   1.1145428e+07   5.4626465e+01
   1.1162981e+07   8.2641602e+01
   1.1169053e+07   8.7768555e+01
   1.1176200e+07   7.9895020e+01
   1.1176405e+07   8.7219238e+01
   1.1176585e+07   5.5908203e+01
   1.1176861e+07   8.5266113e+01
   1.1177078e+07   5.3405762e+01
   1.1195907e+07   7.5073242e+01
   1.1200338e+07   8.1359863e+01
   1.1200622e+07   7.2753906e+01
   1.1200846e+07   5.4199219e+01
   1.1201562e+07   5.6152344e+01
   1.1202015e+07   6.2805176e+01
   1.1218422e+07   6.5734863e+01
   1.1219164e+07   8.3496094e+01
   1.1219500e+07   7.5378418e+01
   1.1219828e+07   5.6213379e+01
   1.1220105e+07   7.3425293e+01
   1.1235703e+07   7.9345703e+01
   1.1236007e+07   5.6884766e+01
   1.1236214e+07   6.7504883e+01
   1.1236624e+07   5.7434082e+01
   1.1250991e+07   7.1105957e+01
   1.1251671e+07   7.6110840e+01
   1.1252226e+07   6.8542480e+01
   1.1252574e+07   6.7993164e+01
   1.1253939e+07   5.4809570e+01
   1.1268936e+07   6.3537598e+01
   1.1268972e+07   6.7749023e+01
   1.1269218e+07   6.2377930e+01
   1.1269369e+07   6.4514160e+01
   1.1269758e+07   6.0852051e+01
   1.1270119e+07   5.6945801e+01
   1.1270265e+07   5.3405762e+01
   1.1287055e+07   6.4331055e+01
   1.1287758e+07   7.4462891e+01
   1.1287968e+07   5.5603027e+01
   1.1303924e+07   7.3852539e+01
   1.1306965e+07   6.8603516e+01
   1.1307786e+07   6.9030762e+01
   1.1308062e+07   5.5908203e+01
   1.1308141e+07   7.4645996e+01
   1.1308362e+07   5.8776855e+01
   1.1308847e+07   5.3527832e+01
   1.1309625e+07   5.4748535e+01
   1.1327226e+07   6.2133789e+01
   1.1327585e+07   6.4514160e+01
   1.1327856e+07   5.9570312e+01
   1.1328137e+07   5.4321289e+01
   1.1328409e+07   5.4992676e+01
   1.1329029e+07   6.0180664e+01
   1.1346834e+07   7.4829102e+01
   1.1351113e+07   5.6579590e+01
   1.1351336e+07   9.6496582e+01
   1.1351581e+07   7.2692871e+01
   1.1351712e+07   5.6213379e+01
   1.1351932e+07   5.4809570e+01
   1.1352389e+07   5.3344727e+01
   1.1352761e+07   5.6579590e+01
   1.1370938e+07   8.9599609e+01
   1.1371524e+07   5.7739258e+01
   1.1371650e+07   6.5429688e+01
   1.1371838e+07   5.7495117e+01
   1.1371891e+07   7.6660156e+01
   1.1372163e+07   7.2265625e+01
   1.1372445e+07   5.8105469e+01
   1.1372686e+07   6.5307617e+01
   1.1373032e+07   5.5664062e+01
   1.1373353e+07   5.6274414e+01
   1.1391101e+07   8.3129883e+01
   1.1391141e+07   5.8593750e+01
   1.1391387e+07   6.7993164e+01
   1.1391648e+07   6.2500000e+01
   1.1391953e+07   6.1706543e+01
   1.1392259e+07   5.9448242e+01
   1.1392610e+07   7.1166992e+01
   1.1393288e+07   5.9448242e+01
   1.1408908e+07   7.4157715e+01
   1.1408927e+07   5.4809570e+01
   1.1409169e+07   7.8369141e+01
   1.1409376e+07   7.3791504e+01
   1.1409632e+07   6.8542480e+01
   1.1410128e+07   5.3466797e+01
   1.1410185e+07   5.3344727e+01
   1.1410489e+07   5.5969238e+01
   1.1427825e+07   8.7036133e+01
   1.1428117e+07   6.0913086e+01
   1.1428357e+07   8.2641602e+01
   1.1428654e+07   6.2316895e+01
   1.1428867e+07   5.7678223e+01
   1.1429354e+07   5.4687500e+01
   1.1429641e+07   5.3527832e+01
   1.1448119e+07   8.0932617e+01
   1.1448619e+07   8.5937500e+01
   1.1448934e+07   7.4035645e+01
   1.1449106e+07   6.1950684e+01
   1.1449347e+07   6.4025879e+01
   1.1450673e+07   5.5480957e+01
   1.1469358e+07   8.6303711e+01
   1.1469986e+07   6.2438965e+01
   1.1470247e+07   6.3232422e+01
   1.1470506e+07   5.7617188e+01
   1.1470701e+07   5.7250977e+01
   1.1470993e+07   5.6091309e+01
   1.1472009e+07   5.6335449e+01
   1.1494191e+07   5.5725098e+01
   1.1494237e+07   7.8308105e+01
   1.1494611e+07   6.7687988e+01
   1.1494833e+07   6.8359375e+01
   1.1495030e+07   5.7128906e+01
   1.1495343e+07   5.8776855e+01
   1.1495610e+07   5.7556152e+01
   1.1525483e+07   6.0485840e+01
   1.1525766e+07   6.2011719e+01
   1.1525892e+07   8.1542969e+01
   1.1526151e+07   5.9204102e+01
   1.1526374e+07   6.0607910e+01
   1.1526588e+07   5.4809570e+01
   1.1526784e+07   5.8471680e+01
   1.1526998e+07   5.2795410e+01
   1.1583113e+07   8.7402344e+01
   1.1594960e+07   8.5632324e+01
   1.1616558e+07   7.2814941e+01
   1.1624829e+07   7.5012207e+01
   1.1645326e+07   8.6059570e+01
   1.1661343e+07   8.7768555e+01
   1.1673648e+07   8.8989258e+01
   1.1686676e+07   5.9265137e+01
   1.1691222e+07   5.6640625e+01
   1.1697684e+07   7.6721191e+01
   1.1709424e+07   9.6252441e+01
   1.1714442e+07   7.9040527e+01
   1.1719453e+07   8.0688477e+01
   1.1731365e+07   6.7443848e+01
   1.1735954e+07   8.0993652e+01
   1.1746123e+07   5.4992676e+01
   1.1752147e+07   7.7514648e+01
   1.1757450e+07   6.3171387e+01
   1.1767294e+07   9.9548340e+01
   1.1771558e+07   6.7626953e+01
   1.1778016e+07   6.8115234e+01
   1.1781804e+07   6.9335938e+01
   1.1790015e+07   8.5205078e+01
   1.1793241e+07   6.4208984e+01
   1.1801150e+07   5.7067871e+01
   1.1806420e+07   7.2021484e+01
   1.1819333e+07   7.6660156e+01
   1.1823535e+07   6.9274902e+01
   1.1829168e+07   6.8237305e+01
   1.1834732e+07   8.1420898e+01
   1.1838156e+07   6.2744141e+01
   1.1843854e+07   8.4411621e+01
   1.1852038e+07   6.7565918e+01
   1.1858436e+07   7.6416016e+01
   1.1861729e+07   8.1665039e+01
   1.1867207e+07   8.4594727e+01
   1.1869287e+07   6.0241699e+01
   1.1873007e+07   6.1950684e+01
   1.1873513e+07   7.5866699e+01
   1.1873633e+07   6.5856934e+01
   1.1897973e+07   7.0007324e+01
   1.1907200e+07   6.5307617e+01
   1.1909274e+07   8.0810547e+01
   1.1916299e+07   7.5439453e+01
   1.1918681e+07   6.2011719e+01
   1.1922334e+07   7.6477051e+01
   1.1924630e+07   7.7270508e+01
   1.1935523e+07   6.9458008e+01
   1.1937504e+07   6.2683105e+01
   1.1942143e+07   6.5246582e+01
   1.1946941e+07   6.8054199e+01
   1.1953411e+07   7.5744629e+01
   1.1954945e+07   6.7504883e+01
   1.1963478e+07   8.1237793e+01
   1.1966101e+07   7.2143555e+01
   1.1972042e+07   6.8908691e+01
   1.1982364e+07   7.4157715e+01
   1.1983642e+07   5.4931641e+01
   1.1985731e+07   6.9274902e+01
   1.1990446e+07   8.3740234e+01
   1.1997304e+07   8.9599609e+01
