   1.1996000e+07   0.0000000e+00
   6.6672000e+04   4.1748047e+01
   6.6825000e+04   3.6926270e+01
   6.6870000e+04   3.3203125e+01
   8.7036000e+04   3.4057617e+01
   1.9111900e+05   3.7597656e+01
   1.9133400e+05   3.5705566e+01
   2.4563600e+05   3.7353516e+01
   3.0692400e+05   3.6071777e+01
   3.1309400e+05   4.0161133e+01
   4.3531300e+05   3.8574219e+01
   4.3715200e+05   3.6315918e+01
   5.0477100e+05   3.6315918e+01
   5.0490100e+05   4.4677734e+01
   6.7566000e+05   3.3081055e+01
   7.5387300e+05   3.5766602e+01
   7.6214200e+05   3.4240723e+01
   8.2266100e+05   3.3691406e+01
   1.1660460e+06   3.4118652e+01
   1.2464520e+06   3.3386230e+01
   1.3010240e+06   3.7109375e+01
   1.3955070e+06   3.3508301e+01
   1.4828370e+06   4.5043945e+01
   1.5342290e+06   3.6193848e+01
   1.5343190e+06   3.2958984e+01
   1.5633160e+06   3.4057617e+01
   1.6354610e+06   3.5827637e+01
   1.8779620e+06   3.4851074e+01
   1.8780890e+06   3.3935547e+01
   1.8783000e+06   3.3691406e+01
   1.8788200e+06   3.5949707e+01
   1.8788300e+06   3.6499023e+01
   1.8788880e+06   3.9062500e+01
   1.8791840e+06   3.5888672e+01
   1.8906890e+06   3.3996582e+01
   1.8907640e+06   3.3874512e+01
   1.8908280e+06   3.5278320e+01
   1.8909670e+06   3.5827637e+01
   1.8925290e+06   3.3630371e+01
   1.8989590e+06   3.9672852e+01
   1.8989760e+06   3.7902832e+01
   1.8990860e+06   3.4973145e+01
   1.8992380e+06   3.3874512e+01
   1.8996310e+06   3.6743164e+01
   1.9029140e+06   3.6865234e+01
   2.0669040e+06   3.5949707e+01
   2.0672220e+06   3.9367676e+01
   2.0677360e+06   3.7414551e+01
   2.0678070e+06   3.4729004e+01
   2.0678470e+06   3.8146973e+01
   2.0872410e+06   3.3630371e+01
   2.0874060e+06   3.4973145e+01
   2.0877410e+06   3.4301758e+01
   2.0878630e+06   3.8208008e+01
   2.0879520e+06   3.9428711e+01
   2.0879670e+06   3.9306641e+01
   2.1309020e+06   3.3508301e+01
   2.1309780e+06   3.3264160e+01
   2.1312800e+06   3.3325195e+01
   2.1357750e+06   4.0344238e+01
   2.1371860e+06   3.9367676e+01
   2.1374740e+06   3.4057617e+01
   2.2478150e+06   4.3029785e+01
   2.2481450e+06   3.8818359e+01
   2.2481690e+06   3.5827637e+01
   2.2483780e+06   4.1564941e+01
   2.2487710e+06   4.2419434e+01
   2.3304110e+06   3.3447266e+01
   2.3306040e+06   3.9306641e+01
   2.3306680e+06   3.5095215e+01
   2.3307820e+06   3.6376953e+01
   2.3312950e+06   3.6071777e+01
   2.3313430e+06   3.4606934e+01
   2.3314810e+06   3.4973145e+01
   2.3328990e+06   3.3996582e+01
   2.3638200e+06   3.5461426e+01
   2.3642670e+06   3.5949707e+01
   2.3643460e+06   3.9367676e+01
   2.3644480e+06   4.1137695e+01
   2.3646550e+06   3.4362793e+01
   2.3957770e+06   3.3386230e+01
   2.4784470e+06   3.5278320e+01
   2.4789950e+06   3.4973145e+01
   2.4795800e+06   3.9001465e+01
   2.5191690e+06   3.8024902e+01
   2.5266510e+06   3.4423828e+01
   2.5267750e+06   3.5644531e+01
   2.5268930e+06   3.2958984e+01
   2.5276940e+06   3.7719727e+01
   2.5280690e+06   3.5278320e+01
   2.5398220e+06   3.2897949e+01
   2.5506860e+06   3.6682129e+01
   2.5510210e+06   3.9550781e+01
   2.5526980e+06   3.3447266e+01
   2.6191890e+06   3.8146973e+01
   2.6200070e+06   3.5644531e+01
   2.7057270e+06   3.9733887e+01
   2.7063630e+06   3.8513184e+01
   2.7726780e+06   3.6499023e+01
   2.7729240e+06   3.9855957e+01
   2.7731810e+06   3.5522461e+01
   2.8509970e+06   3.8330078e+01
   2.8510890e+06   3.4545898e+01
   2.8974410e+06   3.9489746e+01
   2.8975950e+06   3.2897949e+01
   2.9074280e+06   3.4729004e+01
   3.0051550e+06   3.4484863e+01
   3.0579400e+06   3.3264160e+01
   3.0580300e+06   3.6865234e+01
   3.0580420e+06   4.3273926e+01
   3.0585040e+06   3.8818359e+01
   3.1069870e+06   4.0771484e+01
   3.1072250e+06   3.8635254e+01
   3.1141120e+06   3.5522461e+01
   3.1148690e+06   3.9855957e+01
   3.2242370e+06   4.4311523e+01
   3.2416760e+06   3.6193848e+01
   3.2417000e+06   3.4362793e+01
   3.3128420e+06   3.7719727e+01
   3.3131070e+06   3.4423828e+01
   3.4043970e+06   4.0771484e+01
   3.4046310e+06   3.3752441e+01
   3.4050410e+06   3.5095215e+01
   3.4061680e+06   3.6071777e+01
   3.4074370e+06   3.3386230e+01
   3.4967150e+06   3.5705566e+01
   3.4968250e+06   3.5644531e+01
   3.5815210e+06   3.6621094e+01
   3.6379940e+06   3.3996582e+01
   3.8494140e+06   3.7902832e+01
   3.8643410e+06   3.5156250e+01
   3.8644970e+06   4.6630859e+01
   3.8830080e+06   4.4677734e+01
   3.8830390e+06   3.7597656e+01
   3.8831530e+06   3.6926270e+01
   3.9676490e+06   3.7109375e+01
   3.9683510e+06   3.7414551e+01
   4.0727830e+06   4.2114258e+01
   4.0727940e+06   3.8085938e+01
   4.0732690e+06   3.3996582e+01
   4.0732860e+06   3.5583496e+01
   4.0733640e+06   3.4301758e+01
   4.1001390e+06   3.8574219e+01
   4.1010450e+06   3.9672852e+01
   4.1013230e+06   3.4484863e+01
   4.1391890e+06   3.3691406e+01
   4.1393720e+06   4.4311523e+01
   4.1395370e+06   3.3752441e+01
   4.1395710e+06   3.4179688e+01
   4.1395860e+06   3.4057617e+01
   4.1399160e+06   3.4423828e+01
   4.2481930e+06   4.4128418e+01
   4.2483240e+06   4.2419434e+01
   4.2483440e+06   3.8024902e+01
   4.2484890e+06   3.5339355e+01
   4.2488860e+06   3.4362793e+01
   4.2490770e+06   3.3386230e+01
   4.2492010e+06   3.4118652e+01
   4.2501390e+06   3.4790039e+01
   4.2750480e+06   3.4179688e+01
   4.2750840e+06   3.4118652e+01
   4.2753940e+06   3.4301758e+01
   4.2756920e+06   3.4484863e+01
   4.2758740e+06   3.7292480e+01
   4.3646930e+06   3.3874512e+01
   4.3648120e+06   3.7780762e+01
   4.3648720e+06   3.7231445e+01
   4.3653290e+06   3.8574219e+01
   4.3653620e+06   3.7597656e+01
   4.3654370e+06   4.2846680e+01
   4.3656410e+06   3.3752441e+01
   4.3970350e+06   3.3264160e+01
   4.3978740e+06   3.6560059e+01
   4.4543550e+06   3.9855957e+01
   4.4547550e+06   3.5095215e+01
   4.4550410e+06   3.6743164e+01
   4.4555530e+06   4.0039062e+01
   4.4871990e+06   3.8391113e+01
   4.4873960e+06   3.9672852e+01
   4.4881820e+06   3.8391113e+01
   4.5435490e+06   3.7780762e+01
   4.5444340e+06   5.1330566e+01
   4.5447460e+06   3.5034180e+01
   4.5803770e+06   3.4851074e+01
   4.5805430e+06   4.1625977e+01
   4.5807470e+06   4.0588379e+01
   4.5814980e+06   3.5461426e+01
   4.5816050e+06   4.6630859e+01
   4.6234990e+06   3.8208008e+01
   4.6235540e+06   3.3996582e+01
   4.6245160e+06   3.4545898e+01
   4.6247180e+06   3.4851074e+01
   4.6800990e+06   3.4729004e+01
   4.7092080e+06   3.3813477e+01
   4.7108720e+06   3.4240723e+01
   4.7412220e+06   3.3630371e+01
   4.7683460e+06   3.4301758e+01
   4.8346580e+06   3.8696289e+01
   4.8548430e+06   3.3996582e+01
   4.8552340e+06   3.3264160e+01
   4.9277010e+06   3.4851074e+01
   4.9512170e+06   3.7597656e+01
   5.0635440e+06   4.1748047e+01
   5.0883390e+06   4.0405273e+01
   5.1431520e+06   3.4362793e+01
   5.1435970e+06   3.6499023e+01
   5.1438890e+06   3.3935547e+01
   5.1440740e+06   4.1198730e+01
   5.1443590e+06   4.3823242e+01
   5.1608570e+06   3.6315918e+01
   5.1909210e+06   3.7231445e+01
   5.2433620e+06   3.4667969e+01
   5.2650920e+06   3.6560059e+01
   5.2651610e+06   3.9794922e+01
   5.2654230e+06   4.3212891e+01
   5.2954750e+06   3.7536621e+01
   5.2982690e+06   3.5339355e+01
   5.3471070e+06   4.2785645e+01
   5.3649740e+06   3.5888672e+01
   5.3924240e+06   3.6315918e+01
   5.4011470e+06   3.6682129e+01
   5.4017250e+06   3.3996582e+01
   5.4017910e+06   3.8391113e+01
   5.4022140e+06   3.3447266e+01
   5.4023350e+06   3.7841797e+01
   5.4234570e+06   4.4128418e+01
   5.4243230e+06   3.6865234e+01
   5.4895000e+06   3.5339355e+01
   5.4903320e+06   3.7597656e+01
   5.4907170e+06   3.3996582e+01
   5.5493440e+06   4.0710449e+01
   5.5493600e+06   3.7658691e+01
   5.5495690e+06   3.7414551e+01
   5.5497950e+06   3.6437988e+01
   5.5885410e+06   3.5766602e+01
   5.5890640e+06   3.6376953e+01
   5.5893180e+06   3.4301758e+01
   5.5894340e+06   3.5766602e+01
   5.5896030e+06   4.1625977e+01
   5.5898470e+06   4.1198730e+01
   5.6598070e+06   3.3447266e+01
   5.6599700e+06   3.3447266e+01
   5.6605120e+06   3.3630371e+01
   5.6605500e+06   3.4423828e+01
   5.6605970e+06   3.9367676e+01
   5.6610840e+06   3.6926270e+01
   5.6895100e+06   3.5278320e+01
   5.6980680e+06   3.5827637e+01
   5.6984470e+06   4.0283203e+01
   5.6985960e+06   3.3752441e+01
   5.6989760e+06   3.8513184e+01
   5.6992100e+06   3.6254883e+01
   5.6994280e+06   3.8085938e+01
   5.7649820e+06   3.6376953e+01
   5.7651180e+06   3.5949707e+01
   5.7908110e+06   4.2663574e+01
   5.7910780e+06   3.6315918e+01
   5.8432830e+06   4.2541504e+01
   5.8454790e+06   3.4484863e+01
   5.9088090e+06   3.9001465e+01
   5.9092070e+06   3.4667969e+01
   5.9645000e+06   3.3325195e+01
   5.9649590e+06   3.6071777e+01
   6.0188690e+06   3.3264160e+01
   6.0200970e+06   3.7841797e+01
   6.0347660e+06   3.7231445e+01
   6.1085460e+06   3.4851074e+01
   6.1368380e+06   3.5461426e+01
   6.1376640e+06   3.2775879e+01
   6.1976950e+06   3.3386230e+01
   6.1982280e+06   3.7780762e+01
   6.2016080e+06   3.8208008e+01
   6.2417160e+06   3.2958984e+01
   6.2541410e+06   3.5034180e+01
   6.2542090e+06   3.2836914e+01
   6.2881580e+06   3.3020020e+01
   6.3040370e+06   4.2297363e+01
   6.3523790e+06   3.3020020e+01
   6.3626770e+06   3.5095215e+01
   6.4093530e+06   3.2714844e+01
   6.6216400e+06   3.4912109e+01
   6.6347220e+06   3.3020020e+01
   6.6348620e+06   3.2714844e+01
   6.6350410e+06   3.3508301e+01
   6.6355320e+06   3.4667969e+01
   6.6551180e+06   3.6499023e+01
   6.7128250e+06   3.6560059e+01
   6.7132270e+06   3.5400391e+01
   6.7144750e+06   4.0527344e+01
   6.7766830e+06   4.3212891e+01
   6.7771010e+06   3.6376953e+01
   6.8278930e+06   3.4423828e+01
   6.8508430e+06   3.2653809e+01
   6.8533090e+06   3.8635254e+01
   6.8538400e+06   3.4484863e+01
   6.8873140e+06   3.2653809e+01
   6.9161590e+06   3.8635254e+01
   6.9648570e+06   4.0649414e+01
   7.0403390e+06   3.3264160e+01
   7.0411570e+06   3.2531738e+01
   7.0413070e+06   3.7719727e+01
   7.0414060e+06   3.6376953e+01
   7.1328870e+06   4.2846680e+01
   7.1662860e+06   4.3701172e+01
   7.1664680e+06   3.5827637e+01
   7.1767210e+06   3.3325195e+01
   7.2080900e+06   4.4372559e+01
   7.2082040e+06   4.2724609e+01
   7.2277630e+06   3.3569336e+01
   7.2279700e+06   3.4362793e+01
   7.2283770e+06   3.4606934e+01
   7.3158030e+06   3.5705566e+01
   7.3160560e+06   3.4484863e+01
   7.3161660e+06   4.1503906e+01
   7.3162210e+06   4.0405273e+01
   7.3163230e+06   3.7902832e+01
   7.3164140e+06   4.4067383e+01
   7.3165350e+06   3.4484863e+01
   7.3165680e+06   4.4250488e+01
   7.3726970e+06   3.3508301e+01
   7.3741180e+06   3.7048340e+01
   7.3746090e+06   3.4729004e+01
   7.4031160e+06   3.4545898e+01
   7.4032750e+06   3.3691406e+01
   7.4045880e+06   3.3996582e+01
   7.4047110e+06   3.5461426e+01
   7.4048090e+06   3.4545898e+01
   7.4794130e+06   3.3142090e+01
   7.4797040e+06   3.8208008e+01
   7.4799290e+06   3.5400391e+01
   7.4799720e+06   3.6865234e+01
   7.4799850e+06   4.6142578e+01
   7.4800760e+06   3.4240723e+01
   7.4801620e+06   3.3996582e+01
   7.5416810e+06   3.7902832e+01
   7.5419970e+06   3.4057617e+01
   7.5427150e+06   4.5715332e+01
   7.5427260e+06   3.3813477e+01
   7.5431950e+06   3.4362793e+01
   7.5432130e+06   3.2958984e+01
   7.6990370e+06   3.5461426e+01
   7.7217630e+06   3.5583496e+01
   7.7806980e+06   3.5949707e+01
   7.8089090e+06   4.0649414e+01
   7.8105670e+06   4.1625977e+01
   7.9009610e+06   4.5837402e+01
   7.9277280e+06   3.5034180e+01
   7.9278290e+06   3.7536621e+01
   7.9504570e+06   4.0771484e+01
   7.9562680e+06   3.5766602e+01
   8.0182500e+06   3.5461426e+01
   8.0203730e+06   3.5217285e+01
   8.1140840e+06   3.9916992e+01
   8.1505960e+06   3.8330078e+01
   8.1511010e+06   3.3447266e+01
   8.2167460e+06   3.6560059e+01
   8.2553080e+06   3.4729004e+01
   8.3561910e+06   3.4667969e+01
   8.3937020e+06   4.1809082e+01
   8.4167820e+06   3.8330078e+01
   8.4621620e+06   3.4973145e+01
   8.4918200e+06   3.6376953e+01
   8.5554930e+06   3.4790039e+01
   8.5566820e+06   3.2592773e+01
   8.6073200e+06   3.2531738e+01
   8.6484380e+06   3.4118652e+01
   8.6624760e+06   3.4057617e+01
   8.6965570e+06   3.5644531e+01
   8.7425950e+06   3.3752441e+01
   8.8008080e+06   3.9428711e+01
   8.8010840e+06   3.3752441e+01
   8.8342650e+06   3.6437988e+01
   8.8345650e+06   3.3325195e+01
   8.9376680e+06   3.4606934e+01
   8.9811990e+06   3.3447266e+01
   9.0225730e+06   3.5278320e+01
   9.0583490e+06   3.4179688e+01
   9.0585270e+06   3.3020020e+01
   9.0588620e+06   3.3447266e+01
   9.1854590e+06   3.3752441e+01
   9.2183790e+06   3.7414551e+01
   9.2487110e+06   3.6376953e+01
   9.2796870e+06   3.6682129e+01
   9.2805560e+06   3.7231445e+01
   9.3164040e+06   3.5766602e+01
   9.3650490e+06   3.5278320e+01
   9.3766450e+06   3.9367676e+01
   9.3768780e+06   3.4912109e+01
   9.3770370e+06   3.3203125e+01
   9.3770630e+06   3.2775879e+01
   9.3966300e+06   3.4423828e+01
   9.3967960e+06   3.8696289e+01
   9.3968100e+06   3.9733887e+01
   9.3971440e+06   3.2836914e+01
   9.4549830e+06   3.3935547e+01
   9.4552010e+06   3.8085938e+01
   9.4560620e+06   3.7536621e+01
   9.4563360e+06   3.4057617e+01
   9.5629920e+06   4.1320801e+01
   9.5631020e+06   3.4484863e+01
   9.5631940e+06   3.2958984e+01
   9.5645890e+06   3.2775879e+01
   9.6172220e+06   3.9489746e+01
   9.6173670e+06   3.5522461e+01
   9.6175930e+06   4.0405273e+01
   9.6797470e+06   3.9001465e+01
   9.6798080e+06   4.4372559e+01
   9.6798840e+06   4.1625977e+01
   9.6801170e+06   3.3203125e+01
   9.7177390e+06   3.8085938e+01
   9.7178280e+06   3.6071777e+01
   9.7178880e+06   4.6264648e+01
   9.7179510e+06   3.3447266e+01
   9.7179800e+06   3.9123535e+01
   9.7180490e+06   3.4301758e+01
   9.7184100e+06   3.6865234e+01
   9.8041500e+06   3.8330078e+01
   9.8042980e+06   3.2897949e+01
   9.8044980e+06   3.3203125e+01
   9.8045570e+06   3.4729004e+01
   9.8047310e+06   3.4118652e+01
   9.8050570e+06   3.9672852e+01
   9.8314970e+06   3.7902832e+01
   9.8317230e+06   4.0832520e+01
   9.8318470e+06   3.3813477e+01
   9.8318610e+06   3.3386230e+01
   9.8319440e+06   3.4301758e+01
   9.8321810e+06   3.7109375e+01
   9.9207960e+06   3.3386230e+01
   9.9210190e+06   3.4301758e+01
   9.9210650e+06   3.7536621e+01
   9.9214790e+06   3.5888672e+01
   9.9942330e+06   3.3569336e+01
   1.0037916e+07   3.3874512e+01
   1.0038111e+07   3.8452148e+01
   1.0075583e+07   3.3752441e+01
   1.0075702e+07   3.3142090e+01
   1.0149779e+07   4.2724609e+01
   1.0150511e+07   3.3325195e+01
   1.0150670e+07   3.6865234e+01
   1.0200317e+07   3.3508301e+01
   1.0264409e+07   3.9794922e+01
   1.0264891e+07   3.4851074e+01
   1.0332425e+07   4.0954590e+01
   1.0387314e+07   3.6193848e+01
   1.0387368e+07   3.5827637e+01
   1.0453832e+07   3.5461426e+01
   1.0454025e+07   3.4912109e+01
   1.0478488e+07   3.3996582e+01
   1.0505291e+07   3.9489746e+01
   1.0505488e+07   3.2836914e+01
   1.0632621e+07   3.7963867e+01
   1.0632711e+07   3.6010742e+01
   1.0718265e+07   4.1320801e+01
   1.0718438e+07   3.5827637e+01
   1.0719327e+07   3.3874512e+01
   1.0757407e+07   4.0466309e+01
   1.0758233e+07   3.4057617e+01
   1.0758436e+07   3.5278320e+01
   1.0758719e+07   3.2775879e+01
   1.0758856e+07   4.4860840e+01
   1.0759122e+07   3.5278320e+01
   1.0824454e+07   4.0222168e+01
   1.0894589e+07   3.3569336e+01
   1.0945314e+07   3.6865234e+01
   1.0991423e+07   4.0710449e+01
   1.0991593e+07   4.1503906e+01
   1.0991665e+07   3.7231445e+01
   1.0992122e+07   3.2836914e+01
   1.1113107e+07   3.5949707e+01
   1.1114709e+07   3.4362793e+01
   1.1114871e+07   3.4729004e+01
   1.1213340e+07   3.4606934e+01
   1.1243272e+07   3.4484863e+01
   1.1301460e+07   4.1259766e+01
   1.1302596e+07   4.4433594e+01
   1.1320726e+07   3.8879395e+01
   1.1322026e+07   3.9428711e+01
   1.1368596e+07   3.4729004e+01
   1.1398390e+07   3.5400391e+01
   1.1451756e+07   3.2714844e+01
   1.1487381e+07   4.1564941e+01
   1.1508168e+07   3.8696289e+01
   1.1539356e+07   3.2775879e+01
   1.1617789e+07   3.6865234e+01
   1.1618792e+07   3.3203125e+01
   1.1656626e+07   4.0588379e+01
   1.1766553e+07   3.4362793e+01
   1.1794552e+07   3.3142090e+01
   1.1795359e+07   3.2897949e+01
   1.1795413e+07   3.5034180e+01
   1.1795641e+07   3.2958984e+01
   1.1834173e+07   3.3447266e+01
   1.1834436e+07   3.2836914e+01
   1.1834681e+07   3.3142090e+01
   1.1834790e+07   3.5156250e+01
   1.1918742e+07   3.6499023e+01
   1.1943479e+07   3.4240723e+01
   1.1979488e+07   3.2897949e+01
