   1.1996000e+07   0.0000000e+00
   6.6672000e+04   3.4912109e+01
   6.6898000e+04   3.4301758e+01
   9.9263000e+04   3.3142090e+01
   1.9123200e+05   4.1564941e+01
   1.9129500e+05   3.4118652e+01
   2.4540500e+05   3.6682129e+01
   2.4591100e+05   3.7231445e+01
   3.0708700e+05   3.6560059e+01
   3.0716900e+05   3.3203125e+01
   3.0721900e+05   3.2653809e+01
   3.0745500e+05   3.5339355e+01
   3.7295400e+05   3.9672852e+01
   4.3330100e+05   3.3813477e+01
   4.3349400e+05   3.6132812e+01
   4.3358300e+05   3.8269043e+01
   4.3430600e+05   3.5583496e+01
   5.0481900e+05   3.3813477e+01
   5.0485700e+05   3.3264160e+01
   5.0488100e+05   3.3508301e+01
   5.0491700e+05   3.7353516e+01
   5.0505100e+05   3.3630371e+01
   5.0685300e+05   3.4423828e+01
   5.1899800e+05   3.4912109e+01
   5.2120200e+05   3.4729004e+01
   5.5333100e+05   3.4057617e+01
   5.5336000e+05   4.0710449e+01
   6.1024700e+05   3.2592773e+01
   6.1033700e+05   3.5827637e+01
   6.1518900e+05   3.3325195e+01
   6.1730400e+05   3.3081055e+01
   6.2715100e+05   3.6010742e+01
   6.9584200e+05   3.4484863e+01
   6.9590400e+05   3.8696289e+01
   6.9596200e+05   3.5400391e+01
   6.9602500e+05   3.6071777e+01
   6.9612300e+05   3.4484863e+01
   6.9620800e+05   3.3142090e+01
   7.5398800e+05   4.0283203e+01
   7.5493000e+05   3.3386230e+01
   8.2250400e+05   3.3264160e+01
   8.2266700e+05   3.7170410e+01
   8.2393800e+05   3.5461426e+01
   8.6104300e+05   3.6804199e+01
   8.6124800e+05   3.3630371e+01
   8.6195100e+05   3.5705566e+01
   9.4497300e+05   3.5827637e+01
   9.9038300e+05   3.6743164e+01
   1.0342810e+06   3.4973145e+01
   1.0344600e+06   3.3813477e+01
   1.0349970e+06   3.2653809e+01
   1.1313210e+06   3.6193848e+01
   1.1314690e+06   3.6254883e+01
   1.1666060e+06   3.7963867e+01
   1.2367410e+06   3.6926270e+01
   1.3010630e+06   3.3691406e+01
   1.3036290e+06   3.2714844e+01
   1.3055080e+06   3.4606934e+01
   1.3064810e+06   3.2592773e+01
   1.3089940e+06   3.6804199e+01
   1.3211760e+06   3.2592773e+01
   1.3504270e+06   3.6743164e+01
   1.3504580e+06   3.3020020e+01
   1.3756380e+06   3.2592773e+01
   1.4391010e+06   3.7597656e+01
   1.4392650e+06   3.6743164e+01
   1.4456860e+06   3.3569336e+01
   1.4599140e+06   3.2592773e+01
   1.4603230e+06   3.6071777e+01
   1.4828190e+06   3.2897949e+01
   1.4828850e+06   3.3935547e+01
   1.4932840e+06   3.5339355e+01
   1.5339900e+06   3.3020020e+01
   1.5341350e+06   3.5278320e+01
   1.5341850e+06   3.3508301e+01
   1.5348550e+06   3.4606934e+01
   1.5757370e+06   3.4179688e+01
   1.6137180e+06   3.2714844e+01
   1.6226290e+06   3.3081055e+01
   1.6366300e+06   3.8879395e+01
   1.6888310e+06   3.2714844e+01
   1.6890610e+06   3.2958984e+01
   1.6902910e+06   3.8269043e+01
   1.7818650e+06   3.4851074e+01
   1.7899350e+06   3.9855957e+01
   1.8780820e+06   3.6071777e+01
   1.8781670e+06   4.4189453e+01
   1.8781920e+06   3.2958984e+01
   1.8786750e+06   3.8574219e+01
   1.8788870e+06   3.6254883e+01
   1.8906670e+06   3.3264160e+01
   1.8907150e+06   5.3405762e+01
   1.8907510e+06   9.3139648e+01
   1.8907610e+06   3.3325195e+01
   1.8907790e+06   3.4606934e+01
   1.8908000e+06   4.1320801e+01
   1.8908140e+06   3.3691406e+01
   1.8908320e+06   3.9611816e+01
   1.8909130e+06   3.4484863e+01
   1.8917400e+06   3.3264160e+01
   1.8979050e+06   3.4057617e+01
   1.8986160e+06   3.6560059e+01
   1.8988290e+06   3.3935547e+01
   1.8988560e+06   3.9245605e+01
   1.8988860e+06   3.4667969e+01
   1.8988980e+06   4.8217773e+01
   1.8989190e+06   3.6193848e+01
   1.8989650e+06   4.0283203e+01
   1.8989870e+06   3.6254883e+01
   1.8990180e+06   4.1625977e+01
   1.8990290e+06   3.4851074e+01
   1.8990470e+06   3.2714844e+01
   1.8998900e+06   3.4057617e+01
   1.9004270e+06   3.6376953e+01
   1.9011240e+06   3.2775879e+01
   1.9086470e+06   3.3447266e+01
   2.0670970e+06   3.3630371e+01
   2.0672250e+06   3.6315918e+01
   2.0675930e+06   4.6997070e+01
   2.0676420e+06   4.2785645e+01
   2.0677140e+06   3.7414551e+01
   2.0677550e+06   3.8085938e+01
   2.0869140e+06   3.4729004e+01
   2.0869730e+06   3.3020020e+01
   2.0874640e+06   4.3579102e+01
   2.0876790e+06   3.3630371e+01
   2.0877720e+06   3.5400391e+01
   2.0877990e+06   3.9489746e+01
   2.0878390e+06   3.3386230e+01
   2.0878490e+06   3.3447266e+01
   2.0879970e+06   5.5114746e+01
   2.1306560e+06   3.5705566e+01
   2.1308950e+06   3.6682129e+01
   2.1309220e+06   4.0283203e+01
   2.1310140e+06   3.4545898e+01
   2.1310850e+06   3.4118652e+01
   2.1311060e+06   4.1198730e+01
   2.1311680e+06   3.9123535e+01
   2.1311790e+06   5.4260254e+01
   2.1312180e+06   4.1076660e+01
   2.1312770e+06   3.9184570e+01
   2.1313770e+06   3.5278320e+01
   2.1322820e+06   3.3325195e+01
   2.1378510e+06   3.2714844e+01
   2.1438990e+06   3.4912109e+01
   2.2416170e+06   3.2653809e+01
   2.2480580e+06   3.5400391e+01
   2.2480930e+06   4.5043945e+01
   2.2486130e+06   3.7597656e+01
   2.2486680e+06   3.9550781e+01
   2.2486830e+06   3.9367676e+01
   2.2487880e+06   3.2592773e+01
   2.3305170e+06   3.3813477e+01
   2.3305700e+06   4.2053223e+01
   2.3306230e+06   3.7170410e+01
   2.3310680e+06   3.7109375e+01
   2.3311430e+06   3.5461426e+01
   2.3314680e+06   3.2958984e+01
   2.3632920e+06   3.3752441e+01
   2.3634230e+06   3.3508301e+01
   2.3637560e+06   3.5949707e+01
   2.3642140e+06   3.4912109e+01
   2.3642880e+06   3.4484863e+01
   2.3933850e+06   3.3325195e+01
   2.3937800e+06   3.3264160e+01
   2.3940410e+06   3.3569336e+01
   2.3941130e+06   3.4179688e+01
   2.3942830e+06   3.6315918e+01
   2.3943780e+06   3.5339355e+01
   2.3944080e+06   3.8513184e+01
   2.3945220e+06   3.3508301e+01
   2.3945640e+06   3.3691406e+01
   2.4785310e+06   3.5400391e+01
   2.4792220e+06   4.2297363e+01
   2.4792700e+06   3.3752441e+01
   2.4793450e+06   4.0710449e+01
   2.4794020e+06   3.7048340e+01
   2.4794290e+06   3.3630371e+01
   2.5267520e+06   3.4484863e+01
   2.5272480e+06   3.4423828e+01
   2.5273130e+06   3.3020020e+01
   2.5274070e+06   3.5827637e+01
   2.5274470e+06   3.5339355e+01
   2.5274650e+06   3.3325195e+01
   2.5511630e+06   3.6437988e+01
   2.6188270e+06   3.2653809e+01
   2.6189440e+06   3.4362793e+01
   2.6197760e+06   3.7414551e+01
   2.6198350e+06   4.2968750e+01
   2.6199010e+06   3.2714844e+01
   2.6200050e+06   3.7170410e+01
   2.6602540e+06   4.0344238e+01
   2.6605150e+06   3.5461426e+01
   2.7519340e+06   3.3752441e+01
   2.7726000e+06   3.4484863e+01
   2.7728280e+06   3.3874512e+01
   2.7728830e+06   3.7231445e+01
   2.7734850e+06   3.4179688e+01
   2.7735190e+06   3.3142090e+01
   2.7899590e+06   3.3264160e+01
   2.7985480e+06   3.3874512e+01
   2.8079840e+06   3.5034180e+01
   2.8080690e+06   3.6071777e+01
   2.8084990e+06   3.2592773e+01
   2.8511350e+06   3.3752441e+01
   2.8511690e+06   3.4362793e+01
   2.8974430e+06   3.2958984e+01
   2.8975840e+06   3.6315918e+01
   2.8977130e+06   3.7841797e+01
   2.9844690e+06   3.3142090e+01
   2.9845540e+06   4.7180176e+01
   3.0383420e+06   3.3264160e+01
   3.0570330e+06   3.7170410e+01
   3.0577080e+06   3.3020020e+01
   3.0577250e+06   3.2592773e+01
   3.0577980e+06   3.2531738e+01
   3.0578560e+06   3.7109375e+01
   3.0578810e+06   3.6437988e+01
   3.0579090e+06   3.2775879e+01
   3.0579460e+06   3.5217285e+01
   3.1067310e+06   3.6071777e+01
   3.1068330e+06   3.3508301e+01
   3.1073360e+06   3.7048340e+01
   3.1074690e+06   3.2653809e+01
   3.1346730e+06   3.9916992e+01
   3.2416890e+06   3.3874512e+01
   3.2442070e+06   3.5461426e+01
   3.2459480e+06   3.4057617e+01
   3.2473910e+06   3.2897949e+01
   3.2476450e+06   3.6499023e+01
   3.3124590e+06   3.4545898e+01
   3.3125530e+06   3.6804199e+01
   3.3127950e+06   3.2836914e+01
   3.4045090e+06   4.4372559e+01
   3.4046340e+06   3.3874512e+01
   3.4052180e+06   3.5522461e+01
   3.4102190e+06   3.3081055e+01
   3.4134240e+06   3.3325195e+01
   3.4966920e+06   3.4606934e+01
   3.5152410e+06   3.6621094e+01
   3.5813010e+06   3.4362793e+01
   3.5813420e+06   3.3447266e+01
   3.5815190e+06   3.5705566e+01
   3.5864510e+06   3.3569336e+01
   3.5979570e+06   3.3996582e+01
   3.6383760e+06   3.6071777e+01
   3.6408090e+06   3.3691406e+01
   3.6880910e+06   3.6071777e+01
   3.6883700e+06   3.6376953e+01
   3.6923040e+06   3.4545898e+01
   3.8495840e+06   3.6315918e+01
   3.8496670e+06   3.8574219e+01
   3.8497690e+06   3.3203125e+01
   3.8519190e+06   3.3996582e+01
   3.8643230e+06   3.3264160e+01
   3.8644200e+06   4.1381836e+01
   3.8644760e+06   4.3701172e+01
   3.8645790e+06   3.5644531e+01
   3.8831780e+06   3.9184570e+01
   3.8832210e+06   3.7841797e+01
   3.8832400e+06   4.1503906e+01
   3.8835780e+06   3.5095215e+01
   3.8836000e+06   3.5156250e+01
   3.8837470e+06   3.6926270e+01
   3.9676800e+06   3.3630371e+01
   3.9680580e+06   4.1137695e+01
   3.9680980e+06   3.3325195e+01
   3.9682400e+06   4.0649414e+01
   3.9682620e+06   3.3935547e+01
   3.9683160e+06   3.5278320e+01
   3.9699920e+06   3.3386230e+01
   4.0729580e+06   3.3447266e+01
   4.0731320e+06   3.2592773e+01
   4.0732310e+06   3.6254883e+01
   4.0732700e+06   3.3386230e+01
   4.0733120e+06   3.3752441e+01
   4.0733380e+06   3.6071777e+01
   4.0733910e+06   3.8696289e+01
   4.0994180e+06   4.0527344e+01
   4.0998350e+06   3.5827637e+01
   4.1000460e+06   3.3264160e+01
   4.1000640e+06   3.4667969e+01
   4.1000950e+06   3.4606934e+01
   4.1001700e+06   4.3151855e+01
   4.1002070e+06   3.5217285e+01
   4.1002180e+06   3.4301758e+01
   4.1002770e+06   3.3630371e+01
   4.1393190e+06   3.2958984e+01
   4.1394150e+06   3.5644531e+01
   4.1394820e+06   3.8635254e+01
   4.1395190e+06   4.2480469e+01
   4.1395340e+06   3.3935547e+01
   4.1395470e+06   3.5522461e+01
   4.1396250e+06   3.4423828e+01
   4.2483230e+06   3.3142090e+01
   4.2483990e+06   4.3273926e+01
   4.2487880e+06   6.2255859e+01
   4.2492870e+06   3.3813477e+01
   4.2756170e+06   3.4912109e+01
   4.2756390e+06   3.4973145e+01
   4.2756810e+06   3.4912109e+01
   4.2757220e+06   3.9184570e+01
   4.2757790e+06   3.7475586e+01
   4.2758000e+06   4.1137695e+01
   4.2758430e+06   3.4790039e+01
   4.2761860e+06   3.4240723e+01
   4.3646720e+06   3.4240723e+01
   4.3648390e+06   4.7912598e+01
   4.3651640e+06   3.4973145e+01
   4.3651970e+06   3.3569336e+01
   4.3653070e+06   4.2419434e+01
   4.3653380e+06   3.2653809e+01
   4.3653780e+06   3.3630371e+01
   4.3969120e+06   3.5217285e+01
   4.3969600e+06   3.4301758e+01
   4.4546460e+06   3.2958984e+01
   4.4547950e+06   3.4912109e+01
   4.4548750e+06   3.5095215e+01
   4.4549160e+06   3.4851074e+01
   4.4549420e+06   3.2836914e+01
   4.4549720e+06   3.5522461e+01
   4.4549910e+06   3.6315918e+01
   4.4550160e+06   3.8146973e+01
   4.4551160e+06   3.6193848e+01
   4.4869840e+06   3.4301758e+01
   4.4878530e+06   4.0649414e+01
   4.4878990e+06   3.6560059e+01
   4.4879130e+06   3.9245605e+01
   4.4879500e+06   3.6315918e+01
   4.4879820e+06   3.3752441e+01
   4.4900570e+06   3.3020020e+01
   4.5432820e+06   3.5095215e+01
   4.5433140e+06   3.7536621e+01
   4.5441310e+06   3.6560059e+01
   4.5442170e+06   3.5461426e+01
   4.5442550e+06   3.3081055e+01
   4.5443080e+06   3.2775879e+01
   4.5443390e+06   3.4545898e+01
   4.5462310e+06   3.3874512e+01
   4.5805880e+06   3.2592773e+01
   4.5815340e+06   4.9987793e+01
   4.5815530e+06   3.3508301e+01
   4.5815720e+06   3.2653809e+01
   4.5816670e+06   3.6682129e+01
   4.5817110e+06   3.3203125e+01
   4.5817360e+06   3.3874512e+01
   4.6234230e+06   3.3752441e+01
   4.6234640e+06   3.3813477e+01
   4.6236030e+06   3.3630371e+01
   4.6243110e+06   3.6193848e+01
   4.6243760e+06   3.7170410e+01
   4.6569380e+06   3.4362793e+01
   4.6572420e+06   3.3691406e+01
   4.6574460e+06   3.4301758e+01
   4.7094550e+06   3.4790039e+01
   4.7131640e+06   3.3508301e+01
   4.7430120e+06   3.4118652e+01
   4.8064080e+06   3.2958984e+01
   4.8281780e+06   3.3020020e+01
   4.8320010e+06   3.3447266e+01
   4.8545710e+06   3.3264160e+01
   4.8547960e+06   3.5461426e+01
   4.8549730e+06   8.1970215e+01
   4.8549850e+06   3.2653809e+01
   4.8551390e+06   3.8574219e+01
   4.8551900e+06   3.2592773e+01
   4.8552550e+06   6.2011719e+01
   4.8552920e+06   3.3020020e+01
   4.8553450e+06   5.1940918e+01
   4.8553560e+06   4.6386719e+01
   4.8554010e+06   3.3264160e+01
   4.8554790e+06   6.0852051e+01
   4.8555870e+06   3.7414551e+01
   4.8557230e+06   3.7231445e+01
   4.8557400e+06   7.0922852e+01
   4.8559240e+06   5.6762695e+01
   4.9499750e+06   3.4057617e+01
   4.9500760e+06   3.3264160e+01
   4.9779150e+06   3.4484863e+01
   5.0085600e+06   4.0771484e+01
   5.0334190e+06   3.9611816e+01
   5.0344250e+06   3.4057617e+01
   5.0636800e+06   3.7841797e+01
   5.0645890e+06   3.5156250e+01
   5.0892870e+06   3.3020020e+01
   5.1433100e+06   3.9611816e+01
   5.1437260e+06   3.3813477e+01
   5.1438020e+06   3.3447266e+01
   5.1452870e+06   3.3325195e+01
   5.1615180e+06   3.4973145e+01
   5.1924440e+06   3.6254883e+01
   5.3469280e+06   3.5949707e+01
   5.3472240e+06   3.2958984e+01
   5.3649970e+06   3.3203125e+01
   5.3663730e+06   3.7109375e+01
   5.3839050e+06   3.2897949e+01
   5.4012610e+06   3.5461426e+01
   5.4012770e+06   3.2775879e+01
   5.4013010e+06   3.2714844e+01
   5.4013170e+06   3.5095215e+01
   5.4014160e+06   1.1077881e+02
   5.4014270e+06   3.8330078e+01
   5.4015500e+06   3.8513184e+01
   5.4017890e+06   6.6833496e+01
   5.4018250e+06   4.0283203e+01
   5.4018680e+06   3.4545898e+01
   5.4021550e+06   3.6437988e+01
   5.4236680e+06   3.7536621e+01
   5.4239240e+06   3.2531738e+01
   5.4239800e+06   3.4729004e+01
   5.4890590e+06   3.2958984e+01
   5.4897460e+06   3.3142090e+01
   5.4898810e+06   3.8391113e+01
   5.4899840e+06   3.3691406e+01
   5.5481760e+06   3.3142090e+01
   5.5492740e+06   3.5827637e+01
   5.5493030e+06   4.6936035e+01
   5.5494500e+06   3.8696289e+01
   5.5494900e+06   4.0039062e+01
   5.5495250e+06   3.5705566e+01
   5.5888790e+06   3.2836914e+01
   5.5889740e+06   3.4118652e+01
   5.5890220e+06   3.3752441e+01
   5.5891580e+06   3.6071777e+01
   5.6601160e+06   3.3508301e+01
   5.6601930e+06   3.5583496e+01
   5.6603890e+06   3.3569336e+01
   5.6982380e+06   3.3691406e+01
   5.6982690e+06   3.9428711e+01
   5.7481200e+06   3.3203125e+01
   5.7649470e+06   3.4179688e+01
   5.7649850e+06   3.3081055e+01
   5.7650930e+06   3.6193848e+01
   5.7651380e+06   3.3813477e+01
   5.8255920e+06   4.0344238e+01
   5.8454990e+06   3.3020020e+01
   5.8468730e+06   3.3630371e+01
   5.8510880e+06   3.2958984e+01
   5.8537220e+06   3.7048340e+01
   5.9090400e+06   3.5278320e+01
   5.9090950e+06   3.6010742e+01
   5.9091570e+06   4.1259766e+01
   5.9092410e+06   3.5400391e+01
   5.9171960e+06   3.2775879e+01
   5.9286750e+06   3.3813477e+01
   5.9645940e+06   3.4667969e+01
   5.9777680e+06   3.6376953e+01
   5.9828170e+06   3.2653809e+01
   6.0189100e+06   3.5461426e+01
   6.0189910e+06   3.4606934e+01
   6.0257420e+06   3.4240723e+01
   6.0362590e+06   3.3081055e+01
   6.0380570e+06   3.3752441e+01
   6.0757310e+06   4.1320801e+01
   6.0789620e+06   3.3874512e+01
   6.0828520e+06   3.4851074e+01
   6.1367440e+06   3.8330078e+01
   6.1975380e+06   4.2907715e+01
   6.1976620e+06   3.5644531e+01
   6.1978340e+06   3.4606934e+01
   6.2409830e+06   3.6682129e+01
   6.2410140e+06   3.6987305e+01
   6.2429610e+06   3.3386230e+01
   6.2467530e+06   3.4729004e+01
   6.2536220e+06   4.0283203e+01
   6.2869290e+06   3.7353516e+01
   6.2869960e+06   3.4484863e+01
   6.2873370e+06   3.3813477e+01
   6.2924010e+06   4.2602539e+01
   6.2941710e+06   3.3874512e+01
   6.3502690e+06   3.3813477e+01
   6.3507250e+06   3.4057617e+01
   6.4080620e+06   3.3874512e+01
   6.4100720e+06   3.4179688e+01
   6.5097410e+06   3.3752441e+01
   6.5330100e+06   3.3081055e+01
   6.6265060e+06   3.2775879e+01
   6.6345640e+06   3.9978027e+01
   6.6346370e+06   3.4179688e+01
   6.6346660e+06   4.6936035e+01
   6.6347390e+06   4.2480469e+01
   6.6347520e+06   3.5095215e+01
   6.7818360e+06   3.3996582e+01
   6.9666180e+06   3.2714844e+01
   7.0401490e+06   3.6499023e+01
   7.0402810e+06   3.2653809e+01
   7.0402990e+06   3.4362793e+01
   7.2074130e+06   3.8391113e+01
   7.2079010e+06   3.4667969e+01
   7.2079140e+06   4.0344238e+01
   7.2278320e+06   3.3996582e+01
   7.2279190e+06   3.3325195e+01
   7.2280210e+06   3.6437988e+01
   7.2280350e+06   3.4423828e+01
   7.2281890e+06   3.5583496e+01
   7.3161160e+06   3.4973145e+01
   7.3161310e+06   3.3447266e+01
   7.3161910e+06   3.4606934e+01
   7.3162200e+06   4.0649414e+01
   7.3162450e+06   3.4118652e+01
   7.3163020e+06   3.4484863e+01
   7.3163250e+06   3.6071777e+01
   7.3180270e+06   3.4912109e+01
   7.3736690e+06   4.0466309e+01
   7.3737670e+06   3.4423828e+01
   7.3738460e+06   3.2958984e+01
   7.3739210e+06   3.5034180e+01
   7.3739660e+06   3.7353516e+01
   7.3740490e+06   3.2897949e+01
   7.4044630e+06   3.2775879e+01
   7.4044850e+06   3.4301758e+01
   7.4046160e+06   4.7546387e+01
   7.4047090e+06   3.8330078e+01
   7.4796560e+06   3.4790039e+01
   7.4798260e+06   3.6437988e+01
   7.4798730e+06   3.7414551e+01
   7.4799180e+06   3.8635254e+01
   7.4799340e+06   3.4240723e+01
   7.4799630e+06   3.3142090e+01
   7.4800070e+06   3.6071777e+01
   7.4800820e+06   4.3395996e+01
   7.4802140e+06   3.8635254e+01
   7.5424060e+06   3.3508301e+01
   7.5425210e+06   4.0283203e+01
   7.5428710e+06   3.4301758e+01
   7.6040240e+06   3.7902832e+01
   7.6043250e+06   4.1381836e+01
   7.6487650e+06   3.3020020e+01
   7.6491720e+06   3.4301758e+01
   7.6981960e+06   3.2714844e+01
   7.7212750e+06   4.1381836e+01
   7.7213860e+06   3.4179688e+01
   7.7215140e+06   3.6071777e+01
   7.7217420e+06   4.0405273e+01
   7.7225540e+06   3.6254883e+01
   7.8092630e+06   3.3142090e+01
   7.8102530e+06   3.3752441e+01
   7.8103080e+06   3.5461426e+01
   7.8103460e+06   5.0537109e+01
   7.8103910e+06   3.5766602e+01
   7.8104880e+06   3.3996582e+01
   7.8283150e+06   3.5644531e+01
   7.8284190e+06   3.3935547e+01
   7.8289060e+06   3.5766602e+01
   7.8290320e+06   3.5278320e+01
   7.9005030e+06   3.8269043e+01
   7.9015600e+06   3.2775879e+01
   7.9274690e+06   3.5156250e+01
   7.9275320e+06   3.5705566e+01
   7.9276960e+06   3.4118652e+01
   7.9727360e+06   3.3996582e+01
   7.9731580e+06   3.4057617e+01
   8.0100580e+06   3.2714844e+01
   8.1977830e+06   3.4423828e+01
   8.1978480e+06   4.1076660e+01
   8.3717420e+06   3.3203125e+01
   8.3935410e+06   4.1931152e+01
   8.3936190e+06   3.7841797e+01
   8.3936760e+06   3.2836914e+01
   8.3939130e+06   3.8269043e+01
   8.4617660e+06   3.7475586e+01
   8.4909990e+06   3.3020020e+01
   8.4912160e+06   3.3264160e+01
   8.5830200e+06   3.5461426e+01
   8.6074720e+06   3.5888672e+01
   8.6766530e+06   3.3386230e+01
   8.6779150e+06   3.2897949e+01
   8.7097760e+06   3.6254883e+01
   8.7609570e+06   3.9794922e+01
   8.8331650e+06   3.3447266e+01
   8.9072960e+06   3.2836914e+01
   8.9831570e+06   3.6560059e+01
   8.9832080e+06   3.9367676e+01
   9.0588160e+06   3.5522461e+01
   9.1117730e+06   3.3386230e+01
   9.1117870e+06   3.2714844e+01
   9.1387930e+06   3.3081055e+01
   9.1689310e+06   3.4729004e+01
   9.2194300e+06   3.4606934e+01
   9.2942650e+06   3.3386230e+01
   9.3159110e+06   3.3508301e+01
   9.3159500e+06   3.5888672e+01
   9.3160450e+06   3.2836914e+01
   9.3161270e+06   3.6621094e+01
   9.3757980e+06   3.3325195e+01
   9.3761410e+06   3.3935547e+01
   9.3766100e+06   3.3508301e+01
   9.3766370e+06   3.3569336e+01
   9.3767240e+06   3.4912109e+01
   9.3767640e+06   3.7963867e+01
   9.3767930e+06   3.5095215e+01
   9.3768230e+06   4.2724609e+01
   9.3768440e+06   3.7780762e+01
   9.3769030e+06   3.5217285e+01
   9.3963420e+06   3.3813477e+01
   9.3963570e+06   3.2348633e+01
   9.3965160e+06   3.3569336e+01
   9.3965610e+06   3.5522461e+01
   9.3965890e+06   3.4667969e+01
   9.3966110e+06   3.2714844e+01
   9.3966750e+06   4.6020508e+01
   9.3966900e+06   3.2836914e+01
   9.3967410e+06   3.5705566e+01
   9.3967960e+06   3.3996582e+01
   9.4541260e+06   3.3142090e+01
   9.4542640e+06   3.2409668e+01
   9.4549440e+06   3.3935547e+01
   9.4550150e+06   3.2531738e+01
   9.4551730e+06   3.5644531e+01
   9.4551860e+06   3.2470703e+01
   9.4552360e+06   3.9611816e+01
   9.4553150e+06   4.0588379e+01
   9.5628390e+06   3.6254883e+01
   9.5628550e+06   3.4851074e+01
   9.5629660e+06   4.0588379e+01
   9.5629890e+06   4.0771484e+01
   9.5630480e+06   3.7963867e+01
   9.5630910e+06   3.2592773e+01
   9.5631360e+06   3.3630371e+01
   9.5633460e+06   3.6437988e+01
   9.5637430e+06   3.7658691e+01
   9.5647240e+06   4.0222168e+01
   9.6167630e+06   4.5410156e+01
   9.6167970e+06   3.3691406e+01
   9.6169860e+06   3.7353516e+01
   9.6171170e+06   3.2653809e+01
   9.6172950e+06   3.3508301e+01
   9.6173990e+06   3.4423828e+01
   9.6174200e+06   3.2348633e+01
   9.6790690e+06   3.3996582e+01
   9.6795530e+06   3.7109375e+01
   9.6796900e+06   4.0466309e+01
   9.6797110e+06   3.7719727e+01
   9.6797840e+06   3.3874512e+01
   9.6798040e+06   3.4179688e+01
   9.6798370e+06   3.7414551e+01
   9.7177450e+06   3.7475586e+01
   9.7177620e+06   4.2053223e+01
   9.7178120e+06   3.7414551e+01
   9.7178270e+06   3.9367676e+01
   9.7178660e+06   3.5095215e+01
   9.7178850e+06   3.4729004e+01
   9.7179000e+06   3.4179688e+01
   9.7179350e+06   4.3579102e+01
   9.7179520e+06   3.7292480e+01
   9.7179990e+06   3.4301758e+01
   9.7205690e+06   3.2775879e+01
   9.8036570e+06   3.2958984e+01
   9.8040050e+06   3.6682129e+01
   9.8040570e+06   3.3813477e+01
   9.8041730e+06   3.3813477e+01
   9.8041950e+06   3.8208008e+01
   9.8043290e+06   4.2846680e+01
   9.8044610e+06   3.3081055e+01
   9.8306850e+06   3.5583496e+01
   9.8310280e+06   3.2531738e+01
   9.8313230e+06   3.7109375e+01
   9.8313670e+06   3.2775879e+01
   9.8315160e+06   3.3630371e+01
   9.8315920e+06   3.8146973e+01
   9.8316070e+06   4.3212891e+01
   9.8317110e+06   3.4118652e+01
   9.8319560e+06   3.5705566e+01
   9.9205980e+06   3.4057617e+01
   9.9207810e+06   3.2287598e+01
   9.9208360e+06   3.3874512e+01
   9.9208630e+06   3.7170410e+01
   9.9209590e+06   3.7719727e+01
   9.9209980e+06   3.7292480e+01
   9.9210550e+06   3.5034180e+01
   9.9939490e+06   3.3081055e+01
   9.9940640e+06   4.1503906e+01
   9.9941350e+06   3.3630371e+01
   9.9941700e+06   3.6254883e+01
   9.9942210e+06   3.2409668e+01
   9.9942730e+06   3.2836914e+01
   9.9943420e+06   3.3813477e+01
   1.0037141e+07   3.2592773e+01
   1.0037726e+07   3.9428711e+01
   1.0037859e+07   3.4118652e+01
   1.0037895e+07   3.2592773e+01
   1.0037922e+07   3.4301758e+01
   1.0038054e+07   4.6752930e+01
   1.0038113e+07   4.3273926e+01
   1.0038203e+07   3.3630371e+01
   1.0074746e+07   3.5644531e+01
   1.0074816e+07   4.2175293e+01
   1.0074850e+07   3.2836914e+01
   1.0075326e+07   3.3203125e+01
   1.0075399e+07   3.2287598e+01
   1.0075429e+07   4.4860840e+01
   1.0075865e+07   3.5888672e+01
   1.0126401e+07   3.3935547e+01
   1.0149631e+07   3.7841797e+01
   1.0149667e+07   3.6865234e+01
   1.0149842e+07   4.2541504e+01
   1.0149899e+07   3.3691406e+01
   1.0150080e+07   3.2348633e+01
   1.0150345e+07   3.5156250e+01
   1.0199712e+07   3.3569336e+01
   1.0199781e+07   3.2958984e+01
   1.0199887e+07   3.5705566e+01
   1.0200786e+07   3.5827637e+01
   1.0238953e+07   3.9001465e+01
   1.0270097e+07   3.3325195e+01
   1.0332420e+07   3.4790039e+01
   1.0332679e+07   3.6682129e+01
   1.0333805e+07   3.5583496e+01
   1.0333815e+07   3.8940430e+01
   1.0387368e+07   3.2409668e+01
   1.0452213e+07   3.5888672e+01
   1.0452860e+07   3.5095215e+01
   1.0472232e+07   3.3508301e+01
   1.0479082e+07   3.7536621e+01
   1.0479228e+07   3.6010742e+01
   1.0505242e+07   3.3508301e+01
   1.0505288e+07   3.4667969e+01
   1.0505408e+07   3.2958984e+01
   1.0505421e+07   3.3264160e+01
   1.0580347e+07   3.3081055e+01
   1.0693148e+07   4.1809082e+01
   1.0758128e+07   3.4545898e+01
   1.0758153e+07   4.0832520e+01
   1.0758210e+07   4.3457031e+01
   1.0758226e+07   9.1247559e+01
   1.0758240e+07   3.2531738e+01
   1.0758288e+07   3.7902832e+01
   1.0758317e+07   3.6560059e+01
   1.0758364e+07   3.5644531e+01
   1.0758506e+07   3.6376953e+01
   1.0758570e+07   6.2866211e+01
   1.0758876e+07   3.7780762e+01
   1.0758998e+07   3.4240723e+01
   1.0759115e+07   4.2907715e+01
   1.0823962e+07   3.9001465e+01
   1.0823990e+07   3.5583496e+01
   1.0824278e+07   3.5278320e+01
   1.0824990e+07   3.2348633e+01
   1.0893483e+07   3.4790039e+01
   1.0894318e+07   3.2836914e+01
   1.0894409e+07   3.3142090e+01
   1.0894439e+07   3.5278320e+01
   1.0894498e+07   3.7780762e+01
   1.0894530e+07   3.3874512e+01
   1.0894554e+07   3.4484863e+01
   1.0894600e+07   3.3203125e+01
   1.0951552e+07   3.3386230e+01
   1.0951617e+07   3.3203125e+01
   1.0990726e+07   3.3874512e+01
   1.0991043e+07   3.2714844e+01
   1.0991326e+07   3.2775879e+01
   1.0991393e+07   4.5288086e+01
   1.0991423e+07   3.4240723e+01
   1.0991506e+07   3.6437988e+01
   1.1073790e+07   3.6315918e+01
   1.1074067e+07   3.5766602e+01
   1.1074605e+07   3.7597656e+01
   1.1074626e+07   3.5156250e+01
   1.1074669e+07   3.2348633e+01
   1.1114681e+07   3.9550781e+01
   1.1114741e+07   3.7292480e+01
   1.1114824e+07   3.2958984e+01
   1.1158146e+07   5.0598145e+01
   1.1211893e+07   3.5461426e+01
   1.1213079e+07   3.5400391e+01
   1.1213107e+07   3.6071777e+01
   1.1213273e+07   3.2470703e+01
   1.1302360e+07   3.3691406e+01
   1.1302568e+07   4.3823242e+01
   1.1302583e+07   3.5644531e+01
   1.1302606e+07   3.3935547e+01
   1.1302682e+07   3.4912109e+01
   1.1318798e+07   3.6560059e+01
   1.1320884e+07   3.4301758e+01
   1.1368505e+07   3.2653809e+01
   1.1398662e+07   3.3325195e+01
   1.1399316e+07   3.4912109e+01
   1.1400762e+07   3.2470703e+01
   1.1400820e+07   3.2409668e+01
   1.1618672e+07   3.2714844e+01
   1.1618746e+07   3.2470703e+01
   1.1673090e+07   4.1870117e+01
   1.1673134e+07   3.3447266e+01
   1.1720372e+07   3.2836914e+01
   1.1771559e+07   3.4912109e+01
   1.1795241e+07   3.4240723e+01
   1.1795328e+07   3.2958984e+01
   1.1795384e+07   3.8818359e+01
   1.1795423e+07   3.6560059e+01
   1.1834242e+07   3.6254883e+01
   1.1834402e+07   3.5156250e+01
   1.1834423e+07   4.4494629e+01
   1.1834461e+07   4.0649414e+01
   1.1834516e+07   3.9489746e+01
   1.1834542e+07   3.7353516e+01
   1.1834567e+07   3.2287598e+01
   1.1880736e+07   3.3081055e+01
