   1.1996000e+07   0.0000000e+00
   1.5850000e+03   9.4726562e+01
   2.0522000e+04   9.5092773e+01
   3.2215000e+04   1.0266113e+02
   6.6831000e+04   1.1950684e+02
   6.8200000e+04   1.1267090e+02
   6.8500000e+04   1.1102295e+02
   6.8741000e+04   1.1608887e+02
   6.9193000e+04   1.2371826e+02
   7.0139000e+04   1.0888672e+02
   7.0740000e+04   1.0864258e+02
   7.1452000e+04   1.0101318e+02
   7.1792000e+04   1.0668945e+02
   7.2216000e+04   1.0510254e+02
   7.2610000e+04   9.4726562e+01
   7.5361000e+04   1.3031006e+02
   7.5651000e+04   9.4726562e+01
   7.6007000e+04   1.0272217e+02
   7.8106000e+04   9.4787598e+01
   7.9436000e+04   9.4726562e+01
   7.9950000e+04   1.0852051e+02
   8.1003000e+04   9.9609375e+01
   8.1533000e+04   1.0369873e+02
   8.2767000e+04   1.4215088e+02
   8.3253000e+04   9.7412109e+01
   8.3842000e+04   9.8999023e+01
   8.5045000e+04   1.1804199e+02
   8.5793000e+04   1.1676025e+02
   8.6929000e+04   1.1724854e+02
   8.7424000e+04   9.8999023e+01
   8.8031000e+04   9.9914551e+01
   8.8735000e+04   9.6679688e+01
   9.0946000e+04   1.1505127e+02
   9.2244000e+04   9.9060059e+01
   9.3763000e+04   1.0266113e+02
   9.4395000e+04   1.0290527e+02
   9.7547000e+04   1.0162354e+02
   9.9276000e+04   1.1157227e+02
   9.9902000e+04   9.6435547e+01
   1.2379000e+05   9.5703125e+01
   1.3465900e+05   9.6862793e+01
   1.4732100e+05   9.5214844e+01
   1.5858300e+05   9.4787598e+01
   1.6470500e+05   9.7473145e+01
   1.9275700e+05   1.2036133e+02
   1.9322500e+05   1.0681152e+02
   1.9354000e+05   1.3262939e+02
   1.9417000e+05   1.1553955e+02
   1.9454900e+05   1.1071777e+02
   1.9486800e+05   1.0339355e+02
   1.9515800e+05   1.1706543e+02
   1.9590500e+05   9.4787598e+01
   1.9718600e+05   1.0089111e+02
   1.9753900e+05   1.0974121e+02
   1.9833500e+05   9.4970703e+01
   1.9906100e+05   1.1199951e+02
   1.9962000e+05   1.0021973e+02
   1.9995900e+05   1.0699463e+02
   2.0056000e+05   1.1584473e+02
   2.0159600e+05   1.1193848e+02
   2.0199000e+05   1.0211182e+02
   2.0240100e+05   1.3043213e+02
   2.0544400e+05   1.0601807e+02
   2.0589100e+05   1.2170410e+02
   2.0876300e+05   1.0583496e+02
   2.0995700e+05   1.0223389e+02
   2.1123900e+05   1.1126709e+02
   2.1167800e+05   9.5031738e+01
   2.1263100e+05   1.1303711e+02
   2.1523700e+05   1.0076904e+02
   2.4568000e+05   1.0107422e+02
   2.4580500e+05   9.5581055e+01
   2.4640600e+05   1.0736084e+02
   2.4719100e+05   9.5642090e+01
   2.4783300e+05   9.9792480e+01
   2.4811800e+05   9.6557617e+01
   2.4851800e+05   1.2866211e+02
   2.4873400e+05   9.7473145e+01
   2.4897100e+05   9.8937988e+01
   2.4938300e+05   1.0711670e+02
   2.5065000e+05   1.0516357e+02
   2.5121200e+05   1.0375977e+02
   2.5153100e+05   1.1145020e+02
   2.5295300e+05   1.2707520e+02
   2.5343600e+05   1.0430908e+02
   2.5423400e+05   9.5092773e+01
   2.5439400e+05   1.0577393e+02
   2.5539600e+05   9.8449707e+01
   2.5590500e+05   9.8876953e+01
   2.5671000e+05   1.0821533e+02
   2.5824600e+05   1.1029053e+02
   2.5872800e+05   9.8632812e+01
   2.5915900e+05   9.9853516e+01
   2.6065200e+05   1.1688232e+02
   2.6257100e+05   1.0052490e+02
   2.8609100e+05   9.8754883e+01
   2.9018000e+05   9.5581055e+01
   3.0746400e+05   1.1541748e+02
   3.0802000e+05   1.1291504e+02
   3.0823400e+05   1.0565186e+02
   3.0841500e+05   1.0296631e+02
   3.0903300e+05   1.1401367e+02
   3.0939200e+05   1.2512207e+02
   3.0996600e+05   1.0644531e+02
   3.1018300e+05   9.9487305e+01
   3.1055000e+05   9.9304199e+01
   3.1083700e+05   1.1193848e+02
   3.1152200e+05   1.1193848e+02
   3.1185000e+05   1.2689209e+02
   3.1314400e+05   1.2371826e+02
   3.1375300e+05   1.0046387e+02
   3.1693400e+05   1.0797119e+02
   3.1759500e+05   1.0748291e+02
   3.2225900e+05   1.0998535e+02
   3.2327300e+05   1.2792969e+02
   3.2462300e+05   1.0394287e+02
   3.7268300e+05   1.0156250e+02
   3.7323800e+05   1.1968994e+02
   3.7363700e+05   1.0028076e+02
   3.7388100e+05   1.0656738e+02
   3.7418200e+05   1.2017822e+02
   3.7445400e+05   1.1749268e+02
   3.7484600e+05   9.6923828e+01
   3.7581700e+05   1.0296631e+02
   3.7662200e+05   1.2103271e+02
   3.7697100e+05   1.1413574e+02
   3.7783100e+05   1.0241699e+02
   3.7866700e+05   1.0839844e+02
   3.7901500e+05   9.9914551e+01
   3.8039000e+05   9.7290039e+01
   3.8164100e+05   1.0052490e+02
   3.8341500e+05   1.0607910e+02
   3.8643300e+05   1.0144043e+02
   3.8870900e+05   1.0174561e+02
   3.9000100e+05   1.2084961e+02
   4.3371600e+05   1.1022949e+02
   4.3481700e+05   1.2164307e+02
   4.3517500e+05   9.7961426e+01
   4.3597600e+05   9.9975586e+01
   4.3627600e+05   9.6862793e+01
   4.3660600e+05   9.9853516e+01
   4.3710600e+05   1.0266113e+02
   4.3793700e+05   1.0394287e+02
   4.3835600e+05   1.1755371e+02
   4.3903000e+05   9.9365234e+01
   4.3946100e+05   9.4787598e+01
   4.3985500e+05   1.0534668e+02
   4.4044500e+05   1.0302734e+02
   4.4100000e+05   1.0998535e+02
   4.4407100e+05   9.6557617e+01
   4.9331500e+05   1.0083008e+02
   4.9852700e+05   1.0296631e+02
   5.0566200e+05   9.5825195e+01
   5.0655900e+05   1.1059570e+02
   5.0688000e+05   1.0522461e+02
   5.0753300e+05   1.0595703e+02
   5.0867200e+05   9.9731445e+01
   5.0944900e+05   1.0937500e+02
   5.0983900e+05   1.1187744e+02
   5.1024200e+05   1.0437012e+02
   5.1118500e+05   1.0083008e+02
   5.1189700e+05   1.1914062e+02
   5.1253900e+05   1.2695312e+02
   5.1318500e+05   1.1486816e+02
   5.1361900e+05   9.8999023e+01
   5.1559200e+05   9.5031738e+01
   5.1740200e+05   1.3977051e+02
   5.3000900e+05   9.8754883e+01
   5.5333900e+05   9.6496582e+01
   5.5360400e+05   1.1627197e+02
   5.5426800e+05   1.0266113e+02
   5.5446700e+05   1.1779785e+02
   5.5484300e+05   9.9304199e+01
   5.5511300e+05   1.2481689e+02
   5.5591000e+05   1.0449219e+02
   5.5675000e+05   1.1260986e+02
   5.5711300e+05   1.2261963e+02
   5.5858900e+05   1.1596680e+02
   5.5921200e+05   1.0076904e+02
   5.6297400e+05   1.0308838e+02
   5.8702200e+05   9.5458984e+01
   6.1067000e+05   1.0388184e+02
   6.1155400e+05   1.2084961e+02
   6.1251800e+05   1.1352539e+02
   6.1287000e+05   9.7656250e+01
   6.1325100e+05   9.8449707e+01
   6.1353700e+05   1.1364746e+02
   6.1389700e+05   1.0668945e+02
   6.1420000e+05   9.5153809e+01
   6.1597900e+05   9.9792480e+01
   6.1734100e+05   1.0009766e+02
   6.1799800e+05   1.1358643e+02
   6.2009100e+05   1.0870361e+02
   6.2375600e+05   1.1022949e+02
   6.2473200e+05   1.0528564e+02
   6.2515100e+05   1.0595703e+02
   6.2756100e+05   1.2115479e+02
   6.2879000e+05   1.0937500e+02
   6.3233400e+05   1.2103271e+02
   6.3303900e+05   9.5458984e+01
   6.6951000e+05   1.0162354e+02
   6.7920900e+05   9.7229004e+01
   6.9010000e+05   1.0302734e+02
   6.9624900e+05   1.1029053e+02
   6.9724500e+05   1.1010742e+02
   6.9825100e+05   9.6679688e+01
   6.9862300e+05   1.1944580e+02
   6.9925200e+05   1.0937500e+02
   6.9975700e+05   1.0461426e+02
   7.0024200e+05   1.0925293e+02
   7.0104500e+05   9.4726562e+01
   7.0236400e+05   1.1529541e+02
   7.0286600e+05   9.8388672e+01
   7.0583800e+05   9.4970703e+01
   7.0950200e+05   1.0003662e+02
   7.1642000e+05   9.5947266e+01
   7.1646700e+05   1.0015869e+02
   7.3687900e+05   9.6984863e+01
   7.5429100e+05   1.1682129e+02
   7.5495500e+05   9.4787598e+01
   7.5576200e+05   1.0089111e+02
   7.5634300e+05   9.6252441e+01
   7.5696000e+05   1.0601807e+02
   7.5813900e+05   1.0778809e+02
   7.5874100e+05   1.0015869e+02
   7.6066900e+05   1.0980225e+02
   7.6135900e+05   1.0833740e+02
   7.6210800e+05   1.4312744e+02
   7.6356000e+05   1.0827637e+02
   7.6926500e+05   1.1120605e+02
   7.7070900e+05   1.0626221e+02
   7.8376500e+05   9.5214844e+01
   8.0558100e+05   9.5581055e+01
   8.2283700e+05   1.0083008e+02
   8.2452700e+05   1.1242676e+02
   8.2510300e+05   9.7290039e+01
   8.2591000e+05   1.0577393e+02
   8.2728300e+05   1.1175537e+02
   8.2766000e+05   1.0345459e+02
   8.3256100e+05   9.9792480e+01
   8.3696500e+05   9.5458984e+01
   8.3713200e+05   1.0247803e+02
   8.5767000e+05   9.4970703e+01
   8.6153100e+05   1.0180664e+02
   8.6218400e+05   1.1425781e+02
   8.6306100e+05   1.0528564e+02
   8.6337100e+05   9.8510742e+01
   8.6461900e+05   1.0986328e+02
   8.6639500e+05   9.9975586e+01
   8.6663800e+05   1.2255859e+02
   8.6694900e+05   1.1334229e+02
   8.9542800e+05   1.5405273e+02
   8.9576700e+05   1.1138916e+02
   8.9662600e+05   1.2408447e+02
   8.9729900e+05   1.0253906e+02
   8.9797100e+05   1.1090088e+02
   8.9955700e+05   1.4202881e+02
   9.0281100e+05   1.1791992e+02
   9.4598000e+05   1.3269043e+02
   9.4631200e+05   1.2023926e+02
   9.4758000e+05   9.8022461e+01
   9.4861100e+05   1.0168457e+02
   9.5005400e+05   1.3250732e+02
   9.5033800e+05   1.0040283e+02
   9.5106600e+05   9.9853516e+01
   9.6075600e+05   1.1859131e+02
   9.9073000e+05   1.2506104e+02
   9.9156900e+05   1.0028076e+02
   9.9292100e+05   1.1322021e+02
   9.9484000e+05   1.0668945e+02
   9.9516900e+05   1.3732910e+02
   1.0000370e+06   1.0046387e+02
   1.0278060e+06   9.7106934e+01
   1.0344930e+06   1.0339355e+02
   1.0355360e+06   1.1248779e+02
   1.0362080e+06   1.4520264e+02
   1.0375870e+06   1.0699463e+02
   1.0394370e+06   1.0064697e+02
   1.0417160e+06   9.7229004e+01
   1.0429080e+06   1.0571289e+02
   1.0482670e+06   9.4726562e+01
   1.0664110e+06   1.1694336e+02
   1.0668650e+06   1.1535645e+02
   1.0678240e+06   9.5581055e+01
   1.0685360e+06   1.2652588e+02
   1.0688200e+06   1.0046387e+02
   1.0700740e+06   1.0955811e+02
   1.0720200e+06   1.2017822e+02
   1.0734640e+06   1.1523438e+02
   1.1327010e+06   1.1682129e+02
   1.1355360e+06   1.0211182e+02
   1.1389270e+06   1.2817383e+02
   1.1395230e+06   1.2225342e+02
   1.1681260e+06   1.2365723e+02
   1.1685110e+06   1.1706543e+02
   1.1694520e+06   1.0278320e+02
   1.1711890e+06   1.1810303e+02
   1.2405770e+06   1.2774658e+02
   1.2413180e+06   1.1120605e+02
   1.2418200e+06   1.0235596e+02
   1.2433870e+06   1.1871338e+02
   1.2457630e+06   1.1700439e+02
   1.2957580e+06   1.0131836e+02
   1.3021040e+06   1.0412598e+02
   1.3039810e+06   1.0876465e+02
   1.3049820e+06   1.1016846e+02
   1.3055420e+06   1.1395264e+02
   1.3063990e+06   1.0998535e+02
   1.3100100e+06   1.0528564e+02
   1.3121940e+06   1.0400391e+02
   1.3127630e+06   1.0510254e+02
   1.3503540e+06   1.3958740e+02
   1.3524720e+06   1.0723877e+02
   1.3526420e+06   1.0473633e+02
   1.3533820e+06   9.7412109e+01
   1.3546030e+06   1.0150146e+02
   1.3558500e+06   1.0577393e+02
   1.3560880e+06   1.2292480e+02
   1.3673930e+06   9.4787598e+01
   1.3778900e+06   9.6923828e+01
   1.4330300e+06   9.8022461e+01
   1.4439680e+06   1.1218262e+02
   1.4443470e+06   1.1383057e+02
   1.4450960e+06   1.0314941e+02
   1.4463200e+06   1.0064697e+02
   1.4567980e+06   9.9914551e+01
   1.4839580e+06   1.1627197e+02
   1.4881840e+06   1.0394287e+02
   1.4884340e+06   9.8266602e+01
   1.5396250e+06   1.1798096e+02
   1.5427850e+06   1.3000488e+02
   1.5755800e+06   1.0644531e+02
   1.5768300e+06   1.2530518e+02
   1.5795990e+06   1.0504150e+02
   1.5809850e+06   9.6191406e+01
   1.6141600e+06   9.5031738e+01
   1.6262830e+06   1.3690186e+02
   1.6288670e+06   1.4208984e+02
   1.6371050e+06   9.9304199e+01
   1.6378500e+06   1.2091064e+02
   1.6809580e+06   9.5031738e+01
   1.6929190e+06   1.1248779e+02
   1.6930990e+06   1.0113525e+02
   1.6963890e+06   1.1120605e+02
   1.7658120e+06   9.6191406e+01
   1.7664020e+06   1.0241699e+02
   1.8071540e+06   9.6740723e+01
   1.8780610e+06   1.0107422e+02
   1.8908710e+06   1.1303711e+02
   1.8988570e+06   1.0858154e+02
   1.8992560e+06   9.8999023e+01
   1.9031570e+06   1.1627197e+02
   1.9034100e+06   1.0412598e+02
   1.9038380e+06   1.0247803e+02
   1.9042700e+06   1.0418701e+02
   1.9058100e+06   1.2512207e+02
   2.0871910e+06   1.0906982e+02
   2.0873410e+06   1.0546875e+02
   2.0875160e+06   1.1260986e+02
   2.0879090e+06   1.0687256e+02
   2.0879970e+06   9.6679688e+01
   2.1367240e+06   9.8327637e+01
   2.1372280e+06   1.1047363e+02
   2.1375880e+06   1.1566162e+02
   2.1380580e+06   1.0192871e+02
   2.1382750e+06   1.3159180e+02
   2.1385910e+06   1.1718750e+02
   2.2481780e+06   1.0552979e+02
   2.2483000e+06   1.1407471e+02
   2.2487850e+06   1.2127686e+02
   2.2489740e+06   1.0650635e+02
   2.3306460e+06   1.2011719e+02
   2.3307750e+06   1.1614990e+02
   2.3312720e+06   9.9121094e+01
   2.3314720e+06   1.0693359e+02
   2.3637830e+06   1.3574219e+02
   2.3642090e+06   1.0278320e+02
   2.3643980e+06   1.0192871e+02
   2.3935680e+06   1.1022949e+02
   2.3937560e+06   1.1480713e+02
   2.3939300e+06   9.9243164e+01
   2.3943710e+06   1.0107422e+02
   2.3945240e+06   1.0260010e+02
   2.4786440e+06   1.1590576e+02
   2.4794190e+06   1.1352539e+02
   2.4796350e+06   1.1798096e+02
   2.5266960e+06   1.0845947e+02
   2.5268380e+06   1.0974121e+02
   2.5274150e+06   1.0351562e+02
   2.5389090e+06   9.5092773e+01
   2.5501100e+06   1.1706543e+02
   2.5503400e+06   1.1798096e+02
   2.5506250e+06   9.9365234e+01
   2.5513090e+06   1.1981201e+02
   2.6190630e+06   1.4624023e+02
   2.6192960e+06   1.2390137e+02
   2.6199360e+06   1.4044189e+02
   2.6200890e+06   1.0015869e+02
   2.7058070e+06   1.0083008e+02
   2.7061370e+06   1.1187744e+02
   2.7326360e+06   1.0931396e+02
   2.7865020e+06   1.0064697e+02
   2.8084720e+06   1.4300537e+02
   3.0580320e+06   1.2164307e+02
   3.1068630e+06   1.5112305e+02
   3.1070520e+06   1.1273193e+02
   3.1486080e+06   1.0009766e+02
   3.1524860e+06   1.1285400e+02
   3.1529360e+06   1.1596680e+02
   3.1535430e+06   1.2084961e+02
   3.1559060e+06   1.3659668e+02
   3.1569780e+06   1.2487793e+02
   3.1584850e+06   1.2365723e+02
   3.1597640e+06   1.0211182e+02
   3.1609370e+06   1.3745117e+02
   3.1670570e+06   1.1553955e+02
   3.1703090e+06   1.1822510e+02
   3.1723270e+06   1.1102295e+02
   3.1763340e+06   1.2976074e+02
   3.2416770e+06   1.2335205e+02
   3.2419110e+06   1.0388184e+02
   3.2431290e+06   9.7900391e+01
   3.2434850e+06   1.2561035e+02
   3.2437300e+06   1.1767578e+02
   3.2442320e+06   1.2719727e+02
   3.2448480e+06   9.9731445e+01
   3.2453010e+06   1.0052490e+02
   3.2462470e+06   1.0528564e+02
   3.2474240e+06   1.0852051e+02
   3.2492210e+06   1.3714600e+02
   3.2495150e+06   1.1627197e+02
   3.2497550e+06   9.7106934e+01
   3.2509000e+06   9.6130371e+01
   3.2510300e+06   9.9060059e+01
   3.2553070e+06   9.4848633e+01
   3.2588430e+06   1.3885498e+02
   3.3125490e+06   1.0064697e+02
   3.3127930e+06   1.2805176e+02
   3.3128840e+06   9.4055176e+01
   3.3134620e+06   1.1181641e+02
   3.3137760e+06   9.6679688e+01
   3.3142520e+06   1.0601807e+02
   3.3145780e+06   9.7656250e+01
   3.3150050e+06   1.0278320e+02
   3.3152210e+06   1.0455322e+02
   3.3154670e+06   1.1437988e+02
   3.3162890e+06   9.4970703e+01
   3.3170670e+06   1.0559082e+02
   3.3179090e+06   9.4909668e+01
   3.3184670e+06   9.6496582e+01
   3.3187130e+06   1.0540771e+02
   3.3190310e+06   1.1102295e+02
   3.3193640e+06   9.6313477e+01
   3.3208510e+06   1.0437012e+02
   3.3211860e+06   1.0284424e+02
   3.3225430e+06   1.1022949e+02
   3.3244140e+06   1.0980225e+02
   3.3253560e+06   1.1041260e+02
   3.3259180e+06   9.9182129e+01
   3.3309240e+06   1.0546875e+02
   3.4045320e+06   1.1663818e+02
   3.4053690e+06   1.1755371e+02
   3.4055480e+06   1.1871338e+02
   3.4060250e+06   1.0583496e+02
   3.4067720e+06   1.3067627e+02
   3.4070710e+06   9.5886230e+01
   3.4075200e+06   9.5458984e+01
   3.4079020e+06   1.3171387e+02
   3.4081130e+06   9.4909668e+01
   3.4090630e+06   1.2042236e+02
   3.4106300e+06   9.8327637e+01
   3.4125570e+06   1.0083008e+02
   3.4137110e+06   1.0778809e+02
   3.4140560e+06   9.8144531e+01
   3.4144380e+06   1.2622070e+02
   3.4151150e+06   9.7167969e+01
   3.4154780e+06   9.9182129e+01
   3.4161160e+06   1.0650635e+02
   3.4170970e+06   1.0723877e+02
   3.4176310e+06   1.1657715e+02
   3.4186680e+06   1.1126709e+02
   3.4199590e+06   1.0711670e+02
   3.4212890e+06   1.0485840e+02
   3.4216620e+06   1.1297607e+02
   3.4223820e+06   1.1608887e+02
   3.4240290e+06   9.6313477e+01
   3.4248080e+06   1.0833740e+02
   3.4258370e+06   9.7290039e+01
   3.4966970e+06   1.2207031e+02
   3.4974620e+06   1.2634277e+02
   3.4976020e+06   1.0021973e+02
   3.4977980e+06   1.4086914e+02
   3.4982280e+06   1.0424805e+02
   3.4992590e+06   9.4604492e+01
   3.4997900e+06   1.0821533e+02
   3.5000190e+06   1.0107422e+02
   3.5004770e+06   1.0223389e+02
   3.5012050e+06   1.0662842e+02
   3.5015230e+06   1.0156250e+02
   3.5017790e+06   9.9670410e+01
   3.5021100e+06   1.1578369e+02
   3.5027600e+06   1.2475586e+02
   3.5030660e+06   9.5642090e+01
   3.5043530e+06   9.4421387e+01
   3.5050600e+06   1.0211182e+02
   3.5054090e+06   1.0668945e+02
   3.5068500e+06   9.4787598e+01
   3.5072460e+06   9.6740723e+01
   3.5083130e+06   1.1822510e+02
   3.5086360e+06   1.2121582e+02
   3.5110890e+06   1.1334229e+02
   3.5115890e+06   1.0675049e+02
   3.5118390e+06   9.7534180e+01
   3.5122820e+06   1.0675049e+02
   3.5138040e+06   1.1901855e+02
   3.5164320e+06   9.9365234e+01
   3.5815110e+06   1.2493896e+02
   3.5823150e+06   1.3146973e+02
   3.5830140e+06   1.2573242e+02
   3.5832710e+06   1.0400391e+02
   3.5837720e+06   1.0864258e+02
   3.5842140e+06   1.0162354e+02
   3.5845810e+06   1.2420654e+02
   3.5848870e+06   1.0882568e+02
   3.5852770e+06   9.6801758e+01
   3.5864100e+06   9.4482422e+01
   3.5866580e+06   1.1029053e+02
   3.5869400e+06   9.9243164e+01
   3.5897180e+06   9.6679688e+01
   3.5901830e+06   1.2310791e+02
   3.5907990e+06   1.1608887e+02
   3.5913680e+06   1.0791016e+02
   3.5934340e+06   1.0113525e+02
   3.5942090e+06   1.1773682e+02
   3.5950450e+06   1.1114502e+02
   3.5959350e+06   1.0058594e+02
   3.6382630e+06   1.0034180e+02
   3.6384120e+06   1.1541748e+02
   3.6389840e+06   1.0144043e+02
   3.6392640e+06   1.0577393e+02
   3.6403500e+06   1.0668945e+02
   3.6417720e+06   1.1596680e+02
   3.6422340e+06   1.0296631e+02
   3.6424970e+06   9.9548340e+01
   3.6428430e+06   9.8083496e+01
   3.6440050e+06   1.0424805e+02
   3.6451040e+06   1.1114502e+02
   3.6454360e+06   1.1584473e+02
   3.6465110e+06   1.0229492e+02
   3.6472190e+06   1.0345459e+02
   3.6505470e+06   1.3909912e+02
   3.6520230e+06   1.0772705e+02
   3.6528830e+06   1.0076904e+02
   3.6881880e+06   1.1499023e+02
   3.6888430e+06   1.2219238e+02
   3.6893700e+06   1.1682129e+02
   3.6895560e+06   1.1120605e+02
   3.6897170e+06   1.0113525e+02
   3.6904220e+06   9.7412109e+01
   3.6906850e+06   1.1303711e+02
   3.6916090e+06   9.5153809e+01
   3.6918790e+06   9.8327637e+01
   3.6921420e+06   1.0290527e+02
   3.6946560e+06   1.2121582e+02
   3.6966800e+06   1.1676025e+02
   3.6982500e+06   9.6069336e+01
   3.6996970e+06   1.2316895e+02
   3.7895050e+06   1.0589600e+02
   3.7900550e+06   1.0180664e+02
   3.7905220e+06   1.1212158e+02
   3.8199280e+06   1.2591553e+02
   3.8210920e+06   1.0656738e+02
   3.8212810e+06   1.1242676e+02
   3.8221390e+06   1.0302734e+02
   3.8225600e+06   9.7351074e+01
   3.8229840e+06   1.3232422e+02
   3.8506540e+06   1.0943604e+02
   3.8510970e+06   1.2725830e+02
   3.8528840e+06   1.2170410e+02
   3.8534490e+06   1.1779785e+02
   3.8537780e+06   9.9914551e+01
   3.8832800e+06   1.2969971e+02
   3.8839670e+06   9.6435547e+01
   3.9683320e+06   1.1743164e+02
   4.0733140e+06   1.3195801e+02
   4.0734580e+06   9.7229004e+01
   4.0994070e+06   1.1230469e+02
   4.1001370e+06   1.1328125e+02
   4.1141940e+06   9.9914551e+01
   4.1395190e+06   1.0961914e+02
   4.2489110e+06   1.0266113e+02
   4.2751010e+06   1.0919189e+02
   4.2752780e+06   9.5886230e+01
   4.3647500e+06   1.1315918e+02
   4.3653920e+06   1.3214111e+02
   4.3656730e+06   1.0113525e+02
   4.3968850e+06   1.3818359e+02
   4.3970330e+06   1.3964844e+02
   4.4543710e+06   9.8205566e+01
   4.4545450e+06   1.3018799e+02
   4.4550760e+06   9.8754883e+01
   4.4870900e+06   1.4111328e+02
   4.4873700e+06   1.0009766e+02
   4.4879100e+06   1.0333252e+02
   4.5442720e+06   1.1816406e+02
   4.5805110e+06   1.3256836e+02
   4.5807900e+06   9.7045898e+01
   4.5815430e+06   9.4970703e+01
   4.6243640e+06   1.0217285e+02
   4.6571830e+06   1.0595703e+02
   4.6799900e+06   1.0620117e+02
   4.7094440e+06   1.0778809e+02
   4.7441570e+06   1.1230469e+02
   4.7676900e+06   1.0980225e+02
   4.7678940e+06   1.3232422e+02
   4.8551250e+06   1.1541748e+02
   4.8556940e+06   1.1682129e+02
   4.8561020e+06   1.2091064e+02
   4.9501990e+06   1.1541748e+02
   4.9502960e+06   1.0839844e+02
   5.0887920e+06   1.0809326e+02
   5.1432920e+06   1.2011719e+02
   5.1911390e+06   1.1553955e+02
   5.2650260e+06   1.3598633e+02
   5.2959000e+06   1.2145996e+02
   5.4013600e+06   1.2817383e+02
   5.4021170e+06   1.2292480e+02
   5.4025370e+06   1.1785889e+02
   5.4234760e+06   1.4538574e+02
   5.4892210e+06   1.0070801e+02
   5.4895450e+06   1.1523438e+02
   5.4900540e+06   1.0913086e+02
   5.5494120e+06   1.0278320e+02
   5.5494770e+06   9.4238281e+01
   5.5890450e+06   1.0339355e+02
   5.5895590e+06   1.0516357e+02
   5.6598360e+06   9.5520020e+01
   5.6600480e+06   9.5092773e+01
   5.6605170e+06   1.2573242e+02
   5.6983930e+06   9.4665527e+01
   5.6985540e+06   9.6313477e+01
   5.6990540e+06   1.2017822e+02
   5.7922050e+06   1.4514160e+02
   5.8469670e+06   1.3586426e+02
   5.8482960e+06   1.1761475e+02
   5.8486360e+06   1.1877441e+02
   5.8491020e+06   1.1798096e+02
   5.8496930e+06   1.0772705e+02
   5.8500310e+06   1.0638428e+02
   5.8513750e+06   9.8632812e+01
   5.8527270e+06   1.0760498e+02
   5.8536360e+06   1.1145020e+02
   5.8556120e+06   9.3872070e+01
   5.8572290e+06   1.0687256e+02
   5.8576200e+06   1.0589600e+02
   5.8613020e+06   1.0455322e+02
   5.8672770e+06   1.1444092e+02
   5.8701790e+06   1.1914062e+02
   5.8709730e+06   1.0113525e+02
   5.8781250e+06   1.2133789e+02
   5.9090310e+06   1.3592529e+02
   5.9092080e+06   1.1499023e+02
   5.9095610e+06   1.3427734e+02
   5.9097930e+06   9.9792480e+01
   5.9109740e+06   1.0150146e+02
   5.9112630e+06   1.0833740e+02
   5.9114130e+06   1.0253906e+02
   5.9117450e+06   1.1529541e+02
   5.9125110e+06   9.7595215e+01
   5.9127560e+06   9.4421387e+01
   5.9135690e+06   1.0583496e+02
   5.9145720e+06   9.8022461e+01
   5.9151450e+06   1.0437012e+02
   5.9155040e+06   9.6679688e+01
   5.9160580e+06   9.4055176e+01
   5.9165080e+06   9.7351074e+01
   5.9172290e+06   1.0351563e+02
   5.9181520e+06   1.1047363e+02
   5.9191760e+06   9.9243164e+01
   5.9206090e+06   1.0888672e+02
   5.9214080e+06   1.2213135e+02
   5.9251940e+06   1.0998535e+02
   5.9261910e+06   1.0876465e+02
   5.9262770e+06   9.7167969e+01
   5.9272650e+06   1.0424805e+02
   5.9282680e+06   1.2561035e+02
   5.9313600e+06   9.9548340e+01
   5.9325090e+06   1.2011719e+02
   5.9347850e+06   9.4665527e+01
   5.9350260e+06   1.2451172e+02
   5.9646420e+06   1.1248779e+02
   5.9647480e+06   1.2103271e+02
   5.9649110e+06   9.9182129e+01
   5.9652360e+06   1.1865234e+02
   5.9657100e+06   1.0937500e+02
   5.9661800e+06   9.5214844e+01
   5.9667160e+06   1.3085938e+02
   5.9669400e+06   1.2286377e+02
   5.9672640e+06   9.7167969e+01
   5.9677490e+06   1.1340332e+02
   5.9688570e+06   9.8632813e+01
   5.9714870e+06   1.0412598e+02
   5.9720730e+06   1.0131836e+02
   5.9721790e+06   1.0754395e+02
   5.9729390e+06   9.9975586e+01
   5.9745690e+06   1.0552979e+02
   5.9754320e+06   1.1096191e+02
   5.9763860e+06   1.0040283e+02
   5.9765600e+06   1.1035156e+02
   5.9769350e+06   1.0467529e+02
   5.9778190e+06   1.0076904e+02
   5.9790710e+06   9.6008301e+01
   5.9797730e+06   1.0009766e+02
   5.9828420e+06   1.1627197e+02
   5.9869460e+06   1.0852051e+02
   5.9871930e+06   9.4299316e+01
   6.0189350e+06   1.0394287e+02
   6.0194040e+06   9.9304199e+01
   6.0196060e+06   1.0620117e+02
   6.0208090e+06   1.1053467e+02
   6.0211130e+06   1.1737061e+02
   6.0216370e+06   1.0241699e+02
   6.0218730e+06   1.0766602e+02
   6.0222880e+06   1.1059570e+02
   6.0234410e+06   1.2011719e+02
   6.0246300e+06   1.0882568e+02
   6.0250440e+06   9.8754883e+01
   6.0292180e+06   9.6618652e+01
   6.0316930e+06   1.2084961e+02
   6.0325400e+06   1.0565186e+02
   6.0331910e+06   1.0211182e+02
   6.0347460e+06   1.0803223e+02
   6.0357830e+06   1.1614990e+02
   6.0363310e+06   1.2384033e+02
   6.0376080e+06   1.0034180e+02
   6.0376770e+06   9.6740723e+01
   6.0381010e+06   1.0412598e+02
   6.0757600e+06   1.1505127e+02
   6.0762400e+06   1.3171387e+02
   6.0765410e+06   1.1151123e+02
   6.0767390e+06   1.0418701e+02
   6.0769130e+06   1.0339355e+02
   6.0772180e+06   1.1267090e+02
   6.0778030e+06   1.1657715e+02
   6.0780780e+06   9.9792480e+01
   6.0784310e+06   9.9792480e+01
   6.0799200e+06   1.1230469e+02
   6.0804140e+06   1.1163330e+02
   6.0805310e+06   1.0266113e+02
   6.0828380e+06   9.8022461e+01
   6.0851850e+06   1.0968018e+02
   6.0853920e+06   1.2725830e+02
   6.0862720e+06   1.3421631e+02
   6.0868460e+06   1.0034180e+02
   6.0878500e+06   1.0095215e+02
   6.0882320e+06   9.9304199e+01
   6.0890260e+06   1.0040283e+02
   6.0903740e+06   1.0662842e+02
   6.0918890e+06   1.0644531e+02
   6.0926580e+06   1.2042236e+02
   6.1367220e+06   1.2500000e+02
   6.1369000e+06   1.0546875e+02
   6.1373730e+06   1.2683105e+02
   6.1375960e+06   1.2731934e+02
   6.1379830e+06   1.0296631e+02
   6.1382720e+06   1.1901855e+02
   6.1403870e+06   1.0162354e+02
   6.1418610e+06   9.8022461e+01
   6.1423630e+06   9.6435547e+01
   6.1432910e+06   1.1187744e+02
   6.1463070e+06   1.0900879e+02
   6.1473980e+06   1.0638428e+02
   6.1514680e+06   1.2707520e+02
   6.1517650e+06   9.6313477e+01
   6.1538900e+06   1.0119629e+02
   6.1545460e+06   9.7167969e+01
   6.1567060e+06   1.2164307e+02
   6.1584250e+06   1.0522461e+02
   6.1586200e+06   9.9670410e+01
   6.1977090e+06   1.1944580e+02
   6.1978090e+06   1.0333252e+02
   6.1980720e+06   1.1846924e+02
   6.1982270e+06   9.7656250e+01
   6.1985840e+06   9.7778320e+01
   6.1991620e+06   1.0186768e+02
   6.1994530e+06   9.7656250e+01
   6.1999560e+06   9.9853516e+01
   6.2010070e+06   1.0308838e+02
   6.2011920e+06   1.1853027e+02
   6.2016170e+06   9.8510742e+01
   6.2043720e+06   1.0754395e+02
   6.2080140e+06   1.0528564e+02
   6.2408930e+06   1.0211182e+02
   6.2410140e+06   1.0650635e+02
   6.2418070e+06   1.1047363e+02
   6.2420540e+06   1.0534668e+02
   6.2424660e+06   1.1553955e+02
   6.2427130e+06   1.0339355e+02
   6.2434250e+06   1.0253906e+02
   6.2447580e+06   1.0131836e+02
   6.2464550e+06   9.6984863e+01
   6.2514090e+06   9.7839355e+01
   6.2536700e+06   1.2829590e+02
   6.2571860e+06   9.8876953e+01
   6.2871850e+06   1.3653564e+02
   6.2873240e+06   1.0064697e+02
   6.2878680e+06   1.0827637e+02
   6.2882450e+06   1.0736084e+02
   6.2886480e+06   1.2445068e+02
   6.2893970e+06   1.0156250e+02
   6.2902000e+06   9.6069336e+01
   6.2910570e+06   1.0858154e+02
   6.2913770e+06   1.0180664e+02
   6.2927860e+06   9.7229004e+01
   6.2942910e+06   1.1523438e+02
   6.2956330e+06   1.1029053e+02
   6.2974740e+06   1.0900879e+02
   6.2986500e+06   1.0693359e+02
   6.3503620e+06   1.0815430e+02
   6.3507460e+06   9.9609375e+01
   6.3511470e+06   1.0577393e+02
   6.3513810e+06   1.0974121e+02
   6.3518220e+06   9.6191406e+01
   6.3521800e+06   1.2231445e+02
   6.3527430e+06   1.1956787e+02
   6.3540390e+06   1.0900879e+02
   6.3546570e+06   1.0815430e+02
   6.3554040e+06   1.0559082e+02
   6.3572050e+06   1.2451172e+02
   6.3586250e+06   1.0870361e+02
   6.3596400e+06   1.0247803e+02
   6.3623600e+06   1.0479736e+02
   6.4083330e+06   1.1932373e+02
   6.4102660e+06   9.6557617e+01
   6.4110230e+06   1.1346436e+02
   6.4115640e+06   9.7839355e+01
   6.4122850e+06   1.1627197e+02
   6.4125780e+06   1.1102295e+02
   6.4131230e+06   1.3458252e+02
   6.4581360e+06   1.0498047e+02
   6.4595260e+06   9.9792480e+01
   6.4609680e+06   1.2322998e+02
   6.4873670e+06   1.1132812e+02
   6.4885860e+06   1.0198975e+02
   6.4897930e+06   1.2164307e+02
   6.4901370e+06   1.0430908e+02
   6.4910540e+06   1.1138916e+02
   6.5327440e+06   1.0437012e+02
   6.5335500e+06   1.0766602e+02
   6.5345890e+06   1.0217285e+02
   6.5351870e+06   1.2011719e+02
   6.5388600e+06   1.2414551e+02
   6.5397330e+06   1.2231445e+02
   6.6241950e+06   1.1999512e+02
   6.6273030e+06   1.0137939e+02
   6.6287470e+06   1.1999512e+02
   6.6347800e+06   1.0455322e+02
   6.7143520e+06   1.2719727e+02
   6.7145110e+06   1.0833740e+02
   6.7766040e+06   1.1785889e+02
   6.8508890e+06   1.1773682e+02
   7.0402380e+06   1.4068604e+02
   7.0413040e+06   1.1981201e+02
   7.2081780e+06   1.2207031e+02
   7.2276330e+06   1.1614990e+02
   7.4037680e+06   1.1584473e+02
   7.4046140e+06   1.3098145e+02
   7.4799040e+06   1.1206055e+02
   7.5425400e+06   1.1114502e+02
   7.5426890e+06   1.1181641e+02
   7.6186240e+06   1.0510254e+02
   7.6627060e+06   9.6862793e+01
   7.8104520e+06   1.1169434e+02
   7.9007680e+06   1.0296631e+02
   7.9011390e+06   1.0266113e+02
   7.9277960e+06   1.2457275e+02
   8.0181220e+06   1.1560059e+02
   8.0182550e+06   9.6984863e+01
   8.0259800e+06   9.9853516e+01
   8.1142830e+06   1.2054443e+02
   8.1144630e+06   1.0870361e+02
   8.1506640e+06   9.7473145e+01
   8.1507710e+06   1.2133789e+02
   8.1509900e+06   1.2139893e+02
   8.2762160e+06   1.2854004e+02
   8.4618880e+06   1.6528320e+02
   8.4620780e+06   1.2097168e+02
   8.4905900e+06   1.0748291e+02
   8.4907680e+06   1.0467529e+02
   8.4909870e+06   1.1492920e+02
   8.5489570e+06   9.8022461e+01
   8.8011410e+06   1.0815430e+02
   8.9083980e+06   1.1749268e+02
   8.9884170e+06   1.0083008e+02
   9.0228850e+06   1.0211182e+02
   9.0248910e+06   1.1602783e+02
   9.0587830e+06   1.3281250e+02
   9.0589330e+06   1.1224365e+02
   9.0591330e+06   1.3061523e+02
   9.0601670e+06   1.0162354e+02
   9.1117950e+06   9.9792480e+01
   9.1391580e+06   1.1053467e+02
   9.1851930e+06   1.2817383e+02
   9.3768490e+06   1.2744141e+02
   9.3967120e+06   1.2615967e+02
   9.3967990e+06   1.1383057e+02
   9.4551360e+06   1.2530518e+02
   9.5630330e+06   1.1633301e+02
   9.6167060e+06   1.1920166e+02
   9.6174350e+06   1.2603760e+02
   9.6175350e+06   9.5947266e+01
   9.6797540e+06   1.3623047e+02
   9.6798630e+06   1.0766602e+02
   9.6802130e+06   1.0144043e+02
   9.7178370e+06   1.2091064e+02
   9.7179320e+06   1.1785889e+02
   9.7180400e+06   9.7167969e+01
   9.7444740e+06   9.7290039e+01
   9.8040310e+06   1.1901855e+02
   9.8046700e+06   1.0028076e+02
   9.8287760e+06   1.0174561e+02
   9.8314690e+06   1.2219238e+02
   9.8319280e+06   1.0693359e+02
   9.9207670e+06   1.2963867e+02
   9.9212070e+06   1.1865234e+02
   1.0038051e+07   1.1956787e+02
   1.0075714e+07   1.2554932e+02
   1.0149768e+07   1.2530518e+02
   1.0149932e+07   9.9609375e+01
   1.0150722e+07   1.0058594e+02
   1.0199891e+07   1.1975098e+02
   1.0200077e+07   1.3226318e+02
   1.0200226e+07   1.0095215e+02
   1.0200558e+07   1.0400391e+02
   1.0264475e+07   1.3311768e+02
   1.0264803e+07   1.2078857e+02
   1.0265296e+07   1.1566162e+02
   1.0272336e+07   1.2774658e+02
   1.0332649e+07   1.0076904e+02
   1.0333831e+07   1.1462402e+02
   1.0453911e+07   1.1865234e+02
   1.0454611e+07   1.1468506e+02
   1.0505691e+07   1.1090088e+02
   1.0579630e+07   1.1114502e+02
   1.0666255e+07   1.0375977e+02
   1.0719001e+07   9.6313477e+01
   1.0758261e+07   1.0467529e+02
   1.0759183e+07   1.0198975e+02
   1.0894328e+07   1.0162354e+02
   1.0991485e+07   1.0601807e+02
   1.0991588e+07   9.8327637e+01
   1.1114910e+07   1.0589600e+02
   1.1114999e+07   1.0968018e+02
   1.1158260e+07   1.1999512e+02
   1.1213341e+07   1.0449219e+02
   1.1302604e+07   1.1608887e+02
   1.1398753e+07   1.1199951e+02
   1.1509090e+07   9.6496582e+01
   1.1539546e+07   1.1688232e+02
   1.1834427e+07   1.4978027e+02
